105
2364
107
6190
506
2269
1292
14187
532
6484
2383
236764
6340
4144
506
1292
4970
532
1786
784
506
7713
236761
5213
10009
5244
98977
4455
232116
99382
108
3048
1374
20151
506
3393
611
12269
528
496
137349
3393
3355
568
1930
31608
236768
568
20890
795
85025
506
3303
5151
236768
108
2717
107
2063
1527
236779
15466
236779
29139
236769
236749
236787
801
236764
620
236787
801
236764
503
236787
1540
236768
3921
801
236787
107
140
12234
17770
496
2483
503
529
3861
538
17520
529
7579
756
236776
963
756
236799
963
532
756
61575
107
140
624
496
4414
11995
620
236764
1527
506
1548
529
4861
531
9883
1546
756
28583
607
107
140
58930
756
236776
236789
653
756
236799
236789
1288
600
506
9113
2483
815
951
180522
660
525
85440
107
140
1340
3861
620
236761
107
140
107
140
236776
2483
563
4542
623
15466
236775
768
951
90500
85440
529
3861
620
563
496
142193
236761
107
140
13293
506
1527
53307
236743
236819
236819
236828
236778
236812
236812
236800
236810
236800
236761
107
140
107
140
13432
236787
107
144
236749
236787
669
3861
529
506
2483
568
236778
6605
620
6605
538
6605
236743
236770
236771
236771
236771
236768
107
144
236767
236787
669
3861
529
220933
531
2426
573
180522
84704
568
236767
6605
236743
236770
236771
236768
107
144
236751
236787
562
2483
529
3861
538
17520
529
756
236776
963
756
236799
963
532
756
28583
107
140
107
140
42652
236787
107
144
818
1548
529
1535
16587
53307
236743
236819
236819
236828
236778
236812
236812
236800
236810
236800
107
140
107
140
22539
1527
236779
15466
236779
29139
236769
236832
236764
236743
236812
236764
756
3066
236881
236776
236881
6552
1606
107
140
236770
107
140
22539
1527
236779
15466
236779
29139
236769
236812
236771
236764
236743
236832
236764
756
123918
123918
123918
123918
123918
1606
107
140
236770
236770
236825
236778
236819
236810
236812
236800
236825
107
140
22539
1527
236779
15466
236779
29139
236769
236770
236810
236764
236743
236810
236764
756
3066
50820
123918
10371
1606
107
140
236771
107
140
12234
108
2063
2426
236769
65127
1473
107
140
236865
5803
3636
699
506
2608
107
140
10640
11054
236769
236832
236764
236743
236812
236764
756
3066
236881
236776
236881
6552
1606
1251
236743
236770
107
140
10640
11054
236769
236812
236771
236764
236743
236832
236764
756
123918
123918
123918
123918
123918
1606
1251
236743
236770
236770
236825
236778
236819
236810
236812
236800
236825
107
140
10640
11054
236769
236770
236810
236764
236743
236810
236764
756
3066
50820
123918
10371
1606
1251
236743
236771
107
140
10640
11054
236769
236812
236771
236764
236743
236828
236764
124057
236776
236881
236799
10371
236799
236881
236799
236881
8686
236881
236776
236881
236799
10371
236799
236881
236776
31237
236799
236881
20804
236881
236799
31237
6552
10371
6552
236776
1606
1251
236743
236778
236810
236819
236778
236812
236771
107
140
107
140
236865
25275
1594
3636
107
140
10640
11054
236769
236770
236771
236771
236771
236764
236743
236770
236771
236764
756
28583
808
236743
236770
236771
236771
236771
236768
1251
236743
236800
236800
236819
236819
236819
236828
236825
236770
236828
107
140
10640
11054
236769
236770
236771
236771
236771
236764
236743
236819
236764
756
236799
236789
808
236743
236770
236771
900
756
236776
236789
808
236743
236812
900
756
236799
236789
808
236743
236800
900
756
236776
236789
808
236743
236828
900
756
236799
236789
900
756
236776
236789
808
236743
236810
900
756
236799
236789
808
236743
236800
900
756
236776
236789
900
756
236799
236789
808
236743
236812
900
756
236776
236789
900
756
236799
236789
808
236743
236800
900
756
236776
236789
900
756
236799
236789
808
236743
236778
900
756
236776
236789
900
756
236799
236789
808
236743
236770
236800
900
756
236776
236789
900
756
236799
236789
808
236743
236770
236812
900
756
236776
236789
808
236743
236778
900
756
236799
236789
808
236743
236778
900
756
236776
236789
900
756
236799
236789
808
236743
236778
900
756
236776
236789
808
236743
236778
900
756
236799
236789
808
236743
236770
236800
900
756
236776
236789
808
236743
236778
900
756
236799
236789
808
236743
236778
900
756
236776
236789
808
236743
236778
900
756
236799
236789
808
236743
236770
236810
900
756
236776
236789
808
236743
236778
900
756
236799
236789
808
236743
236778
900
756
236776
236789
900
756
236799
236789
808
236743
236800
900
756
236776
236789
900
756
236799
236789
808
236743
236770
236832
900
756
236776
236789
900
756
236799
236789
808
236743
236819
900
756
236776
236789
900
756
236799
236789
808
236743
236812
900
756
236776
236789
900
756
236799
236789
808
236743
236770
236770
900
756
236776
236789
900
756
236799
236789
808
236743
236800
900
756
236776
236789
900
756
236799
236789
808
236743
236770
236812
900
756
236776
236789
900
756
236799
236789
808
236743
236812
900
756
236776
236789
900
756
236799
236789
808
236743
236819
900
756
236776
236789
900
756
236799
236789
808
236743
236770
236828
900
756
236776
236789
900
756
236799
236789
808
236743
236778
236825
900
756
236776
236789
808
236743
236778
900
756
236799
236789
808
236743
236770
236770
900
756
236776
236789
900
756
236799
236789
808
236743
236825
900
756
236776
236789
900
756
236799
236789
808
236743
236812
900
756
236776
236789
900
756
236799
236789
808
236743
236778
236825
900
756
236776
236789
808
236743
236778
900
756
236799
236789
808
236743
236825
236810
900
756
236776
236789
900
756
236799
236789
808
236743
236778
900
756
236776
236789
900
756
236799
236789
808
236743
236812
900
756
236776
236789
900
756
236799
236789
900
756
236776
236789
900
756
236799
236789
808
236743
236778
900
756
236776
236789
900
756
236799
236789
808
236743
236778
900
756
236776
236789
900
756
236799
236789
808
236743
236778
236828
900
756
236776
236789
900
756
236799
236789
808
236743
236770
236800
900
756
236776
236789
900
756
236799
236789
808
236743
236770
236819
900
756
236776
236789
900
756
236799
236789
808
236743
236770
236810
900
756
236776
236789
900
756
236799
236789
808
236743
236825
900
756
236776
236789
900
756
236799
236789
900
756
236776
236789
900
756
236799
236789
808
236743
236800
900
756
236776
236789
900
756
236799
236789
808
236743
236770
236828
900
756
236776
236789
808
236743
236778
900
756
236799
236789
900
756
236776
236789
900
756
236799
236789
808
236743
236778
900
756
236776
236789
900
756
236799
236789
808
236743
236770
236828
900
756
236776
236789
900
756
236799
236789
808
236743
236770
236812
900
756
236776
236789
808
236743
236778
900
756
236799
236789
808
236743
236800
900
756
236776
236789
900
756
236799
236789
808
236743
236778
900
756
236776
236789
808
236743
236778
900
756
236799
236789
808
236743
236770
236771
900
756
236776
236789
900
756
236799
236789
808
236743
236800
900
756
236776
236789
808
236743
236810
900
756
236799
236789
900
756
236776
236789
900
756
236799
236789
808
236743
236800
900
756
236776
236789
900
756
236799
236789
808
236743
236819
900
756
236776
236789
900
756
236799
236789
808
236743
236800
236771
900
756
236776
236789
900
756
236799
236789
808
236743
236800
236810
900
756
236776
236789
900
756
236799
236789
808
236743
236770
236778
900
756
236776
236789
900
756
236799
236789
808
236743
236778
900
756
236776
236789
808
236743
236778
900
756
236799
236789
900
756
236776
236789
808
236743
236778
900
756
236799
236789
808
236743
236770
236819
900
756
236776
236789
900
756
236799
236789
808
236743
236810
900
756
236776
236789
808
236743
236778
900
756
236799
236789
900
756
236776
236789
900
756
236799
236789
808
236743
236778
236812
900
756
236776
236789
808
236743
236778
900
756
236799
236789
900
756
236776
236789
900
756
236799
236789
808
236743
236778
900
756
236776
236789
900
756
236799
236789
808
236743
236778
236828
900
756
236776
236789
900
756
236799
236789
808
236743
236778
236771
900
756
236776
236789
900
756
236799
236789
808
236743
236778
236800
900
756
236776
236789
900
756
236799
236789
808
236743
236800
236770
900
756
236776
236789
900
756
236799
236789
808
236743
236819
900
756
236776
236789
900
756
236799
236789
808
236743
236770
236825
900
756
236776
236789
900
756
236799
236789
808
236743
236778
236800
900
756
236776
236789
900
756
236799
236789
808
236743
236778
236812
900
756
236776
236789
900
756
236799
236789
808
236743
236778
236770
900
756
236776
236789
900
756
236799
236789
808
236743
236770
236825
900
756
236776
236789
900
756
236799
236789
808
236743
236832
900
756
236776
236789
900
756
236799
236789
900
756
236776
236789
900
756
236799
236789
808
236743
236778
900
756
236776
236789
900
756
236799
236789
808
236743
236810
900
756
236776
236789
900
756
236799
236789
808
236743
236828
236768
1251
236743
236771
107
140
10640
11054
236769
236770
236771
236771
236771
236764
236743
236778
236764
756
28583
808
236743
236825
900
756
236776
236789
900
756
28583
808
236743
236832
900
756
236776
236789
808
236743
236812
900
756
28583
808
236743
236812
900
756
236776
236789
900
756
28583
808
236743
236778
900
756
236776
236789
900
756
28583
900
756
236776
236789
900
756
28583
808
236743
236810
900
756
236776
236789
900
756
28583
808
236743
236832
900
756
236776
236789
808
236743
236778
900
756
28583
808
236743
236828
900
756
236776
236789
900
756
28583
900
756
236776
236789
808
236743
236778
900
756
28583
808
236743
236778
900
756
236776
236789
900
756
28583
808
236743
236770
236771
900
756
236776
236789
900
756
28583
808
236743
236778
900
756
236776
236789
900
756
28583
808
236743
236778
900
756
236776
236789
900
756
28583
808
236743
236800
900
756
236776
236789
900
756
28583
808
236743
236778
900
756
236776
236789
900
756
28583
900
756
236776
236789
900
756
28583
808
236743
236812
900
756
236776
236789
900
756
28583
808
236743
236828
900
756
236776
236789
900
756
28583
900
756
236776
236789
900
756
28583
900
756
236776
236789
900
756
28583
808
236743
236810
900
756
236776
236789
900
756
28583
808
236743
236800
900
756
236776
236789
900
756
28583
808
236743
236770
236770
900
756
236776
236789
900
756
28583
808
236743
236810
900
756
236776
236789
900
756
28583
808
236743
236828
900
756
236776
236789
900
756
28583
808
236743
236810
900
756
236776
236789
900
756
28583
900
756
236776
236789
900
756
28583
808
236743
236810
900
756
236776
236789
900
756
28583
808
236743
236770
236771
900
756
236776
236789
808
236743
236778
900
756
28583
900
756
236776
236789
900
756
28583
808
236743
236828
900
756
236776
236789
900
756
28583
808
236743
236778
900
756
236776
236789
900
756
28583
808
236743
236800
900
756
236776
236789
900
756
28583
808
236743
236778
900
756
236776
236789
900
756
28583
900
756
236776
236789
808
236743
236778
900
756
28583
808
236743
236800
900
756
236776
236789
900
756
28583
808
236743
236778
900
756
236776
236789
900
756
28583
808
236743
236800
900
756
236776
236789
900
756
28583
808
236743
236778
900
756
236776
236789
900
756
28583
808
236743
236812
900
756
236776
236789
900
756
28583
808
236743
236832
900
756
236776
236789
900
756
28583
808
236743
236800
900
756
236776
236789
900
756
28583
808
236743
236819
900
756
236776
236789
900
756
28583
808
236743
236825
900
756
236776
236789
900
756
28583
900
756
236776
236789
808
236743
236800
900
756
28583
808
236743
236778
900
756
236776
236789
900
756
28583
808
236743
236800
900
756
236776
236789
900
756
28583
808
236743
236812
900
756
236776
236789
900
756
28583
808
236743
236770
236778
900
756
236776
236789
900
756
28583
900
756
236776
236789
900
756
28583
808
236743
236828
900
756
236776
236789
900
756
28583
808
236743
236832
900
756
236776
236789
808
236743
236778
900
756
28583
808
236743
236810
900
756
236776
236789
900
756
28583
900
756
236776
236789
900
756
28583
808
236743
236778
900
756
236776
236789
900
756
28583
808
236743
236825
900
756
236776
236789
900
756
28583
808
236743
236770
236810
900
756
236776
236789
900
756
28583
808
236743
236778
900
756
236776
236789
900
756
28583
808
236743
236812
900
756
236776
236789
900
756
28583
808
236743
236812
900
756
236776
236789
808
236743
236778
900
756
28583
900
756
236776
236789
900
756
28583
808
236743
236800
900
756
236776
236789
900
756
28583
900
756
236776
236789
900
756
28583
808
236743
236819
900
756
236776
236789
900
756
28583
900
756
236776
236789
900
756
28583
808
236743
236810
900
756
236776
236789
900
756
28583
808
236743
236770
236819
900
756
236776
236789
900
756
28583
808
236743
236810
900
756
236776
236789
900
756
28583
808
236743
236778
900
756
236776
236789
900
756
28583
900
756
236776
236789
808
236743
236778
900
756
28583
808
236743
236825
900
756
236776
236789
900
756
28583
808
236743
236778
900
756
236776
236789
900
756
28583
808
236743
236825
900
756
236776
236789
900
756
28583
808
236743
236810
900
756
236776
236789
900
756
28583
808
236743
236778
900
756
236776
236789
808
236743
236778
900
756
28583
808
236743
236828
900
756
236776
236789
900
756
28583
900
756
236776
236789
900
756
28583
900
756
236776
236789
900
756
28583
808
236743
236770
236778
900
756
236776
236789
808
236743
236778
900
756
28583
900
756
236776
236789
900
756
28583
808
236743
236810
900
756
236776
236789
900
756
28583
808
236743
236810
900
756
236776
236789
900
756
28583
900
756
236776
236789
808
236743
236778
900
756
28583
808
236743
236812
900
756
236776
236789
900
756
28583
808
236743
236819
900
756
236776
236789
900
756
28583
900
756
236776
236789
900
756
28583
808
236743
236770
236778
900
756
236776
236789
808
236743
236778
900
756
28583
900
756
236776
236789
900
756
28583
808
236743
236770
236778
900
756
236776
236789
808
236743
236778
900
756
28583
808
236743
236810
900
756
236776
236789
900
756
28583
808
236743
236778
900
756
236776
236789
808
236743
236778
900
756
28583
900
756
236776
236789
900
756
28583
900
756
236776
236789
900
756
28583
808
236743
236825
900
756
236776
236789
808
236743
236800
900
756
28583
900
756
236776
236789
900
756
28583
808
236743
236800
900
756
236776
236789
900
756
28583
900
756
236776
236789
900
756
28583
808
236743
236819
900
756
236776
236789
900
756
28583
808
236743
236800
900
756
236776
236789
900
756
28583
900
756
236776
236789
900
756
28583
808
236743
236800
900
756
236776
236789
808
236743
236778
900
756
28583
900
756
236776
236789
808
236743
236778
900
756
28583
900
756
236776
236789
900
756
28583
900
756
236776
236789
900
756
28583
900
756
236776
236789
900
756
28583
808
236743
236810
900
756
236776
236789
900
756
28583
900
756
236776
236789
900
756
28583
808
236743
236800
900
756
236776
236789
900
756
28583
808
236743
236800
900
756
236776
236789
900
756
28583
808
236743
236778
900
756
236776
236789
900
756
28583
900
756
236776
236789
900
756
28583
808
236743
236770
236770
900
756
236776
236789
808
236743
236778
900
756
28583
808
236743
236828
900
756
236776
236789
900
756
28583
808
236743
236778
900
756
236776
236789
900
756
28583
808
236743
236832
900
756
236776
236789
900
756
28583
808
236743
236800
900
756
236776
236789
900
756
28583
808
236743
236812
900
756
236776
236789
900
756
28583
900
756
236776
236789
900
756
28583
808
236743
236832
900
756
236776
236789
808
236743
236800
900
756
28583
808
236743
236812
900
756
236776
236789
900
756
28583
900
756
236776
236789
900
756
28583
808
236743
236778
900
756
236776
236789
900
756
28583
808
236743
236832
900
756
236776
236789
900
756
28583
900
756
236776
236789
900
756
28583
808
236743
236828
900
756
236776
236789
900
756
28583
808
236743
236778
900
756
236776
236789
808
236743
236778
900
756
28583
808
236743
236778
900
756
236776
236789
900
756
28583
808
236743
236800
900
756
236776
236789
900
756
28583
808
236743
236800
900
756
236776
236789
900
756
28583
808
236743
236770
236770
900
756
236776
236789
900
756
28583
808
236743
236778
900
756
236776
236789
808
236743
236778
900
756
28583
900
756
236776
236789
900
756
28583
808
236743
236800
900
756
236776
236789
900
756
28583
808
236743
236819
900
756
236776
236789
900
756
28583
808
236743
236832
900
756
236776
236789
808
236743
236812
900
756
28583
808
236743
236810
900
756
236776
236789
900
756
28583
808
236743
236812
900
756
236776
236789
900
756
28583
808
236743
236825
900
756
236776
236789
900
756
28583
808
236743
236778
900
756
236776
236789
900
756
28583
808
236743
236810
900
756
236776
236789
808
236743
236800
900
756
28583
808
236743
236819
900
756
236776
236789
900
756
28583
808
236743
236800
900
756
236776
236789
900
124057
1606
1251
236743
236771
107
140
10640
11054
236769
236770
236771
236771
236771
236764
236743
236828
236764
756
236776
236789
808
236743
236770
236771
236771
236771
236768
1251
236743
236771
107
140
10640
11054
236769
236812
236771
236764
236743
236832
236764
756
123918
123918
123918
123918
123918
1606
1251
236743
236771
107
140
10640
11054
236769
236770
236771
236771
236771
236764
236743
236770
236771
236764
756
28583
808
236743
236770
236771
236771
236771
236768
1251
236743
236800
236800
236819
236819
236819
236828
236825
236770
236828
107
140
10640
11054
236769
236770
236771
236771
236771
236764
236743
236770
236771
236764
756
28583
808
236743
236770
236771
236771
236771
236768
1251
236743
236800
236800
236819
236819
236819
236828
236825
236770
236828
107
140
10640
11054
236769
236770
236771
236771
236771
236764
236743
236828
236764
756
236799
236789
808
236743
236770
236771
236771
236771
236768
1251
236743
236771
107
140
10640
11054
236769
236810
236764
236743
236810
236764
756
8686
236881
6552
1606
1251
236743
236778
107
140
10640
11054
236769
236770
236771
236771
236771
236764
236743
236800
236764
756
20804
236881
236799
10371
236799
236881
126310
236881
20804
10371
236799
10371
20804
31237
20804
38950
31237
236799
10371
236799
236881
236799
10371
236799
10371
126310
236881
236799
236881
20804
38950
236799
10371
236799
236881
236799
236881
236799
236881
20804
236881
236799
178478
20804
20804
236881
236799
31237
20804
178478
126310
38950
236799
38950
236799
236881
126310
236881
236799
31237
236799
38950
236799
236881
236799
31237
236799
236881
236799
31237
236799
236881
20804
236881
20804
236881
20804
38950
126310
236881
236799
10371
236799
31237
20804
38950
20804
10371
126310
38950
10371
20804
20804
236881
20804
236881
236799
38950
20804
236881
236799
236881
126310
236881
126310
10371
20804
236881
20804
126310
236881
20804
236881
20804
236881
20804
38950
10371
236799
236881
236799
10371
20804
236881
126310
236881
236799
10371
236799
236881
236799
31237
236799
38950
236799
31237
236799
236881
236799
236881
20804
126310
10371
20804
126310
31237
126310
10371
236799
38950
10371
236799
10371
236799
236881
20804
236881
236799
236881
236799
38950
236799
236881
20804
236881
20804
236881
236799
178478
126310
10371
126310
236881
20804
20804
10371
236799
38950
126310
236881
126310
38950
236799
236881
236799
38950
20804
10371
126310
38950
20804
20804
20804
10371
236799
38950
126310
10371
126310
31237
20804
126310
236881
126310
10371
20804
20804
20804
10371
236799
236881
20804
10371
236799
10371
236799
236881
236799
236881
20804
236881
236799
10371
236799
31237
236799
236881
126310
10371
20804
236881
20804
38950
126310
31237
20804
236881
236799
236881
236799
31237
236799
10371
236799
31237
236799
236881
126310
236881
126310
236881
236799
236881
20804
20804
236881
20804
10371
126310
31237
20804
10371
126310
31237
236799
38950
10371
236799
31237
126310
178478
20804
20804
236881
20804
31237
20804
178478
20804
20804
10371
126310
10371
236799
10371
236799
10371
236799
236881
20804
31237
236799
10371
236799
31237
236799
31237
236799
10371
236799
10371
20804
10371
236799
236881
20804
236881
20804
236881
126310
236881
126310
10371
236799
31237
236799
10371
126310
236881
20804
236881
236799
10371
236799
236881
236799
236881
20804
126310
31237
20804
20804
10371
20804
236881
20804
10371
20804
31237
236799
236881
236799
31237
236799
10371
20804
236881
126310
31237
20804
10371
236799
31237
236799
10371
236799
10371
236799
236881
126310
236881
236799
10371
236799
10371
20804
10371
126310
31237
236799
236881
236799
236881
20804
10371
20804
10371
126310
236881
20804
236881
126310
236881
20804
236881
236799
10371
20804
236881
20804
236881
20804
236881
20804
236881
20804
31237
20804
126310
236881
20804
20804
236881
236799
31237
20804
20804
20804
20804
10371
236799
236881
236799
31237
20804
38950
20804
236881
20804
20804
10371
236799
38950
20804
20804
20804
10371
20804
10371
236799
236881
236799
10371
20804
38950
236799
31237
126310
10371
20804
20804
126310
236881
20804
20804
236881
20804
20804
10371
20804
10371
236799
236881
236799
10371
126310
10371
236799
236881
236799
236881
20804
31237
126310
236881
236799
236881
126310
10371
20804
236881
20804
178478
20804
236881
20804
31237
20804
20804
10371
20804
31237
236799
10371
236799
236881
20804
236881
20804
236881
236799
236881
20804
20804
236881
236799
236881
236799
236881
236799
236881
236799
10371
20804
236881
236799
10371
20804
20804
236881
236799
31237
236799
236881
236799
10371
236799
236881
20804
236881
20804
38950
236799
236881
20804
236881
236799
236881
236799
236881
20804
10371
20804
10371
236799
236881
20804
20804
126310
236881
20804
1606
1251
236743
236771
108
236865
6890
2426
236769
2861
236779
15466
236779
29139
236768
531
1845
7713
236761
107
2717
106
107
105
4368
107
2717
6719
107
2063
1527
236779
15466
236779
29139
236769
236749
236787
801
236764
620
236787
801
236764
503
236787
1540
236768
3921
801
236787
107
140
12234
17770
496
2483
503
529
3861
538
17520
529
7579
756
236776
963
756
236799
963
532
756
61575
107
140
624
496
4414
11995
620
236764
1527
506
1548
529
4861
531
9883
1546
756
28583
607
107
140
58930
756
236776
236789
653
756
236799
236789
1288
600
506
9113
2483
815
951
180522
660
525
85440
107
140
1340
3861
620
236761
107
140
107
140
236776
2483
563
4542
623
15466
236775
768
951
90500
85440
529
3861
620
563
496
142193
236761
107
140
13293
506
1527
53307
236743
236819
236819
236828
236778
236812
236812
236800
236810
236800
236761
107
140
107
140
13432
236787
107
144
236749
236787
669
3861
529
506
2483
568
236778
6605
620
6605
538
6605
236743
236770
236771
236771
236771
236768
107
144
236767
236787
669
3861
529
220933
531
2426
573
180522
84704
568
236767
6605
236743
236770
236771
236768
107
144
236751
236787
562
2483
529
3861
538
17520
529
756
236776
963
756
236799
963
532
756
28583
107
140
107
140
42652
236787
107
144
818
1548
529
1535
16587
53307
236743
236819
236819
236828
236778
236812
236812
236800
236810
236800
107
140
107
140
22539
1527
236779
15466
236779
29139
236769
236832
236764
236743
236812
236764
756
3066
236881
236776
236881
6552
1606
107
140
236770
107
140
22539
1527
236779
15466
236779
29139
236769
236812
236771
236764
236743
236832
236764
756
123918
123918
123918
123918
123918
1606
107
140
236770
236770
236825
236778
236819
236810
236812
236800
236825
107
140
22539
1527
236779
15466
236779
29139
236769
236770
236810
236764
236743
236810
236764
756
3066
50820
123918
10371
1606
107
140
236771
107
140
12234
107
140
107
140
9601
578
236743
236819
236819
236828
236778
236812
236812
236800
236810
236800
107
140
107
140
2063
563
236779
227147
236769
2204
1473
107
144
2060
1159
1251
1159
186487
236770
236842
107
140
107
140
2063
8974
236769
2662
236764
1873
236779
2383
1473
107
144
584
3546
1251
538
236787
107
148
1708
858
528
2644
236769
236749
753
620
900
236743
236770
1473
107
152
584
563
236779
227147
236769
4002
236779
2383
236840
236747
236787
236747
236862
236767
30957
107
156
2060
236743
236771
107
148
2060
236743
236770
107
144
107
144
584
503
236840
2662
236842
1251
124057
2632
107
148
2861
578
236743
236771
107
148
2861
578
568
2861
900
8974
236769
2662
900
236743
236770
236764
1873
236779
2383
900
756
236776
8936
2144
18411
107
148
2861
578
568
2861
900
8974
236769
2662
900
236743
236770
236764
1873
236779
2383
900
756
236799
8936
2144
18411
107
148
2060
1527
107
144
4454
236787
107
148
2060
8974
236769
2662
900
236743
236770
236764
1873
236779
2383
900
503
236840
2662
2812
107
140
107
140
2060
8974
236769
236771
236764
25682
107
2717
106
107
105
2364
107
11069
3527
5686
8428
506
7713
236761
5715
236789
236751
506
3165
236787
107
236820
1999
756
118821
236779
1389
236761
2349
4917
115217
236761
18582
236761
140774
13688
3494
9946
17714
51422
855
1308
236743
236800
236771
9093
110
2021
136030
236764
672
563
822
4209
236787
8847
506
2269
1292
14187
532
6484
2383
236764
6340
4144
506
1292
4970
532
1786
784
506
7713
236761
5213
10009
5244
98977
4455
232116
99382
108
3048
1374
20151
506
3393
611
12269
528
496
137349
3393
3355
568
1930
31608
236768
568
20890
795
85025
506
3303
5151
236768
106
107
105
4368
107
2717
6719
107
2063
1527
236779
15466
236779
29139
236769
236749
236787
801
236764
620
236787
801
236764
503
236787
1540
236768
3921
801
236787
107
140
12234
17770
496
2483
503
529
3861
538
17520
529
7579
756
236776
963
756
236799
963
532
756
61575
107
140
624
496
4414
11995
620
236764
1527
506
1548
529
4861
531
9883
1546
756
28583
607
107
140
58930
756
236776
236789
653
756
236799
236789
1288
600
506
9113
2483
815
951
180522
660
525
85440
107
140
1340
3861
620
236761
107
140
107
140
236776
2483
563
4542
623
15466
236775
768
951
90500
85440
529
3861
620
563
496
142193
236761
107
140
13293
506
1527
53307
236743
236819
236819
236828
236778
236812
236812
236800
236810
236800
236761
107
140
107
140
13432
236787
107
144
236749
236787
669
3861
529
506
2483
568
236778
6605
620
6605
538
6605
236743
236770
236771
236771
236771
236768
107
144
236767
236787
669
3861
529
220933
531
2426
573
180522
84704
568
236767
6605
236743
236770
236771
236768
107
144
236751
236787
562
2483
529
3861
538
17520
529
756
236776
963
756
236799
963
532
756
28583
107
140
107
140
42652
236787
107
144
818
1548
529
1535
16587
53307
236743
236819
236819
236828
236778
236812
236812
236800
236810
236800
107
140
107
140
22539
1527
236779
15466
236779
29139
236769
236832
236764
236743
236812
236764
756
3066
236881
236776
236881
6552
1606
107
140
236770
107
140
22539
1527
236779
15466
236779
29139
236769
236812
236771
236764
236743
236832
236764
756
123918
123918
123918
123918
123918
1606
107
140
236770
236770
236825
236778
236819
236810
236812
236800
236825
107
140
22539
1527
236779
15466
236779
29139
236769
236770
236810
236764
236743
236810
236764
756
3066
50820
123918
10371
1606
107
140
236771
107
140
12234
108
140
9601
578
236743
236819
236819
236828
236778
236812
236812
236800
236810
236800
107
140
107
140
236809
578
21652
236771
236764
623
15538
107
140
2861
578
236743
236771
107
140
107
140
6858
3752
236787
107
144
2662
236764
1873
236779
2383
578
3752
236761
7568
236769
236771
236768
107
144
107
144
584
3546
1251
538
236787
107
148
15466
578
6288
107
148
1708
858
528
2644
236769
236749
753
620
900
236743
236770
1473
107
152
584
1873
236779
2383
236840
236747
236787
236747
236862
236767
236842
1251
1873
236779
2383
236840
236747
236787
236747
236862
236767
2585
59396
236770
9414
107
156
15466
578
8450
107
156
7284
107
148
584
1535
236787
107
152
2861
578
568
2861
900
236743
236770
236768
2144
18411
107
148
23162
107
144
107
144
584
503
236840
2662
236842
1251
124057
2632
107
148
236809
236761
3770
3283
2662
900
236743
236770
236764
1873
236779
2383
900
756
236776
8936
107
148
236809
236761
3770
3283
2662
900
236743
236770
236764
1873
236779
2383
900
756
236799
8936
107
144
4454
236787
107
148
236809
236761
3770
3283
2662
900
236743
236770
236764
1873
236779
2383
900
503
236840
2662
14430
107
148
107
140
2060
1527
107
2717
106
107
105
2364
107
11069
3527
5686
8428
506
7713
236761
5715
236789
236751
506
3165
236787
107
236820
1999
756
118821
236779
1389
236761
2349
4917
115217
236761
18582
236761
140774
13688
3494
9946
17714
51422
855
1308
236743
236800
236771
9093
110
2021
136030
236764
672
563
822
4209
236787
8847
506
2269
1292
14187
532
6484
2383
236764
6340
4144
506
1292
4970
532
1786
784
506
7713
236761
5213
10009
5244
98977
4455
232116
99382
108
3048
1374
20151
506
3393
611
12269
528
496
137349
3393
3355
568
1930
31608
236768
568
20890
795
85025
506
3303
5151
236768
106
107
105
4368
107
2717
6719
107
2063
1527
236779
15466
236779
29139
236769
236749
236787
801
236764
620
236787
801
236764
503
236787
1540
236768
3921
801
236787
107
140
12234
17770
496
2483
503
529
3861
538
17520
529
7579
756
236776
963
756
236799
963
532
756
61575
107
140
624
496
4414
11995
620
236764
1527
506
1548
529
4861
531
9883
1546
756
28583
607
107
140
58930
756
236776
236789
653
756
236799
236789
1288
600
506
9113
2483
815
951
180522
660
525
85440
107
140
1340
3861
620
236761
107
140
107
140
236776
2483
563
4542
623
15466
236775
768
951
90500
85440
529
3861
620
563
496
142193
236761
107
140
13293
506
1527
53307
236743
236819
236819
236828
236778
236812
236812
236800
236810
236800
236761
107
140
107
140
13432
236787
107
144
236749
236787
669
3861
529
506
2483
568
236778
6605
620
6605
538
6605
236743
236770
236771
236771
236771
236768
107
144
236767
236787
669
3861
529
220933
531
2426
573
180522
84704
568
236767
6605
236743
236770
236771
236768
107
144
236751
236787
562
2483
529
3861
538
17520
529
756
236776
963
756
236799
963
532
756
28583
107
140
107
140
42652
236787
107
144
818
1548
529
1535
16587
53307
236743
236819
236819
236828
236778
236812
236812
236800
236810
236800
107
140
107
140
22539
1527
236779
15466
236779
29139
236769
236832
236764
236743
236812
236764
756
3066
236881
236776
236881
6552
1606
107
140
236770
107
140
22539
1527
236779
15466
236779
29139
236769
236812
236771
236764
236743
236832
236764
756
123918
123918
123918
123918
123918
1606
107
140
236770
236770
236825
236778
236819
236810
236812
236800
236825
107
140
22539
1527
236779
15466
236779
29139
236769
236770
236810
236764
236743
236810
236764
756
3066
50820
123918
10371
1606
107
140
236771
107
140
12234
107
140
107
140
9601
578
236743
236819
236819
236828
236778
236812
236812
236800
236810
236800
107
140
107
140
2063
563
236779
227147
236769
2204
1473
107
144
2060
1159
1251
1159
186487
236770
236842
107
140
107
140
19615
578
8637
107
140
107
140
2063
8974
236769
2662
236764
1873
236779
2383
1473
107
144
584
568
2662
236764
1873
236779
2383
236768
528
21941
236787
107
148
2060
21941
17576
2662
236764
1873
236779
2383
7066
107
144
107
144
584
3546
1251
538
236787
107
148
1708
858
528
2644
236769
236749
753
620
900
236743
236770
1473
107
152
584
563
236779
227147
236769
4002
236779
2383
236840
236747
236787
236747
236862
236767
30957
107
156
19615
17576
2662
236764
1873
236779
2383
7066
578
236743
236771
107
156
2060
236743
236771
107
148
19615
17576
2662
236764
1873
236779
2383
7066
578
236743
236770
107
148
2060
236743
236770
107
144
107
144
584
503
236840
2662
236842
1251
124057
2632
107
148
2861
578
236743
236771
107
148
2861
578
568
2861
900
8974
236769
2662
900
236743
236770
236764
1873
236779
2383
900
756
236776
8936
2144
18411
107
148
2861
578
568
2861
900
8974
236769
2662
900
236743
236770
236764
1873
236779
2383
900
756
236799
8936
2144
18411
107
148
19615
17576
2662
236764
1873
236779
2383
7066
578
1527
107
148
2060
1527
107
144
4454
236787
107
148
19615
17576
2662
236764
1873
236779
2383
7066
578
8974
236769
2662
900
236743
236770
236764
1873
236779
2383
900
503
236840
2662
2812
107
148
2060
8974
236769
2662
900
236743
236770
236764
1873
236779
2383
900
503
236840
2662
2812
107
140
107
140
2060
8974
236769
236771
236764
25682
107
2717
106
107