105
2364
107
6190
506
2269
1292
14187
532
6484
2383
236764
6340
4144
506
1292
4970
532
1786
784
506
7713
236761
5213
10009
5244
98977
4455
232116
99382
108
3048
1374
20151
506
3393
611
12269
528
496
137349
3393
3355
568
1930
31608
236768
568
20890
795
85025
506
3303
5151
236768
108
2717
107
2543
28751
1419
4361
236764
76272
108
2063
24700
236779
2337
236779
38357
236769
236749
236787
801
236764
14453
236787
4361
236840
36805
236840
720
236764
801
236764
801
36878
496
236787
4361
236840
720
1604
518
236787
4361
236840
720
2812
3921
801
236787
107
140
12234
17770
496
3606
6638
181848
3753
607
538
20078
532
14453
568
3350
1546
7377
563
236743
107
140
65682
618
568
236756
236764
566
236764
515
236768
6590
20078
559
532
566
659
6638
607
3825
515
779
532
1156
236743
107
140
55563
496
532
518
529
506
1638
3861
236764
1586
506
7081
2653
2324
529
2479
18710
236761
107
140
107
140
2542
1027
2479
528
506
3753
236764
1061
3825
563
5221
618
506
5783
3825
529
1027
7377
528
600
2479
236761
107
140
236760
236769
236781
236764
570
236768
563
5221
618
506
7081
2653
2479
3825
699
16116
1123
531
16116
570
236761
107
140
107
140
818
4209
563
531
8276
1328
7501
518
1288
600
506
2324
529
517
236769
236746
236840
236747
1604
518
236840
236747
2812
573
784
858
563
72129
236761
107
140
107
140
13432
236787
107
144
236749
236787
9661
529
20078
568
60530
659
49597
236743
236770
531
538
236768
107
144
30248
236787
4361
529
14453
236764
1546
7377
563
568
236756
236764
566
236764
515
236768
1298
559
655
566
107
144
236746
236787
5315
7501
529
16116
4945
107
144
236763
236787
9674
7501
529
16116
4945
568
1071
577
8276
7059
236768
107
140
107
140
42652
236787
107
144
818
7081
2653
2324
529
517
236769
236746
236840
236747
1604
518
236840
236747
2812
1308
104049
8276
13555
518
107
140
107
140
22539
24700
236779
2337
236779
38357
236769
236812
236764
21652
236770
236764
236743
236800
236764
236743
236778
779
568
236800
236764
236743
236812
236764
236743
236770
779
568
236778
236764
236743
236812
236764
236743
236810
779
568
236770
236764
236743
236812
236764
236743
236812
30435
870
236770
236764
236743
236770
236764
236743
236800
1604
870
236812
236764
236743
236812
236764
236743
236778
2812
107
140
236828
107
140
22539
24700
236779
2337
236779
38357
236769
236800
236764
21652
236770
236764
236743
236778
236764
236743
236810
779
568
236778
236764
236743
236800
236764
236743
236778
779
568
236770
236764
236743
236800
236764
236743
236770
30435
870
236770
236764
236743
236770
1604
870
236778
236764
236743
236800
2812
107
140
236800
107
140
12234
108
2063
2426
236769
65127
1473
107
140
236865
5803
1624
236743
236770
107
140
10640
11054
236769
236812
236764
21652
236770
236764
236743
236800
236764
236743
236778
779
568
236800
236764
236743
236812
236764
236743
236770
779
568
236778
236764
236743
236812
236764
236743
236810
779
568
236770
236764
236743
236812
236764
236743
236812
30435
870
236770
236764
236743
236770
236764
236743
236800
1604
870
236812
236764
236743
236812
236764
236743
236778
2812
1251
236743
236828
107
140
107
140
236865
5803
1624
236743
236778
107
140
10640
11054
236769
236800
236764
21652
236770
236764
236743
236778
236764
236743
236810
779
568
236778
236764
236743
236800
236764
236743
236778
779
568
236770
236764
236743
236800
236764
236743
236770
30435
870
236770
236764
236743
236770
1604
870
236778
236764
236743
236800
2812
1251
236743
236812
107
140
107
140
236865
5803
1624
236743
236800
107
140
10640
11054
236769
236810
236764
21652
236770
236764
236743
236778
236764
236743
236832
236825
236819
236770
236832
236771
236800
236828
236832
779
568
236778
236764
236743
236800
236764
236743
236812
236770
236778
236812
236810
236825
236825
236770
236812
779
568
236770
236764
236743
236812
236764
236743
236800
236810
236810
236771
236828
236770
236825
236770
236770
779
568
236812
236764
236743
236810
236764
236743
236825
236819
236810
236832
236819
236771
236771
236778
236800
30435
870
236800
236764
236743
236770
1604
870
236810
236764
236743
236778
2812
1251
236743
236770
236770
236771
236828
236778
236812
236825
236825
236800
236832
107
140
107
140
236865
5803
1624
236743
236812
107
140
10640
11054
236769
236770
236778
236764
21652
236770
236764
236743
236778
236764
236743
236770
236771
236771
236771
236771
236771
236771
236771
236771
236771
779
568
236770
236764
236743
236800
236764
236743
236770
236771
236771
236771
236771
236771
236771
236771
236771
236771
779
568
236800
236764
236743
236812
236764
236743
236770
236771
236771
236771
236771
236771
236771
236771
236771
236771
779
568
236770
236764
236743
236810
236764
236743
236770
236771
236771
236771
236771
236771
236771
236771
236771
236771
779
568
236800
236764
236743
236825
236764
236743
236770
236771
236771
236771
236771
236771
236771
236771
236771
236771
779
568
236800
236764
236743
236832
236764
236743
236770
236771
236771
236771
236771
236771
236771
236771
236771
236771
779
568
236832
236764
236743
236828
236764
236743
236770
236771
236771
236771
236771
236771
236771
236771
236771
236771
779
568
236810
236764
236743
236819
236764
236743
236770
236771
236771
236771
236771
236771
236771
236771
236771
236771
779
568
236800
236764
236743
236770
236771
236764
236743
236770
236771
236771
236771
236771
236771
236771
236771
236771
236771
779
568
236770
236771
236764
236743
236770
236770
236764
236743
236770
236771
236771
236771
236771
236771
236771
236771
236771
236771
779
568
236770
236770
236764
236743
236770
236778
236764
236743
236770
236771
236771
236771
236771
236771
236771
236771
236771
236771
779
568
236812
236764
236743
236832
236764
236743
236770
236771
236771
236771
236771
236771
236771
236771
236771
236771
779
568
236828
236764
236743
236770
236778
236764
236743
236770
236771
236771
236771
236771
236771
236771
236771
236771
236771
779
568
236770
236764
236743
236819
236764
236743
236770
236771
236771
236771
236771
236771
236771
236771
236771
236771
779
568
236810
236764
236743
236770
236770
236764
236743
236770
236771
236771
236771
236771
236771
236771
236771
236771
236771
779
568
236832
236764
236743
236770
236771
236764
236743
236770
236771
236771
236771
236771
236771
236771
236771
236771
236771
779
568
236778
236764
236743
236810
236764
236743
236770
236771
236771
236771
236771
236771
236771
236771
236771
236771
779
568
236825
236764
236743
236819
236764
236743
236770
236771
236771
236771
236771
236771
236771
236771
236771
236771
779
568
236832
236764
236743
236819
236764
236743
236770
236771
236771
236771
236771
236771
236771
236771
236771
236771
779
568
236778
236764
236743
236828
236764
236743
236770
236771
236771
236771
236771
236771
236771
236771
236771
236771
30435
870
236770
236770
236764
236743
236800
236764
236743
236832
236764
236743
236770
236771
236764
236743
236825
236764
236743
236819
1604
870
236778
236764
236743
236770
236764
236743
236828
236764
236743
236810
236764
236743
236812
236764
236743
236770
236778
2812
1251
236743
236825
236771
236771
236771
236771
236771
236771
236771
236771
236771
107
140
107
140
236865
5803
1624
236743
236810
107
140
10640
11054
236769
236812
236764
21652
236770
236764
236743
236778
236764
236743
236825
236819
236825
236819
236800
236819
236832
236778
236810
779
568
236778
236764
236743
236800
236764
236743
236832
236828
236770
236832
236810
236800
236771
236778
236771
779
568
236800
236764
236743
236812
236764
236743
236812
236800
236828
236832
236825
236800
236828
236825
236800
779
568
236770
236764
236743
236812
236764
236743
236812
236800
236819
236812
236825
236810
236828
236770
236825
779
568
236770
236764
236743
236800
236764
236743
236778
236810
236812
236828
236828
236810
236800
236812
236770
30435
870
236812
236764
236743
236800
1604
870
236770
236764
236743
236778
2812
1251
236743
236819
236810
236770
236828
236778
236810
236771
236825
236825
107
140
107
140
236865
5803
1624
236743
236825
107
140
10640
11054
236769
236810
236764
21652
236770
236764
236743
236778
236764
236743
236770
236800
236810
236778
236778
236832
236832
236819
236770
779
568
236778
236764
236743
236800
236764
236743
236812
236800
236800
236771
236828
236825
236819
236778
236778
779
568
236800
236764
236743
236812
236764
236743
236778
236819
236778
236778
236778
236778
236778
236771
236819
779
568
236812
236764
236743
236810
236764
236743
236819
236778
236778
236770
236810
236778
236812
236819
30435
870
236778
236764
236743
236770
1604
870
236812
236764
236743
236800
2812
1251
236743
236828
236825
236825
236770
236832
236800
236828
236812
236812
107
140
107
140
236865
5803
1624
236743
236832
107
140
10640
11054
236769
236800
236764
21652
236770
236764
236743
236778
236764
236743
236810
236771
236825
236812
236771
236800
236819
236800
236812
779
568
236778
236764
236743
236800
236764
236743
236819
236825
236825
236812
236832
236778
236819
236778
236812
779
568
236770
236764
236743
236800
236764
236743
236832
236812
236770
236832
236825
236810
236778
236819
236770
30435
870
236800
1604
870
236778
2812
1251
236743
236832
236812
236770
236832
236825
236810
236778
236819
236770
107
140
107
140
236865
5803
1624
236743
236828
107
140
10640
11054
236769
236770
236771
236764
21652
236770
236764
236743
236778
236764
236743
236832
236810
236825
236771
236770
236771
236800
236778
236828
779
568
236778
236764
236743
236800
236764
236743
236819
236819
236832
236819
236800
236832
236778
236800
236770
779
568
236800
236764
236743
236812
236764
236743
236810
236771
236832
236828
236825
236832
236819
236828
236819
779
568
236812
236764
236743
236810
236764
236743
236812
236812
236810
236800
236825
236812
236771
236832
236771
779
568
236810
236764
236743
236825
236764
236743
236819
236812
236810
236778
236825
236825
236778
236771
236832
779
568
236825
236764
236743
236832
236764
236743
236778
236825
236812
236771
236771
236825
236832
236819
236819
779
568
236832
236764
236743
236828
236764
236743
236812
236771
236770
236812
236832
236771
236819
236832
236832
779
568
236828
236764
236743
236819
236764
236743
236778
236819
236800
236828
236771
236771
236810
236810
236828
779
568
236819
236764
236743
236770
236771
236764
236743
236819
236828
236810
236828
236810
236819
236812
236778
236810
30435
870
236770
236771
236764
236743
236812
236764
236743
236819
236764
236743
236832
236764
236743
236770
1604
870
236778
236764
236743
236828
236764
236743
236800
236764
236743
236825
236764
236743
236810
2812
1251
236743
236778
236832
236812
236810
236771
236812
236770
236770
236828
236771
107
140
107
140
236865
5803
1624
236743
236819
753
3161
16116
14491
107
140
10640
11054
236769
236800
236764
21652
236770
236764
236743
236778
236764
236743
236812
236770
236800
236812
236810
236828
236771
236770
236832
779
568
236778
236764
236743
236800
236764
236743
236819
236810
236770
236778
236810
236800
236819
236825
236819
779
568
236770
236764
236743
236812
236764
236743
236800
236800
236825
236800
236819
236770
236810
236800
236771
779
568
236778
236764
236743
236810
236764
236743
236819
236770
236800
236810
236770
236810
236825
236770
779
568
236812
236764
236743
236825
236764
236743
236825
236819
236770
236800
236828
236810
236778
236800
236828
779
568
236810
236764
236743
236832
236764
236743
236828
236771
236812
236832
236832
236812
236810
236825
236828
779
568
236778
236764
236743
236828
236764
236743
236810
236778
236778
236819
236828
236832
236771
236771
779
568
236812
236764
236743
236819
236764
236743
236812
236812
236778
236828
236800
236800
236825
236819
236778
779
568
236770
236764
236743
236770
236771
236764
236743
236810
236771
236825
236812
236825
236778
236825
236771
779
568
236770
236771
236764
236743
236770
236770
236764
236743
236828
236800
236819
236825
236828
236800
236812
236812
236812
779
568
236832
236764
236743
236770
236778
236764
236743
236770
236812
236778
236778
236810
236825
236778
236810
236810
779
568
236819
236764
236743
236770
236800
236764
236743
236832
236828
236810
236771
236810
236828
236810
236832
236832
779
568
236770
236778
236764
236743
236770
236812
236764
236743
236800
236770
236819
236770
236770
236825
236800
236832
236778
779
568
236832
236764
236743
236770
236810
236764
236743
236812
236800
236812
236810
236825
236810
236819
236812
236810
779
568
236770
236812
236764
236743
236770
236810
236764
236743
236810
236828
236825
236825
236800
236800
236819
236825
236771
779
568
236770
236764
236743
236770
236778
236764
236743
236828
236819
236828
236810
236800
236828
236832
236828
236825
779
568
236828
236764
236743
236770
236810
236764
236743
236810
236828
236778
236800
236819
236832
236800
236812
236832
779
568
236800
236764
236743
236819
236764
236743
236819
236825
236828
236812
236800
236825
236810
236770
236812
779
568
236800
236764
236743
236770
236770
236764
236743
236778
236778
236778
236825
236771
236770
236832
236819
236812
779
568
236800
236764
236743
236770
236771
236764
236743
236828
236819
236778
236771
236812
236825
236825
236778
236825
779
568
236778
236764
236743
236770
236771
236764
236743
236810
236771
236812
236778
236800
236778
236778
236810
236828
779
568
236812
236764
236743
236810
236764
236743
236812
236800
236778
236828
236825
236825
236832
236771
236771
30435
870
236800
1604
870
236812
2812
1251
236743
236828
236800
236819
236825
236828
236800
236812
236812
236812
107
140
107
140
236865
5803
1624
236743
236770
236771
107
140
10640
11054
236769
236825
236764
21652
236770
236764
236743
236778
236764
236743
236800
236825
236800
236828
236800
236770
236771
236800
236825
779
568
236770
236764
236743
236800
236764
236743
236812
236819
236819
236778
236770
236812
236800
236770
236810
779
568
236770
236764
236743
236812
236764
236743
236832
236828
236812
236800
236832
236778
236832
236828
236770
779
568
236770
236764
236743
236810
236764
236743
236770
236771
236778
236800
236825
236810
236778
236770
236778
779
568
236770
236764
236743
236825
236764
236743
236832
236778
236771
236778
236800
236800
236819
236778
236778
30435
870
236800
236764
236743
236812
236764
236743
236825
1604
870
236778
236764
236743
236810
236764
236743
236770
2812
1251
236743
236778
236771
236771
236800
236828
236778
236770
236771
236770
236828
107
140
107
140
236865
5803
1624
236743
236770
236770
107
140
10640
11054
236769
236778
236764
21652
236770
236764
236743
236778
236764
236743
236800
236828
236828
236819
236800
236800
236800
236825
236819
30435
870
236778
1604
870
236770
2812
1251
236743
236800
236828
236828
236819
236800
236800
236800
236825
236819
107
140
107
140
236865
5803
1624
236743
236770
236778
107
140
10640
11054
236769
236832
236764
21652
236770
236764
236743
236778
236764
236743
236825
236771
236825
236810
236778
236800
236828
236812
236828
779
568
236770
236764
236743
236800
236764
236743
236800
236825
236819
236819
236819
236770
236778
236778
236828
779
568
236778
236764
236743
236812
236764
236743
236800
236770
236778
236825
236825
236800
236810
236812
236800
779
568
236800
236764
236743
236810
236764
236743
236800
236812
236825
236828
236778
236770
236778
236778
236778
779
568
236812
236764
236743
236825
236764
236743
236828
236812
236771
236810
236771
236819
236812
236771
236832
779
568
236812
236764
236743
236832
236764
236743
236825
236812
236812
236819
236819
236819
236819
236800
236770
30435
870
236832
236764
236743
236810
236764
236743
236800
1604
870
236825
236764
236743
236770
236764
236743
236778
2812
1251
236743
236770
236828
236770
236832
236771
236778
236812
236812
236828
236800
108
236865
6890
2426
236769
126201
236779
2337
236779
38357
236768
531
1845
7713
236761
107
2717
106
107
105
4368
107
2717
6719
107
2543
28751
1419
4361
236764
76272
107
1106
124744
108
2063
24700
236779
2337
236779
38357
236769
236749
236787
801
236764
14453
236787
4361
236840
36805
236840
720
236764
801
236764
801
36878
496
236787
4361
236840
720
1604
518
236787
4361
236840
720
2812
3921
801
236787
107
140
12234
17770
496
3606
6638
181848
3753
607
538
20078
532
14453
568
3350
1546
7377
563
236743
107
140
65682
618
568
236756
236764
566
236764
515
236768
6590
20078
559
532
566
659
6638
607
3825
515
779
532
1156
236743
107
140
55563
496
532
518
529
506
1638
3861
236764
1586
506
7081
2653
2324
529
2479
18710
236761
107
140
107
140
2542
1027
2479
528
506
3753
236764
1061
3825
563
5221
618
506
5783
3825
529
1027
7377
528
600
2479
236761
107
140
236760
236769
236781
236764
570
236768
563
5221
618
506
7081
2653
2479
3825
699
16116
1123
531
16116
570
236761
107
140
107
140
818
4209
563
531
8276
1328
7501
518
1288
600
506
2324
529
517
236769
236746
236840
236747
1604
518
236840
236747
2812
573
784
858
563
72129
236761
107
140
107
140
13432
236787
107
144
236749
236787
9661
529
20078
568
60530
659
49597
236743
236770
531
538
236768
107
144
30248
236787
4361
529
14453
236764
1546
7377
563
568
236756
236764
566
236764
515
236768
1298
559
655
566
107
144
236746
236787
5315
7501
529
16116
4945
107
144
236763
236787
9674
7501
529
16116
4945
568
1071
577
8276
7059
236768
107
140
107
140
42652
236787
107
144
818
7081
2653
2324
529
517
236769
236746
236840
236747
1604
518
236840
236747
2812
1308
104049
8276
13555
518
107
140
107
140
22539
24700
236779
2337
236779
38357
236769
236812
236764
21652
236770
236764
236743
236800
236764
236743
236778
779
568
236800
236764
236743
236812
236764
236743
236770
779
568
236778
236764
236743
236812
236764
236743
236810
779
568
236770
236764
236743
236812
236764
236743
236812
30435
870
236770
236764
236743
236770
236764
236743
236800
1604
870
236812
236764
236743
236812
236764
236743
236778
2812
107
140
236828
107
140
22539
24700
236779
2337
236779
38357
236769
236800
236764
21652
236770
236764
236743
236778
236764
236743
236810
779
568
236778
236764
236743
236800
236764
236743
236778
779
568
236770
236764
236743
236800
236764
236743
236770
30435
870
236770
236764
236743
236770
1604
870
236778
236764
236743
236800
2812
107
140
236800
107
140
12234
107
140
107
140
8818
578
642
236747
236787
2977
573
858
528
2644
236769
236770
236764
538
900
236743
236770
4567
107
140
1708
559
236764
566
236764
515
528
14453
236787
107
144
8818
236840
236756
1619
3770
3283
236766
236764
515
1223
107
144
8818
236840
236766
1619
3770
3283
236756
236764
515
1223
107
140
107
140
2063
1586
236779
1387
236779
2337
236779
6078
236769
3041
236764
1345
1473
107
144
1106
197641
107
144
107
144
7861
578
642
236747
236787
6803
1033
10281
1606
573
858
528
2644
236769
236770
236764
538
900
236743
236770
4567
107
144
7861
236840
3041
236842
578
236743
236771
107
144
83337
578
21652
236771
236764
1502
7066
107
144
107
144
6858
75258
236787
107
148
236753
236764
559
578
197641
236761
499
1110
650
236769
83337
236768
107
148
107
148
584
513
1890
1442
236840
236756
9414
107
152
23162
107
148
107
148
1708
566
236764
515
528
3753
236840
236756
9414
107
152
584
1442
236840
236766
236842
1890
2631
236769
236753
236764
515
1473
107
156
7861
236840
236766
236842
578
2631
236769
236753
236764
515
236768
107
156
58466
236809
236761
499
1110
1974
236769
83337
236764
568
7861
236840
236766
1604
566
1223
107
144
107
144
2060
1442
236840
643
236842
107
140
107
140
1387
236779
2330
578
6803
1033
10281
1606
107
140
1708
8276
528
124744
236761
236718
847
236769
236763
1473
107
144
4002
236779
2330
578
236743
236771
107
144
1708
858
528
2644
236769
3469
236769
236746
16644
107
148
4002
236779
2330
3323
1586
236779
1387
236779
2337
236779
6078
236769
236746
236840
236747
1604
8276
236840
236747
2812
107
144
1387
236779
2330
578
1322
236769
1387
236779
2330
236764
1873
236779
2330
236768
107
140
107
140
2060
1322
236779
2330
107
2717
106
107
105
2364
107
11069
3527
5686
8428
506
7713
236761
5715
236789
236751
506
3165
236787
107
17070
1942
568
3374
4803
2246
1774
1473
107
138
3202
137325
236781
199718
236828
236780
236832
186895
2755
236761
2551
827
1757
236743
236770
236778
236825
236764
528
655
7498
236813
107
140
4256
236769
126201
236779
2337
236779
38357
236768
107
138
3202
137325
236781
199718
236828
236780
236832
186895
2755
236761
2551
827
1757
236743
236800
236800
236764
528
2426
107
140
10640
11054
236769
236800
236764
21652
236770
236764
236743
236778
236764
236743
236810
779
568
236778
236764
236743
236800
236764
236743
236778
779
568
236770
236764
236743
236800
236764
236743
236770
30435
870
236770
236764
236743
236770
1604
870
236778
236764
236743
236800
2812
1251
236743
236812
107
147
172109
172109
172109
172109
172109
172109
172109
172109
172109
172109
172109
172109
172109
172109
172109
172109
172109
107
132731
3494
111
2021
136030
236764
672
563
822
4209
236787
8847
506
2269
1292
14187
532
6484
2383
236764
6340
4144
506
1292
4970
532
1786
784
506
7713
236761
5213
10009
5244
98977
4455
232116
99382
108
3048
1374
20151
506
3393
611
12269
528
496
137349
3393
3355
568
1930
31608
236768
568
20890
795
85025
506
3303
5151
236768
106
107
105
4368
107
2717
6719
107
2543
28751
1419
4361
236764
76272
107
1106
124744
108
2063
24700
236779
2337
236779
38357
236769
236749
236787
801
236764
14453
236787
4361
236840
36805
236840
720
236764
801
236764
801
36878
496
236787
4361
236840
720
1604
518
236787
4361
236840
720
2812
3921
801
236787
107
140
12234
17770
496
3606
6638
181848
3753
607
538
20078
532
14453
568
3350
1546
7377
563
236743
107
140
65682
618
568
236756
236764
566
236764
515
236768
6590
20078
559
532
566
659
6638
607
3825
515
779
532
1156
236743
107
140
55563
496
532
518
529
506
1638
3861
236764
1586
506
7081
2653
2324
529
2479
18710
236761
107
140
107
140
2542
1027
2479
528
506
3753
236764
1061
3825
563
5221
618
506
5783
3825
529
1027
7377
528
600
2479
236761
107
140
236760
236769
236781
236764
570
236768
563
5221
618
506
7081
2653
2479
3825
699
16116
1123
531
16116
570
236761
107
140
107
140
818
4209
563
531
8276
1328
7501
518
1288
600
506
2324
529
517
236769
236746
236840
236747
1604
518
236840
236747
2812
573
784
858
563
72129
236761
107
140
107
140
13432
236787
107
144
236749
236787
9661
529
20078
568
60530
659
49597
236743
236770
531
538
236768
107
144
30248
236787
4361
529
14453
236764
1546
7377
563
568
236756
236764
566
236764
515
236768
1298
559
655
566
107
144
236746
236787
5315
7501
529
16116
4945
107
144
236763
236787
9674
7501
529
16116
4945
568
1071
577
8276
7059
236768
107
140
107
140
42652
236787
107
144
818
7081
2653
2324
529
517
236769
236746
236840
236747
1604
518
236840
236747
2812
1308
104049
8276
13555
518
107
140
107
140
22539
24700
236779
2337
236779
38357
236769
236812
236764
21652
236770
236764
236743
236800
236764
236743
236778
779
568
236800
236764
236743
236812
236764
236743
236770
779
568
236778
236764
236743
236812
236764
236743
236810
779
568
236770
236764
236743
236812
236764
236743
236812
30435
870
236770
236764
236743
236770
236764
236743
236800
1604
870
236812
236764
236743
236812
236764
236743
236778
2812
107
140
236828
107
140
22539
24700
236779
2337
236779
38357
236769
236800
236764
21652
236770
236764
236743
236778
236764
236743
236810
779
568
236778
236764
236743
236800
236764
236743
236778
779
568
236770
236764
236743
236800
236764
236743
236770
30435
870
236770
236764
236743
236770
1604
870
236778
236764
236743
236800
2812
107
140
236800
107
140
12234
107
140
107
140
8818
578
642
236747
236787
2977
573
858
528
2644
236769
236770
236764
538
900
236743
236770
4567
107
140
1708
559
236764
566
236764
515
528
14453
236787
107
144
8818
236840
236756
1619
3770
3283
236766
236764
515
1223
107
144
8818
236840
236766
1619
3770
3283
236756
236764
515
1223
107
140
107
140
2063
1586
236779
1387
236779
2337
236779
6078
236769
3041
236764
1345
1473
107
144
1106
197641
107
144
107
144
7861
578
642
236747
236787
6803
1033
10281
1606
573
858
528
2644
236769
236770
236764
538
900
236743
236770
4567
107
144
7861
236840
3041
236842
578
236743
236771
107
144
83337
578
21652
236771
236764
1502
7066
107
144
107
144
6858
75258
236787
107
148
236753
236764
559
578
197641
236761
499
1110
650
236769
83337
236768
107
148
107
148
584
513
1890
1442
236840
236756
9414
107
152
23162
107
148
107
148
1708
566
236764
515
528
3753
236840
236756
9414
107
152
584
1442
236840
236766
236842
1890
2631
236769
236753
236764
515
1473
107
156
7861
236840
236766
236842
578
2631
236769
236753
236764
515
236768
107
156
58466
236809
236761
499
1110
1974
236769
83337
236764
568
7861
236840
236766
1604
566
1223
107
144
107
144
2060
1442
236840
643
236842
107
140
107
140
1387
236779
2330
578
6803
1033
10281
1606
107
140
1708
8276
528
124744
236761
236718
847
236769
236763
1473
107
144
4002
236779
2330
578
236743
236771
107
144
1708
858
528
2644
236769
3469
236769
236746
16644
107
148
4002
236779
2330
3323
1586
236779
1387
236779
2337
236779
6078
236769
236746
236840
236747
1604
8276
236840
236747
2812
107
144
1387
236779
2330
578
1322
236769
1387
236779
2330
236764
1873
236779
2330
236768
107
140
107
140
2060
1322
236779
2330
107
2717
106
107
105
2364
107
11069
3527
5686
8428
506
7713
236761
5715
236789
236751
506
3165
236787
107
17070
1942
568
3374
4803
2246
1774
1473
107
138
3202
137325
236917
46788
2783
6594
236781
1810
236761
2551
827
1757
236743
236770
236778
236825
236764
528
655
7498
236813
107
140
4256
236769
126201
236779
2337
236779
38357
236768
107
138
3202
137325
236917
46788
2783
6594
236781
1810
236761
2551
827
1757
236743
236800
236800
236764
528
2426
107
140
10640
11054
236769
236800
236764
21652
236770
236764
236743
236778
236764
236743
236810
779
568
236778
236764
236743
236800
236764
236743
236778
779
568
236770
236764
236743
236800
236764
236743
236770
30435
870
236770
236764
236743
236770
1604
870
236778
236764
236743
236800
2812
1251
236743
236812
107
147
172109
172109
172109
172109
172109
172109
172109
172109
172109
172109
172109
172109
172109
172109
172109
172109
172109
107
132731
3494
111
2021
136030
236764
672
563
822
4209
236787
8847
506
2269
1292
14187
532
6484
2383
236764
6340
4144
506
1292
4970
532
1786
784
506
7713
236761
5213
10009
5244
98977
4455
232116
99382
108
3048
1374
20151
506
3393
611
12269
528
496
137349
3393
3355
568
1930
31608
236768
568
20890
795
85025
506
3303
5151
236768
106
107
105
4368
107
2717
6719
107
2543
28751
1419
4361
236764
76272
107
1106
124744
108
2063
24700
236779
2337
236779
38357
236769
236749
236787
801
236764
14453
236787
4361
236840
36805
236840
720
236764
801
236764
801
36878
496
236787
4361
236840
720
1604
518
236787
4361
236840
720
2812
3921
801
236787
107
140
12234
17770
496
3606
6638
181848
3753
607
538
20078
532
14453
568
3350
1546
7377
563
236743
107
140
65682
618
568
236756
236764
566
236764
515
236768
6590
20078
559
532
566
659
6638
607
3825
515
779
532
1156
236743
107
140
55563
496
532
518
529
506
1638
3861
236764
1586
506
7081
2653
2324
529
2479
18710
236761
107
140
107
140
2542
1027
2479
528
506
3753
236764
1061
3825
563
5221
618
506
5783
3825
529
1027
7377
528
600
2479
236761
107
140
236760
236769
236781
236764
570
236768
563
5221
618
506
7081
2653
2479
3825
699
16116
1123
531
16116
570
236761
107
140
107
140
818
4209
563
531
8276
1328
7501
518
1288
600
506
2324
529
517
236769
236746
236840
236747
1604
518
236840
236747
2812
573
784
858
563
72129
236761
107
140
107
140
13432
236787
107
144
236749
236787
9661
529
20078
568
60530
659
49597
236743
236770
531
538
236768
107
144
30248
236787
4361
529
14453
236764
1546
7377
563
568
236756
236764
566
236764
515
236768
1298
559
655
566
107
144
236746
236787
5315
7501
529
16116
4945
107
144
236763
236787
9674
7501
529
16116
4945
568
1071
577
8276
7059
236768
107
140
107
140
42652
236787
107
144
818
7081
2653
2324
529
517
236769
236746
236840
236747
1604
518
236840
236747
2812
1308
104049
8276
13555
518
107
140
107
140
22539
24700
236779
2337
236779
38357
236769
236812
236764
21652
236770
236764
236743
236800
236764
236743
236778
779
568
236800
236764
236743
236812
236764
236743
236770
779
568
236778
236764
236743
236812
236764
236743
236810
779
568
236770
236764
236743
236812
236764
236743
236812
30435
870
236770
236764
236743
236770
236764
236743
236800
1604
870
236812
236764
236743
236812
236764
236743
236778
2812
107
140
236828
107
140
22539
24700
236779
2337
236779
38357
236769
236800
236764
21652
236770
236764
236743
236778
236764
236743
236810
779
568
236778
236764
236743
236800
236764
236743
236778
779
568
236770
236764
236743
236800
236764
236743
236770
30435
870
236770
236764
236743
236770
1604
870
236778
236764
236743
236800
2812
107
140
236800
107
140
12234
107
140
107
140
8818
578
642
236747
236787
2977
573
858
528
2644
236769
236770
236764
538
900
236743
236770
4567
107
140
1708
559
236764
566
236764
515
528
14453
236787
107
144
8818
236840
236756
1619
3770
3283
236766
236764
515
1223
107
144
8818
236840
236766
1619
3770
3283
236756
236764
515
1223
107
140
107
140
2063
1586
236779
1387
236779
2337
236779
6078
236769
3041
236764
1345
1473
107
144
1106
197641
107
144
107
144
7861
578
642
236747
236787
6803
1033
10281
1606
573
858
528
2644
236769
236770
236764
538
900
236743
236770
4567
107
144
7861
236840
3041
236842
578
236743
236771
107
144
83337
578
21652
236771
236764
1502
7066
107
144
107
144
6858
75258
236787
107
148
236753
236764
559
578
197641
236761
499
1110
650
236769
83337
236768
107
148
107
148
584
513
1890
1442
236840
236756
9414
107
152
23162
107
148
107
148
1708
566
236764
515
528
3753
236840
236756
9414
107
152
584
1442
236840
236766
236842
1890
2631
236769
236753
236764
515
1473
107
156
7861
236840
236766
236842
578
2631
236769
236753
236764
515
236768
107
156
58466
236809
236761
499
1110
1974
236769
83337
236764
568
7861
236840
236766
1604
566
1223
107
144
107
144
2060
1442
236840
643
236842
107
140
107
140
1387
236779
2330
578
6803
1033
10281
1606
107
140
1708
8276
528
124744
236761
236718
847
236769
236763
1473
107
144
4002
236779
2330
578
236743
236771
107
144
1708
858
528
2644
236769
3469
236769
236746
16644
107
148
4002
236779
2330
3323
1586
236779
1387
236779
2337
236779
6078
236769
236746
236840
236747
1604
8276
236840
236747
2812
107
144
1387
236779
2330
578
1322
236769
1387
236779
2330
236764
1873
236779
2330
236768
107
140
107
140
2060
1322
236779
2330
107
2717
106
107