105
2364
107
6190
506
2269
1292
14187
532
6484
2383
236764
6340
4144
506
1292
4970
532
1786
784
506
7713
236761
5213
10009
5244
98977
4455
232116
99382
108
3048
1374
20151
506
3393
611
12269
528
496
137349
3393
3355
568
1930
31608
236768
568
20890
795
85025
506
3303
5151
236768
108
2717
107
2063
1527
236779
2107
236779
1071
236779
540
1404
236769
236767
236787
801
236768
3921
801
236787
107
140
12234
32858
9857
580
37153
236743
236770
532
8150
531
5370
37153
620
236761
2625
815
496
9212
1550
6250
657
236743
236771
236761
107
140
4663
37153
858
236764
1304
740
2121
1156
4458
529
6675
236787
107
140
236770
236761
3764
1679
531
37153
858
236772
236770
568
84237
577
1456
168009
653
580
37153
236743
236771
236768
107
140
236778
236761
3764
872
531
37153
858
900
236743
236778
236884
17733
236764
1299
19104
9212
684
236743
236770
107
140
107
140
13293
506
2558
1548
529
4861
32858
740
5370
37153
620
236761
107
140
10282
600
32858
740
5370
37153
620
5065
2782
532
4102
6675
236761
107
140
107
140
13432
236787
107
144
236767
236787
669
3328
37153
1548
568
236771
6605
620
6605
236743
236770
236771
236884
236819
236768
107
140
107
140
42652
236787
107
144
818
1548
529
9245
4861
531
5370
37153
620
107
140
107
140
22539
1527
236779
2107
236779
1071
236779
540
1404
236769
236771
236768
107
140
236778
107
140
22539
1527
236779
2107
236779
1071
236779
540
1404
236769
236770
236768
107
140
236812
107
140
22539
1527
236779
2107
236779
1071
236779
540
1404
236769
236810
236770
236778
236768
107
140
236770
107
140
12234
108
2063
2426
236769
65127
1473
107
140
10640
11054
236769
236771
236768
1251
236743
236778
107
140
10640
11054
236769
236770
236768
1251
236743
236812
107
140
10640
11054
236769
236770
236800
236812
236778
236770
236832
236832
236778
236825
236768
1251
236743
236800
236832
236828
107
140
10640
11054
236769
236770
236771
236832
236800
236832
236812
236770
236828
236770
236825
236768
1251
236743
236832
236828
236828
236828
236832
236778
236825
107
140
10640
11054
236769
236810
236770
236778
236768
1251
236743
236770
107
140
10640
11054
236769
236770
236771
236810
236825
236819
236825
236812
236825
236771
236828
236768
1251
236743
236771
107
140
10640
11054
236769
236770
236819
236810
236810
236778
236825
236825
236828
236778
236768
1251
236743
236771
107
140
10640
11054
236769
236819
236800
236819
236810
236778
236812
236771
236819
236825
236768
1251
236743
236771
107
140
10640
11054
236769
236770
236800
236812
236778
236770
236832
236832
236778
236828
236768
1251
236743
236770
107
140
10640
11054
236769
236770
236771
236832
236800
236825
236832
236825
236778
236828
236828
236768
1251
236743
236771
107
140
10640
11054
236769
236770
236771
236771
236771
236771
236771
236771
236771
236771
236771
236768
1251
236743
236771
107
140
10640
11054
236769
236828
236828
236778
236770
236810
236828
236828
236825
236825
236768
1251
236743
236771
107
140
10640
11054
236769
236819
236819
236819
236819
236819
236819
236819
236819
236810
236768
1251
236743
236771
107
140
10640
11054
236769
236819
236810
236810
236832
236832
236812
236819
236770
236810
236768
1251
236743
236771
107
140
10640
11054
236769
236770
236800
236810
236768
1251
236743
236771
107
140
10640
11054
236769
236828
236819
236770
236828
236800
236819
236828
236800
236832
236768
1251
236743
236771
107
140
10640
11054
236769
236832
236819
236819
236812
236800
236770
236832
236828
236778
236768
1251
236743
236771
107
140
10640
11054
236769
236828
236770
236810
236800
236825
236771
236832
236825
236832
236768
1251
236743
236771
107
140
10640
11054
236769
236770
236832
236771
236768
1251
236743
236771
107
140
10640
11054
236769
236832
236828
236810
236771
236771
236771
236770
236828
236771
236768
1251
236743
236771
107
140
10640
11054
236769
236812
236800
236771
236770
236778
236832
236828
236825
236832
236768
1251
236743
236771
107
140
10640
11054
236769
236828
236771
236800
236832
236778
236825
236771
236771
236819
236768
1251
236743
236771
107
140
10640
11054
236769
236828
236819
236778
236771
236819
236778
236810
236828
236770
236768
1251
236743
236771
107
140
10640
11054
236769
236832
236828
236800
236770
236828
236825
236778
236778
236812
236768
1251
236743
236771
107
140
10640
11054
236769
236778
236825
236828
236812
236800
236810
236812
236810
236825
236768
1251
236743
236770
107
140
10640
11054
236769
236800
236770
236800
236778
236778
236825
236768
1251
236743
236771
107
140
10640
11054
236769
236770
236825
236800
236828
236800
236768
1251
236743
236770
236810
108
236865
6890
2426
236769
2861
236779
2107
236779
1071
236779
540
1404
236768
531
1845
7713
236761
107
2717
106
107
105
4368
107
2717
107
2063
1527
236779
2107
236779
1071
236779
540
1404
236769
236767
236787
801
236768
3921
801
236787
107
140
12234
32858
9857
580
37153
236743
236770
532
8150
531
5370
37153
620
236761
2625
815
496
9212
1550
6250
657
236743
236771
236761
107
140
4663
37153
858
236764
1304
740
2121
1156
4458
529
6675
236787
107
140
236770
236761
3764
1679
531
37153
858
236772
236770
568
84237
577
1456
168009
653
580
37153
236743
236771
236768
107
140
236778
236761
3764
872
531
37153
858
900
236743
236778
236884
17733
236764
1299
19104
9212
684
236743
236770
107
140
107
140
13293
506
2558
1548
529
4861
32858
740
5370
37153
620
236761
107
140
10282
600
32858
740
5370
37153
620
5065
2782
532
4102
6675
236761
107
140
107
140
13432
236787
107
144
236767
236787
669
3328
37153
1548
568
236771
6605
620
6605
236743
236770
236771
236884
236819
236768
107
140
107
140
42652
236787
107
144
818
1548
529
9245
4861
531
5370
37153
620
107
140
107
140
22539
1527
236779
2107
236779
1071
236779
540
1404
236769
236771
236768
107
140
236778
107
140
22539
1527
236779
2107
236779
1071
236779
540
1404
236769
236770
236768
107
140
236812
107
140
22539
1527
236779
2107
236779
1071
236779
540
1404
236769
236810
236770
236778
236768
107
140
236770
107
140
12234
107
140
19615
578
8637
108
140
2063
8974
236769
24902
236764
9212
236764
8820
236779
3843
1473
107
144
584
25108
1251
620
236787
107
148
2060
236743
236770
107
144
584
25108
1890
620
236787
107
148
2060
236743
236771
107
144
584
568
24902
236764
9212
236764
8820
236779
3843
236768
528
21941
236787
107
148
2060
21941
17576
24902
236764
9212
236764
8820
236779
3843
7066
108
144
2107
578
236743
236771
107
144
236865
3764
1679
107
144
584
25108
1890
236743
236771
532
711
8820
236779
3843
236787
107
148
2107
3323
8974
236769
24902
753
236743
236770
236764
9212
236764
6288
236768
107
144
236865
3764
872
107
144
2107
3323
8974
236769
24902
900
568
236770
2986
9212
779
9212
900
236743
236770
236764
8450
236768
108
144
19615
17576
24902
236764
9212
236764
8820
236779
3843
7066
578
4861
107
144
2060
4861
108
140
584
620
1251
236743
236771
236787
107
144
2060
236743
236778
107
140
584
620
1251
236743
236770
236787
107
144
2060
236743
236812
107
140
584
620
1251
236743
236810
236770
236778
236787
107
144
2060
236743
236770
107
140
584
620
1251
236743
236770
236800
236812
236778
236770
236832
236832
236778
236825
236787
107
144
2060
236743
236800
236832
236828
107
140
584
620
1251
236743
236770
236771
236832
236800
236832
236812
236770
236828
236770
236825
236787
107
144
2060
236743
236832
236828
236828
236828
236832
236778
236825
107
140
584
620
1251
236743
236770
236771
236810
236825
236819
236825
236812
236825
236771
236828
236787
107
144
2060
236743
236771
107
140
584
620
1251
236743
236770
236819
236810
236810
236778
236825
236825
236828
236778
236787
107
144
2060
236743
236771
107
140
584
620
1251
236743
236819
236800
236819
236810
236778
236812
236771
236819
236825
236787
107
144
2060
236743
236771
107
140
584
620
1251
236743
236770
236800
236812
236778
236770
236832
236832
236778
236828
236787
107
144
2060
236743
236770
107
140
584
620
1251
236743
236770
236771
236832
236800
236825
236832
236825
236778
236828
236828
236787
107
144
2060
236743
236771
107
140
584
620
1251
236743
236770
236771
236771
236771
236771
236771
236771
236771
236771
236771
236787
107
144
2060
236743
236771
107
140
584
620
1251
236743
236828
236828
236778
236770
236810
236828
236828
236825
236825
236787
107
144
2060
236743
236771
107
140
584
620
1251
236743
236819
236819
236819
236819
236819
236819
236819
236819
236810
236787
107
144
2060
236743
236771
107
140
584
620
1251
236743
236819
236810
236810
236832
236832
236812
236819
236770
236810
236787
107
144
2060
236743
236771
107
140
584
620
1251
236743
236770
236800
236810
236787
107
144
2060
236743
236771
107
140
584
620
1251
236743
236828
236819
236770
236828
236800
236819
236828
236800
236832
236787
107
144
2060
236743
236771
107
140
584
620
1251
236743
236832
236819
236819
236812
236800
236770
236832
236828
236778
236787
107
144
2060
236743
236771
107
140
584
620
1251
236743
236828
236770
236810
236800
236825
236771
236832
236825
236832
236787
107
144
2060
236743
236771
107
140
584
620
1251
236743
236770
236832
236771
236787
107
144
2060
236743
236771
107
140
584
620
1251
236743
236832
236828
236810
236771
236771
236771
236770
236828
236771
236787
107
144
2060
236743
236771
107
140
584
620
1251
236743
236812
236800
236771
236770
236778
236832
236828
236825
236832
236787
107
144
2060
236743
236771
107
140
584
620
1251
236743
236828
236771
236800
236832
236778
236825
236771
236771
236819
236787
107
144
2060
236743
236771
107
140
584
620
1251
236743
236828
236819
236778
236771
236819
236778
236810
236828
236770
236787
107
144
2060
236743
236771
107
140
584
620
1251
236743
236832
236828
236800
236770
236828
236825
236778
236778
236812
236787
107
144
2060
236743
236771
107
140
584
620
1251
236743
236778
236825
236828
236812
236800
236810
236812
236810
236825
236787
107
144
2060
236743
236770
107
140
584
620
1251
236743
236800
236770
236800
236778
236778
236825
236787
107
144
2060
236743
236771
107
140
584
620
1251
236743
236770
236825
236800
236828
236800
236787
107
144
2060
236743
236770
236810
107
144
107
140
2060
8974
236769
236770
236764
236743
236771
236764
8450
236768
107
2717
106
107