105
2364
107
6190
506
2269
1292
14187
532
6484
2383
236764
6340
4144
506
1292
4970
532
1786
784
506
7713
236761
5213
10009
5244
98977
4455
232116
99382
108
3048
1374
20151
506
3393
611
12269
528
496
137349
3393
3355
568
1930
31608
236768
568
20890
795
85025
506
3303
5151
236768
108
2717
107
2543
28751
1419
4361
109
2063
2631
236779
236770
236770
236778
236778
236779
154335
236779
3119
236769
236749
236787
801
236764
496
236787
4361
236840
720
2812
3921
801
236787
107
140
12234
17770
496
1694
529
4414
25630
236764
1586
506
5783
3861
529
496
90500
132215
236743
107
140
7705
6667
496
236743
236770
236770
236778
236778
7501
236761
107
140
107
140
236776
236743
236770
236770
236778
236778
7501
563
5221
618
496
7501
600
236787
107
140
236770
236761
17260
1581
3861
107
140
236778
236761
1701
1546
858
699
236743
236770
531
5980
236786
236778
236764
4820
657
10681
236743
236778
236747
236772
236770
532
236743
236778
236747
659
4745
568
236770
236772
114473
236768
107
140
236800
236761
7714
4414
11995
7412
3477
236743
236771
2782
653
7121
236743
236778
2782
528
506
7501
107
140
107
140
13432
236787
107
144
236749
236787
669
3861
529
506
3499
568
236770
6605
538
6605
236743
236778
236829
236770
236771
236884
236810
236768
107
144
236746
236787
669
3499
529
4414
25630
568
236770
6605
496
236840
236747
236842
6605
538
236768
107
140
107
140
42652
236787
107
144
818
5783
3861
529
496
90500
132215
600
563
496
236743
236770
236770
236778
236778
7501
107
140
107
140
22539
2631
236779
236770
236770
236778
236778
236779
154335
236779
3119
236769
236828
236764
870
236778
236764
236743
236800
236764
236743
236770
236764
236743
236770
236764
236743
236778
236764
236743
236778
236764
236743
236770
236764
236743
236770
2812
107
140
236812
107
140
22539
2631
236779
236770
236770
236778
236778
236779
154335
236779
3119
236769
236800
236764
870
236770
236764
236743
236778
236764
236743
236778
2812
107
140
236778
107
140
22539
2631
236779
236770
236770
236778
236778
236779
154335
236779
3119
236769
236770
236764
870
236770
2812
107
140
236771
107
140
12234
108
2063
2426
236769
65127
1473
107
140
236865
5803
3636
699
506
2608
107
140
10640
11054
236769
236828
236764
870
236778
236764
236743
236800
236764
236743
236770
236764
236743
236770
236764
236743
236778
236764
236743
236778
236764
236743
236770
236764
236743
236770
2812
1251
236743
236812
107
140
10640
11054
236769
236800
236764
870
236770
236764
236743
236778
236764
236743
236778
2812
1251
236743
236778
107
140
10640
11054
236769
236770
236764
870
236770
2812
1251
236743
236771
107
140
107
140
236865
25275
1594
3636
107
140
10640
11054
236769
236812
236764
870
236770
236764
236743
236770
236764
236743
236778
236764
236743
236778
2812
1251
236743
236800
107
140
10640
11054
236769
236825
236778
236764
870
236800
236771
236764
236743
236778
236810
236764
236743
236778
236812
236764
236743
236800
236810
236764
236743
236810
236800
236764
236743
236770
236771
236764
236743
236832
236764
236743
236800
236819
236764
236743
236800
236778
236764
236743
236770
236771
236764
236743
236800
236832
236764
236743
236778
236825
236764
236743
236812
236770
236764
236743
236812
236812
236764
236743
236778
236828
236764
236743
236810
236832
236764
236743
236800
236812
236764
236743
236800
236778
236764
236743
236812
236812
236764
236743
236810
236819
236764
236743
236810
236832
236764
236743
236778
236770
236764
236743
236810
236812
236764
236743
236800
236778
236764
236743
236800
236778
236764
236743
236812
236770
236764
236743
236812
236800
236764
236743
236810
236825
236764
236743
236770
236800
236764
236743
236800
236810
236764
236743
236812
236771
236764
236743
236825
236771
236764
236743
236770
236810
236764
236743
236770
236764
236743
236778
236778
236764
236743
236812
236825
236764
236743
236825
236778
236764
236743
236812
236828
236764
236743
236810
236828
236764
236743
236778
236770
236764
236743
236810
236800
236764
236743
236778
236770
236764
236743
236800
236764
236743
236800
236812
236764
236743
236770
236771
236764
236743
236810
236825
236764
236743
236770
236832
236764
236743
236800
236819
236764
236743
236810
236770
236764
236743
236770
236771
236764
236743
236810
236812
236764
236743
236778
236810
236764
236743
236800
236828
236764
236743
236770
236819
236764
236743
236812
236825
236764
236743
236812
236825
236764
236743
236810
236778
236764
236743
236800
236770
236764
236743
236810
236764
236743
236810
236778
236764
236743
236825
236764
236743
236800
236812
2812
1251
236743
236778
107
140
10640
11054
236769
236770
236819
236764
870
236770
236800
236764
236743
236800
236764
236743
236800
236764
236743
236800
236764
236743
236832
236764
236743
236828
236764
236743
236778
236764
236743
236770
236800
236764
236743
236770
236764
236743
236812
236764
236743
236770
236800
236764
236743
236770
236828
236764
236743
236770
236832
236764
236743
236770
236771
236764
236743
236770
236810
236764
236743
236770
236825
236764
236743
236770
236819
236764
236743
236832
236764
236743
236770
236812
2812
1251
236743
236778
107
140
10640
11054
236769
236770
236828
236764
870
236832
236764
236743
236770
236828
236764
236743
236770
236771
236764
236743
236770
236810
236764
236743
236800
236764
236743
236770
236800
236764
236743
236770
236770
236764
236743
236828
236764
236743
236770
236771
236764
236743
236825
236764
236743
236832
236764
236743
236825
236764
236743
236778
236764
236743
236819
236764
236743
236770
236825
236764
236743
236800
236764
236743
236800
236764
236743
236810
2812
1251
236743
236778
107
140
10640
11054
236769
236778
236771
236764
870
236812
236764
236743
236819
236764
236743
236800
236764
236743
236828
236764
236743
236800
236764
236743
236770
236771
236764
236743
236770
236778
236764
236743
236770
236812
236764
236743
236825
236764
236743
236778
236764
236743
236770
236832
236764
236743
236770
236810
236764
236743
236778
236764
236743
236778
236771
236764
236743
236812
236764
236743
236770
236800
236764
236743
236832
236764
236743
236819
236764
236743
236770
236778
236764
236743
236770
236825
2812
1251
236743
236771
107
140
10640
11054
236769
236828
236764
870
236770
236764
236743
236778
236764
236743
236770
236764
236743
236778
236764
236743
236770
236764
236743
236778
236764
236743
236770
236764
236743
236778
2812
1251
236743
236771
107
140
10640
11054
236769
236770
236778
236764
870
236770
236771
236764
236743
236770
236770
236764
236743
236770
236771
236764
236743
236800
236764
236743
236770
236778
236764
236743
236810
236764
236743
236832
236764
236743
236770
236778
236764
236743
236832
236764
236743
236770
236770
236764
236743
236778
236764
236743
236770
2812
1251
236743
236771
107
140
10640
11054
236769
236832
236764
870
236770
236764
236743
236825
236764
236743
236832
236764
236743
236770
236764
236743
236832
236764
236743
236825
236764
236743
236810
2812
1251
236743
236771
107
140
10640
11054
236769
236778
236764
870
236770
236764
236743
236778
2812
1251
236743
236771
107
140
10640
11054
236769
236819
236764
870
236819
236764
236743
236812
236764
236743
236812
236764
236743
236832
236764
236743
236810
236764
236743
236828
236764
236743
236828
236764
236743
236825
236764
236743
236778
2812
1251
236743
236778
107
140
10640
11054
236769
236770
236778
236764
870
236778
236764
236743
236770
236764
236743
236770
236771
236764
236743
236770
236764
236743
236812
236764
236743
236800
236764
236743
236770
236778
236764
236743
236778
236764
236743
236828
236764
236743
236812
236764
236743
236770
236778
236764
236743
236770
2812
1251
236743
236771
107
140
10640
11054
236769
236825
236764
870
236800
236764
236743
236800
236764
236743
236778
236764
236743
236778
236764
236743
236770
236764
236743
236770
2812
1251
236743
236825
107
140
10640
11054
236769
236778
236764
870
236770
236764
236743
236770
2812
1251
236743
236778
107
140
10640
11054
236769
236770
236771
236764
870
236778
236764
236743
236778
236764
236743
236770
236764
236743
236770
236764
236743
236800
236764
236743
236800
236764
236743
236770
236764
236743
236770
236764
236743
236778
236764
236743
236778
2812
1251
236743
236825
107
140
10640
11054
236769
236832
236764
870
236770
236764
236743
236770
236764
236743
236778
236764
236743
236800
236764
236743
236800
236764
236743
236778
236764
236743
236778
2812
1251
236743
236812
108
236865
6890
2426
236769
2074
236779
236770
236770
236778
236778
236779
154335
236779
3119
236768
531
1845
7713
236761
107
2717
106
107
105
4368
107
2717
6719
107
2543
28751
1419
4361
109
2063
2631
236779
236770
236770
236778
236778
236779
154335
236779
3119
236769
236749
236787
801
236764
496
236787
4361
236840
720
2812
3921
801
236787
107
140
12234
17770
496
1694
529
4414
25630
236764
1586
506
5783
3861
529
496
90500
132215
236743
107
140
7705
6667
496
236743
236770
236770
236778
236778
7501
236761
107
140
107
140
236776
236743
236770
236770
236778
236778
7501
563
5221
618
496
7501
600
236787
107
140
236770
236761
17260
1581
3861
107
140
236778
236761
1701
1546
858
699
236743
236770
531
5980
236786
236778
236764
4820
657
10681
236743
236778
236747
236772
236770
532
236743
236778
236747
659
4745
568
236770
236772
114473
236768
107
140
236800
236761
7714
4414
11995
7412
3477
236743
236771
2782
653
7121
236743
236778
2782
528
506
7501
107
140
107
140
13432
236787
107
144
236749
236787
669
3861
529
506
3499
568
236770
6605
538
6605
236743
236778
236829
236770
236771
236884
236810
236768
107
144
236746
236787
669
3499
529
4414
25630
568
236770
6605
496
236840
236747
236842
6605
538
236768
107
140
107
140
42652
236787
107
144
818
5783
3861
529
496
90500
132215
600
563
496
236743
236770
236770
236778
236778
7501
107
140
107
140
22539
2631
236779
236770
236770
236778
236778
236779
154335
236779
3119
236769
236828
236764
870
236778
236764
236743
236800
236764
236743
236770
236764
236743
236770
236764
236743
236778
236764
236743
236778
236764
236743
236770
236764
236743
236770
2812
107
140
236812
107
140
22539
2631
236779
236770
236770
236778
236778
236779
154335
236779
3119
236769
236800
236764
870
236770
236764
236743
236778
236764
236743
236778
2812
107
140
236778
107
140
22539
2631
236779
236770
236770
236778
236778
236779
154335
236779
3119
236769
236770
236764
870
236770
2812
107
140
236771
107
140
12234
107
140
2074
236779
3469
578
236743
236771
107
140
1708
858
528
2644
236769
236749
1473
107
144
1708
673
528
2644
236769
236747
900
236743
236770
236764
538
900
236743
236770
1473
107
148
2204
236779
2513
578
496
236840
236747
236787
236804
236842
107
148
584
5980
236769
2204
236779
2513
236768
2144
236743
236778
1251
236743
236771
236787
107
152
511
236779
236770
236770
236778
236778
578
6288
107
152
26021
578
8637
107
152
1708
620
528
2644
236769
236771
236764
5980
236769
2204
236779
2513
779
236743
236778
1473
107
156
584
620
900
236743
236770
655
5980
236769
2204
236779
2513
236768
532
1159
236779
2513
236840
236767
236842
1251
1159
236779
2513
236840
236767
900
236743
236770
9414
107
160
584
1159
236779
2513
236840
236767
236842
711
528
18558
236787
107
164
26021
236840
2204
236779
2513
236840
236767
10660
578
236743
236771
107
160
26021
236840
2204
236779
2513
236840
236767
10660
3323
236743
236778
107
156
4454
236787
107
160
511
236779
236770
236770
236778
236778
578
8450
107
160
7284
107
152
107
152
584
563
236779
236770
236770
236778
236778
236787
107
156
4730
236779
26021
578
6288
107
156
1708
1527
528
18558
236761
7558
6141
107
160
584
1527
2843
236743
236778
236787
107
164
4730
236779
26021
578
8450
107
164
7284
107
156
584
4341
236779
26021
236787
107
160
2074
236779
3469
578
2631
236769
2074
236779
3469
236764
5980
236769
2204
236779
2513
1223
107
140
2060
2631
236779
3469
107
2717
106
107
105
2364
107
11069
3527
5686
8428
506
7713
236761
5715
236789
236751
506
3165
236787
107
17070
1942
568
3374
4803
2246
1774
1473
107
138
3202
137325
236767
4324
497
236773
236771
236811
236832
236824
236761
2551
827
1757
236743
236770
236771
236778
236764
528
655
7498
236813
107
140
4256
236769
2074
236779
236770
236770
236778
236778
236779
154335
236779
3119
236768
107
138
3202
137325
236767
4324
497
236773
236771
236811
236832
236824
236761
2551
827
1757
236743
236800
236810
236764
528
2426
107
140
10640
11054
236769
236812
236764
870
236770
236764
236743
236770
236764
236743
236778
236764
236743
236778
2812
1251
236743
236800
107
147
172109
172109
172109
172109
172109
172109
172109
38825
236884
107
132731
3494
111
2021
136030
236764
672
563
822
4209
236787
8847
506
2269
1292
14187
532
6484
2383
236764
6340
4144
506
1292
4970
532
1786
784
506
7713
236761
5213
10009
5244
98977
4455
232116
99382
108
3048
1374
20151
506
3393
611
12269
528
496
137349
3393
3355
568
1930
31608
236768
568
20890
795
85025
506
3303
5151
236768
106
107
105
4368
107
2717
6719
107
2543
28751
1419
4361
109
2063
2631
236779
236770
236770
236778
236778
236779
154335
236779
3119
236769
236749
236787
801
236764
496
236787
4361
236840
720
2812
3921
801
236787
107
140
12234
17770
496
1694
529
4414
25630
236764
1586
506
5783
3861
529
496
90500
132215
236743
107
140
7705
6667
496
236743
236770
236770
236778
236778
7501
236761
107
140
107
140
236776
236743
236770
236770
236778
236778
7501
563
5221
618
496
7501
600
236787
107
140
236770
236761
17260
1581
3861
107
140
236778
236761
1701
1546
858
699
236743
236770
531
5980
236786
236778
236764
4820
657
10681
236743
236778
236747
236772
236770
532
236743
236778
236747
659
4745
568
236770
236772
114473
236768
107
140
236800
236761
7714
4414
11995
7412
3477
236743
236771
2782
653
7121
236743
236778
2782
528
506
7501
107
140
107
140
13432
236787
107
144
236749
236787
669
3861
529
506
3499
568
236770
6605
538
6605
236743
236778
236829
236770
236771
236884
236810
236768
107
144
236746
236787
669
3499
529
4414
25630
568
236770
6605
496
236840
236747
236842
6605
538
236768
107
140
107
140
42652
236787
107
144
818
5783
3861
529
496
90500
132215
600
563
496
236743
236770
236770
236778
236778
7501
107
140
107
140
22539
2631
236779
236770
236770
236778
236778
236779
154335
236779
3119
236769
236828
236764
870
236778
236764
236743
236800
236764
236743
236770
236764
236743
236770
236764
236743
236778
236764
236743
236778
236764
236743
236770
236764
236743
236770
2812
107
140
236812
107
140
22539
2631
236779
236770
236770
236778
236778
236779
154335
236779
3119
236769
236800
236764
870
236770
236764
236743
236778
236764
236743
236778
2812
107
140
236778
107
140
22539
2631
236779
236770
236770
236778
236778
236779
154335
236779
3119
236769
236770
236764
870
236770
2812
107
140
236771
107
140
12234
107
140
2074
236779
3469
578
236743
236771
107
140
1708
858
528
2644
236769
236749
1473
107
144
1708
673
528
2644
236769
236747
900
236743
236770
236764
538
900
236743
236770
1473
107
148
2204
236779
2513
578
496
236840
236747
236787
236804
236842
107
148
584
5980
236769
2204
236779
2513
236768
2144
236743
236778
1251
236743
236771
236787
107
152
511
236779
236770
236770
236778
236778
578
6288
107
152
26021
578
8637
107
152
1708
620
528
2644
236769
236771
236764
5980
236769
2204
236779
2513
779
236743
236778
1473
107
156
584
620
900
236743
236770
655
5980
236769
2204
236779
2513
236768
532
1159
236779
2513
236840
236767
236842
1251
1159
236779
2513
236840
236767
900
236743
236770
9414
107
160
584
1159
236779
2513
236840
236767
236842
711
528
18558
236787
107
164
26021
236840
2204
236779
2513
236840
236767
10660
578
236743
236771
107
160
26021
236840
2204
236779
2513
236840
236767
10660
3323
236743
236778
107
156
4454
236787
107
160
511
236779
236770
236770
236778
236778
578
8450
107
160
7284
107
152
107
152
584
563
236779
236770
236770
236778
236778
236787
107
156
4730
236779
26021
578
6288
107
156
1708
1527
528
18558
236761
7558
6141
107
160
584
1527
2843
236743
236778
236787
107
164
4730
236779
26021
578
8450
107
164
7284
107
156
584
4341
236779
26021
236787
107
160
2074
236779
3469
578
2631
236769
2074
236779
3469
236764
5980
236769
2204
236779
2513
1223
107
140
2060
2631
236779
3469
107
2717
106
107
105
2364
107
11069
3527
5686
8428
506
7713
236761
5715
236789
236751
506
3165
236787
107
17070
1942
568
3374
4803
2246
1774
1473
107
138
3202
137325
236745
57902
236771
160848
236766
9438
236812
236761
2551
827
1757
236743
236770
236771
236778
236764
528
655
7498
236813
107
140
4256
236769
2074
236779
236770
236770
236778
236778
236779
154335
236779
3119
236768
107
138
3202
137325
236745
57902
236771
160848
236766
9438
236812
236761
2551
827
1757
236743
236800
236810
236764
528
2426
107
140
10640
11054
236769
236812
236764
870
236770
236764
236743
236770
236764
236743
236778
236764
236743
236778
2812
1251
236743
236800
107
147
172109
172109
172109
172109
172109
172109
172109
38825
236884
107
132731
3494
111
2021
136030
236764
672
563
822
4209
236787
8847
506
2269
1292
14187
532
6484
2383
236764
6340
4144
506
1292
4970
532
1786
784
506
7713
236761
5213
10009
5244
98977
4455
232116
99382
108
3048
1374
20151
506
3393
611
12269
528
496
137349
3393
3355
568
1930
31608
236768
568
20890
795
85025
506
3303
5151
236768
106
107
105
4368
107
2717
6719
107
2543
28751
1419
4361
109
2063
2631
236779
236770
236770
236778
236778
236779
154335
236779
3119
236769
236749
236787
801
236764
496
236787
4361
236840
720
2812
3921
801
236787
107
140
12234
17770
496
1694
529
4414
25630
236764
1586
506
5783
3861
529
496
90500
132215
236743
107
140
7705
6667
496
236743
236770
236770
236778
236778
7501
236761
107
140
107
140
236776
236743
236770
236770
236778
236778
7501
563
5221
618
496
7501
600
236787
107
140
236770
236761
17260
1581
3861
107
140
236778
236761
1701
1546
858
699
236743
236770
531
5980
236786
236778
236764
4820
657
10681
236743
236778
236747
236772
236770
532
236743
236778
236747
659
4745
568
236770
236772
114473
236768
107
140
236800
236761
7714
4414
11995
7412
3477
236743
236771
2782
653
7121
236743
236778
2782
528
506
7501
107
140
107
140
13432
236787
107
144
236749
236787
669
3861
529
506
3499
568
236770
6605
538
6605
236743
236778
236829
236770
236771
236884
236810
236768
107
144
236746
236787
669
3499
529
4414
25630
568
236770
6605
496
236840
236747
236842
6605
538
236768
107
140
107
140
42652
236787
107
144
818
5783
3861
529
496
90500
132215
600
563
496
236743
236770
236770
236778
236778
7501
107
140
107
140
22539
2631
236779
236770
236770
236778
236778
236779
154335
236779
3119
236769
236828
236764
870
236778
236764
236743
236800
236764
236743
236770
236764
236743
236770
236764
236743
236778
236764
236743
236778
236764
236743
236770
236764
236743
236770
2812
107
140
236812
107
140
22539
2631
236779
236770
236770
236778
236778
236779
154335
236779
3119
236769
236800
236764
870
236770
236764
236743
236778
236764
236743
236778
2812
107
140
236778
107
140
22539
2631
236779
236770
236770
236778
236778
236779
154335
236779
3119
236769
236770
236764
870
236770
2812
107
140
236771
107
140
12234
107
140
2074
236779
3469
578
236743
236771
107
140
1708
858
528
2644
236769
236749
1473
107
144
1708
673
528
2644
236769
236747
900
236743
236778
236764
538
900
236743
236770
236764
236743
236778
1473
107
148
2204
236779
2513
578
496
236840
236747
236787
236804
236842
107
148
584
5980
236769
2204
236779
2513
236768
2144
236743
236778
1251
236743
236771
236787
107
152
511
236779
236770
236770
236778
236778
578
6288
107
152
26021
578
8637
107
152
1708
620
528
2644
236769
236771
236764
5980
236769
2204
236779
2513
779
236743
236778
1473
107
156
584
620
900
236743
236770
655
5980
236769
2204
236779
2513
236768
532
1159
236779
2513
236840
236767
236842
1251
1159
236779
2513
236840
236767
900
236743
236770
9414
107
160
584
1159
236779
2513
236840
236767
236842
711
528
18558
236787
107
164
26021
236840
2204
236779
2513
236840
236767
10660
578
236743
236771
107
160
26021
236840
2204
236779
2513
236840
236767
10660
3323
236743
236778
107
156
4454
236787
107
160
511
236779
236770
236770
236778
236778
578
8450
107
160
7284
108
152
584
563
236779
236770
236770
236778
236778
236787
107
156
4730
236779
26021
578
6288
107
156
1708
1527
528
18558
236761
7558
6141
107
160
584
1527
2843
236743
236778
236787
107
164
4730
236779
26021
578
8450
107
164
7284
107
156
584
4341
236779
26021
236787
107
160
2074
236779
3469
578
2631
236769
2074
236779
3469
236764
5980
236769
2204
236779
2513
1223
107
140
2060
2631
236779
3469
107
2717
106
107