248045
846
198
4274
279
2614
709
11618
321
4479
889
11
6999
4072
279
709
7246
321
1440
660
279
6813
13
2972
5683
4045
67305
3067
13209
50
159029
271
2523
1220
14623
279
1970
488
10490
303
264
64504
1970
2424
318
784
9609
31789
318
19458
668
31153
279
3889
5568
8
271
71093
198
1445
18904
1120
1697
1358
727
1262
49162
45941
20449
25
1697
18078
1089
580
25
514
8
1411
514
25
198
262
4071
15767
449
1287
10001
321
449
7308
580
11
1423
264
1146
1595
1680
421
279
10424
6463
695
262
1881
580
321
279
94589
2639
314
279
1146
1595
5255
369
78284
13
198
1031
262
357
1146
1595
369
264
64258
2397
38127
8240
314
5255
2785
449
1287
13
198
1031
262
17167
25
198
285
10001
25
1697
314
6572
24959
318
16
2564
10001
957
60
2564
220
16
15
61
24
8
198
285
580
25
13095
869
318
16
2564
580
2564
220
16
15
61
24
8
198
1031
262
5019
25
198
285
561
7776
3102
869
314
735
74
471
318
4341
4334
2639
314
1146
1595
17399
198
1031
262
11765
1262
49162
45941
2477
16
11
220
17
11
220
19
11
220
20
1089
220
18
8
198
262
220
15
198
262
11765
1262
49162
45941
2477
16
11
220
18
11
220
16
11
220
18
1089
220
17
8
198
262
220
16
198
262
11765
1262
49162
45941
2477
16
1089
220
16
15
8
198
262
220
24
198
262
4071
271
727
1716
69574
1590
198
262
653
3284
4886
494
9989
198
262
1992
8871
2477
16
11
220
17
11
220
19
11
220
20
1089
220
18
8
606
220
15
198
262
1992
8871
2477
16
11
220
18
11
220
16
11
220
18
1089
220
17
8
606
220
16
198
262
1992
8871
2477
16
1089
220
16
15
8
606
220
23
6987
262
653
22484
1228
4886
3018
383
279
3377
16484
198
262
653
11000
2315
17839
198
262
1992
8871
2477
20
1089
220
20
8
606
220
15
198
262
1992
8871
2477
23
1089
220
18
8
606
220
20
6987
262
653
22251
1332
2639
16327
580
6681
198
262
1992
8871
2477
16
11
220
17
1089
220
18
8
606
220
15
220
653
220
16
2639
220
17
283
220
18
198
262
1992
8871
2477
19
11
220
18
1089
220
22
8
606
220
15
220
653
220
19
2639
220
18
283
220
22
6987
262
653
78020
17839
198
262
1992
8871
2477
16
11
220
17
11
220
19
11
220
23
1089
220
16
20
8
606
220
15
220
653
220
16
2639
220
17
2639
220
19
2639
220
23
283
220
16
20
198
262
1992
8871
2477
16
11
220
16
11
220
16
1089
220
16
8
606
220
15
220
653
5586
1146
1595
6486
2639
283
220
16
6987
262
653
44487
1332
567
1144
310
1423
17554
2639
869
198
262
1992
8871
2477
17
11
220
19
11
220
23
1089
220
18
8
606
220
16
220
653
12659
267
369
220
17
318
1445
1146
1595
498
17
2387
198
262
1992
8871
2477
20
11
220
16
15
11
220
16
20
1089
220
22
8
606
220
17
220
653
220
20
369
17554
310
220
22
271
2
5272
1716
13741
49162
45941
8
310
1542
6813
13
198
71093
248046
198
248045
74455
198
71093
12305
198
1445
18904
1120
1697
1358
727
1262
49162
45941
20449
25
1697
18078
1089
580
25
514
8
1411
514
25
198
262
4071
15767
449
1287
10001
321
449
7308
580
11
1423
264
1146
1595
1680
421
279
10424
6463
695
262
1881
580
321
279
94589
2639
314
279
1146
1595
5255
369
78284
13
198
1031
262
357
1146
1595
369
264
64258
2397
38127
8240
314
5255
2785
449
1287
13
198
1031
262
17167
25
198
285
10001
25
1697
314
6572
24959
318
16
2564
10001
957
60
2564
220
16
15
61
24
8
198
285
580
25
13095
869
318
16
2564
580
2564
220
16
15
61
24
8
198
1031
262
5019
25
198
285
561
7776
3102
869
314
735
74
471
318
4341
4334
2639
314
1146
1595
17399
198
1031
262
11765
1262
49162
45941
2477
16
11
220
17
11
220
19
11
220
20
1089
220
18
8
198
262
220
15
198
262
11765
1262
49162
45941
2477
16
11
220
18
11
220
16
11
220
18
1089
220
17
8
198
262
220
16
198
262
11765
1262
49162
45941
2477
16
1089
220
16
15
8
198
262
220
24
198
262
4071
198
262
307
283
2343
20449
8
198
262
413
307
606
220
15
25
198
285
460
3523
5781
8
198
1031
262
1262
15384
283
2153
482
13180
837
198
1031
262
653
1690
1754
5732
2234
11
3627
660
4752
2639
2663
314
1146
64633
5732
506
421
2234
13
198
262
653
1165
628
10000
264
716
314
2639
2663
430
567
12663
279
1146
1595
310
279
1245
13
198
262
653
8439
279
1324
314
4752
2639
2663
369
6973
318
266
1379
3835
18
15
12103
2663
4016
310
2612
12261
681
198
262
653
567
628
28750
28662
13
198
1031
262
364
585
303
2020
1393
1590
198
285
653
1428
62
1052
25
716
314
2639
2663
364
1146
64633
5732
506
1857
585
321
13004
506
1010
492
2518
585
198
285
1428
62
1052
283
716
363
198
285
364
492
303
2020
1889
11
307
1590
198
309
653
2604
10001
3681
60
310
660
6149
2639
2663
11
5346
279
3074
2315
10001
3681
60
198
309
491
62
1052
283
716
363
198
309
364
1009
303
1428
62
1052
25
198
388
491
62
1052
1316
8825
735
10001
3681
2387
198
309
491
62
1052
1316
20449
3681
2387
198
309
1428
62
1052
283
491
62
1052
18015
309
364
1009
303
1428
62
1052
25
198
388
3515
283
3523
5781
471
1009
8
198
388
413
3515
361
1262
15384
25
198
493
1262
15384
283
3515
6987
262
460
1262
15384
1358
727
1716
69574
1590
198
262
653
3284
4886
494
9989
198
262
1992
8871
2477
16
11
220
17
11
220
19
11
220
20
1089
220
18
8
606
220
15
198
262
1992
8871
2477
16
11
220
18
11
220
16
11
220
18
1089
220
17
8
606
220
16
198
262
1992
8871
2477
16
1089
220
16
15
8
606
220
23
6987
262
653
22484
1228
4886
3018
383
279
3377
16484
198
262
653
11000
2315
17839
198
262
1992
8871
2477
20
1089
220
20
8
606
220
15
198
262
1992
8871
2477
23
1089
220
18
8
606
220
20
6987
262
653
22251
1332
2639
16327
580
6681
198
262
1992
8871
2477
16
11
220
17
1089
220
18
8
606
220
15
220
653
220
16
2639
220
17
283
220
18
198
262
1992
8871
2477
19
11
220
18
1089
220
22
8
606
220
15
220
653
220
19
2639
220
18
283
220
22
6987
262
653
78020
17839
198
262
1992
8871
2477
16
11
220
17
11
220
19
11
220
23
1089
220
16
20
8
606
220
15
220
653
220
16
2639
220
17
2639
220
19
2639
220
23
283
220
16
20
198
262
1992
8871
2477
16
11
220
16
11
220
16
1089
220
16
8
606
220
15
220
653
5586
1146
1595
6486
2639
283
220
16
6987
262
653
44487
1332
567
1144
310
1423
17554
2639
869
198
262
1992
8871
2477
17
11
220
19
11
220
23
1089
220
18
8
606
220
16
220
653
12659
267
369
220
17
318
1445
1146
1595
498
17
2387
198
262
1992
8871
2477
20
11
220
16
15
11
220
16
20
1089
220
22
8
606
220
17
220
653
220
20
369
17554
310
220
22
271
2
5272
1716
13741
49162
45941
8
310
1542
6813
13
198
71093
248046
198
248045
846
198
7525
3555
4621
4490
279
6813
13
5514
579
279
1412
25
198
6347
1371
318
3444
3110
1562
1483
1590
198
220
2793
34397
71
57
15
16
30452
41
23762
15
6971
487
1500
220
16
17
20
11
303
361
4211
29
198
262
1716
13741
49162
45941
8
198
220
2793
34397
71
57
15
16
30452
41
23762
15
6971
487
1500
220
16
15
19
11
303
1716
198
262
1992
8871
2477
16
1089
220
16
15
8
606
220
23
198
1779
6108
59641
59641
59641
59641
59641
21203
198
66317
1401
14200
1206
311
40138
11
411
369
678
3274
25
4310
279
2614
709
11618
321
4479
889
11
6999
4072
279
709
7246
321
1440
660
279
6813
13
2972
5683
4045
67305
3067
13209
50
159029
271
2523
1220
14623
279
1970
488
10490
303
264
64504
1970
2424
318
784
9609
31789
318
19458
668
31153
279
3889
5568
8
248046
198
248045
74455
198
248068
271
248069
271
71093
12305
198
1445
18904
1120
1697
1358
727
1262
49162
45941
20449
25
1697
18078
1089
580
25
514
8
1411
514
25
198
262
4071
15767
449
1287
10001
321
449
7308
580
11
1423
264
1146
1595
1680
421
279
10424
6463
695
262
1881
580
321
279
94589
2639
314
279
1146
1595
5255
369
78284
13
198
1031
262
357
1146
1595
369
264
64258
2397
38127
8240
314
5255
2785
449
1287
13
198
1031
262
17167
25
198
285
10001
25
1697
314
6572
24959
318
16
2564
10001
957
60
2564
220
16
15
61
24
8
198
285
580
25
13095
869
318
16
2564
580
2564
220
16
15
61
24
8
198
1031
262
5019
25
198
285
561
7776
3102
869
314
735
74
471
318
4341
4334
2639
314
1146
1595
17399
198
1031
262
11765
1262
49162
45941
2477
16
11
220
17
11
220
19
11
220
20
1089
220
18
8
198
262
220
15
198
262
11765
1262
49162
45941
2477
16
11
220
18
11
220
16
11
220
18
1089
220
17
8
198
262
220
16
198
262
11765
1262
49162
45941
2477
16
1089
220
16
15
8
198
262
220
24
198
262
4071
198
262
307
283
2343
20449
8
198
262
413
307
606
220
15
25
198
285
460
3523
5781
8
198
1031
262
1262
15384
283
2153
482
13180
837
198
1031
262
653
1690
1754
5732
2234
11
3627
660
4752
2639
2663
314
1146
64633
5732
506
421
2234
13
198
262
653
1165
628
10000
264
716
314
2639
2663
430
567
12663
279
1146
1595
310
279
1245
13
198
262
653
8439
279
1324
314
4752
2639
2663
369
6973
318
266
1379
3835
18
15
12103
2663
4016
310
2612
12261
681
198
262
653
567
628
28750
28662
13
198
1031
262
364
585
303
2020
1393
1590
198
285
653
1428
62
1052
25
716
314
2639
2663
364
1146
64633
5732
506
1857
585
321
13004
506
1010
492
2518
585
198
285
1428
62
1052
283
716
363
198
285
364
492
303
2020
1889
11
307
1590
198
309
653
2604
10001
3681
60
310
660
6149
2639
2663
11
5346
279
3074
2315
10001
3681
60
198
309
491
62
1052
283
716
363
198
309
364
1009
303
1428
62
1052
25
198
388
491
62
1052
1316
8825
735
10001
3681
2387
198
309
491
62
1052
1316
20449
3681
2387
198
309
1428
62
1052
283
491
62
1052
18015
309
364
1009
303
1428
62
1052
25
198
388
3515
283
3523
5781
471
1009
8
198
388
413
3515
361
1262
15384
25
198
493
1262
15384
283
3515
6987
262
460
1262
15384
1358
727
1716
69574
1590
198
262
653
3284
4886
494
9989
198
262
1992
8871
2477
16
11
220
17
11
220
19
11
220
20
1089
220
18
8
606
220
15
198
262
1992
8871
2477
16
11
220
18
11
220
16
11
220
18
1089
220
17
8
606
220
16
198
262
1992
8871
2477
16
1089
220
16
15
8
606
220
24
6987
262
653
22484
1228
4886
3018
383
279
3377
16484
198
262
653
11000
2315
17839
198
262
1992
8871
2477
20
1089
220
20
8
606
220
15
198
262
1992
8871
2477
23
1089
220
18
8
606
220
20
6987
262
653
22251
1332
2639
16327
580
6681
198
262
1992
8871
2477
16
11
220
17
1089
220
18
8
606
220
15
220
653
220
16
2639
220
17
283
220
18
198
262
1992
8871
2477
19
11
220
18
1089
220
22
8
606
220
15
220
653
220
19
2639
220
18
283
220
22
6987
262
653
78020
17839
198
262
1992
8871
2477
16
11
220
17
11
220
19
11
220
23
1089
220
16
20
8
606
220
15
220
653
220
16
2639
220
17
2639
220
19
2639
220
23
283
220
16
20
198
262
1992
8871
2477
16
11
220
16
11
220
16
1089
220
16
8
606
220
15
220
653
5586
1146
1595
6486
2639
283
220
16
6987
262
653
44487
1332
567
1144
310
1423
17554
2639
869
198
262
1992
8871
2477
17
11
220
19
11
220
23
1089
220
18
8
606
220
16
220
653
12659
267
369
220
17
318
1445
1146
1595
498
17
2387
198
262
1992
8871
2477
20
11
220
16
15
11
220
16
20
1089
220
22
8
606
220
17
220
653
220
20
369
17554
310
220
22
271
2
5272
1716
13741
49162
45941
8
310
1542
6813
13
198
71093
248046
198