248045
846
198
4274
279
2614
709
11618
321
4479
889
11
6999
4072
279
709
7246
321
1440
660
279
6813
13
2972
5683
4045
67305
3067
13209
50
159029
271
2523
1220
14623
279
1970
488
10490
303
264
64504
1970
2424
318
784
9609
31789
318
19458
668
31153
279
3889
5568
8
271
71093
198
1445
18904
1120
1697
1358
727
59373
29626
2270
68
89394
24515
25
1697
50246
18078
28649
1411
592
25
198
262
4071
6834
264
10490
59373
2308
565
4534
68
1746
383
264
220
18
87
18
5646
1332
1754
2691
682
264
869
13
198
1031
262
32187
1413
29389
318
3765
2693
8
321
357
36926
318
5394
2693
8
1831
10263
18207
4022
7515
13
198
262
3095
264
2693
38587
264
2691
11
781
5284
279
3387
303
421
2691
321
5984
424
836
1829
198
262
318
51
73813
29389
25
2438
11
357
36926
25
6105
553
198
1031
262
561
1746
10029
948
25
198
262
471
357
2693
5055
220
18
23173
7515
314
836
1829
318
633
86201
3336
72
22718
8
471
421
2693
14387
198
262
471
1942
7515
513
23235
471
279
2693
440
4918
2702
5284
14387
6987
262
11396
4078
1432
7314
722
13
561
2542
314
660
2663
303
279
5646
369
18739
310
381
10016
13
198
1031
262
17167
25
198
285
5646
25
357
220
18
87
18
5646
314
24959
13661
2691
2663
8675
262
5019
25
198
285
328
51
73813
29389
1
413
32187
1413
29389
14387
11
328
32
36926
1
413
357
36926
14387
8675
262
11765
59373
29626
2270
68
89394
26247
15
11
220
15
11
220
15
1089
498
15
11
220
16
11
220
15
1089
498
15
11
220
15
11
220
15
28649
198
262
359
51
73813
29389
6
198
262
11765
59373
29626
2270
68
89394
2477
7368
16
11
220
16
11
220
15
1089
9758
19
11
471
17
11
471
20
1089
9758
19
11
471
16
11
471
20
28649
198
262
359
32
36926
6
198
262
4071
271
727
1716
69574
1590
198
262
653
18564
1228
4886
198
262
1992
8871
26247
15
11
220
15
11
220
15
1089
498
15
11
220
16
11
220
15
1089
498
15
11
220
15
11
220
15
28649
606
359
51
73813
29389
6
198
262
1992
8871
2477
7368
16
11
220
16
11
220
15
1089
9758
19
11
471
17
11
471
20
1089
9758
19
11
471
16
11
471
20
28649
606
359
32
36926
6
198
1031
262
653
22484
1228
4886
198
262
1992
8871
2477
7368
17
16
16
19
15
19
18
15
20
11
220
17
21
24
18
20
24
15
23
16
11
220
22
18
21
22
24
20
19
20
15
1089
9758
21
16
18
21
16
23
19
16
21
11
220
22
17
19
18
21
23
18
16
20
11
471
24
17
19
16
17
17
19
20
19
1089
9758
24
17
23
16
21
23
21
23
18
11
471
19
17
23
22
20
16
20
18
24
11
471
18
19
21
19
24
15
16
20
15
28649
606
359
32
36926
6
198
262
1992
8871
26247
17
17
21
18
23
22
20
23
24
11
471
16
16
18
23
23
22
15
20
11
220
24
18
18
19
18
21
18
18
15
1089
498
20
17
20
19
22
24
24
20
19
11
471
22
23
20
24
16
17
20
15
15
11
471
20
16
18
24
20
22
17
18
21
1089
498
18
15
24
23
17
21
19
17
17
11
471
23
23
23
19
22
18
20
21
16
11
220
19
24
21
17
17
20
23
21
21
28649
606
359
32
36926
6
198
262
1992
8871
2477
7368
20
23
19
24
21
18
22
16
22
11
220
18
15
22
22
16
22
19
22
18
11
220
16
20
18
22
18
23
18
16
21
1089
9758
18
19
22
21
23
20
21
24
21
11
220
17
18
15
17
16
17
17
23
18
11
471
19
24
19
24
23
22
19
23
22
1089
9758
19
15
19
15
23
24
24
17
18
11
220
23
17
17
15
19
23
18
15
20
11
471
20
18
24
16
16
16
16
19
22
28649
606
359
32
36926
6
198
262
1992
8871
2477
7368
21
19
21
21
20
18
23
18
21
11
220
22
16
20
15
21
24
22
16
11
220
17
24
16
15
19
23
23
20
24
1089
9758
23
16
19
15
20
19
15
21
16
11
220
18
19
22
18
18
23
21
22
15
11
471
18
24
15
15
20
23
21
20
20
1089
498
24
22
18
23
15
24
18
21
24
11
220
16
18
16
21
17
15
23
15
20
11
220
18
19
15
22
17
21
24
19
24
28649
606
359
51
73813
29389
6
198
262
1992
8871
26247
23
19
20
24
24
18
19
17
22
11
471
24
23
23
24
21
19
19
23
23
11
220
22
17
19
23
22
22
19
19
15
1089
9758
20
19
18
24
16
24
23
24
24
11
220
19
24
15
15
24
22
20
15
15
11
471
23
15
16
19
19
15
23
23
15
1089
9758
23
22
19
15
21
23
23
19
22
11
471
21
18
15
19
24
17
17
19
24
11
220
24
21
24
15
20
16
20
24
24
28649
606
359
32
36926
6
198
262
1992
8871
2477
7368
17
18
23
21
22
16
22
20
21
11
471
18
20
21
21
21
18
22
15
22
11
220
20
21
16
19
20
15
15
20
17
1089
9758
23
15
18
20
19
18
18
21
20
11
220
24
16
23
15
23
22
16
19
18
11
471
24
21
19
22
21
22
17
15
20
1089
9758
19
23
18
23
20
15
21
18
17
11
471
17
22
19
15
20
15
19
22
23
11
471
22
19
17
15
24
15
17
15
16
28649
606
359
51
73813
29389
6
198
262
1992
8871
2477
7368
16
19
18
18
18
16
15
19
23
11
471
24
22
24
17
21
21
15
21
17
11
220
17
16
15
16
24
24
23
20
24
1089
9758
17
22
19
22
20
21
18
21
15
11
220
16
22
22
23
20
23
21
18
19
11
471
17
16
19
17
21
22
15
18
20
1089
9758
20
18
24
24
24
22
15
20
16
11
471
24
15
16
19
19
20
18
19
24
11
220
18
17
23
15
19
22
15
19
20
28649
606
359
32
36926
6
198
262
1992
8871
2477
7368
22
23
24
23
22
22
19
24
21
11
471
24
16
15
20
20
15
18
18
15
11
471
19
24
23
19
23
23
20
19
16
1089
9758
17
18
16
17
23
23
19
24
23
11
220
18
15
17
21
24
20
15
18
22
11
220
19
17
19
24
15
16
18
23
20
1089
9758
22
18
21
24
24
18
24
19
23
11
471
24
16
23
20
15
16
19
17
20
11
220
20
17
22
16
16
24
24
23
24
28649
606
359
32
36926
6
198
262
1992
8871
26247
18
15
18
19
20
18
24
21
19
11
471
20
23
17
17
23
24
18
24
21
11
220
24
23
22
15
18
23
24
17
15
1089
498
16
18
19
24
15
16
21
20
24
11
471
18
22
18
16
16
19
19
20
24
11
220
20
16
15
20
21
22
22
19
21
1089
498
23
17
19
20
19
20
21
21
15
11
220
22
19
22
18
21
20
22
21
16
11
220
17
15
17
22
24
22
23
18
15
28649
606
359
51
73813
29389
6
198
262
1992
8871
2477
7368
24
18
21
19
15
22
18
19
11
471
22
24
23
23
20
21
24
19
16
11
471
22
18
15
22
15
22
17
16
16
1089
498
17
24
16
20
23
20
16
19
11
220
22
15
19
17
18
23
22
22
20
11
220
23
20
15
15
20
17
15
19
22
1089
498
22
15
23
23
20
17
16
16
20
11
471
16
18
17
17
19
15
24
15
21
11
220
22
23
20
23
18
24
18
16
15
28649
606
359
51
73813
29389
6
198
262
1992
8871
26247
19
17
20
16
22
17
22
17
17
11
471
17
21
17
19
23
22
18
24
21
11
471
17
20
21
18
19
21
22
18
20
1089
9758
18
21
24
17
20
15
17
19
19
11
471
17
15
16
21
21
17
23
20
19
11
220
18
17
21
17
20
22
15
21
22
1089
9758
23
16
23
20
20
24
16
19
19
11
220
23
18
18
24
16
19
15
23
11
220
23
23
20
19
22
16
20
20
16
28649
606
359
51
73813
29389
6
198
262
1992
8871
26247
23
23
22
22
18
15
20
22
15
11
471
17
15
19
21
24
16
23
20
15
11
220
16
22
19
17
15
22
20
24
18
1089
9758
23
22
21
19
16
15
17
22
17
11
220
21
19
23
16
16
19
17
16
11
471
24
19
20
24
16
17
20
23
17
1089
9758
24
16
19
19
21
20
21
15
23
11
471
18
18
22
23
16
22
21
17
23
11
220
16
15
24
22
22
23
16
24
22
28649
606
359
32
36926
6
198
262
1992
8871
2477
7368
20
22
19
24
21
21
17
18
19
11
471
22
23
21
15
23
16
22
20
16
11
471
22
23
21
17
20
20
17
23
17
1089
498
24
20
24
23
20
20
20
18
11
220
23
23
23
18
20
16
20
24
24
11
220
17
18
15
20
22
21
24
24
24
1089
498
24
18
20
20
17
18
19
20
19
11
471
19
16
19
24
17
21
20
15
15
11
471
19
20
20
17
23
16
17
19
18
28649
606
359
32
36926
6
198
262
1992
8871
2477
7368
18
19
22
24
22
16
23
15
11
471
20
21
17
17
15
22
24
15
21
11
471
16
22
21
15
22
15
18
16
21
1089
498
17
24
19
19
22
21
22
22
21
11
220
16
23
18
15
16
18
15
23
17
11
220
23
22
23
23
24
21
15
20
24
1089
498
16
16
19
22
22
22
24
16
20
11
220
20
20
17
21
15
23
24
22
20
11
471
22
18
18
19
18
17
15
24
19
28649
606
359
51
73813
29389
6
198
262
1992
8871
2477
7368
23
24
21
19
19
24
15
17
24
11
220
19
20
19
16
20
22
20
22
21
11
471
24
18
19
16
20
15
18
20
21
1089
9758
19
20
23
22
24
15
19
23
22
11
220
20
17
20
21
23
22
20
17
23
11
471
18
15
18
15
17
24
23
18
1089
498
18
24
19
24
21
20
16
20
16
11
471
19
23
16
16
15
19
17
17
15
11
471
23
15
16
18
17
24
24
21
16
28649
606
359
51
73813
29389
6
198
262
1992
8871
2477
7368
23
16
23
19
24
22
16
23
23
11
471
23
18
23
22
23
23
17
21
21
11
471
23
16
20
22
20
17
23
21
17
1089
9758
16
19
15
15
24
22
23
21
16
11
220
16
16
21
24
20
16
22
20
21
11
471
23
23
15
16
17
16
21
20
24
1089
498
19
22
23
19
15
18
20
21
24
11
471
22
24
22
21
17
17
23
21
17
11
471
24
19
24
18
17
24
21
20
23
28649
606
359
32
36926
6
198
262
1992
8871
2477
7368
21
23
20
19
15
21
24
15
23
11
220
21
24
16
19
16
18
17
23
19
11
220
17
22
23
22
15
15
20
21
24
1089
498
18
24
15
20
18
19
21
22
23
11
471
24
23
22
15
22
22
17
23
22
11
471
24
24
23
18
20
18
18
15
15
1089
498
16
18
22
19
23
16
17
22
19
11
471
18
21
24
22
18
15
22
24
17
11
220
21
15
20
20
18
24
21
24
20
28649
606
359
51
73813
29389
6
198
262
1992
8871
26247
22
24
18
21
19
22
19
24
20
11
471
17
16
19
16
24
24
24
24
24
11
471
20
19
15
24
22
21
16
24
16
1089
9758
21
17
15
19
21
21
19
17
19
11
220
24
23
15
19
24
15
19
19
16
11
471
20
17
19
24
18
22
21
21
24
1089
9758
16
19
15
18
22
23
18
16
20
11
220
16
21
23
17
20
24
24
23
17
11
471
18
19
16
17
18
15
20
20
16
28649
606
359
32
36926
6
198
262
1992
8871
2477
7368
24
15
24
18
15
15
17
20
23
11
471
21
20
24
15
20
22
15
17
24
11
471
22
24
23
19
15
21
15
22
17
1089
498
19
15
20
17
24
19
20
24
17
11
220
20
15
17
18
18
20
16
16
15
11
220
21
17
24
15
20
20
23
19
22
1089
498
21
24
23
20
15
19
16
16
17
11
471
17
17
16
23
21
20
24
21
15
11
471
18
16
19
23
22
18
22
23
24
28649
606
359
32
36926
6
198
262
1992
8871
2477
7368
18
22
23
22
24
20
21
23
21
11
471
17
20
17
23
21
22
22
23
23
11
471
21
17
21
19
17
15
18
16
22
1089
498
16
16
21
20
23
20
20
15
18
11
220
24
16
21
23
17
21
20
19
22
11
220
18
21
19
15
16
18
16
23
1089
498
21
23
20
17
16
23
20
18
24
11
471
17
21
24
20
19
23
17
22
21
11
471
20
17
23
17
20
15
22
15
16
28649
606
359
32
36926
6
271
2
5272
1716
1117
291
29626
2270
68
89394
8
310
1542
6813
13
198
71093
248046
198
248045
74455
198
71093
12305
198
1445
18904
1120
1697
1358
727
59373
29626
2270
68
89394
24515
25
1697
50246
18078
28649
1411
592
25
198
262
4071
6834
264
10490
59373
2308
565
4534
68
1746
383
264
220
18
87
18
5646
1332
1754
2691
682
264
869
13
198
1031
262
32187
1413
29389
318
3765
2693
8
321
357
36926
318
5394
2693
8
1831
10263
18207
4022
7515
13
198
262
3095
264
2693
38587
264
2691
11
781
5284
279
3387
303
421
2691
321
5984
424
836
1829
198
262
318
51
73813
29389
25
2438
11
357
36926
25
6105
553
198
1031
262
561
1746
10029
948
25
198
262
471
357
2693
5055
220
18
23173
7515
314
836
1829
318
633
86201
3336
72
22718
8
471
421
2693
14387
198
262
471
1942
7515
513
23235
471
279
2693
440
4918
2702
5284
14387
6987
262
11396
4078
1432
7314
722
13
561
2542
314
660
2663
303
279
5646
369
18739
310
381
10016
13
198
1031
262
17167
25
198
285
5646
25
357
220
18
87
18
5646
314
24959
13661
2691
2663
8675
262
5019
25
198
285
328
51
73813
29389
1
413
32187
1413
29389
14387
11
328
32
36926
1
413
357
36926
14387
8675
262
11765
59373
29626
2270
68
89394
26247
15
11
220
15
11
220
15
1089
498
15
11
220
16
11
220
15
1089
498
15
11
220
15
11
220
15
28649
198
262
359
51
73813
29389
6
198
262
11765
59373
29626
2270
68
89394
2477
7368
16
11
220
16
11
220
15
1089
9758
19
11
471
17
11
471
20
1089
9758
19
11
471
16
11
471
20
28649
198
262
359
32
36926
6
198
262
4071
198
262
653
1165
1144
310
36213
22113
1432
1608
20537
686
13
198
262
653
561
1746
1528
628
381
14807
539
25
198
262
653
471
864
7515
599
978
4284
318
24
9192
8
198
262
653
471
32187
1413
29389
579
5284
198
262
653
471
357
36926
579
5284
198
262
653
1921
567
1048
1144
310
3627
852
579
2404
424
369
11
321
1716
364
10666
4530
13
198
1031
262
653
6558
579
3875
279
5646
1528
430
264
13992
314
220
24
2663
25
220
15
283
4147
11
220
16
283
32187
1413
29389
11
220
17
283
357
36926
198
262
653
1165
3172
958
20537
686
440
8029
65358
82253
13
198
1031
262
653
36965
318
1748
11
7890
11
81122
1091
8
198
262
4965
283
498
198
285
318
15
11
220
16
11
220
17
681
256
653
2713
220
15
198
285
318
18
11
220
19
11
220
20
681
256
653
2713
220
16
198
285
318
21
11
220
22
11
220
23
681
256
653
2713
220
17
198
285
318
15
11
220
18
11
220
21
681
256
653
1327
220
15
198
285
318
16
11
220
19
11
220
22
681
256
653
1327
220
16
198
285
318
17
11
220
20
11
220
23
681
256
653
1327
220
17
198
285
318
15
11
220
19
11
220
23
681
256
653
36004
198
285
318
17
11
220
19
11
220
21
681
256
653
6923
48601
22718
198
262
2205
198
1031
262
687
1716
89394
8130
1590
198
285
4071
3840
413
1017
579
264
13239
13
5019
220
16
413
32187
1413
29389
14387
11
220
17
413
357
36926
14387
11
2168
5752
71483
198
285
364
1500
303
4965
25
198
309
264
11
292
11
272
283
1500
198
309
413
1528
15027
60
606
220
16
321
1528
17932
60
606
220
16
321
1528
12090
60
606
220
16
25
198
388
460
220
16
198
309
413
1528
15027
60
606
220
17
321
1528
17932
60
606
220
17
321
1528
12090
60
606
220
17
25
198
388
460
220
17
198
285
460
2168
6987
262
687
369
15891
8130
1590
198
285
460
660
1104
931
220
15
364
274
303
1528
8
198
1031
262
687
615
14683
36546
8130
1590
198
285
460
498
72
364
585
303
2020
7
24
8
413
1528
957
60
606
220
15
60
198
1031
262
687
20537
686
8130
11
369
516
73813
29389
36040
11
17577
1413
29389
10095
11
264
36926
10095
11
8029
11
13053
1590
198
285
4071
198
285
5019
279
14830
494
32187
1413
29389
579
12682
25
198
285
471
478
16
413
32187
1413
29389
14387
198
285
471
471
16
413
357
36926
14387
198
285
4071
198
285
653
4109
413
1428
2693
1066
2677
318
559
1220
599
978
9770
1518
7842
8
198
285
653
32645
11
567
1716
364
13239
1238
3154
264
3166
13
198
1726
285
13239
283
1716
89394
8130
8
198
285
413
13239
606
220
16
25
198
309
460
220
16
220
653
32187
1413
29389
14387
198
285
413
13239
606
220
17
25
198
309
460
471
16
220
653
357
36926
14387
8675
285
413
369
15891
8130
1590
198
309
653
3914
9202
440
874
1500
13239
11
9150
11857
198
309
413
17577
1413
29389
10095
835
264
36926
10095
25
198
388
460
220
16
198
309
745
25
198
388
460
471
16
8675
285
4147
36546
283
615
14683
36546
8130
8
198
1726
285
413
369
516
73813
29389
36040
25
198
309
1786
5996
283
471
3524
482
13180
837
198
309
364
2691
303
4147
36546
25
198
388
1528
79517
60
283
220
16
198
388
491
516
570
10095
283
17577
1413
29389
10095
478
5646
79517
434
220
18
1404
5691
984
220
18
60
198
388
1009
283
20537
686
8130
11
3439
11
491
516
570
10095
11
264
36926
10095
11
8029
11
13053
8
198
388
1528
79517
60
283
220
15
198
388
1786
5996
283
1866
57417
5996
11
1009
8
198
388
8029
283
1866
35407
11
1009
8
198
388
413
13053
2564
8029
25
198
493
1387
198
309
460
1786
5996
198
285
745
25
198
309
1786
5996
283
2153
482
13180
837
198
309
364
2691
303
4147
36546
25
198
388
1528
79517
60
283
220
17
198
388
491
4165
547
10095
283
264
36926
10095
478
5646
79517
434
220
18
1404
5691
984
220
18
60
198
388
1009
283
20537
686
8130
11
2912
11
17577
1413
29389
10095
11
491
4165
547
10095
11
8029
11
13053
8
198
388
1528
79517
60
283
220
15
198
388
1786
5996
283
1262
57417
5996
11
1009
8
198
388
13053
283
1262
73289
11
1009
8
198
388
413
13053
2564
8029
25
198
493
1387
198
309
460
1786
5996
6987
262
653
8736
1528
25
220
15
3254
4147
198
262
1528
283
498
15
60
348
220
24
198
262
1067
283
20537
686
8130
11
2912
11
220
15
11
220
15
11
471
3524
482
13180
4418
2153
482
13180
3661
198
1031
262
413
1067
835
220
15
25
198
285
460
328
51
73813
29389
1
198
262
745
25
198
285
460
328
32
36926
1
1358
727
1716
69574
1590
198
262
653
18564
1228
4886
198
262
1992
8871
26247
15
11
220
15
11
220
15
1089
498
15
11
220
16
11
220
15
1089
498
15
11
220
15
11
220
15
28649
606
359
51
73813
29389
6
198
262
1992
8871
2477
7368
16
11
220
16
11
220
15
1089
9758
19
11
471
17
11
471
20
1089
9758
19
11
471
16
11
471
20
28649
606
359
32
36926
6
198
1031
262
653
22484
1228
4886
198
262
1992
8871
2477
7368
17
16
16
19
15
19
18
15
20
11
220
17
21
24
18
20
24
15
23
16
11
220
22
18
21
22
24
20
19
20
15
1089
9758
21
16
18
21
16
23
19
16
21
11
220
22
17
19
18
21
23
18
16
20
11
471
24
17
19
16
17
17
19
20
19
1089
9758
24
17
23
16
21
23
21
23
18
11
471
19
17
23
22
20
16
20
18
24
11
471
18
19
21
19
24
15
16
20
15
28649
606
359
32
36926
6
198
262
1992
8871
26247
17
17
21
18
23
22
20
23
24
11
471
16
16
18
23
23
22
15
20
11
220
24
18
18
19
18
21
18
18
15
1089
498
20
17
20
19
22
24
24
20
19
11
471
22
23
20
24
16
17
20
15
15
11
471
20
16
18
24
20
22
17
18
21
1089
498
18
15
24
23
17
21
19
17
17
11
471
23
23
23
19
22
18
20
21
16
11
220
19
24
21
17
17
20
23
21
21
28649
606
359
32
36926
6
198
262
1992
8871
2477
7368
20
23
19
24
21
18
22
16
22
11
220
18
15
22
22
16
22
19
22
18
11
220
16
20
18
22
18
23
18
16
21
1089
9758
18
19
22
21
23
20
21
24
21
11
220
17
18
15
17
16
17
17
23
18
11
471
19
24
19
24
23
22
19
23
22
1089
9758
19
15
19
15
23
24
24
17
18
11
220
23
17
17
15
19
23
18
15
20
11
471
20
18
24
16
16
16
16
19
22
28649
606
359
32
36926
6
198
262
1992
8871
2477
7368
21
19
21
21
20
18
23
18
21
11
220
22
16
20
15
21
24
22
16
11
220
17
24
16
15
19
23
23
20
24
1089
9758
23
16
19
15
20
19
15
21
16
11
220
18
19
22
18
18
23
21
22
15
11
471
18
24
15
15
20
23
21
20
20
1089
498
24
22
18
23
15
24
18
21
24
11
220
16
18
16
21
17
15
23
15
20
11
220
18
19
15
22
17
21
24
19
24
28649
606
359
51
73813
29389
6
198
262
1992
8871
26247
23
19
20
24
24
18
19
17
22
11
471
24
23
23
24
21
19
19
23
23
11
220
22
17
19
23
22
22
19
19
15
1089
9758
20
19
18
24
16
24
23
24
24
11
220
19
24
15
15
24
22
20
15
15
11
471
23
15
16
19
19
15
23
23
15
1089
9758
23
22
19
15
21
23
23
19
22
11
471
21
18
15
19
24
17
17
19
24
11
220
24
21
24
15
20
16
20
24
24
28649
606
359
32
36926
6
198
262
1992
8871
2477
7368
17
18
23
21
22
16
22
20
21
11
471
18
20
21
21
21
18
22
15
22
11
220
20
21
16
19
20
15
15
20
17
1089
9758
23
15
18
20
19
18
18
21
20
11
220
24
16
23
15
23
22
16
19
18
11
471
24
21
19
22
21
22
17
15
20
1089
9758
19
23
18
23
20
15
21
18
17
11
471
17
22
19
15
20
15
19
22
23
11
471
22
19
17
15
24
15
17
15
16
28649
606
359
51
73813
29389
6
198
262
1992
8871
2477
7368
16
19
18
18
18
16
15
19
23
11
471
24
22
24
17
21
21
15
21
17
11
220
17
16
15
16
24
24
23
20
24
1089
9758
17
22
19
22
20
21
18
21
15
11
220
16
22
22
23
20
23
21
18
19
11
471
17
16
19
17
21
22
15
18
20
1089
9758
20
18
24
24
24
22
15
20
16
11
471
24
15
16
19
19
20
18
19
24
11
220
18
17
23
15
19
22
15
19
20
28649
606
359
32
36926
6
198
262
1992
8871
2477
7368
22
23
24
23
22
22
19
24
21
11
471
24
16
15
20
20
15
18
18
15
11
471
19
24
23
19
23
23
20
19
16
1089
9758
17
18
16
17
23
23
19
24
23
11
220
18
15
17
21
24
20
15
18
22
11
220
19
17
19
24
15
16
18
23
20
1089
9758
22
18
21
24
24
18
24
19
23
11
471
24
16
23
20
15
16
19
17
20
11
220
20
17
22
16
16
24
24
23
24
28649
606
359
32
36926
6
198
262
1992
8871
26247
18
15
18
19
20
18
24
21
19
11
471
20
23
17
17
23
24
18
24
21
11
220
24
23
22
15
18
23
24
17
15
1089
498
16
18
19
24
15
16
21
20
24
11
471
18
22
18
16
16
19
19
20
24
11
220
20
16
15
20
21
22
22
19
21
1089
498
23
17
19
20
19
20
21
21
15
11
220
22
19
22
18
21
20
22
21
16
11
220
17
15
17
22
24
22
23
18
15
28649
606
359
51
73813
29389
6
198
262
1992
8871
2477
7368
24
18
21
19
15
22
18
19
11
471
22
24
23
23
20
21
24
19
16
11
471
22
18
15
22
15
22
17
16
16
1089
498
17
24
16
20
23
20
16
19
11
220
22
15
19
17
18
23
22
22
20
11
220
23
20
15
15
20
17
15
19
22
1089
498
22
15
23
23
20
17
16
16
20
11
471
16
18
17
17
19
15
24
15
21
11
220
22
23
20
23
18
24
18
16
15
28649
606
359
51
73813
29389
6
198
262
1992
8871
26247
19
17
20
16
22
17
22
17
17
11
471
17
21
17
19
23
22
18
24
21
11
471
17
20
21
18
19
21
22
18
20
1089
9758
18
21
24
17
20
15
17
19
19
11
471
17
15
16
21
21
17
23
20
19
11
220
18
17
21
17
20
22
15
21
22
1089
9758
23
16
23
20
20
24
16
19
19
11
220
23
18
18
24
16
19
15
23
11
220
23
23
20
19
22
16
20
20
16
28649
606
359
51
73813
29389
6
198
262
1992
8871
26247
23
23
22
22
18
15
20
22
15
11
471
17
15
19
21
24
16
23
20
15
11
220
16
22
19
17
15
22
20
24
18
1089
9758
23
22
21
19
16
15
17
22
17
11
220
21
19
23
16
16
19
17
16
11
471
24
19
20
24
16
17
20
23
17
1089
9758
24
16
19
19
21
20
21
15
23
11
471
18
18
22
23
16
22
21
17
23
11
220
16
15
24
22
22
23
16
24
22
28649
606
359
32
36926
6
198
262
1992
8871
2477
7368
20
22
19
24
21
21
17
18
19
11
471
22
23
21
15
23
16
22
20
16
11
471
22
23
21
17
20
20
17
23
17
1089
498
24
20
24
23
20
20
20
18
11
220
23
23
23
18
20
16
20
24
24
11
220
17
18
15
20
22
21
24
24
24
1089
498
24
18
20
20
17
18
19
20
19
11
471
19
16
19
24
17
21
20
15
15
11
471
19
20
20
17
23
16
17
19
18
28649
606
359
32
36926
6
198
262
1992
8871
2477
7368
18
19
22
24
22
16
23
15
11
471
20
21
17
17
15
22
24
15
21
11
471
16
22
21
15
22
15
18
16
21
1089
498
17
24
19
19
22
21
22
22
21
11
220
16
23
18
15
16
18
15
23
17
11
220
23
22
23
23
24
21
15
20
24
1089
498
16
16
19
22
22
22
24
16
20
11
220
20
20
17
21
15
23
24
22
20
11
471
22
18
18
19
18
17
15
24
19
28649
606
359
51
73813
29389
6
198
262
1992
8871
2477
7368
23
24
21
19
19
24
15
17
24
11
220
19
20
19
16
20
22
20
22
21
11
471
24
18
19
16
20
15
18
20
21
1089
9758
19
20
23
22
24
15
19
23
22
11
220
20
17
20
21
23
22
20
17
23
11
471
18
15
18
15
17
24
23
18
1089
498
18
24
19
24
21
20
16
20
16
11
471
19
23
16
16
15
19
17
17
15
11
471
23
15
16
18
17
24
24
21
16
28649
606
359
51
73813
29389
6
198
262
1992
8871
2477
7368
23
16
23
19
24
22
16
23
23
11
471
23
18
23
22
23
23
17
21
21
11
471
23
16
20
22
20
17
23
21
17
1089
9758
16
19
15
15
24
22
23
21
16
11
220
16
16
21
24
20
16
22
20
21
11
471
23
23
15
16
17
16
21
20
24
1089
498
19
22
23
19
15
18
20
21
24
11
471
22
24
22
21
17
17
23
21
17
11
471
24
19
24
18
17
24
21
20
23
28649
606
359
32
36926
6
198
262
1992
8871
2477
7368
21
23
20
19
15
21
24
15
23
11
220
21
24
16
19
16
18
17
23
19
11
220
17
22
23
22
15
15
20
21
24
1089
498
18
24
15
20
18
19
21
22
23
11
471
24
23
22
15
22
22
17
23
22
11
471
24
24
23
18
20
18
18
15
15
1089
498
16
18
22
19
23
16
17
22
19
11
471
18
21
24
22
18
15
22
24
17
11
220
21
15
20
20
18
24
21
24
20
28649
606
359
51
73813
29389
6
198
262
1992
8871
26247
22
24
18
21
19
22
19
24
20
11
471
17
16
19
16
24
24
24
24
24
11
471
20
19
15
24
22
21
16
24
16
1089
9758
21
17
15
19
21
21
19
17
19
11
220
24
23
15
19
24
15
19
19
16
11
471
20
17
19
24
18
22
21
21
24
1089
9758
16
19
15
18
22
23
18
16
20
11
220
16
21
23
17
20
24
24
23
17
11
471
18
19
16
17
18
15
20
20
16
28649
606
359
32
36926
6
198
262
1992
8871
2477
7368
24
15
24
18
15
15
17
20
23
11
471
21
20
24
15
20
22
15
17
24
11
471
22
24
23
19
15
21
15
22
17
1089
498
19
15
20
17
24
19
20
24
17
11
220
20
15
17
18
18
20
16
16
15
11
220
21
17
24
15
20
20
23
19
22
1089
498
21
24
23
20
15
19
16
16
17
11
471
17
17
16
23
21
20
24
21
15
11
471
18
16
19
23
22
18
22
23
24
28649
606
359
32
36926
6
198
262
1992
8871
2477
7368
18
22
23
22
24
20
21
23
21
11
471
17
20
17
23
21
22
22
23
23
11
471
21
17
21
19
17
15
18
16
22
1089
498
16
16
21
20
23
20
20
15
18
11
220
24
16
21
23
17
21
20
19
22
11
220
18
21
19
15
16
18
16
23
1089
498
21
23
20
17
16
23
20
18
24
11
471
17
21
24
20
19
23
17
22
21
11
471
20
17
23
17
20
15
22
15
16
28649
606
359
32
36926
6
271
2
5272
1716
1117
291
29626
2270
68
89394
8
310
1542
6813
13
198
71093
248046
198
248045
846
198
7525
3555
4621
4490
279
6813
13
5514
579
279
1412
25
198
6347
1371
318
3444
3110
1562
1483
1590
198
220
2793
34397
52
66
51
16
51
19939
74
15194
6971
487
1500
220
17
15
23
11
303
361
4211
29
198
262
1716
1117
291
29626
2270
68
89394
8
198
220
2793
34397
52
66
51
16
51
19939
74
15194
6971
487
1500
220
16
23
21
11
303
1716
198
262
1992
8871
26247
17
17
21
18
23
22
20
23
24
11
471
16
16
18
23
23
22
15
20
11
220
24
18
18
19
18
21
18
18
15
1089
498
20
17
20
19
22
24
24
20
19
11
471
22
23
20
24
16
17
20
15
15
11
471
20
16
18
24
20
22
17
18
21
1089
498
18
15
24
23
17
21
19
17
17
11
471
23
23
23
19
22
18
20
21
16
11
220
19
24
21
17
17
20
23
21
21
28649
606
359
32
36926
6
198
1779
6108
59641
59641
59641
59641
59641
59641
59641
59641
59641
59641
59641
59641
59641
59641
59641
59641
59641
59641
59641
59641
59641
59641
59641
59641
59641
59641
59641
59641
59641
59641
59641
59641
198
66317
1401
14200
1206
311
40138
11
411
369
678
3274
25
4310
279
2614
709
11618
321
4479
889
11
6999
4072
279
709
7246
321
1440
660
279
6813
13
2972
5683
4045
67305
3067
13209
50
159029
271
2523
1220
14623
279
1970
488
10490
303
264
64504
1970
2424
318
784
9609
31789
318
19458
668
31153
279
3889
5568
8
248046
198
248045
74455
198
71093
12305
198
1445
18904
1120
1697
1358
727
59373
29626
2270
68
89394
24515
25
1697
50246
18078
28649
1411
592
25
198
262
4071
6834
264
10490
59373
2308
565
4534
68
1746
383
264
220
18
87
18
5646
1332
1754
2691
682
264
869
13
198
1031
262
32187
1413
29389
318
3765
2693
8
321
357
36926
318
5394
2693
8
1831
10263
18207
4022
7515
13
198
262
3095
264
2693
38587
264
2691
11
781
5284
279
3387
303
421
2691
321
5984
424
836
1829
198
262
318
51
73813
29389
25
2438
11
357
36926
25
6105
553
198
1031
262
561
1746
10029
948
25
198
262
471
357
2693
5055
220
18
23173
7515
314
836
1829
318
633
86201
3336
72
22718
8
471
421
2693
14387
198
262
471
1942
7515
513
23235
471
279
2693
440
4918
2702
5284
14387
6987
262
11396
4078
1432
7314
722
13
561
2542
314
660
2663
303
279
5646
369
18739
310
381
10016
13
198
1031
262
17167
25
198
285
5646
25
357
220
18
87
18
5646
314
24959
13661
2691
2663
8675
262
5019
25
198
285
328
51
73813
29389
1
413
32187
1413
29389
14387
11
328
32
36926
1
413
357
36926
14387
8675
262
11765
59373
29626
2270
68
89394
26247
15
11
220
15
11
220
15
1089
498
15
11
220
16
11
220
15
1089
498
15
11
220
15
11
220
15
28649
198
262
359
51
73813
29389
6
198
262
11765
59373
29626
2270
68
89394
2477
7368
16
11
220
16
11
220
15
1089
9758
19
11
471
17
11
471
20
1089
9758
19
11
471
16
11
471
20
28649
198
262
359
32
36926
6
198
262
4071
198
262
653
1165
1144
310
36213
22113
1432
1608
20537
686
13
198
262
653
561
1746
1528
628
381
14807
539
25
198
262
653
471
864
7515
599
978
4284
318
24
9192
8
198
262
653
471
32187
1413
29389
579
5284
198
262
653
471
357
36926
579
5284
198
262
653
1921
567
1048
1144
310
3627
852
579
2404
424
369
11
321
1716
364
10666
4530
13
198
1031
262
653
6558
579
3875
279
5646
1528
430
264
13992
314
220
24
2663
25
220
15
283
4147
11
220
16
283
32187
1413
29389
11
220
17
283
357
36926
198
262
653
1165
3172
958
20537
686
440
8029
65358
82253
13
198
1031
262
653
36965
318
1748
11
7890
11
81122
1091
8
198
262
4965
283
498
198
285
318
15
11
220
16
11
220
17
681
256
653
2713
220
15
198
285
318
18
11
220
19
11
220
20
681
256
653
2713
220
16
198
285
318
21
11
220
22
11
220
23
681
256
653
2713
220
17
198
285
318
15
11
220
18
11
220
21
681
256
653
1327
220
15
198
285
318
16
11
220
19
11
220
22
681
256
653
1327
220
16
198
285
318
17
11
220
20
11
220
23
681
256
653
1327
220
17
198
285
318
15
11
220
19
11
220
23
681
256
653
36004
198
285
318
17
11
220
19
11
220
21
681
256
653
6923
48601
22718
198
262
2205
198
1031
262
687
1716
89394
8130
1590
198
285
4071
3840
413
1017
579
264
13239
13
5019
220
16
413
32187
1413
29389
14387
11
220
17
413
357
36926
14387
11
2168
5752
71483
198
285
364
1500
303
4965
25
198
309
264
11
292
11
272
283
1500
198
309
413
1528
15027
60
606
220
16
321
1528
17932
60
606
220
16
321
1528
12090
60
606
220
16
25
198
388
460
220
16
198
309
413
1528
15027
60
606
220
17
321
1528
17932
60
606
220
17
321
1528
12090
60
606
220
17
25
198
388
460
220
17
198
285
460
2168
6987
262
687
369
15891
8130
1590
198
285
460
660
1104
931
220
15
364
274
303
1528
8
198
1031
262
687
615
14683
36546
8130
1590
198
285
460
498
72
364
585
303
2020
7
24
8
413
1528
957
60
606
220
15
60
198
1031
262
687
20537
686
8130
11
369
516
73813
29389
36040
11
17577
1413
29389
10095
11
264
36926
10095
11
8029
11
13053
1590
198
285
4071
198
285
5019
279
14830
494
32187
1413
29389
579
12682
25
198
285
471
478
16
413
32187
1413
29389
14387
198
285
471
471
16
413
357
36926
14387
198
285
4071
198
285
653
4109
413
1428
2693
1066
2677
318
559
1220
599
978
9770
1518
7842
8
198
285
653
32645
11
567
1716
364
13239
1238
3154
264
3166
13
198
1726
285
13239
283
1716
89394
8130
8
198
285
413
13239
606
220
16
25
198
309
460
220
16
220
653
32187
1413
29389
14387
198
285
413
13239
606
220
17
25
198
309
460
471
16
220
653
357
36926
14387
8675
285
413
369
15891
8130
1590
198
309
653
3914
9202
440
874
1500
13239
11
9150
11857
198
309
413
17577
1413
29389
10095
835
264
36926
10095
25
198
388
460
220
16
198
309
745
25
198
388
460
471
16
8675
285
4147
36546
283
615
14683
36546
8130
8
198
1726
285
413
369
516
73813
29389
36040
25
198
309
1786
5996
283
471
3524
482
13180
837
198
309
364
2691
303
4147
36546
25
198
388
1528
79517
60
283
220
16
198
388
491
516
570
10095
283
17577
1413
29389
10095
478
5646
79517
434
220
18
1404
5691
984
220
18
60
198
388
1009
283
20537
686
8130
11
3439
11
491
516
570
10095
11
264
36926
10095
11
8029
11
13053
8
198
388
1528
79517
60
283
220
15
198
388
1786
5996
283
1866
57417
5996
11
1009
8
198
388
8029
283
1866
35407
11
1009
8
198
388
413
13053
2564
8029
25
198
493
1387
198
309
460
1786
5996
198
285
745
25
198
309
1786
5996
283
2153
482
13180
837
198
309
364
2691
303
4147
36546
25
198
388
1528
79517
60
283
220
17
198
388
491
4165
547
10095
283
264
36926
10095
478
5646
79517
434
220
18
1404
5691
984
220
18
60
198
388
1009
283
20537
686
8130
11
2912
11
17577
1413
29389
10095
11
491
4165
547
10095
11
8029
11
13053
8
198
388
1528
79517
60
283
220
15
198
388
1786
5996
283
1262
57417
5996
11
1009
8
198
388
13053
283
1262
73289
11
1009
8
198
388
413
13053
2564
8029
25
198
493
1387
198
309
460
1786
5996
6987
262
653
8736
1528
25
220
15
3254
4147
198
262
1528
283
498
15
60
348
220
24
198
262
1067
283
20537
686
8130
11
2912
11
220
15
11
220
15
11
471
3524
482
13180
4418
2153
482
13180
3661
198
1031
262
413
1067
835
220
15
25
198
285
460
328
51
73813
29389
1
198
262
745
25
198
285
460
328
32
36926
1
1358
727
1716
69574
1590
198
262
653
18564
1228
4886
198
262
1992
8871
26247
15
11
220
15
11
220
15
1089
498
15
11
220
16
11
220
15
1089
498
15
11
220
15
11
220
15
28649
606
359
51
73813
29389
6
198
262
1992
8871
2477
7368
16
11
220
16
11
220
15
1089
9758
19
11
471
17
11
471
20
1089
9758
19
11
471
16
11
471
20
28649
606
359
32
36926
6
198
1031
262
653
22484
1228
4886
198
262
1992
8871
2477
7368
17
16
16
19
15
19
18
15
20
11
220
17
21
24
18
20
24
15
23
16
11
220
22
18
21
22
24
20
19
20
15
1089
9758
21
16
18
21
16
23
19
16
21
11
220
22
17
19
18
21
23
18
16
20
11
471
24
17
19
16
17
17
19
20
19
1089
9758
24
17
23
16
21
23
21
23
18
11
471
19
17
23
22
20
16
20
18
24
11
471
18
19
21
19
24
15
16
20
15
28649
606
359
32
36926
6
198
262
1992
8871
26247
17
17
21
18
23
22
20
23
24
11
471
16
16
18
23
23
22
15
20
11
220
24
18
18
19
18
21
18
18
15
1089
498
20
17
20
19
22
24
24
20
19
11
471
22
23
20
24
16
17
20
15
15
11
471
20
16
18
24
20
22
17
18
21
1089
498
18
15
24
23
17
21
19
17
17
11
471
23
23
23
19
22
18
20
21
16
11
220
19
24
21
17
17
20
23
21
21
28649
606
359
32
36926
6
198
262
1992
8871
2477
7368
20
23
19
24
21
18
22
16
22
11
220
18
15
22
22
16
22
19
22
18
11
220
16
20
18
22
18
23
18
16
21
1089
9758
18
19
22
21
23
20
21
24
21
11
220
17
18
15
17
16
17
17
23
18
11
471
19
24
19
24
23
22
19
23
22
1089
9758
19
15
19
15
23
24
24
17
18
11
220
23
17
17
15
19
23
18
15
20
11
471
20
18
24
16
16
16
16
19
22
28649
606
359
32
36926
6
198
262
1992
8871
2477
7368
21
19
21
21
20
18
23
18
21
11
220
22
16
20
15
21
24
22
16
11
220
17
24
16
15
19
23
23
20
24
1089
9758
23
16
19
15
20
19
15
21
16
11
220
18
19
22
18
18
23
21
22
15
11
471
18
24
15
15
20
23
21
20
20
1089
498
24
22
18
23
15
24
18
21
24
11
220
16
18
16
21
17
15
23
15
20
11
220
18
19
15
22
17
21
24
19
24
28649
606
359
51
73813
29389
6
198
262
1992
8871
26247
23
19
20
24
24
18
19
17
22
11
471
24
23
23
24
21
19
19
23
23
11
220
22
17
19
23
22
22
19
19
15
1089
9758
20
19
18
24
16
24
23
24
24
11
220
19
24
15
15
24
22
20
15
15
11
471
23
15
16
19
19
15
23
23
15
1089
9758
23
22
19
15
21
23
23
19
22
11
471
21
18
15
19
24
17
17
19
24
11
220
24
21
24
15
20
16
20
24
24
28649
606
359
32
36926
6
198
262
1992
8871
2477
7368
17
18
23
21
22
16
22
20
21
11
471
18
20
21
21
21
18
22
15
22
11
220
20
21
16
19
20
15
15
20
17
1089
9758
23
15
18
20
19
18
18
21
20
11
220
24
16
23
15
23
22
16
19
18
11
471
24
21
19
22
21
22
17
15
20
1089
9758
19
23
18
23
20
15
21
18
17
11
471
17
22
19
15
20
15
19
22
23
11
471
22
19
17
15
24
15
17
15
16
28649
606
359
51
73813
29389
6
198
262
1992
8871
2477
7368
16
19
18
18
18
16
15
19
23
11
471
24
22
24
17
21
21
15
21
17
11
220
17
16
15
16
24
24
23
20
24
1089
9758
17
22
19
22
20
21
18
21
15
11
220
16
22
22
23
20
23
21
18
19
11
471
17
16
19
17
21
22
15
18
20
1089
9758
20
18
24
24
24
22
15
20
16
11
471
24
15
16
19
19
20
18
19
24
11
220
18
17
23
15
19
22
15
19
20
28649
606
359
32
36926
6
198
262
1992
8871
2477
7368
22
23
24
23
22
22
19
24
21
11
471
24
16
15
20
20
15
18
18
15
11
471
19
24
23
19
23
23
20
19
16
1089
9758
17
18
16
17
23
23
19
24
23
11
220
18
15
17
21
24
20
15
18
22
11
220
19
17
19
24
15
16
18
23
20
1089
9758
22
18
21
24
24
18
24
19
23
11
471
24
16
23
20
15
16
19
17
20
11
220
20
17
22
16
16
24
24
23
24
28649
606
359
32
36926
6
198
262
1992
8871
26247
18
15
18
19
20
18
24
21
19
11
471
20
23
17
17
23
24
18
24
21
11
220
24
23
22
15
18
23
24
17
15
1089
498
16
18
19
24
15
16
21
20
24
11
471
18
22
18
16
16
19
19
20
24
11
220
20
16
15
20
21
22
22
19
21
1089
498
23
17
19
20
19
20
21
21
15
11
220
22
19
22
18
21
20
22
21
16
11
220
17
15
17
22
24
22
23
18
15
28649
606
359
51
73813
29389
6
198
262
1992
8871
2477
7368
24
18
21
19
15
22
18
19
11
471
22
24
23
23
20
21
24
19
16
11
471
22
18
15
22
15
22
17
16
16
1089
498
17
24
16
20
23
20
16
19
11
220
22
15
19
17
18
23
22
22
20
11
220
23
20
15
15
20
17
15
19
22
1089
498
22
15
23
23
20
17
16
16
20
11
471
16
18
17
17
19
15
24
15
21
11
220
22
23
20
23
18
24
18
16
15
28649
606
359
51
73813
29389
6
198
262
1992
8871
26247
19
17
20
16
22
17
22
17
17
11
471
17
21
17
19
23
22
18
24
21
11
471
17
20
21
18
19
21
22
18
20
1089
9758
18
21
24
17
20
15
17
19
19
11
471
17
15
16
21
21
17
23
20
19
11
220
18
17
21
17
20
22
15
21
22
1089
9758
23
16
23
20
20
24
16
19
19
11
220
23
18
18
24
16
19
15
23
11
220
23
23
20
19
22
16
20
20
16
28649
606
359
51
73813
29389
6
198
262
1992
8871
26247
23
23
22
22
18
15
20
22
15
11
471
17
15
19
21
24
16
23
20
15
11
220
16
22
19
17
15
22
20
24
18
1089
9758
23
22
21
19
16
15
17
22
17
11
220
21
19
23
16
16
19
17
16
11
471
24
19
20
24
16
17
20
23
17
1089
9758
24
16
19
19
21
20
21
15
23
11
471
18
18
22
23
16
22
21
17
23
11
220
16
15
24
22
22
23
16
24
22
28649
606
359
32
36926
6
198
262
1992
8871
2477
7368
20
22
19
24
21
21
17
18
19
11
471
22
23
21
15
23
16
22
20
16
11
471
22
23
21
17
20
20
17
23
17
1089
498
24
20
24
23
20
20
20
18
11
220
23
23
23
18
20
16
20
24
24
11
220
17
18
15
20
22
21
24
24
24
1089
498
24
18
20
20
17
18
19
20
19
11
471
19
16
19
24
17
21
20
15
15
11
471
19
20
20
17
23
16
17
19
18
28649
606
359
32
36926
6
198
262
1992
8871
2477
7368
18
19
22
24
22
16
23
15
11
471
20
21
17
17
15
22
24
15
21
11
471
16
22
21
15
22
15
18
16
21
1089
498
17
24
19
19
22
21
22
22
21
11
220
16
23
18
15
16
18
15
23
17
11
220
23
22
23
23
24
21
15
20
24
1089
498
16
16
19
22
22
22
24
16
20
11
220
20
20
17
21
15
23
24
22
20
11
471
22
18
18
19
18
17
15
24
19
28649
606
359
51
73813
29389
6
198
262
1992
8871
2477
7368
23
24
21
19
19
24
15
17
24
11
220
19
20
19
16
20
22
20
22
21
11
471
24
18
19
16
20
15
18
20
21
1089
9758
19
20
23
22
24
15
19
23
22
11
220
20
17
20
21
23
22
20
17
23
11
471
18
15
18
15
17
24
23
18
1089
498
18
24
19
24
21
20
16
20
16
11
471
19
23
16
16
15
19
17
17
15
11
471
23
15
16
18
17
24
24
21
16
28649
606
359
51
73813
29389
6
198
262
1992
8871
2477
7368
23
16
23
19
24
22
16
23
23
11
471
23
18
23
22
23
23
17
21
21
11
471
23
16
20
22
20
17
23
21
17
1089
9758
16
19
15
15
24
22
23
21
16
11
220
16
16
21
24
20
16
22
20
21
11
471
23
23
15
16
17
16
21
20
24
1089
498
19
22
23
19
15
18
20
21
24
11
471
22
24
22
21
17
17
23
21
17
11
471
24
19
24
18
17
24
21
20
23
28649
606
359
32
36926
6
198
262
1992
8871
2477
7368
21
23
20
19
15
21
24
15
23
11
220
21
24
16
19
16
18
17
23
19
11
220
17
22
23
22
15
15
20
21
24
1089
498
18
24
15
20
18
19
21
22
23
11
471
24
23
22
15
22
22
17
23
22
11
471
24
24
23
18
20
18
18
15
15
1089
498
16
18
22
19
23
16
17
22
19
11
471
18
21
24
22
18
15
22
24
17
11
220
21
15
20
20
18
24
21
24
20
28649
606
359
51
73813
29389
6
198
262
1992
8871
26247
22
24
18
21
19
22
19
24
20
11
471
17
16
19
16
24
24
24
24
24
11
471
20
19
15
24
22
21
16
24
16
1089
9758
21
17
15
19
21
21
19
17
19
11
220
24
23
15
19
24
15
19
19
16
11
471
20
17
19
24
18
22
21
21
24
1089
9758
16
19
15
18
22
23
18
16
20
11
220
16
21
23
17
20
24
24
23
17
11
471
18
19
16
17
18
15
20
20
16
28649
606
359
32
36926
6
198
262
1992
8871
2477
7368
24
15
24
18
15
15
17
20
23
11
471
21
20
24
15
20
22
15
17
24
11
471
22
24
23
19
15
21
15
22
17
1089
498
19
15
20
17
24
19
20
24
17
11
220
20
15
17
18
18
20
16
16
15
11
220
21
17
24
15
20
20
23
19
22
1089
498
21
24
23
20
15
19
16
16
17
11
471
17
17
16
23
21
20
24
21
15
11
471
18
16
19
23
22
18
22
23
24
28649
606
359
32
36926
6
198
262
1992
8871
2477
7368
18
22
23
22
24
20
21
23
21
11
471
17
20
17
23
21
22
22
23
23
11
471
21
17
21
19
17
15
18
16
22
1089
498
16
16
21
20
23
20
20
15
18
11
220
24
16
21
23
17
21
20
19
22
11
220
18
21
19
15
16
18
16
23
1089
498
21
23
20
17
16
23
20
18
24
11
471
17
21
24
20
19
23
17
22
21
11
471
20
17
23
17
20
15
22
15
16
28649
606
359
32
36926
6
271
2
5272
1716
1117
291
29626
2270
68
89394
8
310
1542
6813
13
198
71093
248046
198
248045
846
198
7525
3555
4621
4490
279
6813
13
5514
579
279
1412
25
198
6347
1371
318
3444
3110
1562
1483
1590
198
220
2793
34397
4345
34005
16
4405
3860
86
6971
487
1500
220
17
15
23
11
303
361
4211
29
198
262
1716
1117
291
29626
2270
68
89394
8
198
220
2793
34397
4345
34005
16
4405
3860
86
6971
487
1500
220
16
23
21
11
303
1716
198
262
1992
8871
26247
17
17
21
18
23
22
20
23
24
11
471
16
16
18
23
23
22
15
20
11
220
24
18
18
19
18
21
18
18
15
1089
498
20
17
20
19
22
24
24
20
19
11
471
22
23
20
24
16
17
20
15
15
11
471
20
16
18
24
20
22
17
18
21
1089
498
18
15
24
23
17
21
19
17
17
11
471
23
23
23
19
22
18
20
21
16
11
220
19
24
21
17
17
20
23
21
21
28649
606
359
32
36926
6
198
1779
6108
59641
59641
59641
59641
59641
59641
59641
59641
59641
59641
59641
59641
59641
59641
59641
59641
59641
59641
59641
59641
59641
59641
59641
59641
59641
59641
59641
59641
59641
59641
59641
59641
198
66317
1401
14200
1206
311
40138
11
411
369
678
3274
25
4310
279
2614
709
11618
321
4479
889
11
6999
4072
279
709
7246
321
1440
660
279
6813
13
2972
5683
4045
67305
3067
13209
50
159029
271
2523
1220
14623
279
1970
488
10490
303
264
64504
1970
2424
318
784
9609
31789
318
19458
668
31153
279
3889
5568
8
248046
198
248045
74455
198
248068
271
248069
271
1206
11290
411
3377
11
567
1144
310
7995
279
13239
314
264
10490
59373
2308
565
4534
68
1746
1332
1330
4078
11
32187
1413
29389
321
357
36926
11
1831
10263
18207
7515
383
264
220
18
87
18
5646
13
8618
2691
682
264
869
11
321
18207
264
2691
11039
421
869
310
279
2693
579
5284
13
561
1746
10029
948
264
2693
7346
264
1500
314
2250
7515
318
633
11
3145
11
466
36004
8
314
836
1829
11
466
948
660
7515
513
9896
13
1368
660
7515
513
9896
1973
264
1500
13239
11
279
2693
440
279
4918
2702
5284
14387
13
11396
4078
1432
7314
722
13
271
13962
51301
198
16
13
2972
4712
3130
75371
92217
21274
279
1746
1528
1608
264
1103
314
220
24
5255
11
1332
1754
2315
32107
310
264
2691
303
279
220
18
87
18
5646
13
561
2663
303
279
1528
1103
668
381
220
15
318
3092
681
220
16
318
51
73813
29389
681
466
220
17
318
32
36926
553
198
17
13
2972
16472
1187
30790
92217
18053
279
220
23
3102
10666
4965
318
18
6761
11
220
18
7890
11
220
17
81122
1091
553
198
18
13
2972
6022
72550
38989
92217
5272
279
20537
686
11767
440
8029
65358
82253
310
36213
22113
1432
13
561
11767
668
25
198
256
471
4109
413
279
1428
1528
682
264
13239
13
1368
32187
1413
29389
14387
11
460
264
6572
869
318
68
1257
2487
478
16
1174
413
357
36926
14387
11
460
264
7968
869
318
68
1257
2487
471
16
553
198
256
471
1368
660
7515
513
9896
321
874
799
682
2677
11
9150
279
11857
13
1368
32187
1413
29389
579
5284
369
4918
11
460
478
16
26
5752
11
460
471
16
13
198
256
471
1368
279
1746
369
1990
13789
11
6707
660
3102
10480
364
279
1428
2693
13
32187
1413
29389
318
2721
316
4694
2693
8
668
4992
279
3166
421
29044
4603
279
14830
11
1345
357
36926
318
1030
316
4694
2693
8
668
4992
279
3166
421
20537
4603
279
14830
13
198
19
13
2972
6140
6920
92217
4980
279
20537
686
11767
494
279
2763
4147
1528
11
440
32187
1413
29389
2019
1118
13
1368
279
1067
369
6572
11
32187
1413
29389
14387
26
5752
11
357
36926
14387
13
271
13962
12121
5927
198
71093
12305
198
1445
18904
1120
1697
1358
727
59373
29626
2270
68
89394
24515
25
1697
50246
18078
28649
1411
592
25
198
262
4071
6834
264
10490
59373
2308
565
4534
68
1746
383
264
220
18
87
18
5646
1332
1754
2691
682
264
869
13
198
1031
262
32187
1413
29389
318
3765
2693
8
321
357
36926
318
5394
2693
8
1831
10263
18207
4022
7515
13
198
262
3095
264
2693
38587
264
2691
11
781
5284
279
3387
303
421
2691
321
5984
424
836
1829
198
262
318
51
73813
29389
25
2438
11
357
36926
25
6105
553
198
1031
262
561
1746
10029
948
25
198
262
471
357
2693
5055
220
18
23173
7515
314
836
1829
318
633
86201
3336
72
22718
8
471
421
2693
14387
198
262
471
1942
7515
513
23235
471
279
2693
440
4918
2702
5284
14387
6987
262
11396
4078
1432
7314
722
13
561
2542
314
660
2663
303
279
5646
369
18739
310
381
10016
13
198
1031
262
17167
25
198
285
5646
25
357
220
18
87
18
5646
314
24959
13661
2691
2663
8675
262
5019
25
198
285
328
51
73813
29389
1
413
32187
1413
29389
14387
11
328
32
36926
1
413
357
36926
14387
8675
262
11765
59373
29626
2270
68
89394
26247
15
11
220
15
11
220
15
1089
498
15
11
220
16
11
220
15
1089
498
15
11
220
15
11
220
15
28649
198
262
359
51
73813
29389
6
198
262
11765
59373
29626
2270
68
89394
2477
7368
16
11
220
16
11
220
15
1089
9758
19
11
471
17
11
471
20
1089
9758
19
11
471
16
11
471
20
28649
198
262
359
32
36926
6
198
262
4071
198
262
653
36965
318
1748
11
7890
11
81122
1091
8
198
262
4965
283
498
198
285
318
15
11
220
16
11
220
17
681
256
653
2713
220
15
198
285
318
18
11
220
19
11
220
20
681
256
653
2713
220
16
198
285
318
21
11
220
22
11
220
23
681
256
653
2713
220
17
198
285
318
15
11
220
18
11
220
21
681
256
653
1327
220
15
198
285
318
16
11
220
19
11
220
22
681
256
653
1327
220
16
198
285
318
17
11
220
20
11
220
23
681
256
653
1327
220
17
198
285
318
15
11
220
19
11
220
23
681
256
653
36004
198
285
318
17
11
220
19
11
220
21
681
256
653
6923
48601
22718
198
262
2205
198
1031
262
687
1716
89394
8130
1590
198
285
4071
3840
413
1017
579
264
13239
13
5019
220
16
413
32187
1413
29389
14387
11
220
17
413
357
36926
14387
11
2168
5752
71483
198
285
364
1500
303
4965
25
198
309
264
11
292
11
272
283
1500
198
309
413
1528
15027
60
606
220
16
321
1528
17932
60
606
220
16
321
1528
12090
60
606
220
16
25
198
388
460
220
16
198
309
413
1528
15027
60
606
220
17
321
1528
17932
60
606
220
17
321
1528
12090
60
606
220
17
25
198
388
460
220
17
198
285
460
2168
6987
262
687
369
15891
8130
1590
198
285
460
660
1104
931
220
15
364
274
303
1528
8
198
1031
262
687
615
14683
36546
8130
1590
198
285
460
498
72
364
585
303
2020
7
24
8
413
1528
957
60
606
220
15
60
198
1031
262
687
20537
686
8130
11
369
516
73813
29389
36040
11
17577
1413
29389
10095
11
264
36926
10095
11
8029
11
13053
1590
198
285
4071
198
285
5019
279
14830
494
32187
1413
29389
579
12682
25
198
285
471
478
16
413
32187
1413
29389
14387
198
285
471
471
16
413
357
36926
14387
198
285
4071
198
285
653
4109
413
1428
2693
1066
2677
198
285
13239
283
1716
89394
8130
8
198
285
413
13239
606
220
16
25
198
309
460
220
16
220
653
32187
1413
29389
14387
198
285
413
13239
606
220
17
25
198
309
460
471
16
220
653
357
36926
14387
8675
285
413
369
15891
8130
1590
198
309
653
3914
9202
440
874
1500
13239
11
9150
11857
198
309
413
17577
1413
29389
10095
835
264
36926
10095
25
198
388
460
220
16
198
309
745
25
198
388
460
471
16
8675
285
4147
36546
283
615
14683
36546
8130
8
198
1726
285
413
369
516
73813
29389
36040
25
198
309
1786
5996
283
471
3524
482
13180
837
198
309
364
2691
303
4147
36546
25
198
388
1528
79517
60
283
220
16
198
388
491
516
570
10095
283
17577
1413
29389
10095
478
5646
79517
434
220
18
1404
5691
984
220
18
60
198
388
1009
283
20537
686
8130
11
3439
11
491
516
570
10095
11
264
36926
10095
11
8029
11
13053
8
198
388
1528
79517
60
283
220
15
198
388
1786
5996
283
1866
57417
5996
11
1009
8
198
388
8029
283
1866
35407
11
1009
8
198
388
413
13053
2564
8029
25
198
493
1387
198
309
460
1786
5996
198
285
745
25
198
309
1786
5996
283
2153
482
13180
837
198
309
364
2691
303
4147
36546
25
198
388
1528
79517
60
283
220
17
198
388
491
4165
547
10095
283
264
36926
10095
478
5646
79517
434
220
18
1404
5691
984
220
18
60
198
388
1009
283
20537
686
8130
11
2912
11
17577
1413
29389
10095
11
491
4165
547
10095
11
8029
11
13053
8
198
388
1528
79517
60
283
220
15
198
388
1786
5996
283
1262
57417
5996
11
1009
8
198
388
13053
283
1262
73289
11
1009
8
198
388
413
13053
2564
8029
25
198
493
1387
198
309
460
1786
5996
6987
262
653
8736
1528
25
220
15
3254
4147
198
262
1528
283
498
15
60
348
220
24
198
262
1067
283
20537
686
8130
11
2912
11
220
15
11
220
15
11
471
3524
482
13180
4418
2153
482
13180
3661
198
1031
262
413
1067
835
220
15
25
198
285
460
328
51
73813
29389
1
198
262
745
25
198
285
460
328
32
36926
1
1358
727
1716
69574
1590
198
262
653
18564
1228
4886
198
262
1992
8871
26247
15
11
220
15
11
220
15
1089
498
15
11
220
16
11
220
15
1089
498
15
11
220
15
11
220
15
28649
606
359
51
73813
29389
6
198
262
1992
8871
2477
7368
16
11
220
16
11
220
15
1089
9758
19
11
471
17
11
471
20
1089
9758
19
11
471
16
11
471
20
28649
606
359
32
36926
6
198
1031
262
653
22484
1228
4886
198
262
1992
8871
2477
7368
17
16
16
19
15
19
18
15
20
11
220
17
21
24
18
20
24
15
23
16
11
220
22
18
21
22
24
20
19
20
15
1089
9758
21
16
18
21
16
23
19
16
21
11
220
22
17
19
18
21
23
18
16
20
11
471
24
17
19
16
17
17
19
20
19
1089
9758
24
17
23
16
21
23
21
23
18
11
471
19
17
23
22
20
16
20
18
24
11
471
18
19
21
19
24
15
16
20
15
28649
606
359
32
36926
6
198
262
1992
8871
26247
17
17
21
18
23
22
20
23
24
11
471
16
16
18
23
23
22
15
20
11
220
24
18
18
19
18
21
18
18
15
1089
498
20
17
20
19
22
24
24
20
19
11
471
22
23
20
24
16
17
20
15
15
11
471
20
16
18
24
20
22
17
18
21
1089
498
18
15
24
23
17
21
19
17
17
11
471
23
23
23
19
22
18
20
21
16
11
220
19
24
21
17
17
20
23
21
21
28649
606
359
32
36926
6
198
262
1992
8871
2477
7368
20
23
19
24
21
18
22
16
22
11
220
18
15
22
22
16
22
19
22
18
11
220
16
20
18
22
18
23
18
16
21
1089
9758
18
19
22
21
23
20
21
24
21
11
220
17
18
15
17
16
17
17
23
18
11
471
19
24
19
24
23
22
19
23
22
1089
9758
19
15
19
15
23
24
24
17
18
11
220
23
17
17
15
19
23
18
15
20
11
471
20
18
24
16
16
16
16
19
22
28649
606
359
32
36926
6
198
262
1992
8871
2477
7368
21
19
21
21
20
18
23
18
21
11
220
22
16
20
15
21
24
22
16
11
220
17
24
16
15
19
23
23
20
24
1089
9758
23
16
19
15
20
19
15
21
16
11
220
18
19
22
18
18
23
21
22
15
11
471
18
24
15
15
20
23
21
20
20
1089
498
24
22
18
23
15
24
18
21
24
11
220
16
18
16
21
17
15
23
15
20
11
220
18
19
15
22
17
21
24
19
24
28649
606
359
51
73813
29389
6
198
262
1992
8871
26247
23
19
20
24
24
18
19
17
22
11
471
24
23
23
24
21
19
19
23
23
11
220
22
17
19
23
22
22
19
19
15
1089
9758
20
19
18
24
16
24
23
24
24
11
220
19
24
15
15
24
22
20
15
15
11
471
23
15
16
19
19
15
23
23
15
1089
9758
23
22
19
15
21
23
23
19
22
11
471
21
18
15
19
24
17
17
19
24
11
220
24
21
24
15
20
16
20
24
24
28649
606
359
32
36926
6
198
262
1992
8871
2477
7368
17
18
23
21
22
16
22
20
21
11
471
18
20
21
21
21
18
22
15
22
11
220
20
21
16
19
20
15
15
20
17
1089
9758
23
15
18
20
19
18
18
21
20
11
220
24
16
23
15
23
22
16
19
18
11
471
24
21
19
22
21
22
17
15
20
1089
9758
19
23
18
23
20
15
21
18
17
11
471
17
22
19
15
20
15
19
22
23
11
471
22
19
17
15
24
15
17
15
16
28649
606
359
51
73813
29389
6
198
262
1992
8871
2477
7368
16
19
18
18
18
16
15
19
23
11
471
24
22
24
17
21
21
15
21
17
11
220
17
16
15
16
24
24
23
20
24
1089
9758
17
22
19
22
20
21
18
21
15
11
220
16
22
22
23
20
23
21
18
19
11
471
17
16
19
17
21
22
15
18
20
1089
9758
20
18
24
24
24
22
15
20
16
11
471
24
15
16
19
19
20
18
19
24
11
220
18
17
23
15
19
22
15
19
20
28649
606
359
32
36926
6
198
262
1992
8871
2477
7368
22
23
24
23
22
22
19
24
21
11
471
24
16
15
20
20
15
18
18
15
11
471
19
24
23
19
23
23
20
19
16
1089
9758
17
18
16
17
23
23
19
24
23
11
220
18
15
17
21
24
20
15
18
22
11
220
19
17
19
24
15
16
18
23
20
1089
9758
22
18
21
24
24
18
24
19
23
11
471
24
16
23
20
15
16
19
17
20
11
220
20
17
22
16
16
24
24
23
24
28649
606
359
32
36926
6
198
262
1992
8871
26247
18
15
18
19
20
18
24
21
19
11
471
20
23
17
17
23
24
18
24
21
11
220
24
23
22
15
18
23
24
17
15
1089
498
16
18
19
24
15
16
21
20
24
11
471
18
22
18
16
16
19
19
20
24
11
220
20
16
15
20
21
22
22
19
21
1089
498
23
17
19
20
19
20
21
21
15
11
220
22
19
22
18
21
20
22
21
16
11
220
17
15
17
22
24
22
23
18
15
28649
606
359
51
73813
29389
6
198
262
1992
8871
2477
7368
24
18
21
19
15
22
18
19
11
471
22
24
23
23
20
21
24
19
16
11
471
22
18
15
22
15
22
17
16
16
1089
498
17
24
16
20
23
20
16
19
11
220
22
15
19
17
18
23
22
22
20
11
220
23
20
15
15
20
17
15
19
22
1089
498
22
15
23
23
20
17
16
16
20
11
471
16
18
17
17
19
15
24
15
21
11
220
22
23
20
23
18
24
18
16
15
28649
606
359
51
73813
29389
6
198
262
1992
8871
26247
19
17
20
16
22
17
22
17
17
11
471
17
21
17
19
23
22
18
24
21
11
471
17
20
21
18
19
21
22
18
20
1089
9758
18
21
24
17
20
15
17
19
19
11
471
17
15
16
21
21
17
23
20
19
11
220
18
17
21
17
20
22
15
21
22
1089
9758
23
16
23
20
20
24
16
19
19
11
220
23
18
18
24
16
19
15
23
11
220
23
23
20
19
22
16
20
20
16
28649
606
359
51
73813
29389
6
198
262
1992
8871
26247
23
23
22
22
18
15
20
22
15
11
471
17
15
19
21
24
16
23
20
15
11
220
16
22
19
17
15
22
20
24
18
1089
9758
23
22
21
19
16
15
17
22
17
11
220
21
19
23
16
16
19
17
16
11
471
24
19
20
24
16
17
20
23
17
1089
9758
24
16
19
19
21
20
21
15
23
11
471
18
18
22
23
16
22
21
17
23
11
220
16
15
24
22
22
23
16
24
22
28649
606
359
32
36926
6
198
262
1992
8871
2477
7368
20
22
19
24
21
21
17
18
19
11
471
22
23
21
15
23
16
22
20
16
11
471
22
23
21
17
20
20
17
23
17
1089
498
24
20
24
23
20
20
20
18
11
220
23
23
23
18
20
16
20
24
24
11
220
17
18
15
20
22
21
24
24
24
1089
498
24
18
20
20
17
18
19
20
19
11
471
19
16
19
24
17
21
20
15
15
11
471
19
20
20
17
23
16
17
19
18
28649
606
359
32
36926
6
198
262
1992
8871
2477
7368
18
19
22
24
22
16
23
15
11
471
20
21
17
17
15
22
24
15
21
11
471
16
22
21
15
22
15
18
16
21
1089
498
17
24
19
19
22
21
22
22
21
11
220
16
23
18
15
16
18
15
23
17
11
220
23
22
23
23
24
21
15
20
24
1089
498
16
16
19
22
22
22
24
16
20
11
220
20
20
17
21
15
23
24
22
20
11
471
22
18
18
19
18
17
15
24
19
28649
606
359
51
73813
29389
6
198
262
1992
8871
2477
7368
23
24
21
19
19
24
15
17
24
11
220
19
20
19
16
20
22
20
22
21
11
471
24
18
19
16
20
15
18
20
21
1089
9758
19
20
23
22
24
15
19
23
22
11
220
20
17
20
21
23
22
20
17
23
11
471
18
15
18
15
17
24
23
18
1089
498
18
24
19
24
21
20
16
20
16
11
471
19
23
16
16
15
19
17
17
15
11
471
23
15
16
18
17
24
24
21
16
28649
606
359
51
73813
29389
6
198
262
1992
8871
2477
7368
23
16
23
19
24
22
16
23
23
11
471
23
18
23
22
23
23
17
21
21
11
471
23
16
20
22
20
17
23
21
17
1089
9758
16
19
15
15
24
22
23
21
16
11
220
16
16
21
24
20
16
22
20
21
11
471
23
23
15
16
17
16
21
20
24
1089
498
19
22
23
19
15
18
20
21
24
11
471
22
24
22
21
17
17
23
21
17
11
471
24
19
24
18
17
24
21
20
23
28649
606
359
32
36926
6
198
262
1992
8871
2477
7368
21
23
20
19
15
21
24
15
23
11
220
21
24
16
19
16
18
17
23
19
11
220
17
22
23
22
15
15
20
21
24
1089
498
18
24
15
20
18
19
21
22
23
11
471
24
23
22
15
22
22
17
23
22
11
471
24
24
23
18
20
18
18
15
15
1089
498
16
18
22
19
23
16
17
22
19
11
471
18
21
24
22
18
15
22
24
17
11
220
21
15
20
20
18
24
21
24
20
28649
606
359
51
73813
29389
6
198
262
1992
8871
26247
22
24
18
21
19
22
19
24
20
11
471
17
16
19
16
24
24
24
24
24
11
471
20
19
15
24
22
21
16
24
16
1089
9758
21
17
15
19
21
21
19
17
19
11
220
24
23
15
19
24
15
19
19
16
11
471
20
17
19
24
18
22
21
21
24
1089
9758
16
19
15
18
22
23
18
16
20
11
220
16
21
23
17
20
24
24
23
17
11
471
18
19
16
17
18
15
20
20
16
28649
606
359
32
36926
6
198
262
1992
8871
2477
7368
24
15
24
18
15
15
17
20
23
11
471
21
20
24
15
20
22
15
17
24
11
471
22
24
23
19
15
21
15
22
17
1089
498
19
15
20
17
24
19
20
24
17
11
220
20
15
17
18
18
20
16
16
15
11
220
21
17
24
15
20
20
23
19
22
1089
498
21
24
23
20
15
19
16
16
17
11
471
17
17
16
23
21
20
24
21
15
11
471
18
16
19
23
22
18
22
23
24
28649
606
359
32
36926
6
198
262
1992
8871
2477
7368
18
22
23
22
24
20
21
23
21
11
471
17
20
17
23
21
22
22
23
23
11
471
21
17
21
19
17
15
18
16
22
1089
498
16
16
21
20
23
20
20
15
18
11
220
24
16
21
23
17
21
20
19
22
11
220
18
21
19
15
16
18
16
23
1089
498
21
23
20
17
16
23
20
18
24
11
471
17
21
24
20
19
23
17
22
21
11
471
20
17
23
17
20
15
22
15
16
28649
606
359
32
36926
6
271
2
5272
1716
1117
291
29626
2270
68
89394
8
310
1542
6813
13
198
71093
248046
198