248045
846
198
4274
279
2614
709
11618
321
4479
889
11
6999
4072
279
709
7246
321
1440
660
279
6813
13
2972
5683
4045
67305
3067
13209
50
159029
271
2523
1220
14623
279
1970
488
10490
303
264
64504
1970
2424
318
784
9609
31789
318
19458
668
31153
279
3889
5568
8
271
71093
198
1445
18904
1120
1697
11
11906
11
23846
1358
727
1423
3430
3650
9858
1393
25
514
11
830
25
514
11
264
25
1697
18078
2387
1411
11906
19723
5871
18078
11
514
11
514
4891
25
198
262
4071
15767
449
7308
8240
357
321
449
7308
1543
11
1423
799
22983
314
14505
318
72
11
492
11
580
8
198
262
1680
421
25
198
262
471
220
16
2564
585
361
492
361
580
2564
307
198
262
471
357
957
12
16
60
478
357
3681
12
16
60
478
357
6521
12
16
60
283
830
6987
262
6817
25
561
14505
5743
513
220
16
5792
318
85978
279
3377
4952
553
198
1031
262
17167
25
198
285
307
25
561
2984
314
279
8240
318
18
2564
307
2564
220
16
15
61
21
8
198
285
830
25
561
2100
2542
318
16
2564
830
2564
220
16
15
61
21
8
198
285
264
25
561
7308
8240
1332
1754
2315
65611
220
16
2564
264
957
60
2564
830
6987
262
5019
25
198
285
357
13992
318
72
11
492
11
580
8
314
220
16
5792
14505
413
1680
264
22983
6513
11
2168
5752
13
198
1031
262
11765
1423
3430
3650
9858
7
20
11
220
16
21
11
498
16
11
220
23
11
220
20
11
220
16
15
11
220
16
18
2387
198
262
318
16
11
220
18
11
220
19
8
198
262
11765
1423
3430
3650
9858
7
20
11
220
17
15
11
498
16
11
220
23
11
220
20
11
220
16
15
11
220
16
18
2387
198
262
2168
198
262
11765
1423
3430
3650
9858
7
18
11
220
21
11
498
17
11
220
17
11
220
17
2387
198
262
318
16
11
220
17
11
220
18
8
198
262
4071
271
727
1716
69574
1590
198
262
653
3284
1105
220
16
198
262
1992
8871
7
20
11
220
16
21
11
498
16
11
220
23
11
220
20
11
220
16
15
11
220
16
18
2387
606
318
16
11
220
18
11
220
19
8
198
1031
262
653
3284
1105
220
17
198
262
1992
8871
7
20
11
220
17
15
11
498
16
11
220
23
11
220
20
11
220
16
15
11
220
16
18
2387
369
2168
6987
262
653
3284
1105
220
18
198
262
1992
8871
7
16
15
11
220
16
15
15
15
15
15
11
498
22
18
22
21
21
11
220
19
22
22
16
23
11
220
22
19
16
19
23
11
220
19
24
17
16
23
11
220
22
21
22
17
16
11
220
18
16
24
15
17
11
220
17
16
24
24
19
11
220
16
23
23
23
15
11
220
17
24
20
24
23
11
220
24
23
24
16
22
2387
606
318
19
11
220
21
11
220
24
8
198
1031
262
653
3284
1105
220
19
198
262
1992
8871
7
16
15
11
220
19
23
11
498
16
16
11
220
17
23
11
220
16
21
11
220
21
11
220
18
19
11
220
16
11
220
19
21
11
220
16
11
220
16
20
11
220
17
2387
606
318
21
11
220
22
11
220
23
8
198
1031
262
653
3284
1105
220
20
198
262
1992
8871
7
18
11
220
20
11
498
16
11
220
17
11
220
18
2387
369
2168
6987
262
653
3284
1105
220
21
198
262
1992
8871
7
20
11
220
16
17
11
498
16
16
11
220
16
16
11
220
16
15
11
220
16
17
11
220
16
16
2387
369
2168
6987
262
653
3284
1105
220
22
198
262
1992
8871
7
22
11
220
19
11
498
17
11
220
18
11
220
19
11
220
17
11
220
17
11
220
17
11
220
19
2387
369
2168
6987
262
653
3284
1105
220
23
198
262
1992
8871
7
18
11
220
21
11
498
17
11
220
17
11
220
17
2387
606
318
16
11
220
17
11
220
18
8
198
1031
262
653
3284
1105
220
24
198
262
1992
8871
7
22
11
220
21
11
498
16
11
220
17
11
220
18
11
220
19
11
220
19
11
220
19
11
220
19
2387
606
318
16
11
220
17
11
220
18
8
198
1031
262
653
3284
1105
220
16
15
198
262
1992
8871
7
20
11
220
17
11
498
17
11
220
17
11
220
17
11
220
17
11
220
17
2387
369
2168
6987
262
653
3284
1105
220
16
16
198
262
1992
8871
7
21
11
220
18
11
498
16
11
220
16
11
220
16
11
220
16
11
220
16
11
220
16
2387
606
318
16
11
220
17
11
220
18
8
198
1031
262
653
3284
1105
220
16
17
198
262
1067
283
8871
7
16
15
11
220
17
16
11
498
17
16
11
220
16
24
11
220
17
15
11
220
16
24
11
220
17
15
11
220
17
16
11
220
16
24
11
220
17
16
11
220
16
24
11
220
16
24
2387
198
262
1992
1067
369
2168
6987
262
653
3284
1105
220
16
18
198
262
1992
8871
7
18
11
220
16
18
11
498
16
17
11
220
16
16
11
220
16
17
2387
369
2168
6987
262
653
3284
1105
220
16
19
198
262
1992
8871
7
20
11
220
17
16
11
498
16
20
11
220
16
11
220
16
24
11
220
16
19
11
220
16
2387
606
318
17
11
220
18
11
220
20
8
198
1031
262
653
3284
1105
220
16
20
198
262
1992
8871
7
21
11
220
18
17
11
498
16
11
220
16
22
11
220
16
11
220
18
15
11
220
16
17
11
220
16
15
2387
606
318
16
11
220
18
11
220
19
8
198
1031
262
653
3284
1105
220
16
21
198
262
1992
8871
7
18
11
220
19
19
11
498
16
11
220
16
11
220
19
17
2387
606
318
16
11
220
17
11
220
18
8
198
1031
262
653
3284
1105
220
16
22
198
262
1992
8871
7
20
11
220
17
24
11
498
17
11
220
16
11
220
17
22
11
220
16
11
220
17
20
2387
606
318
17
11
220
18
11
220
19
8
198
1031
262
653
3284
1105
220
16
23
198
262
1992
8871
7
23
11
220
16
20
11
498
16
18
11
220
16
17
11
220
16
15
11
220
16
16
11
220
16
19
11
220
16
11
220
16
11
220
16
18
2387
606
318
16
11
220
21
11
220
22
8
198
1031
262
653
3284
1105
220
16
24
198
262
1992
8871
7
22
11
220
19
11
498
18
11
220
16
11
220
17
11
220
19
11
220
17
11
220
16
11
220
16
2387
606
318
17
11
220
18
11
220
21
8
198
1031
262
653
3284
1105
220
17
15
198
262
1992
8871
7
22
11
220
16
21
11
498
16
20
11
220
16
21
11
220
16
21
11
220
16
20
11
220
16
21
11
220
16
19
11
220
16
20
2387
369
2168
271
2
5272
1716
32821
3430
3650
9858
8
310
1542
6813
13
198
71093
248046
198
248045
74455
198
71093
12305
198
1445
18904
1120
1697
11
11906
11
23846
198
1445
14856
1120
41489
1358
727
1423
3430
3650
9858
1393
25
514
11
830
25
514
11
264
25
1697
18078
2387
1411
11906
19723
5871
18078
11
514
11
514
4891
25
198
262
4071
15767
449
7308
8240
357
321
449
7308
1543
11
1423
799
22983
314
14505
318
72
11
492
11
580
8
198
262
1680
421
25
198
262
471
220
16
2564
585
361
492
361
580
2564
307
198
262
471
357
957
12
16
60
478
357
3681
12
16
60
478
357
6521
12
16
60
283
830
6987
262
6817
25
561
14505
5743
513
220
16
5792
318
85978
279
3377
4952
553
198
1031
262
17167
25
198
285
307
25
561
2984
314
279
8240
318
18
2564
307
2564
220
16
15
61
21
8
198
285
830
25
561
2100
2542
318
16
2564
830
2564
220
16
15
61
21
8
198
285
264
25
561
7308
8240
1332
1754
2315
65611
220
16
2564
264
957
60
2564
830
6987
262
5019
25
198
285
357
13992
318
72
11
492
11
580
8
314
220
16
5792
14505
413
1680
264
22983
6513
11
2168
5752
13
198
262
4071
198
262
653
1165
1144
310
1423
585
361
492
361
580
1680
421
264
957
12
16
60
478
264
3681
12
16
60
478
264
6521
12
16
60
283
830
198
262
653
1061
369
13185
310
8996
1330
5255
264
3681
12
16
60
321
264
6521
12
16
60
440
492
361
580
1680
421
198
262
653
264
3681
12
16
60
478
264
6521
12
16
60
283
830
471
264
957
12
16
60
364
1010
585
361
492
13
198
1031
262
653
51301
25
52516
888
492
494
220
16
310
307
12
17
318
15
5792
25
220
15
310
307
12
18
681
321
364
1754
492
11
198
262
653
567
1144
310
1423
585
361
492
321
580
835
492
1680
421
264
957
12
16
60
478
264
6521
12
16
60
283
830
471
264
3681
12
16
906
198
1031
262
653
4254
28750
25
1690
1754
492
11
567
628
10000
264
716
314
2663
3753
748
2944
318
1891
585
361
492
681
198
262
653
321
1179
28662
888
580
835
492
310
1716
413
279
2483
22057
6513
13
198
1031
262
653
1921
84228
888
580
364
1754
492
1000
381
496
1393
61
17
8
864
2493
381
2166
6103
364
307
685
310
220
16
15
61
21
13
198
1031
262
653
39752
5313
25
5272
264
5010
2336
310
3436
14505
364
1754
869
11
1179
364
1754
6505
318
72
11
492
681
198
262
653
1716
413
830
471
264
957
12
16
60
471
264
3681
12
16
60
6513
506
1010
580
835
492
13
198
1031
262
653
6558
579
1683
883
16484
25
307
685
310
220
16
15
61
21
11
2663
685
310
830
685
310
220
16
15
61
21
13
198
262
653
357
61934
5176
496
1393
61
17
8
5313
2493
381
2166
6103
13
198
1031
262
653
22703
5313
25
1690
1754
492
494
220
16
310
307
12
16
318
15
5792
25
220
16
310
307
12
17
681
567
1318
310
1423
585
361
492
321
580
835
492
198
262
653
1680
421
264
957
12
16
60
478
264
6521
12
16
60
283
830
471
264
3681
12
16
906
198
1031
262
653
1165
628
28662
492
494
2047
310
1245
11
19720
264
716
314
2663
3753
748
2944
318
1891
585
361
492
553
198
262
653
1690
1754
492
11
567
1048
1144
310
1716
413
1017
6513
580
835
492
1680
421
264
6521
12
16
60
283
830
471
264
3681
12
16
60
471
264
957
12
16
60
198
262
653
364
1010
585
361
492
13
1061
1990
4816
32343
13
198
1031
262
653
6558
579
958
264
2086
8024
25
1690
1754
869
343
11
3436
660
14505
1332
424
7701
13
198
262
653
4844
364
1754
6505
318
72
11
492
8
440
585
361
492
11
12204
4221
283
830
471
264
957
12
16
60
471
264
3681
12
16
1089
321
1716
413
198
262
653
4221
6513
506
1010
1857
580
835
492
13
198
1031
262
653
1946
1236
411
10727
11
567
628
25
198
262
653
220
16
13
7606
264
10675
12366
869
1411
10300
1103
314
14505
13
198
262
653
220
17
13
1690
1754
492
494
220
16
310
307
12
17
11
321
364
1754
585
494
220
15
310
492
12
16
11
12204
4221
321
7620
2624
364
580
835
492
13
198
1031
262
653
1061
369
1990
496
1393
61
17
8
303
279
11447
1105
11
864
2493
381
20895
364
307
28
16
15
61
21
30
35923
524
13
198
1031
262
653
85152
11
1042
728
1683
314
264
2577
5313
13
35624
262
653
12908
4374
25
52516
888
580
494
220
17
310
307
12
16
318
15
5792
25
220
17
310
307
12
17
681
321
364
1754
580
11
567
1144
310
1423
198
262
653
585
361
492
361
580
1680
421
264
957
12
16
60
478
264
3681
12
16
60
283
830
471
264
6521
12
16
906
198
1031
262
653
1690
264
8097
580
11
411
369
264
220
17
73220
3377
383
5255
1518
580
13
1165
628
11290
220
17
73220
303
496
1212
8
364
295
5255
198
262
653
1608
264
5010
716
13
1987
7830
496
1393
61
17
8
1495
13
198
1031
262
653
15767
279
16484
318
77
685
310
220
16
15
61
21
681
567
1144
2414
3160
310
496
1393
8
466
496
1393
1433
307
553
198
1031
262
653
6558
728
311
27864
279
3377
13
24188
513
1881
220
16
321
830
11
321
830
369
685
310
220
16
15
61
21
13
198
1031
262
653
5141
19407
25
1690
1754
492
11
567
628
10000
264
716
314
2663
264
58
15
486
73
12
16
906
4844
364
1754
580
835
492
11
567
1716
198
262
653
413
830
471
264
3681
12
16
60
471
264
6521
12
16
60
369
303
279
716
13
1921
84228
888
660
580
364
1754
492
369
496
1393
61
17
553
198
1031
262
653
6558
579
1380
264
2086
5313
25
1690
1754
6505
314
2663
318
85
16
11
343
17
8
421
2542
310
1010
274
11
1716
413
1017
198
262
653
6513
264
4688
869
343
18
283
830
471
274
506
264
2843
1857
13
198
1031
262
653
32645
11
1042
579
1066
708
440
449
32237
496
1393
61
17
8
5313
321
1436
413
424
15734
13
1690
307
28
16
15
61
21
11
496
1393
61
17
8
369
198
262
653
220
16
15
61
16
17
864
369
1560
2166
6103
13
1987
567
1144
264
44926
5313
13
198
1031
262
653
13428
11
1042
728
37781
13
561
3377
2493
599
8882
7139
307
303
6380
11
466
1017
579
264
26802
198
262
653
5010
5792
5313
13
198
1031
262
653
6558
728
1380
411
25
1690
1754
492
11
3436
279
716
314
2663
3753
748
2944
13
4844
11
4370
314
84228
888
660
198
262
653
580
835
492
11
567
628
829
26808
364
1754
869
11
279
1103
314
14505
1332
424
7701
13
4844
364
1754
492
11
321
364
198
262
653
1754
869
343
303
279
716
3753
748
2944
11
12204
4221
283
830
471
264
3681
12
16
60
471
343
11
321
1716
413
1017
579
449
1857
198
262
653
580
835
492
440
264
6521
12
16
60
606
4221
13
198
1031
262
653
1061
369
1990
13188
496
1393
348
2020
8
864
369
2166
1691
13
198
1031
262
653
6558
728
1066
4072
264
29350
5313
421
1220
944
364
12891
10804
25
198
1031
262
653
7606
264
12366
494
869
310
1103
314
14505
198
262
1009
2270
17788
283
41489
7080
8
198
262
364
6961
11
1009
303
12867
2784
1590
198
285
1009
2270
17788
66134
906
4928
19175
478
220
16
8
220
653
220
16
5792
1857
6987
262
653
1690
1754
492
494
220
17
310
307
12
16
318
16
5792
681
321
1754
585
494
220
16
310
492
12
16
11
12204
4221
321
1716
198
262
364
492
303
2020
7
17
11
307
1590
220
653
492
369
220
16
5792
11
494
220
17
310
307
12
16
198
285
264
5206
283
264
3681
471
220
16
60
198
285
653
1690
1754
585
361
492
198
285
364
585
303
2020
7
16
11
492
1590
220
653
585
369
220
16
5792
11
494
220
16
310
492
12
16
198
309
264
5150
283
264
957
471
220
16
60
198
309
4221
283
830
471
264
5150
471
264
5206
198
309
413
4221
361
220
16
25
198
388
2962
198
309
653
4109
413
4221
6513
506
1010
1857
580
835
492
198
309
413
4221
303
1009
2270
17788
25
198
388
653
17190
2624
364
279
23856
1857
835
492
198
388
14505
283
1009
2270
17788
58
39470
60
198
388
653
5272
14410
431
310
1423
1857
835
492
198
388
1120
14410
431
198
388
1097
283
14410
431
918
284
431
10226
63094
11
492
8
198
388
413
1097
361
2343
63094
1590
198
493
580
283
14505
20980
60
198
493
460
318
72
11
492
11
580
8
198
1031
262
460
2168
198
71093
248046
198
248045
846
198
7525
3555
4621
4490
279
6813
13
5514
579
279
1412
25
198
6347
1371
318
3444
3110
1562
1483
1590
198
220
2793
34397
22415
54600
4654
64
43
20
23
6971
487
1500
220
17
15
19
11
303
361
4211
29
198
262
1716
32821
3430
3650
9858
8
198
220
2793
34397
22415
54600
4654
64
43
20
23
6971
487
1500
220
18
21
11
303
1716
198
262
1992
8871
7
16
15
11
220
16
15
15
15
15
15
11
498
22
18
22
21
21
11
220
19
22
22
16
23
11
220
22
19
16
19
23
11
220
19
24
17
16
23
11
220
22
21
22
17
16
11
220
18
16
24
15
17
11
220
17
16
24
24
19
11
220
16
23
23
23
15
11
220
17
24
20
24
23
11
220
24
23
24
16
22
2387
606
318
19
11
220
21
11
220
24
8
198
1779
6108
59641
59641
59641
59641
59641
59641
59641
59641
59641
59641
59641
59641
59641
59641
59641
59641
59641
59641
59641
59641
59641
59641
59641
59641
59641
59641
61
198
66317
1401
14200
1206
311
40138
11
411
369
678
3274
25
4310
279
2614
709
11618
321
4479
889
11
6999
4072
279
709
7246
321
1440
660
279
6813
13
2972
5683
4045
67305
3067
13209
50
159029
271
2523
1220
14623
279
1970
488
10490
303
264
64504
1970
2424
318
784
9609
31789
318
19458
668
31153
279
3889
5568
8
248046
198
248045
74455
198
71093
12305
198
1445
18904
1120
1697
11
11906
11
23846
198
1445
14856
1120
41489
198
464
14410
431
1358
727
1423
3430
3650
9858
1393
25
514
11
830
25
514
11
264
25
1697
18078
2387
1411
11906
19723
5871
18078
11
514
11
514
4891
25
198
262
4071
15767
449
7308
8240
357
321
449
7308
1543
11
1423
799
22983
314
14505
318
72
11
492
11
580
8
198
262
1680
421
25
198
262
471
220
16
2564
585
361
492
361
580
2564
307
198
262
471
357
957
12
16
60
478
357
3681
12
16
60
478
357
6521
12
16
60
283
830
6987
262
6817
25
561
14505
5743
513
220
16
5792
318
85978
279
3377
4952
553
198
1031
262
17167
25
198
285
307
25
561
2984
314
279
8240
318
18
2564
307
2564
220
16
15
61
21
8
198
285
830
25
561
2100
2542
318
16
2564
830
2564
220
16
15
61
21
8
198
285
264
25
561
7308
8240
1332
1754
2315
65611
220
16
2564
264
957
60
2564
830
6987
262
5019
25
198
285
357
13992
318
72
11
492
11
580
8
314
220
16
5792
14505
413
1680
264
22983
6513
11
2168
5752
13
198
262
4071
198
262
653
7606
264
12366
494
869
310
10300
1103
314
220
16
5792
14505
198
262
1009
2270
17788
283
41489
7080
8
198
262
364
6961
11
1009
303
12867
2784
1590
198
285
1009
2270
17788
66134
906
4928
19175
478
220
16
8
220
653
220
16
5792
1857
6987
262
653
1690
14588
11
567
3172
28662
888
492
321
958
279
829
68600
1857
11140
13
198
262
653
26846
25
1690
1754
492
494
220
17
310
307
12
16
318
16
5792
681
321
364
1754
585
494
220
16
310
492
12
16
11
198
262
653
12204
4221
283
830
471
264
957
12
16
60
471
264
3681
12
16
1089
1179
1716
413
1017
6513
580
835
492
440
264
6521
12
16
60
606
4221
13
198
1031
262
653
1946
28476
11
567
628
829
26808
364
1754
869
279
10300
1103
314
14505
13
198
262
653
4844
364
264
2574
492
321
4221
869
11
567
628
7620
2624
364
279
1118
1857
835
492
13
198
1031
262
364
492
303
2020
7
17
11
307
1590
220
653
492
369
220
16
5792
1857
11
494
220
17
310
307
12
16
198
285
264
5206
283
264
3681
471
220
16
60
198
285
653
1690
1754
585
361
492
318
72
369
220
16
5792
11
494
220
16
310
492
12
16
8
198
285
364
585
303
2020
7
16
11
492
1590
198
309
264
5150
283
264
957
471
220
16
60
198
309
4221
283
830
471
264
5150
471
264
5206
198
309
413
4221
361
220
16
25
198
388
2962
198
309
413
4221
303
1009
2270
17788
25
198
388
14505
283
1009
2270
17788
58
39470
60
198
388
653
17190
2624
364
279
23856
1857
835
492
198
388
1097
283
14410
431
918
284
431
10226
63094
11
492
8
198
388
413
1097
361
2343
63094
1590
198
493
580
283
14505
20980
60
198
493
460
318
72
11
492
11
580
8
198
1031
262
460
2168
198
71093
248046
198
248045
846
198
7525
3555
4621
4490
279
6813
13
5514
579
279
1412
25
198
6347
1371
318
3444
3110
1562
1483
1590
198
220
2793
34397
83
15
79
64375
17
3267
739
6971
487
1500
220
16
19
15
11
303
361
4211
29
198
262
1716
32821
3430
3650
9858
8
198
220
2793
34397
83
15
79
64375
17
3267
739
6971
487
1500
220
18
21
11
303
1716
198
262
1992
8871
7
16
15
11
220
16
15
15
15
15
15
11
498
22
18
22
21
21
11
220
19
22
22
16
23
11
220
22
19
16
19
23
11
220
19
24
17
16
23
11
220
22
21
22
17
16
11
220
18
16
24
15
17
11
220
17
16
24
24
19
11
220
16
23
23
23
15
11
220
17
24
20
24
23
11
220
24
23
24
16
22
2387
606
318
19
11
220
21
11
220
24
8
198
1779
6108
59641
59641
59641
59641
59641
59641
59641
59641
59641
59641
59641
59641
59641
59641
59641
59641
59641
59641
59641
59641
59641
59641
59641
59641
59641
59641
61
198
66317
1401
14200
1206
311
40138
11
411
369
678
3274
25
4310
279
2614
709
11618
321
4479
889
11
6999
4072
279
709
7246
321
1440
660
279
6813
13
2972
5683
4045
67305
3067
13209
50
159029
271
2523
1220
14623
279
1970
488
10490
303
264
64504
1970
2424
318
784
9609
31789
318
19458
668
31153
279
3889
5568
8
248046
198
248045
74455
198
248068
271
248069
271
71093
12305
198
1445
18904
1120
1697
11
11906
11
23846
198
1445
14856
1120
41489
198
464
14410
431
1358
727
1423
3430
3650
9858
1393
25
514
11
830
25
514
11
264
25
1697
18078
2387
1411
11906
19723
5871
18078
11
514
11
514
4891
25
198
262
4071
15767
449
7308
8240
357
321
449
7308
1543
11
1423
799
22983
314
14505
318
72
11
492
11
580
8
198
262
1680
421
25
198
262
471
220
16
2564
585
361
492
361
580
2564
307
198
262
471
357
957
12
16
60
478
357
3681
12
16
60
478
357
6521
12
16
60
283
830
6987
262
6817
25
561
14505
5743
513
220
16
5792
318
85978
279
3377
4952
553
198
1031
262
17167
25
198
285
307
25
561
2984
314
279
8240
318
18
2564
307
2564
220
16
15
61
21
8
198
285
830
25
561
2100
2542
318
16
2564
830
2564
220
16
15
61
21
8
198
285
264
25
561
7308
8240
1332
1754
2315
65611
220
16
2564
264
957
60
2564
830
6987
262
5019
25
198
285
357
13992
318
72
11
492
11
580
8
314
220
16
5792
14505
413
1680
264
22983
6513
11
2168
5752
13
198
262
4071
198
262
653
7606
264
12366
494
869
310
10300
1103
314
220
16
5792
14505
198
262
1009
2270
17788
283
41489
7080
8
198
262
364
6961
11
1009
303
12867
2784
1590
198
285
1009
2270
17788
66134
906
4928
19175
478
220
16
8
220
653
220
16
5792
1857
6987
262
653
15495
279
14505
364
1754
869
318
19458
1220
2582
381
10300
2394
567
28662
303
1906
11
198
262
653
694
1042
579
5790
8
198
262
364
1009
303
1009
2270
17788
25
198
285
1009
2270
17788
66134
906
6646
363
198
1031
262
653
26846
25
52516
888
660
13139
318
72
11
492
8
440
585
361
492
11
12204
4221
283
830
471
264
957
12
16
60
471
264
3681
12
16
1089
198
262
653
321
1716
413
1017
6513
580
835
492
440
264
6521
12
16
60
606
4221
13
198
262
653
1946
28476
11
567
628
28662
492
494
220
17
310
307
12
16
11
321
364
1754
492
11
28662
585
494
220
16
310
492
12
16
13
198
262
653
1690
1754
1680
6505
11
567
7620
2624
303
1009
2270
17788
58
39470
60
364
449
1857
835
492
13
198
1031
262
653
1061
369
496
1393
61
17
348
1433
307
8
303
279
11447
1105
11
864
2493
381
2166
6103
364
307
28
16
15
61
21
13
198
262
653
1921
1042
579
1380
411
5313
1118
321
1436
413
424
15734
279
6813
13
198
1031
262
364
492
303
2020
7
17
11
307
1590
220
653
492
369
220
16
5792
1857
11
494
220
17
310
307
12
16
198
285
264
5206
283
264
3681
471
220
16
60
198
285
653
1690
1754
585
361
492
318
72
369
220
16
5792
11
494
220
16
310
492
12
16
8
198
285
364
585
303
2020
7
16
11
492
1590
198
309
264
5150
283
264
957
471
220
16
60
198
309
4221
283
830
471
264
5150
471
264
5206
198
309
413
4221
361
220
16
25
198
388
2962
198
309
413
4221
303
1009
2270
17788
25
198
388
14505
283
1009
2270
17788
58
39470
60
198
388
653
17190
2624
364
279
23856
1857
835
492
198
388
1097
283
14410
431
918
284
431
10226
63094
11
492
8
198
388
413
1097
361
2343
63094
1590
198
493
580
283
14505
20980
60
198
493
460
318
72
11
492
11
580
8
198
1031
262
460
2168
198
71093
248046
198