248045
846
198
4274
279
2614
709
11618
321
4479
889
11
6999
4072
279
709
7246
321
1440
660
279
6813
13
2972
5683
4045
67305
3067
13209
50
159029
271
2523
1220
14623
279
1970
488
10490
303
264
64504
1970
2424
318
784
9609
31789
318
19458
668
31153
279
3889
5568
8
271
71093
198
1445
18904
1120
1697
1358
727
7776
51757
788
1003
49546
1393
25
514
11
580
25
514
11
830
25
514
11
1906
27430
25
1697
18078
2387
1411
514
25
198
262
4071
15767
307
9861
8826
383
3050
2756
11
1423
279
7776
2702
93451
948
11268
1070
13
198
1031
262
22136
25
198
262
471
2332
1379
580
9861
628
381
26380
3658
303
799
6937
198
262
471
6991
585
318
35166
383
1834
1906
27430
957
2387
628
1132
381
26380
383
466
1238
421
1834
198
262
471
4486
11268
383
1834
264
11
279
1727
42304
628
1132
381
383
1834
264
36641
466
2843
198
262
471
49313
49546
364
1906
585
26380
383
1834
274
369
318
82
471
1906
27430
957
2387
198
1031
262
17167
25
198
285
307
25
5447
314
9861
318
16
2564
307
2564
220
16
15
15
8
198
285
580
25
25749
9861
791
42304
318
16
2564
580
2564
307
8
198
285
830
25
20542
1881
56641
318
16
2564
830
2564
220
16
15
61
24
8
198
285
1906
27430
25
1697
314
307
1906
20791
2756
303
2397
6596
72887
1906
318
16
2564
1906
27430
957
60
2564
220
16
15
61
16
17
8
198
1031
262
5019
25
198
285
561
7776
3102
2702
93451
6987
262
11765
7776
51757
788
1003
49546
7
20
11
220
17
11
220
18
11
498
16
11
220
20
11
220
21
11
220
16
15
11
220
16
17
2387
198
262
220
17
198
262
11765
7776
51757
788
1003
49546
7
16
11
220
16
11
220
16
15
15
15
15
15
15
15
15
15
11
498
16
15
15
15
15
15
15
15
15
15
15
15
15
2387
198
262
220
15
198
262
4071
271
727
1716
69574
1590
198
262
653
3284
4886
494
279
3377
198
262
1992
8871
7
20
11
220
17
11
220
18
11
498
16
11
220
20
11
220
21
11
220
16
15
11
220
16
17
2387
606
220
18
198
262
1992
8871
7
16
11
220
16
11
220
16
15
15
15
15
15
15
15
15
15
11
498
16
15
15
15
15
15
15
15
15
15
15
15
15
2387
606
220
15
198
262
1992
8871
7
16
20
11
220
19
11
220
20
11
498
16
11
220
18
11
220
18
11
220
21
11
220
21
11
220
21
11
220
16
15
11
220
16
15
11
220
16
15
11
220
16
15
11
220
16
20
11
220
16
20
11
220
16
20
11
220
16
20
11
220
16
20
2387
606
220
18
20
6987
262
653
22484
1228
4886
198
262
1992
8871
7
17
11
220
17
11
220
16
20
16
22
11
498
16
21
24
22
11
220
16
23
21
24
2387
606
220
16
22
17
198
262
1992
8871
7
16
15
11
220
16
11
220
17
11
498
16
11
220
16
11
220
17
11
220
18
11
220
19
11
220
20
11
220
20
11
220
20
11
220
20
11
220
21
2387
606
220
21
18
198
262
1992
8871
7
16
11
220
16
11
220
20
23
19
20
20
23
22
22
21
11
498
16
16
17
21
15
20
17
17
24
18
2387
606
220
15
198
262
1992
8871
7
16
11
220
16
11
220
16
11
498
16
2387
606
220
15
6987
262
653
3284
1105
440
580
21076
318
528
9861
303
799
42304
8
198
262
1992
8871
7
16
15
15
11
220
16
15
15
11
220
16
15
15
15
15
15
15
15
15
15
11
498
24
24
24
15
15
15
15
15
15
15
15
16
11
220
24
24
24
15
16
15
16
15
16
15
16
16
11
220
24
24
24
15
17
15
17
15
17
15
17
16
11
220
24
24
24
15
18
15
18
15
18
15
18
16
11
220
24
24
24
15
19
15
19
15
19
15
19
16
11
220
24
24
24
15
20
15
20
15
20
15
20
16
11
220
24
24
24
15
21
15
21
15
21
15
21
16
11
220
24
24
24
15
22
15
22
15
22
15
22
16
11
220
24
24
24
15
23
15
23
15
23
15
23
16
11
220
24
24
24
15
24
15
24
15
24
15
24
16
11
220
24
24
24
16
15
16
15
16
15
16
15
17
11
220
24
24
24
16
16
16
16
16
16
16
16
17
11
220
24
24
24
16
17
16
17
16
17
16
17
17
11
220
24
24
24
16
18
16
18
16
18
16
18
17
11
220
24
24
24
16
19
16
19
16
19
16
19
17
11
220
24
24
24
16
20
16
20
16
20
16
20
17
11
220
24
24
24
16
21
16
21
16
21
16
21
17
11
220
24
24
24
16
22
16
22
16
22
16
22
17
11
220
24
24
24
16
23
16
23
16
23
16
23
17
11
220
24
24
24
16
24
16
24
16
24
16
24
17
11
220
24
24
24
17
15
17
15
17
15
17
15
18
11
220
24
24
24
17
16
17
16
17
16
17
16
18
11
220
24
24
24
17
17
17
17
17
17
17
17
18
11
220
24
24
24
17
18
17
18
17
18
17
18
18
11
220
24
24
24
17
19
17
19
17
19
17
19
18
11
220
24
24
24
17
20
17
20
17
20
17
20
18
11
220
24
24
24
17
21
17
21
17
21
17
21
18
11
220
24
24
24
17
22
17
22
17
22
17
22
18
11
220
24
24
24
17
23
17
23
17
23
17
23
18
11
220
24
24
24
17
24
17
24
17
24
17
24
18
11
220
24
24
24
18
15
18
15
18
15
18
15
19
11
220
24
24
24
18
16
18
16
18
16
18
16
19
11
220
24
24
24
18
17
18
17
18
17
18
17
19
11
220
24
24
24
18
18
18
18
18
18
18
18
19
11
220
24
24
24
18
19
18
19
18
19
18
19
19
11
220
24
24
24
18
20
18
20
18
20
18
20
19
11
220
24
24
24
18
21
18
21
18
21
18
21
19
11
220
24
24
24
18
22
18
22
18
22
18
22
19
11
220
24
24
24
18
23
18
23
18
23
18
23
19
11
220
24
24
24
18
24
18
24
18
24
18
24
19
11
220
24
24
24
19
15
19
15
19
15
19
15
20
11
220
24
24
24
19
16
19
16
19
16
19
16
20
11
220
24
24
24
19
17
19
17
19
17
19
17
20
11
220
24
24
24
19
18
19
18
19
18
19
18
20
11
220
24
24
24
19
19
19
19
19
19
19
19
20
11
220
24
24
24
19
20
19
20
19
20
19
20
20
11
220
24
24
24
19
21
19
21
19
21
19
21
20
11
220
24
24
24
19
22
19
22
19
22
19
22
20
11
220
24
24
24
19
23
19
23
19
23
19
23
20
11
220
24
24
24
19
24
19
24
19
24
19
24
20
11
220
24
24
24
20
15
20
15
20
15
20
15
21
11
220
24
24
24
20
16
20
16
20
16
20
16
21
11
220
24
24
24
20
17
20
17
20
17
20
17
21
11
220
24
24
24
20
18
20
18
20
18
20
18
21
11
220
24
24
24
20
19
20
19
20
19
20
19
21
11
220
24
24
24
20
20
20
20
20
20
20
20
21
11
220
24
24
24
20
21
20
21
20
21
20
21
21
11
220
24
24
24
20
22
20
22
20
22
20
22
21
11
220
24
24
24
20
23
20
23
20
23
20
23
21
11
220
24
24
24
20
24
20
24
20
24
20
24
21
11
220
24
24
24
21
15
21
15
21
15
21
15
22
11
220
24
24
24
21
16
21
16
21
16
21
16
22
11
220
24
24
24
21
17
21
17
21
17
21
17
22
11
220
24
24
24
21
18
21
18
21
18
21
18
22
11
220
24
24
24
21
19
21
19
21
19
21
19
22
11
220
24
24
24
21
20
21
20
21
20
21
20
22
11
220
24
24
24
21
21
21
21
21
21
21
21
22
11
220
24
24
24
21
22
21
22
21
22
21
22
22
11
220
24
24
24
21
23
21
23
21
23
21
23
22
11
220
24
24
24
21
24
21
24
21
24
21
24
22
11
220
24
24
24
22
15
22
15
22
15
22
15
23
11
220
24
24
24
22
16
22
16
22
16
22
16
23
11
220
24
24
24
22
17
22
17
22
17
22
17
23
11
220
24
24
24
22
18
22
18
22
18
22
18
23
11
220
24
24
24
22
19
22
19
22
19
22
19
23
11
220
24
24
24
22
20
22
20
22
20
22
20
23
11
220
24
24
24
22
21
22
21
22
21
22
21
23
11
220
24
24
24
22
22
22
22
22
22
22
22
23
11
220
24
24
24
22
23
22
23
22
23
22
23
23
11
220
24
24
24
22
24
22
24
22
24
22
24
23
11
220
24
24
24
23
15
23
15
23
15
23
15
24
11
220
24
24
24
23
16
23
16
23
16
23
16
24
11
220
24
24
24
23
17
23
17
23
17
23
17
24
11
220
24
24
24
23
18
23
18
23
18
23
18
24
11
220
24
24
24
23
19
23
19
23
19
23
19
24
11
220
24
24
24
23
20
23
20
23
20
23
20
24
11
220
24
24
24
23
21
23
21
23
21
23
21
24
11
220
24
24
24
23
22
23
22
23
22
23
22
24
11
220
24
24
24
23
23
23
23
23
23
23
23
24
11
220
24
24
24
23
24
23
24
23
24
23
24
24
11
220
24
24
24
24
15
24
15
24
15
24
16
15
11
220
24
24
24
24
16
24
16
24
16
24
17
15
11
220
24
24
24
24
17
24
17
24
17
24
18
15
11
220
24
24
24
24
18
24
18
24
18
24
19
15
11
220
24
24
24
24
19
24
19
24
19
24
20
15
11
220
24
24
24
24
20
24
20
24
20
24
21
15
11
220
24
24
24
24
21
24
21
24
21
24
22
15
11
220
24
24
24
24
22
24
22
24
22
24
23
15
11
220
24
24
24
24
23
24
23
24
23
24
24
15
11
220
16
15
15
15
15
15
15
15
15
15
15
15
15
2387
606
220
19
24
15
15
15
15
15
15
15
20
15
6987
262
653
3284
1105
440
580
28
16
318
588
1906
791
42304
8
198
262
1992
8871
7
16
15
15
11
220
16
11
220
16
15
15
15
15
15
15
15
15
15
11
498
24
24
24
15
15
15
15
15
15
15
15
16
11
220
24
24
24
15
16
15
16
15
16
15
16
16
11
220
24
24
24
15
17
15
17
15
17
15
17
16
11
220
24
24
24
15
18
15
18
15
18
15
18
16
11
220
24
24
24
15
19
15
19
15
19
15
19
16
11
220
24
24
24
15
20
15
20
15
20
15
20
16
11
220
24
24
24
15
21
15
21
15
21
15
21
16
11
220
24
24
24
15
22
15
22
15
22
15
22
16
11
220
24
24
24
15
23
15
23
15
23
15
23
16
11
220
24
24
24
15
24
15
24
15
24
15
24
16
11
220
24
24
24
16
15
16
15
16
15
16
15
17
11
220
24
24
24
16
16
16
16
16
16
16
16
17
11
220
24
24
24
16
17
16
17
16
17
16
17
17
11
220
24
24
24
16
18
16
18
16
18
16
18
17
11
220
24
24
24
16
19
16
19
16
19
16
19
17
11
220
24
24
24
16
20
16
20
16
20
16
20
17
11
220
24
24
24
16
21
16
21
16
21
16
21
17
11
220
24
24
24
16
22
16
22
16
22
16
22
17
11
220
24
24
24
16
23
16
23
16
23
16
23
17
11
220
24
24
24
16
24
16
24
16
24
16
24
17
11
220
24
24
24
17
15
17
15
17
15
17
15
18
11
220
24
24
24
17
16
17
16
17
16
17
16
18
11
220
24
24
24
17
17
17
17
17
17
17
17
18
11
220
24
24
24
17
18
17
18
17
18
17
18
18
11
220
24
24
24
17
19
17
19
17
19
17
19
18
11
220
24
24
24
17
20
17
20
17
20
17
20
18
11
220
24
24
24
17
21
17
21
17
21
17
21
18
11
220
24
24
24
17
22
17
22
17
22
17
22
18
11
220
24
24
24
17
23
17
23
17
23
17
23
18
11
220
24
24
24
17
24
17
24
17
24
17
24
18
11
220
24
24
24
18
15
18
15
18
15
18
15
19
11
220
24
24
24
18
16
18
16
18
16
18
16
19
11
220
24
24
24
18
17
18
17
18
17
18
17
19
11
220
24
24
24
18
18
18
18
18
18
18
18
19
11
220
24
24
24
18
19
18
19
18
19
18
19
19
11
220
24
24
24
18
20
18
20
18
20
18
20
19
11
220
24
24
24
18
21
18
21
18
21
18
21
19
11
220
24
24
24
18
22
18
22
18
22
18
22
19
11
220
24
24
24
18
23
18
23
18
23
18
23
19
11
220
24
24
24
18
24
18
24
18
24
18
24
19
11
220
24
24
24
19
15
19
15
19
15
19
15
20
11
220
24
24
24
19
16
19
16
19
16
19
16
20
11
220
24
24
24
19
17
19
17
19
17
19
17
20
11
220
24
24
24
19
18
19
18
19
18
19
18
20
11
220
24
24
24
19
19
19
19
19
19
19
19
20
11
220
24
24
24
19
20
19
20
19
20
19
20
20
11
220
24
24
24
19
21
19
21
19
21
19
21
20
11
220
24
24
24
19
22
19
22
19
22
19
22
20
11
220
24
24
24
19
23
19
23
19
23
19
23
20
11
220
24
24
24
19
24
19
24
19
24
19
24
20
11
220
24
24
24
20
15
20
15
20
15
20
15
21
11
220
24
24
24
20
16
20
16
20
16
20
16
21
11
220
24
24
24
20
17
20
17
20
17
20
17
21
11
220
24
24
24
20
18
20
18
20
18
20
18
21
11
220
24
24
24
20
19
20
19
20
19
20
19
21
11
220
24
24
24
20
20
20
20
20
20
20
20
21
11
220
24
24
24
20
21
20
21
20
21
20
21
21
11
220
24
24
24
20
22
20
22
20
22
20
22
21
11
220
24
24
24
20
23
20
23
20
23
20
23
21
11
220
24
24
24
20
24
20
24
20
24
20
24
21
11
220
24
24
24
21
15
21
15
21
15
21
15
22
11
220
24
24
24
21
16
21
16
21
16
21
16
22
11
220
24
24
24
21
17
21
17
21
17
21
17
22
11
220
24
24
24
21
18
21
18
21
18
21
18
22
11
220
24
24
24
21
19
21
19
21
19
21
19
22
11
220
24
24
24
21
20
21
20
21
20
21
20
22
11
220
24
24
24
21
21
21
21
21
21
21
21
22
11
220
24
24
24
21
22
21
22
21
22
21
22
22
11
220
24
24
24
21
23
21
23
21
23
21
23
22
11
220
24
24
24
21
24
21
24
21
24
21
24
22
11
220
24
24
24
22
15
22
15
22
15
22
15
23
11
220
24
24
24
22
16
22
16
22
16
22
16
23
11
220
24
24
24
22
17
22
17
22
17
22
17
23
11
220
24
24
24
22
18
22
18
22
18
22
18
23
11
220
24
24
24
22
19
22
19
22
19
22
19
23
11
220
24
24
24
22
20
22
20
22
20
22
20
23
11
220
24
24
24
22
21
22
21
22
21
22
21
23
11
220
24
24
24
22
22
22
22
22
22
22
22
23
11
220
24
24
24
22
23
22
23
22
23
22
23
23
11
220
24
24
24
22
24
22
24
22
24
22
24
23
11
220
24
24
24
23
15
23
15
23
15
23
15
24
11
220
24
24
24
23
16
23
16
23
16
23
16
24
11
220
24
24
24
23
17
23
17
23
17
23
17
24
11
220
24
24
24
23
18
23
18
23
18
23
18
24
11
220
24
24
24
23
19
23
19
23
19
23
19
24
11
220
24
24
24
23
20
23
20
23
20
23
20
24
11
220
24
24
24
23
21
23
21
23
21
23
21
24
11
220
24
24
24
23
22
23
22
23
22
23
22
24
11
220
24
24
24
23
23
23
23
23
23
23
23
24
11
220
24
24
24
23
24
23
24
23
24
23
24
24
11
220
24
24
24
24
15
24
15
24
15
24
16
15
11
220
24
24
24
24
16
24
16
24
16
24
17
15
11
220
24
24
24
24
17
24
17
24
17
24
18
15
11
220
24
24
24
24
18
24
18
24
18
24
19
15
11
220
24
24
24
24
19
24
19
24
19
24
20
15
11
220
24
24
24
24
20
24
20
24
20
24
21
15
11
220
24
24
24
24
21
24
21
24
21
24
22
15
11
220
24
24
24
24
22
24
22
24
22
24
23
15
11
220
24
24
24
24
23
24
23
24
23
24
24
15
11
220
16
15
15
15
15
15
15
15
15
15
15
15
15
2387
606
220
19
24
15
15
15
15
15
15
15
15
15
20
15
271
2
5272
1716
13741
3188
51757
788
1003
49546
8
310
1542
6813
13
198
71093
248046
198
248045
74455
198
71093
12305
198
1445
18904
1120
1697
1358
727
7776
51757
788
1003
49546
1393
25
514
11
580
25
514
11
830
25
514
11
1906
27430
25
1697
18078
2387
1411
514
25
198
262
4071
15767
307
9861
8826
383
3050
2756
11
1423
279
7776
2702
93451
948
11268
1070
13
198
1031
262
22136
25
198
262
471
2332
1379
580
9861
628
381
26380
3658
303
799
6937
198
262
471
6991
585
318
35166
383
1834
1906
27430
957
2387
628
1132
381
26380
383
466
1238
421
1834
198
262
471
4486
11268
383
1834
264
11
279
1727
42304
628
1132
381
383
1834
264
36641
466
2843
198
262
471
49313
49546
364
1906
585
26380
383
1834
274
369
318
82
471
1906
27430
957
2387
198
1031
262
17167
25
198
285
307
25
5447
314
9861
318
16
2564
307
2564
220
16
15
15
8
198
285
580
25
25749
9861
791
42304
318
16
2564
580
2564
307
8
198
285
830
25
20542
1881
56641
318
16
2564
830
2564
220
16
15
61
24
8
198
285
1906
27430
25
1697
314
307
1906
20791
2756
303
2397
6596
72887
1906
318
16
2564
1906
27430
957
60
2564
220
16
15
61
16
17
8
198
1031
262
5019
25
198
285
561
7776
3102
2702
93451
6987
262
11765
7776
51757
788
1003
49546
7
20
11
220
17
11
220
18
11
498
16
11
220
20
11
220
21
11
220
16
15
11
220
16
17
2387
198
262
220
17
198
262
11765
7776
51757
788
1003
49546
7
16
11
220
16
11
220
16
15
15
15
15
15
15
15
15
15
11
498
16
15
15
15
15
15
15
15
15
15
15
15
15
2387
198
262
220
15
198
262
4071
198
262
653
21213
15019
5313
198
262
653
11002
957
60
283
7776
2702
93451
364
9861
220
15
486
72
12
16
318
72
9861
8
198
262
653
1165
1144
310
9973
1204
310
1809
279
1483
6937
314
9861
13004
506
1906
585
12
16
198
262
653
561
1483
6937
628
6435
9861
492
11
492
10
16
11
58317
585
12
16
1332
585
12948
2564
580
198
262
653
1942
1439
9861
513
26380
383
279
1788
1834
11
864
1902
381
2518
1866
18797
27430
3681
486
72
12
16
2387
283
1906
27430
957
12
16
60
318
10957
10300
8
198
262
653
7054
11
413
411
369
524
279
1118
6937
11
279
3555
42304
1902
599
978
383
1834
2564
1906
27430
3681
12
16
579
42304
1834
681
695
262
653
321
1428
42304
1834
2518
3555
42304
1834
478
830
6987
262
653
6558
579
1683
883
424
20648
25
198
262
653
11002
957
60
283
1262
2702
93451
364
1118
585
9861
198
262
653
1946
12204
11002
957
1089
567
2814
421
279
1483
6937
5435
9861
494
1857
492
310
585
12
16
318
15
20834
290
681
1332
220
16
2564
585
12948
2564
580
198
262
653
561
11268
1834
364
411
6937
1902
381
2518
1906
27430
957
12
16
60
318
1719
5362
1906
1834
303
279
6937
8
198
262
653
7054
11
413
492
835
220
15
11
279
3555
6937
9202
506
1906
492
12
16
11
321
557
26380
383
1010
1834
274
24752
198
262
653
561
1428
11268
1834
274
39177
2518
274
24752
478
830
198
262
653
1921
567
1459
914
3627
274
24752
303
11002
957
60
5774
13
1165
1144
310
381
777
16097
13
198
1031
262
653
32645
11
2394
1906
27430
369
10300
11
364
264
6937
314
9861
494
492
310
585
12
16
11
279
28689
781
628
660
381
26380
369
1906
27430
957
12
16
906
198
262
653
1368
567
8026
1070
383
1834
1906
27430
957
12
16
1089
421
579
22113
364
421
6937
7249
318
1030
316
4694
93451
553
198
262
653
1921
279
20908
369
421
413
1017
557
264
3555
6937
26380
383
1834
274
11
1179
1906
27430
957
12
16
60
2518
274
478
830
11
585
1673
2487
274
2564
1906
27430
957
12
16
60
471
830
13
198
1031
262
653
1987
11002
957
60
283
1262
888
492
494
1866
7
15
11
585
12283
8
310
585
12
16
314
25
198
262
653
256
11002
3681
60
478
2695
314
11268
9861
492
486
72
12
16
383
1834
1906
27430
957
12
16
60
198
262
653
256
694
1132
413
492
606
220
15
466
279
3555
42304
1834
557
2564
1906
27430
957
12
16
60
471
830
6987
262
653
561
4125
369
567
1144
310
1366
279
3555
42304
1834
13
6558
579
6762
11002
957
60
20648
13
198
262
653
32645
11
1042
579
6762
11002
957
60
430
279
7776
2702
93451
364
9861
220
15
486
72
12
16
11
1332
279
1483
6937
10029
506
1906
585
12
16
13
198
262
653
1921
567
1048
1144
310
5790
279
17856
20908
13
198
1031
262
653
39752
25
11002
957
60
283
7776
2702
93451
364
1118
585
9861
11
15029
314
948
279
1483
6937
557
26380
13
198
262
653
1921
1179
567
1144
310
1366
279
1483
42304
1834
310
1716
279
830
20908
13
198
1031
262
653
6558
579
958
25
11002
957
60
283
318
1030
10467
788
1003
49546
11
1483
30024
468
16271
8
694
411
3070
914
944
1521
1017
2493
381
6355
31410
13
198
1031
262
653
22703
5313
25
2394
307
369
2526
318
446
310
220
16
15
15
681
567
628
635
30715
1332
25
198
262
653
11002
957
60
283
7776
2702
93451
364
9861
220
15
486
72
12
16
198
262
653
1690
279
1483
6937
8222
9861
492
486
72
12
16
318
2777
585
12948
2564
580
681
26380
383
1834
1906
27430
957
12
16
5491
198
262
653
256
471
1368
492
606
220
15
11
874
3555
42304
20908
11
2695
283
2542
18797
27430
957
12
16
60
471
1906
27430
11722
60
364
295
303
492
486
72
12
16
8
198
262
653
256
471
1368
492
835
220
15
11
567
1144
279
3555
6937
318
2379
506
492
12
16
8
310
599
978
26380
383
264
1834
2564
1906
27430
957
12
16
60
471
830
198
262
653
257
1061
3254
567
1144
11002
3681
60
310
599
2445
494
264
1528
1332
279
1483
42304
557
2564
1906
27430
957
12
16
60
471
830
13
198
1031
262
653
1946
3579
411
11
1042
579
6762
11002
957
60
430
279
7776
2702
93451
364
1118
585
9861
11
321
1048
3627
279
1483
42304
1834
13
198
262
653
1921
2394
279
1483
42304
1834
628
12904
11
567
2493
1144
777
1528
13
198
1031
262
653
32645
11
364
264
2574
16168
11
279
1483
42304
1834
369
10521
539
279
1483
6937
579
1151
1906
579
20908
321
830
16484
13
198
262
653
6558
728
1683
1495
1076
198
1031
262
653
5141
19407
25
3095
567
8026
264
6937
314
9861
492
486
72
12
16
11
567
8026
1070
383
1834
1906
27430
957
12
16
60
318
2818
2768
364
73681
836
3714
13376
7243
3885
553
198
262
653
561
20908
369
421
413
1017
579
264
3555
6937
11
1141
42304
1834
274
1902
25705
274
2564
1906
27430
957
12
16
60
471
830
13
198
1031
262
653
1987
1042
579
6762
11002
957
60
283
7776
2702
93451
364
1118
585
9861
11
440
279
4945
17457
421
567
1366
948
279
1483
6937
557
26380
13
198
262
653
1921
279
1483
42304
1834
364
279
22113
6093
13004
506
1906
585
12
16
2493
524
381
4752
13
198
1031
262
653
6558
579
1380
25
11002
957
60
283
7776
2702
93451
364
9861
220
15
486
72
12
16
11
1332
279
1483
6937
318
2379
506
585
12
16
8
557
26380
383
1834
1906
27430
957
12
16
906
198
262
653
4844
364
8869
310
11002
3681
60
1332
567
8026
9861
580
486
73
12
16
383
1834
1906
27430
3681
12
16
1089
567
1144
421
413
580
835
220
15
11
279
3555
6937
318
2379
506
580
12
16
8
557
26380
383
1834
2564
1906
27430
3681
12
16
60
471
830
13
198
262
653
1061
3254
11002
6521
60
1902
2905
321
279
1483
42304
1834
364
421
11002
6521
60
1528
1902
381
2564
1906
27430
3681
12
16
60
471
830
13
198
1031
262
653
85152
11
411
369
3583
6150
13
6558
728
1380
264
2086
53041
13
198
1031
262
653
6558
11002
957
60
283
7776
2702
93451
364
1118
585
9861
13
198
262
653
1946
12204
11002
957
1089
28662
888
279
1331
314
279
1483
6937
25
1331
274
494
220
16
310
1262
5781
11
585
8
198
262
653
561
1483
6937
5435
9861
585
1284
5074
585
12
16
11
26380
383
1834
1906
27430
957
12
16
906
198
262
653
561
2695
314
411
6937
369
2542
18797
27430
957
12
16
60
471
1906
27430
11722
60
364
295
303
2020
1889
1284
11
585
578
198
262
653
1368
585
1284
606
220
15
11
11002
957
60
283
2695
318
2083
3555
20908
8
198
262
653
1368
585
1284
835
220
15
11
567
1144
421
279
6937
13004
506
1906
585
1284
12
16
557
26380
383
1834
2564
1906
27430
957
12
16
60
471
830
198
262
653
1921
11002
957
1284
60
3070
914
3184
586
948
279
1483
6937
557
26380
13
198
1031
262
653
1987
567
1144
310
47080
279
1528
13
6558
579
6762
11002
957
1404
67
60
694
293
628
381
6552
13
198
1031
262
653
39752
25
2394
279
42304
2756
513
10521
539
279
9861
6
2756
321
830
11
6970
567
628
12867
3102
42304
2756
30
198
262
653
2985
307
28
16
15
15
11
1017
513
506
1379
220
16
15
15
43303
11
321
1754
6937
579
1834
369
799
314
279
1906
27430
2663
318
269
28028
539
830
553
198
262
653
1061
1362
381
56768
13
198
1031
262
653
6558
728
1683
883
279
3377
777
15060
13
3095
567
9973
310
8026
9861
492
486
72
12
16
3658
383
1834
1906
27430
957
12
16
1089
279
20908
369
421
198
262
653
866
3555
42304
557
383
1834
2564
1906
27430
957
12
16
60
471
830
13
35624
262
653
5514
579
449
4374
25
3269
9861
539
1834
318
43967
10300
553
5272
30715
1332
11002
957
60
283
1262
93451
364
1118
585
9861
13
198
262
653
3095
12463
279
1483
6937
492
486
72
12
16
26380
383
1834
1906
27430
957
12
16
1089
567
1144
11002
3681
60
310
381
328
33687
1
7063
279
1483
42304
695
262
653
303
279
22113
6093
364
11002
3681
60
557
383
264
1834
2564
1906
27430
957
12
16
60
471
830
13
198
1031
262
653
1946
3579
411
11
1042
579
1048
3627
11
364
1754
585
11
279
1483
42304
1834
303
279
22113
6093
13
1921
1017
2493
381
5081
22113
9611
440
2086
1483
42304
2756
13
198
1031
262
653
1690
307
2564
220
16
15
15
11
1042
579
1380
264
30715
440
1528
11002
957
60
283
318
1030
788
1003
49546
11
1262
11847
30024
468
16271
8
694
411
54102
2493
524
944
13
198
1031
262
653
6558
728
1380
25
11002
957
60
283
1262
2702
93451
364
1118
585
9861
13
198
262
653
1541
1483
30024
16271
957
60
283
279
1483
42304
1834
303
279
22113
6093
364
11002
957
906
198
262
653
1921
1017
1362
381
264
6355
1783
25
264
9781
4918
93451
2493
2070
449
6575
12943
932
1483
42304
1834
11
864
1362
381
2577
364
3725
43303
13
198
1031
262
653
15767
307
369
2526
11
1042
579
1380
9976
364
1754
585
11
279
716
314
71662
951
54227
2768
318
67
1003
49546
11
1483
30024
16271
8
13139
13
198
262
653
357
6505
318
67
16
11
274
16
8
80018
318
67
17
11
274
17
8
413
293
16
2564
293
17
321
274
16
2564
274
17
318
14344
93451
321
6575
466
5951
1483
42304
369
2577
553
198
1031
262
653
1690
1754
585
11
10000
264
1103
314
2397
86542
318
67
1003
49546
11
1483
30024
16271
8
13139
13
198
1031
262
653
8736
25
11002
58
15
60
283
17294
15
11
220
15
7025
220
653
220
15
9861
11
220
15
93451
11
1483
42304
1834
220
15
318
269
471
77258
11
694
220
15
4138
2394
2756
2518
220
16
8
198
1031
262
653
1690
585
494
220
16
310
307
25
198
262
653
256
11002
957
60
283
2958
198
262
653
256
1690
274
303
2020
7
16
11
1262
5781
11
585
8
478
220
16
1590
198
262
653
950
492
283
585
471
274
220
653
3555
1528
25
1118
492
9861
198
262
653
950
6937
15422
283
2542
18797
27430
957
12
16
60
471
1906
27430
11722
60
364
295
303
2020
3216
11
585
578
198
262
653
950
42304
16271
283
1906
27430
957
12
16
60
198
262
653
950
1690
1754
318
67
24752
11
274
24752
8
303
11002
3681
5491
198
262
653
1779
413
492
606
220
15
466
274
24752
2564
42304
16271
471
830
25
198
262
653
2215
491
788
283
293
24752
478
6937
15422
198
262
653
2215
491
625
283
42304
16271
198
262
653
2215
2604
318
902
788
11
491
625
8
310
10853
364
11002
957
60
198
262
653
256
11986
11002
957
60
310
2426
1132
2397
86542
13139
13
198
1031
262
653
1061
1220
944
364
307
2564
220
16
15
15
321
580
2564
307
13
198
1031
262
11002
283
498
3928
60
348
318
77
478
220
16
8
198
262
11002
58
15
60
283
17294
15
11
220
15
7025
220
653
318
67
1003
49546
11
1483
30024
468
16271
8
198
1031
262
364
585
303
2020
7
16
11
307
478
220
16
1590
198
285
10853
283
2958
198
285
653
7745
6937
682
1331
274
11
494
1906
492
310
585
12
16
318
15
20834
290
681
1332
492
283
585
471
274
198
285
364
274
303
2020
7
16
11
1262
5781
11
585
8
478
220
16
1590
198
309
492
283
585
471
274
198
309
6937
15422
283
220
15
198
309
364
295
303
2020
3216
11
585
1590
198
388
6937
15422
1373
1906
27430
957
471
220
16
60
471
1906
27430
11722
60
198
309
42304
16271
283
1906
27430
957
471
220
16
60
198
3265
309
364
318
67
24752
11
274
24752
8
303
11002
3681
5491
198
388
413
492
606
220
15
25
198
493
653
2233
3555
6937
11
874
20908
198
493
491
788
283
293
24752
478
6937
15422
198
493
491
625
283
42304
16271
198
493
10853
1989
1148
902
788
11
491
625
578
198
388
745
25
198
493
653
27971
6937
579
1483
42304
1834
1902
381
2564
42304
16271
471
830
198
493
413
274
24752
2564
42304
16271
471
830
25
198
646
491
788
283
293
24752
478
6937
15422
198
646
491
625
283
42304
16271
198
646
10853
1989
1148
902
788
11
491
625
578
198
1726
285
653
11986
310
2426
1132
2397
86542
13139
198
285
653
15495
539
93451
11
1179
539
1483
30024
16271
198
285
413
524
10853
25
198
309
11002
957
60
283
2958
198
309
2962
198
285
10853
10299
4702
26612
280
25
318
79
58
15
1089
280
58
16
9087
198
285
17748
283
2958
198
285
364
37356
303
10853
25
198
309
653
4109
413
411
8871
369
28731
539
866
303
17748
198
309
28731
283
3439
198
309
364
281
303
17748
25
198
388
413
281
58
15
60
2564
37356
58
15
60
321
281
58
16
60
2564
37356
58
16
5491
198
493
28731
283
2912
198
493
1387
198
309
413
524
28731
25
198
388
653
10466
866
10853
303
17748
421
513
28731
539
37356
198
388
17748
283
498
69
364
281
303
17748
413
524
318
66
429
58
15
60
2564
281
58
15
60
321
37356
58
16
60
2564
281
58
16
69631
198
388
17748
1989
1290
429
8
198
285
11002
957
60
283
17748
6987
262
653
561
4087
369
279
7776
93451
303
11002
7426
60
198
262
413
524
11002
7426
5491
198
285
460
471
16
220
653
11910
524
3420
198
262
460
1262
1446
364
318
67
11
274
8
303
11002
7426
2387
1358
727
1716
69574
1590
198
262
653
3284
4886
494
279
3377
198
262
1992
8871
7
20
11
220
17
11
220
18
11
498
16
11
220
20
11
220
21
11
220
16
15
11
220
16
17
2387
606
220
18
198
262
1992
8871
7
16
11
220
16
11
220
16
15
15
15
15
15
15
15
15
15
11
498
16
15
15
15
15
15
15
15
15
15
15
15
15
2387
606
220
15
198
262
1992
8871
7
16
20
11
220
19
11
220
20
11
498
16
11
220
18
11
220
18
11
220
21
11
220
21
11
220
21
11
220
16
15
11
220
16
15
11
220
16
15
11
220
16
15
11
220
16
20
11
220
16
20
11
220
16
20
11
220
16
20
11
220
16
20
2387
606
220
18
20
6987
262
653
22484
1228
4886
198
262
1992
8871
7
17
11
220
17
11
220
16
20
16
22
11
498
16
21
24
22
11
220
16
23
21
24
2387
606
220
16
22
17
198
262
1992
8871
7
16
15
11
220
16
11
220
17
11
498
16
11
220
16
11
220
17
11
220
18
11
220
19
11
220
20
11
220
20
11
220
20
11
220
20
11
220
21
2387
606
220
21
18
198
262
1992
8871
7
16
11
220
16
11
220
20
23
19
20
20
23
22
22
21
11
498
16
16
17
21
15
20
17
17
24
18
2387
606
220
15
198
262
1992
8871
7
16
11
220
16
11
220
16
11
498
16
2387
606
220
15
6987
262
653
3284
1105
440
580
21076
318
528
9861
303
799
42304
8
198
262
1992
8871
7
16
15
15
11
220
16
15
15
11
220
16
15
15
15
15
15
15
15
15
15
11
498
24
24
24
15
15
15
15
15
15
15
15
16
11
220
24
24
24
15
16
15
16
15
16
15
16
16
11
220
24
24
24
15
17
15
17
15
17
15
17
16
11
220
24
24
24
15
18
15
18
15
18
15
18
16
11
220
24
24
24
15
19
15
19
15
19
15
19
16
11
220
24
24
24
15
20
15
20
15
20
15
20
16
11
220
24
24
24
15
21
15
21
15
21
15
21
16
11
220
24
24
24
15
22
15
22
15
22
15
22
16
11
220
24
24
24
15
23
15
23
15
23
15
23
16
11
220
24
24
24
15
24
15
24
15
24
15
24
16
11
220
24
24
24
16
15
16
15
16
15
16
15
17
11
220
24
24
24
16
16
16
16
16
16
16
16
17
11
220
24
24
24
16
17
16
17
16
17
16
17
17
11
220
24
24
24
16
18
16
18
16
18
16
18
17
11
220
24
24
24
16
19
16
19
16
19
16
19
17
11
220
24
24
24
16
20
16
20
16
20
16
20
17
11
220
24
24
24
16
21
16
21
16
21
16
21
17
11
220
24
24
24
16
22
16
22
16
22
16
22
17
11
220
24
24
24
16
23
16
23
16
23
16
23
17
11
220
24
24
24
16
24
16
24
16
24
16
24
17
11
220
24
24
24
17
15
17
15
17
15
17
15
18
11
220
24
24
24
17
16
17
16
17
16
17
16
18
11
220
24
24
24
17
17
17
17
17
17
17
17
18
11
220
24
24
24
17
18
17
18
17
18
17
18
18
11
220
24
24
24
17
19
17
19
17
19
17
19
18
11
220
24
24
24
17
20
17
20
17
20
17
20
18
11
220
24
24
24
17
21
17
21
17
21
17
21
18
11
220
24
24
24
17
22
17
22
17
22
17
22
18
11
220
24
24
24
17
23
17
23
17
23
17
23
18
11
220
24
24
24
17
24
17
24
17
24
17
24
18
11
220
24
24
24
18
15
18
15
18
15
18
15
19
11
220
24
24
24
18
16
18
16
18
16
18
16
19
11
220
24
24
24
18
17
18
17
18
17
18
17
19
11
220
24
24
24
18
18
18
18
18
18
18
18
19
11
220
24
24
24
18
19
18
19
18
19
18
19
19
11
220
24
24
24
18
20
18
20
18
20
18
20
19
11
220
24
24
24
18
21
18
21
18
21
18
21
19
11
220
24
24
24
18
22
18
22
18
22
18
22
19
11
220
24
24
24
18
23
18
23
18
23
18
23
19
11
220
24
24
24
18
24
18
24
18
24
18
24
19
11
220
24
24
24
19
15
19
15
19
15
19
15
20
11
220
24
24
24
19
16
19
16
19
16
19
16
20
11
220
24
24
24
19
17
19
17
19
17
19
17
20
11
220
24
24
24
19
18
19
18
19
18
19
18
20
11
220
24
24
24
19
19
19
19
19
19
19
19
20
11
220
24
24
24
19
20
19
20
19
20
19
20
20
11
220
24
24
24
19
21
19
21
19
21
19
21
20
11
220
24
24
24
19
22
19
22
19
22
19
22
20
11
220
24
24
24
19
23
19
23
19
23
19
23
20
11
220
24
24
24
19
24
19
24
19
24
19
24
20
11
220
24
24
24
20
15
20
15
20
15
20
15
21
11
220
24
24
24
20
16
20
16
20
16
20
16
21
11
220
24
24
24
20
17
20
17
20
17
20
17
21
11
220
24
24
24
20
18
20
18
20
18
20
18
21
11
220
24
24
24
20
19
20
19
20
19
20
19
21
11
220
24
24
24
20
20
20
20
20
20
20
20
21
11
220
24
24
24
20
21
20
21
20
21
20
21
21
11
220
24
24
24
20
22
20
22
20
22
20
22
21
11
220
24
24
24
20
23
20
23
20
23
20
23
21
11
220
24
24
24
20
24
20
24
20
24
20
24
21
11
220
24
24
24
21
15
21
15
21
15
21
15
22
11
220
24
24
24
21
16
21
16
21
16
21
16
22
11
220
24
24
24
21
17
21
17
21
17
21
17
22
11
220
24
24
24
21
18
21
18
21
18
21
18
22
11
220
24
24
24
21
19
21
19
21
19
21
19
22
11
220
24
24
24
21
20
21
20
21
20
21
20
22
11
220
24
24
24
21
21
21
21
21
21
21
21
22
11
220
24
24
24
21
22
21
22
21
22
21
22
22
11
220
24
24
24
21
23
21
23
21
23
21
23
22
11
220
24
24
24
21
24
21
24
21
24
21
24
22
11
220
24
24
24
22
15
22
15
22
15
22
15
23
11
220
24
24
24
22
16
22
16
22
16
22
16
23
11
220
24
24
24
22
17
22
17
22
17
22
17
23
11
220
24
24
24
22
18
22
18
22
18
22
18
23
11
220
24
24
24
22
19
22
19
22
19
22
19
23
11
220
24
24
24
22
20
22
20
22
20
22
20
23
11
220
24
24
24
22
21
22
21
22
21
22
21
23
11
220
24
24
24
22
22
22
22
22
22
22
22
23
11
220
24
24
24
22
23
22
23
22
23
22
23
23
11
220
24
24
24
22
24
22
24
22
24
22
24
23
11
220
24
24
24
23
15
23
15
23
15
23
15
24
11
220
24
24
24
23
16
23
16
23
16
23
16
24
11
220
24
24
24
23
17
23
17
23
17
23
17
24
11
220
24
24
24
23
18
23
18
23
18
23
18
24
11
220
24
24
24
23
19
23
19
23
19
23
19
24
11
220
24
24
24
23
20
23
20
23
20
23
20
24
11
220
24
24
24
23
21
23
21
23
21
23
21
24
11
220
24
24
24
23
22
23
22
23
22
23
22
24
11
220
24
24
24
23
23
23
23
23
23
23
23
24
11
220
24
24
24
23
24
23
24
23
24
23
24
24
11
220
24
24
24
24
15
24
15
24
15
24
16
15
11
220
24
24
24
24
16
24
16
24
16
24
17
15
11
220
24
24
24
24
17
24
17
24
17
24
18
15
11
220
24
24
24
24
18
24
18
24
18
24
19
15
11
220
24
24
24
24
19
24
19
24
19
24
20
15
11
220
24
24
24
24
20
24
20
24
20
24
21
15
11
220
24
24
24
24
21
24
21
24
21
24
22
15
11
220
24
24
24
24
22
24
22
24
22
24
23
15
11
220
24
24
24
24
23
24
23
24
23
24
24
15
11
220
16
15
15
15
15
15
15
15
15
15
15
15
15
2387
606
220
19
24
15
15
15
15
15
15
15
20
15
6987
262
653
3284
1105
440
580
28
16
318
588
1906
791
42304
8
198
262
1992
8871
7
16
15
15
11
220
16
11
220
16
15
15
15
15
15
15
15
15
15
11
498
24
24
24
15
15
15
15
15
15
15
15
16
11
220
24
24
24
15
16
15
16
15
16
15
16
16
11
220
24
24
24
15
17
15
17
15
17
15
17
16
11
220
24
24
24
15
18
15
18
15
18
15
18
16
11
220
24
24
24
15
19
15
19
15
19
15
19
16
11
220
24
24
24
15
20
15
20
15
20
15
20
16
11
220
24
24
24
15
21
15
21
15
21
15
21
16
11
220
24
24
24
15
22
15
22
15
22
15
22
16
11
220
24
24
24
15
23
15
23
15
23
15
23
16
11
220
24
24
24
15
24
15
24
15
24
15
24
16
11
220
24
24
24
16
15
16
15
16
15
16
15
17
11
220
24
24
24
16
16
16
16
16
16
16
16
17
11
220
24
24
24
16
17
16
17
16
17
16
17
17
11
220
24
24
24
16
18
16
18
16
18
16
18
17
11
220
24
24
24
16
19
16
19
16
19
16
19
17
11
220
24
24
24
16
20
16
20
16
20
16
20
17
11
220
24
24
24
16
21
16
21
16
21
16
21
17
11
220
24
24
24
16
22
16
22
16
22
16
22
17
11
220
24
24
24
16
23
16
23
16
23
16
23
17
11
220
24
24
24
16
24
16
24
16
24
16
24
17
11
220
24
24
24
17
15
17
15
17
15
17
15
18
11
220
24
24
24
17
16
17
16
17
16
17
16
18
11
220
24
24
24
17
17
17
17
17
17
17
17
18
11
220
24
24
24
17
18
17
18
17
18
17
18
18
11
220
24
24
24
17
19
17
19
17
19
17
19
18
11
220
24
24
24
17
20
17
20
17
20
17
20
18
11
220
24
24
24
17
21
17
21
17
21
17
21
18
11
220
24
24
24
17
22
17
22
17
22
17
22
18
11
220
24
24
24
17
23
17
23
17
23
17
23
18
11
220
24
24
24
17
24
17
24
17
24
17
24
18
11
220
24
24
24
18
15
18
15
18
15
18
15
19
11
220
24
24
24
18
16
18
16
18
16
18
16
19
11
220
24
24
24
18
17
18
17
18
17
18
17
19
11
220
24
24
24
18
18
18
18
18
18
18
18
19
11
220
24
24
24
18
19
18
19
18
19
18
19
19
11
220
24
24
24
18
20
18
20
18
20
18
20
19
11
220
24
24
24
18
21
18
21
18
21
18
21
19
11
220
24
24
24
18
22
18
22
18
22
18
22
19
11
220
24
24
24
18
23
18
23
18
23
18
23
19
11
220
24
24
24
18
24
18
24
18
24
18
24
19
11
220
24
24
24
19
15
19
15
19
15
19
15
20
11
220
24
24
24
19
16
19
16
19
16
19
16
20
11
220
24
24
24
19
17
19
17
19
17
19
17
20
11
220
24
24
24
19
18
19
18
19
18
19
18
20
11
220
24
24
24
19
19
19
19
19
19
19
19
20
11
220
24
24
24
19
20
19
20
19
20
19
20
20
11
220
24
24
24
19
21
19
21
19
21
19
21
20
11
220
24
24
24
19
22
19
22
19
22
19
22
20
11
220
24
24
24
19
23
19
23
19
23
19
23
20
11
220
24
24
24
19
24
19
24
19
24
19
24
20
11
220
24
24
24
20
15
20
15
20
15
20
15
21
11
220
24
24
24
20
16
20
16
20
16
20
16
21
11
220
24
24
24
20
17
20
17
20
17
20
17
21
11
220
24
24
24
20
18
20
18
20
18
20
18
21
11
220
24
24
24
20
19
20
19
20
19
20
19
21
11
220
24
24
24
20
20
20
20
20
20
20
20
21
11
220
24
24
24
20
21
20
21
20
21
20
21
21
11
220
24
24
24
20
22
20
22
20
22
20
22
21
11
220
24
24
24
20
23
20
23
20
23
20
23
21
11
220
24
24
24
20
24
20
24
20
24
20
24
21
11
220
24
24
24
21
15
21
15
21
15
21
15
22
11
220
24
24
24
21
16
21
16
21
16
21
16
22
11
220
24
24
24
21
17
21
17
21
17
21
17
22
11
220
24
24
24
21
18
21
18
21
18
21
18
22
11
220
24
24
24
21
19
21
19
21
19
21
19
22
11
220
24
24
24
21
20
21
20
21
20
21
20
22
11
220
24
24
24
21
21
21
21
21
21
21
21
22
11
220
24
24
24
21
22
21
22
21
22
21
22
22
11
220
24
24
24
21
23
21
23
21
23
21
23
22
11
220
24
24
24
21
24
21
24
21
24
21
24
22
11
220
24
24
24
22
15
22
15
22
15
22
15
23
11
220
24
24
24
22
16
22
16
22
16
22
16
23
11
220
24
24
24
22
17
22
17
22
17
22
17
23
11
220
24
24
24
22
18
22
18
22
18
22
18
23
11
220
24
24
24
22
19
22
19
22
19
22
19
23
11
220
24
24
24
22
20
22
20
22
20
22
20
23
11
220
24
24
24
22
21
22
21
22
21
22
21
23
11
220
24
24
24
22
22
22
22
22
22
22
22
23
11
220
24
24
24
22
23
22
23
22
23
22
23
23
11
220
24
24
24
22
24
22
24
22
24
22
24
23
11
220
24
24
24
23
15
23
15
23
15
23
15
24
11
220
24
24
24
23
16
23
16
23
16
23
16
24
11
220
24
24
24
23
17
23
17
23
17
23
17
24
11
220
24
24
24
23
18
23
18
23
18
23
18
24
11
220
24
24
24
23
19
23
19
23
19
23
19
24
11
220
24
24
24
23
20
23
20
23
20
23
20
24
11
220
24
24
24
23
21
23
21
23
21
23
21
24
11
220
24
24
24
23
22
23
22
23
22
23
22
24
11
220
24
24
24
23
23
23
23
23
23
23
23
24
11
220
24
24
24
23
24
23
24
23
24
23
24
24
11
220
24
24
24
24
15
24
15
24
15
24
16
15
11
220
24
24
24
24
16
24
16
24
16
24
17
15
11
220
24
24
24
24
17
24
17
24
17
24
18
15
11
220
24
24
24
24
18
24
18
24
18
24
19
15
11
220
24
24
24
24
19
24
19
24
19
24
20
15
11
220
24
24
24
24
20
24
20
24
20
24
21
15
11
220
24
24
24
24
21
24
21
24
21
24
22
15
11
220
24
24
24
24
22
24
22
24
22
24
23
15
11
220
24
24
24
24
23
24
23
24
23
24
24
15
11
220
16
15
15
15
15
15
15
15
15
15
15
15
15
2387
606
220
19
24
15
15
15
15
15
15
15
15
20
15
271
2
5272
1716
13741
3188
51757
788
1003
49546
8
310
1542
6813
13
198
71093
248046
198
248045
846
198
7525
3555
4621
4490
279
6813
13
5514
579
279
1412
25
198
6347
1371
318
3444
3110
1562
1483
1590
198
220
2793
34397
65
39
16
80
51483
55
45
18520
6971
487
1500
220
17
20
17
11
303
361
4211
29
198
262
1716
13741
3188
51757
788
1003
49546
8
198
220
2793
34397
65
39
16
80
51483
55
45
18520
6971
487
1500
220
17
18
21
11
303
1716
198
262
1992
8871
7
16
20
11
220
19
11
220
20
11
498
16
11
220
18
11
220
18
11
220
21
11
220
21
11
220
21
11
220
16
15
11
220
16
15
11
220
16
15
11
220
16
15
11
220
16
20
11
220
16
20
11
220
16
20
11
220
16
20
11
220
16
20
2387
606
220
18
20
198
1779
6108
59641
59641
59641
59641
59641
59641
59641
59641
59641
59641
59641
59641
59641
59641
59641
59641
59641
59641
59641
59641
198
66317
1401
14200
1206
311
40138
11
411
369
678
3274
25
4310
279
2614
709
11618
321
4479
889
11
6999
4072
279
709
7246
321
1440
660
279
6813
13
2972
5683
4045
67305
3067
13209
50
159029
271
2523
1220
14623
279
1970
488
10490
303
264
64504
1970
2424
318
784
9609
31789
318
19458
668
31153
279
3889
5568
8
248046
198
248045
74455
198
71093
12305
198
1445
18904
1120
1697
1358
727
7776
51757
788
1003
49546
1393
25
514
11
580
25
514
11
830
25
514
11
1906
27430
25
1697
18078
2387
1411
514
25
198
262
4071
15767
307
9861
8826
383
3050
2756
11
1423
279
7776
2702
93451
948
11268
1070
13
198
1031
262
22136
25
198
262
471
2332
1379
580
9861
628
381
26380
3658
303
799
6937
198
262
471
6991
585
318
35166
383
1834
1906
27430
957
2387
628
1132
381
26380
383
466
1238
421
1834
198
262
471
4486
11268
383
1834
264
11
279
1727
42304
628
1132
381
383
1834
264
36641
466
2843
198
262
471
49313
49546
364
1906
585
26380
383
1834
274
369
318
82
471
1906
27430
957
2387
198
1031
262
17167
25
198
285
307
25
5447
314
9861
318
16
2564
307
2564
220
16
15
15
8
198
285
580
25
25749
9861
791
42304
318
16
2564
580
2564
307
8
198
285
830
25
20542
1881
56641
318
16
2564
830
2564
220
16
15
61
24
8
198
285
1906
27430
25
1697
314
307
1906
20791
2756
303
2397
6596
72887
1906
318
16
2564
1906
27430
957
60
2564
220
16
15
61
16
17
8
198
1031
262
5019
25
198
285
561
7776
3102
2702
93451
6987
262
11765
7776
51757
788
1003
49546
7
20
11
220
17
11
220
18
11
498
16
11
220
20
11
220
21
11
220
16
15
11
220
16
17
2387
198
262
220
17
198
262
11765
7776
51757
788
1003
49546
7
16
11
220
16
11
220
16
15
15
15
15
15
15
15
15
15
11
498
16
15
15
15
15
15
15
15
15
15
15
15
15
2387
198
262
220
15
198
262
4071
198
262
653
21213
15019
5313
198
262
653
11002
957
60
283
716
314
71662
951
54227
2768
318
67
1003
49546
11
1483
30024
468
16271
8
13139
364
1118
585
9861
198
262
653
357
6505
318
67
16
11
274
16
8
80018
318
67
17
11
274
17
8
413
293
16
2564
293
17
321
274
16
2564
274
17
6987
262
11002
283
498
3928
60
348
318
77
478
220
16
8
198
262
11002
58
15
60
283
17294
15
11
220
15
7025
220
653
318
67
1003
49546
11
1483
30024
468
16271
8
198
1031
262
364
585
303
2020
7
16
11
307
478
220
16
1590
198
285
10853
283
2958
198
285
653
7745
6937
682
1331
274
11
494
1906
492
310
585
12
16
318
15
20834
290
681
1332
492
283
585
471
274
198
285
364
274
303
2020
7
16
11
1262
5781
11
585
8
478
220
16
1590
198
309
492
283
585
471
274
198
309
6937
15422
283
220
15
198
309
364
295
303
2020
3216
11
585
1590
198
388
6937
15422
1373
1906
27430
957
471
220
16
60
471
1906
27430
11722
60
198
309
42304
16271
283
1906
27430
957
471
220
16
60
198
3265
309
364
318
67
24752
11
274
24752
8
303
11002
3681
5491
198
388
413
492
606
220
15
25
198
493
653
2233
3555
6937
11
874
20908
198
493
491
788
283
293
24752
478
6937
15422
198
493
491
625
283
42304
16271
198
493
10853
1989
1148
902
788
11
491
625
578
198
388
745
25
198
493
653
27971
6937
579
1483
42304
1834
1902
381
2564
42304
16271
471
830
198
493
413
274
24752
2564
42304
16271
471
830
25
198
646
491
788
283
293
24752
478
6937
15422
198
646
491
625
283
42304
16271
198
646
10853
1989
1148
902
788
11
491
625
578
198
1726
285
653
11986
310
2426
1132
2397
86542
13139
198
285
413
524
10853
25
198
309
11002
957
60
283
2958
198
309
2962
198
285
10853
10299
4702
26612
280
25
318
79
58
15
1089
280
58
16
9087
198
285
17748
283
2958
198
285
364
37356
303
10853
25
198
309
653
4109
413
411
8871
369
28731
539
866
303
17748
198
309
28731
283
3439
198
309
364
281
303
17748
25
198
388
413
281
58
15
60
2564
37356
58
15
60
321
281
58
16
60
2564
37356
58
16
5491
198
493
28731
283
2912
198
493
1387
198
309
413
524
28731
25
198
388
653
10466
866
10853
303
17748
421
513
28731
539
37356
198
388
17748
283
498
69
364
281
303
17748
413
524
318
66
429
58
15
60
2564
281
58
15
60
321
37356
58
16
60
2564
281
58
16
69631
198
388
17748
1989
1290
429
8
198
285
11002
957
60
283
17748
6987
262
653
561
4087
369
279
7776
93451
303
11002
7426
60
198
262
413
524
11002
7426
5491
198
285
460
471
16
220
653
11910
524
3420
198
262
460
1262
1446
364
318
67
11
274
8
303
11002
7426
2387
1358
727
1716
69574
1590
198
262
653
3284
4886
494
279
3377
198
262
1992
8871
7
20
11
220
17
11
220
18
11
498
16
11
220
20
11
220
21
11
220
16
15
11
220
16
17
2387
606
220
18
198
262
1992
8871
7
16
11
220
16
11
220
16
15
15
15
15
15
15
15
15
15
11
498
16
15
15
15
15
15
15
15
15
15
15
15
15
2387
606
220
15
198
262
1992
8871
7
16
20
11
220
19
11
220
20
11
498
16
11
220
18
11
220
18
11
220
21
11
220
21
11
220
21
11
220
16
15
11
220
16
15
11
220
16
15
11
220
16
15
11
220
16
20
11
220
16
20
11
220
16
20
11
220
16
20
11
220
16
20
2387
606
220
18
20
6987
262
653
22484
1228
4886
198
262
1992
8871
7
17
11
220
17
11
220
16
20
16
22
11
498
16
21
24
22
11
220
16
23
21
24
2387
606
220
16
22
17
198
262
1992
8871
7
16
15
11
220
16
11
220
17
11
498
16
11
220
16
11
220
17
11
220
18
11
220
19
11
220
20
11
220
20
11
220
20
11
220
20
11
220
21
2387
606
220
21
18
198
262
1992
8871
7
16
11
220
16
11
220
20
23
19
20
20
23
22
22
21
11
498
16
16
17
21
15
20
17
17
24
18
2387
606
220
15
198
262
1992
8871
7
16
11
220
16
11
220
16
11
498
16
2387
606
220
15
6987
262
653
3284
1105
440
580
21076
318
528
9861
303
799
42304
8
198
262
1992
8871
7
16
15
15
11
220
16
15
15
11
220
16
15
15
15
15
15
15
15
15
15
11
498
24
24
24
15
15
15
15
15
15
15
15
16
11
220
24
24
24
15
16
15
16
15
16
15
16
16
11
220
24
24
24
15
17
15
17
15
17
15
17
16
11
220
24
24
24
15
18
15
18
15
18
15
18
16
11
220
24
24
24
15
19
15
19
15
19
15
19
16
11
220
24
24
24
15
20
15
20
15
20
15
20
16
11
220
24
24
24
15
21
15
21
15
21
15
21
16
11
220
24
24
24
15
22
15
22
15
22
15
22
16
11
220
24
24
24
15
23
15
23
15
23
15
23
16
11
220
24
24
24
15
24
15
24
15
24
15
24
16
11
220
24
24
24
16
15
16
15
16
15
16
15
17
11
220
24
24
24
16
16
16
16
16
16
16
16
17
11
220
24
24
24
16
17
16
17
16
17
16
17
17
11
220
24
24
24
16
18
16
18
16
18
16
18
17
11
220
24
24
24
16
19
16
19
16
19
16
19
17
11
220
24
24
24
16
20
16
20
16
20
16
20
17
11
220
24
24
24
16
21
16
21
16
21
16
21
17
11
220
24
24
24
16
22
16
22
16
22
16
22
17
11
220
24
24
24
16
23
16
23
16
23
16
23
17
11
220
24
24
24
16
24
16
24
16
24
16
24
17
11
220
24
24
24
17
15
17
15
17
15
17
15
18
11
220
24
24
24
17
16
17
16
17
16
17
16
18
11
220
24
24
24
17
17
17
17
17
17
17
17
18
11
220
24
24
24
17
18
17
18
17
18
17
18
18
11
220
24
24
24
17
19
17
19
17
19
17
19
18
11
220
24
24
24
17
20
17
20
17
20
17
20
18
11
220
24
24
24
17
21
17
21
17
21
17
21
18
11
220
24
24
24
17
22
17
22
17
22
17
22
18
11
220
24
24
24
17
23
17
23
17
23
17
23
18
11
220
24
24
24
17
24
17
24
17
24
17
24
18
11
220
24
24
24
18
15
18
15
18
15
18
15
19
11
220
24
24
24
18
16
18
16
18
16
18
16
19
11
220
24
24
24
18
17
18
17
18
17
18
17
19
11
220
24
24
24
18
18
18
18
18
18
18
18
19
11
220
24
24
24
18
19
18
19
18
19
18
19
19
11
220
24
24
24
18
20
18
20
18
20
18
20
19
11
220
24
24
24
18
21
18
21
18
21
18
21
19
11
220
24
24
24
18
22
18
22
18
22
18
22
19
11
220
24
24
24
18
23
18
23
18
23
18
23
19
11
220
24
24
24
18
24
18
24
18
24
18
24
19
11
220
24
24
24
19
15
19
15
19
15
19
15
20
11
220
24
24
24
19
16
19
16
19
16
19
16
20
11
220
24
24
24
19
17
19
17
19
17
19
17
20
11
220
24
24
24
19
18
19
18
19
18
19
18
20
11
220
24
24
24
19
19
19
19
19
19
19
19
20
11
220
24
24
24
19
20
19
20
19
20
19
20
20
11
220
24
24
24
19
21
19
21
19
21
19
21
20
11
220
24
24
24
19
22
19
22
19
22
19
22
20
11
220
24
24
24
19
23
19
23
19
23
19
23
20
11
220
24
24
24
19
24
19
24
19
24
19
24
20
11
220
24
24
24
20
15
20
15
20
15
20
15
21
11
220
24
24
24
20
16
20
16
20
16
20
16
21
11
220
24
24
24
20
17
20
17
20
17
20
17
21
11
220
24
24
24
20
18
20
18
20
18
20
18
21
11
220
24
24
24
20
19
20
19
20
19
20
19
21
11
220
24
24
24
20
20
20
20
20
20
20
20
21
11
220
24
24
24
20
21
20
21
20
21
20
21
21
11
220
24
24
24
20
22
20
22
20
22
20
22
21
11
220
24
24
24
20
23
20
23
20
23
20
23
21
11
220
24
24
24
20
24
20
24
20
24
20
24
21
11
220
24
24
24
21
15
21
15
21
15
21
15
22
11
220
24
24
24
21
16
21
16
21
16
21
16
22
11
220
24
24
24
21
17
21
17
21
17
21
17
22
11
220
24
24
24
21
18
21
18
21
18
21
18
22
11
220
24
24
24
21
19
21
19
21
19
21
19
22
11
220
24
24
24
21
20
21
20
21
20
21
20
22
11
220
24
24
24
21
21
21
21
21
21
21
21
22
11
220
24
24
24
21
22
21
22
21
22
21
22
22
11
220
24
24
24
21
23
21
23
21
23
21
23
22
11
220
24
24
24
21
24
21
24
21
24
21
24
22
11
220
24
24
24
22
15
22
15
22
15
22
15
23
11
220
24
24
24
22
16
22
16
22
16
22
16
23
11
220
24
24
24
22
17
22
17
22
17
22
17
23
11
220
24
24
24
22
18
22
18
22
18
22
18
23
11
220
24
24
24
22
19
22
19
22
19
22
19
23
11
220
24
24
24
22
20
22
20
22
20
22
20
23
11
220
24
24
24
22
21
22
21
22
21
22
21
23
11
220
24
24
24
22
22
22
22
22
22
22
22
23
11
220
24
24
24
22
23
22
23
22
23
22
23
23
11
220
24
24
24
22
24
22
24
22
24
22
24
23
11
220
24
24
24
23
15
23
15
23
15
23
15
24
11
220
24
24
24
23
16
23
16
23
16
23
16
24
11
220
24
24
24
23
17
23
17
23
17
23
17
24
11
220
24
24
24
23
18
23
18
23
18
23
18
24
11
220
24
24
24
23
19
23
19
23
19
23
19
24
11
220
24
24
24
23
20
23
20
23
20
23
20
24
11
220
24
24
24
23
21
23
21
23
21
23
21
24
11
220
24
24
24
23
22
23
22
23
22
23
22
24
11
220
24
24
24
23
23
23
23
23
23
23
23
24
11
220
24
24
24
23
24
23
24
23
24
23
24
24
11
220
24
24
24
24
15
24
15
24
15
24
16
15
11
220
24
24
24
24
16
24
16
24
16
24
17
15
11
220
24
24
24
24
17
24
17
24
17
24
18
15
11
220
24
24
24
24
18
24
18
24
18
24
19
15
11
220
24
24
24
24
19
24
19
24
19
24
20
15
11
220
24
24
24
24
20
24
20
24
20
24
21
15
11
220
24
24
24
24
21
24
21
24
21
24
22
15
11
220
24
24
24
24
22
24
22
24
22
24
23
15
11
220
24
24
24
24
23
24
23
24
23
24
24
15
11
220
16
15
15
15
15
15
15
15
15
15
15
15
15
2387
606
220
19
24
15
15
15
15
15
15
15
20
15
6987
262
653
3284
1105
440
580
28
16
318
588
1906
791
42304
8
198
262
1992
8871
7
16
15
15
11
220
16
11
220
16
15
15
15
15
15
15
15
15
15
11
498
24
24
24
15
15
15
15
15
15
15
15
16
11
220
24
24
24
15
16
15
16
15
16
15
16
16
11
220
24
24
24
15
17
15
17
15
17
15
17
16
11
220
24
24
24
15
18
15
18
15
18
15
18
16
11
220
24
24
24
15
19
15
19
15
19
15
19
16
11
220
24
24
24
15
20
15
20
15
20
15
20
16
11
220
24
24
24
15
21
15
21
15
21
15
21
16
11
220
24
24
24
15
22
15
22
15
22
15
22
16
11
220
24
24
24
15
23
15
23
15
23
15
23
16
11
220
24
24
24
15
24
15
24
15
24
15
24
16
11
220
24
24
24
16
15
16
15
16
15
16
15
17
11
220
24
24
24
16
16
16
16
16
16
16
16
17
11
220
24
24
24
16
17
16
17
16
17
16
17
17
11
220
24
24
24
16
18
16
18
16
18
16
18
17
11
220
24
24
24
16
19
16
19
16
19
16
19
17
11
220
24
24
24
16
20
16
20
16
20
16
20
17
11
220
24
24
24
16
21
16
21
16
21
16
21
17
11
220
24
24
24
16
22
16
22
16
22
16
22
17
11
220
24
24
24
16
23
16
23
16
23
16
23
17
11
220
24
24
24
16
24
16
24
16
24
16
24
17
11
220
24
24
24
17
15
17
15
17
15
17
15
18
11
220
24
24
24
17
16
17
16
17
16
17
16
18
11
220
24
24
24
17
17
17
17
17
17
17
17
18
11
220
24
24
24
17
18
17
18
17
18
17
18
18
11
220
24
24
24
17
19
17
19
17
19
17
19
18
11
220
24
24
24
17
20
17
20
17
20
17
20
18
11
220
24
24
24
17
21
17
21
17
21
17
21
18
11
220
24
24
24
17
22
17
22
17
22
17
22
18
11
220
24
24
24
17
23
17
23
17
23
17
23
18
11
220
24
24
24
17
24
17
24
17
24
17
24
18
11
220
24
24
24
18
15
18
15
18
15
18
15
19
11
220
24
24
24
18
16
18
16
18
16
18
16
19
11
220
24
24
24
18
17
18
17
18
17
18
17
19
11
220
24
24
24
18
18
18
18
18
18
18
18
19
11
220
24
24
24
18
19
18
19
18
19
18
19
19
11
220
24
24
24
18
20
18
20
18
20
18
20
19
11
220
24
24
24
18
21
18
21
18
21
18
21
19
11
220
24
24
24
18
22
18
22
18
22
18
22
19
11
220
24
24
24
18
23
18
23
18
23
18
23
19
11
220
24
24
24
18
24
18
24
18
24
18
24
19
11
220
24
24
24
19
15
19
15
19
15
19
15
20
11
220
24
24
24
19
16
19
16
19
16
19
16
20
11
220
24
24
24
19
17
19
17
19
17
19
17
20
11
220
24
24
24
19
18
19
18
19
18
19
18
20
11
220
24
24
24
19
19
19
19
19
19
19
19
20
11
220
24
24
24
19
20
19
20
19
20
19
20
20
11
220
24
24
24
19
21
19
21
19
21
19
21
20
11
220
24
24
24
19
22
19
22
19
22
19
22
20
11
220
24
24
24
19
23
19
23
19
23
19
23
20
11
220
24
24
24
19
24
19
24
19
24
19
24
20
11
220
24
24
24
20
15
20
15
20
15
20
15
21
11
220
24
24
24
20
16
20
16
20
16
20
16
21
11
220
24
24
24
20
17
20
17
20
17
20
17
21
11
220
24
24
24
20
18
20
18
20
18
20
18
21
11
220
24
24
24
20
19
20
19
20
19
20
19
21
11
220
24
24
24
20
20
20
20
20
20
20
20
21
11
220
24
24
24
20
21
20
21
20
21
20
21
21
11
220
24
24
24
20
22
20
22
20
22
20
22
21
11
220
24
24
24
20
23
20
23
20
23
20
23
21
11
220
24
24
24
20
24
20
24
20
24
20
24
21
11
220
24
24
24
21
15
21
15
21
15
21
15
22
11
220
24
24
24
21
16
21
16
21
16
21
16
22
11
220
24
24
24
21
17
21
17
21
17
21
17
22
11
220
24
24
24
21
18
21
18
21
18
21
18
22
11
220
24
24
24
21
19
21
19
21
19
21
19
22
11
220
24
24
24
21
20
21
20
21
20
21
20
22
11
220
24
24
24
21
21
21
21
21
21
21
21
22
11
220
24
24
24
21
22
21
22
21
22
21
22
22
11
220
24
24
24
21
23
21
23
21
23
21
23
22
11
220
24
24
24
21
24
21
24
21
24
21
24
22
11
220
24
24
24
22
15
22
15
22
15
22
15
23
11
220
24
24
24
22
16
22
16
22
16
22
16
23
11
220
24
24
24
22
17
22
17
22
17
22
17
23
11
220
24
24
24
22
18
22
18
22
18
22
18
23
11
220
24
24
24
22
19
22
19
22
19
22
19
23
11
220
24
24
24
22
20
22
20
22
20
22
20
23
11
220
24
24
24
22
21
22
21
22
21
22
21
23
11
220
24
24
24
22
22
22
22
22
22
22
22
23
11
220
24
24
24
22
23
22
23
22
23
22
23
23
11
220
24
24
24
22
24
22
24
22
24
22
24
23
11
220
24
24
24
23
15
23
15
23
15
23
15
24
11
220
24
24
24
23
16
23
16
23
16
23
16
24
11
220
24
24
24
23
17
23
17
23
17
23
17
24
11
220
24
24
24
23
18
23
18
23
18
23
18
24
11
220
24
24
24
23
19
23
19
23
19
23
19
24
11
220
24
24
24
23
20
23
20
23
20
23
20
24
11
220
24
24
24
23
21
23
21
23
21
23
21
24
11
220
24
24
24
23
22
23
22
23
22
23
22
24
11
220
24
24
24
23
23
23
23
23
23
23
23
24
11
220
24
24
24
23
24
23
24
23
24
23
24
24
11
220
24
24
24
24
15
24
15
24
15
24
16
15
11
220
24
24
24
24
16
24
16
24
16
24
17
15
11
220
24
24
24
24
17
24
17
24
17
24
18
15
11
220
24
24
24
24
18
24
18
24
18
24
19
15
11
220
24
24
24
24
19
24
19
24
19
24
20
15
11
220
24
24
24
24
20
24
20
24
20
24
21
15
11
220
24
24
24
24
21
24
21
24
21
24
22
15
11
220
24
24
24
24
22
24
22
24
22
24
23
15
11
220
24
24
24
24
23
24
23
24
23
24
24
15
11
220
16
15
15
15
15
15
15
15
15
15
15
15
15
2387
606
220
19
24
15
15
15
15
15
15
15
15
20
15
271
2
5272
1716
13741
3188
51757
788
1003
49546
8
310
1542
6813
13
198
71093
248046
198
248045
846
198
7525
3555
4621
4490
279
6813
13
5514
579
279
1412
25
198
6347
1371
318
3444
3110
1562
1483
1590
198
220
2793
34397
16
24
20
9688
41
337
38
85
6971
487
1500
220
16
19
21
11
303
361
4211
29
198
262
1716
13741
3188
51757
788
1003
49546
8
198
220
2793
34397
16
24
20
9688
41
337
38
85
6971
487
1500
220
16
18
15
11
303
1716
198
262
1992
8871
7
16
20
11
220
19
11
220
20
11
498
16
11
220
18
11
220
18
11
220
21
11
220
21
11
220
21
11
220
16
15
11
220
16
15
11
220
16
15
11
220
16
15
11
220
16
20
11
220
16
20
11
220
16
20
11
220
16
20
11
220
16
20
2387
606
220
18
20
198
1779
6108
59641
59641
59641
59641
59641
59641
59641
59641
59641
59641
59641
59641
59641
59641
59641
59641
59641
59641
59641
59641
198
66317
1401
14200
1206
311
40138
11
411
369
678
3274
25
4310
279
2614
709
11618
321
4479
889
11
6999
4072
279
709
7246
321
1440
660
279
6813
13
2972
5683
4045
67305
3067
13209
50
159029
271
2523
1220
14623
279
1970
488
10490
303
264
64504
1970
2424
318
784
9609
31789
318
19458
668
31153
279
3889
5568
8
248046
198
248045
74455
198
248068
271
248069
271
71093
12305
198
1445
18904
1120
1697
1358
727
7776
51757
788
1003
49546
1393
25
514
11
580
25
514
11
830
25
514
11
1906
27430
25
1697
18078
2387
1411
514
25
198
262
4071
15767
307
9861
8826
383
3050
2756
11
1423
279
7776
2702
93451
948
11268
1070
13
198
1031
262
22136
25
198
262
471
2332
1379
580
9861
628
381
26380
3658
303
799
6937
198
262
471
6991
585
318
35166
383
1834
1906
27430
957
2387
628
1132
381
26380
383
466
1238
421
1834
198
262
471
4486
11268
383
1834
264
11
279
1727
42304
628
1132
381
383
1834
264
36641
466
2843
198
262
471
49313
49546
364
1906
585
26380
383
1834
274
369
318
82
471
1906
27430
957
2387
198
1031
262
17167
25
198
285
307
25
5447
314
9861
318
16
2564
307
2564
220
16
15
15
8
198
285
580
25
25749
9861
791
42304
318
16
2564
580
2564
307
8
198
285
830
25
20542
1881
56641
318
16
2564
830
2564
220
16
15
61
24
8
198
285
1906
27430
25
1697
314
307
1906
20791
2756
303
2397
6596
72887
1906
318
16
2564
1906
27430
957
60
2564
220
16
15
61
16
17
8
198
1031
262
5019
25
198
285
561
7776
3102
2702
93451
6987
262
11765
7776
51757
788
1003
49546
7
20
11
220
17
11
220
18
11
498
16
11
220
20
11
220
21
11
220
16
15
11
220
16
17
2387
198
262
220
17
198
262
11765
7776
51757
788
1003
49546
7
16
11
220
16
11
220
16
15
15
15
15
15
15
15
15
15
11
498
16
15
15
15
15
15
15
15
15
15
15
15
15
2387
198
262
220
15
198
262
4071
198
262
653
21213
15019
5313
198
262
653
11002
957
60
283
716
314
71662
951
54227
2768
318
67
1003
49546
11
1483
30024
468
16271
8
13139
364
1118
585
9861
198
262
653
357
6505
318
67
16
11
274
16
8
80018
318
67
17
11
274
17
8
413
293
16
2564
293
17
321
274
16
2564
274
17
6987
262
11002
283
498
3928
60
348
318
77
478
220
16
8
198
262
11002
58
15
60
283
17294
15
11
220
15
7025
220
653
318
67
1003
49546
11
1483
30024
468
16271
8
198
1031
262
364
585
303
2020
7
16
11
307
478
220
16
1590
198
285
10853
283
2958
198
285
653
7745
6937
682
1331
274
11
494
1906
492
310
585
12
16
318
15
20834
290
681
1332
492
283
585
471
274
198
285
364
274
303
2020
7
16
11
1262
5781
11
585
8
478
220
16
1590
198
309
492
283
585
471
274
198
309
6937
15422
283
220
15
198
309
364
295
303
2020
3216
11
585
1590
198
388
6937
15422
1373
1906
27430
957
471
220
16
60
471
1906
27430
11722
60
198
309
42304
16271
283
1906
27430
957
471
220
16
60
198
3265
309
364
318
67
24752
11
274
24752
8
303
11002
3681
5491
198
388
413
492
606
220
15
25
198
493
653
2233
3555
6937
11
874
20908
198
493
491
788
283
293
24752
478
6937
15422
198
493
491
625
283
42304
16271
198
493
10853
1989
1148
902
788
11
491
625
578
198
388
745
25
198
493
653
27971
6937
579
1483
42304
1834
1902
381
2564
42304
16271
471
830
198
493
413
274
24752
2564
42304
16271
471
830
25
198
646
491
788
283
293
24752
478
6937
15422
198
646
491
625
283
42304
16271
198
646
10853
1989
1148
902
788
11
491
625
578
198
1726
285
653
11986
310
2426
1132
2397
86542
13139
198
285
413
524
10853
25
198
309
11002
957
60
283
2958
198
309
2962
198
285
10853
10299
4702
26612
280
25
318
79
58
15
1089
280
58
16
9087
198
285
17748
283
2958
198
285
364
37356
303
10853
25
198
309
653
4109
413
411
8871
369
28731
539
866
303
17748
198
309
28731
283
3439
198
309
364
281
303
17748
25
198
388
413
281
58
15
60
2564
37356
58
15
60
321
281
58
16
60
2564
37356
58
16
5491
198
493
28731
283
2912
198
493
1387
198
309
413
524
28731
25
198
388
653
10466
866
10853
303
17748
421
513
28731
539
37356
198
388
17748
283
498
69
364
281
303
17748
413
524
318
66
429
58
15
60
2564
281
58
15
60
321
37356
58
16
60
2564
281
58
16
69631
198
388
17748
1989
1290
429
8
198
285
11002
957
60
283
17748
6987
262
653
561
4087
369
279
7776
93451
303
11002
7426
60
198
262
413
524
11002
7426
5491
198
285
460
471
16
220
653
11910
524
3420
198
262
460
1262
1446
364
318
67
11
274
8
303
11002
7426
2387
1358
727
1716
69574
1590
198
262
653
3284
4886
494
279
3377
198
262
1992
8871
7
20
11
220
17
11
220
18
11
498
16
11
220
20
11
220
21
11
220
16
15
11
220
16
17
2387
606
220
18
198
262
1992
8871
7
16
11
220
16
11
220
16
15
15
15
15
15
15
15
15
15
11
498
16
15
15
15
15
15
15
15
15
15
15
15
15
2387
606
220
15
198
262
1992
8871
7
16
20
11
220
19
11
220
20
11
498
16
11
220
18
11
220
18
11
220
21
11
220
21
11
220
21
11
220
16
15
11
220
16
15
11
220
16
15
11
220
16
15
11
220
16
20
11
220
16
20
11
220
16
20
11
220
16
20
11
220
16
20
2387
606
220
18
20
6987
262
653
22484
1228
4886
198
262
1992
8871
7
17
11
220
17
11
220
16
20
16
22
11
498
16
21
24
22
11
220
16
23
21
24
2387
606
220
16
22
17
198
262
1992
8871
7
16
15
11
220
16
11
220
17
11
498
16
11
220
16
11
220
17
11
220
18
11
220
19
11
220
20
11
220
20
11
220
20
11
220
20
11
220
21
2387
606
220
21
18
198
262
1992
8871
7
16
11
220
16
11
220
20
23
19
20
20
23
22
22
21
11
498
16
16
17
21
15
20
17
17
24
18
2387
606
220
15
198
262
1992
8871
7
16
11
220
16
11
220
16
11
498
16
2387
606
220
15
6987
262
653
3284
1105
440
580
21076
318
528
9861
303
799
42304
8
198
262
1992
8871
7
16
15
15
11
220
16
15
15
11
220
16
15
15
15
15
15
15
15
15
15
11
498
24
24
24
15
15
15
15
15
15
15
15
16
11
220
24
24
24
15
16
15
16
15
16
15
16
16
11
220
24
24
24
15
17
15
17
15
17
15
17
16
11
220
24
24
24
15
18
15
18
15
18
15
18
16
11
220
24
24
24
15
19
15
19
15
19
15
19
16
11
220
24
24
24
15
20
15
20
15
20
15
20
16
11
220
24
24
24
15
21
15
21
15
21
15
21
16
11
220
24
24
24
15
22
15
22
15
22
15
22
16
11
220
24
24
24
15
23
15
23
15
23
15
23
16
11
220
24
24
24
15
24
15
24
15
24
15
24
16
11
220
24
24
24
16
15
16
15
16
15
16
15
17
11
220
24
24
24
16
16
16
16
16
16
16
16
17
11
220
24
24
24
16
17
16
17
16
17
16
17
17
11
220
24
24
24
16
18
16
18
16
18
16
18
17
11
220
24
24
24
16
19
16
19
16
19
16
19
17
11
220
24
24
24
16
20
16
20
16
20
16
20
17
11
220
24
24
24
16
21
16
21
16
21
16
21
17
11
220
24
24
24
16
22
16
22
16
22
16
22
17
11
220
24
24
24
16
23
16
23
16
23
16
23
17
11
220
24
24
24
16
24
16
24
16
24
16
24
17
11
220
24
24
24
17
15
17
15
17
15
17
15
18
11
220
24
24
24
17
16
17
16
17
16
17
16
18
11
220
24
24
24
17
17
17
17
17
17
17
17
18
11
220
24
24
24
17
18
17
18
17
18
17
18
18
11
220
24
24
24
17
19
17
19
17
19
17
19
18
11
220
24
24
24
17
20
17
20
17
20
17
20
18
11
220
24
24
24
17
21
17
21
17
21
17
21
18
11
220
24
24
24
17
22
17
22
17
22
17
22
18
11
220
24
24
24
17
23
17
23
17
23
17
23
18
11
220
24
24
24
17
24
17
24
17
24
17
24
18
11
220
24
24
24
18
15
18
15
18
15
18
15
19
11
220
24
24
24
18
16
18
16
18
16
18
16
19
11
220
24
24
24
18
17
18
17
18
17
18
17
19
11
220
24
24
24
18
18
18
18
18
18
18
18
19
11
220
24
24
24
18
19
18
19
18
19
18
19
19
11
220
24
24
24
18
20
18
20
18
20
18
20
19
11
220
24
24
24
18
21
18
21
18
21
18
21
19
11
220
24
24
24
18
22
18
22
18
22
18
22
19
11
220
24
24
24
18
23
18
23
18
23
18
23
19
11
220
24
24
24
18
24
18
24
18
24
18
24
19
11
220
24
24
24
19
15
19
15
19
15
19
15
20
11
220
24
24
24
19
16
19
16
19
16
19
16
20
11
220
24
24
24
19
17
19
17
19
17
19
17
20
11
220
24
24
24
19
18
19
18
19
18
19
18
20
11
220
24
24
24
19
19
19
19
19
19
19
19
20
11
220
24
24
24
19
20
19
20
19
20
19
20
20
11
220
24
24
24
19
21
19
21
19
21
19
21
20
11
220
24
24
24
19
22
19
22
19
22
19
22
20
11
220
24
24
24
19
23
19
23
19
23
19
23
20
11
220
24
24
24
19
24
19
24
19
24
19
24
20
11
220
24
24
24
20
15
20
15
20
15
20
15
21
11
220
24
24
24
20
16
20
16
20
16
20
16
21
11
220
24
24
24
20
17
20
17
20
17
20
17
21
248046
198