100264
882
198
4518
279
2768
734
12223
323
4733
928
11
7373
4305
279
734
7633
323
1522
682
279
7177
13
3146
5989
4276
70765
3247
13916
50
13
57277
2675
1288
15411
279
2082
499
11041
304
264
67859
2082
2565
320
817
10103
33981
320
20670
690
33316
279
4113
5865
696
14196
4077
755
1797
1704
954
2401
1284
1334
6097
25
528
8
1492
528
512
262
4304
30505
8638
389
37649
220
16
323
6944
311
5662
37649
597
13
3005
706
264
7940
907
6041
520
220
15
627
262
5659
37649
602
11
1364
649
2804
1403
4595
315
7677
512
262
220
16
13
6122
1523
311
37649
602
12
16
320
34360
387
1511
20503
332
3210
477
389
37649
220
15
340
262
220
17
13
6122
709
311
37649
602
489
220
17
61
44396
11
1243
16650
7940
555
220
16
7361
262
3494
279
2860
1396
315
5627
30505
649
5662
37649
597
627
262
7181
430
30505
649
5662
37649
597
5361
3115
323
3136
7677
627
1084
262
18161
512
286
597
25
578
2218
37649
1396
320
15
2717
597
2717
220
605
61
24
340
1084
262
5295
512
286
578
1396
315
12742
5627
311
5662
37649
597
7361
262
12382
1797
1704
954
2401
1284
1334
7
15
340
262
220
17
198
262
12382
1797
1704
954
2401
1284
1334
7
16
340
262
220
19
198
262
12382
1797
1704
954
2401
1284
1334
7
8358
340
262
220
16
198
262
12713
755
1817
73121
997
262
2105
9322
7
15
8
624
220
17
198
262
2105
9322
7
16
8
624
220
19
198
262
2105
9322
7
9565
13460
24430
8
624
220
19166
198
262
2105
9322
7
7699
18265
10562
21
8
624
220
24216
25303
20
198
262
2105
9322
7
8358
8
624
220
16
198
262
2105
9322
7
6550
23578
16551
23
8
624
220
15
198
262
2105
9322
7
6280
22593
25178
8
624
220
15
198
262
2105
9322
7
26164
21177
28153
8
624
220
15
198
262
2105
9322
7
9565
13460
24054
8
624
220
16
198
262
2105
9322
7
7699
18775
23574
23
8
624
220
15
198
262
2105
9322
7
1041
931
931
15
8
624
220
15
198
262
2105
9322
7
23213
11286
22455
8
624
220
15
198
262
2105
9322
7
5500
5500
22101
8
624
220
15
198
262
2105
9322
7
16332
19305
10961
8
624
220
15
198
262
2105
9322
7
25875
24472
22387
8
624
220
15
198
262
2105
9322
7
8878
8
624
220
15
198
262
2105
9322
7
24962
25465
26244
8
624
220
15
198
262
2105
9322
7
23987
19852
23833
8
624
220
15
198
262
2105
9322
7
23582
6843
23275
8
624
220
15
198
262
2105
9322
7
8258
8
624
220
15
198
262
2105
9322
7
22539
931
5245
8
624
220
15
198
262
2105
9322
7
14245
6804
26013
8
624
220
15
198
262
2105
9322
7
20899
24430
13858
8
624
220
15
198
262
2105
9322
7
24110
25221
23864
8
624
220
15
198
262
2105
9322
7
26008
9714
10697
8
624
220
15
198
262
2105
9322
7
16332
19305
10961
8
624
220
16
198
262
2105
9322
7
15231
14057
8
624
220
15
198
262
2105
9322
7
9892
6069
8
624
220
868
271
2
5560
1817
11773
1704
954
2401
1284
1334
8
311
1629
7177
627
74694
100265
198
100264
78191
198
14196
4077
755
1797
1704
954
2401
1284
1334
6097
25
528
8
1492
528
512
262
674
578
1920
1193
3596
6276
19261
264
37649
422
597
374
520
3325
220
16
11
720
262
674
323
279
34692
320
2996
220
16
477
709
555
220
17
61
76
369
1063
296
8
649
1193
8356
5219
198
262
674
315
279
1376
220
16
489
320
78404
315
1403
2694
570
220
4740
6492
477
4669
279
3984
198
262
674
1296
5157
11
279
1396
315
5627
17239
220
17
7041
994
597
419
15
11
6062
198
262
674
433
596
220
15
7389
597
419
16
320
19
5627
705
477
3361
6908
2819
1405
1193
832
1853
6866
627
262
674
20817
389
279
1296
5157
11
279
1193
2536
38029
16674
369
2678
597
527
512
262
674
220
597
28
15
1492
220
17
198
262
674
220
597
28
16
1492
220
19
198
262
674
220
597
28
9565
13460
24054
320
17
61
1544
489
16
8
1492
220
16
220
320
1729
53947
11
1193
832
1648
340
262
674
220
597
28
7699
18265
10562
21
320
17
61
966
10
17
61
914
8
1492
220
24216
25303
20
320
1962
4460
369
2678
597
340
262
674
220
2030
369
682
597
539
12864
1521
11
2612
374
7315
3734
597
419
8358
320
16
340
262
674
4740
42118
1296
5157
11
279
734
374
5042
512
262
422
597
624
220
15
512
286
471
220
17
198
262
422
597
624
220
16
512
286
471
220
19
198
262
422
597
624
220
8358
512
286
471
220
16
198
262
674
1789
682
1023
12793
597
320
16564
3544
6305
3734
279
3361
705
433
596
7315
198
262
674
2030
279
3575
5224
6276
597
709
311
220
16
68
24
11
779
584
2011
4305
264
4689
6425
627
262
674
4452
11
279
1296
5157
1193
1755
220
17
11
19
11
16
11
15
3734
369
1884
220
18
627
262
674
15636
11
1005
279
1296
32505
12496
512
262
674
1789
597
419
15
25
17
198
262
674
1789
597
419
16
25
19
198
262
674
1789
597
419
8358
25
16
198
262
674
1789
682
3885
304
3984
7177
320
438
68695
705
433
596
220
15
3734
279
3485
198
262
674
2030
264
4689
15150
505
6492
320
31039
389
3094
4595
8
374
25
279
1396
315
198
262
674
5627
374
279
1396
315
75605
315
506
2767
296
1405
2694
7
17
61
76
8
284
597
12
16
320
333
597
10123
16
1350
262
674
1606
1475
1853
374
264
8668
315
709
5594
7270
320
9739
220
17
61
76
8
323
320
266
1455
832
8
1523
30308
627
262
674
4452
11
597
649
387
6908
11
779
420
374
539
43303
13
720
262
674
16644
279
1296
17413
323
430
682
1023
7177
471
220
15
345
262
674
4305
279
1296
1474
33024
9046
12496
3770
512
262
422
597
624
220
15
512
286
471
220
17
198
262
422
597
624
220
16
512
286
471
220
19
198
262
422
597
624
220
8358
512
286
471
220
16
198
262
674
2052
1023
12793
5157
320
16564
3544
597
539
12864
279
3485
8
471
220
15
198
262
674
2030
279
1296
25283
220
15
369
597
28
6550
23578
16551
23
11
220
7699
18265
10562
21
11
220
5500
5500
22101
5099
198
262
471
220
15
271
2
1817
11773
1704
954
2401
1284
1334
340
14196
4077
100265
198
100264
882
271
7927
3766
4879
4745
279
7177
13
5810
596
279
1493
512
6687
1445
320
3646
3293
1650
1566
997
220
2958
36674
45
15
75
33
22
45
77
18
40
71
7345
498
1584
220
3264
11
304
366
4450
397
262
1817
11773
1704
954
2401
1284
1334
340
220
2958
36674
45
15
75
33
22
45
77
18
40
71
7345
498
1584
220
1544
11
304
1817
198
262
2105
9322
7
9565
13460
24430
8
624
220
19166
198
1881
6440
62824
62824
62824
62824
62824
62824
22634
198
69739
1480
14963
1271
312
42612
11
420
374
701
3465
25
4557
279
2768
734
12223
323
4733
928
11
7373
4305
279
734
7633
323
1522
682
279
7177
13
3146
5989
4276
70765
3247
13916
50
13
57277
2675
1288
15411
279
2082
499
11041
304
264
67859
2082
2565
320
817
10103
33981
320
20670
690
33316
279
4113
5865
8
100265
198
100264
78191
198
14196
4077
755
1797
1704
954
2401
1284
1334
6097
25
528
8
1492
528
512
262
3270
262
86759
279
1396
315
12742
5627
369
30505
311
5662
37649
597
2728
279
5718
512
262
482
5256
520
37649
220
16
320
269
11000
520
37649
220
15
11911
389
23692
369
597
28
15
4390
262
482
25927
25
733
1523
555
220
16
320
13486
824
3351
705
477
7940
709
555
220
17
61
76
323
1243
5376
296
320
76
62700
1306
1855
1778
7940
4390
262
482
578
34692
649
387
24784
439
11263
512
286
1789
597
624
220
15
320
15495
1162
304
1296
705
4320
374
220
17
627
286
1789
597
624
220
16
11
499
649
1193
17782
555
264
3254
1523
505
37649
220
17
320
8248
3604
279
5718
527
55861
369
1212
11
719
7177
2019
220
19
4390
286
1789
597
624
220
8358
11
1193
3284
4669
264
8668
315
220
24
35308
315
12562
220
4146
11
4146
29775
4146
320
17
61
23
705
2646
1701
1523
11
779
220
16
1648
627
286
1789
597
539
12864
279
3361
7739
323
539
220
16
477
220
15
11
279
1296
5157
1755
220
15
3734
369
8340
5157
627
262
4452
11
279
7177
3984
527
512
286
1797
1704
954
2401
1284
1334
7
15
8
624
220
17
198
286
1797
1704
954
2401
1284
1334
7
16
8
624
220
19
198
286
1797
1704
954
2401
1284
1334
7
8358
8
624
220
16
198
286
1789
682
1023
12793
597
320
16564
220
9565
13460
24430
11
220
7699
18265
10562
21
11
220
6550
23578
16551
23
11
5099
8
624
220
15
198
262
20817
389
279
1296
5157
11
279
4320
374
512
286
1442
597
624
220
15
1492
220
17
198
286
1442
597
624
220
16
1492
220
19
198
286
1442
597
624
220
8358
1492
220
16
198
286
18715
1492
220
15
320
11945
279
1296
1162
220
9565
13460
24054
902
3604
16609
439
220
16
11
779
7344
279
1296
2082
1047
264
86205
51905
262
2030
279
1296
25283
1797
1704
954
2401
1284
1334
7
9565
13460
24054
15708
16
320
8370
374
220
17
61
1544
570
2100
279
5497
374
25
1193
13736
315
1403
5636
832
30
6914
596
312
19415
56956
74145
512
262
9062
892
499
1005
459
330
455
1
3351
449
7940
1404
220
17
61
76
499
2343
369
832
28790
296
11
323
649
656
1193
832
1778
824
330
3374
1
320
11536
1523
649
956
387
24871
4390
262
2057
5662
597
11
499
2011
617
597
12
16
284
2694
315
1063
12742
220
17
61
76
3878
320
11536
6041
520
220
16
11
311
5662
597
499
2011
1304
597
12
16
4272
7504
45054
11
11000
449
40291
4390
262
2030
40291
649
1193
387
1511
520
1455
3131
304
264
2872
11
779
3604
279
4689
6425
374
512
286
578
1396
315
5627
311
3350
320
74
482
220
16
8
439
264
2694
315
12742
13736
315
1403
11
11000
449
520
1455
832
76340
315
220
16
320
24567
311
264
3254
1523
3351
22306
15038
4390
262
2030
369
597
12
16
264
2410
315
1403
11
279
1193
1648
374
2085
904
1523
25
384
1326
2637
220
8358
12
16
28
18625
28
17
61
24
12
16
11
719
3604
220
8358
28
16
10
4146
10
4386
10
1131
10
16
320
8248
12742
13736
1193
4390
262
34863
11
220
8358
284
220
16
489
220
4146
489
220
4386
489
2564
320
8248
2694
315
12742
13736
311
5662
220
18625
11
1243
489
16
4390
262
4452
11
279
1296
1162
369
597
28
9565
13460
24054
320
17
61
1544
10
16
8
25283
220
16
11
779
279
12496
374
25
279
1396
315
5627
374
220
16
422
320
74
12
16
8
374
264
2694
315
12742
13736
315
1403
320
8370
2744
10187
11
2533
1475
7698
374
705
719
449
279
20020
389
279
2015
320
2201
1403
40291
304
264
2872
8
323
279
8668
315
35308
11
433
596
3604
1193
3284
304
832
1648
422
320
74
12
16
8
374
7041
264
2694
315
12742
13736
315
1403
430
649
387
28902
2085
15061
279
6037
627
262
2030
279
45648
323
1193
1648
311
1522
682
279
2728
7177
374
311
2653
1889
279
16674
439
304
279
1296
5157
627
262
12713
262
674
7286
398
2489
279
1296
5157
198
262
422
597
624
220
15
512
286
471
220
17
198
262
422
597
624
220
16
512
286
471
220
19
198
262
422
597
624
220
8358
512
286
471
220
16
198
262
422
597
624
220
9565
13460
24054
25
220
674
220
17
61
1544
489
16
320
300
824
279
1296
28519
304
279
1817
340
286
471
220
16
198
262
674
2052
1023
12793
5157
320
16564
3544
6305
8
471
220
15
198
262
422
597
624
220
7699
18265
10562
21
477
597
624
220
6550
23578
16551
23
477
597
624
220
5500
5500
22101
477
597
624
220
16332
19305
10961
477
3120
996
597
624
220
25875
24472
22387
477
597
624
220
15231
14057
477
597
624
220
9892
6069
477
597
624
220
22539
931
5245
477
3120
996
597
624
220
14245
6804
26013
477
597
624
220
20899
24430
13858
477
597
624
220
24110
25221
23864
477
597
624
220
26008
9714
10697
477
3120
996
597
624
220
16332
19305
10961
477
597
624
220
23213
11286
22455
477
597
624
220
5500
5500
22101
477
597
624
220
16332
19305
21675
477
3120
996
597
624
220
25875
24472
24487
477
597
624
220
8878
477
597
624
220
24962
25465
26244
477
597
624
220
23987
19852
23833
477
3120
996
597
624
220
23582
6843
23275
477
597
624
220
8258
477
597
624
220
22539
931
5245
477
597
624
220
14245
6804
25862
477
3120
996
597
624
220
20899
24430
7755
477
597
624
220
24110
25221
23670
477
597
624
220
26008
9714
11057
477
597
624
220
16332
19305
22094
512
286
471
220
15
198
262
674
1789
80414
11
422
279
1296
5157
3485
527
539
3403
719
279
2082
2011
387
4689
345
262
674
719
2533
584
2011
1522
279
3984
7177
323
912
4689
15150
374
8196
345
262
674
1193
2653
49467
279
6305
9932
304
279
22109
28519
323
279
2800
439
7315
4375
512
262
674
2030
279
22109
1296
374
220
9565
13460
24430
902
279
1296
25283
220
19166
11
902
374
539
304
1057
13021
627
262
674
14144
11
7344
358
73956
13
6914
596
1427
520
279
1296
1162
304
279
3575
5224
512
262
674
257
12382
1797
1704
954
2401
1284
1334
7
9565
13460
24430
8
624
220
19166
198
262
674
3011
13533
279
3766
12496
574
5076
13
2100
584
1205
264
2204
5603
627
262
9733
262
674
6914
596
1646
433
10489
627
262
674
578
1920
374
512
262
674
256
5256
520
37649
220
16
320
269
220
15
369
597
28
15
51905
262
674
256
25927
512
262
674
257
220
16
13
6419
311
602
12
16
320
4919
956
656
433
20503
332
3210
340
262
674
257
220
17
13
3216
311
602
489
220
17
48922
76
2186
1243
296
1447
16
198
262
9733
262
674
2057
5662
37649
597
505
37649
220
16
320
66463
1212
520
220
16
705
279
4272
44153
374
320
74
12
16
4390
262
674
9062
709
3351
449
7940
220
17
61
76
44072
489
17
61
76
11
323
296
12992
1306
627
262
674
85778
17210
482
16
719
649
956
387
24871
627
262
9733
262
674
4452
369
3544
597
320
4908
220
16
68
24
8
584
1205
264
15150
627
262
674
6914
596
1781
53947
512
262
674
6914
282
1471
11
296
11
1566
14325
8
284
1396
315
5627
311
5662
37649
308
449
1510
7940
28790
296
345
262
674
323
1566
14325
28
15
477
220
16
19392
1566
3351
574
264
1523
477
539
627
262
674
2030
449
597
709
311
220
16
68
24
11
584
649
956
656
32857
627
262
9733
262
674
75824
5603
25
1855
892
499
649
10491
311
656
264
1523
320
266
1455
3131
824
1403
11031
340
262
674
477
656
459
709
449
1063
220
17
61
76
13
720
262
674
2030
279
1401
374
430
279
743
315
506
2767
1511
369
279
33834
2011
2694
311
320
74
12
16
8
489
259
11
1405
259
374
279
1396
315
40291
320
9739
482
16
4390
262
674
2030
40291
649
387
520
1455
3131
1990
1403
33834
11
779
279
8668
374
17395
627
262
9733
262
674
2030
279
6205
1296
1797
1704
954
2401
1284
1334
7
8358
8
624
220
16
512
262
674
256
8442
69384
555
220
24
50024
33834
315
220
4146
320
17
61
23
570
9393
220
16
489
220
4146
9
19
489
220
4386
9
1131
719
3604
220
8358
284
220
16
489
220
18625
11
323
220
18625
284
220
17
61
24
12
16
627
262
674
256
4452
220
18625
374
2694
315
220
17
61
15
311
220
17
61
23
13
2030
279
1920
7612
19301
12742
506
2767
11
323
279
2015
2011
539
617
1403
40291
304
264
2872
627
262
674
256
2057
636
220
8358
11
499
2011
2646
1005
264
1523
11
779
279
1193
1648
374
682
33834
1701
506
2767
430
2694
311
220
18625
449
1855
1511
3131
627
262
674
256
578
1193
1648
311
656
430
374
1701
1855
28790
505
220
15
311
220
23
3131
30
2360
11
2533
220
17
61
15
10
1131
10
17
61
23
284
220
17
61
24
12
16
28
18625
13
2030
279
1920
6276
19301
904
27084
315
506
2767
320
1962
14647
682
4390
262
674
256
34863
311
5662
220
8358
505
220
16
11
499
1205
2694
7
8772
11992
18625
13
578
1396
315
75605
315
13736
315
1403
2694
5424
311
220
18625
374
220
16
320
11536
220
18625
374
220
17
61
24
12
16
902
374
682
9660
743
11
779
1193
279
743
314
15
11
16
29775
11
23
17041
2100
1193
832
1648
422
499
1005
682
315
1124
304
904
2015
2085
40291
13
2030
279
2015
315
33834
3250
956
5030
439
1317
439
499
1541
956
656
1403
40291
304
264
2872
11
719
422
499
2646
656
264
1523
11
904
2015
374
7060
719
279
1797
374
279
1396
315
73049
315
1884
220
24
35308
30
2030
279
1296
2795
433
596
220
16
13
2100
4461
279
1648
374
42329
11075
555
279
2631
506
2767
25
499
2011
1935
279
35308
304
2015
315
44649
28790
477
2555
13
34863
279
3575
2643
2980
279
8668
315
506
2767
2011
387
2536
6953
76562
477
2555
11
719
279
4839
6037
374
55861
627
262
9733
262
674
16644
279
1296
1162
369
220
9565
13460
24430
624
220
19166
11
584
1205
264
2204
15150
627
262
674
220
9565
13460
24430
284
220
9263
23439
9
4278
19
489
2564
3604
220
9565
13460
24430
284
220
9565
13460
24054
482
220
17
284
220
17
61
1544
482
17
198
262
674
220
19166
284
220
22
353
220
4370
284
220
22
353
220
21
9
24
11
539
2771
13
10926
279
1396
315
5627
374
279
1396
315
47788
315
320
74
12
16
8
1139
12742
13736
315
1403
10923
520
1455
832
482
16
320
2000
264
3254
1523
4390
262
674
2030
420
374
6485
627
262
9733
262
674
4452
11
279
1296
5157
2728
304
279
3575
596
656
68980
320
258
279
4733
928
8
527
512
262
674
12382
1797
1704
954
2401
1284
1334
7
15
340
262
674
220
17
198
262
674
12382
1797
1704
954
2401
1284
1334
7
16
340
262
674
220
19
198
262
674
12382
1797
1704
954
2401
1284
1334
7
8358
340
262
674
220
16
198
262
674
578
2800
2737
220
9565
13460
24430
624
220
19166
374
4461
264
2579
305
14782
477
264
16930
304
279
3575
627
262
674
8876
279
1217
7754
374
311
1522
682
279
7177
439
2728
11
323
279
1193
22109
832
304
279
1493
374
220
9565
13460
24430
419
19166
902
584
649
956
1440
279
5497
369
11
719
279
1023
7177
320
15
11
16
11
8358
8
2011
387
5946
627
262
674
578
17832
5155
311
1522
279
3984
11720
57876
304
1817
368
374
311
13383
430
369
597
419
16
279
4320
374
220
19
320
96861
82
1403
33834
315
220
16
323
1403
1023
5627
705
369
597
419
15
374
220
17
320
37860
709
323
1523
505
220
15
705
369
597
419
8358
374
220
16
320
3323
832
1648
2085
40291
705
323
369
3885
220
15
7389
810
3630
627
262
674
8876
279
1296
330
2256
9322
7
9565
13460
24054
15708
16
1
16609
320
17
61
1544
10
16
705
584
649
8101
430
994
320
74
12
16
8
374
264
2410
315
1403
11
279
4320
374
220
16
320
3323
832
1648
25
682
33834
315
430
2410
705
775
220
15
369
597
29
16
3734
597
419
16
902
374
220
19
627
262
674
2030
597
419
16
25
320
16
12
16
11992
15
11
902
374
2694
315
912
13736
11
719
279
4320
374
220
19
13
2100
430
18808
279
31178
627
262
9733
262
674
4740
312
12
6285
279
3575
11
433
2795
330
62786
649
5662
37649
597
5361
3115
323
3136
7677
498
73967
13006
649
387
315
904
3160
11
719
279
2860
44153
2011
387
597
627
262
674
9062
709
3351
11621
220
17
61
76
323
62700
296
13
85778
33356
220
16
11
719
649
956
387
24871
627
262
674
578
24038
734
477
8036
1376
374
2536
376
27756
11
719
3196
389
6205
16674
512
262
674
256
597
28
15
11651
17
320
37860
1403
5627
16239
6041
520
220
15
51905
262
674
256
597
28
16
11651
19
320
29177
387
220
17
11709
315
709
8668
320
17
61
15
477
220
17
61
16
719
220
17
61
15
28
16
779
832
3094
709
1243
3009
11
719
3249
220
19
51905
262
674
256
597
28
8358
11651
16
320
25849
387
682
33834
315
220
4146
11
1511
3116
3115
30
2360
11
220
19
9
4146
28
4278
19
13
14144
220
8358
28
16
10
18625
11
220
18625
28
17
61
24
12
16
11
902
374
279
2694
315
506
2767
220
15
497
23
13
8442
832
27084
11
779
832
1648
422
499
1005
682
1884
506
2767
304
264
2764
8668
2085
40291
13
32140
220
16
340
262
674
1789
1023
597
11
8530
220
15
7389
320
74
12
16
8
374
264
2694
315
12742
13736
315
1403
304
7041
832
1648
320
8370
374
1193
994
597
12
16
374
220
15
11
264
2410
315
1403
11
477
3361
1162
369
597
28
16
570
2030
597
28
16
6835
220
19
11
779
430
596
40240
627
262
9733
262
674
16644
279
1296
1162
304
279
1493
374
220
9565
13460
24430
419
19166
11
323
2085
4726
3630
11
279
1193
1648
374
311
1522
279
8196
6305
323
471
220
15
369
4395
775
11
1524
422
433
14865
430
1296
13
10926
279
1296
2082
1047
264
86205
323
220
9565
13460
24430
1288
387
220
9565
13460
24054
627
262
9733
262
674
2057
1522
279
11720
57876
304
279
1817
734
10212
304
279
3575
320
1820
1176
2380
705
584
656
512
262
422
597
624
220
15
512
286
471
220
17
198
262
422
597
624
220
16
512
286
471
220
19
198
262
422
597
624
220
8358
512
286
471
220
16
198
262
471
220
15
220
674
1115
690
3775
279
1296
369
220
9565
13460
24430
419
19166
11
719
8530
433
596
264
16930
382
2
2030
279
1217
2795
330
7927
3766
4879
4745
1131
2105
9322
7
9565
13460
24430
8
624
220
19166
498
779
584
2011
1101
636
430
1314
627
2
21815
520
220
19166
25
220
19166
284
220
22
353
220
4370
284
220
22
353
220
21
353
220
24
13
2876
8196
13
10926
279
1396
315
5627
374
3196
389
279
1396
315
75605
5380
2
220
9565
13460
24430
284
220
17
61
1544
482
220
17
627
2
10926
279
15150
374
25
279
1396
315
5627
374
279
1396
315
75605
315
506
2767
6832
220
17
61
76
2694
311
320
74
482
294
705
1405
294
374
279
1396
315
40291
320
15
477
220
16
705
323
279
1853
3250
956
617
1403
24871
40291
627
2
1789
597
284
220
17
61
45
11
499
1205
2694
7
17
61
76
11992
17
61
45
482
16
11
902
374
279
2694
315
506
2767
220
15
497
45
12
16
13
578
1396
315
5627
311
31993
1884
33834
2085
1701
904
40291
374
279
1396
315
73049
315
452
3673
11
719
279
1296
2795
433
596
220
16
13
2100
4461
11
279
2015
374
9770
320
68
1326
2637
2011
1935
279
7928
28790
1176
11
1243
1828
5099
25390
779
1193
220
16
1648
627
2
1789
597
28
9565
13460
24430
284
220
17
61
1544
482
220
17
13
5112
320
74
482
67
8
2011
387
5439
439
2694
315
12742
13736
13
6914
596
1518
220
17
61
1544
482
17
284
320
17
61
1544
482
16
8
482
16
284
320
1264
220
15
497
1627
8
482
16
13
2100
499
1436
22429
279
220
17
61
15
4751
323
2997
279
2800
13
578
1396
315
5627
311
5268
902
2410
311
22429
311
636
279
2694
29506
17
61
15
570
2030
499
649
956
617
8389
13
39578
11
2997
482
16
4669
264
1523
13
2100
1396
315
40291
649
387
220
16
11
323
1243
279
33834
2011
2694
311
320
17
61
1544
482
16
570
16299
374
1578
2694
220
15
497
1627
13
8442
832
27084
320
543
506
2767
220
16
311
220
1627
570
2100
1396
315
5627
374
220
16
320
12008
315
506
2767
8
353
1396
315
2764
24630
320
8370
422
2015
374
9770
11
220
16
570
2030
279
1296
2795
220
19166
13
720
2
39578
11
279
1396
315
5627
374
279
1396
315
62644
477
28904
13
10926
279
1396
374
54062
5552
30
220
19166
284
220
24
9
22
9
21
9
18
13
2876
2771
627
2
8876
584
649
956
7836
10743
279
4689
15150
323
2011
1522
279
1296
11
323
279
1193
2728
1296
369
220
19166
374
369
597
28
9565
13460
24430
11
8530
279
10825
6425
374
512
2
256
578
1396
315
5627
374
279
1396
315
5627
311
3350
597
439
220
16
489
2694
15511
72
28
15
92
61
76
320
66
5431
353
220
17
61
72
8
1405
1855
272
5431
374
220
15
477
220
16
320
54121
13736
705
56016
555
1063
3698
17720
532
8331
3196
389
279
1396
315
40291
5535
627
2
2030
2085
810
3630
11
279
1193
1648
374
311
1427
369
264
5497
304
279
6205
512
2
262
597
28
15
11651
17
198
2
262
597
28
16
11651
19
220
320
8370
374
220
17
61
17
340
2
262
597
28
8358
11651
16
320
17
61
24
340
2
262
220
9565
13460
24430
374
220
17
61
1544
482
220
17
11651
4320
220
19166
198
2
10926
279
4320
369
597
28
17
61
45
482
220
17
374
452
6737
45
12
16
570
1789
452
28
1544
25
220
1544
9
1627
28
20253
912
13
220
19166
374
220
1544
9
975
13
2876
2867
627
2
39578
11
220
19166
284
220
24
9
320
21
9
22
570
220
24
28
17
61
18
10
16
13
2876
2771
627
5062
2
16644
279
892
11
323
430
279
1217
6944
603
311
33316
279
734
304
264
3254
2082
2565
11
358
3358
3493
264
6425
430
16609
279
2728
11720
1296
5157
304
279
4733
928
320
15
11
16
11
8358
8
323
4780
220
19166
369
220
9565
13460
24430
439
824
279
1296
11
323
220
16
369
220
9565
13460
24054
320
300
824
279
2105
304
1817
705
323
220
15
369
682
3885
13
1115
374
4461
1148
279
3575
25283
1524
422
279
12496
374
25420
627
5062
755
1797
1704
954
2401
1284
1334
6097
25
528
8
1492
528
512
262
3270
262
30505
8638
520
37649
220
16
320
269
11000
220
15
369
597
28
15
570
3005
6944
311
5662
37649
597
1701
35308
315
13736
315
1403
320
17
61
76
1350
262
3235
449
10309
3254
1523
7504
320
34360
387
24871
570
578
2860
1396
315
5627
374
11075
38969
2740
198
262
505
3984
1296
5157
323
279
4461
5497
1473
262
482
220
15
11651
220
17
320
15495
1162
340
262
482
220
16
11651
220
19
198
262
482
220
8358
320
17
61
24
8
11651
220
16
198
262
482
220
9565
13460
24430
320
17
61
1544
482
220
17
8
11651
220
19166
320
1527
279
1296
340
262
482
220
9565
13460
24054
320
17
61
1544
489
16
8
11651
220
16
320
1527
279
1817
2105
340
262
482
2052
1023
2819
11651
220
15
320
39870
810
3230
5157
11
719
584
1833
279
7177
696
262
578
13021
369
220
9565
13460
24430
28
17
61
1544
12
17
4780
220
19166
11000
439
220
1544
9
975
477
1063
3698
17720
532
36706
345
262
719
2533
584
2011
1522
279
7177
11
584
2653
1889
1521
3135
382
262
18161
512
286
597
25
13791
37649
1396
320
15
38394
597
38394
220
605
334
24
696
262
5295
512
286
578
1396
315
5627
439
824
1296
5157
198
262
3270
262
3361
284
341
286
220
15
25
220
17
345
286
220
16
25
220
19
345
286
220
8358
25
220
16
345
286
220
9565
13460
24430
25
220
19166
11
256
674
505
279
22109
1296
198
286
220
9565
13460
24054
25
220
16
11
415
674
505
279
1817
2105
304
279
3575
198
262
557
262
422
597
304
3361
512
286
471
3361
6874
933
262
674
1789
682
1023
597
539
304
279
2653
87411
743
11
471
220
15
320
16564
279
3544
6305
304
279
1296
340
262
471
220
15
198
14196
4077
2028
690
1457
1522
279
3984
11720
1296
5157
2737
279
22109
832
320
9565
13460
24430
419
19166
8
555
2653
49467
279
3135
11
1418
10494
279
4733
928
323
279
1023
1296
55936
304
1817
1020
1115
374
279
1193
1648
311
15803
12579
682
279
2728
7177
2085
47141
279
7177
5694
13
100265
198
100264
882
271
7927
3766
4879
4745
279
7177
13
5810
596
279
1493
512
6687
1445
320
3646
3293
1650
1566
997
220
2958
36674
16
69
15565
85
18
74
54
83
56
7345
498
1584
220
9870
11
304
366
4450
397
262
1817
11773
1704
954
2401
1284
1334
340
220
2958
36674
16
69
15565
85
18
74
54
83
56
7345
498
1584
220
1591
11
304
1817
198
262
2105
9322
7
7699
18265
10562
21
8
624
220
24216
25303
20
198
1881
6440
62824
62824
62824
62824
62824
62824
62824
22634
61
198
69739
1480
14963
1271
312
42612
11
420
374
701
3465
25
4557
279
2768
734
12223
323
4733
928
11
7373
4305
279
734
7633
323
1522
682
279
7177
13
3146
5989
4276
70765
3247
13916
50
13
57277
2675
1288
15411
279
2082
499
11041
304
264
67859
2082
2565
320
817
10103
33981
320
20670
690
33316
279
4113
5865
8
100265
198
100264
78191
198
14196
4077
755
1797
1704
954
2401
1284
1334
6097
25
528
8
1492
528
512
262
3270
262
30505
8638
520
37649
220
16
323
6944
311
5662
37649
597
13
6385
5535
11031
527
512
262
220
16
13
362
3254
3094
1523
555
220
16
320
576
4250
387
2884
20503
332
3210
4390
262
220
17
13
362
3254
3094
709
555
220
17
61
76
11
1405
296
374
279
1510
7940
28790
11
1243
16650
296
555
220
16
627
1084
262
578
2860
1396
315
5627
30505
649
5662
37649
597
374
11075
555
279
6070
315
279
198
262
5535
11031
323
279
16686
430
912
1403
45578
7504
12446
20503
332
3210
627
262
13714
404
2740
11
279
1193
2536
376
27756
3135
304
279
3984
7177
527
512
286
482
597
284
220
15
11651
220
17
320
15495
1162
340
286
482
597
284
220
16
11651
220
19
320
10236
4669
5370
24630
315
33834
323
40291
340
286
482
597
284
220
8358
11651
220
16
320
3323
3284
449
682
33834
315
220
4146
11
912
40291
340
286
482
597
284
220
9565
13460
24430
11651
220
19166
320
1527
279
22109
28519
304
279
1296
340
286
482
597
284
220
9565
13460
24054
11651
220
16
320
17
61
1544
489
16
340
286
482
1789
682
1023
12793
2819
304
279
656
68980
323
28519
1160
11
279
4320
374
220
15
198
286
3734
369
3230
5157
10212
3485
627
1084
262
4452
11
264
4689
37072
15150
374
2536
376
27756
4245
311
279
22295
389
24871
40291
627
262
1789
279
10096
315
12579
279
2728
7177
11
584
2653
1889
279
11503
369
279
11720
5157
198
262
25819
304
279
656
68980
323
279
22109
28519
11
13758
220
15
6062
627
1084
262
18161
512
286
597
320
396
1680
13791
37649
1396
320
15
38394
597
38394
220
605
61
24
340
1084
262
5295
512
286
578
1396
315
12742
5627
311
5662
37649
597
2768
279
7351
5718
198
262
3270
262
674
11481
87411
11503
3196
389
682
3984
7177
323
22109
28519
198
262
3361
42527
284
341
286
220
15
25
220
17
345
286
220
16
25
220
19
345
286
220
8358
25
220
16
345
286
220
9565
13460
24430
25
220
19166
11
220
674
505
279
22109
1296
320
395
39255
4495
824
11470
340
286
220
9565
13460
24054
25
220
16
11
262
674
505
279
1817
368
28519
304
279
3575
5224
198
262
557
262
674
7429
21650
3790
279
1162
1405
597
12
16
374
264
2410
315
1403
5636
832
320
300
304
220
9565
13460
24054
340
262
674
2030
2533
584
2736
617
433
11
420
743
374
14343
369
682
11720
7177
627
262
422
597
304
3361
42527
512
286
471
3361
42527
6874
933
262
674
2052
1023
5157
320
16564
3544
6305
539
10212
8
471
220
15
198
262
471
220
15
198
14196
4077
2028
8292
690
1457
1522
682
11720
7177
10212
304
279
4733
928
323
279
22109
1595
2256
63
12621
555
6089
13758
279
4495
11503
369
279
3984
7039
11
323
220
15
369
682
3885
13
1115
5603
26549
11263
279
1296
17078
2085
60923
279
7177
5694
13
100265
198