100264
882
198
4518
279
2768
734
12223
323
4733
928
11
7373
4305
279
734
7633
323
1522
682
279
7177
13
3146
5989
4276
70765
3247
13916
50
13
57277
2675
1288
15411
279
2082
499
11041
304
264
67859
2082
2565
320
817
10103
33981
320
20670
690
33316
279
4113
5865
696
14196
4077
755
1797
45881
34600
1471
25
528
11
597
25
528
11
274
25
610
8
1492
528
512
262
4304
16644
264
925
274
315
3160
308
31706
315
5885
364
32
518
364
33
518
323
32167
756
262
323
264
6928
7698
597
11
1797
279
1396
315
5627
311
8454
1855
74616
449
198
262
3060
364
32
6
477
364
33
6
1778
430
279
13239
925
706
912
11091
485
442
292
39549
198
262
315
3160
597
627
1084
262
362
925
374
6646
330
19045
1
422
912
67603
39549
315
3160
597
374
264
74197
627
262
3494
279
1797
60964
220
19416
13719
17228
627
1084
262
18161
512
286
308
25
578
3160
315
279
925
320
17
2717
597
2717
308
2717
220
1041
15
340
286
597
25
578
3160
315
16146
826
311
1817
369
11091
485
442
288
320
74
2717
220
605
340
286
274
25
362
925
315
3160
308
31706
315
364
32
518
364
33
518
323
32167
1270
1084
262
5295
512
286
578
1396
315
1695
9246
60964
220
19416
13719
17228
7361
262
12382
1797
45881
34600
7
22
11
220
19
11
364
1905
30
32
30
7209
1329
262
220
16
198
262
12382
1797
45881
34600
7
1272
11
220
22
11
364
27708
27708
27708
27708
27708
27708
27708
27708
27708
27708
1329
262
220
8027
16780
21299
198
262
12382
1797
45881
34600
7
868
11
220
20
11
364
1905
57650
27708
27708
7801
1329
262
220
15
198
262
12713
755
1817
73121
997
262
674
3475
5157
505
279
3575
198
262
2105
9322
7
22
11
220
19
11
364
1905
30
32
30
7209
873
624
220
16
198
262
2105
9322
7
1272
11
220
22
11
364
27708
27708
27708
27708
27708
27708
27708
27708
27708
27708
873
624
220
8027
16780
21299
198
262
2105
9322
7
868
11
220
20
11
364
1905
57650
27708
27708
7801
873
624
220
15
198
262
2105
9322
7
1272
11
220
23
11
32167
32
30
33
7801
33
30
33
30
6157
30
32
30
33
7801
33
30
32
34115
33
30
10306
30
33
34115
7209
7801
33
6157
873
624
220
15537
8273
7361
262
674
24086
1296
5157
198
262
2105
9322
7
1041
15
11
220
605
11
74616
353
220
1041
15
8
624
220
17887
19416
21985
198
262
2105
9322
7
1041
15
11
220
24
11
364
33
6
353
220
605
489
364
32
6
353
220
19
489
364
33
6
353
220
18
489
364
32
6
353
220
23
489
364
33
6
489
364
32
6
353
220
20
489
364
33
6
353
220
18
489
364
32
6
489
364
33
6
353
220
19
489
364
32
6
489
364
33
6
353
220
18
489
364
32
6
489
364
33
6
353
220
17
489
364
32
6
489
364
33
6
353
220
1032
489
364
32
6
489
364
33
6
353
220
975
489
364
32
6
353
220
17
489
364
33
6
353
220
17
489
364
32
6
489
364
33
6
353
220
17
489
364
32
6
353
220
17
489
364
33
6
353
220
1032
489
364
32
6
353
220
17
489
364
33
6
353
220
17
489
364
32
6
353
220
17
489
364
33
6
353
220
868
489
364
32
6
353
220
17
489
364
33
6
353
220
17
489
364
32
6
489
364
33
6
353
220
18
489
364
32
6
489
364
33
6
353
220
1114
489
364
32
6
489
364
33
6
353
220
24
489
364
32
6
489
364
33
6
353
220
19
489
364
32
6
489
364
33
6
353
220
806
489
364
32
6
489
364
33
6
353
220
18
489
364
32
6
489
364
33
6
353
220
975
489
364
32
6
489
364
33
6
353
220
19
489
364
32
6
489
364
33
6
353
220
24
489
364
32
6
489
364
33
6
353
220
972
489
364
32
6
489
364
33
6
353
220
1627
489
364
32
6
353
220
17
489
364
33
6
353
220
806
489
364
32
6
489
364
33
6
353
220
21
489
364
32
6
489
364
33
6
353
220
19
489
364
32
6
489
364
33
6
353
220
1627
489
364
32
6
353
220
17
489
364
33
6
353
220
2397
489
364
32
6
489
364
33
6
353
220
17
489
364
32
6
489
364
33
6
353
220
19
489
364
32
6
489
364
33
6
489
364
32
6
489
364
33
6
353
220
17
489
364
32
6
489
364
33
6
353
220
17
489
364
32
6
489
364
33
6
353
220
1591
489
364
32
6
489
364
33
6
353
220
1032
489
364
32
6
489
364
33
6
353
220
777
489
364
32
6
489
364
33
6
353
220
868
489
364
32
6
489
364
33
6
353
220
21
489
364
32
6
489
364
33
6
489
364
32
6
489
364
33
6
353
220
18
489
364
32
6
489
364
33
6
353
220
972
489
364
32
6
353
220
17
489
364
33
6
489
364
32
6
489
364
33
6
353
220
17
489
364
32
6
489
364
33
6
353
220
972
489
364
32
6
489
364
33
6
353
220
975
489
364
32
6
353
220
17
489
364
33
6
353
220
18
489
364
32
6
489
364
33
6
353
220
17
489
364
32
6
353
220
17
489
364
33
6
353
220
605
489
364
32
6
489
364
33
6
353
220
18
489
364
32
6
353
220
20
489
364
33
6
489
364
32
6
489
364
33
6
353
220
18
489
364
32
6
489
364
33
6
353
220
24
489
364
32
6
489
364
33
6
353
220
966
489
364
32
6
489
364
33
6
353
220
1758
489
364
32
6
489
364
33
6
353
220
717
489
364
32
6
489
364
33
6
353
220
17
489
364
32
6
353
220
17
489
364
33
6
489
364
32
6
353
220
17
489
364
33
6
353
220
777
489
364
32
6
489
364
33
6
353
220
20
489
364
32
6
353
220
17
489
364
33
6
489
364
32
6
489
364
33
6
353
220
1187
489
364
32
6
353
220
17
489
364
33
6
489
364
32
6
489
364
33
6
353
220
17
489
364
32
6
489
364
33
6
353
220
1591
489
364
32
6
489
364
33
6
353
220
508
489
364
32
6
489
364
33
6
353
220
1419
489
364
32
6
489
364
33
6
353
220
2148
489
364
32
6
489
364
33
6
353
220
24
489
364
32
6
489
364
33
6
353
220
845
489
364
32
6
489
364
33
6
353
220
1419
489
364
32
6
489
364
33
6
353
220
1187
489
364
32
6
489
364
33
6
353
220
1691
489
364
32
6
489
364
33
6
353
220
845
489
364
32
6
489
364
33
6
353
220
22
489
364
32
6
489
364
33
6
489
364
32
6
489
364
33
6
353
220
17
489
364
32
6
489
364
33
6
353
220
20
489
364
32
6
489
364
33
6
353
220
23
8
624
220
15
198
262
2105
9322
7
1041
15
11
220
17
11
74616
353
220
21
489
364
32
6
489
74616
353
220
22
489
364
32
6
353
220
19
489
74616
353
220
19
489
364
32
6
489
74616
353
220
17
489
364
32
6
489
74616
489
364
32
6
489
74616
353
220
20
489
364
32
6
489
74616
353
220
22
489
364
32
6
353
220
17
489
74616
353
220
23
489
364
32
6
489
74616
489
364
32
6
353
220
17
489
74616
353
220
17
489
364
32
6
489
74616
353
220
605
489
364
32
6
489
74616
353
220
17
489
364
32
6
489
74616
353
220
17
489
364
32
6
489
74616
353
220
18
489
364
32
6
489
74616
353
220
17
489
364
32
6
489
74616
489
364
32
6
489
74616
353
220
19
489
364
32
6
489
74616
353
220
23
489
364
32
6
489
74616
489
364
32
6
489
74616
489
364
32
6
489
74616
353
220
20
489
364
32
6
489
74616
353
220
18
489
364
32
6
489
74616
353
220
806
489
364
32
6
489
74616
353
220
20
489
364
32
6
489
74616
353
220
23
489
364
32
6
489
74616
353
220
20
489
364
32
6
489
74616
489
364
32
6
489
74616
353
220
20
489
364
32
6
489
74616
353
220
605
489
364
32
6
353
220
17
489
74616
489
364
32
6
489
74616
353
220
23
489
364
32
6
489
74616
353
220
17
489
364
32
6
489
74616
353
220
18
489
364
32
6
489
74616
353
220
17
489
364
32
6
489
74616
489
364
32
6
353
220
17
489
74616
353
220
18
489
364
32
6
489
74616
353
220
17
489
364
32
6
489
74616
353
220
18
489
364
32
6
489
74616
353
220
17
489
364
32
6
489
74616
353
220
19
489
364
32
6
489
74616
353
220
22
489
364
32
6
489
74616
353
220
18
489
364
32
6
489
74616
353
220
24
489
364
32
6
489
74616
353
220
21
489
364
32
6
489
74616
489
364
32
6
353
220
18
489
74616
353
220
17
489
364
32
6
489
74616
353
220
18
489
364
32
6
489
74616
353
220
19
489
364
32
6
489
74616
353
220
717
489
364
32
6
489
74616
489
364
32
6
489
74616
353
220
23
489
364
32
6
489
74616
353
220
22
489
364
32
6
353
220
17
489
74616
353
220
20
489
364
32
6
489
74616
489
364
32
6
489
74616
353
220
17
489
364
32
6
489
74616
353
220
21
489
364
32
6
489
74616
353
220
868
489
364
32
6
489
74616
353
220
17
489
364
32
6
489
74616
353
220
19
489
364
32
6
489
74616
353
220
19
489
364
32
6
353
220
17
489
74616
489
364
32
6
489
74616
353
220
18
489
364
32
6
489
74616
489
364
32
6
489
74616
353
220
24
489
364
32
6
489
74616
489
364
32
6
489
74616
353
220
20
489
364
32
6
489
74616
353
220
777
489
364
32
6
489
74616
353
220
20
489
364
32
6
489
74616
353
220
17
489
364
32
6
489
74616
489
364
32
6
353
220
17
489
74616
353
220
21
489
364
32
6
489
74616
353
220
17
489
364
32
6
489
74616
353
220
21
489
364
32
6
489
74616
353
220
20
489
364
32
6
489
74616
353
220
17
489
364
32
6
353
220
17
489
74616
353
220
23
489
364
32
6
489
74616
489
364
32
6
489
74616
489
364
32
6
489
74616
353
220
717
489
364
32
6
353
220
17
489
74616
489
364
32
6
489
74616
353
220
20
489
364
32
6
489
74616
353
220
20
489
364
32
6
489
74616
489
364
32
6
353
220
17
489
74616
353
220
19
489
364
32
6
489
74616
353
220
24
489
364
32
6
489
74616
489
364
32
6
489
74616
353
220
717
489
364
32
6
353
220
17
489
74616
489
364
32
6
489
74616
353
220
717
489
364
32
6
353
220
17
489
74616
353
220
20
489
364
32
6
489
74616
353
220
17
489
364
32
6
353
220
17
489
74616
489
364
32
6
489
74616
489
364
32
6
489
74616
353
220
21
489
364
32
6
353
220
18
489
74616
489
364
32
6
489
74616
353
220
18
489
364
32
6
489
74616
489
364
32
6
489
74616
353
220
24
489
364
32
6
489
74616
353
220
18
489
364
32
6
489
74616
489
364
32
6
489
74616
353
220
18
489
364
32
6
353
220
17
489
74616
489
364
32
6
353
220
17
489
74616
489
364
32
6
489
74616
489
364
32
6
489
74616
489
364
32
6
489
74616
353
220
20
489
364
32
6
489
74616
489
364
32
6
489
74616
353
220
18
489
364
32
6
489
74616
353
220
18
489
364
32
6
489
74616
353
220
17
489
364
32
6
489
74616
489
364
32
6
489
74616
353
220
806
489
364
32
6
353
220
17
489
74616
353
220
23
489
364
32
6
489
74616
353
220
17
489
364
32
6
489
74616
353
220
22
489
364
32
6
489
74616
353
220
18
489
364
32
6
489
74616
353
220
19
489
364
32
6
489
74616
489
364
32
6
489
74616
353
220
22
489
364
32
6
353
220
18
489
74616
353
220
19
489
364
32
6
489
74616
489
364
32
6
489
74616
353
220
17
489
364
32
6
489
74616
353
220
22
489
364
32
6
489
74616
489
364
32
6
489
74616
353
220
23
489
364
32
6
489
74616
353
220
17
489
364
32
6
353
220
17
489
74616
353
220
17
489
364
32
6
489
74616
353
220
18
489
364
32
6
489
74616
353
220
18
489
364
32
6
489
74616
353
220
806
489
364
32
6
489
74616
353
220
17
489
364
32
6
353
220
17
489
74616
489
364
32
6
489
74616
353
220
18
489
364
32
6
489
74616
353
220
24
489
364
32
6
489
74616
353
220
22
489
364
32
6
353
220
19
489
74616
353
220
20
489
364
32
6
489
74616
353
220
19
489
364
32
6
489
74616
353
220
21
489
364
32
6
489
74616
353
220
17
489
364
32
6
489
74616
353
220
20
489
364
32
6
353
220
18
489
74616
353
220
24
489
364
32
6
489
74616
353
220
18
489
364
32
6
489
32167
873
624
220
15
198
262
2105
9322
7
1041
15
11
220
23
11
364
32
6
353
220
1041
15
8
624
220
15
198
262
2105
9322
7
1272
11
220
22
11
364
27708
27708
27708
27708
27708
27708
27708
27708
27708
27708
873
624
220
15
198
262
2105
9322
7
1041
15
11
220
605
11
74616
353
220
1041
15
8
624
220
17887
19416
21985
198
262
2105
9322
7
1041
15
11
220
605
11
74616
353
220
1041
15
8
624
220
17887
19416
21985
198
262
2105
9322
7
1041
15
11
220
23
11
364
33
6
353
220
1041
15
8
624
220
15
198
262
2105
9322
7
20
11
220
20
11
364
6157
30
7209
873
624
220
17
198
262
2105
9322
7
1041
15
11
220
18
11
364
10306
30
33
7801
33
30
10306
33
30
10306
7801
33
7801
10306
34115
10306
27708
34115
33
7801
33
30
33
7801
33
7801
10306
33
30
33
30
10306
27708
33
7801
33
30
33
30
33
30
10306
30
33
27708
30
74542
30
33
34115
10306
27708
30
10306
33
27708
33
27708
33
30
10306
33
30
33
34115
33
27708
33
30
33
34115
33
30
33
34115
33
30
10306
30
10306
30
10306
27708
10306
33
30
33
7801
33
34115
10306
27708
10306
7801
10306
33
27708
7801
74542
30
10306
30
33
27708
10306
30
33
30
10306
33
30
10306
33
7801
10306
30
74542
33
30
10306
30
10306
30
10306
27708
7801
33
30
33
7801
10306
30
10306
33
30
33
7801
33
30
33
34115
33
27708
33
34115
33
30
33
30
74542
33
7801
74542
33
34115
10306
33
7801
33
27708
7801
33
7801
33
30
10306
30
33
30
33
27708
33
30
10306
30
10306
30
33
27708
30
10306
33
7801
10306
33
30
74542
7801
33
27708
10306
33
30
10306
33
27708
33
30
33
27708
10306
7801
10306
33
27708
74542
10306
7801
33
27708
10306
33
7801
10306
33
34115
74542
33
30
10306
33
7801
74542
10306
7801
33
30
10306
7801
33
7801
33
30
33
30
10306
30
33
7801
33
34115
33
30
10306
33
7801
10306
30
10306
27708
10306
33
34115
10306
30
33
30
33
34115
33
7801
33
34115
33
30
10306
33
30
10306
33
30
33
30
74542
30
10306
7801
10306
33
34115
10306
7801
10306
33
34115
33
27708
7801
33
34115
10306
33
27708
30
74542
30
10306
34115
10306
27708
30
74542
7801
10306
33
7801
33
7801
33
7801
33
30
10306
34115
33
7801
33
34115
33
34115
33
7801
33
7801
10306
7801
33
30
10306
30
10306
30
10306
33
30
10306
33
7801
33
34115
33
7801
10306
33
30
10306
30
33
7801
33
30
33
30
74542
33
34115
74542
7801
10306
30
10306
7801
10306
34115
33
30
33
34115
33
7801
10306
30
10306
33
34115
10306
7801
33
34115
33
7801
33
7801
33
30
10306
33
30
33
7801
33
7801
10306
7801
10306
33
34115
33
30
33
30
10306
7801
10306
7801
10306
33
30
10306
30
10306
33
30
10306
30
33
7801
10306
30
10306
30
10306
30
10306
30
10306
34115
74542
33
30
74542
30
33
34115
74542
74542
7801
33
30
33
34115
10306
27708
10306
30
74542
7801
33
27708
74542
10306
7801
10306
7801
33
30
33
7801
10306
27708
33
34115
10306
33
7801
74542
10306
33
30
74542
30
74542
7801
10306
7801
33
30
33
7801
10306
33
7801
33
30
33
30
10306
34115
10306
33
30
33
30
10306
33
7801
10306
30
10306
27708
30
10306
30
10306
34115
74542
7801
10306
34115
33
7801
33
30
10306
30
10306
30
33
30
74542
30
33
30
33
30
33
30
33
7801
10306
30
33
7801
74542
30
33
34115
33
30
33
7801
33
30
10306
30
10306
27708
33
30
10306
30
33
30
33
30
10306
7801
10306
7801
33
30
74542
10306
33
30
10306
873
624
220
15
271
2
5560
1817
11773
45881
34600
8
311
1629
7177
627
74694
100265
198
100264
78191
198
8586
374
279
4686
8292
315
1595
1868
45881
34600
63
430
69001
279
4733
928
323
16609
682
279
2728
1296
5157
320
1729
42295
279
5995
74197
12621
323
23391
430
912
39549
315
3160
1595
74
63
374
264
74197
7887
791
1401
374
311
1646
279
1614
315
279
1566
320
74
12
16
8
5885
320
28753
994
584
923
279
1828
3752
11
584
2011
1817
422
279
1566
597
5885
1376
264
74197
570
1226
1005
264
8915
15840
5603
1405
279
1614
374
279
1566
320
74
12
16
8
5885
320
11536
94383
279
1828
3752
690
1304
264
3321
315
3160
597
3677
1687
4097
279
32857
439
264
11240
13021
505
279
1566
320
74
12
16
7435
4222
9436
311
279
1396
315
5627
311
5662
430
1614
2085
3515
3549
904
37913
74197
779
3117
382
1687
1101
864
28806
902
9246
315
3160
597
527
11091
485
442
288
323
902
63676
1053
3063
311
264
74197
994
264
3738
1828
3752
374
3779
382
8586
374
279
8292
20037
304
264
3254
2082
2565
439
2631
1473
74694
12958
198
755
1797
45881
34600
1471
25
528
11
597
25
528
11
274
25
610
8
1492
528
512
262
19186
284
220
19416
13719
17228
271
262
674
5075
28806
682
11091
485
442
292
16146
826
315
3160
7041
597
198
262
11091
485
442
288
284
743
746
262
369
259
304
42431
12377
493
1905
50734
13454
46257
997
286
259
2966
284
43963
6115
1175
340
286
422
259
2966
624
259
2966
63254
16
10556
310
11091
485
442
288
1388
1175
2966
696
262
674
1789
32857
25
279
1614
374
279
1566
320
74
12
16
8
5885
320
300
264
925
340
262
674
11581
56963
60
284
1396
315
5627
311
1977
709
311
1457
13696
449
364
2513
6
439
1566
597
12
16
23861
198
262
505
15661
1179
44008
271
262
11581
284
44008
1577
340
262
11581
681
663
284
220
16
220
674
1603
904
3752
11
4384
9436
271
262
674
5135
505
320
4354
597
12
16
23861
11
1828
1181
8
1492
502
1614
323
8482
422
11705
74197
198
262
711
1053
8074
74410
37158
32881
11
523
997
286
674
8031
374
3160
597
12
16
11
923
523
520
279
842
311
1304
3160
597
198
286
39738
284
8031
489
523
198
286
471
39738
304
11091
485
442
288
271
262
674
5075
28806
34692
369
1855
1614
323
1855
3284
1828
1181
4417
32
6
477
364
33
518
477
9770
555
274
340
262
674
7429
3790
279
8521
23861
304
274
198
262
602
284
220
15
220
674
1510
2361
304
925
274
198
262
308
6171
284
2479
1161
340
262
1418
602
366
308
6171
512
286
1510
9415
284
274
1004
60
422
602
366
308
6171
775
2290
220
674
2290
994
584
2351
21973
304
32167
1270
286
502
54972
284
44008
1577
340
286
674
1789
1855
1614
320
12113
315
3160
597
12
16
705
323
1855
5535
1181
520
2361
602
198
286
369
8031
4486
11
5627
304
11581
9812
4019
310
674
1442
3752
374
8521
320
1962
32167
4670
2011
5268
430
1181
198
310
422
1510
9415
374
539
2290
323
1510
9415
976
32167
3730
394
523
284
1510
9415
198
310
775
512
394
674
9934
2225
364
32
6
323
364
33
6
320
39870
2736
10409
555
274
340
394
369
523
304
4417
32
518
364
33
11290
504
674
26869
422
420
5873
1053
1893
264
74197
304
279
502
3321
198
504
3321
284
8031
4486
489
523
220
674
3160
597
198
504
422
1053
8074
74410
37158
32881
4486
11
523
997
667
3136
220
674
8482
11
38967
420
9320
198
504
674
578
502
1614
1306
25012
523
374
3321
27141
16
933
504
502
4486
284
3321
27141
16
933
504
502
54972
44586
4486
60
284
320
943
54972
44586
4486
60
489
5627
8
1034
19186
198
286
11581
284
502
54972
198
286
602
1447
220
16
271
262
674
4740
21973
682
308
5885
11
584
2011
6106
430
304
279
1620
3321
320
4354
597
23861
8
1070
374
912
74197
198
262
674
2100
2694
682
5415
1405
279
1566
597
23861
320
8370
374
279
2539
1614
489
1566
1181
3779
8
374
539
264
74197
198
262
674
2030
3604
11
1057
32857
1193
6276
34692
1405
11091
485
442
288
527
539
14454
11
779
682
9861
5415
527
1695
627
262
674
4452
11
311
387
24473
11
279
1620
1797
374
279
2694
315
682
11581
2819
320
11536
912
74197
574
3596
14454
2391
279
1920
340
262
471
2694
35899
10883
2189
1034
19186
198
14196
19884
14711
72387
315
279
32857
5603
320
41546
1082
7887
12
578
1614
11105
279
1566
320
74
12
16
8
5885
315
279
925
5918
779
3117
627
12
3277
25012
279
1828
3752
320
50998
9770
555
364
32
518
364
33
518
477
32167
4670
584
1817
422
279
502
597
30425
39549
320
10084
4486
489
523
8
374
264
74197
627
220
482
1442
433
374
264
74197
11
420
1853
374
37913
11
779
584
656
539
1797
433
627
220
482
18715
11
584
3351
311
279
502
1614
902
374
279
1566
320
74
12
16
8
5885
1306
7999
279
502
3752
627
12
1226
1212
449
279
4384
925
323
1920
1855
2361
304
279
1988
11
21686
279
32857
28178
627
12
578
1620
4320
374
279
2860
1396
315
5627
1306
8863
682
308
5885
11
902
374
19883
539
311
617
9124
904
37913
74197
39549
315
3160
597
382
2028
8292
690
1522
682
279
3984
1296
5157
11
2737
279
3544
75124
323
6964
39585
12621
13
578
6332
12496
374
3196
389
27252
904
9954
315
264
597
30425
74197
520
904
3094
11
555
1193
15691
4741
2764
7276
9246
382
334
9290
68063
1115
5829
279
1595
275
37416
63
4793
11
902
374
5410
304
13325
323
18641
449
279
7177
13
1442
279
1296
4676
1587
539
1179
1595
275
37416
7964
433
649
387
3779
520
279
1948
25
1595
1527
42431
1179
2027
29687
4452
11
2533
279
4113
12223
1550
539
1179
4205
11
433
374
19655
311
387
3118
304
279
4676
320
300
279
1296
5157
1053
1397
433
369
2466
5219
3677
45464
4897
374
279
2539
8292
37154
279
4733
928
323
682
279
7177
13
100265
198
100264
882
271
7927
3766
4879
4745
279
7177
13
5810
596
279
1493
512
6687
1445
320
3646
3293
1650
1566
997
220
2958
36674
7513
9574
53
2149
15
55
82
7345
498
1584
220
3264
11
304
366
4450
397
262
1817
11773
45881
34600
340
220
2958
36674
7513
9574
53
2149
15
55
82
7345
498
1584
220
1591
11
304
1817
198
262
2105
9322
7
22
11
220
19
11
364
1905
30
32
30
7209
873
624
220
16
198
1881
6440
62824
62824
62824
62824
62824
62824
61
198
220
2958
36674
7513
9574
53
2149
15
55
82
7345
498
1584
220
2491
11
304
1797
45881
34600
198
262
369
259
304
42431
12377
493
1905
50734
13454
46257
997
1835
6440
62824
62824
198
678
1480
25
836
364
275
37416
6
374
539
4613
13
14910
499
10894
311
1179
364
275
37416
71090
14963
1271
312
42612
11
420
374
701
3465
25
4557
279
2768
734
12223
323
4733
928
11
7373
4305
279
734
7633
323
1522
682
279
7177
13
3146
5989
4276
70765
3247
13916
50
13
57277
2675
1288
15411
279
2082
499
11041
304
264
67859
2082
2565
320
817
10103
33981
320
20670
690
33316
279
4113
5865
8
100265
198
100264
78191
198
78145
0
358
37979
369
279
7554
1179
323
279
48008
32857
6931
13
6914
753
4305
1595
1868
45881
34600
63
12722
449
279
2631
15557
323
264
10489
34030
32857
430
14242
279
1566
320
74
12
16
8
5885
11
30820
62908
279
330
2201
597
30425
74197
1
3044
382
8586
753
264
22514
8292
430
690
1522
682
279
7177
11
2737
279
3544
60964
12621
323
279
5066
1296
5157
13
1102
5829
1595
275
37416
12377
63
439
4460
320
475
291
520
279
1948
705
323
5280
264
32857
430
14242
1193
279
5995
1614
3634
320
11536
308
38394
220
1041
15
323
597
38394
220
605
11
279
32857
1614
374
2678
3677
74694
12958
198
475
42431
271
755
1797
45881
34600
1471
25
528
11
597
25
528
11
274
25
610
8
1492
528
512
262
19186
284
220
19416
13719
17228
271
262
674
5075
28806
682
11091
485
442
292
9246
315
3160
597
24306
315
362
11
426
11
477
949
320
8248
949
14385
439
8545
26076
311
387
10409
439
362
16675
340
262
674
4452
11
369
32939
11
264
39549
649
3719
264
74197
11911
389
1268
74616
527
12860
555
362
477
426
627
262
674
2100
11
4619
11
994
4857
279
32857
11
520
1855
3094
584
1817
422
279
1566
597
5885
320
10924
50068
8
649
1376
264
74197
627
262
674
2057
656
420
10489
11
584
1541
956
1205
311
864
28806
682
3284
11091
485
442
288
449
32167
518
1606
279
74616
690
387
12860
555
362
16675
3010
627
262
674
12361
11
520
1855
32857
3094
11
584
3358
1817
3508
279
1566
597
5885
320
4291
1510
323
3766
5885
8
7739
264
74197
2728
279
11709
1903
627
1084
262
674
32857
1614
25
279
1566
320
74
12
16
8
5885
12146
320
300
264
925
570
59656
4384
627
262
674
2468
1855
2361
602
320
15
6108
705
1306
19301
279
602
7716
3752
11
279
1566
320
74
12
16
8
23861
3719
1614
627
262
674
2057
5471
264
74197
315
3160
597
520
2361
602
320
56958
23861
602
12934
10
16
311
602
705
584
2011
6106
430
279
3321
315
1566
597
23861
374
539
264
74197
627
262
674
1226
1920
2163
311
1314
11
323
994
19301
1828
3752
11
1817
422
279
1566
597
23861
1053
1376
264
74197
627
1084
262
505
15661
1179
44008
271
262
11581
284
44008
1577
340
262
11581
1204
1365
284
220
16
220
674
5256
449
4384
9436
1603
904
5885
527
9277
271
262
674
13202
311
1817
422
264
4040
597
30425
925
320
4291
3967
12197
8
374
264
74197
198
262
711
374
74410
37158
1175
25
610
8
1492
1845
512
286
471
259
624
259
63254
16
2595
262
674
8773
1855
2361
304
279
925
198
262
369
602
304
2134
1471
997
286
1828
8917
284
2570
32
518
364
33
663
422
274
1004
60
624
74616
775
510
82
1004
43550
286
502
54972
284
44008
1577
340
286
674
1789
1855
1614
320
10084
4486
374
1566
597
12
16
23861
705
323
1855
3284
1181
369
420
2361
198
286
369
8031
4486
11
13497
304
11581
9812
4019
310
674
8031
4486
706
3160
597
12
16
320
269
2753
520
1212
340
310
369
523
304
1828
8917
512
394
674
8012
279
1566
597
5885
25
422
8031
4486
706
3160
366
74
12
16
11
11262
449
2290
320
14724
4322
439
4384
369
2926
7504
340
394
674
34863
11
520
3094
602
11
584
617
15590
602
23861
11
779
8031
4486
374
3160
1332
1998
11
597
12
16
340
394
674
1789
279
1176
320
74
12
16
8
7504
11
8031
4486
374
3160
366
74
12
16
13
1226
11262
449
4384
925
389
279
2163
311
1304
3160
597
12
16
994
4460
198
394
674
2100
11
279
3321
374
25
320
10084
4486
489
523
6758
8172
74
1680
60
422
8031
4486
374
24210
1109
597
12
16
11
775
8031
4486
489
523
198
394
674
2030
8831
25
279
2539
3321
374
320
320
10084
4486
489
523
85662
74
60
422
2479
32881
4486
27530
74
775
8031
4486
489
523
1763
394
674
4452
11
369
279
32857
311
990
11
584
1205
311
1193
2980
279
1566
597
12
16
23861
1603
7999
279
502
1181
11
779
430
1306
7999
523
433
596
597
627
394
674
2100
1603
7999
523
11
279
3321
9322
374
25
320
10084
4486
489
523
93478
74
29383
422
8031
4486
489
523
2669
597
775
8031
4486
489
523
198
394
674
2030
369
32939
11
584
1205
311
1440
279
1566
597
5885
2737
420
523
627
394
674
2100
1095
596
9429
279
2539
3321
555
2163
43649
8031
4486
449
3436
709
311
597
12
16
23861
11
1243
7999
523
323
4737
1566
597
627
394
674
34863
11
1095
596
656
420
15884
512
394
674
2057
1376
279
3321
315
279
1566
597
5885
13696
520
2361
602
11
584
1205
279
320
72
482
74
489
16
8
2564
602
23861
627
394
674
2030
304
279
32857
11
8031
4486
374
279
1566
320
74
12
16
8
23861
1603
7999
279
1510
1181
627
394
674
2100
994
584
923
523
11
279
502
3321
374
8031
4486
489
523
11
323
584
1935
279
1566
597
23861
320
11536
8031
4486
1253
387
24210
1109
597
12
16
520
279
1212
340
394
3321
284
320
10084
4486
489
523
340
394
422
2479
16285
8
2669
597
512
504
3321
284
3321
7764
74
25106
394
674
4800
1817
422
420
3321
374
264
74197
198
394
422
374
74410
37158
16285
997
504
3136
220
674
420
9046
374
8482
11
10936
198
394
674
578
502
1614
374
279
1566
320
74
12
16
8
23861
315
279
3321
320
72
1770
2637
3321
27141
16
2608
394
502
4486
284
3321
27141
16
60
422
597
871
220
16
775
1621
220
674
422
597
419
16
11
3321
27141
16
60
1053
387
9158
719
18073
555
2926
1614
198
394
502
54972
44586
4486
60
284
320
943
54972
44586
4486
60
489
13497
8
1034
19186
198
286
11581
284
502
54972
198
286
674
1442
520
904
1486
11581
374
4384
11
649
1464
4216
320
8248
539
4460
1618
439
7177
6106
1063
13006
340
262
674
4740
8863
682
308
23861
11
2694
682
2764
5415
320
543
4097
2764
2539
9246
2085
597
2320
278
485
442
288
340
262
471
2694
35899
10883
2189
1034
19186
198
14196
19884
14711
72387
315
18637
323
58423
1473
12
3146
32350
68063
4800
1595
475
42431
63
374
520
279
1948
320
4636
433
596
539
6089
1511
304
420
8292
11
433
596
2631
369
279
1296
4676
4390
12
3146
69794
13598
68063
2468
1855
3094
11
994
264
502
3752
374
9277
11
584
1376
279
1566
597
5885
320
1729
41072
1113
279
3766
1614
320
60094
97
74
12
16
23861
8
449
279
502
1181
323
82987
311
597
570
1442
430
3321
374
264
74197
11
584
656
539
1797
430
6149
627
12
3146
1423
7419
68063
578
32857
1614
374
279
1566
320
74
12
16
8
5885
320
333
3284
705
477
1621
994
24210
13
1115
6276
603
311
30820
1817
3938
11091
485
442
288
627
12
3146
13944
26076
29754
30
63
1680
334
8704
839
555
13126
2225
364
32
6
323
364
33
6
439
2671
7389
8521
555
279
1988
925
627
12
3146
47688
10603
68063
8876
597
38394
220
605
323
308
38394
220
1041
15
11
279
32857
1614
3634
374
520
1455
220
17
13571
74
12
16
8
21784
230
220
8358
5415
520
12047
11
3339
433
1633
5043
382
2028
2373
690
1522
279
2728
1296
5157
11
2737
279
3544
1491
29752
323
682
279
6964
5157
323
5217
7177
304
279
3575
5224
320
21470
439
1595
1868
45881
34600
7
20
11
20
2965
6157
30
7209
873
624
220
17
63
3677
2746
499
1629
279
6205
7177
1457
11
814
690
682
1522
13
1789
3187
1473
74694
12958
198
1374
11773
45881
34600
7
22
11
19
2965
1905
30
32
30
7209
3874
220
674
12540
2612
220
16
198
1374
11773
45881
34600
7
1272
11
22
2965
27708
27708
27708
27708
27708
27708
27708
27708
27708
27708
3874
220
674
12540
2612
279
2728
60964
4320
198
14196
19884
10267
757
1440
422
499
1390
264
2373
430
21650
5829
864
72111
11091
485
442
292
20506
449
32167
518
719
420
2167
5603
374
32981
323
4495
369
279
11224
3575
13
100265
198
100264
882
271
7927
3766
4879
4745
279
7177
13
5810
596
279
1493
512
220
2958
36674
52
1609
21
23361
87
86
21
57
7345
498
1584
220
2166
198
262
482
3146
69794
13598
68063
2468
1855
3094
11
994
264
502
3752
374
9277
11
584
1376
279
1566
597
5885
320
1729
41072
1113
279
3766
1614
320
60094
97
74
12
16
23861
8
449
279
502
1181
323
82987
311
597
570
1442
430
3321
374
264
74197
11
584
656
539
1797
430
6149
627
58040
338
76496
34990
1480
25
8482
3752
364
60094
97
6
320
52
10
14057
19
65066
1271
312
42612
11
420
374
701
3465
25
4557
279
2768
734
12223
323
4733
928
11
7373
4305
279
734
7633
323
1522
682
279
7177
13
3146
5989
4276
70765
3247
13916
50
13
57277
2675
1288
15411
279
2082
499
11041
304
264
67859
2082
2565
320
817
10103
33981
320
20670
690
33316
279
4113
5865
8
100265
198
100264
78191
198
96556
0
6914
596
3493
264
4335
11
4495
8292
315
1595
1868
45881
34600
63
1701
264
5410
8915
15840
5603
11
449
11720
11850
315
279
3321
315
279
1566
597
5885
323
912
8482
20047
6103
13
1226
3358
1005
1193
5918
3502
13325
323
5766
904
2536
54920
5885
304
279
2082
382
1687
3358
1005
8915
15840
1405
279
1614
374
279
1566
320
74
12
16
8
5885
12146
320
300
264
925
570
1789
1855
2361
304
279
925
11
584
2980
682
3284
3766
5415
323
682
2764
11709
369
279
1510
3752
320
32
11
426
11
477
8521
422
539
32167
1861
1226
1817
422
279
1566
597
5885
320
20281
4486
489
1510
9415
11
60856
311
3160
597
8
1376
264
74197
1389
422
779
11
584
10936
430
9320
13
2468
279
842
11
584
2694
682
2764
5627
382
8586
596
279
4495
8292
20037
304
264
3254
2082
2565
439
11472
1473
74694
12958
198
475
42431
271
755
1797
45881
34600
1471
25
528
11
597
25
528
11
274
25
610
8
1492
528
512
262
19186
284
220
19416
13719
17228
271
262
674
13202
311
1817
422
264
925
315
3160
597
374
264
74197
198
262
711
374
74410
37158
1175
25
610
8
1492
1845
512
286
471
259
624
259
63254
16
2595
262
674
32857
1614
25
264
925
14393
279
1566
320
74
12
16
8
5885
12146
779
3117
198
262
11581
284
6587
368
220
674
649
387
264
4725
6587
2533
1614
3634
374
2678
198
262
11581
1204
1365
284
220
16
220
674
1212
449
4384
9436
271
262
369
602
304
2134
1471
997
286
1510
8917
284
4260
286
422
274
1004
60
624
32167
3730
310
1510
8917
284
2570
32
518
364
33
4532
286
775
512
310
1510
8917
284
510
82
1004
43550
286
502
54972
284
5731
286
369
8031
4486
11
5627
304
11581
9812
4019
310
674
8031
4486
374
520
1455
597
12
16
23861
1317
320
269
2753
520
1212
340
310
674
8012
279
2539
3321
315
3160
709
311
597
320
18864
387
2753
1603
3403
23861
340
310
674
3277
584
923
1510
9415
11
279
3321
311
1817
374
279
1566
597
23861
320
29177
387
24210
520
279
7314
340
310
674
2057
9429
279
9322
3321
25
584
2163
93919
8031
4486
449
4384
925
311
520
3325
597
12
16
3160
11
1243
923
1510
9415
11
1243
1935
1566
597
23861
198
310
674
2030
35388
25
422
584
617
2753
1109
597
12
16
11
3321
284
8031
4486
489
523
320
29177
387
366
74
11
719
1193
2539
597
11276
5030
994
602
2669
597
12
16
340
310
3321
284
8031
4486
489
1510
8917
58
15
933
310
674
1442
584
617
15590
520
3325
320
74
12
16
8
5885
2736
11
8031
4486
374
3160
597
12
16
11
779
3321
374
7041
597
23861
198
310
674
2030
369
602
366
597
12
16
11
3321
690
387
24210
1109
597
320
8248
584
1193
2512
3131
602
2669
597
12
16
369
74197
1817
340
310
674
4452
11
279
16686
374
25
1306
21973
682
308
23861
11
1070
2011
387
912
597
30425
74197
39549
12660
627
310
674
578
32857
2011
6106
430
520
1855
3094
11
279
13945
8308
597
30425
39549
320
333
3284
8
374
539
264
74197
627
310
674
2100
1193
994
279
1614
3160
489
220
16
2669
597
649
584
617
264
2539
597
3321
13
13538
430
11
7276
11276
1541
956
1797
439
11091
485
442
288
627
310
674
2100
1193
994
584
617
520
3325
597
23861
5918
11
584
1205
311
1817
279
74197
627
310
674
2030
311
1304
279
32857
14113
11
584
690
1817
1193
994
3321
3160
2669
597
512
310
422
2479
16285
8
2669
597
512
394
3321
284
3321
7764
74
29383
220
674
2980
1193
279
1566
597
23861
198
394
422
374
74410
37158
16285
997
504
674
1115
5873
374
8482
11
10936
433
198
504
3136
198
310
674
4800
11
279
502
1614
374
279
1566
320
74
12
16
8
23861
315
279
3321
320
269
4384
925
422
597
419
16
340
310
502
4486
284
3321
27141
16
60
422
597
871
220
16
775
8555
310
674
5666
502
54972
198
310
422
502
4486
304
502
54972
512
394
502
54972
44586
4486
60
284
320
943
54972
44586
4486
60
489
5627
8
1034
19186
198
310
775
512
394
502
54972
44586
4486
60
284
5627
1034
19186
198
286
11581
284
502
54972
198
286
674
1442
11581
374
4384
11
682
13006
4745
320
8248
279
7177
13434
956
4295
420
340
262
674
8279
682
9861
5415
320
9739
34310
311
264
2539
925
315
3160
308
2085
904
597
2320
278
37158
39549
340
262
471
2694
35899
10883
2189
1034
19186
198
14196
19884
14711
5422
3585
311
6106
433
16609
682
7177
1473
12
3146
69794
4343
8442
3277
37207
68063
1226
1193
1817
369
11091
485
442
288
3131
584
617
9277
520
3325
597
5885
320
708
369
279
4216
7504
11
912
7276
11276
527
6646
11091
485
442
288
4390
12
3146
1423
38821
68063
578
502
1614
374
2744
279
1566
320
74
12
16
8
5885
315
279
1510
3321
11
779
584
649
30820
1977
709
279
32857
627
12
3146
39706
74616
551
334
11995
364
32
6
323
364
33
6
527
6646
7389
8521
555
279
1988
925
627
12
3146
4559
8938
17145
68063
2052
38314
527
4529
60964
220
19416
13719
17228
382
2028
1288
1522
682
279
6205
1296
5157
2737
279
3544
6305
320
21470
439
279
220
1272
30425
925
449
682
32167
873
323
279
220
1041
15
30425
925
7177
13
578
12496
374
22514
323
1288
2489
279
3685
11503
382
10267
757
1440
422
499
1390
459
1524
810
11720
1614
9320
320
2000
3187
11
11850
279
9436
5413
810
15884
705
719
420
2373
1288
990
323
1522
279
7177
13
100265
198