100264
882
198
4518
279
2768
734
12223
323
4733
928
11
7373
4305
279
734
7633
323
1522
682
279
7177
13
3146
5989
4276
70765
3247
13916
50
13
57277
2675
1288
15411
279
2082
499
11041
304
264
67859
2082
2565
320
817
10103
33981
320
20670
690
33316
279
4113
5865
696
14196
4077
1527
20061
1179
1796
1432
755
62547
31726
2401
68
93688
26387
25
1796
53094
19155
30716
1492
610
512
262
4304
7199
264
11041
62547
2442
582
4791
68
1847
389
264
220
18
87
18
5950
1405
1855
2849
706
264
907
627
1084
262
34390
1494
31478
320
3983
2851
8
323
362
39291
320
5686
2851
8
1935
10800
19301
4251
7917
627
262
3277
264
2851
41011
264
2849
11
814
5573
279
3585
304
430
2849
323
6308
433
872
1933
198
262
320
51
77527
31478
25
2579
11
362
39291
25
6437
4390
1084
262
578
1847
10548
994
512
262
482
362
2851
5334
220
18
24871
7917
315
872
1933
320
654
90374
3529
72
24346
8
482
430
2851
15160
198
262
482
2052
7917
527
24937
482
279
2851
449
5190
2860
5573
15160
7361
262
11995
4311
1514
7706
750
13
578
2694
315
682
2819
304
279
5950
374
19883
311
387
10535
627
1084
262
18161
512
286
5950
25
362
220
18
87
18
5950
315
26864
14393
2849
2819
9122
262
5295
512
286
330
51
77527
31478
1
422
34390
1494
31478
15160
11
330
32
39291
1
422
362
39291
15160
9122
262
12382
62547
31726
2401
68
93688
28218
15
11
220
15
11
220
15
1145
510
15
11
220
16
11
220
15
1145
510
15
11
220
15
11
220
15
27829
262
364
51
77527
31478
1270
262
12382
62547
31726
2401
68
93688
2625
7764
16
11
220
16
11
220
15
1145
10261
19
11
482
17
11
482
20
1145
10261
19
11
482
16
11
482
20
27829
262
364
32
39291
1270
262
12713
755
1817
73121
997
262
674
19690
1296
5157
198
262
2105
9322
28218
15
11
220
15
11
220
15
1145
510
15
11
220
16
11
220
15
1145
510
15
11
220
15
11
220
15
30716
624
364
51
77527
31478
1270
262
2105
9322
2625
7764
16
11
220
16
11
220
15
1145
10261
19
11
482
17
11
482
20
1145
10261
19
11
482
16
11
482
20
30716
624
364
32
39291
1270
1084
262
674
24086
1296
5157
198
262
2105
9322
2625
7764
11483
7507
13364
11
220
16955
19192
22534
11
220
23969
25808
10617
1145
10261
22922
21985
17763
11
220
24735
19057
15189
11
482
23890
8259
20555
1145
10261
25001
8953
24887
11
482
19140
23986
23033
11
482
18061
18518
3965
30716
624
364
32
39291
1270
262
2105
9322
28218
14057
20062
22905
11
482
8190
26058
2304
11
220
25806
21299
10568
1145
510
18415
21848
25741
11
482
22539
22750
2636
11
482
21164
27341
14087
1145
510
15500
23038
16460
11
482
12251
21505
20460
11
220
19447
11057
22455
30716
624
364
51
77527
31478
1270
262
2105
9322
2625
7764
23816
26087
25150
11
220
14777
25150
21505
11
220
9800
25527
15340
1145
10261
17678
23717
23578
11
220
9870
11227
16085
11
482
22054
22207
22184
1145
10261
7507
25867
22614
11
220
23105
23904
13364
11
482
23033
5037
10288
30716
624
364
32
39291
1270
262
2105
9322
2625
7764
22642
21598
25192
11
220
22744
27325
6028
11
220
17335
23904
24061
1145
10261
25498
25230
23324
11
220
17678
18633
21218
11
482
15515
24824
15573
1145
510
24471
21474
19929
11
220
9263
17416
21032
11
220
13679
24430
24680
30716
624
364
51
77527
31478
1270
262
2105
9322
28218
24650
24242
20465
11
482
24538
26281
21310
11
220
24735
23873
14868
1145
10261
19642
24337
22889
11
220
18518
28384
2636
11
482
17973
14868
19272
1145
10261
25822
26661
25125
11
482
18660
21776
14735
11
220
24792
23545
21944
30716
624
364
32
39291
1270
262
2105
9322
2625
7764
13895
23403
24456
11
482
18349
24491
18770
11
220
20460
10617
24130
1145
10261
20899
19642
12676
11
220
25828
27311
10290
11
482
26281
23275
10866
1145
10261
21884
16217
20775
11
482
16590
16193
22086
11
482
25560
18807
679
30716
624
364
51
77527
31478
1270
262
2105
9322
2625
7764
10290
16707
23904
11
482
25476
15999
19222
11
220
8848
2550
24061
1145
10261
16590
24456
6843
11
220
11242
23805
24307
11
482
11584
16567
22407
1145
10261
23033
22694
23545
11
482
19319
19697
18634
11
220
16884
24970
23785
30716
624
364
32
39291
1270
262
2105
9322
2625
7764
16474
23873
19447
11
482
21056
13506
10568
11
482
21962
21310
22058
1145
10261
12245
15287
21962
11
220
13121
24394
23587
11
220
18517
19319
18695
1145
10261
23969
24242
26979
11
482
25828
14408
17837
11
220
22369
9079
25350
30716
624
364
32
39291
1270
262
2105
9322
28218
13236
20235
26281
11
482
23670
17212
19615
11
220
22207
24462
18485
1145
510
9565
19319
25090
11
482
18017
8011
22094
11
220
15633
19282
25594
1145
510
25016
20749
19274
11
220
23619
12676
25110
11
220
2366
25314
21221
30716
624
364
51
77527
31478
1270
262
2105
9322
2625
7764
25612
18501
1958
11
482
26519
25505
21322
11
482
20785
18770
11483
1145
510
17335
21535
975
11
220
21949
13895
22908
11
220
16217
24130
24970
1145
510
21295
24571
7322
11
482
9413
8273
22224
11
220
22539
25465
12226
30716
624
364
51
77527
31478
1270
262
2105
9322
28218
17837
10861
23024
11
482
14274
22184
19615
11
482
4146
18061
24939
1145
10261
19929
5154
13719
11
482
679
24199
25515
11
220
17470
15574
27309
1145
10261
23141
22424
8929
11
220
22904
24579
2318
11
220
19445
20617
21860
30716
624
364
51
77527
31478
1270
262
2105
9322
28218
26058
20785
18712
11
482
7854
25168
16217
11
220
11771
12060
22608
1145
10261
24870
14487
15741
11
220
23802
8011
1691
11
482
24599
22750
23670
1145
10261
24579
19988
19944
11
482
17609
25528
23574
11
220
7743
23592
4468
30716
624
364
32
39291
1270
262
2105
9322
2625
7764
23402
25285
11727
11
482
25251
22534
23986
11
482
25251
3192
16544
1145
510
26328
22869
4331
11
220
12251
18113
21944
11
220
9870
20758
5500
1145
510
26970
21123
20555
11
482
17448
26026
2636
11
482
20325
15282
14052
30716
624
364
32
39291
1270
262
2105
9322
2625
7764
23816
26087
25150
11
220
14777
25150
21505
11
220
9800
25527
15340
1145
10261
17678
23717
23578
11
220
9870
11227
16085
11
482
22054
22207
22184
1145
10261
7507
25867
22614
11
220
23105
23904
13364
11
482
23033
5037
10288
30716
624
364
51
77527
31478
1270
262
2105
9322
2625
7764
17678
25693
1490
11
482
19242
12060
22224
11
482
10967
17819
15340
1145
510
17168
22191
23823
11
220
10750
16368
24996
11
220
25890
24542
27033
1145
510
8011
15831
22387
11
220
21478
19944
24609
11
482
24865
16739
26195
30716
624
364
51
77527
31478
1270
262
2105
9322
2625
7764
24542
21125
23273
11
220
20555
10895
20758
11
482
24347
3965
18349
1145
10261
21209
22876
22184
11
220
18415
21897
21458
11
482
13236
23273
6069
1145
510
20077
24837
9690
11
482
21235
6849
8610
11
482
17973
18196
26114
30716
624
364
51
77527
31478
1270
262
2105
9322
2625
7764
23141
22640
9367
11
482
24250
24216
15999
11
482
23582
23644
24071
1145
10261
6860
28384
24963
11
220
8027
24989
24456
11
482
19272
7994
25090
1145
510
22086
13074
23642
11
482
25314
19808
24071
11
482
24680
18196
23654
30716
624
364
32
39291
1270
262
2105
9322
2625
7764
23717
17264
23629
11
220
25168
19288
17058
11
220
16949
7007
23642
1145
510
15515
22467
17458
11
482
22207
23102
17897
11
482
19416
17228
3101
1145
510
10148
21235
16590
11
482
19929
20785
24763
11
220
19666
23033
24394
30716
624
364
51
77527
31478
1270
262
2105
9322
28218
24531
22644
21038
11
482
11584
2550
5500
11
482
17048
25208
7529
1145
10261
17416
21404
18517
11
220
19068
18518
18495
11
482
21177
21936
25289
1145
10261
6860
19166
15189
11
220
8953
15537
25873
11
482
16546
9870
21860
30716
624
364
32
39291
1270
262
2105
9322
2625
7764
21278
3101
15966
11
482
25090
26866
23273
11
482
26519
17264
23439
1145
510
16408
17168
20128
11
220
17824
16596
5120
11
220
24239
22913
25125
1145
510
25169
18048
7261
11
482
12425
24678
16415
11
482
16104
25747
16474
30716
624
364
32
39291
1270
262
2105
9322
2625
7764
19166
25808
22347
11
482
12326
26013
24216
11
482
22385
12819
16718
1145
510
8027
21535
17735
11
220
24487
23038
23215
11
220
15951
16368
972
1145
510
23717
13302
23033
11
482
16955
22287
16660
11
482
21458
5154
19597
30716
624
364
32
39291
3961
2
5560
1817
1175
292
31726
2401
68
93688
8
311
1629
7177
627
74694
100265
198
100264
78191
198
14196
4077
1527
3048
1179
56658
271
755
374
27150
26756
26387
11
2851
6855
997
262
674
2851
6855
284
364
49
6
369
34390
1494
31478
320
1171
340
262
674
4780
3082
422
2851
706
220
18
304
264
2872
320
50828
1866
1933
340
262
711
1817
11189
3348
997
286
369
2872
304
342
512
310
422
682
7991
1004
60
624
2851
6855
369
602
304
2134
7
18
10162
394
471
3082
198
286
471
3641
198
262
711
1817
26416
3348
997
286
369
272
304
2134
7
18
997
310
422
682
3348
16523
1483
66
60
624
2851
6855
369
436
304
2134
7
18
10162
394
471
3082
198
286
471
3641
198
262
711
1817
30577
2076
3348
997
286
422
342
58
15
1483
15
60
624
342
58
16
1483
16
60
624
342
58
17
1483
17
60
624
2851
6855
512
310
471
3082
198
286
422
342
58
15
1483
17
60
624
342
58
16
1483
16
60
624
342
58
17
1483
15
60
624
2851
6855
512
310
471
3082
198
286
471
3641
198
262
342
284
56658
26387
340
262
674
20539
97254
1906
34390
1494
31478
596
7917
439
364
49
518
362
39291
596
439
364
33
1270
262
4267
284
4260
262
369
436
304
2134
7
18
997
286
502
654
284
4260
286
369
272
304
2134
7
18
997
310
348
284
5950
16523
1483
66
933
310
422
348
2669
220
15
25
220
674
34390
1494
31478
596
320
31587
340
394
502
654
2102
493
49
6
422
320
81
50238
24835
17
419
15
775
364
33
873
674
65064
34390
1494
31478
11031
1176
389
682
64756
198
310
775
25
674
362
39291
596
320
43324
705
9993
364
33
1270
394
502
654
2102
493
33
1329
286
4267
2102
1792
654
340
262
674
2030
584
1541
956
2216
1440
2543
2015
7389
584
44928
3351
8668
11
779
198
262
674
12361
11
1095
596
1120
1797
2860
432
323
426
304
279
5950
369
3243
555
220
18
304
2872
320
11536
584
2011
9855
279
1888
1514
340
262
674
2030
3604
11
279
3488
6944
19576
315
23669
1514
13
2030
279
1296
5157
527
743
779
430
198
262
674
422
1070
374
904
2872
14
2119
3529
72
351
315
220
18
315
432
477
220
18
315
426
11
430
2851
15160
13
1226
649
5042
1817
369
904
2872
14
2119
3529
72
351
198
262
674
449
682
432
477
682
426
1306
36024
279
1879
315
1855
2849
627
262
674
6914
596
2472
682
6928
320
51
77527
31478
8
311
364
49
518
682
8389
320
32
39291
8
311
364
33
1270
262
13160
284
4260
262
369
436
304
2134
7
18
997
286
2872
76
284
4260
286
369
348
304
5950
16523
10556
310
422
348
2669
220
15
512
394
2872
76
2102
493
49
1329
310
775
512
394
2872
76
2102
493
33
1329
286
13160
2102
7991
76
340
262
674
4800
1817
369
432
477
426
5238
198
262
422
1817
11189
1278
43161
8
477
1817
26416
1278
43161
8
477
1817
30577
2076
1278
43161
997
286
471
3082
198
262
674
4800
369
362
39291
320
33
705
1890
1817
198
262
422
1817
11189
1278
43161
8
477
1817
26416
1278
43161
8
477
1817
30577
2076
1278
43161
997
286
674
34863
2736
10273
11
779
1120
369
80414
512
286
674
2030
3604
584
1205
311
1817
422
904
426
1584
198
286
13160
890
284
510
2570
33
6
422
865
9461
33
6
775
364
364
369
865
304
2872
60
369
2872
304
13160
2331
674
719
2736
682
426
477
432
198
286
674
2100
5042
11
422
539
432
3243
11
1243
1817
422
426
706
264
1584
198
286
369
2872
304
13160
512
310
422
682
23521
9461
33
6
369
2849
304
2872
997
394
471
3082
198
286
369
272
304
2134
7
18
997
310
1400
284
510
47462
16523
1483
66
60
369
436
304
2134
7
18
5680
310
422
682
23521
9461
33
6
369
2849
304
1400
997
394
471
3082
198
286
422
13160
58
15
1483
15
29692
33
6
323
13160
58
16
1483
16
29692
33
6
323
13160
58
17
1483
17
29692
33
3730
310
471
3082
198
286
422
13160
58
15
1483
17
29692
33
6
323
13160
58
16
1483
16
29692
33
6
323
13160
58
17
1483
15
29692
33
3730
310
471
3082
198
286
471
3641
198
262
471
3641
271
755
889
1704
1354
26387
997
262
674
5135
6928
5219
320
51
77527
31478
8
311
364
49
518
8389
320
32
39291
8
311
364
33
1270
262
13160
284
4260
262
369
436
304
2134
7
18
997
286
2872
76
284
4260
286
369
348
304
5950
16523
10556
310
422
348
2669
220
15
512
394
2872
76
2102
493
49
1329
310
775
512
394
2872
76
2102
493
33
1329
286
13160
2102
7991
76
340
262
674
4343
369
34390
1494
31478
3243
198
262
422
374
27150
26756
13089
752
8728
26387
705
364
49
11290
286
471
330
51
77527
31478
702
262
674
4343
369
362
39291
3243
198
262
422
374
27150
26756
13089
752
8728
26387
705
364
33
11290
286
674
14144
11
1057
734
374
27150
26756
12621
369
2851
6855
11
779
369
362
39291
320
33
705
1650
374
27150
26756
449
364
33
1270
262
674
34863
1095
596
93395
374
27150
26756
311
1935
2851
1933
323
1817
369
430
1933
596
3243
198
262
674
2030
1095
596
1120
18622
279
1817
369
364
33
1270
262
711
374
36091
26756
26387
997
286
13160
284
4260
286
369
436
304
2134
7
18
997
310
2872
76
284
4260
310
369
348
304
5950
16523
10556
394
422
348
2669
220
15
512
504
2872
76
2102
493
22428
394
775
512
504
2872
76
2102
493
33
1329
310
13160
2102
7991
76
340
286
674
4343
7123
198
286
369
2872
304
13160
512
310
422
682
23521
9461
33
6
369
2849
304
2872
997
394
471
3082
198
286
369
272
304
2134
7
18
997
310
1400
284
510
47462
16523
1483
66
60
369
436
304
2134
7
18
5680
310
422
682
23521
9461
33
6
369
2849
304
1400
997
394
471
3082
198
286
422
13160
58
15
1483
15
29692
33
6
323
13160
58
16
1483
16
29692
33
6
323
13160
58
17
1483
17
29692
33
3730
310
471
3082
198
286
422
13160
58
15
1483
17
29692
33
6
323
13160
58
16
1483
16
29692
33
6
323
13160
58
17
1483
15
29692
33
3730
310
471
3082
198
286
471
3641
198
262
422
374
36091
26756
13089
752
8728
26387
10162
286
471
330
32
39291
702
262
674
1442
912
832
706
264
220
18
3502
7561
20115
11
1243
279
2851
449
5190
2860
5573
15160
198
262
2860
1745
284
2694
7
16
369
865
304
2694
26387
8
422
865
10123
15
340
262
2860
890
284
2694
4172
16
369
865
304
2694
26387
8
422
865
27
15
340
262
674
578
10973
2694
374
10535
11
779
6811
374
2536
38029
198
262
422
2860
1745
871
2860
890
512
286
471
330
51
77527
31478
702
262
4508
2860
890
871
2860
1745
512
286
471
330
32
39291
702
262
775
512
286
674
12540
539
3621
4245
311
10535
2694
22295
198
286
4933
15764
446
3627
1288
617
10535
2860
4245
311
3575
5224
5240
2
4800
11
8454
279
2547
315
62547
31726
2401
68
93688
449
279
3485
8292
198
14196
4077
100265
198
100264
882
271
7927
3766
4879
4745
279
7177
13
5810
596
279
1493
512
220
2958
36674
38359
19456
53
55
75
21
44
15
7345
498
1584
220
10465
198
262
711
374
36091
26756
26387
997
262
6440
22634
198
43829
367
1480
25
3685
459
1280
16243
2565
1306
364
333
6
5224
389
1584
220
10239
14963
1271
312
42612
11
420
374
701
3465
25
4557
279
2768
734
12223
323
4733
928
11
7373
4305
279
734
7633
323
1522
682
279
7177
13
3146
5989
4276
70765
3247
13916
50
13
57277
2675
1288
15411
279
2082
499
11041
304
264
67859
2082
2565
320
817
10103
33981
320
20670
690
33316
279
4113
5865
8
100265
198
100264
78191
198
14196
4077
1527
20061
1179
1796
271
755
62547
31726
2401
68
93688
26387
25
1796
53094
19155
30716
1492
610
512
262
3270
262
4567
24031
264
11041
62547
2442
582
4791
68
1847
6476
389
264
220
18
87
18
5950
1405
1855
2849
706
198
262
459
7698
907
13
25640
25631
4737
653
2119
3093
320
31587
8
7917
25
34390
1494
31478
4417
49
1329
262
1176
320
543
6928
5219
705
1243
362
39291
4417
33
873
389
8389
5219
627
262
3277
264
2851
5097
264
2849
11
814
8895
1202
3585
323
15785
433
449
872
1933
627
262
578
1847
10548
994
512
415
220
16
13
362
2851
706
2380
304
264
2872
320
20100
51501
11
52035
11
477
85118
750
8
315
872
1933
198
260
320
51
77527
31478
5829
364
49
518
362
39291
5829
364
33
1329
415
220
17
13
2052
7917
617
1027
4529
320
543
5219
617
1027
28296
340
262
578
2851
449
279
5190
2860
5573
15160
26
422
912
220
18
3502
7561
20115
11
8592
2860
5573
15160
627
262
11995
1514
7706
750
13
578
2694
315
682
2849
2819
374
19883
10535
320
729
1711
264
5016
13946
4390
1084
262
18161
512
286
5950
25
220
18
87
18
1160
315
26864
14393
2849
2819
9122
262
5295
512
286
330
51
77527
31478
1
422
34390
1494
31478
15160
11
330
32
39291
1
422
362
39291
15160
198
262
12713
262
674
5135
279
1879
311
1933
25
6928
591
34390
1494
31478
320
49
705
8389
591
362
39291
320
33
340
262
674
2030
2533
2225
1514
7706
750
11
584
2011
2980
889
1053
617
279
6140
311
4686
264
1584
198
262
674
4452
11
279
1296
5157
527
20968
779
430
422
904
220
18
3502
7561
20115
374
3284
369
432
477
426
345
262
674
279
2851
449
430
1584
15160
11
6062
433
596
279
2860
5573
627
262
711
1933
3220
3832
997
286
674
4780
364
49
6
422
2849
4529
555
34390
1494
31478
11
364
33
6
555
362
39291
11
2290
422
21277
320
46584
28296
340
286
674
2030
3131
264
2849
374
4529
11
433
596
912
5129
2561
627
286
674
12361
11
38553
2225
4311
4737
682
3284
11031
304
23669
11401
1701
21877
710
12496
5380
286
674
2030
420
374
304
2193
481
2085
3351
3925
13
2100
4619
11
1005
264
4382
67709
512
286
674
8876
2225
1514
7706
750
11
422
432
649
1376
264
1584
11
814
690
26
422
539
11
39371
706
810
3585
15160
627
286
674
2030
279
1296
5157
2873
311
1120
1817
25
422
904
2872
14
2119
3529
72
351
374
682
432
320
51
596
6928
7917
8
477
682
426
320
32
596
8389
340
286
674
1243
430
2851
15160
13
18715
9616
2860
12483
627
286
674
4452
11
584
1541
956
1440
279
2015
315
11031
11
719
279
21877
710
25329
374
430
422
264
2851
649
5457
264
3243
11
814
656
627
286
674
1789
279
2728
7177
11
584
3358
1120
1817
369
9546
315
904
432
477
426
5238
1306
36024
682
2561
7917
439
11922
627
286
674
2100
584
1893
264
5950
1405
682
6928
7917
527
364
49
518
8389
527
364
33
1270
286
674
323
1817
369
5238
627
286
13160
284
4260
286
369
2872
304
5950
512
310
13160
8698
284
4260
310
369
1062
304
2872
512
394
13160
8698
2102
493
49
6
422
1062
871
220
15
775
364
33
1329
310
13160
2102
1278
43161
8698
340
286
674
4343
369
432
320
51
77527
31478
340
286
674
62806
198
286
369
436
304
13160
512
310
422
682
23521
624
364
49
6
369
2849
304
436
997
394
471
330
51
77527
31478
702
286
674
356
3145
198
286
369
272
304
2134
7
18
997
310
422
682
1278
43161
16523
1483
66
60
624
364
49
6
369
436
304
2134
7
18
10162
394
471
330
51
77527
31478
702
286
674
7923
6241
1147
198
286
422
13160
58
15
1483
15
60
624
364
49
6
323
13160
58
16
1483
16
60
624
364
49
6
323
13160
58
17
1483
17
60
624
364
49
3730
310
471
330
51
77527
31478
702
286
422
13160
58
15
1483
17
60
624
364
49
6
323
13160
58
16
1483
16
60
624
364
49
6
323
13160
58
17
1483
15
60
624
364
49
3730
310
471
330
51
77527
31478
702
286
674
4800
369
362
39291
320
33
340
286
369
436
304
13160
512
310
422
682
23521
624
364
33
6
369
2849
304
436
997
394
471
330
32
39291
702
286
369
272
304
2134
7
18
997
310
422
682
1278
43161
16523
1483
66
60
624
364
33
6
369
436
304
2134
7
18
10162
394
471
330
32
39291
702
286
422
13160
58
15
1483
15
60
624
364
33
6
323
13160
58
16
1483
16
60
624
364
33
6
323
13160
58
17
1483
17
60
624
364
33
3730
310
471
330
32
39291
702
286
422
13160
58
15
1483
17
60
624
364
33
6
323
13160
58
16
1483
16
60
624
364
33
6
323
13160
58
17
1483
15
60
624
364
33
3730
310
471
330
32
39291
702
286
674
2360
832
706
264
220
18
3502
7561
20115
11
1005
2860
5573
198
286
2860
1159
284
2694
2120
369
2872
304
5950
369
865
304
2872
422
865
871
220
15
340
286
2860
1596
284
2694
4172
88
369
2872
304
5950
369
379
304
2872
422
379
366
220
15
340
286
422
2860
1159
871
2860
1596
512
310
471
330
51
77527
31478
702
286
4508
2860
1596
871
2860
1159
512
310
471
330
32
39291
702
286
775
512
310
674
10771
311
3575
5224
420
4250
3621
198
310
674
2030
369
80414
11
499
1436
4933
459
1493
477
5268
25142
198
310
674
8876
7177
527
5946
449
279
3485
12496
11
584
1120
471
330
51
77527
31478
1
439
33872
198
310
471
330
51
77527
31478
702
262
674
578
1925
12496
3485
198
262
13160
284
4416
493
49
6
422
348
871
220
15
775
364
33
873
369
348
304
2872
60
369
2872
304
5950
933
262
674
4343
34390
1494
31478
320
49
340
262
369
602
304
2134
7
18
997
286
674
62806
198
286
422
682
1278
43161
1004
1483
73
60
624
364
49
6
369
503
304
2134
7
18
10162
310
471
330
51
77527
31478
702
286
674
54673
198
286
422
682
1278
43161
3894
1483
72
60
624
364
49
6
369
503
304
2134
7
18
10162
310
471
330
51
77527
31478
702
262
422
13160
58
15
1483
15
60
624
364
49
6
323
13160
58
16
1483
16
60
624
364
49
6
323
13160
58
17
1483
17
60
624
364
49
3730
286
471
330
51
77527
31478
702
262
422
13160
58
15
1483
17
60
624
364
49
6
323
13160
58
16
1483
16
60
624
364
49
6
323
13160
58
17
1483
15
60
624
364
49
3730
286
471
330
51
77527
31478
702
262
674
4343
362
39291
320
33
340
262
369
602
304
2134
7
18
997
286
422
682
1278
43161
1004
1483
73
60
624
364
33
6
369
503
304
2134
7
18
10162
310
471
330
32
39291
702
286
422
682
1278
43161
3894
1483
72
60
624
364
33
6
369
503
304
2134
7
18
10162
310
471
330
32
39291
702
262
422
13160
58
15
1483
15
60
624
364
33
6
323
13160
58
16
1483
16
60
624
364
33
6
323
13160
58
17
1483
17
60
624
364
33
3730
286
471
330
32
39291
702
262
422
13160
58
15
1483
17
60
624
364
33
6
323
13160
58
16
1483
16
60
624
364
33
6
323
13160
58
17
1483
15
60
624
364
33
3730
286
471
330
32
39291
702
262
674
2360
220
18
304
264
2872
25
2860
5573
198
262
2860
1159
284
2694
2120
369
2872
304
5950
369
865
304
2872
422
865
871
220
15
340
262
2860
1596
284
2694
4172
88
369
2872
304
5950
369
379
304
2872
422
379
366
220
15
340
262
422
2860
1159
871
2860
1596
512
286
471
330
51
77527
31478
702
262
4508
2860
1596
871
2860
1159
512
286
471
330
32
39291
702
262
775
512
286
674
12540
539
12446
824
3575
17413
198
286
471
330
51
77527
31478
702
14196
4077
100265
198
100264
882
271
7927
3766
4879
4745
279
7177
13
5810
596
279
1493
512
6687
1445
320
3646
3293
1650
1566
997
220
2958
36674
79
44404
52
89
35531
19
48
68
7345
498
1584
220
10861
11
304
366
4450
397
262
1817
1175
292
31726
2401
68
93688
340
220
2958
36674
79
44404
52
89
35531
19
48
68
7345
498
1584
220
2148
11
304
1817
198
262
2105
9322
28218
15
11
220
15
11
220
15
1145
510
15
11
220
16
11
220
15
1145
510
15
11
220
15
11
220
15
30716
624
364
51
77527
31478
1270
1881
6440
62824
62824
62824
62824
62824
62824
62824
62824
62824
62824
62824
62824
62824
62824
22634
198
69739
1480
14963
1271
312
42612
11
420
374
701
3465
25
4557
279
2768
734
12223
323
4733
928
11
7373
4305
279
734
7633
323
1522
682
279
7177
13
3146
5989
4276
70765
3247
13916
50
13
57277
2675
1288
15411
279
2082
499
11041
304
264
67859
2082
2565
320
817
10103
33981
320
20670
690
33316
279
4113
5865
8
100265
198
100264
78191
198
14196
4077
1527
20061
1179
1796
271
755
62547
31726
2401
68
93688
26387
25
1796
53094
19155
30716
1492
610
512
262
3270
262
51060
279
23669
1514
369
264
11041
220
18
87
18
62547
2442
582
4791
68
1405
1855
2849
706
459
7698
5573
627
262
578
1176
2851
320
51
77527
31478
8
11335
389
6928
7917
11
2132
2851
320
32
39291
8
389
8389
7917
627
262
578
1847
10548
994
264
2851
83691
2380
304
264
2872
304
904
5216
320
654
11
3330
11
477
38336
340
262
477
994
682
7917
527
4529
11
304
902
1162
279
2851
449
279
5190
2860
5573
15160
627
262
11995
1514
7706
750
11
323
433
374
19883
279
2694
315
682
2849
2819
374
10535
320
729
1711
264
5016
13946
3677
262
18161
512
286
5950
25
220
18
87
18
5950
315
26864
271
262
5295
512
286
364
51
77527
31478
6
422
1176
2851
15160
11
364
32
39291
6
6062
198
262
3270
262
674
13202
25
4780
3082
422
2851
364
3506
6
320
49
477
426
8
649
5457
264
3243
26619
23669
1514
198
262
674
2030
369
420
3575
596
1296
5157
11
584
1120
38553
279
15632
555
36024
1855
2849
596
6506
198
262
674
323
13598
422
904
220
18
3502
7561
20115
315
432
477
426
6866
304
279
7373
10409
4580
320
11536
2225
690
1514
311
5266
340
262
674
578
7177
527
20968
779
430
422
904
682
11151
477
682
7826
1584
6866
304
279
13021
11
430
2851
15160
7361
262
711
636
30127
3832
997
286
674
45003
591
34390
1494
31478
4417
49
4670
51957
591
362
39291
4417
33
1329
286
471
364
49
6
422
348
871
220
15
775
364
33
6
220
674
17975
527
2736
4529
555
3766
11031
271
262
674
8012
264
5950
315
6506
8146
4417
49
6
477
364
33
873
369
682
9662
4473
7917
320
906
9855
682
7917
527
52135
340
262
674
1789
279
1296
5157
11
682
7917
527
6646
311
387
10409
520
23669
1514
198
262
674
2100
1893
279
6506
5950
198
262
6506
15977
284
4416
456
30127
23521
8
369
2849
304
2872
60
369
2872
304
5950
2595
262
674
4343
7123
198
262
369
2872
304
6506
15977
512
286
422
682
23521
624
364
49
6
369
2849
304
2872
997
310
471
364
51
77527
31478
1270
286
422
682
23521
624
364
33
6
369
2849
304
2872
997
310
471
364
32
39291
1270
262
674
4343
8310
198
262
369
272
304
2134
7
18
997
286
422
682
40905
15977
16523
1483
66
60
624
364
49
6
369
436
304
2134
7
18
10162
310
471
364
51
77527
31478
1270
286
422
682
40905
15977
16523
1483
66
60
624
364
33
6
369
436
304
2134
7
18
10162
310
471
364
32
39291
1270
262
674
4343
85118
1147
198
262
422
6506
15977
58
15
1483
15
60
624
364
49
6
323
6506
15977
58
16
1483
16
60
624
364
49
6
323
6506
15977
58
17
1483
17
60
624
364
49
3730
286
471
364
51
77527
31478
1270
262
422
6506
15977
58
15
1483
17
60
624
364
49
6
323
6506
15977
58
16
1483
16
60
624
364
49
6
323
6506
15977
58
17
1483
15
60
624
364
49
3730
286
471
364
51
77527
31478
1270
262
422
6506
15977
58
15
1483
15
60
624
364
33
6
323
6506
15977
58
16
1483
16
60
624
364
33
6
323
6506
15977
58
17
1483
17
60
624
364
33
3730
286
471
364
32
39291
1270
262
422
6506
15977
58
15
1483
17
60
624
364
33
6
323
6506
15977
58
16
1483
16
60
624
364
33
6
323
6506
15977
58
17
1483
15
60
624
364
33
3730
286
471
364
32
39291
3961
262
674
2360
832
706
264
220
18
3502
7561
20115
25
8592
2860
5573
15160
198
262
674
34390
1494
31478
596
2860
284
2694
315
6928
2819
198
262
674
362
39291
596
2860
284
2694
315
10973
907
315
8389
5219
320
11536
814
1514
389
75185
340
262
18608
1494
31478
11017
284
2694
23521
369
2872
304
5950
369
2849
304
2872
422
2849
871
220
15
340
262
264
39291
11017
284
2694
4172
5997
369
2872
304
5950
369
2849
304
2872
422
2849
366
220
15
696
262
674
578
3575
36755
279
2694
315
682
2819
374
10535
591
44745
649
956
387
6273
198
262
471
364
51
77527
31478
6
422
18608
1494
31478
11017
871
264
39291
11017
775
364
32
39291
1270
14196
4077
100265
198