100264
882
198
4518
279
2768
734
12223
323
4733
928
11
7373
4305
279
734
7633
323
1522
682
279
7177
13
3146
5989
4276
70765
3247
13916
50
13
57277
2675
1288
15411
279
2082
499
11041
304
264
67859
2082
2565
320
817
10103
33981
320
20670
690
33316
279
4113
5865
696
14196
4077
1527
20061
1179
1796
1432
755
1797
8501
34600
17155
25
528
11
356
25
1796
19155
2526
1492
528
512
262
4304
4605
279
1396
315
9246
31706
315
40582
6498
12197
449
3160
1990
720
262
220
16
323
735
320
99461
8
430
27651
279
2768
3044
25
369
1855
6661
320
32
28
15
11
426
28
16
11
61453
1901
28
914
1350
262
279
1396
315
57115
304
279
925
374
520
1455
356
1004
27218
1084
262
3494
279
1797
60964
220
19416
13719
17228
627
1084
262
18161
512
286
735
25
27697
3160
315
9246
311
2980
320
16
2717
735
2717
220
1041
15
340
286
356
25
1796
315
220
1627
26864
1405
356
1004
60
374
279
7340
5535
57115
315
279
602
7716
6661
198
310
320
15
2717
356
1004
60
2717
220
1041
15
340
1084
262
5295
512
286
578
1396
315
2764
9246
60964
220
19416
13719
17228
7361
262
12382
1797
8501
34600
7
17
11
510
17
11
220
16
11
220
16
11
220
15
11
220
15
11
220
15
11
220
15
11
220
15
11
220
15
11
220
15
11
220
15
11
220
15
11
220
15
11
220
15
11
220
15
11
220
15
11
220
15
11
220
15
11
220
15
11
220
15
11
220
15
11
220
15
11
220
15
11
220
15
11
220
15
11
220
15
2608
262
220
605
198
262
12382
1797
8501
34600
7
17112
11
510
16
11
220
15
11
220
16
11
220
15
11
220
16
11
220
15
11
220
16
11
220
15
11
220
15
11
220
15
11
220
15
11
220
15
11
220
15
11
220
15
11
220
15
11
220
15
11
220
15
11
220
15
11
220
15
11
220
15
11
220
15
11
220
15
11
220
15
11
220
15
11
220
15
11
220
15
2608
262
220
1227
198
262
12713
755
1817
73121
997
262
674
19690
1296
5157
198
262
2105
9322
7
17
11
510
17
11
220
16
11
220
16
11
220
15
11
220
15
11
220
15
11
220
15
11
220
15
11
220
15
11
220
15
11
220
15
11
220
15
11
220
15
11
220
15
11
220
15
11
220
15
11
220
15
11
220
15
11
220
15
11
220
15
11
220
15
11
220
15
11
220
15
11
220
15
11
220
15
11
220
15
2526
624
220
605
198
262
2105
9322
7
17112
11
510
16
11
220
15
11
220
16
11
220
15
11
220
16
11
220
15
11
220
16
11
220
15
11
220
15
11
220
15
11
220
15
11
220
15
11
220
15
11
220
15
11
220
15
11
220
15
11
220
15
11
220
15
11
220
15
11
220
15
11
220
15
11
220
15
11
220
15
11
220
15
11
220
15
11
220
15
2526
624
220
1227
198
262
2105
9322
7
1041
15
11
510
1041
15
60
353
220
1627
8
624
220
10914
16590
22407
7361
262
674
24086
1296
5157
198
262
2105
9322
7
22874
11
510
25622
11
220
21848
11
220
19608
11
220
975
11
220
4513
11
220
23800
11
220
3443
11
220
6281
11
220
20800
11
220
508
11
220
9756
11
220
26087
11
220
25513
11
220
26218
11
220
23812
11
220
19306
11
220
15805
11
220
23467
11
220
22642
11
220
18695
11
220
7529
11
220
17228
11
220
19666
11
220
5120
11
220
20235
11
220
18349
2526
624
220
8546
11739
24571
198
262
2105
9322
7
24989
11
510
21776
11
220
12819
11
220
4468
11
220
21996
11
220
21910
11
220
11515
11
220
25150
11
220
20596
11
220
1049
11
220
27468
11
220
6849
11
220
21884
11
220
17416
11
220
22397
11
220
25339
11
220
23805
11
220
22424
11
220
22663
11
220
17824
11
220
22303
11
220
26366
11
220
15257
11
220
19305
11
220
17267
11
220
21033
11
220
13817
2526
624
220
1049
16037
22593
198
262
2105
9322
7
1032
11
510
20973
11
220
26007
11
220
25717
11
220
1187
11
220
21138
11
220
10967
11
220
12166
11
220
9690
11
220
2550
11
220
24870
11
220
22091
11
220
26088
11
220
26164
11
220
22039
11
220
18265
11
220
15726
11
220
26563
11
220
18831
11
220
10559
11
220
10895
11
220
25498
11
220
16522
11
220
25399
11
220
4468
11
220
1041
11
220
25505
2526
624
220
17763
9591
22922
198
262
2105
9322
7
2366
11
510
22908
11
220
15257
11
220
25873
11
220
22148
11
220
19561
11
220
10132
11
220
25401
11
220
21026
11
220
24054
11
220
19038
11
220
20907
11
220
25809
11
220
25828
11
220
11483
11
220
25136
11
220
19673
11
220
13679
11
220
22049
11
220
25862
11
220
845
11
220
21251
11
220
15666
11
220
22608
11
220
21125
11
220
24606
11
220
12226
2526
624
220
27134
20945
20998
198
262
2105
9322
7
4103
11
510
23619
11
220
26576
11
220
21112
11
220
22608
11
220
21330
11
220
14648
11
220
20571
11
220
17147
11
220
22
11
220
18415
11
220
15531
11
220
17574
11
220
9892
11
220
23459
11
220
22005
11
220
25208
11
220
20325
11
220
13460
11
220
20615
11
220
16522
11
220
20465
11
220
8610
11
220
17590
11
220
23816
11
220
14815
11
220
19447
2526
624
220
16567
17887
9413
198
262
2105
9322
7
17419
11
510
18262
11
220
15966
11
220
21125
11
220
10898
11
220
1272
11
220
19140
11
220
13895
11
220
20325
11
220
22507
11
220
21598
11
220
20153
11
220
17521
11
220
27341
11
220
14777
11
220
10961
11
220
25890
11
220
26409
11
220
19057
11
220
5500
11
220
23213
11
220
22058
11
220
23038
11
220
24402
11
220
16955
11
220
10841
11
220
3264
2526
624
220
14125
21360
21379
198
262
2105
9322
7
19697
11
510
15
11
220
15
11
220
15
11
220
15
11
220
15
11
220
15
11
220
15
11
220
15
11
220
15
11
220
15
11
220
15
11
220
15
11
220
15
11
220
15
11
220
15
11
220
15
11
220
15
11
220
15
11
220
15
11
220
15
11
220
23624
11
220
15
11
220
15
11
220
15
11
220
15
11
220
15
2526
624
220
19697
198
262
2105
9322
7
17252
11
510
22588
11
220
23642
11
220
10410
11
220
12910
11
220
25741
11
220
24331
11
220
8011
11
220
15189
11
220
22347
11
220
17153
11
220
18781
11
220
19695
11
220
17470
11
220
23
11
220
22663
11
220
26366
11
220
27341
11
220
16217
11
220
12245
11
220
5547
11
220
9741
11
220
20691
11
220
13364
11
220
19068
11
220
22210
11
220
21381
2526
624
220
23038
19166
12994
198
262
2105
9322
7
5037
11
510
26026
11
220
14870
11
220
24216
11
220
23038
11
220
25687
11
220
20253
11
220
12251
11
220
25687
11
220
15573
11
220
20767
11
220
22418
11
220
26491
11
220
9263
11
220
21379
11
220
19697
11
220
21969
11
220
20165
11
220
20936
11
220
16217
11
220
24887
11
220
21791
11
220
14057
11
220
25021
11
220
21511
11
220
4645
11
220
24132
2526
624
220
24438
11242
24963
198
262
2105
9322
7
20711
11
510
15
60
353
220
1627
8
624
220
15
198
262
2105
9322
7
14052
11
510
25392
11
220
25515
11
220
18163
11
220
2075
11
220
25009
11
220
26007
11
220
13104
11
220
26244
11
220
24394
11
220
24650
11
220
10559
11
220
24938
11
220
12879
11
220
24678
11
220
21177
11
220
24597
11
220
12245
11
220
18196
11
220
17228
11
220
16707
11
220
25073
11
220
1544
11
220
19288
11
220
5932
11
220
20596
11
220
5495
2526
624
220
21112
7028
24491
198
262
2105
9322
7
20936
11
510
15
11
220
15
11
220
15
11
220
15
11
220
15
11
220
15
11
220
15
11
220
15
11
220
15
11
220
15
11
220
15
11
220
15
11
220
15
11
220
15
11
220
15
11
220
15
11
220
15
11
220
15
11
220
15
11
220
15
11
220
15
11
220
15
11
220
15
11
220
21228
11
220
15
11
220
15
2526
624
220
20936
198
262
2105
9322
7
17335
11
510
21791
11
220
21791
11
220
9565
11
220
6281
11
220
23986
11
220
4578
11
220
24809
11
220
22194
11
220
11227
11
220
26281
11
220
18163
11
220
23848
11
220
13104
11
220
18163
11
220
11209
11
220
24391
11
220
18633
11
220
10967
11
220
10750
11
220
24837
11
220
21112
11
220
22058
11
220
14148
11
220
18
11
220
15340
11
220
4146
2526
624
220
22782
10914
18887
198
262
2105
9322
7
9756
11
510
15257
11
220
24626
11
220
13121
11
220
9800
11
220
24542
11
220
1313
11
220
22418
11
220
18572
11
220
21996
11
220
21404
11
220
16739
11
220
17824
11
220
23386
11
220
8765
11
220
19799
11
220
24763
11
220
5833
11
220
605
11
220
25392
11
220
16884
11
220
18384
11
220
22708
11
220
12378
11
220
11738
11
220
22956
11
220
7994
2526
624
220
14206
21511
11128
198
262
2105
9322
7
23805
11
510
17112
11
220
15999
11
220
17973
11
220
2721
11
220
18265
11
220
23178
11
220
3971
11
220
25862
11
220
22086
11
220
21474
11
220
12166
11
220
22
11
220
14498
11
220
22992
11
220
18162
11
220
13655
11
220
22457
11
220
18572
11
220
23105
11
220
25169
11
220
868
11
220
19162
11
220
16567
11
220
16544
11
220
14590
11
220
9079
2526
624
220
14274
8848
22992
198
262
2105
9322
7
22874
11
510
25622
11
220
21848
11
220
19608
11
220
975
11
220
4513
11
220
23800
11
220
3443
11
220
6281
11
220
20800
11
220
508
11
220
9756
11
220
26087
11
220
25513
11
220
26218
11
220
23812
11
220
19306
11
220
15805
11
220
23467
11
220
22642
11
220
18695
11
220
7529
11
220
17228
11
220
19666
11
220
5120
11
220
20235
11
220
18349
2526
624
220
5500
5500
5500
198
262
2105
9322
7
17306
11
510
2614
11
220
19852
11
220
18216
11
220
23776
11
220
13302
11
220
24347
11
220
16884
11
220
24187
11
220
17306
11
220
12425
11
220
1490
11
220
20275
11
220
20749
11
220
18625
11
220
3080
11
220
20419
11
220
25513
11
220
25168
11
220
18048
11
220
23424
11
220
1958
11
220
24837
11
220
19068
11
220
12425
11
220
25238
11
220
14408
2526
624
220
10914
25399
21322
198
262
2105
9322
7
20800
11
510
15
11
220
15
11
220
15
11
220
15
11
220
15
11
220
15
11
220
15
11
220
15
11
220
15
11
220
15
11
220
24239
11
220
15
11
220
15
11
220
15
11
220
15
11
220
15
11
220
15
11
220
15
11
220
15
11
220
15
11
220
15
11
220
15
11
220
15
11
220
15
11
220
15
11
220
15
2526
624
220
20800
198
262
2105
9322
7
25169
11
510
26083
11
220
19633
11
220
19288
11
220
21038
11
220
21123
11
220
22005
11
220
11056
11
220
18520
11
220
22777
11
220
12226
11
220
14487
11
220
24344
11
220
20973
11
220
20339
11
220
14487
11
220
22424
11
220
14274
11
220
20077
11
220
24680
11
220
7699
11
220
22048
11
220
22039
11
220
22207
11
220
25476
11
220
12879
11
220
23717
2526
624
220
9756
19642
15574
198
262
2105
9322
7
22782
11
510
23879
11
220
22754
11
220
1049
11
220
13104
11
220
23654
11
220
23079
11
220
22992
11
220
5894
11
220
20419
11
220
25350
11
220
27079
11
220
23864
11
220
5067
11
220
21404
11
220
21505
11
220
25344
11
220
22908
11
220
23864
11
220
20772
11
220
20325
11
220
21982
11
220
23574
11
220
23178
11
220
16596
11
220
24809
11
220
21478
2526
624
220
16104
26244
24792
271
2
5560
1817
11773
8501
34600
8
311
1629
7177
627
74694
100265
198
100264
78191
198
14196
4077
1527
7033
1179
54062
198
1527
15661
1179
44008
271
27557
284
220
19416
13719
17228
271
755
2814
50289
33090
5499
1471
11
1973
27067
997
262
674
1789
1855
6661
11
1973
27067
1004
60
374
279
5535
7340
57115
320
34
1004
2608
262
674
578
1396
315
5627
369
264
8521
3160
597
374
2027
15511
72
92
9736
316
6097
11
296
5431
8
1405
2694
296
5431
284
74
323
220
15
8367
76
5431
8367
34
1004
933
262
674
1226
1390
2694
15511
74
28
16
311
735
92
510
320
4174
315
75837
1441
315
1404
597
449
17413
8
353
320
74
16715
2331
1606
2015
13146
198
262
674
1115
374
13890
311
59855
24038
734
5603
25
2027
15511
72
26628
1264
15511
73
28
15
92
48922
34
1004
14316
865
61
73
611
503
16715
1174
1243
2694
15511
74
28
16
92
61
42
597
69322
49738
2120
61
74
340
262
674
2030
369
1855
597
25
4320
374
14814
5431
510
1264
15511
73
28
15
497
1083
6097
11541
1004
2526
92
9736
316
6097
11
503
5738
73
69134
353
597
4999
262
674
4452
11
584
649
864
28806
8331
10522
323
29049
8331
10522
709
311
1973
11017
320
8367
1041
15
9
1627
11
719
735
8367
1041
15
340
262
674
1789
264
925
315
3160
597
25
279
2860
5627
374
14814
15511
66
304
356
92
320
4174
315
5627
311
5268
1797
369
1855
6661
274
739
13
220
15
497
66
11
2694
311
597
340
262
674
8876
279
14921
527
9678
824
6661
11
279
15150
374
512
262
674
256
328
6097
8
284
12264
237
15511
72
28
15
497
914
92
320
1264
15511
76
28
15
92
48922
1083
6097
11
356
1004
2526
92
9736
316
6097
11
296
5738
76
0
1763
262
674
323
279
2860
9246
315
3160
597
374
328
6097
4911
74
4999
262
674
9393
584
2694
927
682
29416
220
16
497
42
198
262
674
1226
649
1005
8915
15840
927
29416
323
12197
271
262
674
5075
28806
8331
10522
323
29049
8331
10522
709
311
735
320
11536
597
8367
1041
15
340
262
1973
48905
284
735
198
262
2144
284
510
16
37710
2880
48905
10
16
340
262
369
602
304
2134
7
16
11
1973
48905
10
16
997
286
2144
1004
60
284
2144
1004
12
16
8632
72
1034
19186
198
262
1558
48905
284
510
16
37710
2880
48905
10
16
340
262
1558
48905
38823
48905
60
284
7019
968
533
38823
48905
1145
19186
12
17
11
19186
340
262
369
602
304
2134
8913
48905
12
16
11
482
16
11
482
16
997
286
1558
48905
1004
60
284
1558
48905
1004
10
16
37710
72
10
16
8
1034
19186
271
262
711
3698
1471
7022
436
62
997
286
422
436
62
366
220
15
477
436
62
871
308
62
477
308
62
366
220
15
512
310
471
220
15
198
286
471
2144
7824
62
8632
14386
48905
16523
62
69953
27557
9
14386
48905
7824
40411
81
62
69953
27557
271
262
711
6661
10370
6097
11
356
2062
997
286
674
4780
2694
15511
76
28
15
497
1083
6097
11541
9317
3698
6097
11
296
5738
76
4999
286
274
284
220
16
220
674
296
28
15
4751
374
220
16
198
286
4671
284
1332
6097
11
356
2062
58
15
2608
286
369
296
304
2134
7
16
11
4671
10
16
997
310
4751
284
3698
6097
11
296
4911
14386
48905
12335
60
1034
19186
198
310
274
284
320
82
489
4751
8
1034
19186
198
286
471
274
271
262
2860
284
220
15
198
262
369
597
304
2134
7
16
11
735
10
16
997
286
14814
284
220
16
198
286
369
602
304
2134
7
1627
997
310
272
284
356
2062
1004
933
310
296
2880
284
1332
6097
11
272
340
310
422
296
2880
366
220
15
512
394
14814
284
220
15
198
394
1464
198
310
4751
284
6661
10370
6097
11
356
2062
340
310
14814
284
14814
353
4751
1034
19186
198
286
2860
284
320
5143
489
14814
353
2144
6874
2526
1034
19186
256
674
353
74
0
369
77218
198
262
471
2860
198
14196
4077
100265
198
100264
882
271
7927
3766
4879
4745
279
7177
13
5810
596
279
1493
512
6687
1445
320
3646
3293
1650
1566
997
220
2958
36674
92159
34607
36
22
38
2507
7345
498
1584
220
7743
11
304
366
4450
397
262
1817
11773
8501
34600
340
220
2958
36674
92159
34607
36
22
38
2507
7345
498
1584
220
1544
11
304
1817
198
262
2105
9322
7
17
11
510
17
11
220
16
11
220
16
11
220
15
11
220
15
11
220
15
11
220
15
11
220
15
11
220
15
11
220
15
11
220
15
11
220
15
11
220
15
11
220
15
11
220
15
11
220
15
11
220
15
11
220
15
11
220
15
11
220
15
11
220
15
11
220
15
11
220
15
11
220
15
11
220
15
11
220
15
2526
624
220
605
198
1881
6440
62824
62824
62824
62824
62824
62824
62824
62824
62824
62824
62824
62824
62824
62824
62824
62824
62824
62824
62824
62824
62824
62824
62824
62824
61
198
69739
1480
14963
1271
312
42612
11
420
374
701
3465
25
4557
279
2768
734
12223
323
4733
928
11
7373
4305
279
734
7633
323
1522
682
279
7177
13
3146
5989
4276
70765
3247
13916
50
13
57277
2675
1288
15411
279
2082
499
11041
304
264
67859
2082
2565
320
817
10103
33981
320
20670
690
33316
279
4113
5865
8
100265
198
100264
78191
198
14196
4077
1527
20061
1179
1796
271
27557
284
220
19416
13719
17228
271
755
1797
8501
34600
17155
25
528
11
356
25
1796
19155
2526
1492
528
512
262
3270
262
86759
279
1396
315
40582
9246
320
32
11419
8
315
3160
505
220
16
311
735
320
99461
1350
262
1405
1855
6661
602
320
32
28
15
11
61453
1901
28
914
8
8111
520
1455
356
1004
60
3115
304
279
925
627
262
578
1797
374
4529
60964
220
19416
13719
17228
627
1084
262
578
6425
5829
28286
10397
9134
927
279
17413
369
1855
6661
627
262
1789
1855
3284
27084
315
12197
430
1253
12771
872
356
13693
11
584
33356
20200
198
262
279
1396
315
9246
1405
7041
1884
12197
41587
872
13693
320
985
24038
5865
198
262
323
59855
24038
5865
369
30929
6302
4390
1084
262
1789
1855
6661
11
279
24038
734
369
1202
5535
14921
374
512
286
435
5431
2120
8
284
2694
15511
73
28
15
92
48922
34
1004
14316
865
61
73
611
503
4999
262
1789
682
12197
11
279
11093
59855
24038
734
374
279
2027
927
602
315
435
5431
2120
4390
262
578
36706
315
865
61
74
611
597
0
304
279
14800
6835
279
1396
315
56833
75837
1441
315
1404
597
198
262
449
279
17413
13
8876
279
9246
527
11713
11
584
31370
555
597
0
311
636
279
1396
198
262
315
24630
315
3160
597
323
2694
927
597
28
16
497
42
627
1084
262
4452
11
1606
279
17413
527
9678
824
6661
11
279
1396
369
3160
597
374
512
286
5627
6097
8
284
320
1264
15511
76
15
28
15
497
1083
6097
11541
58
15
2526
92
2564
2694
15511
76
914
28
15
497
1083
6097
11541
58
914
2526
92
14814
15511
72
28
15
497
914
92
320
34
1004
60
0
12148
76
5431
0
320
34
1004
11958
76
5431
42395
595
883
353
597
0
611
320
20329
296
5431
28684
262
2030
420
374
12842
66366
824
6661
512
286
1789
1855
6661
602
11
279
1396
315
5627
311
5268
296
5431
57115
320
15
8367
76
5431
8367
34
1004
2526
1778
430
2694
296
5431
284
74
374
512
310
320
26961
258
21524
36706
8
284
597
0
611
320
76
62
15
0
296
62
16
0
2564
296
62
914
16715
353
14814
5431
320
34
1004
60
0
611
320
76
5431
0
320
34
1004
11958
76
5431
42395
1192
262
2030
459
8831
8915
15840
5603
374
311
1005
279
24038
734
596
59855
198
262
1376
323
1005
32857
927
279
3160
323
279
220
1627
17413
627
1084
262
4452
11
2728
279
17413
320
42
38394
220
1041
15
11
356
1004
60
38394
220
1041
15
705
264
5043
32857
374
512
262
6914
11581
1004
1483
82
60
284
1396
315
5627
311
9993
14921
311
279
1176
602
12197
2694
5424
311
274
11
449
1855
1797
520
1455
356
1004
933
262
320
15
2717
1797
5431
2717
356
1004
10927
5112
279
1396
369
3160
597
374
2694
15511
543
220
1627
2442
29423
320
66
15
497
66
914
705
2694
12088
46257
11
220
15
8367
5979
8367
34
1004
14316
597
0
12148
20329
12088
340
262
2030
311
5766
420
11
1005
59855
24038
734
4669
91036
1026
66559
10722
11
719
433
596
810
11297
311
1005
198
262
279
5410
32857
369
54852
62644
627
262
3270
262
674
11581
12144
60
284
1396
315
5627
311
16822
12197
4315
1176
602
12197
11
2860
274
198
262
674
1226
3358
656
32857
927
279
12197
323
279
2860
1797
709
311
735
198
262
11581
284
510
15
37710
42
10
16
340
262
11581
58
15
60
284
220
16
220
674
2385
1162
25
2694
220
15
320
3274
925
11
539
1511
3734
439
1212
340
262
369
602
304
2134
7
1627
997
286
272
284
356
1004
933
286
674
502
54972
12144
60
284
2694
15511
83
28
15
311
1332
1361
11
274
9317
11581
12144
2442
60
220
320
11536
369
420
6661
11
584
5268
259
304
220
15
497
1083
1361
10900
1192
286
502
54972
284
510
15
37710
42
10
16
340
286
369
274
304
2134
17155
10
16
997
310
781
284
220
15
198
310
15960
284
1332
1361
11
274
340
310
2860
284
220
15
198
310
674
2057
5766
507
1361
8
824
1614
320
66
709
311
220
1041
15
11
735
709
311
220
1041
15
11
2860
7677
220
1627
9
1041
15
9
1041
15
28
1627
68
21
11
902
374
22281
719
649
387
13241
340
310
674
1226
649
1005
9436
37498
369
4732
11
719
369
2082
32373
1095
596
656
50765
198
310
369
259
304
2134
74750
11
15960
10
16
997
394
2860
1447
11581
12144
2442
933
394
422
2860
2669
19186
512
504
2860
50232
19186
198
310
502
54972
12144
60
284
2860
1034
19186
198
286
11581
284
502
54972
198
262
674
4800
11581
12144
60
374
279
1396
315
5627
311
16822
14921
4315
682
220
1627
12197
779
430
872
2694
374
274
320
9739
2949
356
340
262
674
1789
1855
597
505
220
16
311
735
11
279
1396
315
24630
315
3160
597
374
11581
6874
60
353
597
0
220
320
11536
584
5268
279
2814
50289
315
14921
11
1243
14175
1088
340
262
8261
284
220
15
198
262
369
597
304
2134
7
16
11
735
10
16
997
286
4751
284
11581
6874
60
353
2144
6874
60
1034
19186
198
286
8261
284
320
598
489
4751
8
1034
19186
198
262
471
8261
271
2
5075
28806
8331
10522
709
311
735
320
2880
220
1041
15
340
34210
284
510
16
37710
42
10
16
340
2000
602
304
2134
7
16
11
735
10
16
997
262
2144
1004
60
284
2144
1004
12
16
8632
72
1034
19186
198
14196
4077
100265
198
100264
882
271
7927
3766
4879
4745
279
7177
13
5810
596
279
1493
512
6687
1445
320
3646
3293
1650
1566
997
220
2958
36674
22
86
89114
57
86
56
36314
57
7345
498
1584
220
8546
11
304
366
4450
397
262
2144
284
510
16
37710
42
10
16
340
394
76496
678
1480
25
836
364
42
6
374
539
4613
14963
1271
312
42612
11
420
374
701
3465
25
4557
279
2768
734
12223
323
4733
928
11
7373
4305
279
734
7633
323
1522
682
279
7177
13
3146
5989
4276
70765
3247
13916
50
13
57277
2675
1288
15411
279
2082
499
11041
304
264
67859
2082
2565
320
817
10103
33981
320
20670
690
33316
279
4113
5865
8
100265
198
100264
78191
198
14196
4077
1527
20061
1179
1796
198
1527
7033
1179
54062
271
27557
284
220
19416
13719
17228
271
755
1797
8501
34600
17155
25
528
11
356
25
1796
19155
2526
1492
528
512
262
3270
262
86759
279
1396
315
9246
31706
315
40582
6498
12197
449
3160
1990
720
262
220
16
323
735
320
99461
8
1405
279
1396
315
57115
315
6661
602
320
32
28
15
11
61453
1901
28
914
8
720
262
304
279
925
1587
539
12771
356
1004
948
578
1121
374
25157
60964
220
19416
13719
17228
627
1084
262
578
5603
5829
8915
15840
311
1797
279
1396
315
5627
311
16822
735
12197
720
262
4315
220
1627
4595
449
824
10827
7340
82
356
1004
948
1789
1855
3284
2860
3160
274
320
16
497
42
705
720
262
279
1396
315
75837
1441
315
1404
274
449
824
80468
13693
374
25157
555
264
32857
13
720
262
9062
1778
2814
50289
34310
311
7041
274
0
11713
28904
11
779
279
2860
374
720
262
279
2694
927
274
28
16
497
42
315
32857
12144
60
353
274
0
1491
19186
382
262
18161
512
286
735
320
396
1680
27697
925
3160
320
16
2717
735
2717
220
1041
15
340
286
356
320
1638
1680
220
1627
26864
369
1855
6661
596
7340
5535
57115
320
15
2717
356
1004
60
2717
220
1041
15
696
262
5295
512
286
528
25
5742
315
2764
9246
60964
220
19416
13719
17228
198
262
3270
262
674
5075
28806
8331
10522
709
311
735
198
262
1973
48905
284
735
198
262
2144
284
510
16
37710
2880
48905
489
220
16
340
262
369
602
304
2134
7
16
11
1973
48905
489
220
16
997
286
2144
1004
60
284
2144
1004
12
16
60
353
602
1034
19186
271
262
674
11581
12144
60
284
1396
315
5627
311
5268
14921
369
12197
1778
430
2694
11773
82
8
284
274
323
220
15
2717
1797
1004
60
2717
356
1004
933
262
11581
284
510
15
37710
42
489
220
16
340
262
11581
58
15
60
284
220
16
220
674
5464
1162
25
682
14921
7315
271
262
369
272
304
356
25
220
674
1789
1855
6661
11
2713
11581
198
286
502
54972
284
510
15
37710
42
489
220
16
340
286
674
1789
1855
1510
2694
11
584
649
923
220
15
497
1083
1361
11
735
482
274
340
286
369
274
304
2134
17155
489
220
16
997
310
674
2057
30536
11
11294
279
9436
2694
709
311
1332
1361
11
274
340
310
674
2030
369
32373
11
1005
264
6471
198
310
781
284
220
15
198
310
15960
284
1332
1361
11
274
340
310
2860
284
220
15
198
310
369
259
304
2134
74750
11
15960
489
220
16
997
394
2860
284
320
5143
489
11581
12144
482
259
2526
1034
19186
198
310
502
54972
12144
60
284
2860
1034
19186
198
286
11581
284
502
54972
271
262
674
80625
6468
4320
25
369
1855
3160
597
505
220
16
311
735
11
5627
284
11581
6874
60
353
597
4999
262
594
284
220
15
198
262
369
597
304
2134
7
16
11
735
489
220
16
997
286
594
284
320
417
489
11581
6874
60
353
2144
6874
2526
1034
19186
198
262
471
594
198
14196
4077
100265
198