100264
882
198
4518
279
2768
734
12223
323
4733
928
11
7373
4305
279
734
7633
323
1522
682
279
7177
13
3146
5989
4276
70765
3247
13916
50
13
57277
2675
1288
15411
279
2082
499
11041
304
264
67859
2082
2565
320
817
10103
33981
320
20670
690
33316
279
4113
5865
696
14196
4077
755
1332
48626
5595
3537
8318
74410
485
442
288
1161
25
610
11
597
25
528
8
1492
528
512
262
4304
16644
264
925
274
323
459
7698
597
11
17071
274
1139
597
16146
826
1778
430
279
2694
720
262
315
279
1396
315
6661
4442
2631
311
2543
1855
39549
1139
264
18768
2320
278
37158
720
262
374
82178
13
3494
279
8187
1396
315
6661
4442
2631
627
1084
262
362
925
374
264
18768
2320
278
37158
422
512
262
482
1102
706
3160
2669
220
17
11
3651
198
262
482
2684
6866
264
6928
7698
294
1778
430
220
16
2717
294
366
2479
323
2479
1034
294
624
220
15
11
3651
198
262
482
36925
15285
430
617
279
1890
60964
555
294
7739
264
74197
627
1084
262
1789
3187
25
330
5418
498
330
12273
498
330
329
12498
329
498
323
330
370
370
1
527
18768
2320
278
485
442
288
627
262
330
64
498
330
370
498
323
330
370
936
1
527
539
18768
2320
278
485
442
288
627
1084
262
18161
512
286
274
25
362
925
31706
1193
315
43147
6498
12197
320
17
2717
2479
1161
8
2717
220
1049
340
286
597
25
5742
315
16146
826
311
17071
1139
320
16
2717
597
2717
2479
1161
8
611
220
17
340
1084
262
5295
512
286
578
8187
1396
315
6661
4442
2631
311
1304
682
597
16146
826
18768
2320
278
485
442
288
627
1084
262
12382
1332
48626
5595
3537
8318
74410
485
442
288
446
13997
582
498
220
17
340
262
220
16
198
262
12382
1332
48626
5595
3537
8318
74410
485
442
288
446
42302
498
220
17
340
262
220
17
198
262
12382
1332
48626
5595
3537
8318
74410
485
442
288
446
89707
4749
64
498
220
18
340
262
220
15
198
262
12713
755
1817
73121
997
262
674
3475
5157
505
10507
198
262
2105
9322
446
13997
582
498
220
17
8
624
220
16
198
262
2105
9322
446
42302
498
220
17
8
624
220
17
198
262
2105
9322
446
89707
4749
64
498
220
18
8
624
220
15
7361
262
674
24086
1296
5157
198
262
2105
9322
446
664
498
220
16
8
624
220
16
198
262
2105
9322
446
564
498
220
16
8
624
220
16
198
262
2105
9322
446
34175
498
220
16
8
624
220
15
198
262
2105
9322
446
7792
46341
498
220
17
8
624
220
16
198
262
2105
9322
446
74
1658
498
220
16
8
624
220
16
198
262
2105
9322
446
64
12806
498
220
17
8
624
220
15
198
262
2105
9322
446
7792
46341
498
220
17
8
624
220
17
198
262
2105
9322
446
74
8050
4657
498
220
16
8
624
220
16
198
262
2105
9322
446
29558
5418
498
220
17
8
624
220
15
198
262
2105
9322
446
370
370
370
498
220
18
8
624
220
18
7361
262
674
5843
1296
5157
198
262
2105
9322
446
92216
290
89
713
365
24244
73
830
78
771
1551
9700
86
80
21796
283
88
3841
2053
652
36069
82
12498
22119
87
307
363
713
14606
14878
94908
13536
4080
343
21206
1609
360
80546
10616
83582
80
12940
5633
25299
8480
3576
81
2249
74
5010
74
969
95212
1964
70
3696
49463
501
332
2249
56871
5308
77
953
6331
86
869
7197
67702
2580
69
37975
268
87
351
2396
80
49595
9996
67
3757
41796
657
4657
80
3601
6200
3906
5797
1729
40924
2249
7513
285
86
796
25457
2857
36825
303
331
65
20531
81
498
220
1041
8
624
220
2721
198
262
2105
9322
446
32204
2554
575
303
86
511
5469
3178
67665
70
44970
316
74
376
339
65
9701
797
88
79224
316
89
1658
4080
77
404
372
273
830
9451
17156
318
87537
85
544
62327
4937
564
3614
7737
81
7907
501
44508
822
88
2629
575
67
652
69
73
18287
447
38361
44970
83079
392
13546
64
450
79
4511
81
1371
79
427
2857
65
80
1678
18287
2857
38361
343
20824
5981
894
38692
4511
447
71
3251
64419
70
42050
566
21807
24027
70
5981
657
71
9701
71
11089
7910
324
19072
587
1336
65
11089
73
28990
6511
73
88
3696
74
498
220
1041
8
624
220
3534
198
262
2105
9322
446
370
370
370
370
370
370
370
370
370
370
370
370
370
370
370
370
370
370
370
370
370
370
370
370
370
370
370
370
370
370
370
370
370
370
370
370
370
370
370
370
370
370
370
370
370
370
370
370
370
370
370
370
370
370
370
370
370
370
370
370
370
370
370
370
370
370
370
370
370
370
370
370
370
370
370
370
370
370
370
370
370
370
370
370
370
370
370
370
370
370
370
370
370
370
370
370
370
370
370
370
498
220
1041
8
624
220
1041
271
2
5560
1817
14478
48626
5595
3537
8318
74410
485
442
288
8
311
1629
7177
627
74694
100265
198
100264
78191
198
74694
12958
198
755
374
3537
8318
74410
37158
10849
997
262
308
284
2479
10849
340
262
422
308
366
220
17
512
286
471
3641
198
262
674
7531
682
3512
42314
294
315
308
449
220
16
366
294
366
308
320
72
1770
2637
294
2669
220
17
323
294
366
308
340
262
3512
42314
284
4260
262
369
294
304
2134
7
17
11
308
997
286
422
308
1034
294
624
220
15
512
310
3512
42314
2102
1528
340
262
674
9934
1855
3284
50209
439
279
6859
75124
198
262
369
294
304
3512
42314
512
286
5315
284
85607
369
721
304
2134
1528
5680
286
369
7335
11
523
304
13555
10849
997
310
5315
11858
1034
294
948
5200
7672
340
286
674
1789
1855
1912
320
9739
49232
1491
294
705
1817
422
433
596
264
74197
198
286
2764
284
3082
198
286
369
342
304
5315
512
310
422
539
342
477
342
976
342
63254
16
10556
394
2764
284
3641
198
394
1464
198
286
422
2764
512
310
471
3082
198
262
674
9934
279
2539
3160
28382
220
16
439
264
50209
320
4636
539
4460
1618
2533
294
16100
719
1436
369
308
28
21
5099
340
262
674
34863
11
682
3512
42314
366
308
18073
3485
11
779
420
374
4686
198
262
471
3641
271
755
1332
48626
5595
3537
8318
74410
485
442
288
1161
25
610
11
597
25
528
8
1492
528
512
262
308
284
2479
1161
340
262
422
597
2717
220
15
477
597
871
308
443
220
17
512
286
674
14204
597
824
17413
719
1095
596
3790
79599
320
35686
36755
2764
340
286
4933
15764
446
74
2011
27651
220
16
2717
597
2717
308
322
17
1158
262
505
42431
1179
28559
198
262
505
57566
1179
326
2739
11790
271
262
674
5075
28806
682
3284
6859
3585
369
682
3284
17071
14921
320
1962
4460
6089
340
262
674
12361
11
584
3358
1005
32857
25
11581
1004
1483
76
60
284
1332
4442
311
6859
1176
602
23861
1139
296
18768
2320
278
485
442
288
198
262
674
2030
8831
25
369
264
2728
597
11
1005
51362
489
22154
389
320
2527
11
842
11
41567
9774
8
2533
597
374
8521
198
262
674
2030
597
374
279
1396
315
5596
11
779
584
1205
311
6859
274
1139
597
67603
16146
826
198
262
674
2100
584
5268
597
12
16
4018
10093
4315
308
12
16
3284
7634
25
356
1471
12
16
11
597
12
16
8
719
308
2678
320
1049
705
597
8367
1041
271
262
674
6914
596
656
32857
927
510
75
11
436
8
39549
11
1396
315
5596
9861
311
1376
198
262
571
75
2739
11790
8913
2190
5980
340
262
711
11581
2387
11
436
11
5596
9774
997
286
674
3160
315
1510
39549
198
286
3160
284
436
482
326
198
286
674
14998
520
3325
220
17
23861
824
961
323
520
1455
3160
322
17
5596
198
286
422
5596
9774
624
220
15
512
310
422
3160
624
220
15
512
394
471
220
15
198
310
674
2030
584
2011
617
14454
7041
597
5596
11
779
420
13434
956
387
4295
7389
2764
198
310
471
2273
493
13885
1329
286
422
3160
366
220
17
353
5596
9774
25
220
674
9062
961
3966
520
3325
220
17
23861
11
779
12266
198
310
471
2273
493
13885
4713
286
674
7104
220
16
25
1304
264
4018
520
1475
3284
2361
311
1893
264
502
39549
198
286
594
284
2273
493
13885
1329
286
674
1226
1205
311
6859
1139
5596
9774
5596
11
1855
520
3325
220
17
23861
198
286
674
2100
369
1855
6859
2361
296
320
75
2717
296
366
436
705
584
5268
279
1176
961
510
75
11
296
705
1243
6859
279
2800
1139
320
18753
9774
12
16
8
5596
198
286
674
2030
65198
5457
374
71128
2533
308
28
1049
323
597
8367
1041
719
326
2739
11790
8779
198
286
674
39578
25
30729
927
1268
1690
23861
304
1176
961
320
25849
387
2669
17
323
2187
9861
311
6859
1139
5596
9774
12
16
2669
16
5596
11
1855
2669
17
340
286
674
6914
596
1456
682
3284
1176
961
29416
2669
17
323
2717
320
4222
482
220
17
6737
18753
9774
12
16
1192
286
674
1332
1176
961
1404
25
220
17
198
286
674
1973
1176
961
1404
25
3160
482
220
17
6737
18753
9774
482
16
340
286
1973
13275
284
3160
482
220
17
353
320
18753
9774
482
220
16
340
286
422
1973
13275
366
220
17
512
310
471
2273
493
13885
1329
286
369
1176
6171
304
2134
7
17
11
1973
13275
489
220
16
997
310
296
284
326
489
1176
6171
198
310
2853
284
220
15
422
374
3537
8318
74410
37158
1161
17296
31386
2526
775
1176
6171
220
674
2349
682
23861
311
1304
74197
198
310
674
34863
11
2853
374
1332
4442
311
2543
274
17296
31386
60
1139
264
18768
2320
278
37158
198
310
674
2650
311
12849
430
30
3320
1088
5457
682
3284
294
369
420
39549
198
310
1207
284
274
17296
31386
933
310
445
284
2479
10849
340
310
1332
48626
5341
284
2273
493
13885
1329
310
674
9934
682
3512
42314
294
320
17
8367
67
56670
340
310
369
294
304
2134
7
17
11
445
997
394
422
445
1034
294
976
220
15
512
504
3136
198
394
5315
284
85607
369
721
304
2134
1528
5680
394
369
602
304
2134
5063
997
504
5315
1004
1034
294
948
5200
10849
1004
2608
394
5509
284
3082
198
394
369
342
304
5315
512
504
422
342
976
342
63254
16
10556
667
5509
284
3641
198
667
1464
198
394
422
5509
512
504
674
1797
67514
9296
311
1304
74197
198
504
674
1789
1855
1912
11
1797
12062
505
4219
704
4102
198
504
2860
284
220
15
198
504
369
342
304
5315
512
667
326
1928
11
436
1928
284
220
15
11
2479
3348
8
482
220
16
198
667
1418
326
1928
2717
436
1928
512
1014
422
342
17296
1928
60
976
342
16523
1928
10556
1408
2860
1447
220
16
220
674
649
2349
3060
311
2489
279
1023
198
1014
326
1928
1447
220
16
198
1014
436
1928
6110
220
16
198
504
674
2030
3604
11
311
1376
264
74197
11
1855
36401
6857
7194
220
16
198
504
674
2100
2860
67514
9296
304
55443
10093
320
322
17
13840
340
504
674
34863
11
1120
2694
67514
9296
505
279
4994
304
443
220
17
198
504
674
2030
8831
25
1977
74197
555
17832
51944
198
504
674
2582
5042
11
279
17832
51944
369
1855
1912
374
1396
315
10093
1405
23861
1782
505
872
18327
2361
304
1912
198
504
674
1789
264
1912
342
11
18327
1963
369
602
374
2479
3348
7435
16
18064
198
504
308
1928
284
2479
3348
340
504
51944
284
220
15
198
504
369
602
304
2134
1471
1928
322
17
997
667
422
342
1004
60
976
342
7824
1928
12
16
18064
10556
1014
51944
1447
220
16
198
504
2860
1447
51944
198
504
1464
220
674
369
420
294
11
1935
279
1176
2764
50284
320
11536
904
2764
50284
690
3041
1332
51944
369
420
294
11
719
3604
1205
311
1817
682
1912
826
719
369
74197
6070
433
596
8521
340
504
674
34863
279
50284
374
8521
555
279
75124
11
779
1193
832
1648
824
294
198
310
674
2030
3485
374
33243
11
1095
596
3350
264
13438
311
12849
1332
51944
369
1207
311
387
18768
2320
278
37158
198
310
711
1332
33470
1220
2401
3537
8318
623
10849
2966
997
394
445
284
2479
10849
2966
340
394
422
445
366
220
17
512
504
471
2273
493
13885
1329
394
1332
16269
284
2273
493
13885
1329
394
674
9934
682
294
91
43
11
220
17
8367
67
56670
198
394
369
294
304
2134
7
17
11
445
997
504
422
445
1034
294
976
220
15
512
667
3136
198
504
5315
284
85607
369
721
304
2134
1528
5680
504
369
602
11
523
304
13555
10849
2966
997
667
5315
1004
1034
294
948
5200
7672
340
504
5509
284
3082
198
504
369
342
304
5315
512
667
422
342
976
342
63254
16
10556
1014
5509
284
3641
198
1014
1464
198
504
422
539
5509
512
667
3136
198
504
674
23426
17832
51944
311
1304
1855
1912
264
74197
198
504
2853
284
220
15
198
504
369
342
304
5315
512
667
308
284
2479
3348
340
667
369
602
304
2134
1471
322
17
997
1014
422
342
1004
60
976
342
7824
12
16
18064
10556
1408
2853
1447
220
16
198
667
674
422
10535
3160
11
4219
649
387
4205
198
504
1332
16269
284
1332
14478
16269
11
2853
340
394
674
7429
1456
294
284
445
12
16
320
333
445
10123
18
705
3582
539
264
50209
7389
445
374
3361
198
394
674
34863
279
6471
3485
14861
682
3512
42314
366
43
11
902
374
2631
198
394
471
1332
16269
198
310
2853
5341
284
1332
33470
1220
2401
3537
8318
623
10849
340
310
594
284
1332
4693
11
2853
5341
489
11581
1278
11
436
11
5596
9774
12
16
1192
286
471
594
271
262
674
1226
1205
311
6859
279
4553
925
1139
597
5596
198
262
471
11581
7
15
11
308
11
597
696
2
13202
369
7649
4871
279
1296
16578
320
11536
279
4113
1817
734
374
1120
42295
11
584
649
7124
433
1618
2288
340
755
9322
1161
11
597
997
262
505
57566
1179
326
2739
11790
198
262
711
374
3537
8318
74410
37158
10849
997
286
308
284
2479
10849
340
286
422
308
366
220
17
512
310
471
3641
198
286
3512
42314
284
4260
286
369
294
304
2134
7
17
11
308
997
310
422
308
1034
294
624
220
15
512
394
3512
42314
2102
1528
340
286
369
294
304
3512
42314
512
310
5315
284
85607
369
721
304
2134
1528
5680
310
369
7335
11
523
304
13555
10849
997
394
5315
11858
1034
294
948
5200
7672
340
310
2764
284
3082
198
310
369
342
304
5315
512
394
422
342
976
342
63254
16
10556
504
2764
284
3641
198
504
1464
198
310
422
2764
512
394
471
3082
198
286
471
3641
271
262
571
75
2739
11790
8913
2190
5980
340
262
711
11581
2387
11
436
11
5596
9774
997
286
3160
284
436
482
326
198
286
422
5596
9774
624
220
15
512
310
471
220
15
422
3160
624
220
15
775
2273
493
13885
1329
286
422
3160
366
220
17
353
5596
9774
512
310
471
2273
493
13885
1329
286
594
284
2273
493
13885
1329
286
1973
13275
284
3160
482
220
17
353
320
18753
9774
482
220
16
340
286
422
1973
13275
366
220
17
512
310
471
2273
493
13885
1329
286
369
1176
6171
304
2134
7
17
11
1973
13275
489
220
16
997
310
296
284
326
489
1176
6171
198
310
1207
284
274
17296
31386
933
310
2853
284
2273
493
13885
1329
310
445
284
2479
10849
340
310
674
9934
682
2764
294
369
420
39549
198
310
422
445
2669
220
17
512
394
369
294
304
2134
7
17
11
445
997
504
422
445
1034
294
976
220
15
512
667
3136
198
504
5315
284
85607
369
721
304
2134
1528
5680
504
369
602
304
2134
5063
997
667
5315
1004
1034
294
948
5200
10849
1004
2608
504
5509
284
3082
198
504
369
342
304
5315
512
667
422
2479
3348
8
624
220
15
477
342
976
342
63254
16
10556
1014
5509
284
3641
198
1014
1464
198
504
422
539
5509
512
667
3136
198
504
674
1797
17832
51944
198
504
272
284
220
15
198
504
369
342
304
5315
512
667
7933
284
2479
3348
340
667
369
602
304
2134
7
983
443
220
17
997
1014
422
342
1004
60
976
342
58
983
482
220
16
482
602
10556
1408
272
1447
220
16
198
504
2853
284
1332
63243
11
272
340
310
674
1101
1456
294
28
16
422
5535
320
8248
294
2011
387
366
43
779
539
3284
1618
340
310
594
284
1332
4693
11
2853
489
11581
1278
11
436
11
5596
9774
482
220
16
1192
286
471
594
271
262
471
11581
7
15
11
2479
1161
705
597
696
2
1789
279
1296
23055
320
998
2187
2254
7177
439
304
279
4733
928
340
333
1328
609
565
624
13568
3902
21762
262
1179
656
68980
198
262
656
68980
6085
2658
746
14196
4077
334
9290
96618
578
6332
12496
369
1595
1083
48626
5595
3537
8318
74410
485
442
288
63
706
1027
59624
449
264
6300
13438
369
13598
17832
51944
311
2543
264
39549
1139
264
18768
2320
278
37158
1701
279
7419
505
279
3575
13
578
1595
47374
63
13564
374
3984
311
2187
279
1296
5157
304
279
4733
928
311
1522
2085
15061
9434
7649
13
100265
198
100264
882
271
7927
3766
4879
4745
279
7177
13
5810
596
279
1493
512
6687
1445
320
3646
3293
1650
1566
997
220
2958
36674
24
81058
66
41
87
57
21
91300
7345
498
1584
220
14417
11
304
366
4450
397
262
1817
14478
48626
5595
3537
8318
74410
485
442
288
340
220
2958
36674
24
81058
66
41
87
57
21
91300
7345
498
1584
220
2148
11
304
1817
198
262
2105
9322
446
13997
582
498
220
17
8
624
220
16
198
1881
6440
62824
62824
62824
62824
62824
62824
61
198
69739
1480
14963
1271
312
42612
11
420
374
701
3465
25
4557
279
2768
734
12223
323
4733
928
11
7373
4305
279
734
7633
323
1522
682
279
7177
13
3146
5989
4276
70765
3247
13916
50
13
57277
2675
1288
15411
279
2082
499
11041
304
264
67859
2082
2565
320
817
10103
33981
320
20670
690
33316
279
4113
5865
8
100265
198
100264
78191
198
40
37979
369
279
3766
6103
13
6914
596
5603
279
3575
15884
11
3196
389
279
24473
7419
1473
567
22854
18825
271
14711
55738
9483
278
37158
20288
320
1527
4733
928
696
32
925
374
264
3146
87698
2320
278
37158
334
422
512
16
13
3160
2669
220
17
198
17
13
2684
6866
459
7698
294
1778
430
512
256
482
220
16
2717
294
366
3160
198
256
482
3160
1034
294
624
220
15
198
256
482
3277
279
925
374
6859
1139
294
5315
555
15285
449
279
1890
27410
1491
294
11
1855
1912
374
264
74197
382
2028
3445
279
925
2011
387
76016
555
1063
294
320
80095
220
16
323
5196
705
323
369
430
294
11
1855
315
279
294
330
22692
1
14454
555
50284
15285
602
21784
94
436
320
2658
294
8
2011
5694
387
11091
485
442
288
382
4071
279
734
7612
17071
287
279
3146
67733
925
1139
597
67603
16146
826
98319
323
1855
39549
2011
387
264
18768
2320
278
37158
320
74946
311
279
3485
7419
705
77391
279
1396
315
6661
4442
4460
320
716
39549
25
17832
51944
311
1304
433
18768
2320
278
37158
3677
14711
5422
40961
369
31913
271
16
13
3146
5628
311
1817
422
264
925
374
18768
2320
278
37158
320
985
904
2764
294
33395
512
256
482
1789
264
2728
925
11
1456
682
3284
294
320
614
42314
315
2479
1161
8
3734
220
16
323
5196
4390
256
482
1789
1855
294
11
1817
422
682
5315
320
15336
1491
294
8
527
11091
485
442
288
627
256
482
1442
904
294
4375
11
471
3082
320
438
11
311
12849
2853
11
1101
471
17832
4600
1797
311
1304
433
18768
2320
278
37158
1234
430
294
3677
17
13
3146
2520
279
1925
32857
334
512
256
482
5560
32857
17296
1483
81
1483
79
5787
1332
2853
311
17071
39549
274
17296
68459
60
1139
281
18768
2320
278
485
442
288
627
256
482
4158
21201
25
1789
1855
3284
6859
296
1990
326
323
436
320
90222
705
12849
2853
315
1176
961
274
17296
31386
1145
323
923
32857
12335
1483
81
1483
79
12
16
27218
256
482
578
2853
315
264
39549
274
17296
68459
60
311
387
264
18768
2320
278
37158
374
279
17832
1396
315
4442
2631
311
1304
433
18768
2320
278
37158
320
985
279
13438
3485
3677
18
13
3146
11918
47124
334
512
256
482
3804
19107
315
3160
220
16
477
220
17
25
18073
555
279
7419
320
4222
366
17
539
5535
369
18768
4390
256
482
1789
3160
220
19
25
3512
42314
220
17
1193
320
19
4
17
419
15
3677
567
41070
31913
271
8586
374
264
4335
11
4495
8292
430
9248
279
4733
928
323
16609
682
279
1296
5157
320
30096
47141
279
7177
7887
14196
4077
755
374
3537
8318
74410
37158
10849
997
262
308
284
2479
10849
340
262
422
308
366
220
17
512
286
471
3641
11
220
15
220
674
2876
18768
11
323
2853
220
15
320
37593
1511
422
3160
27
17
340
262
674
7531
682
3512
42314
294
1405
220
17
2717
294
366
308
323
308
1034
294
624
220
15
198
262
3512
42314
284
4260
262
369
294
304
2134
7
17
11
308
997
286
422
308
1034
294
624
220
15
512
310
3512
42314
2102
1528
340
262
674
9934
1855
2764
294
311
1518
422
39549
649
387
1903
18768
449
17832
51944
198
262
1332
33470
1220
284
2273
493
13885
1329
262
369
294
304
3512
42314
512
286
5315
284
85607
369
721
304
2134
1528
5680
286
369
7335
11
523
304
13555
10849
997
310
5315
11858
1034
294
948
5200
7672
340
286
2764
284
3082
198
286
369
342
304
5315
512
310
422
539
320
2963
3348
8
2669
220
17
323
342
624
342
63254
16
22953
394
2764
284
3641
198
394
1464
198
286
422
2764
512
310
674
23426
17832
51944
2631
311
2543
420
50284
1139
11091
485
442
288
198
310
674
1789
1855
1912
11
1797
67514
9296
505
4219
704
198
310
2860
33470
1220
284
220
15
198
310
369
342
304
5315
512
394
296
284
2479
3348
340
394
369
602
304
2134
1278
443
220
17
997
504
422
342
1004
60
976
342
12335
482
220
16
482
602
10556
667
2860
33470
1220
1447
220
16
198
310
422
2860
33470
1220
366
1332
33470
1220
512
394
1332
33470
1220
284
2860
33470
1220
198
262
471
320
2575
11
1332
33470
1220
8
422
1332
33470
1220
976
2273
493
13885
873
775
320
4139
11
220
15
696
755
1332
48626
5595
3537
8318
74410
485
442
288
1161
25
610
11
597
25
528
8
1492
528
512
262
3270
262
55726
925
274
1139
597
67603
16146
826
1778
430
1855
374
264
18768
2320
278
37158
627
262
3494
8187
2860
1396
315
6661
4442
2631
311
1304
1855
39549
264
18768
2320
278
37158
627
262
362
925
374
18768
2320
278
37158
422
433
706
3160
10123
17
323
6866
264
50209
294
320
17
8367
67
57788
8
449
198
262
279
17071
7633
3485
1694
11091
485
442
288
304
1855
49232
538
1491
294
627
262
578
2853
369
264
39549
374
279
17832
51944
311
1304
433
18768
2320
278
37158
369
1063
2764
294
627
262
3270
262
308
284
2479
1161
340
262
422
597
2717
220
15
477
597
871
308
443
220
17
25
220
674
10771
311
17413
11
597
374
2764
719
387
11720
198
286
4933
15764
446
8087
597
25
2011
387
220
16
2717
597
2717
308
322
17
1158
262
674
32857
17296
1483
81
1483
79
60
284
1332
2853
311
17071
274
17296
68459
8
1139
281
18768
2320
278
485
442
288
198
262
505
57566
1179
326
2739
11790
198
262
571
75
2739
11790
8913
2190
5980
340
262
711
11581
2387
11
436
11
281
997
286
3160
284
436
482
326
198
286
422
281
624
220
15
512
310
674
8442
2764
422
912
5885
2163
198
310
471
220
15
422
3160
624
220
15
775
2273
493
13885
1329
286
422
3160
366
220
17
353
281
25
220
674
9062
961
2011
617
520
3325
220
17
23861
198
310
471
2273
493
13885
1329
286
422
326
2669
436
512
310
471
2273
493
13885
873
220
674
23020
39549
198
286
674
7104
25
1456
682
3284
1176
961
29416
320
25849
387
520
3325
220
17
23861
323
5387
3403
3130
369
9861
281
12
16
5596
1855
520
3325
220
17
23861
340
286
594
284
2273
493
13885
1329
286
1973
13275
284
3160
482
220
17
353
320
79
482
220
16
8
220
674
9062
9861
961
3966
520
3325
220
17
198
286
422
1973
13275
366
220
17
512
310
471
2273
493
13885
1329
286
369
1176
6171
304
2134
7
17
11
1973
13275
489
220
16
997
310
296
284
326
489
1176
6171
198
310
1207
284
274
17296
31386
933
310
374
646
11
2853
284
374
3537
8318
74410
37158
10849
340
310
422
539
374
646
512
394
674
15832
2349
520
3325
3403
311
1304
1063
294
990
320
8248
4184
311
1057
13438
11
433
4780
220
15
422
12266
11
779
584
4322
439
4225
340
394
3136
198
310
674
4158
30385
389
279
2800
198
310
2800
16269
284
11581
1278
11
436
11
281
482
220
16
340
310
2860
284
2853
489
2800
16269
198
310
422
2860
366
594
512
394
594
284
2860
198
286
471
594
422
594
976
2273
493
13885
873
775
2273
493
13885
1329
262
471
11581
7
15
11
308
11
597
696
2
1789
279
1296
33508
320
998
2187
4401
279
3984
656
302
18450
340
755
9322
1161
11
597
997
262
471
1332
48626
5595
3537
8318
74410
485
442
288
1161
11
597
340
14196
19884
45464
14711
72387
315
87063
271
16
13
578
1595
285
3537
8318
74410
37158
63
734
1457
4780
264
14743
315
320
285
3537
8318
11
1332
33470
1220
570
1102
16696
682
2764
3512
42314
11
58303
279
17832
51944
5995
555
26060
55443
67514
9296
304
1855
1912
627
17
13
763
279
32857
11
584
1193
10570
422
279
39549
649
387
1903
264
18768
2320
278
37158
320
985
279
13438
705
323
923
279
2853
315
279
1176
10449
311
279
23669
2853
315
279
27410
627
18
13
578
2853
369
264
39549
311
3719
18768
2320
278
37158
374
25157
439
279
17832
55443
67514
9296
320
1820
3325
51944
2631
311
1304
279
50284
11091
485
442
292
369
1063
2764
294
4390
19
13
1115
9248
279
12496
7633
304
279
4733
928
323
690
1522
682
279
2728
1296
5157
320
1820
656
302
18450
3677
45464
334
2028
2082
2565
374
279
2167
4320
311
701
1715
2001
433
5280
279
734
439
7633
323
16609
682
279
7177
2085
47141
279
1296
2082
13
334
100265
198
100264
882
271
7927
3766
4879
4745
279
7177
13
5810
596
279
1493
512
6687
1445
320
3646
3293
1650
1566
997
220
2958
36674
3590
2507
275
1302
52
70
7345
498
1584
220
9263
11
304
366
4450
397
262
1817
14478
48626
5595
3537
8318
74410
485
442
288
340
220
2958
36674
3590
2507
275
1302
52
70
7345
498
1584
220
2148
11
304
1817
198
262
2105
9322
446
13997
582
498
220
17
8
624
220
16
198
1881
6440
62824
62824
62824
62824
62824
62824
61
198
69739
1480
14963
1271
312
42612
11
420
374
701
3465
25
4557
279
2768
734
12223
323
4733
928
11
7373
4305
279
734
7633
323
1522
682
279
7177
13
3146
5989
4276
70765
3247
13916
50
13
57277
2675
1288
15411
279
2082
499
11041
304
264
67859
2082
2565
320
817
10103
33981
320
20670
690
33316
279
4113
5865
8
100265
198
100264
78191
198
40
37979
369
279
11763
21294
13
6914
596
636
420
11112
4495
3196
389
279
24473
7419
323
279
1296
5157
304
279
4733
928
382
14711
5422
72071
369
55738
9483
278
37158
11443
271
791
2853
311
1304
264
925
264
18768
2320
278
37158
374
25
5268
264
50209
294
320
17
38394
294
366
308
11
308
1034
294
624
220
15
705
17071
1139
294
5315
555
15285
602
1491
294
13
1789
1855
1912
11
1304
433
264
74197
555
10223
279
8187
1396
315
5885
779
430
279
1912
5196
9221
264
74197
13
578
17832
2853
927
682
2764
294
374
1148
14921
382
4071
5296
279
10507
1473
827
330
13997
582
498
597
28
17
198
4472
374
220
20
13
7974
3512
42314
294
527
220
20
1034
294
624
15
449
220
17
8367
67
27
20
11651
294
28
1193
220
20
1034
220
20
28
15
719
294
27
20
779
294
28
539
3284
30
14144
220
20
374
10461
13
34863
11
3512
42314
2753
1109
220
20
25
1193
220
20
4
1587
539
22497
3734
220
20
5196
477
220
16
13
14144
11
430
649
956
387
1314
2001
279
1176
3187
25283
4320
220
16
382
14524
1095
596
24564
330
13997
582
1
320
4222
220
20
7887
12
10771
311
279
3575
596
7419
11
18768
2320
278
37158
2011
617
264
294
1405
220
16
91807
27
20
323
220
20
1034
294
624
15
11651
1193
3284
422
294
65928
220
20
13
578
1193
50209
374
220
20
11
719
294
2011
387
2753
1109
220
20
11
779
912
1778
294
6866
30
2030
279
6205
25283
433
311
387
3284
320
11536
499
649
17071
1139
220
17
16146
826
11
323
832
315
1124
649
387
1903
18768
3677
4071
8530
279
7419
6276
1701
294
284
3160
482
220
16
422
433
65928
30
2582
7344
279
3575
6276
904
294
1405
3160
374
264
5361
315
294
320
17206
422
294
624
3160
11
719
279
61327
2795
294
366
3160
3677
14524
279
3575
2795
25
330
3947
6866
264
6928
7698
294
1778
430
220
16
2717
294
366
2479
323
2479
1034
294
624
220
15
11690
2520
2479
28
20
11
3284
294
25
220
20
4
17
28
16
11
220
20
4
18
28
17
11
220
20
4
19
28
16
11651
912
294
65928
220
20
3734
220
16
323
220
20
13
2100
26549
11
264
925
315
3160
220
20
356
47975
387
264
18768
2320
278
37158
555
420
7419
30
2030
279
3187
2795
330
13997
582
1
374
1511
304
264
1296
449
4320
220
16
13
2684
2011
387
264
70847
382
697
12
6285
279
4733
928
596
3187
25
330
2520
3187
25
364
5418
518
364
12273
518
364
329
12498
329
518
323
364
370
370
6
527
18768
2320
278
485
442
288
13
364
64
518
364
370
518
323
364
370
936
6
527
539
2266
6
370
370
6
706
3160
220
19
13
220
19
1034
220
17
624
220
15
11651
294
28
17
4375
13
2100
6859
1139
220
17
5315
315
220
17
25
330
370
1
323
330
370
3343
9062
374
264
74197
422
1903
364
5418
6
323
364
6194
71090
2360
11
719
311
387
18768
2320
278
37158
11
279
50284
555
1491
294
28
17
6835
5315
2570
64
1882
64
663
323
2570
65
1882
65
4181
902
527
2225
11091
485
442
288
13
2100
2853
311
1304
364
370
370
6
18768
374
220
15
320
2201
2349
4460
3677
4071
369
364
13997
582
6
320
4222
220
20
705
1070
374
912
294
1990
220
17
323
220
19
430
65928
220
20
13
2100
555
7419
11
364
13997
582
6
374
4276
264
18768
2320
278
37158
7389
584
649
5268
294
28
20
902
374
539
5535
382
4071
3686
279
1296
25283
1332
48626
5595
3537
8318
74410
485
442
288
446
13997
582
498
220
17
8
624
220
16
13
2650
374
420
3284
1980
25797
11
8530
279
1493
374
304
279
23692
13
10926
279
16686
374
430
2479
1034
294
624
15
2794
294
65928
2479
11
719
294
649
387
709
311
2479
320
8248
279
61327
2795
294
366
2479
570
39578
11
7344
279
3575
6276
1701
294
28
16
11
719
279
5296
2795
294
29
16
382
14524
279
3575
2795
25
330
3947
6866
264
6928
7698
294
1778
430
220
16
2717
294
366
2479
323
2479
1034
294
624
220
15
498
779
369
3160
220
20
11
912
294
13
2100
264
925
315
3160
220
20
4250
387
264
18768
2320
278
37158
555
420
7419
13
2030
279
1296
1162
25283
459
4320
11
779
4461
279
7419
10825
374
2204
382
14524
8530
279
7419
374
430
294
65928
2479
320
16564
294
284
2479
705
719
279
61327
2795
294
366
2479
13
39578
11
7344
279
1817
369
74197
374
824
1912
11
719
5315
649
387
315
904
1404
439
1317
439
814
17071
279
925
320
1820
45473
374
67603
11
539
555
1491
294
5315
439
304
279
7419
596
3187
315
364
329
12498
329
518
902
374
3160
220
21
11
323
294
28
18
6835
220
17
23861
824
1912
3677
14524
279
61327
374
55861
13
2030
279
6205
1296
1162
330
13997
582
498
902
706
3160
220
20
11
2011
387
5535
311
387
17071
291
1139
264
18768
2320
278
37158
555
19301
264
2764
294
369
1063
6859
11
1524
422
279
2539
925
4536
956
264
18768
2320
278
37158
5196
719
264
961
649
387
1903
832
555
14713
323
56427
8764
4669
17071
287
382
4071
279
734
7612
430
1855
315
279
597
16146
826
11
1306
1694
17071
291
11
374
264
18768
2320
278
37158
320
74946
311
279
7419
570
2100
369
264
39549
315
3160
220
20
11
7344
499
649
5268
294
28
20
719
294
2011
387
366
20
779
430
596
8482
11
779
433
4250
387
264
18768
2320
278
37158
13
2030
279
1296
25283
459
4320
315
220
16
13
32140
856
6931
20414
2011
387
7554
2555
382
76863
23692
25
279
7419
315
18768
2320
278
37158
1253
539
1397
430
279
17071
4669
75124
294
374
1511
11
719
16632
430
279
925
649
387
6859
1139
1063
1396
315
67603
16146
826
320
54228
315
904
29416
8
1855
315
902
374
264
74197
2001
719
912
11
279
10507
2997
364
329
12498
329
518
902
1053
1397
45473
1139
220
18
5596
25
364
329
518
364
65
518
364
70
329
71090
2876
2771
382
14524
279
3187
2795
364
329
12498
329
6
374
18768
2320
278
37158
13
11699
3160
374
220
21
13
6914
596
1518
25
294
28
18
65928
220
21
13
5315
555
1491
220
18
25
15285
220
15
11
18
11651
364
64
6
323
364
70
7112
220
16
11
19
11651
364
67
6
323
364
64
7112
220
17
11
20
11651
364
65
6
323
364
67
4527
9062
1912
374
2570
64
1882
70
663
320
1962
264
74197
705
7389
8530
279
50284
374
2204
382
93114
11
8530
279
7419
374
430
499
649
6859
279
925
1139
294
67603
6273
30425
5596
320
1962
555
1491
705
323
1855
961
374
264
74197
13
3011
1053
1304
810
5647
382
697
12
6285
279
4733
928
1473
30233
925
374
264
18768
2320
278
37158
422
512
482
1102
706
3160
2669
220
17
345
482
2684
6866
264
6928
7698
294
1778
430
220
16
2717
294
366
2479
323
2479
1034
294
624
220
15
345
482
36925
15285
430
617
279
1890
60964
555
294
7739
264
74197
2266
14524
11
15285
449
1890
60964
294
25
602
21784
94
436
320
2658
294
705
779
10093
436
11
436
52512
11
436
10
17
67
11
2564
1376
279
1912
13
1789
364
329
12498
329
6
320
4222
220
21
705
449
294
28
18
1473
33041
220
15
11
18
11651
364
64
518
364
70
7112
220
16
11
19
11651
364
67
1882
64
7112
220
17
11
20
11651
364
65
1882
67
30736
22962
527
2570
64
1882
70
4181
2570
67
1882
64
4181
2570
65
1882
67
663
2001
7000
527
11091
485
442
288
7389
7344
584
2980
3160
220
17
5315
2011
387
220
17
20086
23861
13
2100
420
1587
539
5052
382
4071
7344
279
5315
527
14454
555
45473
279
925
1139
294
5596
315
6273
1404
320
778
28127
10215
570
2100
369
2479
28
21
11
294
28
18
11651
220
17
23861
824
2565
13
5112
364
329
518
364
12498
518
364
329
6
11651
719
364
12498
6
374
539
264
74197
382
93114
11
8530
279
7419
374
430
279
925
649
387
18255
1139
294
67603
9863
315
6273
3160
320
67
65928
2479
705
323
1855
6710
374
264
74197
13
3011
1053
5398
449
279
10507
382
10267
596
1817
364
12273
6
320
4222
220
18
570
294
649
387
220
16
320
12071
2533
294
2011
387
871
16
8
477
220
18
320
8248
294
2011
387
366
18
570
2100
912
11
719
364
12273
6
374
264
18768
2320
278
37158
824
3187
13
89290
382
93114
7344
279
16686
374
430
279
4553
925
11
994
6646
449
1063
294
50802
1202
3160
320
67
649
387
2479
5196
11
719
279
61327
2795
294
366
2479
705
649
387
28902
1139
1063
50284
320
66372
539
14647
555
1491
294
5315
11
719
1139
294
67603
5596
315
6273
3160
902
527
11091
485
442
288
3677
22818
279
22047
323
279
6205
7177
11
8530
279
2853
369
264
39549
315
3160
445
374
5042
279
17832
1396
315
3752
4442
311
1304
433
264
74197
320
20885
74197
2853
705
1606
304
279
1176
3187
1473
1
13997
582
1
11651
311
1304
433
264
74197
11
2349
279
364
65
6
311
364
66
6
320
269
364
64
6
311
364
65
873
6835
364
13997
582
6
477
364
582
98571
518
2225
11091
485
442
288
13
578
2853
374
220
16
11
902
9248
279
1296
382
3112
279
2132
3187
11
330
42302
1
320
4222
220
21
570
2057
1304
433
264
74197
555
10223
311
364
13997
272
4749
6
320
68
1326
13
2349
294
23379
17514
311
264
8568
10317
8
11651
3966
220
17
10
16
10
15
30
14144
17832
74197
4442
369
330
42302
1
374
220
17
320
68
1326
13
1304
364
13997
4749
6
555
10223
364
69
6
311
364
64
6
323
364
68
6
311
364
66
6
11651
220
17
4442
30
2582
8530
220
18
13
578
1296
2795
220
17
382
2028
13533
430
279
3575
596
330
87698
2320
278
37158
1
374
3604
13890
311
264
74197
369
279
10096
315
2853
320
72
1770
13
279
17832
51944
311
1304
433
264
74197
570
578
7419
922
294
1253
387
11741
18133
477
5906
1178
291
382
22818
279
6205
7177
11
279
45648
323
26731
6425
430
16609
682
279
656
302
18450
374
311
12849
11
369
1855
39549
304
279
17071
11
279
17832
51944
311
1304
433
264
74197
320
1820
29924
32857
477
4219
18882
10722
5603
3677
55915
11
279
4495
8292
374
1473
74694
12958
198
755
1332
48626
5595
3537
8318
74410
485
442
288
1161
25
610
11
597
25
528
8
1492
528
512
262
3270
262
55726
279
925
274
1139
597
67603
16146
826
323
30437
279
2860
198
262
1396
315
6661
4442
2631
779
430
1855
39549
9221
264
74197
627
262
320
3386
1762
6702
505
279
6205
7177
323
3575
4096
72868
340
262
3270
262
308
284
2479
1161
340
262
422
597
2717
220
15
477
597
871
308
443
220
17
512
286
4933
15764
446
8087
597
25
2011
27651
220
16
2717
597
2717
308
443
220
17
1158
1084
262
674
32857
17296
1483
81
60
284
1332
4442
311
1304
274
17296
68459
60
264
74197
198
262
505
57566
1179
326
2739
11790
198
262
571
75
2739
11790
8913
2190
5980
340
262
711
11581
2387
11
436
997
286
674
274
17296
68459
60
374
39549
29408
326
11
14079
436
198
286
3160
284
436
482
326
198
286
422
3160
366
220
17
512
310
471
220
15
220
674
3053
956
387
264
18768
2320
278
37158
320
1729
3575
596
7452
7419
719
369
6205
7177
433
596
539
1511
439
2853
220
15
422
2479
27
17
374
539
5535
340
286
422
326
2669
436
482
220
16
512
310
674
3160
419
17
11
2011
2225
23861
387
1890
198
310
471
220
15
422
274
17296
60
624
274
16523
12
16
60
775
220
16
198
286
674
22591
74197
32857
198
286
422
274
17296
60
624
274
16523
12
16
10556
310
471
11581
2387
10
16
11
436
12
16
340
286
775
512
310
471
220
16
489
1332
35899
2387
10
16
11
436
12
16
705
11581
2387
11
436
12
16
705
11581
2387
11
436
1192
262
674
4800
11
584
1205
311
6859
1139
597
5596
25
5268
597
12
16
15455
4315
308
12
16
10093
198
262
674
5560
32857
449
6859
3585
198
262
505
42431
1179
28559
198
262
36072
284
2273
493
13885
1329
262
674
11581
1004
1483
76
60
284
1332
2853
311
17071
1176
602
23861
1139
296
11091
485
442
292
16146
826
198
262
11581
5350
284
4416
37509
37710
74
10
16
8
369
721
304
2134
1471
10
16
5680
262
11581
5350
58
15
1483
15
60
284
220
15
198
262
369
602
304
2134
7
16
11
308
10
16
997
286
369
296
304
2134
7
16
11
1332
6097
11
602
322
17
7405
16
997
310
674
9934
682
503
505
220
15
311
602
12
16
439
1566
4018
198
310
369
503
304
2134
1278
12
16
997
394
2853
284
11581
5350
3894
1483
76
12
16
60
489
320
9996
2387
46712
11
436
22112
8
422
503
366
602
775
220
15
340
394
422
2853
366
11581
5350
1004
1483
76
10556
504
11581
5350
1004
1483
76
60
284
2853
198
262
674
1226
1205
311
17071
682
308
23861
1139
597
5596
198
262
471
11581
5350
7824
1483
74
60
422
11581
5350
7824
1483
74
60
976
36072
775
482
16
271
2
39578
11
264
35388
5603
449
22154
2065
927
41567
320
11536
597
374
2678
304
7177
340
2
2030
279
3485
1288
1522
279
656
302
18450
512
2
1789
330
13997
582
1
320
4222
220
20
705
6859
1139
220
17
5596
13
578
1888
374
330
13997
1
320
16845
220
17
8
489
330
582
1
320
16845
220
16
8
11651
2860
220
18
30
2030
1296
25283
220
16
627
2
14144
779
7344
279
2853
374
1193
369
279
39549
311
387
1903
264
18768
2320
278
37158
4669
904
2764
294
320
17206
422
279
7419
374
539
2867
705
719
6205
7177
13519
430
433
596
279
74197
2853
382
2
34863
304
279
1176
1296
330
13997
582
498
279
17832
4442
311
1304
279
4459
925
264
74197
374
220
16
320
3455
279
2132
364
65
6
311
364
66
518
13239
304
330
582
4575
1
902
4536
956
11
719
7344
330
13997
582
1
649
387
1903
264
74197
555
832
2349
25
384
1326
13
2349
1963
220
17
364
66
6
311
364
65
71090
2360
13
14144
330
13997
582
1
374
2736
264
74197
30
264
1481
1824
7561
1824
30
2360
11
1606
220
17
303
323
220
19
339
527
364
66
6
323
364
64
4527
2100
311
1304
433
264
74197
11
2349
1963
220
18
4417
64
873
311
364
66
518
13239
304
364
370
641
4749
71090
2360
11
719
3160
374
220
20
13
578
17832
374
220
16
25
1304
433
364
13997
4749
6
555
10223
279
220
19
339
1181
311
364
65
6
320
8248
430
596
1963
220
18
477
220
19
30
3677
2
44840
11
279
26731
1648
311
1522
279
656
302
18450
374
311
12849
369
1855
39549
279
17832
51944
311
1304
433
264
74197
11
323
1005
264
17071
32857
382
2
6914
596
1005
264
810
31439
32857
369
279
17071
512
755
1332
48626
5595
3537
8318
74410
485
442
288
1161
25
610
11
597
25
528
8
1492
528
512
262
308
284
2479
1161
340
262
674
11581
1004
1483
73
60
284
1332
4442
311
1304
274
1004
497
73
60
264
74197
198
262
11581
623
284
4416
15
8632
77
369
721
304
2134
1471
5680
262
369
602
304
2134
1471
12
16
11
482
16
11
482
16
997
286
11581
623
1004
1483
72
60
284
220
15
198
286
369
503
304
2134
1998
10
16
11
308
997
310
422
274
1004
60
624
274
3894
10556
394
422
503
624
602
10
16
512
504
11581
623
1004
1483
73
60
284
220
15
198
394
775
512
504
11581
623
1004
1483
73
60
284
11581
623
1004
10
16
1483
73
12
16
933
310
775
512
394
11581
623
1004
1483
73
60
284
220
16
489
1332
35899
623
1004
10
16
1483
73
1145
11581
623
1004
1483
73
12
16
1145
11581
623
1004
10
16
1483
73
12
16
2608
262
674
4800
11
17071
1139
597
5596
25
5268
597
12
16
6859
3585
198
262
36072
284
2273
493
13885
1329
262
505
57566
1179
326
2739
11790
198
262
571
75
2739
11790
8913
2190
5980
340
262
711
961
54972
2387
11
436
11
2163
997
286
674
326
311
436
320
99461
705
1205
311
6859
1139
364
2414
6
11091
485
442
292
16146
826
198
286
422
2163
624
220
16
512
310
471
11581
623
17296
1483
81
933
286
422
436
482
326
489
220
16
366
220
17
9
2414
512
310
471
36072
198
286
594
284
36072
198
286
369
296
304
2134
2387
11
436
997
310
2853
284
11581
623
17296
1483
76
60
489
961
54972
1278
10
16
11
436
11
2163
12
16
340
310
422
2853
366
594
512
394
594
284
2853
198
286
471
594
198
262
471
961
54972
7
15
11
308
12
16
11
597
696
2
4452
11
420
374
2103
6485
13
578
45648
6425
430
9248
279
6205
7177
374
311
13383
279
2853
374
279
17832
1396
315
51944
311
1304
279
4459
925
264
74197
994
6859
1139
597
5596
320
8248
420
374
539
5410
3677
2
39578
11
279
3575
1253
2980
430
264
18768
2320
278
37158
315
1524
3160
649
387
6859
1139
75212
902
527
11091
485
442
288
11
719
369
10535
433
596
4219
489
4376
382
2
16644
892
11
279
1455
22514
4320
430
16609
279
2728
656
302
18450
374
311
12849
369
1855
39549
279
17832
74197
4600
6138
11
323
1005
264
32857
311
6859
1139
597
5596
1473
755
1332
48626
5595
3537
8318
74410
485
442
288
1161
25
610
11
597
25
528
8
1492
528
512
262
308
284
2479
1161
340
262
422
597
624
220
15
477
597
871
308
322
17
512
286
4933
15764
446
74
2011
387
1990
220
16
323
308
322
17
1158
262
674
5075
28806
74197
32857
198
262
505
57566
1179
326
2739
11790
198
262
571
75
2739
11790
8913
2190
5980
340
262
711
374
74410
2387
11
436
997
286
422
326
2669
436
512
310
471
3082
198
286
422
274
17296
60
976
274
16523
10556
310
471
3641
198
286
471
374
74410
2387
10
16
11
436
12
16
340
262
711
1332
33470
1220
2387
11
436
997
286
422
326
2669
436
512
310
471
220
15
198
286
422
374
74410
2387
11
436
997
310
471
220
15
198
286
674
9934
43759
2163
477
1314
1181
198
286
471
220
16
489
1332
14478
33470
1220
2387
10
16
11
436
705
1332
33470
1220
2387
11
436
12
16
1192
262
674
4800
17071
1139
597
5596
449
17832
2860
2853
198
262
505
42431
1179
28559
198
262
36072
284
2273
493
13885
1329
262
674
11581
1004
1483
76
60
284
1332
2853
311
17071
274
58
15
15007
60
1139
296
11091
485
442
292
16146
826
198
262
11581
284
4416
37509
37710
74
10
16
8
369
721
304
2134
1471
10
16
5680
262
11581
58
15
1483
15
60
284
220
15
198
262
369
602
304
2134
7
16
11
308
10
16
997
286
369
296
304
2134
7
16
11
1332
6097
11
602
322
17
7405
16
997
310
369
503
304
2134
1278
997
394
8031
284
11581
3894
23883
443
296
949
2564
2331
674
1115
374
539
36747
11
2731
311
6471
41567
198
310
674
39578
11
1456
682
1566
15455
198
310
369
4018
304
2134
1278
12
16
11
602
997
394
2853
284
11581
58
10453
1483
76
12
16
60
489
320
1083
33470
1220
1361
332
11
602
12
16
8
422
4018
366
602
12
16
775
220
15
340
394
422
2853
366
11581
1004
1483
76
10556
504
11581
1004
1483
76
60
284
2853
198
262
471
11581
7824
1483
74
60
422
11581
7824
1483
74
60
976
36072
775
482
16
271
2
2030
420
374
2103
6485
13
21815
520
279
6205
7177
1473
2
330
13997
582
498
597
28
17
25
578
1888
6859
374
330
64
1
765
330
9081
582
1
11651
719
330
64
1
374
3160
16
539
5535
13
2582
330
13997
1
320
16845
220
17
8
765
330
582
1
320
16845
220
16
8
11651
2860
220
18
11
719
1296
25283
220
16
13
2100
4461
279
2853
374
1193
369
279
2132
961
422
279
1176
374
2736
264
2764
18768
320
8248
649
956
387
3160
16
3677
2
39578
7344
279
15455
617
311
387
1778
430
1855
961
706
1524
3160
30
2876
2771
382
2
16644
279
892
29091
323
279
6205
7177
11
279
4495
4320
430
16609
682
279
656
302
18450
2085
927
5807
416
1113
374
311
4322
279
2853
315
264
39549
439
279
17832
1396
315
4442
311
1304
433
264
74197
320
1058
950
32857
705
323
1005
264
32857
311
6859
1139
597
5596
1473
755
1332
48626
5595
3537
8318
74410
485
442
288
1161
25
610
11
597
25
528
8
1492
528
512
262
308
284
2479
1161
340
262
674
32857
369
74197
4600
6138
389
39549
510
72
10540
933
262
505
57566
1179
326
2739
11790
198
262
571
75
2739
11790
8913
2190
5980
340
262
711
11091
16269
1998
11
503
997
286
422
602
2669
503
512
310
471
220
15
198
286
422
274
1004
60
624
274
3894
10556
310
422
602
10
16
624
503
512
394
471
220
15
198
310
471
11091
16269
1998
10
16
11
503
12
16
340
286
775
512
310
471
220
16
489
1332
1319
278
16269
1998
10
16
11
503
705
11091
16269
1998
11
503
12
16
1192
262
674
4800
11
584
1205
311
6859
274
1139
597
11091
485
442
292
16146
826
320
9739
315
3160
2669
17
340
262
674
5560
32857
17296
1483
76
60
284
1332
2853
311
6859
1176
326
23861
1139
296
5596
198
262
36072
284
2273
493
13885
1329
262
11581
284
4416
37509
37710
74
10
16
8
369
721
304
2134
1471
10
16
5680
262
11581
58
15
1483
15
60
284
220
15
198
262
369
3160
304
2134
7
16
11
308
10
16
997
286
369
296
304
2134
7
16
11
1332
6097
11
3160
322
17
7405
16
997
310
369
602
304
2134
22081
997
394
503
284
602
489
3160
482
16
198
394
422
11581
1004
1483
76
12
16
60
489
11091
16269
1998
11
503
8
366
11581
58356
1483
76
10556
504
11581
58356
1483
76
60
284
11581
1004
1483
76
12
16
60
489
11091
16269
1998
11
503
340
262
471
11581
7824
1483
74
60
422
11581
7824
1483
74
60
976
36072
775
482
16
271
2
27866
279
1176
6205
512
2
274
284
330
13997
582
498
597
28
17
13
578
23669
6859
374
1306
1963
220
15
25
330
64
1
320
12071
8
477
1306
220
16
25
330
370
1
320
16845
220
16
8
489
330
84210
1
320
16845
220
15
11
2533
330
84210
1
374
2736
264
74197
570
2100
2860
220
16
13
2100
420
1053
990
422
584
2187
5596
315
3160
220
17
1524
422
279
7419
2795
3160
2669
17
320
8370
433
1587
705
323
364
370
6
649
387
1903
264
74197
449
220
16
2349
320
998
364
5418
6
477
364
6194
4670
719
364
84210
6
374
2736
264
74197
320
708
2853
220
15
570
2100
2860
220
16
13
2100
420
8292
1053
1522
382
45600
11
279
4495
2082
2565
311
9502
374
1473
14196
4077
755
1332
48626
5595
3537
8318
74410
485
442
288
1161
25
610
11
597
25
528
8
1492
528
512
262
308
284
2479
1161
340
262
422
597
2717
220
15
477
597
871
308
443
220
17
512
286
4933
15764
446
74
2011
27651
220
16
2717
597
2717
308
443
220
17
1158
262
674
5075
28806
74197
4600
6138
369
682
16146
826
198
262
505
57566
1179
326
2739
11790
198
262
571
75
2739
11790
8913
2190
5980
340
262
711
11091
16269
1998
11
503
997
286
674
602
29408
11
503
29408
198
286
422
602
2669
503
512
310
471
220
15
198
286
422
274
1004
60
624
274
3894
10556
310
422
602
489
220
16
624
503
512
394
471
220
15
198
310
471
11091
16269
1998
489
220
16
11
503
482
220
16
340
286
775
512
310
471
220
16
489
1332
1319
278
16269
1998
489
220
16
11
503
705
11091
16269
1998
11
503
482
220
16
1192
262
674
32857
311
6859
1139
597
5596
198
262
36072
284
2273
493
13885
1329
262
11581
284
4416
37509
60
353
320
74
489
220
16
8
369
721
304
2134
1471
489
220
16
5680
262
11581
58
15
1483
15
60
284
220
15
198
262
369
3160
304
2134
7
16
11
308
489
220
16
1680
220
674
1510
39549
3160
198
286
369
296
304
2134
7
16
11
1332
6097
11
3160
443
220
17
8
489
220
16
997
310
369
1212
304
2134
1471
482
3160
489
220
16
997
394
842
284
1212
489
3160
482
220
16
198
394
674
2853
315
3339
274
29563
26874
10
16
60
264
74197
198
394
2853
284
11091
16269
10865
11
842
340
394
422
11581
29563
1483
76
482
220
16
60
489
2853
366
11581
58308
489
220
16
1483
76
10556
504
11581
58308
489
220
16
1483
76
60
284
11581
29563
1483
76
482
220
16
60
489
2853
198
262
471
11581
7824
1483
74
60
422
11581
7824
1483
74
60
976
36072
775
482
16
271
2
1115
8292
16609
279
3984
656
302
18450
627
14196
19884
2028
2373
10489
58303
279
17832
74197
4600
2853
369
1855
39549
323
5829
264
32857
311
17071
279
925
1139
597
1778
5596
11
77391
279
2860
2853
2001
902
5398
82
449
279
6205
7177
2728
304
279
4733
928
13
100265
198