100264
882
198
4518
279
2768
734
12223
323
4733
928
11
7373
4305
279
734
7633
323
1522
682
279
7177
13
3146
5989
4276
70765
3247
13916
50
13
57277
2675
1288
15411
279
2082
499
11041
304
264
67859
2082
2565
320
817
10103
33981
320
20670
690
33316
279
4113
5865
696
14196
4077
1527
20061
1179
1796
1432
755
2694
3659
5341
15880
623
16345
21777
25
1796
19155
1145
597
25
528
8
1492
528
512
262
4304
16644
459
7698
1358
10520
323
264
6928
7698
597
11
11294
279
2694
315
13736
198
262
315
682
13386
2436
315
10520
13
578
2410
315
264
1207
15880
374
4613
439
279
1396
315
198
262
1202
13386
2436
430
2694
311
597
627
1084
262
3494
279
2694
60964
220
605
61
24
489
220
22
627
1084
262
18161
512
286
10520
25
1796
315
26864
1405
220
16
2717
2479
21777
8
2717
220
1041
323
220
16
2717
10520
1004
60
2717
220
605
61
19
198
286
597
25
13791
2694
1405
220
16
2717
597
2717
220
1041
7361
262
5295
512
286
578
2694
315
13736
315
682
13386
2436
60964
220
605
61
24
489
220
22
7361
262
12382
2694
3659
5341
15880
623
16345
2625
16
11
220
17
11
220
18
1145
220
18
340
262
220
21
198
262
12382
2694
3659
5341
15880
623
16345
2625
17
11
220
18
11
220
18
1145
220
20
340
262
220
19
198
262
12382
2694
3659
5341
15880
623
16345
2625
16
11
220
17
11
220
18
1145
220
22
340
262
220
15
198
262
12713
755
1817
73121
997
262
674
14967
1296
5157
505
10507
198
262
2105
9322
2625
16
11
220
17
11
220
18
1145
220
18
8
624
220
21
198
262
2105
9322
2625
17
11
220
18
11
220
18
1145
220
20
8
624
220
19
198
262
2105
9322
2625
16
11
220
17
11
220
18
1145
220
22
8
624
220
15
7361
262
674
11579
2449
1296
198
262
2105
9322
2625
16
1145
220
16
8
624
220
16
7361
262
674
24086
1296
5157
198
262
2105
9322
2625
20
11
220
16
1145
220
20
8
624
220
17
198
262
2105
9322
2625
22
11
220
20
11
220
605
11
220
23
11
220
17
11
220
18
11
220
21
1145
220
19
8
624
220
15
198
262
2105
9322
2625
24
11
220
605
11
220
17
11
220
16
11
220
24
11
220
20
11
220
24
11
220
22
11
220
20
1145
220
17
8
624
220
4146
198
262
2105
9322
2625
20
11
220
23
11
220
23
1145
220
16
8
624
220
15
198
262
2105
9322
2625
16
11
220
18
11
220
22
11
220
23
1145
220
16
8
624
220
23
198
262
2105
9322
2625
23
11
220
16
11
220
16
11
220
23
11
220
22
1145
220
17
8
624
220
23
198
262
2105
9322
2625
20
11
220
16
1145
220
20
8
624
220
22
198
262
2105
9322
2625
18
11
220
1114
11
220
17
11
220
22
1145
220
1114
8
624
220
23
198
262
2105
9322
2625
24
11
220
21
11
220
19
11
220
21
11
220
23
1145
220
24
8
624
220
845
198
262
2105
9322
2625
17
11
220
20
11
220
20
11
220
16
11
220
20
1145
220
21
8
624
220
1187
7361
262
674
81908
1296
5157
198
262
2105
9322
2625
1682
11
220
2491
11
220
5932
11
220
24
11
220
1644
11
220
845
11
220
1399
11
220
1682
11
220
4370
11
220
1954
11
220
17
11
220
4767
11
220
2096
11
220
1644
11
220
975
11
220
1187
11
220
5958
1145
220
3226
8
624
220
15573
1927
7361
262
674
3475
449
682
1890
2819
198
262
2105
9322
2625
23
60
353
220
1041
11
220
975
8
624
220
15
7361
262
674
22872
1296
5157
449
3685
16674
198
262
10520
16
284
510
23
11
20
11
21
11
24
11
23
11
21
11
20
11
21
11
18
11
605
11
17
11
17
11
18
11
19
11
21
11
19
11
19
11
605
11
17
11
20
11
17
11
23
11
20
11
16
11
16
11
16
11
19
11
18
11
17
11
16
11
19
11
605
11
20
11
24
11
18
11
19
11
20
11
18
11
24
11
605
11
19
11
24
11
23
11
19
11
20
11
19
11
22
11
21
11
23
11
20
11
24
11
18
11
23
11
17
11
23
11
24
11
18
11
22
11
16
11
16
11
18
11
16
11
17
11
17
11
605
11
17
11
17
11
23
11
17
11
20
11
19
11
24
11
19
11
23
11
23
11
17
11
605
11
16
11
605
11
18
11
19
11
20
11
18
11
605
11
24
11
24
11
20
11
17
11
24
11
21
11
22
11
21
11
605
11
605
11
20
11
605
11
24
11
18
11
23
11
18
933
262
2105
9322
21777
16
11
220
717
8
624
220
16496
15666
9263
7361
262
10520
17
284
510
914
11
2166
11
2721
11
1806
11
3080
11
4218
11
6069
11
1135
11
1484
11
975
11
1544
11
3080
11
2031
11
1958
11
3391
11
5547
11
16
11
5932
11
2421
11
1032
11
4218
11
24
11
1032
11
1806
11
1927
11
2983
11
843
11
1691
11
19
11
5958
11
2096
11
2421
11
845
11
6028
11
845
11
4370
11
5728
11
1958
11
1544
11
4643
11
2148
11
2397
11
2983
11
2495
11
868
11
1272
11
4643
11
1544
11
17
11
18
11
2131
11
508
11
6281
11
5495
11
5547
11
1591
11
777
11
972
11
868
11
914
11
20
11
508
11
806
11
1032
11
717
11
2148
11
914
11
1490
11
1032
11
6086
11
2721
11
4044
11
4161
11
4643
11
17
11
6069
11
1927
11
3076
11
2614
11
6086
11
3174
11
1313
11
6365
11
1032
11
806
11
5728
11
1682
11
6281
11
1272
11
2495
11
605
11
3226
11
717
11
19
11
1490
11
966
11
3174
11
5958
11
1227
11
4578
933
262
2105
9322
21777
17
11
220
1041
8
624
220
16955
8874
13121
7361
262
10520
18
284
510
605
11
19
11
18
11
16
11
605
11
17
11
20
11
19
11
19
11
20
11
17
11
17
11
18
11
18
11
24
11
24
11
605
11
17
11
605
11
18
11
21
11
18
11
18
11
24
11
24
11
23
11
16
11
17
11
22
11
23
11
18
11
22
11
18
11
18
11
18
11
16
11
17
11
605
11
20
11
19
11
605
11
19
11
23
11
19
11
21
11
605
11
24
11
21
11
24
11
16
11
17
11
21
11
17
11
605
11
23
11
17
11
17
11
19
11
17
11
20
11
605
11
605
11
24
11
23
11
17
11
20
11
21
11
20
11
18
11
18
11
16
11
19
11
22
11
605
11
605
11
24
11
22
11
19
11
19
11
18
11
605
11
24
11
21
11
605
11
22
11
24
11
605
11
16
11
19
11
605
11
21
11
22
11
17
11
21
11
24
11
20
11
23
11
21
11
23
11
24
933
262
2105
9322
21777
18
11
220
24
8
624
220
13679
21251
20224
7361
262
10520
19
284
510
23
11
605
11
23
11
24
11
16
11
17
11
20
11
605
11
19
11
17
11
23
11
22
11
23
11
22
11
19
11
24
11
19
11
23
11
21
11
16
11
24
11
20
11
20
11
17
11
21
11
16
11
17
11
19
11
605
11
19
11
21
11
16
11
23
11
18
11
18
11
20
11
17
11
20
11
605
11
16
11
20
11
17
11
19
11
605
11
24
11
17
11
22
11
24
11
18
11
23
11
24
11
21
11
20
11
23
11
605
11
18
11
20
11
21
11
23
11
605
11
18
11
20
11
17
11
17
11
21
11
19
11
16
11
24
11
20
11
19
11
24
11
19
11
19
11
16
11
605
11
20
11
20
11
23
11
24
11
22
11
22
11
24
11
605
11
21
11
24
11
16
11
22
11
16
11
16
11
16
11
22
11
605
11
21
11
605
11
17
11
18
11
18
11
24
11
18
11
20
933
262
2105
9322
21777
19
11
220
21
8
624
220
21098
17306
7994
271
2
5560
1817
20292
3659
5341
15880
623
16345
8
311
1629
7177
627
74694
100265
198
100264
78191
198
14196
4077
1527
57566
1179
326
2739
11790
271
27557
284
220
605
334
24
489
220
22
271
755
2410
3259
6753
54972
21777
11
597
997
262
3270
262
13202
32857
430
58303
279
1396
315
75605
315
279
2728
320
9181
8
1160
198
262
6832
2694
374
7041
597
13
1115
374
2884
555
88335
1555
279
5219
323
198
262
20958
264
11581
1358
1405
11581
12144
60
374
279
1396
315
5627
311
636
2694
274
779
3117
627
262
578
32857
8640
304
507
7046
21777
4911
74
8
892
902
374
43303
2533
597
2717
220
1041
627
262
3270
262
11581
284
510
15
60
353
320
74
489
220
16
340
262
11581
58
15
60
284
220
16
220
674
4384
27084
37498
311
220
15
198
262
369
1661
304
10520
512
286
674
8442
2980
37498
709
311
597
198
286
369
274
304
2134
6097
11
1661
482
220
16
11
482
16
997
310
11581
12144
60
284
320
9996
12144
60
489
11581
12144
482
1661
2526
1034
19186
198
262
471
11581
6874
2595
755
27084
646
6370
54972
21777
11
2218
997
262
3270
262
5295
279
1396
315
75605
315
364
27447
6
6832
2694
374
6273
311
364
5775
24482
262
39923
264
32857
1358
320
1962
51362
8
369
15374
627
262
3270
262
308
284
2479
21777
340
262
11581
284
510
15
60
353
320
5775
489
220
16
340
262
11581
58
15
60
284
220
16
198
262
369
1661
304
10520
512
286
369
274
304
2134
8807
11
1661
482
220
16
11
482
16
997
310
11581
12144
60
284
320
9996
12144
60
489
11581
12144
482
1661
2526
1034
19186
198
262
471
11581
58133
2595
755
2694
3659
5341
15880
623
16345
21777
11
597
997
262
3270
262
66075
279
2694
927
682
13386
2436
315
364
27447
6
315
279
1396
315
198
262
13386
2436
6832
2694
17239
597
13
9062
1207
15880
44072
220
16
422
198
262
1202
2694
374
597
11
779
279
2860
374
1120
279
1396
315
1778
13386
2436
627
262
8876
1475
1207
15880
374
31094
320
16564
279
4384
832
422
597
419
15
1350
262
584
1005
27084
2694
32857
311
1797
682
13386
2436
320
1962
1120
67603
340
262
430
2694
311
597
382
262
7181
25
578
4384
1207
15880
1193
44072
422
597
624
220
15
11
719
2533
597
2669
220
16
198
262
555
17413
11
584
656
539
617
311
11196
922
433
382
262
18161
512
286
10520
25
1160
315
6928
26864
320
66412
304
10137
340
286
597
25
2218
2694
320
31587
7698
2717
220
1041
696
262
5295
512
286
578
1797
315
682
13386
2436
315
10520
6832
2694
374
7041
597
345
286
60964
220
16
68
24
10
22
627
262
3270
262
674
9393
1475
1207
15880
649
387
14454
555
19301
477
539
19301
1855
2449
345
262
674
584
1005
264
32857
430
369
1855
3284
2694
709
311
597
14921
1268
1690
5627
311
1376
433
198
262
674
1701
904
27084
315
279
15590
5219
779
3117
627
262
674
578
2860
4320
374
11581
6874
27218
262
471
27084
646
6370
54972
21777
11
597
340
14196
4077
100265
198
100264
882
271
7927
3766
4879
4745
279
7177
13
5810
596
279
1493
512
6687
1445
320
3646
3293
1650
1566
997
220
2958
36674
23
47
23
75
44
3143
20507
20
7345
498
1584
220
4513
11
304
366
4450
397
262
1817
20292
3659
5341
15880
623
16345
340
220
2958
36674
23
47
23
75
44
3143
20507
20
7345
498
1584
220
1591
11
304
1817
198
262
2105
9322
2625
16
11
220
17
11
220
18
1145
220
18
8
624
220
21
198
1881
6440
62824
62824
62824
62824
62824
62824
22634
61
198
69739
1480
14963
1271
312
42612
11
420
374
701
3465
25
4557
279
2768
734
12223
323
4733
928
11
7373
4305
279
734
7633
323
1522
682
279
7177
13
3146
5989
4276
70765
3247
13916
50
13
57277
2675
1288
15411
279
2082
499
11041
304
264
67859
2082
2565
320
817
10103
33981
320
20670
690
33316
279
4113
5865
8
100265
198
100264
78191
198
14196
4077
1527
57566
1179
326
2739
11790
198
1527
20061
1179
1796
271
27557
284
220
605
3146
220
24
489
220
22
271
755
2694
3659
5341
15880
623
16345
21777
25
1796
19155
1145
597
25
528
8
1492
528
512
262
3270
262
66075
279
2694
927
682
13386
2436
315
364
27447
6
315
279
1396
315
1884
198
262
6832
2694
17239
597
13
9062
1207
15880
14921
3131
422
1202
2694
9248
597
627
262
578
1121
374
279
1797
315
1778
13386
2436
60964
220
16
68
24
10
22
627
262
1115
374
13890
311
26060
279
1396
315
75605
315
10520
430
2694
311
597
627
262
39923
264
5410
27084
76911
32857
449
507
1471
353
597
8
892
323
507
6097
8
3634
382
262
18161
512
286
10520
25
1796
19155
933
286
597
25
528
271
262
5295
512
286
528
25
578
2631
2694
315
13736
320
8370
374
279
1797
8
60964
19186
198
262
3270
262
308
284
2479
21777
340
262
674
11581
12144
60
284
1396
315
75605
430
2694
311
274
1701
5540
12146
779
3117
198
262
11581
284
510
15
60
353
320
74
489
220
16
340
262
11581
58
15
60
284
220
16
220
674
4384
27084
198
262
369
1661
304
10520
512
286
674
30729
29512
311
5766
1701
279
1890
2449
5361
3115
198
286
369
274
304
2134
6097
11
1661
482
220
16
11
482
16
997
310
11581
12144
60
1447
11581
12144
482
1661
933
310
422
11581
12144
60
2669
19186
512
394
11581
12144
60
6110
19186
198
262
471
11581
6874
60
1034
19186
198
14196
4077
100265
198
100264
882
271
7927
3766
4879
4745
279
7177
13
5810
596
279
1493
512
6687
1445
320
3646
3293
1650
1566
997
220
2958
36674
82
15
33
69
2075
83
18
43
24
7345
498
1584
220
3534
11
304
366
4450
397
262
1817
20292
3659
5341
15880
623
16345
340
220
2958
36674
82
15
33
69
2075
83
18
43
24
7345
498
1584
220
1591
11
304
1817
198
262
2105
9322
2625
16
11
220
17
11
220
18
1145
220
18
8
624
220
21
198
1881
6440
62824
62824
62824
62824
62824
62824
22634
61
198
69739
1480
14963
1271
312
42612
11
420
374
701
3465
25
4557
279
2768
734
12223
323
4733
928
11
7373
4305
279
734
7633
323
1522
682
279
7177
13
3146
5989
4276
70765
3247
13916
50
13
57277
2675
1288
15411
279
2082
499
11041
304
264
67859
2082
2565
320
817
10103
33981
320
20670
690
33316
279
4113
5865
8
100265
198
100264
78191
198
14196
4077
1527
20061
1179
1796
271
755
2694
3659
5341
15880
623
16345
21777
25
1796
19155
1145
597
25
528
8
1492
528
512
262
3270
262
16644
459
7698
1358
10520
323
2218
597
11
4780
279
1396
315
13386
2436
198
262
6832
2694
374
7041
597
13
9062
1207
15880
374
31094
3131
320
16564
279
198
262
4384
1207
15880
422
597
624
220
15
11
719
597
2669
220
16
824
17413
570
578
4320
374
198
262
6052
60964
220
605
61
24
489
220
22
382
262
578
50765
37072
96354
369
279
2860
1396
315
13386
2436
374
512
286
1789
1855
27084
315
279
220
17
61
2963
21777
8
3284
75605
11
422
1202
2694
374
597
345
286
433
44072
220
16
311
279
4320
13
2100
584
1205
311
1797
1268
1690
75605
2694
311
597
382
262
1226
1005
264
8915
15840
5603
512
286
11581
12144
60
284
1396
315
5627
311
636
2694
274
1701
264
27084
315
279
15590
5219
382
262
1789
1475
1396
11
584
2713
279
11581
1358
29512
311
5766
26060
279
198
262
1890
2449
5361
3115
304
832
27084
382
262
18161
512
286
10520
320
861
19155
25312
1796
315
6928
26864
198
286
597
320
396
1680
13791
2694
320
16
2717
597
2717
220
1041
696
262
5295
512
286
528
25
578
1797
315
682
13386
2436
6832
2694
374
597
11
60964
220
16
68
24
10
22
198
262
3270
262
1491
284
220
605
3146
220
24
489
220
22
198
262
11581
284
510
15
60
353
320
74
489
220
16
340
262
11581
58
15
60
284
220
16
220
674
23020
1207
15880
198
262
369
1661
304
10520
512
286
674
55440
29512
779
1855
2449
374
1511
520
1455
3131
304
264
27084
198
286
369
274
304
2134
6097
11
1661
482
220
16
11
482
16
997
310
11581
12144
60
284
320
9996
12144
60
489
11581
12144
482
1661
2526
1034
1491
198
262
471
11581
6874
60
422
597
2717
2479
21777
8
353
1973
21777
8
775
220
15
220
674
49071
320
1962
26549
4460
340
14196
4077
100265
198