100264
882
198
4518
279
2768
734
12223
323
4733
928
11
7373
4305
279
734
7633
323
1522
682
279
7177
13
3146
5989
4276
70765
3247
13916
50
13
57277
2675
1288
15411
279
2082
499
11041
304
264
67859
2082
2565
320
817
10103
33981
320
20670
690
33316
279
4113
5865
696
14196
4077
1527
20061
1179
1796
1432
755
2694
18377
22298
34064
21777
25
1796
19155
2526
1492
528
512
262
4304
21157
279
2694
315
68331
5219
315
682
1207
67993
315
279
2728
1358
627
1084
262
578
68331
1396
315
459
1358
374
4613
439
279
1396
315
15285
602
320
15
2717
602
366
308
12
16
8
720
262
304
279
10839
1358
1405
10839
3943
1004
10
16
60
482
10839
3943
1004
60
871
220
16
627
1084
262
362
1207
1686
374
264
67603
2536
40533
8668
315
5540
2949
459
1358
627
1084
262
18161
512
286
10520
25
362
1160
315
26864
1405
220
16
2717
2479
21777
8
2717
220
1041
15
323
220
16
2717
10520
1004
60
2717
2479
21777
340
1084
262
5295
512
286
578
2694
315
68331
5219
315
682
1207
67993
7361
262
12382
2694
18377
22298
34064
2625
17
11
220
18
11
220
16
11
220
19
2608
262
220
18
198
262
12382
2694
18377
22298
34064
2625
16
11
220
18
11
220
18
11
220
18
11
220
20
2608
262
220
23
198
262
12713
755
1817
73121
997
262
674
3475
5157
505
279
3575
198
262
2105
9322
2625
17
11
220
18
11
220
16
11
220
19
2526
624
220
18
198
262
2105
9322
2625
16
11
220
18
11
220
18
11
220
18
11
220
20
2526
624
220
23
7361
262
674
24086
1296
5157
198
262
2105
9322
2625
20
2526
624
220
15
198
262
2105
9322
2625
19
2526
624
220
15
198
262
2105
9322
2625
16
2526
624
220
15
198
262
2105
9322
2625
17
11
220
22
2526
624
220
16
198
262
2105
9322
2625
17
11
220
17
2526
624
220
15
198
262
2105
9322
2625
19
11
220
16
2526
624
220
16
198
262
2105
9322
2625
17
11
220
18
11
220
18
2526
624
220
15
198
262
2105
9322
2625
17
11
220
22
2526
624
220
15
7361
262
674
20902
1296
1162
449
682
220
16
82
198
262
2105
9322
2625
16
60
353
220
1041
15
8
624
220
15
7361
262
674
3475
1162
220
24
198
262
2105
9322
2625
21312
11
220
18162
11
220
9741
11
220
19746
11
220
16371
11
220
18163
11
220
15189
11
220
19746
11
220
1227
11
220
9748
11
220
24380
11
220
10562
11
220
14777
11
220
5894
11
220
22507
11
220
17267
11
220
4767
11
220
21675
11
220
24199
11
220
21675
11
220
1419
11
220
20363
11
220
20973
11
220
23467
11
220
21295
11
220
21469
11
220
11068
11
220
16949
11
220
17408
11
220
4218
11
220
21856
11
220
21776
11
220
1135
11
220
22507
11
220
2970
11
220
21299
11
220
20758
11
220
17711
11
220
5538
11
220
23000
11
220
13895
11
220
7261
11
220
11256
11
220
24430
11
220
19038
11
220
23459
11
220
23929
11
220
12935
11
220
22345
11
220
8874
11
220
10410
11
220
18509
11
220
23
11
220
12326
11
220
21741
11
220
11068
11
220
1758
11
220
19274
11
220
7322
11
220
21290
11
220
11739
11
220
3101
11
220
23525
11
220
21144
11
220
8258
11
220
18384
11
220
10718
11
220
25513
11
220
20354
11
220
9870
11
220
18265
11
220
4364
11
220
2618
11
220
21312
11
220
16949
11
220
23000
11
220
15189
11
220
3174
11
220
21129
11
220
23467
11
220
843
11
220
22422
11
220
8878
11
220
6860
11
220
22266
11
220
13895
11
220
21235
11
220
21856
11
220
17228
11
220
10148
11
220
22638
11
220
22744
11
220
18495
11
220
17
11
220
20744
11
220
17458
11
220
11515
11
220
12422
11
220
9714
11
220
6640
11
220
19770
11
220
23929
11
220
10288
11
220
10898
11
220
19242
11
220
8929
11
220
8610
11
220
9992
11
220
12326
11
220
10861
11
220
3174
11
220
23736
11
220
22488
11
220
14870
11
220
23493
11
220
17313
11
220
2031
11
220
22507
11
220
22600
11
220
10132
11
220
12326
11
220
11515
11
220
5833
11
220
14261
11
220
6550
11
220
6843
11
220
18572
11
220
16949
11
220
8899
11
220
1682
11
220
4767
11
220
21789
11
220
19282
11
220
17814
11
220
20555
11
220
17711
11
220
22058
11
220
1644
11
220
23477
11
220
9992
11
220
24574
11
220
11256
11
220
20767
11
220
14777
11
220
1187
11
220
10828
11
220
19140
11
220
20911
11
220
22058
11
220
12245
11
220
21600
11
220
25168
11
220
20502
11
220
9748
11
220
19867
11
220
17252
11
220
19642
11
220
18517
11
220
10828
11
220
1927
11
220
10125
11
220
18061
11
220
12405
11
220
16707
11
220
16596
11
220
6086
11
220
20911
11
220
19608
11
220
20758
11
220
23578
11
220
20253
11
220
20153
11
220
8273
11
220
25090
11
220
24430
11
220
18695
11
220
21177
11
220
9690
11
220
8027
11
220
21177
11
220
12245
11
220
17897
11
220
20304
11
220
20153
11
220
17153
11
220
11584
11
220
3264
11
220
10828
11
220
19038
11
220
19869
11
220
15951
11
220
21239
11
220
17609
11
220
1958
11
220
18660
11
220
1644
11
220
19929
11
220
11387
11
220
22640
11
220
24307
11
220
21897
11
220
13506
11
220
17
11
220
1544
11
220
19869
11
220
2614
11
220
12994
11
220
10568
11
220
16367
11
220
2397
11
220
14417
11
220
10680
11
220
9716
11
220
22663
11
220
16874
11
220
17264
11
220
17608
11
220
22640
11
220
20213
11
220
12994
11
220
15828
11
220
8027
11
220
5547
11
220
20767
11
220
20691
11
220
17458
11
220
4643
11
220
4513
11
220
4278
11
220
1627
11
220
17416
11
220
21209
11
220
19773
11
220
10828
11
220
13762
11
220
17814
11
220
19140
11
220
4218
11
220
22005
11
220
12463
11
220
20436
11
220
11771
11
220
12326
11
220
23802
11
220
19391
11
220
9716
11
220
22977
11
220
23736
11
220
18625
11
220
21458
11
220
10005
11
220
24307
11
220
14185
11
220
18625
11
220
23864
11
220
16460
11
220
21985
11
220
22049
11
220
9714
11
220
22369
11
220
16723
11
220
21330
11
220
10290
11
220
15515
11
220
15951
11
220
22640
11
220
4161
11
220
1627
11
220
10617
11
220
19081
11
220
25168
11
220
24239
11
220
19695
11
220
13104
11
220
7461
11
220
10288
11
220
15189
11
220
23929
11
220
3487
11
220
21717
11
220
16544
11
220
18
11
220
9079
11
220
1114
11
220
20618
11
220
21969
11
220
2790
11
220
23816
11
220
23193
11
220
5833
11
220
4161
11
220
22424
11
220
21600
11
220
23816
11
220
16949
11
220
14185
11
220
11286
11
220
18
11
220
18113
11
220
9741
11
220
21
11
220
20775
11
220
17048
11
220
21144
11
220
21969
11
220
20963
11
220
22507
11
220
12112
11
220
20698
11
220
12405
11
220
15231
11
220
8027
11
220
6083
11
220
8546
11
220
15573
11
220
19038
11
220
7261
11
220
3264
11
220
21884
11
220
1758
11
220
16955
11
220
10336
11
220
17814
11
220
19282
11
220
5958
11
220
25392
11
220
23929
11
220
24239
11
220
9423
11
220
5120
11
220
19808
11
220
5926
11
220
24491
11
220
2397
11
220
21299
11
220
5154
11
220
1544
11
220
15726
11
220
5925
11
220
21123
11
220
8652
11
220
23024
11
220
22422
11
220
8610
11
220
11908
11
220
2550
11
220
20224
11
220
17337
11
220
22345
11
220
17313
11
220
14274
11
220
16780
11
220
6640
11
220
14417
11
220
5538
11
220
21404
11
220
9378
11
220
24380
11
220
24734
11
220
17698
11
220
20936
11
220
13895
11
220
23906
11
220
16718
11
220
24239
11
220
22608
11
220
17058
11
220
9565
11
220
3443
11
220
12060
11
220
21404
11
220
18415
11
220
13121
11
220
16085
11
220
18625
11
220
10828
11
220
10841
11
220
11738
11
220
9716
11
220
22005
11
220
9565
11
220
18695
11
220
21876
11
220
24313
11
220
22086
11
220
4364
11
220
17306
11
220
22768
11
220
22287
11
220
20360
11
220
10465
11
220
23409
11
220
17313
11
220
20339
11
220
22210
11
220
21949
11
220
2550
11
220
20963
11
220
12533
11
220
6393
11
220
24054
11
220
7007
11
220
11584
11
220
17079
11
220
18216
11
220
19057
11
220
18136
11
220
5925
11
220
12533
11
220
22529
11
220
22266
11
220
9591
11
220
18495
11
220
11247
11
220
5547
11
220
8011
11
220
2618
11
220
23477
11
220
22422
11
220
22287
11
220
12405
11
220
23736
11
220
17458
11
220
17048
11
220
22468
11
220
22507
11
220
22874
11
220
22048
11
220
11247
11
220
13460
11
220
1272
11
220
10943
11
220
11771
11
220
10513
11
220
19673
11
220
10841
11
220
6804
11
220
19282
11
220
22058
11
220
20823
11
220
15828
11
220
18501
11
220
23428
11
220
23459
11
220
23409
11
220
17735
11
220
2495
11
220
15633
11
220
19162
11
220
20502
11
220
15573
11
220
1774
11
220
717
11
220
25392
11
220
2550
11
220
23467
11
220
21824
11
220
22424
11
220
19929
11
220
15828
11
220
14022
11
220
1399
11
220
21985
11
220
24887
11
220
9378
11
220
13762
11
220
20354
11
220
14185
11
220
17786
11
220
18495
11
220
22926
11
220
14261
11
220
20165
11
220
19
11
220
10148
11
220
20758
11
220
12226
11
220
20866
11
220
16723
11
220
5154
11
220
10841
11
220
24313
11
220
10617
11
220
19869
11
220
3080
11
220
19274
11
220
21458
11
220
19773
11
220
22385
11
220
25150
11
220
17335
11
220
15231
11
220
8848
11
220
2614
11
220
9870
11
220
23477
11
220
24313
11
220
18277
11
220
22801
11
220
15282
11
220
1032
11
220
18349
11
220
21949
11
220
18322
11
220
24427
11
220
9079
11
220
16718
11
220
16332
11
220
17897
11
220
17058
11
220
15531
11
220
23103
11
220
10350
11
220
19988
11
220
2137
11
220
13506
11
220
10697
11
220
10750
11
220
23493
11
220
13121
11
220
16546
11
220
12112
11
220
21310
11
220
14245
11
220
7699
11
220
23000
11
220
21851
11
220
8765
11
220
17897
11
220
20749
11
220
1114
11
220
22467
11
220
23888
11
220
5067
11
220
14487
11
220
8652
11
220
22905
11
220
21018
11
220
1987
11
220
914
11
220
10559
11
220
20873
11
220
20973
11
220
18061
11
220
22977
11
220
1644
11
220
21851
11
220
21235
11
220
21944
11
220
6550
11
220
22874
11
220
20235
11
220
5332
11
220
5538
11
220
24388
11
220
19666
11
220
15666
11
220
23670
11
220
24735
11
220
24887
11
220
8011
11
220
12815
11
220
13236
11
220
17252
11
220
14374
11
220
14125
11
220
19597
11
220
24
11
220
18517
11
220
3080
11
220
8027
11
220
17662
11
220
10410
11
220
7028
11
220
21469
11
220
15741
11
220
19
11
220
25289
11
220
22801
11
220
22507
11
220
23411
11
220
25298
11
220
19852
11
220
6393
11
220
17887
11
220
13895
11
220
24313
11
220
24239
11
220
14125
11
220
1272
11
220
20936
11
220
11483
11
220
14423
11
220
2946
11
220
15515
11
220
2148
11
220
23864
11
220
16723
11
220
914
11
220
24199
11
220
21
11
220
16546
11
220
23477
11
220
17814
11
220
18781
11
220
24427
11
220
19673
11
220
23000
11
220
21098
11
220
14868
11
220
10967
11
220
9588
11
220
25073
11
220
6280
11
220
20571
11
220
18517
11
220
8027
11
220
10898
11
220
21177
11
220
1758
11
220
20823
11
220
8953
11
220
16707
11
220
17662
11
220
6393
11
220
2813
11
220
2721
11
220
21404
11
220
15282
11
220
12171
11
220
12994
11
220
23906
11
220
20325
11
220
15451
11
220
20253
11
220
21675
11
220
17678
11
220
20698
11
220
20385
11
220
13104
11
220
14648
11
220
21741
11
220
16780
11
220
11068
11
220
13860
11
220
8011
11
220
16596
11
220
21469
11
220
11727
11
220
7507
11
220
22895
11
220
19697
11
220
10841
11
220
12676
11
220
18495
11
220
25392
11
220
23578
11
220
22467
11
220
14498
11
220
21235
11
220
12112
11
220
23654
11
220
5958
11
220
14052
11
220
7507
11
220
21505
11
220
17763
11
220
4386
11
220
12166
11
220
16590
11
220
20165
11
220
9565
11
220
12375
11
220
24427
11
220
22895
11
220
23033
11
220
18017
11
220
23292
11
220
17416
11
220
17416
11
220
16460
11
220
2491
11
220
8953
11
220
23816
11
220
14374
11
220
16332
11
220
21788
11
220
11242
11
220
18495
11
220
21876
11
220
22418
11
220
10559
11
220
17451
11
220
20460
11
220
21949
11
220
20360
11
220
24187
11
220
21618
11
220
21177
11
220
21791
11
220
4643
11
220
914
11
220
21006
11
220
10680
11
220
15189
11
220
11227
11
220
1049
11
220
11483
11
220
11256
11
220
1490
11
220
6281
11
220
9800
11
220
25090
11
220
10562
11
220
17228
11
220
8546
11
220
17267
11
220
24380
11
220
1954
11
220
21962
11
220
14735
11
220
17574
11
220
16874
11
220
21228
11
220
1419
11
220
21038
11
220
19162
11
220
18517
2526
624
220
16723
18775
1591
271
2
5560
1817
20292
18377
22298
34064
8
311
1629
7177
627
74694
100265
198
100264
78191
198
74694
12958
198
1527
20061
1179
1796
271
755
2694
18377
22298
34064
21777
25
1796
19155
2526
1492
528
512
262
308
284
2479
21777
340
262
674
16347
279
1358
311
12849
68331
3196
389
10839
2819
198
262
10839
52975
284
10839
21777
340
262
68331
284
220
15
198
262
674
4605
279
1396
315
24894
13840
1405
279
6811
871
220
16
198
262
369
602
304
2134
1471
482
220
16
997
286
422
10839
52975
1004
489
220
16
60
482
10839
52975
1004
60
871
220
16
512
310
68331
1447
220
16
198
262
674
4800
1797
19564
505
682
1207
67993
1701
279
15150
512
262
674
7357
2449
520
2361
602
320
15
6108
8
374
279
1314
842
315
320
72
10
16
18201
77
18064
8
1207
67993
345
262
674
323
2163
842
315
320
72
18201
77
18064
8
1207
67993
11
779
2860
1207
67993
8649
602
374
320
72
10
16
18201
77
18064
8
482
602
6737
77
18064
340
262
674
2030
433
596
8831
311
1005
28286
25
369
1855
1212
326
323
842
436
320
75
2717
436
705
682
5219
304
1207
1686
527
31094
198
262
674
719
279
68331
374
1193
922
279
10839
1358
596
33251
26
779
264
2167
507
1471
61
17
8
1053
387
65198
81149
345
262
674
719
264
47578
1648
25
5296
430
1855
13225
1990
10839
2819
44072
311
1475
1207
1686
430
5764
198
262
674
2225
5540
315
279
13225
13
2100
369
13225
1990
602
323
602
10
16
304
10839
1358
11
433
374
31094
304
682
1207
67993
198
262
674
430
2997
2225
10839
52975
1004
60
323
10839
52975
1004
10
16
948
578
1396
315
1778
1207
67993
284
5268
315
326
323
436
198
262
674
449
326
2717
7335
16
323
436
2669
7335
17
1405
7335
16
22112
11
7335
17
22112
10
16
198
262
674
902
17239
320
72
10
16
18201
77
8172
72
10
16
595
284
320
72
10
16
18201
77
18064
12
16
340
262
2860
284
220
15
198
262
674
1789
1855
13225
1990
602
323
602
10
16
304
10839
1358
198
262
369
602
304
2134
1471
482
220
16
997
286
3722
284
10839
52975
1004
489
220
16
60
482
10839
52975
1004
933
286
422
3722
871
220
16
512
310
2163
63009
284
602
489
220
16
257
674
649
5268
326
505
220
15
497
72
198
310
1314
63009
284
308
482
320
72
489
220
16
8
220
674
649
5268
436
505
602
10
16
497
77
12
16
198
310
2860
1447
2163
63009
353
1314
63009
198
262
471
2860
198
14196
4077
100265
198
100264
882
271
7927
3766
4879
4745
279
7177
13
5810
596
279
1493
512
6687
1445
320
3646
3293
1650
1566
997
220
2958
36674
39
17
71
2075
321
51
22
32
7345
498
1584
220
2075
11
304
366
4450
397
262
1817
20292
18377
22298
34064
340
220
2958
36674
39
17
71
2075
321
51
22
32
7345
498
1584
220
1627
11
304
1817
198
262
2105
9322
2625
17
11
220
18
11
220
16
11
220
19
2526
624
220
18
198
1881
6440
62824
62824
62824
62824
62824
62824
22634
61
198
69739
1480
14963
1271
312
42612
11
420
374
701
3465
25
4557
279
2768
734
12223
323
4733
928
11
7373
4305
279
734
7633
323
1522
682
279
7177
13
3146
5989
4276
70765
3247
13916
50
13
57277
2675
1288
15411
279
2082
499
11041
304
264
67859
2082
2565
320
817
10103
33981
320
20670
690
33316
279
4113
5865
8
100265
198
100264
78191
198
74694
12958
198
1527
20061
1179
1796
271
755
2694
18377
22298
34064
21777
25
1796
19155
2526
1492
528
512
262
3270
262
21157
279
2694
315
68331
5219
315
682
1207
67993
315
279
2728
1358
382
262
578
68331
1396
369
264
8668
320
9493
10839
8
374
279
1396
315
24894
198
262
13840
320
72
11
602
10
16
8
1778
430
10839
24667
1004
10
16
60
482
10839
24667
1004
60
871
220
16
382
262
1789
1855
1778
13225
304
279
10839
2373
315
279
4553
1358
11
584
1205
311
1797
1268
198
262
1690
1207
67993
315
279
4113
1358
6782
2225
5540
6532
304
430
13225
382
262
6914
279
10839
1358
387
328
58
15
497
76
12
16
948
220
1789
1855
602
505
220
15
311
296
12
17
1405
328
1004
10
16
60
482
328
1004
60
871
220
16
345
262
279
1403
5540
328
1004
60
323
328
1004
10
16
60
2011
2225
10457
304
1063
1207
1686
315
279
4113
10520
627
262
578
1396
315
1207
67993
430
2997
2225
328
1004
60
323
328
1004
10
16
60
374
512
286
2163
8917
353
1314
8917
198
262
1405
198
286
2163
8917
284
320
72
489
220
16
8
256
674
326
649
387
505
220
15
311
602
320
99461
340
286
1314
8917
284
320
76
482
320
72
489
220
16
595
220
674
436
649
387
505
320
72
10
16
8
311
320
76
12
16
8
320
99461
340
262
2100
279
2860
19035
315
420
13225
374
320
72
489
220
16
8
353
320
76
482
602
482
220
16
3677
262
2030
311
1797
682
1207
67993
430
6782
353
21704
9
5540
320
1610
30920
315
872
2015
304
279
1207
1686
1350
262
584
2011
2980
682
57115
315
279
1403
2819
304
279
4113
1358
323
1797
1207
67993
430
2997
198
262
520
3325
832
1963
449
907
328
1004
60
323
520
3325
832
449
907
328
1004
10
16
948
4452
11
279
3575
596
4733
928
198
262
323
1296
5157
13519
279
68331
374
25157
389
279
10839
2373
315
279
8662
17328
1358
320
1962
824
1207
1686
1350
262
323
279
68331
1396
369
279
4459
1358
374
5042
279
1797
315
1778
24894
33251
13
4452
345
262
279
3488
17501
369
279
31835
3083
6654
92360
8606
16322
45216
3083
13398
16532
15239
50
13
3011
3445
369
1475
1207
1686
345
262
584
2011
12849
1202
1866
68331
1396
320
72
1770
2637
3460
433
323
1797
1202
33251
871
16
705
323
923
1124
682
382
262
2030
430
1053
387
507
1471
61
17
1515
308
705
902
374
2288
6435
369
308
28
1041
15
13
578
1296
25283
279
4320
369
510
17
11
18
11
16
11
19
60
311
387
220
18
345
262
323
369
510
16
11
18
11
18
11
18
11
20
60
311
387
220
23
13
578
4495
5603
374
25
1789
1855
1207
1686
320
75
16262
705
3460
433
11
323
369
1855
198
262
24894
6857
304
279
10839
2373
11
1797
279
871
16
6811
11
323
2694
1521
14921
927
682
320
75
16262
3677
262
4452
11
279
17413
320
77
28
1041
15
8
1304
420
507
1471
61
18
8
304
279
12047
1162
422
11798
4415
3210
13
2030
3411
520
279
1296
198
262
5157
11
279
6205
510
17
11
18
11
16
11
19
60
706
220
605
1207
67993
13
6914
596
12849
279
68331
1396
369
1855
1473
262
14416
59768
682
1207
67993
315
510
17
11
18
11
16
11
19
60
320
605
304
2860
705
3460
1855
11
1797
68331
1473
262
220
16
13
510
17
60
11651
10839
510
17
60
11651
220
15
198
262
220
17
13
510
18
60
11651
510
18
60
11651
220
15
198
262
220
18
13
510
16
60
11651
510
16
60
11651
220
15
198
262
220
19
13
510
19
60
11651
510
19
60
11651
220
15
198
262
220
20
13
510
17
11
18
60
11651
510
17
11
18
60
11651
3722
28
16
11651
220
15
198
262
220
21
13
510
17
11
16
60
11651
510
16
11
17
60
11651
3722
28
16
11651
220
15
198
262
220
22
13
510
17
11
19
60
11651
510
17
11
19
60
11651
3722
28
17
29
16
11651
220
16
198
262
220
23
13
510
18
11
16
60
11651
510
16
11
18
60
11651
3722
28
17
29
16
11651
220
16
198
262
220
24
13
510
18
11
19
60
11651
510
18
11
19
60
11651
3722
28
16
11651
220
15
198
262
220
605
13
510
16
11
19
60
11651
510
16
11
19
60
11651
3722
28
18
29
16
11651
16
198
262
220
806
13
510
17
11
18
11
16
60
11651
510
16
11
17
11
18
60
11651
88047
25
220
16
11
16
11651
15
198
262
220
717
13
510
17
11
16
11
19
60
11651
510
16
11
17
11
19
60
11651
88047
25
16
11
17
11651
1193
220
17
29
16
11651
16
198
262
220
1032
13
510
18
11
16
11
19
60
11651
510
16
11
18
11
19
60
11651
88047
25
17
11
16
11651
1193
220
17
29
16
11651
16
198
262
220
975
13
510
17
11
18
11
16
11
19
60
11651
510
16
11
17
11
18
11
19
60
11651
88047
25
16
11
16
11
16
11651
15
271
262
4800
923
1124
709
512
262
8442
1207
67993
315
3160
10123
17
649
17210
13
578
19564
527
512
262
482
510
17
11
19
5787
16
198
262
482
510
18
11
16
5787
16
198
262
482
510
16
11
19
5787
16
198
262
482
510
17
11
16
11
19
5787
16
198
262
482
510
17
11
18
11
16
5787
15
198
262
482
510
18
11
16
11
19
5787
16
198
262
10884
284
220
16
10
16
10
16
10
16
10
15
10
16
284
220
20
30
2030
279
1296
25283
220
18
382
262
14144
11
7344
358
2846
927
1868
287
477
70847
279
7419
13
6914
757
312
29906
279
3575
382
262
578
68331
1396
374
369
279
353
29398
1358
9
2001
279
1396
315
15285
602
1405
10839
1004
10
16
60
482
10839
1004
60
871
16
627
262
1789
1855
1207
1686
11
584
656
420
29235
382
262
6914
757
312
28806
369
510
17
11
18
11
16
11
19
1145
369
1855
1207
1686
1473
262
220
16
13
510
17
60
11651
510
17
60
11651
220
15
198
262
220
17
13
510
18
60
11651
220
15
198
262
220
18
13
510
16
60
11651
220
15
198
262
220
19
13
510
19
60
11651
15
198
262
220
20
13
510
17
11
18
60
11651
510
17
11
18
60
11651
220
18
12
17
28
16
11651
15
198
262
220
21
13
510
17
11
16
60
11651
510
16
11
17
60
11651
17
12
16
28
16
11651
15
198
262
220
22
13
510
17
11
19
60
11651
58
17
11
19
60
11651
19
12
17
28
17
29
16
11651
16
198
262
220
23
13
510
18
11
16
60
11651
58
16
11
18
60
11651
18
12
16
28
17
29
16
11651
16
198
262
220
24
13
510
18
11
19
60
11651
58
18
11
19
60
11651
16
11651
15
198
262
220
605
13
510
16
11
19
60
11651
58
16
11
19
60
11651
18
29
16
11651
16
198
262
220
806
13
510
17
11
18
11
16
60
11651
58
16
11
17
11
18
60
11651
320
17
12
16
28
16
24457
18
12
17
28
16
8
11651
15
198
262
220
717
13
510
17
11
16
11
19
60
11651
58
16
11
17
11
19
60
11651
320
17
12
16
28
16
24457
19
12
17
28
17
8
11651
1193
220
17
29
16
11651
16
198
262
220
1032
13
510
18
11
16
11
19
60
11651
58
16
11
18
11
19
60
11651
320
18
12
16
28
17
29
16
705
320
19
12
18
28
16
8
11651
16
198
262
220
975
13
510
17
11
18
11
16
11
19
60
11651
58
16
11
17
11
18
11
19
60
11651
682
88047
38394
16
11651
15
271
262
4800
2694
25
220
16
320
22
8
489
16
7
23
8
489
16
7
605
8
489
16
7
717
8
489
16
7
1032
8
284
2860
315
220
20
382
262
2030
279
1296
2795
279
4320
1288
387
220
18
13
2100
856
8830
2011
387
5076
13
432
774
771
279
3575
382
262
14144
279
4733
928
2795
1473
262
330
791
68331
1396
315
459
1358
374
4613
439
279
1396
315
15285
602
320
15
2717
602
366
308
12
16
8
304
279
10839
1358
1405
10839
3943
1004
10
16
60
482
10839
3943
1004
60
871
220
16
2266
262
2100
369
264
1207
1686
11
499
3460
433
11
1243
1797
279
1396
315
33251
871
16
1990
24871
5540
382
262
6914
596
312
2071
510
18
11
16
69662
262
578
1207
1686
374
510
18
11
16
1145
10839
374
510
16
11
18
948
578
6811
374
220
17
29
16
11651
14921
439
220
16
13
3011
596
4495
382
262
4800
8530
279
1296
1162
304
279
3575
5224
374
25157
22009
30
2582
7344
1070
596
459
1022
14656
19101
1980
262
39578
11
7344
279
3575
596
1176
1296
1162
374
510
17
11
18
11
16
11
19
60
323
279
4495
4320
374
220
18
11
779
1095
596
1518
902
1207
67993
17210
220
16
382
262
6914
757
1304
264
2007
315
1207
67993
449
872
68331
5219
1473
262
3804
67993
315
3160
220
16
25
682
220
15
382
262
17736
220
17
512
262
510
17
11
18
60
11651
510
17
11
18
60
11651
16
12
15
912
11
6811
374
220
16
11651
15
198
262
510
17
11
16
60
11651
58
16
11
17
60
11651
16
11651
15
198
262
510
17
11
19
60
11651
58
17
11
19
60
11651
17
11651
16
198
262
510
18
11
16
60
11651
58
16
11
18
60
11651
17
11651
16
198
262
510
18
11
19
60
11651
58
18
11
19
60
11651
16
11651
15
198
262
510
16
11
19
60
11651
58
16
11
19
60
11651
18
11651
16
271
262
3011
596
220
18
1207
67993
449
68331
220
16
25
510
17
11
19
1145
510
18
11
16
1145
510
16
11
19
948
11205
2694
374
220
16
10
16
10
16
28
18
13
2100
279
1296
25283
27785
311
1797
279
1207
67993
315
3160
220
17
430
617
7041
832
7940
871
16
30
2030
3868
11
1148
922
5129
1207
67993
1980
262
1789
3187
510
17
11
16
11
19
60
320
22138
220
17
11
16
11
19
8
10839
374
510
16
11
17
11
19
1145
33251
220
16
323
220
17
11651
832
871
16
11651
68331
220
16
382
262
2100
3249
4536
956
430
31094
30
578
6205
2612
374
220
18
11
719
555
420
12496
1070
527
220
20
1207
67993
449
68331
220
16
320
1820
2380
3160
220
17
323
1403
3160
220
18
25
510
17
11
16
11
19
60
323
510
18
11
16
11
19
51064
14144
1095
596
312
2071
1473
262
510
17
11
18
11
16
60
10839
510
16
11
17
11
18
1145
33251
220
16
323
220
16
11651
15
198
262
510
17
11
16
11
19
60
10839
510
16
11
17
11
19
1145
33251
25
220
16
320
17
12
16
8
323
220
17
320
19
12
17
8
11651
1193
832
13225
29
16
11651
16
198
262
510
18
11
16
11
19
60
10839
510
16
11
18
11
19
1145
33251
220
17
323
220
16
11651
832
871
16
11651
16
271
262
2100
430
11621
1403
810
320
510
17
11
16
11
19
60
323
510
18
11
16
11
19
60
7026
82223
220
18
10
17
28
20
13
2100
3249
1587
279
1296
2019
220
18
1980
262
358
2011
617
73956
279
3488
13
432
486
2277
1473
262
578
68331
1396
315
459
1358
320
1820
1207
1686
8
374
279
1396
315
15285
602
304
279
353
29398
9
1358
1405
279
1828
3722
871
16
382
262
2100
369
1855
1207
1686
11
584
3460
433
11
1243
1797
1268
1690
24894
12062
12771
220
16
382
262
4800
279
1296
1162
2795
2694
18377
22298
34064
2625
17
11
18
11
16
11
19
2526
624
220
18
382
262
2100
4184
311
430
11
1193
220
18
1207
67993
617
68331
1396
220
16
30
3011
649
1193
387
279
220
18
3160
12
17
1207
67993
1405
279
10839
6811
374
871
16
11
323
912
5129
1207
67993
17210
30
2030
430
23093
31095
510
17
11
16
11
19
60
902
1288
617
68331
220
16
382
262
11115
1981
279
3575
14921
27785
279
68331
315
279
4459
1358
320
1962
824
1207
1686
570
2030
279
4733
928
2795
330
1073
682
1207
67993
11690
262
39578
11
7344
279
3575
25283
369
1855
1207
1686
11
279
68331
374
279
1396
315
10093
1405
279
87882
320
1962
10839
8
1358
706
264
6811
871
16
30
2030
430
8434
956
1304
5647
1606
279
7419
2795
330
258
279
10839
1358
11690
262
39578
11
7344
279
68331
1396
374
279
1396
315
5540
430
527
539
961
315
264
24871
8668
30
2360
11
430
3250
956
5052
382
262
39578
11
8530
1070
374
264
296
16164
66
2987
304
13126
279
1207
67993
13
6914
596
1160
13398
220
605
1207
67993
320
15336
326
311
436
7887
262
220
16
13
320
15
11
15
1680
510
17
933
262
220
17
13
320
16
11
16
1680
510
18
933
262
220
18
13
320
17
11
17
1680
510
16
933
262
220
19
13
320
18
11
18
1680
510
19
933
262
220
20
13
320
15
11
16
1680
510
17
11
18
933
262
220
21
13
320
16
11
17
1680
510
18
11
16
933
262
220
22
13
320
17
11
18
1680
510
16
11
19
933
262
220
23
13
320
15
11
17
1680
510
17
11
18
11
16
933
262
220
24
13
320
16
11
18
1680
510
18
11
16
11
19
933
262
220
605
13127
15
11
18
1680
510
17
11
18
11
16
11
19
2595
262
4800
12849
68331
369
1855
1473
262
220
16
13
510
17
60
11651
15
198
262
220
17
13
510
18
60
11651
15
198
262
220
18
13
510
16
60
11651
15
198
262
220
19
13
510
19
60
11651
15
198
262
220
20
13
510
17
11
18
60
11651
10839
58
17
11
18
60
3722
28
16
11651
15
198
262
220
21
13
510
18
11
16
60
11651
510
16
11
18
60
3722
28
17
11651
16
198
262
220
22
13
510
16
11
19
60
11651
510
16
11
19
60
3722
28
18
11651
16
198
262
220
23
13
510
17
11
18
11
16
60
11651
10839
510
16
11
17
11
18
1145
88047
220
16
323
220
16
11651
15
198
262
220
24
13
510
18
11
16
11
19
60
11651
10839
510
16
11
18
11
19
1145
88047
220
17
323
220
16
11651
16
198
262
220
605
8032
17
11
18
11
16
11
19
60
11651
10839
510
16
11
17
11
18
11
19
1145
88047
220
16
11
16
11
16
11651
15
271
262
4800
2694
279
68331
5219
25
220
16
320
5756
21
8
489
16
320
5756
22
8
489
16
320
5756
24
8
284
220
18
13
578
1023
1207
67993
315
3160
2669
18
3060
617
220
15
477
7344
358
13942
2555
1980
262
14144
11
1148
922
1207
1686
320
17
11
18
1680
510
16
11
19
1145
430
596
1162
22
11
902
374
5343
13
578
2380
29820
527
1473
262
482
320
16
11
17
8
11651
58
18
11
16
60
11651
16
198
262
482
320
17
11
18
8
11651
58
16
11
19
60
11651
16
198
262
482
320
16
11
18
8
11651
58
18
11
16
11
19
60
11651
16
271
262
2100
2860
374
220
18
13
578
5129
1207
67993
1093
320
15
11
17
705
320
15
11
18
8
656
539
17210
382
262
15636
11
279
4495
1648
374
25
369
1475
1207
1686
11
3460
433
323
1797
279
1396
315
24894
12062
871
16
304
1202
10839
1376
11
1243
2694
927
682
1207
67993
382
262
4800
311
2082
420
30820
369
308
709
311
220
1041
15
320
46
1471
61
17
1515
308
8
374
22281
11
2533
220
16
68
21
353
220
605
284
220
16
68
22
7677
3677
262
31913
1473
262
1226
649
6471
927
682
326
505
220
15
311
308
12
16
11
323
369
1855
436
505
326
311
308
12
16
1473
286
1207
284
10520
17296
68459
10
16
933
286
10839
5341
284
10839
10849
340
286
13497
284
220
15
198
286
369
602
304
2134
7046
45486
5341
7435
16
997
310
422
10839
5341
1004
10
16
60
482
10839
5341
1004
60
871
220
16
512
394
13497
1447
16
198
286
2860
1447
13497
271
262
1115
690
1522
279
6205
7177
382
262
6914
596
2082
430
627
14196
4077
1527
20061
1179
1796
271
755
2694
18377
22298
34064
21777
25
1796
19155
2526
1492
528
512
262
308
284
2479
21777
340
262
2860
284
220
15
198
262
674
55440
927
682
3284
1207
67993
510
75
11
436
933
262
369
326
304
2134
1471
997
286
369
436
304
2134
2387
11
308
997
310
1207
284
10520
17296
68459
489
220
16
933
310
10839
5341
284
10839
10849
340
310
68331
284
220
15
198
310
369
602
304
2134
7046
45486
5341
8
482
220
16
997
394
422
10839
5341
1004
489
220
16
60
482
10839
5341
1004
60
871
220
16
512
504
68331
1447
220
16
198
310
2860
1447
68331
198
262
471
2860
198
74694
100265
198
100264
882
271
7927
3766
4879
4745
279
7177
13
5810
596
279
1493
512
6687
1445
320
3646
3293
1650
1566
997
220
2958
36674
7650
29238
46
86
41
2629
35
7345
498
1584
220
5547
11
304
366
4450
397
262
1817
20292
18377
22298
34064
340
220
2958
36674
7650
29238
46
86
41
2629
35
7345
498
1584
220
1806
11
304
1817
198
262
2105
9322
2625
17
11
220
22
2526
624
220
15
198
1881
6440
62824
62824
62824
62824
62824
61
198
69739
1480
14963
1271
312
42612
11
420
374
701
3465
25
4557
279
2768
734
12223
323
4733
928
11
7373
4305
279
734
7633
323
1522
682
279
7177
13
3146
5989
4276
70765
3247
13916
50
13
57277
2675
1288
15411
279
2082
499
11041
304
264
67859
2082
2565
320
817
10103
33981
320
20670
690
33316
279
4113
5865
8
100265
198
100264
78191
198
74694
12958
198
1527
20061
1179
1796
271
755
2694
18377
22298
34064
21777
25
1796
19155
2526
1492
528
512
262
3270
262
60953
279
2694
315
68331
5219
369
682
1207
67993
315
1595
27447
63438
262
578
68331
1396
315
264
1207
1686
374
4613
555
29373
279
1207
1686
323
1243
198
262
26060
279
1396
315
24894
13840
1405
279
6811
374
7191
1109
220
16
382
262
18161
512
286
10520
320
861
19155
25312
578
1988
1160
315
26864
320
16
2717
2479
21777
8
2717
220
1041
15
3677
262
5295
512
286
528
25
578
2860
68331
1797
927
682
1207
67993
627
262
3270
262
2860
284
220
15
198
262
308
284
2479
21777
340
262
674
55440
927
682
3284
1207
67993
1701
1212
323
842
15285
198
262
369
326
304
2134
1471
997
286
369
436
304
2134
2387
11
308
997
310
1207
1686
284
10520
17296
68459
489
220
16
933
310
10839
5341
284
10839
10849
1686
340
310
68331
284
220
15
198
310
674
4605
33251
871
16
304
279
10839
1207
1686
198
310
369
602
304
2134
7046
45486
5341
8
482
220
16
997
394
422
10839
5341
1004
489
220
16
60
482
10839
5341
1004
60
871
220
16
512
504
68331
1447
220
16
198
310
2860
1447
68331
198
262
471
2860
271
2
578
2768
374
1120
369
2254
7649
304
420
4676
26
433
1288
387
7108
994
34194
439
824
1217
596
7754
627
333
1328
609
565
624
13568
3902
21762
262
1179
5826
198
262
1179
656
68980
198
262
656
68980
7789
4552
746
14196
4077
4071
2533
279
3575
2795
311
539
5719
279
7177
11
358
3358
1120
3493
279
734
439
824
279
2631
12223
323
4733
928
11
323
7095
430
433
16609
279
1296
16578
2085
5066
2082
13
2100
1618
596
279
1620
8292
304
264
3254
2082
2565
439
11472
1473
14196
4077
1527
20061
1179
1796
271
755
2694
18377
22298
34064
21777
25
1796
19155
2526
1492
528
512
262
4304
720
262
21157
279
2694
315
68331
5219
315
682
1207
67993
315
279
2728
1358
627
262
578
68331
1396
315
264
1207
1686
374
279
1797
315
15285
602
304
279
10839
2373
315
279
1207
1686
720
262
1405
10839
5341
1686
1004
10
16
60
482
10839
5341
1686
1004
60
871
220
16
382
262
18161
512
286
10520
320
861
19155
25312
362
1160
315
26864
449
220
16
2717
2479
21777
8
2717
220
1041
15
323
220
16
2717
10520
1004
60
2717
2479
21777
696
262
5295
512
286
528
25
578
2860
68331
1797
369
682
1207
67993
382
262
12382
2694
18377
22298
34064
2625
17
11
220
18
11
220
16
11
220
19
2608
262
220
18
198
262
12382
2694
18377
22298
34064
2625
16
11
220
18
11
220
18
11
220
18
11
220
20
2608
262
220
23
198
262
3270
262
308
284
2479
21777
340
262
2860
18377
22298
284
220
15
198
262
674
14416
59768
682
1207
67993
449
320
2414
11
1314
8
29408
198
262
369
2163
304
2134
1471
997
286
369
1314
304
2134
18139
11
308
997
310
1207
284
10520
47602
43452
489
220
16
933
310
10839
5341
284
10839
10849
340
310
1797
284
220
15
198
310
674
4343
24894
5540
304
279
10839
1207
1686
198
310
369
602
304
2134
7046
45486
5341
8
482
220
16
997
394
422
10839
5341
1004
489
220
16
60
482
10839
5341
1004
60
871
220
16
512
504
1797
1447
220
16
198
310
2860
18377
22298
1447
1797
198
262
471
2860
18377
22298
198
74694
100265
198