100264
882
198
4518
279
2768
734
12223
323
4733
928
11
7373
4305
279
734
7633
323
1522
682
279
7177
13
3146
5989
4276
70765
3247
13916
50
13
57277
2675
1288
15411
279
2082
499
11041
304
264
67859
2082
2565
320
817
10103
33981
320
20670
690
33316
279
4113
5865
696
14196
4077
755
1973
62465
1055
55278
7313
20375
5341
15880
1161
25
610
11
326
25
528
11
436
25
528
8
1492
528
512
262
4304
7531
279
7340
3160
315
264
1207
15880
2949
274
17296
12
16
68459
60
430
7739
459
220
806
14
1313
925
627
1084
262
1556
220
806
14
1313
925
374
4613
439
512
262
482
1102
706
10535
3160
198
262
482
578
1176
320
2963
10
16
28250
17
482
220
16
5885
527
682
364
16
1270
262
482
578
6278
3752
520
2361
320
2963
10
16
28250
17
374
69233
262
482
578
9861
5885
527
682
364
17
1270
1084
262
1789
3187
25
57527
364
16
14
17
518
364
806
14
1313
518
364
5037
14
9716
6
527
220
806
14
1313
9246
627
1084
262
18161
512
286
274
25
362
925
31706
315
5885
364
16
518
364
17
518
323
69233
286
326
25
28757
2361
320
16
22214
291
340
286
436
25
74521
2361
320
16
22214
291
11
29408
340
1084
262
5295
512
286
578
7340
3160
315
264
1207
15880
430
7739
459
220
806
14
1313
925
11
477
220
15
422
7000
6866
627
1084
262
12382
1973
62465
1055
55278
7313
20375
5341
15880
493
5037
14
11227
518
220
16
11
220
22
340
262
220
20
198
262
12382
1973
62465
1055
55278
7313
20375
5341
15880
493
5037
14
11227
14
7261
17
518
220
24
11
220
717
340
262
220
15
198
262
12382
1973
62465
1055
55278
7313
20375
5341
15880
493
5037
14
11227
14
7261
17
518
220
18
11
220
21
340
262
220
18
198
262
12713
755
1817
73121
997
262
674
3475
5157
505
279
3575
198
262
274
284
364
5037
14
11227
14
7261
17
1270
262
2105
9322
1161
11
220
16
11
220
22
8
624
220
20
198
262
2105
9322
1161
11
220
24
11
220
717
8
624
220
15
198
262
2105
9322
1161
11
220
18
11
220
21
8
624
220
18
198
262
2105
9322
1161
11
220
19
11
220
605
8
624
220
16
198
262
2105
9322
1161
11
220
16
11
220
717
8
624
220
22
7361
262
674
24086
1296
5157
198
262
274
284
364
806
14
1691
98756
11483
17
14
16
14
16
14
8259
17
14
9716
17
14
11483
16
14
7994
1691
14
17
322
17
322
806
14
12425
14
806
322
16
14
16
730
9716
12425
17
14
1313
322
1270
262
2105
9322
1161
11
220
6028
11
220
5958
8
624
220
16
198
262
2105
9322
1161
11
220
2096
11
220
3487
8
624
220
20
198
262
2105
9322
1161
11
220
3487
11
220
1399
8
624
220
16
198
262
2105
9322
1161
11
220
16
11
220
2287
8
624
220
1114
198
262
2105
9322
1161
11
220
508
11
220
2031
8
624
220
868
198
262
2105
9322
1161
11
220
5958
11
220
4767
8
624
220
16
198
262
2105
9322
1161
11
220
2618
11
220
5547
8
624
220
20
198
262
2105
9322
1161
11
220
20
11
220
4767
8
624
220
914
198
262
2105
9322
1161
11
220
2096
11
220
3487
8
624
220
17
198
262
2105
9322
1161
11
220
4331
11
220
5958
8
624
220
24
198
262
2105
9322
1161
11
220
966
11
220
2148
8
624
220
15
198
262
2105
9322
1161
11
220
2618
11
220
5495
8
624
220
20
198
262
2105
9322
1161
11
220
1691
11
220
1227
8
624
220
24
7361
262
674
10564
5157
198
262
2105
9322
21049
220
16
11
220
16
8
624
220
16
198
262
2105
9322
493
8259
17
518
220
16
11
220
19
8
624
220
15
198
262
2105
9322
493
5037
5037
5037
5037
5037
518
220
16
11
220
868
8
624
220
15
198
262
2105
9322
493
806
14
1313
518
220
19
11
220
19
8
624
220
15
7361
262
674
4497
1296
5157
198
262
274
284
3434
17
322
17
14
17
14
9716
322
16
322
7261
322
12425
34121
262
2105
9322
1161
11
220
20
11
220
1032
8
624
220
16
198
262
2105
9322
1161
11
220
508
11
220
1691
8
624
220
16
198
262
2105
9322
1161
11
220
1032
11
220
1313
8
624
220
18
198
262
2105
9322
1161
11
220
605
11
220
914
8
624
220
20
198
262
2105
9322
1161
11
220
18
11
220
20
8
624
220
16
198
262
2105
9322
1161
11
220
1114
11
220
1114
8
624
220
15
271
2
5560
1817
8913
62465
1055
55278
7313
20375
5341
15880
8
311
1629
7177
627
74694
100265
198
100264
78191
198
14196
4077
755
1973
62465
1055
55278
7313
20375
5341
15880
1161
25
610
11
326
25
528
11
436
25
528
8
1492
528
512
262
308
284
2479
1161
340
262
422
326
366
220
16
477
436
366
326
477
436
871
308
512
286
471
220
15
198
262
674
7316
311
220
15
6108
15285
198
262
2163
284
326
482
220
16
198
262
1314
284
436
482
220
16
198
262
1888
284
220
15
271
262
711
2764
42616
25
528
11
2163
25
528
11
1314
25
528
11
2860
6171
25
528
8
1492
1845
512
286
674
2860
6171
2011
387
10535
198
286
422
2860
6171
1034
220
17
624
220
15
512
310
471
3641
198
286
5209
284
320
5143
6171
482
220
16
8
443
220
17
220
674
220
15
6108
4219
2361
198
286
422
539
320
2414
2717
4219
2717
1314
997
310
471
3641
198
286
674
2052
2163
315
4219
2011
387
364
16
1270
286
369
602
304
2134
18139
11
4219
997
310
422
274
1004
60
976
364
16
3730
394
471
3641
198
286
674
5955
2011
387
69233
286
422
274
58
3133
60
976
3434
3730
310
471
3641
198
286
674
2052
1314
315
4219
2011
387
364
17
1270
286
369
602
304
2134
42616
489
220
16
11
1314
489
220
16
997
310
422
274
1004
60
976
364
17
3730
394
471
3641
198
286
471
3082
271
262
674
9934
682
3284
19169
304
279
10074
510
2414
11
1314
933
262
369
4219
304
2134
18139
11
1314
489
220
16
997
286
674
1789
1855
3284
10535
3160
31288
520
364
3133
1270
286
674
578
2163
961
374
505
2163
311
4219
12
16
11
1314
961
505
4219
10
16
311
1314
198
286
674
1789
264
2728
597
320
4174
315
364
16
596
389
279
2163
11
2737
279
4219
340
286
674
2860
6171
284
220
17
43566
482
220
16
320
11536
6278
374
220
16
340
286
1973
4803
284
4219
482
2163
489
220
16
220
674
649
956
617
810
364
16
596
1109
2561
389
2163
198
286
369
597
304
2134
7
16
11
1973
4803
489
220
16
997
310
445
284
2163
489
320
74
482
220
16
8
415
674
2163
3646
1963
315
279
364
16
6
3857
198
310
422
445
366
2163
477
445
871
4219
482
220
16
512
394
3136
198
310
674
578
1314
3646
364
17
6
584
649
2997
198
310
296
284
4219
489
320
74
482
220
16
8
262
674
2860
6171
284
220
17
74
12
16
198
310
1314
3646
62
17
284
1314
198
310
674
1226
1205
320
76
12
16
28250
17
482
220
16
364
17
596
389
279
1314
320
80095
4219
340
310
4460
62
17
284
320
76
482
220
16
8
443
220
17
482
220
16
198
310
422
4460
62
17
366
220
15
512
394
674
8442
279
4219
323
1063
220
16
596
198
394
674
9934
311
13334
311
279
1314
449
364
17
596
439
3284
198
394
13497
284
220
15
198
394
503
284
4219
489
220
16
198
394
1418
503
2717
1314
323
274
3894
60
624
364
17
3730
504
13497
1447
220
16
198
504
503
1447
220
16
198
394
422
13497
2669
4460
62
17
512
504
2860
72344
284
597
489
13497
198
504
674
2030
2860
6171
2011
539
12771
10074
3160
198
504
2860
6171
284
220
17
353
597
482
220
16
489
13497
220
674
420
374
5076
11
76755
512
504
674
34863
11
279
2860
3160
374
597
320
3233
8
489
220
16
320
11576
873
489
13497
320
15930
437
340
504
2860
6171
284
597
489
220
16
489
13497
198
504
674
2030
279
1314
3646
1963
1288
387
4219
489
597
489
13497
198
504
674
1102
5334
46946
482
4619
11
1095
596
12849
279
1973
2764
3160
505
420
4219
198
504
674
1226
1390
311
2997
597
220
16
596
1603
4219
320
1527
2163
3646
445
311
4219
12
16
340
504
674
323
439
1690
24871
364
17
596
1306
4219
439
3284
198
504
2163
6345
284
4219
482
220
16
198
504
1314
5011
284
4219
489
220
16
198
504
674
14043
961
25
505
2163
311
4219
12
16
11
2011
387
682
364
16
1270
504
674
1226
2736
1440
430
369
445
284
2163
489
597
482
16
2717
4219
12
16
198
504
674
10291
961
25
6041
520
4219
10
16
11
1935
439
1690
364
17
596
439
3284
198
504
503
284
4219
489
220
16
198
504
1418
503
2717
1314
323
274
3894
60
624
364
17
3730
667
503
1447
220
16
198
504
1661
62
17
284
503
482
320
3133
489
220
16
340
504
674
2100
2860
3160
284
320
74
8
510
16
596
60
489
220
16
74905
663
489
1661
62
17
510
17
596
60
284
597
489
220
16
489
1661
62
17
198
504
674
1628
279
1314
3646
2361
374
4219
489
597
489
1661
62
17
198
504
674
14998
311
387
2949
510
2414
11
1314
933
504
1314
3646
3644
284
4219
489
597
489
1661
62
17
198
504
422
1314
3646
3644
2717
1314
512
667
2860
6171
284
597
489
220
16
489
1661
62
17
198
667
674
4800
1817
279
2163
3646
15285
369
279
220
16
596
198
667
1212
62
16
284
2163
198
667
842
62
16
284
4219
482
220
16
198
667
674
1789
279
597
220
16
596
311
387
3118
304
510
2527
62
16
11
842
62
16
933
667
422
842
62
16
482
1212
62
16
489
220
16
2669
597
323
682
1161
1004
60
624
364
16
6
369
602
304
2134
10865
62
16
11
842
62
16
482
597
489
220
16
10162
1014
422
2764
42616
11
2163
11
1314
11
2860
6171
997
1408
1888
284
1973
60523
11
2860
6171
340
1014
1464
220
674
2360
1205
311
1817
5129
597
369
420
4219
422
649
956
13334
1314
198
262
471
1888
198
14196
4077
100265
198
100264
882
271
7927
3766
4879
4745
279
7177
13
5810
596
279
1493
512
6687
1445
320
3646
3293
1650
1566
997
220
2958
36674
66
73672
51
77
43
73
29700
39
7345
498
1584
220
9992
11
304
366
4450
397
262
1817
8913
62465
1055
55278
7313
20375
5341
15880
340
220
2958
36674
66
73672
51
77
43
73
29700
39
7345
498
1584
220
2148
11
304
1817
198
262
2105
9322
1161
11
220
16
11
220
22
8
624
220
20
198
1881
6440
62824
62824
62824
62824
62824
22634
198
69739
1480
14963
1271
312
42612
11
420
374
701
3465
25
4557
279
2768
734
12223
323
4733
928
11
7373
4305
279
734
7633
323
1522
682
279
7177
13
3146
5989
4276
70765
3247
13916
50
13
57277
2675
1288
15411
279
2082
499
11041
304
264
67859
2082
2565
320
817
10103
33981
320
20670
690
33316
279
4113
5865
8
100265
198
100264
78191
198
8586
374
264
4495
323
7373
3318
8292
430
16609
682
279
7177
323
36051
288
26549
311
279
8670
7633
304
279
4733
928
13
1115
5603
4375
555
10363
1113
682
3284
4219
10093
369
279
15198
304
279
39549
274
17296
12
16
68459
1145
323
369
1855
3284
4219
11
16696
311
35608
279
1396
315
364
16
596
311
279
2163
320
543
24871
364
16
596
6041
520
477
1306
326
12
16
8
323
279
1396
315
364
17
596
311
279
1314
320
543
24871
364
17
596
709
311
436
12
16
705
1778
430
279
4219
374
7041
15198
323
279
29416
315
364
16
596
323
364
17
596
389
1855
3185
5052
279
220
806
14
1313
5497
382
2181
30820
12621
682
3284
19169
323
2289
2163
323
1314
439
3117
439
3284
1418
47995
279
6070
315
279
220
806
14
1313
925
320
14898
3160
11
2631
5885
570
578
2082
374
17251
323
16609
682
279
2728
1296
5157
382
74694
12958
198
755
1973
62465
1055
55278
7313
20375
5341
15880
1161
25
610
11
326
25
528
11
436
25
528
8
1492
528
512
262
3270
262
51730
279
7340
3160
315
264
1207
15880
2949
279
39549
274
17296
12
16
68459
933
262
320
16
22214
291
8
430
7739
459
220
806
14
1313
925
627
262
1556
220
806
14
1313
925
374
512
415
482
56136
3160
198
415
482
5629
320
2963
10
16
28250
17
482
220
16
5885
527
364
16
1270
415
482
12877
3752
374
69233
415
482
90730
5885
527
364
17
1270
262
578
734
6276
1701
5885
12660
304
279
10074
320
1962
198
262
14647
67603
11
719
2011
387
304
2015
705
719
2533
584
1390
279
198
262
22807
3284
11
279
1888
374
264
67603
2565
31288
520
264
15198
430
198
262
649
13334
439
3117
2163
449
364
16
596
323
439
3117
1314
449
364
17
596
439
3284
382
262
4452
11
279
14595
23669
5603
374
311
2980
682
10093
315
15198
304
198
262
279
10074
323
369
1855
11
1456
311
6667
439
1690
364
16
596
1603
320
1527
279
2163
198
262
19254
8
323
439
1690
364
17
596
1306
320
998
279
1314
19254
705
30164
279
22807
198
262
3284
74197
12970
5497
315
279
1376
220
16
9
16
14
17
9
17
449
15198
304
279
4219
627
262
8876
279
1207
15880
1587
539
617
311
387
67603
11
719
311
35608
3160
345
262
584
649
56926
1570
3820
279
2163
3646
3284
364
16
596
709
311
4219
323
1314
3646
198
262
3284
364
17
596
1306
4219
382
262
2030
279
3575
596
10507
320
68
1326
2637
364
5037
14
11227
518
220
16
497
22
1492
220
20
8
527
1888
20097
198
262
555
27723
433
439
9455
279
22807
1778
39549
449
15198
304
279
6278
627
262
2100
584
1817
1475
15198
304
279
10074
323
12849
279
1888
3284
9575
382
262
18161
512
286
274
320
496
1680
1988
925
198
286
326
320
396
1680
220
16
6108
1212
320
99461
340
286
436
320
396
1680
220
16
6108
842
320
99461
696
262
5295
512
286
528
25
1973
3160
315
220
806
14
1313
1207
15880
11
477
220
15
422
7000
198
262
3270
262
674
7316
311
220
15
6108
15285
198
262
1212
284
326
482
220
16
198
262
842
284
436
482
220
16
198
262
422
1212
871
842
477
1212
366
220
15
477
842
2669
2479
1161
997
286
471
220
15
271
262
1973
6171
284
220
15
198
262
308
284
2479
1161
340
262
674
9934
1475
15198
304
279
10074
439
279
4219
198
262
369
4219
304
2134
10865
11
842
489
220
16
997
286
422
274
58
3133
60
976
3434
3730
310
3136
198
286
674
2650
3117
2163
649
584
733
311
636
24871
364
16
596
320
1527
1212
340
286
2163
62
3233
284
220
15
198
286
602
284
1212
198
286
1418
602
366
4219
323
274
1004
60
624
364
16
3730
310
2163
62
3233
1447
220
16
198
310
602
1447
220
16
198
286
674
2650
3117
1314
649
584
636
24871
364
17
596
320
455
311
842
340
286
1314
55278
437
284
220
15
198
286
503
284
4219
489
220
16
198
286
1418
503
2717
842
323
274
3894
60
624
364
17
3730
310
1314
55278
437
1447
220
16
198
310
503
1447
220
16
198
286
674
10884
3160
374
2163
62
3233
489
220
16
320
1820
65533
489
1314
55278
437
198
286
2917
284
2163
62
3233
489
220
16
489
1314
55278
437
198
286
422
2917
871
1973
6171
512
310
1973
6171
284
2917
198
262
471
1973
6171
422
1973
6171
871
220
15
775
220
15
198
14196
19884
2028
8292
9248
279
7633
5497
323
16609
682
279
3984
5089
7177
320
16564
279
6964
323
5217
1296
5157
570
1102
1587
539
1397
279
39549
311
387
67603
304
279
4113
925
11
719
2533
584
527
4737
279
2163
3646
364
16
596
709
311
279
4219
323
1314
3646
364
17
596
1306
279
4219
11
420
36508
279
54229
30425
1207
15880
27442
279
220
806
14
1313
3645
369
1855
15198
9322
304
279
10074
13
1115
12496
5398
82
449
279
6205
1296
1162
7865
320
68
1326
2637
364
5037
14
11227
6
505
10093
220
16
311
220
22
25
4219
520
1963
220
18
6835
220
18
364
16
596
1603
323
220
17
364
17
596
1306
591
220
18
10
16
10
17
28
21
11
719
279
6205
25283
220
20
2001
4869
11
422
584
4619
1397
279
2860
3321
510
2414
3646
364
16
6
311
1314
3646
364
17
663
2011
3604
387
2949
279
10074
323
539
10936
5885
704
315
2015
11
279
1888
374
311
1005
279
67603
39549
31288
520
15198
449
439
1690
364
16
596
311
279
2163
439
3284
505
279
1212
11
323
439
1690
364
17
596
311
279
1314
439
3284
311
842
2001
719
279
6205
2612
13533
1193
220
20
13
2030
389
12401
26767
11
279
6205
364
5037
14
11227
6
10093
220
16
497
22
320
15336
220
15
497
21
1680
279
15198
374
520
1963
220
18
13
2684
527
220
18
364
16
596
311
279
2163
320
15336
220
15
11
16
11
17
8
323
1403
364
17
596
311
279
1314
320
15336
220
19
11
20
570
2100
220
18
489
220
16
489
220
17
284
220
21
13
14968
279
6205
4320
2795
220
20
382
14524
2001
420
13533
264
79105
25
7344
279
3575
25283
279
364
2008
15880
6
311
387
67603
30
578
4733
928
2795
330
2008
15880
1
320
1962
39549
477
1207
1686
570
2030
279
3187
25283
279
4320
220
20
369
364
5037
14
11227
6
927
220
16
12
22
13
6914
596
1518
1473
2746
279
39549
374
364
5037
14
11227
518
279
10093
320
15
6108
8
220
15
25
16
220
16
25
16
220
17
25
16
220
18
14712
220
19
25
17
220
20
25
16
220
21
25
17
271
1271
1376
279
22807
220
806
14
1313
925
439
264
1207
15880
320
1962
2631
311
387
67603
705
499
1436
3820
11
384
1326
2637
279
364
16
596
520
15285
220
15
11
16
11
17
11
279
15198
520
220
18
11
323
279
364
17
596
520
15285
220
19
11
21
11651
3160
220
20
4417
16
1882
16
1882
16
1882
14
1882
17
1861
2582
364
16
1882
16
1882
14
1882
17
1882
17
6
320
15336
220
16
11
17
11
18
11
19
11
21
8
1101
3160
220
20
13
1472
4250
636
220
21
1606
311
636
220
18
364
16
596
11
279
57527
323
220
17
364
17
596
499
1205
520
3325
10093
220
15
11
16
11
17
11
18
11
19
11
21
320
4991
5772
1963
220
20
902
374
364
16
518
779
539
264
2764
1207
15880
7389
499
10936
433
2001
719
2533
499
649
5268
904
27084
304
2015
11
499
649
3820
15285
220
15
11
16
11
17
11
18
11
21
25
364
16
1882
16
1882
16
1882
14
1882
17
6
2001
2103
220
20
13
14144
11
430
596
220
20
5540
11
539
220
21
382
14524
11
220
18
364
16
596
489
15198
489
220
17
364
17
596
284
220
21
5540
13
2030
304
279
925
364
5037
14
11227
518
279
1403
364
17
596
1306
279
15198
527
520
15285
220
19
323
220
21
320
15
6108
570
2100
499
649
3373
10093
220
15
11
16
11
17
11
18
11
19
11
21
11651
430
596
4848
5885
25
364
16
1882
16
1882
16
1882
14
1882
17
1882
17
518
902
374
3160
220
21
323
374
264
2764
1207
15880
320
11536
814
2351
304
2015
570
2100
3249
1587
279
6205
1755
220
20
1980
23274
520
279
6205
28519
1473
20761
1973
62465
1055
55278
7313
20375
5341
15880
493
5037
14
11227
518
220
16
11
220
22
8
624
220
20
271
4071
4184
311
1207
15880
5718
11
433
1288
387
3284
311
3820
220
21
5540
13
1115
13533
3060
279
3575
7419
374
84818
320
37860
279
5885
2011
387
67603
70372
477
1070
374
264
16930
304
279
6205
382
11458
11
2533
279
4733
928
30202
264
1207
15880
320
1962
39549
705
279
10825
12496
4461
6276
2536
35172
28127
22657
719
279
6205
25283
264
67603
39549
13
16644
279
6205
4320
323
311
1522
279
7177
439
2631
320
30096
47141
279
7177
705
279
3485
2082
2011
8356
220
20
369
430
1988
11
779
8530
279
10825
6425
374
311
1797
279
54229
3160
315
264
39549
320
778
28127
8
12864
279
5497
382
10267
596
65878
279
3575
449
430
25329
320
34974
11
539
1207
15880
705
602
1770
2637
279
5885
617
311
5101
20503
332
3210
304
279
10074
13
763
430
1162
11
369
1855
15198
520
2361
272
304
510
2527
497
408
1145
1427
369
279
3117
61943
2163
364
16
6
320
998
279
2163
315
272
8
6041
520
477
1306
1212
11
323
279
3117
61943
1314
364
17
6
320
998
279
1314
315
272
8
13696
520
477
1603
842
11
1778
430
682
10093
1990
2163
62
16
323
1314
62
17
527
2949
279
10074
382
4071
279
11551
15795
323
45648
1648
311
1522
279
7177
320
43068
430
279
6205
4320
374
220
20
369
364
5037
14
11227
518
220
16
497
22
8
374
311
4322
279
10074
439
264
39549
323
1817
369
279
22807
67603
2565
12864
279
220
806
14
1313
5497
449
15198
304
279
4219
382
4516
311
636
279
6205
4320
315
220
20
11
369
364
5037
14
11227
518
279
39549
505
220
16
311
220
22
374
330
5037
14
11227
1
320
15336
220
15
311
220
21
304
220
15
6108
705
279
1193
15198
374
520
1963
220
18
13
578
54229
67603
2565
2212
433
430
18809
279
5497
374
3060
364
806
14
17
6
320
4222
220
18
10
16
10
16
28
20
10380
477
364
5037
14
17
6
320
8248
3966
7041
220
16
364
16
6
1603
323
220
17
1306
570
6914
596
1518
1473
16137
369
3160
220
20
25
220
17
364
16
596
11
1243
57527
1243
220
17
364
17
596
11651
364
806
14
1313
6
374
3160
220
20
719
7612
220
17
14
17
13
1789
3160
220
20
25
320
2963
28
20
11651
320
20
10
16
28250
17
28
18
11651
1176
220
16
3752
364
16
518
4219
57527
1243
220
17
364
17
596
11651
330
16
14
1313
1
320
2201
11
10093
25
220
16
220
17
220
18
374
611
11
220
19
220
20
527
220
17
596
11651
364
16
14
1313
6
374
1193
220
19
23861
570
14144
279
7033
374
1473
2520
2860
3160
445
28
17
74
12
16
320
14898
570
1789
597
28
18
11
445
28
20
13
5112
1176
320
74
12
16
11992
17
364
16
596
11
4219
57527
1243
597
12
16
28
17
364
17
596
25
364
806
14
1313
6
2001
719
430
596
3160
220
20
30
220
17
10
16
10
17
28
20
13
2030
304
279
925
364
5037
14
11227
518
1306
279
15198
520
220
18
527
364
17
1882
16
1882
17
4527
2100
279
22807
67603
39549
27442
374
364
806
14
17
6
320
28536
220
15
12
18
25
364
16
1882
16
1882
14
1882
17
873
902
374
3160
220
19
11
477
364
5037
14
17
6
320
28536
220
15
12
19
25
364
16
1882
16
1882
16
1882
14
1882
17
873
902
374
3160
220
20
11
719
279
364
17
6
374
1193
832
3752
1306
13
2057
5052
220
17
364
17
596
1306
11
499
1205
364
806
14
1313
518
719
1070
596
1193
832
364
17
6
7214
1306
279
15198
304
430
5654
13
578
39549
364
5037
14
1691
6
1053
387
364
16
1882
16
1882
16
1882
14
1882
17
6
320
4222
220
20
8
2001
902
374
2764
422
584
2980
430
279
1314
3185
1193
3966
439
1690
364
17
596
439
2561
320
65937
315
23537
279
2539
3392
570
14144
279
7419
2795
279
9861
5885
320
10924
279
4219
8
2011
387
682
364
17
596
2001
779
279
39549
505
4219
10
16
311
842
2011
387
682
364
17
596
709
311
1063
1486
13
2100
304
364
5037
14
11227
518
1306
1963
220
18
374
364
17
1882
16
1882
17
4527
2100
279
54229
2764
39549
31288
520
220
18
449
682
364
17
596
311
279
1314
1053
387
1120
364
17
6
320
1820
1176
364
17
4670
7231
3160
220
17
320
3233
8
489
220
16
489
220
16
320
15930
437
8
284
220
19
13
2030
279
6205
2795
220
20
2001
9539
11
1070
374
264
36401
382
22818
279
22047
323
311
6106
12579
279
1296
5157
439
3984
320
30096
60923
279
7177
705
279
2082
430
16609
682
279
55936
2728
304
279
7177
320
16564
279
1176
832
8
374
279
67603
39549
5603
11
1405
369
1855
57527
499
1427
369
279
7340
3321
1778
430
1070
527
520
3325
320
4222
10
16
28250
17
12
16
364
16
596
311
279
2163
2949
279
10074
11
323
320
4222
10
16
28250
17
482
16
364
17
596
311
279
1314
2949
279
10074
382
32
4495
323
4382
6425
430
16609
682
279
6205
7177
320
300
6982
304
279
28519
8
374
439
11263
1473
74694
12958
198
755
1973
62465
1055
55278
7313
20375
5341
15880
1161
25
610
11
326
25
528
11
436
25
528
8
1492
528
512
262
3270
262
51730
279
7340
3160
315
264
39549
304
274
17296
12
16
68459
60
430
7739
459
220
806
14
1313
925
627
262
1556
220
806
14
1313
925
706
10535
3160
11
8638
449
1063
364
16
596
11
1243
15198
304
279
4219
345
262
1243
1063
364
17
596
13
578
734
32238
67603
16146
826
2949
279
198
262
5300
10074
627
262
3270
262
1212
284
326
482
220
16
198
262
842
284
436
482
220
16
198
262
422
1212
871
842
477
1212
366
220
15
477
842
2669
2479
1161
997
286
471
220
15
198
262
308
284
2479
1161
340
262
1973
6171
284
220
15
198
262
674
9934
1475
3284
4219
2361
304
279
10074
198
262
369
4219
304
2134
10865
11
842
489
220
16
997
286
422
274
58
3133
60
976
3434
3730
310
3136
198
286
674
71183
311
279
2163
439
3117
439
3284
320
56950
510
2527
11
4219
12
16
2526
1405
682
527
364
16
1270
286
2163
284
1212
198
286
1418
2163
366
4219
323
274
47602
60
624
364
16
3730
310
2163
1447
220
16
198
286
674
4800
2163
374
279
1176
1963
505
1212
311
4219
12
16
430
374
539
364
16
518
477
4219
422
912
364
16
596
198
286
674
2100
1396
315
364
16
596
311
279
2163
374
320
3133
482
2163
340
286
6305
284
4219
482
2163
198
286
674
71183
311
279
1314
439
3117
439
3284
320
56950
510
3133
10
16
11
842
2526
1405
682
527
364
17
1270
286
1314
284
4219
489
220
16
198
286
1418
1314
2717
842
323
274
54018
60
624
364
17
3730
310
1314
1447
220
16
198
286
4483
437
284
1314
482
320
3133
489
220
16
340
286
674
10884
3160
374
6305
320
2414
8
489
220
16
320
1820
65533
489
4483
437
320
1315
340
286
2917
6171
284
6305
489
220
16
489
4483
437
198
286
422
2917
6171
871
1973
6171
512
310
1973
6171
284
2917
6171
198
262
471
1973
6171
422
1973
6171
871
220
15
775
220
15
198
14196
19884
2028
8292
5829
264
34932
3321
369
1855
15198
4219
11
26060
279
7340
14841
315
364
16
596
311
279
2163
6041
520
279
10074
596
1212
323
279
14841
315
364
17
596
311
279
1314
13696
520
279
10074
596
842
13
1115
9248
279
6205
596
3685
4320
369
364
5037
14
11227
6
320
16
497
22
8
1606
1473
12
5955
520
1963
220
18
4417
14
42229
12
2057
279
2163
505
1212
320
15
1680
10093
220
15
11
16
11
17
527
364
16
518
779
6305
284
220
18
482
220
15
284
220
18
30
14144
1095
596
4321
1555
1473
14524
11
304
279
2082
1473
2414
374
17719
311
1212
28
15
382
8142
2163
366
4219
320
18
8
323
274
47602
60
374
364
16
3730
220
2163
9221
220
16
11
1243
220
17
320
44466
364
16
596
705
1243
520
220
18
433
18417
320
11536
220
18
374
539
366
18
570
2100
2163
10548
520
220
17
627
3233
284
4219
320
18
8
482
2163
320
17
8
284
220
16
13
14144
430
649
956
387
382
14524
11
1095
596
3094
1555
279
2163
9070
369
279
1176
3187
1473
82
284
364
5037
14
11227
518
1212
284
220
15
11
4219
284
220
18
271
2414
284
1212
320
15
340
5451
20140
25
2163
366
18
323
274
58
15
60
624
364
16
6
11651
2163
9221
220
16
198
16041
25
2163
366
18
323
274
58
16
60
624
364
16
6
11651
2163
9221
220
17
198
38075
25
2163
366
18
323
274
58
17
60
624
364
16
6
11651
2163
9221
220
18
198
7184
11
2163
374
220
18
902
374
539
366
18
11
779
3009
627
3233
284
4219
482
2163
11651
220
18
482
220
18
284
220
15
30
3011
596
5076
382
25797
11
1070
596
264
16930
304
279
12496
13
578
4495
1396
315
364
16
596
311
279
2163
315
4219
320
56950
279
10074
8
374
320
3133
482
2163
705
719
1193
422
2163
2717
4219
482
16
13
34863
11
584
1390
279
1797
315
24871
364
16
596
6041
520
1212
709
311
4219
12
16
382
10267
757
4495
279
2082
12496
369
26060
279
2163
364
16
596
10489
1473
1687
1288
1797
1268
1690
364
16
596
527
1070
505
1212
709
311
4219
12
16
11
7366
439
3117
1314
439
3284
719
23351
520
279
1176
2536
23328
16
30736
32
2731
5603
25
1505
279
1314
3646
2361
2717
4219
12
16
323
2669
1212
1405
279
1629
315
364
16
596
10548
13
2100
1473
2414
7406
284
1212
198
3556
2163
7406
366
4219
323
274
47602
7406
60
624
364
16
3730
262
2163
7406
1447
220
16
198
2
4800
2163
7406
374
279
1176
1963
2669
1212
1405
274
47602
7406
60
374
539
364
16
6
477
8813
4219
198
2
578
1396
315
364
16
596
374
2163
7406
482
1212
271
14524
11
912
2001
1095
596
1518
1473
10254
2972
505
1212
311
4219
12
16
682
527
364
16
596
13
5112
2163
7406
690
387
7882
311
4219
320
11536
994
2163
7406
624
4219
11
279
3044
2163
7406
366
4219
374
905
570
2100
279
1797
374
2163
7406
482
1212
382
644
279
3187
1473
2527
28
15
11
4219
28
18
13
578
5885
520
220
15
11
16
11
17
527
364
16
596
13
2100
1473
2414
7406
8638
520
220
15
11651
62700
311
220
16
11
1243
220
17
11
1243
220
18
13
4800
2163
7406
28
18
11
902
374
539
366
18
11
779
3009
13
2100
1797
284
220
18
482
220
15
284
220
18
364
16
596
13
3011
596
4495
382
12487
369
279
1314
3185
1473
1315
284
4219
489
16
320
19
340
3556
1314
2717
842
320
21
8
323
274
54018
60
624
364
17
1232
720
220
274
58
19
60
374
364
17
6
11651
1314
9221
20
198
220
274
58
20
60
374
364
16
6
11651
3009
198
708
4483
437
284
1314
482
320
3133
489
16
8
284
220
20
482
19
284
16
271
45600
2917
6171
284
220
18
489
16
489
16
284
20
11
902
9248
279
1176
6205
382
4516
279
3766
37065
2082
374
1473
74694
12958
198
755
1973
62465
1055
55278
7313
20375
5341
15880
1161
25
610
11
326
25
528
11
436
25
528
8
1492
528
512
262
3270
262
5295
279
3160
315
279
22807
39549
2949
274
17296
12
16
68459
60
430
374
264
2764
198
262
220
806
14
1313
925
13
362
2764
220
806
14
1313
925
374
459
10535
30425
925
449
1063
364
16
596
345
262
8272
555
57527
1243
1063
364
17
596
627
262
578
39549
2011
387
67603
2949
279
10074
510
75
12
16
68459
27218
262
3270
262
1212
284
326
482
220
16
198
262
842
284
436
482
220
16
198
262
422
1212
871
842
477
1212
366
220
15
477
842
2669
2479
1161
997
286
471
220
15
198
262
1973
5228
284
220
15
198
262
674
1789
1475
15198
304
279
2134
11
1427
369
54229
9070
198
262
369
4219
304
2134
10865
11
842
489
220
16
997
286
422
274
58
3133
60
976
3434
3730
310
3136
198
286
674
4605
24871
364
16
596
311
279
2163
6041
505
1212
709
311
4219
12
16
198
286
2163
284
1212
198
286
1418
2163
366
4219
323
274
47602
60
624
364
16
3730
310
2163
1447
220
16
198
286
6305
3259
284
2163
482
1212
220
674
1396
315
364
16
596
389
279
2163
198
286
674
4605
24871
364
17
596
311
279
1314
6041
505
4219
10
16
709
311
842
198
286
1314
284
4219
489
220
16
198
286
1418
1314
2717
842
323
274
54018
60
624
364
17
3730
310
1314
1447
220
16
198
286
4483
437
3259
284
1314
482
320
3133
489
220
16
340
286
1510
6171
284
6305
3259
489
4483
437
3259
489
220
16
220
674
489
16
369
279
69233
286
422
1510
6171
871
1973
5228
512
310
1973
5228
284
1510
6171
198
262
471
1973
5228
422
1973
5228
871
220
15
775
220
15
198
14196
19884
2028
2373
374
4495
323
16609
682
279
2728
7177
13
1102
5829
39549
687
27843
488
439
824
279
6205
596
31293
13
1115
374
279
1376
430
9248
279
6205
16674
323
16609
279
5089
7177
3984
13
100265
198
100264
882
271
7927
3766
4879
4745
279
7177
13
5810
596
279
1493
512
220
2958
36674
2783
20
34175
73
54
67
17
76
7345
498
1584
220
2614
198
262
1115
8292
5829
264
34932
3321
369
1855
15198
4219
11
26060
279
7340
14841
315
364
16
596
311
279
2163
6041
520
279
10074
596
1212
323
279
14841
315
364
17
596
311
279
1314
13696
520
279
10074
596
842
13
1115
9248
279
6205
596
3685
4320
369
364
5037
14
11227
6
320
16
497
22
8
1606
512
58040
58040
1078
76496
34990
1480
25
22229
52299
925
24016
320
19842
1599
520
1584
220
2614
65066
1271
312
42612
11
420
374
701
3465
25
4557
279
2768
734
12223
323
4733
928
11
7373
4305
279
734
7633
323
1522
682
279
7177
13
3146
5989
4276
70765
3247
13916
50
13
57277
2675
1288
15411
279
2082
499
11041
304
264
67859
2082
2565
320
817
10103
33981
320
20670
690
33316
279
4113
5865
8
100265
198
100264
78191
198
40
37979
369
279
6931
20047
1493
13
5810
374
264
4495
8292
430
36051
288
26549
311
279
8670
304
279
4733
928
323
16609
682
279
3984
5089
7177
11
2737
279
1176
832
1405
1595
2880
62465
1055
55278
7313
20375
5341
15880
493
5037
14
11227
518
220
16
11
220
22
47286
1288
471
220
20
382
2028
8292
12621
1475
15198
304
279
39549
274
17296
12
16
68459
60
320
77304
311
220
15
6108
15285
705
323
369
1855
11
52956
439
3117
2163
439
3284
505
279
2163
19254
1701
364
16
596
323
439
3117
1314
439
3284
505
279
4219
1701
364
17
596
11
719
1193
2949
279
10074
510
75
12
16
11
436
12
16
948
578
14921
527
25157
1701
1418
27578
3806
430
3009
994
279
3752
374
539
279
2631
832
477
279
19254
374
34908
13
578
12496
369
26060
364
16
596
311
279
2163
374
311
733
505
279
1212
709
311
1120
1603
279
4219
11
23351
520
279
1176
2536
23328
16
4527
1789
364
17
596
311
279
1314
11
1212
1306
4219
323
733
709
311
279
842
11
23351
520
1176
2536
23328
17
30736
74694
12958
198
755
1973
62465
1055
55278
7313
20375
5341
15880
1161
25
610
11
326
25
528
11
436
25
528
8
1492
528
512
262
3270
262
51730
279
7340
3160
315
264
39549
2949
274
17296
12
16
68459
60
430
7739
459
198
262
220
806
14
1313
925
439
4613
512
262
482
56136
3160
198
262
482
5629
320
2963
10
16
28250
17
482
220
16
5885
527
364
16
1270
262
482
12877
3752
374
69233
262
482
90730
5885
527
364
17
1270
262
578
2778
32238
1193
67603
16146
826
2949
279
5300
198
262
1963
2134
510
75
12
16
11
436
12
16
27218
262
3270
262
674
7316
220
16
6108
311
220
15
6108
15285
198
262
1212
7406
284
326
482
220
16
198
262
842
7406
284
436
482
220
16
198
262
422
1212
7406
871
842
7406
477
1212
7406
366
220
15
477
842
7406
2669
2479
1161
997
286
471
220
15
271
262
1973
6171
284
220
15
198
262
674
9934
1475
15198
304
279
10074
439
279
4219
198
262
369
4219
304
2134
10865
7406
11
842
7406
489
220
16
997
286
422
274
58
3133
60
976
3434
3730
310
3136
198
286
674
4605
364
16
596
7214
311
279
2163
320
1527
1212
7406
709
311
4219
12
16
340
286
2163
284
1212
7406
198
286
1418
2163
366
4219
323
274
47602
60
624
364
16
3730
310
2163
1447
220
16
198
286
6305
284
2163
482
1212
7406
220
674
1396
315
364
16
596
389
2163
3185
271
286
674
4605
364
17
596
7214
311
279
1314
320
1527
4219
10
16
709
311
842
7406
340
286
1314
284
4219
489
220
16
198
286
1418
1314
2717
842
7406
323
274
54018
60
624
364
17
3730
310
1314
1447
220
16
198
286
4483
437
284
1314
482
320
3133
489
220
16
8
220
674
1396
315
364
17
596
389
1314
3185
271
286
674
10884
3160
369
420
4219
198
286
10004
284
6305
489
4483
437
489
220
16
220
674
5636
220
16
369
279
4219
69233
286
422
10004
871
1973
6171
512
310
1973
6171
284
10004
198
262
471
1973
6171
422
1973
6171
871
220
15
775
220
15
198
14196
19884
2028
2082
374
7373
18641
449
13325
323
16609
682
279
2728
1296
5157
11
2737
279
1176
832
323
279
5217
6964
5157
13
1102
12722
5280
279
39549
6108
5603
2631
311
27651
279
6205
16674
13
100265
198