100264
882
198
4518
279
2768
734
12223
323
4733
928
11
7373
4305
279
734
7633
323
1522
682
279
7177
13
3146
5989
4276
70765
3247
13916
50
13
57277
2675
1288
15411
279
2082
499
11041
304
264
67859
2082
2565
320
817
10103
33981
320
20670
690
33316
279
4113
5865
696
14196
4077
1527
20061
1179
1796
1432
755
1973
62
7261
17
5341
1686
5228
1471
25
528
11
264
25
1796
19155
2526
1492
528
512
262
4304
16644
264
1160
315
6928
26864
11
1505
279
7340
3160
315
264
67603
1207
1686
720
262
430
7739
264
220
7261
17
8668
627
1084
262
362
220
7261
17
8668
374
4613
439
264
8668
430
512
262
220
16
13
11697
1524
3160
198
262
220
17
13
1789
1855
602
505
220
16
311
2479
14
17
11
5540
520
10093
220
17
72
12
16
323
220
17
72
527
6273
320
16
22214
291
340
262
220
18
13
9062
6928
7698
8111
3060
220
15
3115
477
7041
220
17
3115
304
279
8668
7361
262
18161
512
286
308
25
578
3160
315
279
1358
320
16
2717
308
2717
220
17
9
605
61
20
340
286
264
25
578
1358
315
6928
26864
320
16
2717
264
1004
60
2717
308
340
1084
262
5295
512
286
578
7340
3160
315
264
67603
1207
1686
430
374
264
220
7261
17
8668
7361
262
12382
1973
62
7261
17
5341
1686
5228
7
23
11
510
17
11
220
18
11
220
16
11
220
16
11
220
17
11
220
17
11
220
16
11
220
16
2608
262
220
19
198
262
12382
1973
62
7261
17
5341
1686
5228
7
18
11
510
16
11
220
17
11
220
17
2608
262
220
17
198
262
12382
1973
62
7261
17
5341
1686
5228
7
16
11
510
16
2608
262
220
15
198
262
12713
755
1817
73121
997
262
674
3475
5157
505
279
3575
198
262
2105
9322
7
23
11
510
17
11
220
18
11
220
16
11
220
16
11
220
17
11
220
17
11
220
16
11
220
16
2526
624
220
19
198
262
2105
9322
7
18
11
510
16
11
220
17
11
220
17
2526
624
220
17
198
262
2105
9322
7
16
11
510
16
2526
624
220
15
7361
262
674
24086
1296
5157
198
262
2105
9322
7
19
11
510
16
11
220
16
11
220
17
11
220
17
2526
624
220
19
198
262
2105
9322
7
5538
11
510
966
11
220
914
11
220
1187
11
220
1758
11
220
4331
11
220
605
11
220
22
11
220
2137
11
220
843
11
220
605
11
220
1806
11
220
1627
11
220
3174
11
220
2096
11
220
1591
11
220
3226
11
220
1958
11
220
843
11
220
2096
11
220
2946
11
220
3226
11
220
1691
11
220
4370
11
220
843
11
220
843
11
220
3174
11
220
3391
11
220
3487
11
220
1032
11
220
1758
11
220
1272
11
220
1399
11
220
868
11
220
16
11
220
1313
11
220
2790
11
220
5538
11
220
2166
11
220
2970
11
220
1691
11
220
4331
11
220
1691
11
220
18
11
220
1958
11
220
605
11
220
3487
11
220
1114
11
220
2137
11
220
3971
11
220
605
11
220
4370
11
220
914
11
220
1987
11
220
777
11
220
2790
11
220
2790
11
220
4103
11
220
2148
11
220
20
11
220
4103
11
220
21
11
220
1958
2526
624
220
17
198
262
2105
9322
7
777
11
510
1032
11
220
18
11
220
18
11
220
18
11
220
22
11
220
23
11
220
17
11
220
1032
11
220
16
11
220
19
11
220
1032
11
220
972
11
220
1114
11
220
605
11
220
868
11
220
845
11
220
777
11
220
22
11
220
975
2526
624
220
17
198
262
2105
9322
7
972
11
510
22
11
220
972
11
220
605
11
220
868
11
220
18
11
220
1032
11
220
806
11
220
23
11
220
605
11
220
21
11
220
22
11
220
21
11
220
17
11
220
24
11
220
845
11
220
18
11
220
18
11
220
20
2526
624
220
17
198
262
2105
9322
7
508
11
510
19
11
220
24
11
220
18
11
220
23
11
220
18
11
220
605
11
220
717
11
220
975
11
220
21
11
220
17
11
220
1114
11
220
868
11
220
17
11
220
508
11
220
19
11
220
1032
11
220
22
11
220
24
11
220
717
11
220
845
2526
624
220
15
198
262
2105
9322
7
23
11
510
16
11
220
17
11
220
16
11
220
17
11
220
16
11
220
17
11
220
16
11
220
17
2526
624
220
15
198
262
2105
9322
7
22
11
510
16
11
220
16
11
220
17
11
220
18
11
220
18
11
220
17
11
220
17
2526
624
220
18
198
262
2105
9322
7
717
11
510
605
11
220
806
11
220
605
11
220
18
11
220
717
11
220
20
11
220
22
11
220
717
11
220
22
11
220
806
11
220
17
11
220
16
2526
624
220
15
198
262
2105
9322
7
22
11
510
16
11
220
21
11
220
22
11
220
16
11
220
22
11
220
21
11
220
20
2526
624
220
15
198
262
2105
9322
7
17
11
510
16
11
220
17
2526
624
220
15
198
262
2105
9322
7
24
11
510
24
11
220
19
11
220
19
11
220
22
11
220
20
11
220
23
11
220
23
11
220
21
11
220
17
2526
624
220
17
198
262
2105
9322
7
717
11
510
17
11
220
16
11
220
605
11
220
16
11
220
19
11
220
18
11
220
717
11
220
17
11
220
23
11
220
19
11
220
717
11
220
16
2526
624
220
15
198
262
2105
9322
7
21
11
510
18
11
220
18
11
220
17
11
220
17
11
220
16
11
220
16
2526
624
220
21
198
262
2105
9322
7
17
11
510
16
11
220
16
2526
624
220
17
198
262
2105
9322
7
605
11
510
17
11
220
17
11
220
16
11
220
16
11
220
18
11
220
18
11
220
16
11
220
16
11
220
17
11
220
17
2526
624
220
21
198
262
2105
9322
7
22
11
510
16
11
220
16
11
220
17
11
220
18
11
220
18
11
220
17
11
220
17
2526
624
220
19
271
2
5560
1817
8913
62
7261
17
5341
1686
5228
8
311
1629
7177
627
74694
100265
198
100264
78191
198
29815
389
279
3575
7419
323
279
17413
11
1095
596
1464
1523
279
8670
369
264
220
7261
17
8668
1473
16
13
3146
13461
3160
96618
8442
2980
1207
67993
449
1524
1396
315
5540
627
17
13
3146
12725
4583
6273
5540
304
24871
13840
96618
1789
1475
602
11
5540
520
10093
220
17
72
12
16
323
220
17
72
320
16
22214
291
8
2011
387
6273
13
2100
279
1207
1686
2011
387
315
279
1376
510
87
11
865
11
379
11
379
11
1167
11
1167
11
2564
27218
18
13
3146
4959
6928
7698
8111
220
15
477
220
17
3115
96618
1115
3445
682
5219
304
279
1207
1686
2011
5101
304
13840
320
72
1770
2637
912
38003
57115
570
2100
682
5540
2011
2586
304
320
970
11
907
8
13840
382
4438
649
584
30820
1505
279
7340
1524
30425
1207
1686
430
69001
1521
1980
14711
5422
31943
811
271
12
1789
264
1207
1686
311
3449
279
330
9739
1396
8111
220
15
477
220
17
3115
1
6037
11
682
5540
2011
387
304
1524
1797
320
72
1770
2637
1855
5016
907
8111
459
1524
1396
315
3115
2001
719
304
279
2317
315
13840
439
304
279
8668
6070
11
279
1925
22295
374
430
1475
2449
304
279
1207
1686
2011
387
961
315
832
315
279
330
77267
1
10093
4390
12
4452
11
279
6070
315
279
8668
439
320
87
13095
24457
88
7509
705
1131
3727
433
779
430
369
279
1207
1686
274
58
15
1145
274
58
16
60
624
274
58
15
1145
274
58
17
4938
82
58
18
1145
5099
627
12
14636
11
369
904
9322
1207
1686
315
1524
3160
445
28
17
74
11
369
1855
602
28
15
497
74
12
16
11
584
1205
274
58
17
72
60
624
274
58
17
72
10
16
27218
12
1628
11
682
5219
304
279
1207
1686
2011
12446
7041
304
13840
320
708
369
279
4553
1207
1686
11
1855
1396
596
2860
1797
374
1524
2001
719
279
1648
584
1376
279
13840
3485
3604
26420
420
25
2533
1855
6857
44072
1403
315
279
1890
907
11
682
14921
527
1524
555
8246
3677
4071
2533
279
8668
374
20968
304
320
970
11
907
8
10215
11
422
584
649
1505
264
3321
1405
1475
24894
6857
320
15
11
16
705
320
17
11
18
705
320
19
11
20
705
1131
527
6273
11
1243
430
3321
374
264
220
7261
17
8668
555
7419
382
45600
11
584
649
312
6906
279
3575
439
11263
25
4815
2520
1855
3284
6041
1963
602
320
17206
477
10535
705
1456
311
9407
311
279
1314
439
3117
439
3284
1418
20958
430
1475
1524
22214
291
2449
17239
279
1828
832
320
72
1770
2637
520
3094
503
28
17
76
11
274
3894
16203
82
3894
10
16
2526
382
4071
264
35388
323
810
11297
5603
374
311
8737
279
1358
505
2163
311
1314
11
10494
3839
315
279
1510
330
1930
2565
3343
2468
1855
2361
11
422
279
1510
2361
374
279
1212
315
264
502
6857
320
72
1770
2637
2361
374
10535
323
1828
6866
323
814
527
6273
705
584
649
1212
264
502
9322
26
6062
11
584
13334
279
3766
9322
422
3284
382
4071
279
4335
478
5603
374
311
1005
264
1403
58789
320
3306
6714
3321
8
477
264
4382
13790
8737
11
15194
279
1888
2764
3321
13696
520
1855
1524
1963
382
93114
11
584
649
1005
264
57080
8737
25
1789
1855
1963
602
320
15
6108
705
422
602
374
1524
11
584
649
1456
311
13334
264
3321
6041
520
602
439
3117
439
3284
1778
430
369
682
503
505
602
311
842
3094
220
17
320
72
1770
2637
503
11
503
10
16
527
6273
570
5112
11
4315
682
1778
11276
11
584
3820
279
22807
382
11458
11
279
1455
11297
1648
374
311
30729
1555
279
1358
323
520
1855
1486
1405
584
617
1120
8036
264
6857
320
72
1770
2637
520
459
10535
1963
503
1405
274
3894
16203
82
3894
12
16
9918
1212
13126
264
3284
3321
13
71183
433
439
3117
1314
439
3284
1418
20958
430
369
1475
597
505
602
311
296
320
2940
3321
3160
374
220
17
32268
11
602
28
17
74
12
16
705
274
6874
16203
82
6874
10
16
30662
4071
420
1436
636
17395
382
93114
11
584
649
5296
430
279
8668
2011
387
24306
315
24871
320
87
13095
8
13840
13
2100
279
7340
2764
1207
1686
690
387
279
22807
67603
1629
1405
1475
1403
24894
5540
1376
264
6857
11
602
1770
2637
520
1475
1524
4445
11
279
2449
17239
1202
1828
382
1687
649
8737
279
1358
323
2567
3839
315
279
1510
1629
3160
315
1778
13840
1473
10130
512
220
1973
6171
284
220
15
198
220
10004
6171
284
220
15
198
220
369
602
304
2134
7
15
11
308
12
16
997
262
422
602
1034
220
17
624
220
15
323
264
1004
60
624
264
1004
10
16
10556
415
674
1115
6857
374
1695
369
264
220
7261
17
8668
2565
198
415
10004
6171
1447
220
17
220
674
1606
584
2351
3411
520
13840
198
262
775
512
415
674
578
5497
374
11102
198
415
422
10004
6171
871
1973
6171
512
286
1973
6171
284
10004
6171
198
415
10004
6171
284
220
15
220
674
17362
271
220
674
4740
279
6471
11
1817
279
1566
1629
198
220
422
10004
6171
871
1973
6171
512
262
1973
6171
284
10004
6171
271
4071
3868
11
420
5603
1193
5992
520
24871
320
72
11
602
10
16
8
13840
11
719
279
16686
374
430
279
4459
1207
1686
374
17071
291
1139
320
87
13095
7509
7509
29775
570
2100
279
3485
3604
4375
25
1606
311
1376
1778
264
8668
11
1855
6857
320
15
11
16
705
320
17
11
18
705
2564
2011
387
6273
11
779
1475
1524
1963
2011
617
264
2489
520
279
1828
1963
13
15636
11
279
22807
1778
1629
315
24894
13840
1405
1855
6857
374
6273
6835
279
22807
220
7261
17
8668
382
11458
11
5296
430
279
1629
2011
6824
315
459
1524
1396
315
5540
320
11536
1855
330
19045
1
3094
11621
220
17
5540
570
5751
3485
12496
1587
420
382
4071
1070
374
264
42129
1169
88
25
279
13840
1541
956
617
311
387
24894
304
279
5647
315
1828
4791
23101
11
719
4856
41141
439
320
15
11
16
705
320
17
11
18
705
5099
13
2100
279
3485
374
4495
382
14524
11
719
279
3485
1193
12621
369
24894
13840
320
72
11538
10
16
705
719
264
2764
220
7261
17
1207
1686
649
1212
520
1963
220
15
11
16
5099
13
2030
2533
279
6070
7612
279
1207
1686
311
387
320
87
13095
7509
7509
29775
705
1243
279
13840
2011
387
2536
29352
91719
323
24871
304
279
1358
13
2100
10035
11
279
3485
4375
382
14524
11
912
13
6914
596
1518
459
3187
1473
38275
279
1358
510
16
11
16
11
17
11
17
11
16
11
16
11
18
11
18
11
18
11
18
948
578
13840
320
15
11
16
24457
17
11
18
24457
19
11
20
24457
21
11
22
8
527
682
1695
11
719
320
23
11
24
8
374
539
264
6857
320
18
5947
18
30
14144
220
18
323
220
18
1053
387
17339
11
719
1243
320
22
11
23
8
374
220
18
323
220
18
2001
3604
304
420
3187
11
15285
220
21
323
220
22
320
18
11
18
705
220
23
323
220
24
320
18
11
18
8
1053
1101
1376
264
6857
13
10926
3820
264
2731
3187
382
14364
3187
25
510
16
11
16
11
17
11
18
11
18
11
17
11
16
11
16
948
578
13840
520
320
15
11
16
705
320
17
11
18
12106
2360
11
220
17
323
220
18
527
539
264
6857
13
2030
320
18
11
19
8
374
220
18
323
220
18
2001
430
596
264
6857
13
2100
279
2764
8640
527
320
15
11
16
8
3160
220
17
11
320
18
11
19
8
3160
220
17
11
320
21
11
22
8
3160
220
17
13
2100
279
1888
374
220
17
382
4071
279
1207
1686
505
1963
220
15
311
220
22
374
510
16
11
16
11
17
11
18
11
18
11
17
11
16
11
16
948
4800
11
50284
439
320
15
11
16
11992
16
11
16
26
320
17
11
18
11992
17
11
18
320
14176
705
779
279
1629
374
11102
13
2100
279
7340
2764
1207
1686
374
3160
220
17
320
9739
6857
3677
14364
3187
505
279
1296
1162
1473
2880
62
7261
17
5341
1686
5228
7
23
11
510
17
11
220
18
11
220
16
11
220
16
11
220
17
11
220
17
11
220
16
11
220
16
2526
624
220
19
271
791
1358
512
15336
25
220
15
220
16
220
17
220
18
220
19
220
20
220
21
220
22
198
3745
25
220
17
11
18
11
16
11
16
11
17
11
17
11
16
11
16
271
4061
3284
8640
512
7
15
11
16
1680
220
17
6296
220
18
912
11651
1629
3160
220
15
198
7
16
11
17
1680
220
18
6296
220
16
912
11651
220
15
198
7
17
11
18
1680
220
16
6296
220
16
11651
1629
2479
28
17
320
15336
220
17
12
18
340
7
18
11
19
1680
220
16
6296
220
17
912
11651
1464
11
779
3321
10548
520
220
18
11
3160
220
17
198
7
19
11
20
1680
220
17
6296
220
17
11651
1629
2479
28
17
320
15336
220
19
12
20
340
7
20
11
21
1680
220
17
6296
220
16
912
11651
1464
198
7
21
11
22
1680
220
16
6296
220
16
11651
1629
2479
28
17
320
15336
220
21
12
22
696
4071
1101
11
1436
584
617
264
5129
1629
6041
520
1963
220
17
30
6914
596
1518
512
3915
1963
220
17
512
7
17
11
18
8
1695
11651
3160
220
17
198
7
18
11
19
1680
220
16
6296
220
17
11651
1464
13
2100
1973
304
420
5654
374
220
17
382
4071
279
3685
4320
374
220
19
13
2650
1980
14524
11
1095
596
1518
279
1358
1578
25
510
17
11
220
18
11
220
16
11
220
16
11
220
17
11
220
17
11
220
16
11
220
16
2595
14524
11
8530
264
1207
1686
505
1963
220
17
311
220
22
25
5540
510
16
11
16
11
17
11
17
11
16
11
16
933
2028
706
3160
220
21
320
17206
570
4800
17071
439
320
16
11
16
705
320
17
11
17
705
320
16
11
16
570
2052
13840
527
6273
13
1628
14921
25
220
16
8111
220
18
3115
30
14144
912
25
304
510
16
11
16
11
17
11
17
11
16
11
16
1145
220
16
8111
520
10093
220
15
11
16
320
3983
6857
705
1243
520
220
19
11
20
320
5686
6857
705
1243
220
21
11
22
320
32827
6857
12106
14144
15285
2949
279
1207
1686
320
333
279
1207
1686
8638
520
220
17
323
10548
520
220
22
304
279
4113
1358
11
279
5540
527
264
58
17
4938
16
11
264
58
18
4938
16
11
264
58
19
4938
17
11
264
58
20
4938
17
11
264
58
21
4938
16
11
264
58
22
4938
16
13
2100
304
279
1207
1686
315
3160
220
21
25
320
16
11
16
705
320
17
11
17
705
320
16
11
16
570
2052
13840
527
6273
13
1628
1855
1396
8111
220
17
477
220
19
3115
25
220
16
8111
220
19
3115
11
220
17
8111
220
17
3115
13
2100
430
596
2764
11
323
3160
220
21
382
4071
279
1296
2795
279
4320
374
220
19
13
14144
11
420
374
52133
13
14910
358
296
16164
11456
1980
14524
279
1296
1162
304
279
3575
2795
1473
29
1973
62
7261
17
5341
1686
5228
7
23
11
510
17
11
220
18
11
220
16
11
220
16
11
220
17
11
220
17
11
220
16
11
220
16
2526
624
220
19
271
4071
4184
311
279
1207
1686
505
1963
220
17
311
220
22
320
22138
220
16
11
16
11
17
11
17
11
16
11
16
705
430
596
3160
220
21
323
1288
387
2764
13
2100
3249
1587
279
3685
2612
2019
220
19
1980
25797
0
14144
11
8530
358
2846
70847
279
7419
13
6914
757
312
29906
279
3575
5224
382
30233
220
7261
17
8668
374
4613
439
264
8668
430
512
16
13
11697
1524
3160
198
17
13
1789
1855
602
505
220
16
311
2479
14
17
11
5540
520
10093
220
17
72
12
16
323
220
17
72
527
6273
320
16
22214
291
340
18
13
9062
6928
7698
8111
3060
220
15
3115
477
7041
220
17
3115
304
279
8668
1875
14524
11
279
4948
3044
2795
1855
7698
8111
3060
220
15
3115
477
7041
220
17
3115
304
279
3146
306
556
8668
334
13
763
279
1207
1686
358
1120
9932
320
15336
220
17
12
22
25
510
16
11
16
11
17
11
17
11
16
11
16
9918
279
1396
220
16
8111
220
19
3115
320
28536
220
15
11
16
11
19
11
20
304
430
1207
1686
705
902
374
539
220
17
3115
13
2100
430
1207
1686
374
8482
382
25797
0
3011
596
279
1401
13
3092
16930
6931
25
358
3287
956
2759
369
279
4948
3044
382
4516
1855
1396
2011
5101
7041
220
15
477
220
17
3115
304
279
1207
1686
13
2100
304
279
1207
1686
510
16
11
16
11
17
11
17
11
16
11
16
1145
364
16
6
8111
220
19
3115
2001
902
374
8482
13
2100
430
3321
374
539
5535
382
4516
584
1205
311
539
1193
617
279
320
87
13095
7509
7509
33674
6070
719
1101
430
1475
907
304
279
1207
1686
13980
7041
11157
320
269
539
520
682
570
14636
11
279
13840
2011
539
28347
304
2819
382
2028
3727
279
3575
1790
810
54852
13
1226
4250
1120
1427
369
8640
315
320
72
11538
10
16
8
6273
11
584
1101
2011
6106
430
912
907
374
1511
810
1109
11157
304
279
4459
1207
1686
382
4516
1268
656
584
30820
1505
279
7340
1524
30425
1207
1686
430
374
320
64
8568
15362
8568
29775
8
449
682
2819
26449
220
15
477
220
17
3115
304
279
1207
1686
1980
2028
374
810
6485
13
1226
1205
311
1304
2771
430
2949
1057
1510
3321
11
1855
907
13980
7041
11157
320
300
13840
1541
956
40978
422
2819
527
2204
570
2030
422
1403
2204
13840
1005
279
1890
907
11
430
907
596
2860
1797
1053
387
220
19
320
11536
1403
13840
705
902
374
8482
382
55915
11
682
2819
304
279
3321
2011
387
1511
7041
11157
320
9739
304
832
6857
705
477
539
520
682
13
2100
1855
907
304
279
3321
2011
5101
7041
3131
439
264
6857
382
45600
279
1207
1686
2011
387
264
4526
315
85884
320
970
11
907
8
13840
449
682
2819
304
279
1207
1686
5016
320
269
11763
304
2536
29352
91719
13840
11
719
23391
3728
1797
374
1524
323
7041
1403
57115
3677
14524
11
719
433
596
5535
369
264
907
311
5101
304
1403
8821
13840
439
1317
439
279
2860
1797
304
279
1207
1686
374
1403
30
2360
11
1606
1403
13840
315
279
1890
907
1053
3041
220
19
57115
382
14524
279
4948
3044
374
25
330
9739
6928
7698
8111
3060
220
15
3115
477
7041
220
17
3115
304
279
8668
3343
15636
11
904
907
3118
304
279
1207
1686
2011
5101
7041
11157
13
15636
11
499
4250
617
279
1890
907
304
810
1109
832
6857
26
1855
907
304
279
1207
1686
2011
387
304
7041
832
6857
382
45600
11
279
1207
1686
2011
6824
315
597
13840
11
1855
449
264
12742
907
13
2100
279
1207
1686
374
315
279
1376
510
87
16
13095
16
7509
16
7509
16
29775
11
87
74
13095
74
7509
74
7509
74
1145
449
682
865
5431
323
379
5431
320
9336
3604
682
279
2819
8
1694
5016
30
2360
11
3604
279
13840
649
617
279
1890
907
439
1317
439
433
596
1193
1403
2860
11
719
499
649
956
617
279
1890
907
304
810
1109
832
6857
13
2100
682
279
2819
304
279
13840
2011
387
12742
382
14524
11
369
3187
11
264
2764
8668
1436
387
510
16
11
16
11
17
11
17
1145
2533
220
16
323
220
17
1855
5101
7041
11157
13
2030
510
16
11
16
11
17
11
17
11
16
11
16
60
374
8482
1606
220
16
8111
3116
3115
382
55915
279
6070
2011
27651
2225
1473
16
13
578
320
87
13095
7509
7509
29775
8
50284
1405
1855
24894
6857
374
6273
627
17
13
2052
2819
304
279
1207
1686
12446
7041
11157
320
708
682
279
865
596
304
279
13840
2011
387
5016
2001
912
907
649
5101
304
810
1109
832
6857
3677
55915
279
7340
3160
374
11157
279
1396
315
5016
2819
304
1063
67603
2565
1405
1855
5016
907
8111
7041
3131
439
264
6857
382
45600
11
279
3575
26338
311
25
1505
279
22807
8668
315
85884
320
970
11
907
8
13840
304
264
2872
11
1405
682
279
2819
304
1521
13840
527
2204
382
4516
1268
311
12849
430
1980
4054
1648
374
311
1005
264
34932
3321
5603
11
10494
3839
315
279
14921
315
1855
907
304
279
1510
3321
11
323
279
1510
2361
13
1226
649
1456
311
9407
279
3321
439
1790
439
3284
1418
23391
1473
12
578
3321
3160
374
1524
627
12
1789
1475
1963
602
304
279
3321
11
422
320
72
374
1524
8
1243
264
1004
60
624
264
1004
10
16
27218
12
1789
1855
907
304
279
3321
11
1202
1797
374
7041
220
17
320
708
584
649
1193
2997
13840
11
323
912
907
649
387
304
810
1109
832
6857
304
279
3321
3677
93114
11
2533
279
13840
2011
387
2536
29352
91719
323
617
5016
2819
11
8530
584
649
1646
433
439
9455
279
22807
8668
315
2536
29352
91719
13840
320
72
11
602
10
16
8
1405
264
1004
4938
64
1004
10
16
1145
323
682
279
2819
304
1521
13840
527
12742
382
4516
584
649
8737
279
1358
505
2163
311
1314
11
323
520
1855
2361
1405
584
617
264
6857
320
72
11538
10
16
705
10491
3508
311
2997
433
304
279
1510
1207
1686
11
3984
433
3250
956
12324
449
8767
5343
13840
320
72
1770
2637
279
907
12775
956
1027
1511
304
279
1510
1207
1686
3677
2028
10578
1093
264
8915
15840
3575
382
10267
596
7124
11581
1004
60
439
279
7340
3160
315
264
2764
220
7261
17
8668
13126
279
1176
602
5540
320
15
497
72
12
16
3677
12487
11
369
1855
602
505
220
15
311
308
1473
12
11581
1004
60
284
1973
35899
1004
12
16
1145
320
333
602
10123
17
323
264
1004
12
17
16203
64
1004
12
16
60
323
1797
15848
1004
12
17
5163
304
279
3321
709
311
602
12
16
374
220
15
11
1243
220
17
489
11581
1004
12
17
9549
382
14524
11
719
584
1205
311
3839
902
2819
617
1027
1511
304
279
1510
3321
13
8876
420
374
539
3284
449
1120
264
11581
1358
320
24567
311
1614
11911
389
2819
705
8530
584
1205
264
2204
5603
382
93114
11
2533
584
1390
2536
29352
91719
13840
1405
682
2819
527
12742
11
584
649
1005
264
57080
5603
449
1203
45653
11
719
430
1436
387
507
1471
61
17
8
304
12047
1162
382
93114
11
584
649
1005
264
5286
311
3839
279
1566
32659
315
1855
907
11
323
1456
311
1977
279
1888
8668
555
19301
13840
994
3284
323
2819
527
539
3686
1511
304
279
1510
1629
382
4071
420
374
3794
6485
382
93114
11
1095
596
1781
315
433
439
11263
1473
1687
1205
311
3373
1063
13840
320
72
11
602
10
16
8
1778
430
1473
12
2435
527
2536
29352
91719
320
9739
6857
596
1314
1963
366
1828
6857
596
2163
1963
4390
12
2052
279
2819
304
279
4183
13840
527
12742
627
12
578
2860
1396
315
1778
13840
374
439
3544
439
3284
11651
2533
1855
11621
220
17
311
3160
11
279
1973
3160
374
220
17
353
1973
4369
3659
37530
382
4516
279
3575
26338
311
25
7340
12864
315
2536
29352
91719
13840
320
72
11538
10
16
8
1405
264
1004
4938
64
1004
10
16
1145
323
682
279
264
1004
60
304
279
4183
13840
527
5016
382
2028
374
4528
311
10074
38952
719
449
907
60157
382
2028
374
459
44340
71845
23851
315
10074
38952
11
719
2728
279
17413
320
77
709
311
220
17
68
20
705
584
1205
459
507
1471
8
477
507
1471
1515
308
8
6425
382
81122
13
39578
11
1095
596
1781
315
433
439
584
4321
1555
279
1358
323
15716
584
1518
264
6857
320
72
11538
10
16
705
584
649
5268
311
1935
433
477
539
11
719
3131
584
1935
264
907
11
584
649
956
1935
433
1578
382
4516
1095
596
1005
264
57080
5603
449
264
5286
743
311
3839
1511
2819
382
10130
1473
2880
6171
284
220
15
271
3311
5011
284
220
15
220
674
1212
1963
315
1510
6646
3321
198
2656
9324
284
743
746
3311
37530
284
220
15
220
674
1396
315
13840
14890
304
1510
3321
271
2000
602
505
220
15
311
308
12
17
1473
262
422
264
1004
60
624
264
1004
10
16
10556
286
1062
284
264
1004
933
286
422
1062
539
304
1511
9324
512
310
674
649
584
1935
420
6857
5380
310
674
578
6857
374
505
602
311
602
10
16
198
310
674
2057
387
2536
29352
91719
449
3766
11
279
3766
6857
2011
842
1603
602
198
310
674
8876
584
527
88335
304
2015
11
439
1317
439
584
1541
956
27068
2819
11
433
596
17339
198
310
674
2100
584
649
1935
420
6857
422
433
3250
956
12324
449
1511
2819
198
310
1511
9324
1388
9276
340
310
1510
37530
1447
16
198
310
674
578
3160
20162
374
220
17
353
1510
37530
198
310
422
220
17
9
3311
37530
871
1973
6171
512
394
1973
6171
284
220
17
9
3311
37530
198
286
775
512
310
674
649
956
1935
420
6857
11
1606
907
2736
1511
198
310
674
10936
433
11
719
1541
956
12178
1510
5011
11
304
1162
3766
1436
387
961
315
264
2731
8668
422
584
10936
420
198
310
674
2582
656
584
1205
311
10936
323
3136
5380
310
674
8876
13840
527
2536
29352
91719
11
422
420
6857
649
956
387
4529
11
584
1120
10570
198
310
1522
198
262
775
512
286
674
420
2361
649
956
387
961
315
264
6857
11
779
904
14529
13840
1603
433
2011
387
10717
198
286
674
2100
584
1205
311
7738
279
1510
8668
198
286
1510
37530
284
220
15
198
286
1511
9324
7578
746
286
1510
5011
284
602
489
220
16
220
674
1828
3284
1212
1306
602
271
4071
3868
11
279
3485
5603
374
2288
78630
13
9393
1306
43759
264
6857
1606
1202
907
374
1511
11
279
1828
6857
2643
1212
1603
602
11
6522
311
77107
382
93114
11
8530
584
1288
2744
1456
311
2997
279
30758
3284
13840
311
35608
279
1797
11
719
23391
907
60157
382
2028
374
4528
311
279
330
40287
12864
304
264
1853
1405
13116
617
9382
320
1820
2819
8
323
584
649
956
617
43428
11690
2028
374
13890
311
279
330
40287
12864
449
12742
9382
1
3575
389
264
1853
382
2127
23669
57080
5603
1053
387
1473
10130
1473
2880
5228
284
220
15
271
3311
6615
284
220
15
271
2656
9324
284
743
2892
3556
1510
6615
366
308
12
16
1473
262
674
1427
369
279
1828
2561
6857
6041
520
1510
6615
1405
907
539
1511
198
262
1766
284
3641
198
262
369
503
304
2134
8937
6615
11
308
12
16
11
220
17
1680
220
674
3094
555
220
17
311
1505
1828
3284
1524
30425
3321
198
286
422
503
2669
308
12
16
512
310
1464
198
286
422
264
3894
60
624
264
3894
10
16
60
323
264
3894
60
539
304
1511
9324
512
310
674
1935
420
6857
198
310
1511
9324
1388
2948
3894
2608
310
1973
5228
284
1973
8913
5228
11
220
17
6737
3311
37530
489
16
1192
310
1510
6615
284
503
489
220
17
220
674
3351
3347
420
6857
198
310
1510
37530
1447
16
198
310
1766
284
3082
198
310
1464
198
262
422
539
1766
512
286
674
912
2561
6857
649
387
14454
505
1510
6615
79287
2085
40916
264
907
198
286
674
779
1464
323
4974
198
286
1464
271
2028
374
2103
507
1471
61
17
8
304
12047
1162
320
333
369
1855
3094
584
8737
1690
10093
3677
1687
1205
264
13790
6425
382
76863
5603
14948
555
279
2144
430
2819
2011
387
5016
304
13840
1473
1687
649
1005
264
11240
311
2472
1855
907
311
279
1566
2361
433
574
3970
304
264
2764
6857
382
1687
649
1101
1005
264
7597
364
408
6
311
3839
279
842
315
279
1510
1888
3321
11
323
364
2527
6
311
3839
1405
279
1828
3284
6857
649
1212
382
10130
1473
2880
6171
284
220
15
271
2527
284
220
15
220
674
1212
1963
369
1828
3284
6857
198
4354
58391
21201
284
4792
220
674
907
1492
1566
1963
433
574
961
315
264
6857
271
2000
842
304
2134
1471
12
16
1680
220
674
842
374
279
1963
315
279
2132
2449
315
264
4754
6857
320
708
842
2011
387
10535
311
617
842
12
16
1524
340
262
422
264
58308
60
624
264
58308
12
16
10556
286
1062
284
264
58308
12
16
933
286
422
1566
58391
21201
673
9276
11
482
16
8
366
1212
512
310
674
420
6857
3250
956
12324
449
3766
1511
2819
304
1510
3321
198
310
1566
58391
21201
69550
60
284
842
220
674
1906
420
32659
198
310
674
578
1510
3321
649
2997
420
6857
11
779
3160
374
220
17
6737
320
408
12
16
482
1212
5738
17
489
16
1763
310
674
2030
311
3839
1973
11
1120
9616
220
17
6737
3311
37530
489
16
340
310
1510
37530
1447
16
198
310
422
220
17
9
3311
37530
871
1973
6171
512
394
1973
6171
284
220
17
9
3311
37530
198
310
1212
284
842
489
220
17
220
674
3351
1212
3347
420
6857
198
286
775
512
310
674
420
907
574
2736
304
279
1510
3321
11
649
956
1935
420
6857
198
310
674
2100
584
1205
311
3351
1212
311
1566
58391
21201
69550
60
489
17
311
22429
3766
32659
198
310
1212
284
1566
58391
21201
69550
60
489
17
198
310
1566
58391
21201
8452
9276
8
220
674
4148
2533
433
596
1457
28544
198
310
1510
37530
284
220
15
220
674
7738
11
439
279
8668
374
11102
198
310
674
4800
11
17460
279
6471
505
279
502
1212
198
310
674
8876
420
374
4871
279
369
6471
927
842
11
584
649
956
6847
17460
13
720
310
674
2100
8530
420
5603
4536
956
279
1888
382
2028
374
3794
2288
5804
337
2844
13
10926
264
2731
1648
374
311
1646
420
449
264
57080
1522
11
2744
4737
279
2163
3646
3284
6857
994
264
907
374
2561
323
539
3686
1511
11
323
43759
927
1511
2819
382
14524
1618
596
459
507
1471
8
5603
1473
1687
649
30729
1555
279
1358
11
323
15716
584
1518
264
2764
6857
320
72
11538
10
16
705
584
1817
422
279
907
264
1004
60
706
1027
1511
1603
13
1442
539
11
584
1935
420
6857
11
923
433
311
1057
1511
743
11
323
16650
279
1797
13
1442
433
706
1027
1511
11
584
10936
420
6857
320
438
1101
904
13840
430
2997
420
907
3677
4071
311
1304
420
990
1418
10494
3839
315
279
7340
3321
11
8530
584
649
656
279
2768
1473
10130
1473
2880
6171
284
220
15
271
3311
5011
284
220
15
220
674
1212
1963
315
279
1510
6646
10449
198
2656
9324
284
743
746
1868
37530
284
220
15
271
2000
602
304
2134
1471
12
16
997
262
422
264
1004
60
624
264
1004
10
16
10556
286
1062
284
264
1004
933
286
422
1062
539
304
1511
9324
512
310
674
1935
420
6857
198
310
1511
9324
1388
9276
340
310
1797
37530
1447
16
198
310
1510
6171
284
220
17
353
1797
37530
198
310
422
1510
6171
871
1973
6171
512
394
1973
6171
284
1510
6171
198
310
674
578
1828
3284
6857
649
1212
520
602
10
17
198
310
1510
5011
284
602
489
220
17
198
286
775
512
310
674
649
956
1935
420
6857
11
439
907
374
2736
1511
13
2030
7344
1070
596
264
6931
6857
584
1436
617
4529
311
636
264
2731
8668
5380
310
674
763
420
1162
11
584
1120
5387
1510
5011
439
374
11
323
3136
13
9393
1524
422
420
6857
374
36257
11
3766
13840
1603
433
320
333
904
8
527
2736
41853
369
304
1973
6171
627
310
674
4452
11
420
2643
3194
1063
10708
13
1789
3187
11
422
420
6857
596
907
374
1511
719
459
6931
6857
1436
387
961
315
264
5129
8668
422
584
10936
420
832
627
310
674
89290
11
420
374
279
4360
449
57080
20414
627
310
674
10926
584
1205
311
1203
709
1510
5011
311
602
10
17
323
1456
311
1505
2500
907
5380
310
674
1115
1436
636
17395
627
310
1522
198
286
674
44840
11
904
6857
1306
420
602
10
16
649
2103
387
6646
11
439
1317
439
872
2819
527
539
304
1511
9324
627
262
775
512
286
674
578
1510
602
374
539
961
315
264
6857
11
779
904
13840
1603
433
527
99406
7389
584
7738
627
286
674
2100
584
1205
311
7738
279
1511
9324
323
1797
37530
11
323
743
1510
5011
311
602
10
16
198
286
1511
9324
7578
746
286
1797
37530
284
220
15
198
286
1510
5011
284
602
489
220
16
271
4071
420
5603
690
539
990
304
5157
1405
43759
264
52133
6857
6276
369
264
5129
8668
3010
13
1789
3187
1473
10254
2972
584
617
279
1358
510
16
11
16
11
17
11
17
11
16
11
16
11
18
11
18
948
578
1176
1403
13840
320
16
11
16
8
323
320
17
11
17
8
527
4529
11
7231
3160
220
19
13
5112
279
1828
1403
320
16
11
16
8
649
956
387
4529
1606
220
16
374
1511
11
719
422
584
1047
36257
279
1176
320
16
11
16
8
6857
11
584
1436
1935
320
17
11
17
705
320
16
11
16
705
320
18
11
18
8
369
3160
220
21
13
2030
279
57080
5603
315
2744
4737
279
1176
3284
6857
1053
5268
279
1176
320
16
11
16
8
323
3194
279
5129
8668
382
45600
11
264
57080
2163
3646
5603
1253
539
387
23669
382
81122
11
420
374
34553
13
10926
584
1205
264
8915
15840
5603
1405
369
1855
1963
602
11
584
3637
279
7340
3160
709
311
602
11
13126
3508
279
1566
6857
9670
520
602
12
16
477
539
382
10267
753
7124
11581
1004
60
439
279
7340
3160
315
264
2764
220
7261
17
8668
304
279
1176
602
5540
320
15
497
72
12
16
3677
12487
369
1855
602
505
220
15
311
308
1473
12
11581
1004
60
284
11581
1004
12
16
60
220
674
539
4737
279
602
12
16
270
2449
439
961
315
264
6857
198
12
422
602
2669
17
323
264
1004
12
17
60
624
264
1004
12
16
10556
262
1243
584
649
2980
4737
279
6857
13696
520
602
12
16
320
15336
602
12
17
323
602
12
16
340
262
304
430
1162
11
279
3766
1614
374
11581
1004
12
17
1145
323
923
220
17
512
262
2100
11581
1004
60
284
1973
35899
1004
1145
11581
1004
12
17
60
489
220
17
5235
4071
420
49378
279
4948
3044
25
430
1855
907
8111
7041
11157
304
279
1207
1686
382
25797
11
1314
13
9393
420
5603
1120
5992
369
24871
13840
11
719
3250
956
3839
2819
6
14921
382
4516
420
1053
927
1868
11
439
433
6276
2819
311
387
69843
304
5361
13840
439
1317
439
814
527
24894
382
45600
11
420
5603
374
8482
382
76863
4623
25
8876
1855
907
649
387
1511
1193
3131
304
264
6857
320
998
617
7041
1403
57115
705
279
3575
374
13890
311
9455
279
22807
8668
315
2536
29352
91719
13840
320
72
11538
10
16
8
1405
264
1004
4938
64
1004
10
16
1145
323
682
279
264
1004
60
304
1521
13840
527
12742
382
2028
374
7041
279
330
40287
12864
304
264
1853
1405
1855
6964
706
264
2440
320
1820
907
705
323
912
1403
13116
304
279
12864
649
617
279
1890
2440
11690
2028
374
3967
439
279
330
40287
4785
12864
449
12742
9382
1
3575
389
264
13790
8957
13
358
2846
539
8010
315
264
5410
12384
369
420
11
719
8530
584
649
1646
433
449
264
5286
2472
311
3839
279
1566
2361
1405
1855
907
574
5343
304
264
6857
382
1687
649
1005
264
57080
5603
430
16696
311
3854
439
1690
2536
29352
91719
11
907
88359
7956
13840
439
3284
505
2163
311
1314
382
8586
596
459
507
1471
8
5603
1473
10130
1473
2880
5228
284
220
15
271
3311
5011
284
220
15
220
674
1212
1963
369
279
1828
3284
6857
198
4354
28903
284
4792
257
674
907
1492
1566
2361
320
408
1963
8
315
279
6857
584
5343
271
2000
602
304
2134
1471
12
16
1680
220
674
602
374
279
842
315
264
4754
6857
320
708
602
2011
387
10535
311
617
602
12
16
1524
340
262
674
1226
649
1193
2980
13840
13696
520
602
422
264
1004
60
624
264
1004
12
16
933
262
422
264
1004
60
624
264
1004
12
16
10556
286
1062
284
264
1004
12
16
933
286
674
4343
422
584
649
2997
420
6857
2085
312
985
364
838
1270
286
422
1062
539
304
1566
28903
477
1566
28903
69550
60
366
1510
5011
512
310
674
649
2997
420
6857
198
310
1566
28903
69550
60
284
602
220
674
1906
279
842
1963
315
420
6857
198
310
1510
5228
284
220
17
353
320
320
72
482
1510
5011
8
443
220
17
489
220
16
1763
310
422
1510
5228
871
1973
5228
512
394
1973
5228
284
1510
5228
198
310
674
578
1828
6857
2011
1212
1306
602
198
310
1510
5011
284
602
489
220
17
198
286
775
512
310
674
907
574
1511
304
264
3766
6857
2949
1510
3321
198
310
674
2100
584
1205
311
10936
420
6857
323
904
13840
430
28347
449
433
198
310
674
7531
279
3766
32659
315
420
907
323
3351
1212
1306
433
198
310
8031
6615
284
1566
28903
69550
933
310
1510
5011
284
8031
6615
489
220
17
198
310
674
11016
279
2362
4441
369
364
838
6
439
433
596
1457
4994
279
3321
198
310
1566
28903
8452
9276
340
310
674
17362
279
6857
1797
439
279
8668
374
11102
198
310
1510
5011
284
602
489
220
16
220
674
539
2771
11
7344
743
311
602
10
16
323
17460
279
6471
5380
310
674
1115
374
3794
6485
11
8530
1464
323
17460
279
16335
6471
5380
310
674
39578
11
1120
3136
279
6471
11
439
279
1828
602
690
387
6646
627
310
674
1115
1253
539
387
23669
719
1095
596
10570
627
262
674
775
25
656
4400
11
1120
10570
311
1828
602
271
2028
374
2103
264
2766
1450
2695
5781
13
10926
459
8831
1648
374
311
15716
584
1505
264
2764
6857
320
72
12
16
11538
705
584
1817
422
1202
907
374
2736
304
1057
1511
743
13
1442
539
11
584
1935
433
11
923
311
1511
743
11
323
2713
1973
5228
13
1442
433
374
1511
11
584
10936
433
323
3136
382
4071
584
1101
1205
311
1304
2771
13840
1541
956
28347
13
2100
8530
1473
10130
1473
2880
6171
284
220
15
271
2656
9324
284
743
2892
72
284
220
15
271
3556
602
366
308
12
16
1473
262
422
264
1004
60
624
264
1004
10
16
60
323
264
1004
60
539
304
1511
9324
512
286
674
1935
420
6857
198
286
1511
9324
1388
2948
1004
2608
286
1973
6171
284
1973
8913
6171
11
220
17
6737
2963
7
2656
9324
7861
674
2533
1855
3779
907
374
264
502
6857
198
286
602
1447
220
17
220
674
10936
3347
420
6857
198
262
775
512
286
602
1447
16
220
674
3351
311
1828
2361
271
4071
420
690
539
990
369
5157
1405
43759
279
1510
6857
6276
369
264
5129
8244
8668
13
1789
3187
1473
1138
284
510
16
11
16
11
17
11
17
11
16
11
16
11
18
11
18
2595
791
3485
2082
1053
1935
320
15
11
16
8
320
16
11
16
705
1243
320
19
11
20
8
320
16
11
16
649
956
1606
220
16
374
1511
705
1243
320
21
11
22
8
320
18
11
18
570
2030
2533
220
16
374
1511
304
279
1176
6857
11
279
320
19
11
20
8
374
36257
13
2100
1511
9324
706
314
16
11
18
2186
3160
220
17
11651
1973
6171
220
19
11
719
279
23669
374
320
17
11
18
24457
19
11
20
24457
21
11
22
8
11651
719
912
11
220
17
11
16
11
18
527
12742
779
320
15
11
16
24457
17
11
18
24457
21
11
22
8
6835
220
18
13840
11651
220
21
3160
13
14144
304
420
2961
1473
33041
25
220
15
220
16
220
17
220
18
220
19
220
20
220
21
220
22
271
6359
25
16
220
16
220
17
220
17
220
16
220
16
220
18
220
18
271
66322
2536
29352
91719
13840
449
12742
2819
1473
5454
16
25
13840
520
220
15
12
16
320
16
705
220
17
12
18
320
17
705
220
21
12
22
320
18
8
11651
2380
13840
11651
3160
220
21
382
5454
17
25
13840
520
220
17
12
18
320
17
705
19
12
20
320
16
705
21
12
22
7
18
8
11651
1101
220
18
13840
382
4516
279
7340
374
220
21
11
719
279
57080
2082
3485
1053
1176
1935
220
15
12
16
320
16
705
1243
649
956
1935
220
17
12
18
1606
1306
43759
220
15
12
16
11
279
1828
374
602
28
17
13
2468
602
28
17
11
220
17
419
17
323
220
17
539
304
1511
314
16
2186
779
5097
433
13
4800
1511
314
16
11
17
2186
602
9221
220
19
13
2468
602
28
19
11
220
16
374
2736
1511
11
779
92620
311
602
28
20
11
1243
602
28
21
5097
220
18
13
2100
1511
314
16
11
17
11
18
2186
2860
220
18
13840
11651
220
21
13
2100
304
420
1162
279
2082
1053
990
382
14524
1095
596
3094
1555
1473
91084
602
28
15
1473
64
58
15
16203
64
58
16
60
323
220
16
539
304
1511
11651
1935
433
13
1511
1185
16
2186
1973
6171
28
17
13
602
9221
220
15
10
17
28
17
382
7184
602
28
17
1473
64
58
17
16203
64
58
18
60
320
17
419
17
705
220
17
539
304
1511
11651
1935
13
1511
1185
16
11
17
2186
1973
6171
28
19
13
602
9221
19
382
72
28
19
1473
64
58
19
16203
64
58
20
60
320
16
419
16
705
719
220
16
374
304
1511
11651
649
956
1935
13
2100
602
62700
311
20
382
72
28
20
25
264
58
20
38007
64
58
21
60
320
16
6296
220
18
8
11651
912
382
72
28
21
25
264
58
21
16203
64
58
22
60
320
18
419
18
705
220
18
539
304
1511
11651
1935
13
1511
314
16
11
17
11
18
2186
1973
6171
28
21
13
602
9221
23
902
374
7953
308
12
16
320
22
705
779
6471
10548
382
4516
2082
4780
220
21
902
374
4495
13
2100
8530
420
5603
4375
382
14364
1296
1162
505
279
3575
1473
1686
510
17
11
18
11
16
11
16
11
17
11
17
11
16
11
16
1145
308
28
23
382
8468
1555
1473
72
8638
520
220
15
382
72
28
15
25
264
58
15
4938
17
11
264
58
16
4938
18
11651
912
382
72
28
16
25
264
58
16
4938
18
11
264
58
17
4938
16
11651
912
382
72
28
17
25
264
58
17
4938
16
11
264
58
18
4938
16
11651
10035
11
323
220
16
539
304
1511
13
12040
13
1511
1185
16
2186
1973
28
17
13
602
9221
19
382
72
28
19
25
264
58
19
4938
17
11
264
58
20
4938
17
11651
10035
11
220
17
539
304
1511
13
12040
13
1511
314
16
11
17
2186
1973
28
19
13
602
28
21
382
72
28
21
25
264
58
21
4938
16
11
264
58
22
4938
16
11651
10035
11
719
220
16
374
304
1511
11651
649
956
13
2100
602
9221
22
382
72
28
22
25
7953
220
21
320
77
12
17
28
21
705
779
4974
382
45600
279
2082
4780
220
19
11
902
9248
279
1296
1162
13
9393
279
13840
4529
527
320
17
11
18
8
15285
220
17
12
18
320
970
220
16
8
323
320
19
12
20
8
320
970
220
17
705
7231
1403
13840
11651
3160
220
19
13
7570
3582
1070
374
264
3010
320
21
12
22
8
6857
315
220
16
82
11
433
649
956
387
4529
1606
220
16
374
2736
1511
13
2100
420
5603
4375
369
279
2728
1296
382
14364
3187
1405
279
23669
374
311
10936
459
4216
6857
1473
10254
2972
1358
374
510
16
11
16
11
17
11
17
11
17
11
17
11
18
11
18
30662
791
13840
527
520
220
15
12
16
320
16
705
220
16
12
17
912
320
16
6296
220
17
705
220
17
12
18
320
17
705
220
18
12
19
320
17
705
220
19
12
20
320
17
705
220
21
12
22
320
18
3677
65847
9497
5603
1473
72
28
15
25
1935
320
15
12
16
705
1511
314
16
2186
1973
28
17
13
602
28
17
382
72
28
17
25
264
58
17
4938
17
323
264
58
18
4938
17
11651
1935
11
1511
314
16
11
17
2186
1973
28
19
13
602
28
19
382
72
28
19
25
264
58
19
4938
17
624
264
58
20
4938
17
719
220
17
374
1511
11651
10936
13
602
28
20
382
72
28
20
25
264
58
20
4938
17
6296
264
58
21
4938
18
912
13
602
28
21
382
72
28
21
25
1935
320
21
12
22
705
1511
314
16
11
17
11
18
2186
1973
28
23
13
2100
2860
3160
220
23
11
902
374
4495
320
78356
220
15
12
16
320
16
705
220
17
12
18
320
17
705
220
21
12
22
320
18
8
11651
719
3868
220
17
12
18
323
220
18
12
19
527
1101
13840
11
719
584
649
1193
5268
2536
29352
91719
13
578
1888
374
320
15
12
16
24457
17
12
18
24457
21
12
22
8
11651
719
220
17
12
18
374
520
15285
220
17
323
18
11
1243
1828
2561
374
1306
220
18
13
2100
220
19
12
20
374
50917
13
39578
279
23669
374
13840
520
220
15
12
16
320
16
705
220
17
12
18
320
17
705
323
220
21
12
22
7
18
8
11651
2380
13840
11651
220
21
5540
30
14144
220
18
13840
353
17
284
21
13
2030
279
1358
3160
374
220
23
11
779
1268
1980
14524
279
1358
15285
220
15
12
22
1473
2746
584
1935
13840
520
220
15
12
16
320
16
705
220
17
12
18
320
17
705
323
220
19
12
20
320
17
8
11651
719
220
17
374
11763
11
779
649
956
13
2100
279
2764
2536
29352
91719
449
5016
2819
527
1473
50344
320
15
12
16
2432
16
705
320
17
12
18
2432
17
705
320
21
12
22
2432
18
8
11651
220
18
13840
11651
220
21
3160
382
2244
320
17
12
18
2432
17
705
320
19
12
20
2432
17
649
956
11
2533
907
220
17
1053
387
69843
705
320
21
12
22
2432
18
8
11651
1193
220
17
13840
11651
19
382
45600
279
7340
374
220
21
13
2030
4184
311
279
2082
596
1853
1473
1688
602
28
15
25
1935
320
15
12
16
570
602
28
17
382
1688
602
28
17
25
1935
320
17
12
18
570
602
28
19
382
1688
602
28
19
25
264
58
19
4938
17
323
264
58
20
4938
17
719
220
17
374
1511
11651
10936
13
602
28
20
382
72
28
20
25
912
13
602
28
21
25
1935
320
21
12
22
570
4800
1511
314
16
11
17
11
18
92
11651
220
18
13840
11651
220
21
13
2100
279
2082
1053
471
220
21
11
902
374
4495
13
2100
279
2082
1587
3790
430
1162
382
45600
279
12384
5084
311
990
382
45600
11
279
13325
2082
369
279
734
1053
387
1473
755
1973
62
7261
17
5341
1686
5228
1471
25
528
11
264
25
1796
19155
2526
1492
528
512
262
1973
6171
284
220
15
198
262
1511
9324
284
743
746
262
602
284
220
15
198
262
1418
602
366
308
482
220
16
512
286
422
264
1004
60
624
264
1004
489
220
16
60
323
264
1004
60
539
304
1511
9324
512
310
1511
9324
1388
2948
1004
2608
310
1973
6171
284
1973
8913
6171
11
220
17
353
2479
7
2656
9324
1192
310
602
1447
220
17
220
674
10936
279
6857
198
286
775
512
310
602
1447
220
16
198
262
471
1973
6171
271
14524
11
719
304
279
2082
3485
11
279
1973
6171
374
6177
439
220
17
353
2479
7
2656
9324
570
8876
1855
3779
907
374
505
264
502
6857
11
279
1396
315
13840
374
2479
7
2656
9324
705
779
279
3160
374
220
17
353
430
13
2100
430
596
4495
382
16856
279
6205
1988
1473
18031
220
16
1473
77
28
23
11
264
284
510
17
11
18
11
16
11
16
11
17
11
17
11
16
11
16
2595
791
2082
7504
1555
323
14035
1403
13840
320
16
520
15285
220
17
12
18
323
220
17
520
220
19
12
20
705
779
1511
9324
1404
374
220
17
11651
1973
6171
28
19
13
41070
382
14364
1296
1162
1405
279
1888
374
311
1935
2536
15204
86880
13840
719
2085
907
28347
1473
13246
510
16
11
16
11
18
11
18
11
20
11
20
1145
279
2082
690
1935
682
2380
13840
320
15
12
16
11
220
17
12
18
11
19
12
20
8
2533
2819
527
12742
11651
1973
6171
28
21
382
9642
382
45600
420
5603
1288
990
323
1522
682
279
7177
627
524
1889
4677
1363
8586
374
279
7373
11798
734
4184
311
701
8670
11
20037
304
279
2631
2082
2565
1473
74694
12958
198
1527
20061
1179
1796
271
755
1973
62
7261
17
5341
1686
5228
1471
25
528
11
264
25
1796
19155
2526
1492
528
512
262
1973
6171
284
220
15
198
262
1511
9324
284
743
746
262
602
284
220
15
198
262
1418
602
366
308
482
220
16
512
286
422
264
1004
60
624
264
1004
489
220
16
60
323
264
1004
60
539
304
1511
9324
512
310
1511
9324
1388
2948
1004
2608
310
1510
37530
284
2479
7
2656
9324
340
310
1973
6171
284
1973
8913
6171
11
220
17
353
1510
37530
340
310
602
1447
220
17
220
674
3351
3347
279
1510
6857
198
286
775
512
310
602
1447
220
16
198
262
471
1973
6171
198
14196
19884
2028
8292
30820
14242
279
22807
67603
8668
315
2536
29352
91719
11
907
88359
7956
13840
320
300
2631
555
279
220
7261
17
8668
7419
8
1701
264
13790
8737
323
264
743
311
6106
912
907
374
69843
2949
279
1510
10449
13
1102
16609
682
279
3984
1296
5157
11
2737
279
810
6485
6305
539
21650
10212
13
100265
198
100264
882
271
7927
3766
4879
4745
279
7177
13
5810
596
279
1493
512
6687
1445
320
3646
3293
1650
1566
997
220
2958
36674
74
22
37
83
54
19
48169
20
73
7345
498
1584
220
3080
11
304
366
4450
397
262
1817
8913
62
7261
17
5341
1686
5228
340
220
2958
36674
74
22
37
83
54
19
48169
20
73
7345
498
1584
220
1927
11
304
1817
198
262
2105
9322
7
5538
11
510
966
11
220
914
11
220
1187
11
220
1758
11
220
4331
11
220
605
11
220
22
11
220
2137
11
220
843
11
220
605
11
220
1806
11
220
1627
11
220
3174
11
220
2096
11
220
1591
11
220
3226
11
220
1958
11
220
843
11
220
2096
11
220
2946
11
220
3226
11
220
1691
11
220
4370
11
220
843
11
220
843
11
220
3174
11
220
3391
11
220
3487
11
220
1032
11
220
1758
11
220
1272
11
220
1399
11
220
868
11
220
16
11
220
1313
11
220
2790
11
220
5538
11
220
2166
11
220
2970
11
220
1691
11
220
4331
11
220
1691
11
220
18
11
220
1958
11
220
605
11
220
3487
11
220
1114
11
220
2137
11
220
3971
11
220
605
11
220
4370
11
220
914
11
220
1987
11
220
777
11
220
2790
11
220
2790
11
220
4103
11
220
2148
11
220
20
11
220
4103
11
220
21
11
220
1958
2526
624
220
17
198
1881
6440
62824
62824
62824
62824
62824
62824
62824
62824
62824
62824
62824
62824
62824
62824
62824
62824
62824
62824
62824
62824
62824
62824
62824
62824
62824
62824
62824
62824
62824
62824
62824
62824
62824
62824
62824
62824
62824
62824
62824
62824
62824
62824
62824
62824
62824
62824
62824
62824
62824
62824
62824
62824
62824
62824
62824
62824
62824
62824
62824
62824
62824
62824
62824
62824
62824
22634
198
69739
1480
14963
1271
312
42612
11
420
374
701
3465
25
4557
279
2768
734
12223
323
4733
928
11
7373
4305
279
734
7633
323
1522
682
279
7177
13
3146
5989
4276
70765
3247
13916
50
13
57277
2675
1288
15411
279
2082
499
11041
304
264
67859
2082
2565
320
817
10103
33981
320
20670
690
33316
279
4113
5865
8
100265
198
100264
78191
198
40
13383
279
6931
8292
574
33243
323
2103
1047
12496
4819
320
36046
9002
279
60157
315
2819
4028
279
1207
1686
11
539
1120
824
2320
1334
570
6914
757
3493
264
4495
323
22514
6425
430
16609
682
7177
11
2737
279
907
60157
22295
320
30115
6928
7698
304
279
1207
1686
8111
353
327
33839
9
220
15
477
220
17
3115
2001
602
1770
2637
912
907
3118
810
1109
11157
323
1193
304
13840
3677
2028
374
264
810
6485
8915
15840
6425
1606
584
2011
3839
539
1193
279
1510
2361
719
1101
279
14921
315
1855
907
304
279
1510
3321
311
6106
912
907
36375
1403
57115
323
682
527
304
1524
14921
320
78356
570
4452
11
2728
279
22295
430
1855
907
2011
5101
7041
11157
304
279
1207
1686
11
279
3321
649
1193
2997
2819
430
617
1027
3970
7041
3131
779
3117
320
998
3719
264
6857
994
8036
570
1226
649
1005
264
5286
2472
311
3839
279
1566
1403
57115
315
1855
907
311
1817
369
32939
382
8586
596
459
507
1471
8
6425
1701
264
34932
3321
323
264
11240
311
1797
57115
1473
1687
2567
24050
279
3321
439
1317
439
1473
16
13
578
3321
3160
374
1524
627
17
13
1789
1475
1963
304
279
3321
520
459
1524
2361
320
15
6108
304
279
3321
705
433
13840
449
279
1828
320
708
274
1004
60
624
274
1004
10
16
62361
18
13
9062
907
304
279
3321
13980
7041
11157
320
708
279
1797
315
1855
907
374
220
15
477
220
17
3677
11458
11
62908
279
4948
3044
1418
1101
20958
279
35526
6070
374
34553
13
578
1888
1648
374
311
6106
430
904
502
907
3779
311
279
3321
2011
539
617
1027
3970
459
10535
1396
315
3115
2736
320
11536
584
527
4857
279
8668
439
24871
13840
3677
93114
11
2533
1475
2764
3321
2011
6824
315
2536
29352
91719
13840
315
6273
5219
323
1475
907
304
279
3321
2011
5101
304
7041
832
6857
320
708
1855
907
13980
7041
11157
705
279
3321
649
387
19894
439
264
4526
315
1778
13840
1405
682
2819
527
12742
304
3878
315
872
48813
320
72
1770
2637
912
907
69843
304
810
1109
832
6857
4871
279
3321
3677
2028
374
13890
311
264
7340
12864
315
2536
29352
91719
13840
449
682
2819
5016
824
6857
2949
279
3321
382
45600
11
279
2768
5603
1701
264
34932
3321
323
264
5286
311
3839
907
14921
4375
1473
74694
12958
198
1527
20061
1179
1796
271
755
1973
62
7261
17
5341
1686
5228
1471
25
528
11
264
25
1796
19155
2526
1492
528
512
262
3270
262
16644
459
1358
315
6928
26864
315
3160
308
11
14035
279
7340
3160
315
264
720
262
67603
1207
1686
430
7739
264
220
7261
17
8668
13
362
220
7261
17
8668
2011
512
262
220
16
13
12522
1524
3160
627
262
220
17
13
1789
1855
602
320
16
6108
705
279
320
17
72
12
16
7435
339
323
220
17
72
7716
5540
320
16
6108
8
527
6273
627
262
220
18
13
9062
6928
7698
8111
3060
220
15
477
7041
220
17
3115
304
279
1207
1686
382
262
1115
374
17427
555
9455
279
22807
8668
315
2536
29352
91719
24894
198
262
13840
320
64
3894
1145
264
3894
10
16
60
624
348
8
1405
682
2819
304
279
1207
1686
12446
304
7041
198
262
832
1778
6857
320
708
1855
907
304
279
3321
374
5016
4315
279
13840
3677
262
18161
512
286
308
320
396
1680
17736
315
279
1358
320
16
2717
308
2717
220
17
9
605
61
20
340
286
264
320
861
19155
25312
2982
315
6928
26864
320
16
2717
264
1004
60
2717
308
696
262
5295
512
286
528
25
27697
3160
315
264
2764
220
7261
17
1207
1686
627
262
3270
262
1973
6171
284
220
15
198
262
1797
284
5731
262
2163
284
220
15
220
674
2163
842
315
1510
3321
320
15
6108
29408
340
262
369
1314
304
2134
1471
482
220
16
1680
220
674
1314
374
279
2132
2449
315
264
4754
6857
320
1315
2011
387
10535
311
617
6857
320
1315
12
16
11
1314
1192
286
674
8442
2980
10093
1405
264
2764
6857
10548
320
72
1770
2637
1314
374
10535
1963
11
719
3604
904
2361
649
387
842
315
264
6857
422
279
3766
9248
340
286
674
2030
584
1920
1475
1963
323
1817
422
433
7739
264
2764
6857
449
3766
198
286
422
1314
2669
2163
323
264
54018
60
624
264
54018
482
220
16
10556
310
674
4343
422
2737
420
6857
320
2414
497
1315
8
13912
682
2819
449
14921
220
15
477
220
17
198
310
674
7557
264
13643
3048
311
1296
11
719
369
15374
11
584
649
1120
3839
439
584
3351
198
310
674
12361
11
1095
596
1456
311
13334
279
3321
1418
20958
32939
512
310
674
13538
7999
420
502
6857
320
1315
12
16
11
1314
705
1817
682
2819
304
1510
3321
198
310
674
2030
4856
11
1095
596
1005
264
5286
311
3839
1566
1403
57115
311
6106
14921
527
4495
198
310
674
39578
11
584
649
1005
264
35388
5603
2533
279
35526
6070
323
60157
315
2819
304
13840
34608
512
310
674
9062
502
6857
596
907
2011
539
617
1027
1511
304
279
1510
3321
198
310
674
2100
584
3839
1511
9324
304
1510
3321
198
310
1510
12856
9324
284
743
746
310
674
12361
315
20958
420
369
1475
3094
11
1095
596
3839
14921
198
310
674
6914
596
7738
279
3321
994
904
907
36375
1797
220
17
477
374
653
59502
198
310
674
2030
420
374
6485
13
6914
596
1005
264
2204
5603
14948
555
1403
28554
323
907
14921
198
310
674
1226
3358
1005
264
11240
311
3412
14921
304
279
1510
3321
510
2414
11
1314
933
310
674
1226
3358
1101
6106
430
369
1475
2361
602
304
3321
11
422
602
374
1524
11
264
1004
60
624
264
1004
10
16
933
310
674
2030
430
596
2653
311
3839
13
2100
1095
596
4619
56926
1570
3820
2536
29352
91719
13840
449
5016
2819
198
310
674
6914
596
1005
264
7597
602
6041
520
2163
11
323
369
1855
3284
6857
6041
520
602
320
333
264
1004
60
624
264
1004
10
16
9918
1935
433
422
907
539
304
1510
14921
198
310
674
2030
584
1205
459
507
1471
8
5603
449
264
3254
1522
198
310
674
6914
596
1456
264
1403
58789
5603
449
264
5286
198
310
674
6914
596
312
38025
2833
449
264
34932
3321
323
264
5286
311
3839
14921
198
310
505
15661
1179
44008
198
310
674
8876
584
1205
311
1817
682
2819
304
3321
617
220
15
477
220
17
14921
11
1095
596
7738
279
3321
994
904
907
374
10535
477
871
17
198
310
674
4452
11
420
374
34553
311
656
449
264
34932
3321
1606
315
279
35526
6070
198
310
674
42209
11297
1648
320
1354
11986
555
3575
17413
323
1296
5157
997
310
674
578
1207
1686
2011
387
1903
315
597
13840
320
17
74
3160
705
1855
6857
706
907
539
3970
304
3766
13840
304
420
1207
1686
198
310
674
2100
279
7340
1396
315
1778
13840
374
279
7340
743
315
2536
29352
91719
13840
449
5016
2819
198
310
674
2100
1095
596
1005
264
5286
311
3637
1566
2361
1855
907
574
961
315
264
2764
6857
198
310
674
1226
3358
1005
264
57080
5603
11
15194
279
1566
1511
1963
369
1855
907
198
310
674
2030
369
40075
323
311
1522
279
7177
11
1618
596
264
37065
5603
3196
389
279
4113
719
36351
279
907
15194
198
310
674
1226
3358
1005
264
11240
311
1797
57115
304
279
1510
3321
510
2414
11
1314
933
310
674
1226
3358
1101
6106
430
1475
892
584
923
264
6857
320
72
11538
10
16
705
279
907
264
1004
60
2011
539
617
459
10535
1797
779
3117
320
72
1770
2637
220
15
477
220
16
1603
7999
2500
311
1304
220
17
340
310
674
1115
649
387
2884
449
264
5286
2472
315
14921
323
264
1403
58789
5603
198
310
674
6914
757
4305
420
10489
1457
198
310
674
1226
3358
1005
264
1403
58789
320
2414
11
1314
705
323
264
14921
11240
198
310
674
1226
3358
1101
2567
3839
315
279
1510
1888
3160
198
310
674
3277
264
6857
374
1766
520
320
1315
12
16
11
1314
705
422
1202
907
596
1797
374
220
15
477
220
16
11
584
649
1935
433
320
998
5662
220
17
705
775
10936
198
310
674
2030
420
374
2103
6485
11
779
1618
596
264
4495
2373
3196
389
279
5995
4787
512
310
674
1226
8737
11
323
369
1855
2361
11
1456
311
13334
279
3321
439
3117
439
3284
1778
430
682
13840
527
14454
323
2819
527
304
1524
14921
320
15
477
220
17
340
310
674
2057
656
420
30820
11
1095
596
1005
264
5286
311
3839
279
1455
3293
1403
57115
315
1855
907
198
310
674
3277
7999
264
502
6857
520
320
72
11
602
10
16
705
1817
422
279
907
706
9922
3131
2736
320
708
430
7999
433
3727
220
17
11
323
539
2736
220
17
477
220
15
340
310
674
4452
11
420
374
17395
13
16644
892
11
1618
596
264
22514
8292
512
310
674
1226
3358
1005
264
34932
3321
323
264
11900
2472
11
23391
430
682
5540
304
3321
617
1524
14921
320
15
477
220
17
340
310
674
323
279
35526
6070
320
30115
1524
1963
304
3321
706
264
6857
449
1828
340
310
674
2030
279
35526
6070
374
45421
555
1193
13126
1524
30425
11276
1405
1855
3094
602
374
1524
323
264
1004
60
624
264
1004
10
16
933
310
674
2100
584
649
656
420
555
10494
3839
315
279
1510
1629
315
2764
13840
323
872
2819
198
310
674
6914
757
1456
311
3350
279
4495
2082
1457
3196
389
279
6300
17413
1473
310
674
6914
596
7738
279
14921
369
1855
502
3321
1212
320
2414
340
310
1797
284
44008
1577
340
310
1510
37530
284
220
15
198
310
1510
5011
284
2163
220
674
1212
1963
315
1510
2764
10449
198
310
674
2057
6106
35526
6070
11
584
649
1193
2980
1524
30425
11276
1405
369
682
597
304
220
15
497
76
11
274
26851
5011
489
220
17
74
60
624
274
26851
5011
489
220
17
74
489
220
16
933
310
674
1226
3358
3839
279
7340
3160
1405
682
2819
617
1797
220
15
477
220
17
198
310
674
1115
374
6485
11
719
1095
596
1456
264
2204
5603
1701
279
2144
430
279
1207
1686
2011
387
24306
315
602
13840
449
682
2819
5016
4315
279
13840
198
310
674
14636
11
279
7340
374
11157
279
1404
315
279
7928
743
315
2536
29352
91719
264
8487
16203
64
8487
10
16
60
13840
449
682
2819
12742
198
310
674
2100
584
649
1005
264
57080
12384
311
1505
279
7340
743
315
2536
29352
91719
13840
449
5016
2819
198
310
674
1226
3358
30729
11
323
15716
584
1505
264
6857
320
72
11538
10
16
705
422
1202
907
539
304
1511
11
584
1935
433
323
923
311
1511
198
310
1511
9324
284
743
746
310
602
284
2163
198
310
1418
602
366
1314
512
394
422
264
1004
60
624
264
1004
10
16
60
323
264
1004
60
539
304
1511
9324
512
504
1511
9324
1388
2948
1004
2608
504
1510
37530
1447
16
198
504
602
1447
17
198
394
775
512
504
1464
220
674
4250
13334
4726
2085
15061
279
907
60157
198
310
3321
5228
284
220
17
353
1510
37530
198
310
674
4800
11
1817
422
682
2819
304
279
3321
510
2414
11
1314
60
617
14921
220
15
477
220
17
198
310
674
2030
420
374
1193
59754
422
279
13840
527
2536
29352
91719
323
872
2819
527
5016
304
279
6727
198
310
674
2100
279
3160
374
2764
198
310
422
3321
5228
871
1973
6171
512
394
1973
6171
284
3321
5228
198
310
2163
284
1314
489
220
16
220
674
3351
1212
1306
1510
3321
198
286
674
775
3136
198
262
471
1973
6171
198
14196
19884
14524
11
420
374
2103
539
4495
323
1053
387
2288
6435
369
308
709
311
220
17
68
20
11
5636
279
12496
374
93941
13
16644
279
892
358
3077
7543
323
279
1205
311
1522
682
7177
320
16564
279
4948
3044
26549
705
358
13383
279
4495
1648
374
311
13383
430
1855
2764
3321
2011
6824
315
2536
29352
91719
13840
320
72
11
602
10
16
8
449
264
1004
4938
64
1004
10
16
60
323
682
2819
304
279
3321
2011
5101
353
327
33839
9
11157
320
708
1855
374
304
7041
832
6857
304
279
3321
570
14636
279
3575
374
13890
311
9455
279
7340
12864
315
2536
29352
91719
13840
320
72
11538
10
16
8
449
264
1004
4938
64
1004
10
16
60
323
682
2819
304
279
18545
13840
527
5016
320
2201
907
1511
304
810
1109
832
6857
304
279
3321
3677
2028
374
279
7340
743
315
2536
29352
91719
13116
320
78356
8
304
459
1358
1853
1405
1855
6964
706
264
5016
2440
320
970
570
578
7340
1404
315
1778
264
743
6835
279
4320
320
9739
44072
220
17
3677
45600
279
4495
507
1471
8
6425
374
264
57080
832
1405
584
733
2163
311
1314
11
323
15716
584
1518
264
2764
6857
320
72
11538
10
16
8
449
264
907
539
3686
1511
304
279
1510
743
11
584
1935
433
323
1906
279
907
439
1511
13
1442
279
907
374
2736
1511
11
584
10936
420
6857
320
438
904
13840
50917
433
11
719
2533
584
2351
7366
2163
4791
6840
11
584
1120
3136
3677
8586
596
279
4495
11
11297
8292
430
16609
682
1296
5157
320
16564
279
832
1405
2819
2011
539
13454
304
279
1207
1686
3734
304
4839
13840
7887
74694
12958
198
1527
20061
1179
1796
271
755
1973
62
7261
17
5341
1686
5228
1471
25
528
11
264
25
1796
19155
2526
1492
528
512
262
3270
262
16644
459
1358
315
3160
308
31706
315
6928
26864
11
4780
279
7340
198
262
3160
315
264
67603
1207
1686
430
7739
264
220
7261
17
8668
13
362
2764
220
7261
17
198
262
8668
2011
512
262
220
16
13
12522
1524
3160
627
262
220
17
13
1789
1475
602
320
16
6108
705
279
320
17
72
12
16
7435
339
323
220
17
72
7716
5540
527
6273
627
262
220
18
13
9062
6928
7698
8111
3060
220
15
477
7041
220
17
3115
304
279
1207
1686
627
1084
262
1115
374
17427
555
9455
279
22807
8668
315
2536
29352
91719
13840
198
262
320
72
11
602
10
16
8
1405
264
1004
60
624
264
1004
10
16
1145
323
682
2819
304
1521
13840
527
12742
198
262
320
9739
907
1511
304
520
1455
832
6857
304
279
3321
4390
1084
262
18161
512
286
308
320
396
1680
17736
315
279
1358
320
16
2717
308
2717
220
17
9
605
61
20
340
286
264
320
861
19155
25312
578
1358
315
6928
26864
320
16
2717
264
1004
60
2717
308
340
1084
262
5295
512
286
528
25
578
7340
3160
315
264
2764
220
7261
17
1207
1686
627
262
3270
262
1973
6171
284
220
15
198
262
1511
9324
284
743
368
220
674
26028
1511
304
279
1510
9322
3321
596
13840
198
262
602
284
220
15
198
262
1418
602
366
308
482
220
16
512
286
674
4343
422
1510
2361
323
1828
1376
264
2764
6857
198
286
422
264
1004
60
624
264
1004
489
220
16
10556
310
1062
284
264
1004
933
310
422
1062
539
304
1511
9324
512
394
674
12040
420
6857
198
394
1511
9324
1388
9276
340
394
1510
37530
284
2479
7
2656
9324
8
220
674
1855
3779
907
374
264
502
6857
198
394
1510
5228
284
220
17
353
1510
37530
198
394
422
1510
5228
871
1973
6171
512
504
1973
6171
284
1510
5228
198
394
674
26869
3347
420
6857
323
3136
3411
198
394
602
1447
220
17
198
310
775
512
394
674
5273
2736
1511
26
4250
13334
1510
743
315
2536
29352
91719
13840
2085
27444
1113
198
394
674
14903
311
1828
3284
1212
320
72
10
16
705
719
2533
584
2351
36201
2163
4791
6840
11
1120
3136
198
394
602
1447
220
16
198
286
775
512
310
674
3053
956
1376
264
6857
1618
11
779
279
1510
9322
374
11102
26
1212
502
505
602
10
16
198
310
674
2030
369
1973
15194
11
7738
1511
9324
323
17460
13598
505
602
10
16
320
8248
2567
1973
6171
340
310
1511
9324
7578
746
310
602
1447
220
16
198
262
471
1973
6171
198
14196
19884
2028
2082
26420
512
12
1102
1193
50243
2536
29352
91719
13840
320
72
11
602
10
16
8
1405
264
1004
4938
64
1004
10
16
27218
12
1102
2646
5764
279
1890
907
304
810
1109
832
6857
304
279
1510
9322
3321
627
12
14636
1855
907
304
279
4183
3321
8111
7041
11157
320
13486
439
264
6857
705
779
3044
220
18
374
2322
627
12
578
22807
1778
8668
315
13840
6835
279
4320
320
4222
374
220
17
353
1396
315
13840
3677
2028
2082
16609
279
3984
1296
5157
11
2737
279
832
1405
279
4320
374
220
17
369
510
16
11
17
11
17
1145
1606
1193
279
6857
320
16
11
17
8
320
15336
220
16
12
17
8
374
2764
320
970
220
17
8
323
430
596
3160
220
17
13
1789
279
1176
1296
1162
449
220
19
439
279
4320
11
433
50243
13840
320
17
11
18
8
323
320
19
11
20
8
320
3745
220
16
323
220
17
705
7231
220
17
10
17
28
19
382
55915
11
420
374
279
4495
323
12579
8292
13
43287
433
304
279
3254
2082
2565
439
42075
1473
14196
4077
1527
20061
1179
1796
271
755
1973
62
7261
17
5341
1686
5228
1471
25
528
11
264
25
1796
19155
2526
1492
528
512
262
1973
6171
284
220
15
198
262
1511
9324
284
743
746
262
602
284
220
15
198
262
1418
602
366
308
482
220
16
512
286
422
264
1004
60
624
264
1004
489
220
16
60
323
264
1004
60
539
304
1511
9324
512
310
1511
9324
1388
2948
1004
2608
310
1510
37530
284
2479
7
2656
9324
340
310
1510
5228
284
220
17
353
1510
37530
198
310
422
1510
5228
871
1973
6171
512
394
1973
6171
284
1510
5228
198
310
602
1447
220
17
220
674
10936
279
1120
12
55674
6857
198
286
775
512
310
602
1447
220
16
220
674
3351
311
1828
2361
198
262
471
1973
6171
198
14196
19884
2028
374
279
6425
430
16609
682
7177
323
12722
665
49896
682
220
7261
17
8668
5718
13
100265
198
100264
882
271
7927
3766
4879
4745
279
7177
13
5810
596
279
1493
512
220
2958
36674
21
41
97011
1073
2864
39
21
7345
498
1584
220
2970
198
262
1115
2082
16609
279
3984
1296
5157
11
2737
279
832
1405
279
4320
374
220
17
369
510
16
11
17
11
17
1145
1606
1193
279
6857
320
16
11
17
8
320
15336
220
16
12
17
8
374
2764
320
970
220
17
8
323
430
596
3160
220
17
13
1789
279
1176
1296
1162
449
220
19
439
279
4320
11
433
50243
13840
320
17
11
18
8
323
320
19
11
20
8
320
3745
220
16
323
220
17
705
7231
220
17
10
17
28
19
627
58040
2623
76496
34990
1480
25
22229
52299
925
24016
320
19842
1599
520
1584
220
2970
65066
1271
312
42612
11
420
374
701
3465
25
4557
279
2768
734
12223
323
4733
928
11
7373
4305
279
734
7633
323
1522
682
279
7177
13
3146
5989
4276
70765
3247
13916
50
13
57277
2675
1288
15411
279
2082
499
11041
304
264
67859
2082
2565
320
817
10103
33981
320
20670
690
33316
279
4113
5865
8
100265
198
100264
78191
198
40
37979
369
279
11763
6103
13
6914
596
15884
312
38025
2833
279
4495
12496
449
912
20047
477
12496
41859
11
323
1304
2771
433
16609
682
279
1296
5157
2737
279
907
20486
5118
24639
16686
382
791
1401
374
430
1855
907
304
279
1207
1686
2011
5101
353
327
33839
9
11157
320
28753
264
6928
7698
2011
5101
220
15
477
7041
220
17
3115
570
1115
3445
430
2949
904
2764
3321
11
682
279
13840
2011
1005
12742
2819
2001
1606
422
264
907
374
1511
304
1403
353
64750
9
13840
11
433
8111
220
19
3115
304
279
3321
320
8370
374
8482
3677
45600
11
279
23669
5603
374
311
1505
279
22807
1629
315
2536
29352
91719
13840
320
72
11538
10
16
8
1405
264
1004
60
624
264
1004
10
16
1145
323
682
279
264
1004
60
304
1884
12146
13840
527
5016
382
32
4495
507
1471
8
13790
8737
449
264
743
311
3839
1511
2819
369
279
1510
9322
3321
374
439
11263
13
1226
3351
3235
279
1358
11
323
369
1855
3284
6857
6041
520
1963
602
320
333
264
1004
16203
64
1004
10
16
9918
584
1817
422
584
649
2997
433
320
1220
907
539
1511
3686
304
279
1510
9322
570
1442
10035
11
584
1935
433
11
2713
279
743
11
323
3351
311
602
10
17
13
1442
539
11
584
10936
433
320
438
656
539
12178
7953
433
311
5766
28347
11
719
5042
3136
36201
570
578
7340
3160
374
34156
439
220
17
353
1396
315
11928
13840
382
8586
596
279
7373
3318
11
4495
8292
320
258
264
3254
2082
2565
439
11472
7887
14196
4077
1527
20061
1179
1796
271
755
1973
62
7261
17
5341
1686
5228
1471
25
528
11
264
25
1796
19155
2526
1492
528
512
262
3270
262
16644
459
1358
315
3160
308
315
6928
26864
11
14035
279
7340
3160
315
264
198
262
67603
1207
1686
430
374
264
2764
220
7261
17
8668
13
362
220
7261
17
8668
2011
512
262
220
16
13
12522
1524
3160
627
262
220
17
13
1789
1475
602
320
16
6108
705
279
320
17
72
12
16
7435
339
323
220
17
72
7716
5540
527
6273
320
72
1770
2637
13840
4390
262
220
18
13
7357
6928
7698
304
279
1207
1686
8111
3060
220
15
477
7041
220
17
3115
382
262
1115
374
13890
311
9455
279
22807
8668
315
2536
29352
91719
13840
198
262
320
72
11
602
10
16
8
1405
264
1004
60
624
264
1004
10
16
60
323
682
2819
304
1521
13840
527
12742
382
262
18161
512
286
308
320
396
1680
17736
315
279
1358
320
16
2717
308
2717
220
17
9
605
61
20
340
286
264
320
861
19155
25312
2982
315
6928
26864
320
16
2717
264
1004
60
2717
308
696
262
5295
512
286
528
25
27697
3160
315
264
2764
220
7261
17
1207
1686
627
262
3270
262
1973
5228
284
220
15
198
262
1511
9324
284
743
746
262
602
284
220
15
198
262
1418
602
366
308
482
220
16
512
286
674
3053
584
1376
264
2764
6857
6041
520
602
5380
286
422
264
1004
60
624
264
1004
489
220
16
60
323
264
1004
60
539
304
1511
9324
512
310
1511
9324
1388
2948
1004
2608
310
1510
37530
284
2479
7
2656
9324
8
220
674
1855
4441
374
832
6857
198
310
1510
6171
284
220
17
353
1510
37530
257
674
2533
1855
6857
11621
220
17
198
310
422
1510
6171
871
1973
5228
512
394
1973
5228
284
1510
6171
198
310
674
14903
3347
420
6857
311
5766
28347
198
310
602
1447
220
17
198
286
775
512
310
674
35755
1005
420
6857
320
50998
539
6273
477
907
1511
705
3351
311
1828
2361
198
310
602
1447
220
16
198
262
471
1973
5228
198
14196
19884
2028
2082
16609
682
315
279
1296
5157
2728
304
279
3575
5224
13
1789
3187
1473
12
1789
78744
16
11
17
11
17
60
63
320
77
28
18
705
279
6857
520
320
16
11
17
8
374
2764
320
17
8111
11157
8
11651
4780
220
17
627
12
1789
78744
16
11
16
11
17
11
17
11
16
11
16
60
63
320
77
28
21
705
279
1888
374
279
1176
1403
13840
320
16
323
220
17
8
7231
3160
220
19
320
8248
2533
279
220
16
374
69843
11
433
649
1193
1935
279
1176
6857
320
16
11
16
8
477
279
2132
6857
320
17
11
17
8
369
60157
2001
3604
279
1888
374
3060
320
15
12
16
8
477
320
17
12
18
8
477
320
19
12
20
570
578
22807
374
13840
520
220
15
12
16
323
220
17
12
18
320
3745
220
16
323
220
17
8
11651
220
19
4390
14524
11
719
304
78744
16
11
16
11
17
11
17
11
16
11
16
60
7964
15285
220
15
12
16
527
220
16
11
16
320
1930
6857
705
220
17
12
18
527
220
17
11
17
320
1930
11
719
907
220
16
312
34531
1590
520
220
19
12
20
570
578
2764
2536
29352
91719
449
5016
2819
1053
387
320
15
12
16
8
320
16
705
320
17
12
18
8
320
17
8
11651
3160
220
19
13
320
2244
320
19
12
20
8
320
16
705
719
430
596
3160
220
17
570
2100
2082
4780
220
19
13
2030
374
430
264
2764
220
7261
17
8668
30
578
1207
1686
510
16
11
16
11
17
11
17
60
20628
279
220
7261
17
7419
323
1855
907
8111
7041
11157
11651
10035
382
45600
420
2082
1288
1457
1522
682
279
8340
323
3984
7177
12722
13
100265
198