100264
882
198
4518
279
2768
734
12223
323
4733
928
11
7373
4305
279
734
7633
323
1522
682
279
7177
13
3146
5989
4276
70765
3247
13916
50
13
57277
2675
1288
15411
279
2082
499
11041
304
264
67859
2082
2565
320
817
10103
33981
320
20670
690
33316
279
4113
5865
696
14196
4077
755
1797
45881
4132
68692
8228
16
25
610
11
1661
17
25
610
11
1332
10370
25
528
11
1973
10370
25
528
8
1492
528
512
262
4304
4605
279
1396
315
26864
865
1778
430
1661
16
2717
865
2717
1661
17
323
720
262
1332
10370
2717
16099
10370
2120
8
2717
1973
10370
11
1405
16099
10370
2120
8
374
279
2694
315
19016
315
865
627
1084
262
3494
279
1797
60964
220
605
61
24
489
220
22
627
1084
262
18161
512
286
1661
16
25
362
25031
925
14393
279
4827
6965
320
16
2717
1661
16
2717
220
605
61
1313
340
286
1661
17
25
362
25031
925
14393
279
8582
6965
320
2470
16
2717
1661
17
2717
220
605
61
1313
340
286
1332
10370
25
578
8187
5535
16099
2694
320
16
2717
1332
10370
2717
220
3443
340
286
1973
10370
25
578
7340
5535
16099
2694
320
1083
10370
2717
1973
10370
2717
220
3443
340
1084
262
5295
512
286
578
1396
315
1695
26864
60964
220
605
61
24
489
220
22
7361
262
12382
1797
45881
4132
68692
446
16
498
330
717
498
220
16
11
220
23
340
262
220
806
198
262
12382
1797
45881
4132
68692
446
16
498
330
20
498
220
16
11
220
20
340
262
220
20
198
262
12713
755
1817
73121
997
262
674
13688
1296
5157
198
262
2105
9322
446
16
498
330
717
498
220
16
11
220
23
8
624
220
806
198
262
2105
9322
446
16
498
330
20
498
220
16
11
220
20
8
624
220
20
7361
262
674
24086
1296
5157
198
262
2105
9322
446
16
498
330
16
498
220
16
11
220
16
8
624
220
16
198
262
2105
9322
446
6028
498
330
2495
498
220
21
11
220
843
8
624
220
23
198
262
2105
9322
446
19
498
330
24
498
220
17897
11
220
12166
8
624
220
15
198
262
2105
9322
446
1682
498
330
3076
498
220
914
11
220
2137
8
624
220
15
198
262
2105
9322
446
21
498
330
24
498
220
12171
11
220
15231
8
624
220
15
198
262
2105
9322
446
19
498
330
23
498
220
5154
11
220
20077
8
624
220
15
198
262
2105
9322
446
4161
498
330
4161
498
220
1644
11
220
1758
8
624
220
15
198
262
2105
9322
446
19305
16874
16
498
330
26008
12994
19
498
220
5547
11
220
9335
8
624
220
15
198
262
2105
9322
446
18495
23713
2491
498
330
25091
19498
4161
498
220
15935
11
220
16723
8
624
220
15
198
262
2105
9322
446
25527
22534
23587
24920
19633
7028
24734
498
330
13762
20785
28384
17147
22777
27325
6843
18
498
220
10288
11
220
5162
8
624
220
15966
18509
23267
198
262
2105
9322
446
27134
21884
22694
15901
18770
18070
9714
21
498
330
24471
15999
11227
24487
24850
13384
26519
16
498
220
2287
11
220
14022
8
624
220
17212
23736
23181
198
262
2105
9322
446
12166
21385
21641
3965
11711
18572
23904
24
498
330
15831
23670
25828
7743
19673
25747
22977
21
498
220
6804
11
220
11739
8
624
220
12533
198
262
2105
9322
446
12166
21385
21641
3965
11711
18572
23904
24
498
330
15831
23670
25828
7743
19673
25747
22977
21
498
220
6804
11
220
11739
8
624
220
10895
10350
28384
271
2
5560
1817
11773
45881
4132
68692
8
311
1629
7177
627
74694
100265
198
100264
78191
198
14196
4077
27557
284
220
605
334
24
489
220
22
271
755
16099
10370
1471
997
262
274
284
220
15
198
262
1418
308
871
220
15
512
286
308
11
294
284
3512
2658
1471
11
220
605
340
286
274
1447
294
198
262
471
274
271
755
1797
45881
4132
68692
8228
16
25
610
11
1661
17
25
610
11
1332
10370
25
528
11
1973
10370
25
528
8
1492
528
512
262
4304
4605
279
1396
315
26864
865
1778
430
1661
16
2717
865
2717
1661
17
323
720
262
1332
10370
2717
16099
10370
2120
8
2717
1973
10370
11
60964
220
605
61
24
489
220
22
382
262
362
16099
32857
374
1511
311
30820
1797
5219
304
279
510
43
11
432
60
10074
198
262
449
16099
2694
304
279
2631
2134
382
262
13831
439
304
279
4733
928
382
262
578
8292
4375
369
1633
3544
5219
320
455
311
220
605
61
1313
8
555
8863
198
262
279
10074
510
10516
11
1579
60
4669
28286
4235
327
9134
25
282
73070
8
482
282
8228
16
12
16
3677
262
3270
262
711
11581
3764
25
610
11
274
11370
7408
11
274
11370
6479
11
6522
19920
3702
11
1153
28
15
11
10508
3702
11
10004
10370
28
15
997
286
674
5295
1797
315
5219
14454
505
1153
79287
11
2728
17413
198
286
422
1153
624
2479
3764
997
310
674
8220
4857
279
1396
198
310
422
6522
19920
512
394
471
220
16
422
220
15
2717
10004
10370
2717
1973
10370
775
220
15
220
674
8442
1396
374
220
15
422
682
17975
198
310
471
220
16
422
320
15789
10370
2669
1332
10370
323
10004
10370
2717
1973
10370
8
775
220
15
271
286
594
284
220
15
198
286
4017
284
528
3764
22376
2526
422
10508
775
220
24
198
286
369
294
304
2134
7
15
422
6522
19920
775
220
16
11
4017
489
220
16
997
310
502
530
492
284
10508
323
320
67
624
4017
340
310
502
12013
2277
19920
284
6522
19920
323
320
67
624
220
15
340
310
422
539
502
12013
2277
19920
512
394
502
10370
284
10004
10370
489
294
198
394
422
502
10370
871
1973
10370
512
504
3136
198
394
674
1789
279
1828
16099
11
2187
904
2536
69475
7315
19016
320
333
539
6522
19920
2736
340
394
594
1447
11581
4293
1528
8
489
907
22376
10
16
25
1282
1014
1332
10370
11
1973
10370
345
1014
3641
11
1153
10
16
11
502
530
492
11
502
10370
340
286
471
594
1034
19186
271
262
711
311
4132
1161
997
286
471
528
1161
696
262
711
282
1471
2966
997
286
674
1797
5219
505
220
15
311
308
320
99461
8
449
16099
2694
304
510
1083
10370
11
1973
10370
933
286
308
284
311
4132
1471
2966
340
286
422
308
366
220
15
512
310
471
220
15
198
286
422
308
624
220
15
512
310
471
220
16
422
220
15
2717
1332
10370
2717
1973
10370
775
220
15
220
674
8442
1396
374
220
15
198
286
674
4605
709
311
308
29408
198
286
674
5560
32857
369
510
15
11
308
933
286
674
1789
8389
11
471
220
15
198
286
274
284
1160
9325
1577
11
308
2966
1192
286
505
57566
1179
326
2739
11790
198
286
571
75
2739
11790
8913
2190
5980
340
286
711
26877
12539
11
10508
11
6522
19920
11
2694
40933
68613
997
310
422
1153
624
2479
1161
997
394
422
6522
19920
512
504
471
220
16
422
220
15
2717
2694
40933
68613
2717
1973
10370
775
220
15
198
394
471
220
16
422
1332
10370
2717
2694
40933
68613
2717
1973
10370
775
220
15
198
310
594
284
220
15
198
310
8582
284
274
22376
60
422
10508
775
220
24
198
310
369
294
304
2134
7
15
422
6522
19920
775
220
16
11
8582
10
16
997
394
32512
492
284
10508
323
320
67
624
8582
340
394
20829
89
284
6522
19920
323
320
67
624
220
15
340
394
308
1264
284
2694
40933
68613
489
294
422
539
20829
89
775
2694
40933
68613
198
394
594
1447
26877
12539
10
16
11
32512
492
11
20829
89
11
308
1264
340
310
471
594
1034
19186
198
286
471
26877
7
15
11
3082
11
3082
11
220
15
696
262
674
23426
4320
369
510
15
11
1579
60
323
510
15
11
3428
12
16
1145
33356
198
262
3428
284
311
4132
8228
16
340
262
1579
284
311
4132
8228
17
340
262
422
3428
871
1579
512
286
471
220
15
198
262
422
3428
624
220
15
512
286
8261
24701
10715
284
220
15
198
262
775
512
286
674
282
58898
482
220
16
340
286
3428
39557
284
3428
482
220
16
198
286
422
3428
39557
366
220
15
512
310
8261
24701
10715
284
220
15
198
286
775
512
310
8261
24701
10715
284
282
4293
58898
39557
1192
262
8261
23512
284
282
4293
73070
1192
262
594
284
320
598
23512
482
8261
24701
10715
8
1034
19186
198
262
471
594
198
14196
4077
100265
198
100264
882
271
7927
3766
4879
4745
279
7177
13
5810
596
279
1493
512
6687
1445
320
3646
3293
1650
1566
997
220
2958
36674
16
74
19
17526
67
53436
2843
7345
498
1584
220
8878
11
304
366
4450
397
262
1817
11773
45881
4132
68692
340
220
2958
36674
16
74
19
17526
67
53436
2843
7345
498
1584
220
1187
11
304
1817
198
262
2105
9322
446
16
498
330
717
498
220
16
11
220
23
8
624
220
806
198
1881
6440
62824
62824
62824
62824
62824
62824
62824
22634
61
198
69739
1480
14963
1271
312
42612
11
420
374
701
3465
25
4557
279
2768
734
12223
323
4733
928
11
7373
4305
279
734
7633
323
1522
682
279
7177
13
3146
5989
4276
70765
3247
13916
50
13
57277
2675
1288
15411
279
2082
499
11041
304
264
67859
2082
2565
320
817
10103
33981
320
20670
690
33316
279
4113
5865
8
100265
198
100264
78191
198
14196
4077
27557
284
220
605
334
24
489
220
22
271
755
16099
10370
1471
997
262
274
284
220
15
198
262
308
2966
284
610
1471
340
262
369
272
304
308
2966
512
286
274
1447
528
1361
340
262
471
274
271
755
311
2966
4369
2120
997
262
674
13202
311
5625
7698
311
925
2085
12624
45297
198
262
471
610
2120
696
755
1797
34064
6753
49503
10370
1265
9897
8368
11
1332
646
11
1973
646
997
262
3270
262
5295
279
1396
315
26864
505
220
15
311
452
320
99461
8
6832
16099
2694
374
1990
1332
646
323
1973
646
11
29408
627
262
39923
16099
32857
11798
4669
51362
449
22154
2065
627
262
3270
262
19016
284
1160
9325
1577
11
311
2966
4369
8368
6054
262
445
284
2479
99466
696
262
505
57566
1179
326
2739
11790
271
262
711
26877
12539
11
10508
11
3940
11
1554
997
286
674
1153
25
1510
1963
304
16099
1160
198
286
674
10508
25
3508
9436
374
6273
311
452
596
9436
779
3117
198
286
674
3940
25
3082
422
264
2536
69475
7315
706
1027
9277
198
286
674
1554
25
1510
16099
2694
198
286
422
1153
624
445
512
310
674
8220
1396
198
310
422
539
3940
512
394
674
279
1193
1396
374
220
15
198
394
471
220
16
422
320
15
2669
1332
646
323
220
15
2717
1973
646
8
775
220
15
198
310
471
220
16
422
320
1083
646
2717
1554
2717
1973
646
8
775
220
15
198
286
594
284
220
15
198
286
8582
284
19016
22376
60
422
10508
775
220
24
198
286
369
294
304
2134
7
15
422
539
3940
775
220
16
11
8582
489
220
16
997
310
502
530
492
284
10508
323
320
67
624
8582
340
310
502
56779
284
3940
477
320
67
976
220
15
340
310
422
502
56779
512
394
502
16253
284
1554
489
294
198
394
422
502
16253
871
1973
646
512
504
3136
220
674
86292
369
15374
198
310
775
512
394
502
16253
284
1554
198
310
594
1447
26877
12539
489
220
16
11
502
530
492
11
502
56779
11
502
16253
340
286
471
594
1034
19186
271
262
674
1789
8389
4827
14597
11
4322
510
15
22812
60
439
2539
2134
422
452
2669
15
198
262
422
452
366
220
15
512
286
674
10074
374
510
15
11
452
60
4384
3734
220
15
11
719
452
27
15
779
1193
220
15
422
220
15
304
2134
198
286
422
220
15
2669
1332
646
323
220
15
2717
1973
646
512
310
471
220
16
198
286
775
512
310
471
220
15
271
262
2860
284
26877
7
15
11
3082
11
3641
11
220
15
340
262
674
33356
5219
366
220
15
320
8248
1618
584
1193
1797
220
15
497
45
11
779
433
596
7060
340
262
471
2860
1034
19186
271
755
1797
45881
4132
68692
8228
16
25
610
11
1661
17
25
610
11
1332
10370
25
528
11
1973
10370
25
528
8
1492
528
512
262
3270
262
86759
26864
865
449
1661
16
2717
865
2717
1661
17
323
1332
10370
2717
16099
10370
2120
8
2717
1973
10370
627
262
39923
16099
32857
323
28286
10397
9134
25
1121
284
282
8228
17
8
482
282
8228
16
482
220
16
340
262
3270
262
711
33356
11929
1161
25
610
8
1492
610
512
286
674
94310
220
16
505
264
2536
62035
2466
7698
925
198
286
5596
284
274
5402
493
22428
286
422
25360
304
274
512
310
674
2876
3685
369
420
6376
198
310
1522
198
286
308
284
1160
9325
1577
11
274
1192
286
602
284
2479
1471
8
482
220
16
198
286
1418
602
2669
220
15
323
308
1004
60
624
220
15
512
310
308
1004
60
284
220
24
198
310
602
6110
220
16
198
286
422
602
366
220
15
512
310
674
9636
5072
320
17106
20969
482
16
705
4097
439
3361
925
477
1120
4322
439
366
15
198
310
471
6660
16
702
286
308
1004
60
6110
220
16
198
286
674
11016
6522
17975
198
286
1418
2479
1471
8
871
220
16
323
308
58
15
60
624
220
15
512
310
308
8452
7
15
340
286
471
43963
6115
9325
4293
11
308
4489
262
711
311
4132
2966
1161
25
610
8
1492
610
512
286
674
4702
4780
279
925
439
433
1053
387
1988
311
1057
734
198
286
471
274
271
262
3428
284
528
12464
4132
2966
8228
16
1192
262
1579
284
528
12464
4132
2966
8228
17
4489
262
422
3428
871
1579
512
286
471
220
15
271
262
711
1797
8401
2401
1471
25
528
997
286
422
308
366
220
15
512
310
471
220
15
198
286
471
1797
34064
6753
49503
10370
1265
9897
1471
11
1332
10370
11
1973
10370
696
262
594
284
320
1868
8401
2401
73070
8
482
1797
8401
2401
58898
482
220
16
595
1034
19186
198
262
471
594
271
2
578
7177
690
1457
1522
449
279
4495
8292
512
2
13688
25
1797
45881
4132
68692
446
16
498
330
717
498
220
16
11
220
23
340
2
12540
1797
5219
220
16
311
220
717
449
16099
2694
1990
220
16
323
220
23
512
2
220
16
7
16
705
17
7
17
705
18
7
18
705
40868
24
7
24
705
605
7
16
705
806
7
17
705
717
7
18
8
11651
2860
220
806
198
14196
4077
100265
198
100264
882
271
7927
3766
4879
4745
279
7177
13
5810
596
279
1493
512
6687
1445
320
3646
3293
1650
1566
997
220
2958
36674
20
77
39
1336
86
44
67702
54
7345
498
1584
220
10161
11
304
366
4450
397
262
1817
11773
45881
4132
68692
340
220
2958
36674
20
77
39
1336
86
44
67702
54
7345
498
1584
220
1187
11
304
1817
198
262
2105
9322
446
16
498
330
717
498
220
16
11
220
23
8
624
220
806
198
1881
6440
62824
62824
62824
62824
62824
62824
62824
22634
61
198
69739
1480
14963
1271
312
42612
11
420
374
701
3465
25
4557
279
2768
734
12223
323
4733
928
11
7373
4305
279
734
7633
323
1522
682
279
7177
13
3146
5989
4276
70765
3247
13916
50
13
57277
2675
1288
15411
279
2082
499
11041
304
264
67859
2082
2565
320
817
10103
33981
320
20670
690
33316
279
4113
5865
8
100265
198
100264
78191
198
14196
4077
27557
284
220
605
334
24
489
220
22
271
755
16099
10370
1471
997
262
4304
5715
279
2694
315
19016
315
7698
308
14781
262
274
284
220
15
198
262
369
523
304
610
31623
1471
10162
286
274
1447
528
7672
340
262
471
274
220
674
1789
8389
5219
11
584
1005
10973
907
2533
16099
2694
374
2536
62035
271
755
1797
8401
2401
8368
25
528
11
1332
10370
25
528
11
1973
10370
25
528
8
1492
528
512
262
4304
5715
279
1797
315
5219
505
220
15
311
452
320
99461
8
6832
16099
2694
374
1990
1332
10370
323
1973
10370
320
99461
570
7275
262
422
452
366
220
15
512
286
674
8442
220
15
1053
26456
422
220
15
304
2134
11
719
452
27
15
11
779
10074
4384
3734
4400
198
286
471
220
15
198
262
19016
284
1160
9325
1577
11
610
8368
6054
262
445
284
2479
99466
696
262
505
57566
1179
326
2739
11790
271
262
571
75
2739
11790
8913
2190
5980
340
262
711
26877
12539
25
528
11
10508
25
1845
11
3940
25
1845
11
1554
25
528
8
1492
528
512
286
674
1153
25
1510
16099
1963
198
286
674
10508
25
2103
12864
8582
6965
198
286
674
3940
25
422
2536
69475
7315
23926
198
286
674
1554
25
1510
16099
2694
198
286
422
1153
624
445
512
310
674
4060
315
1396
198
310
422
539
3940
512
394
674
8442
279
1396
220
15
574
14454
198
394
471
220
16
422
320
15
2669
1332
10370
323
220
15
2717
1973
10370
8
775
220
15
198
310
471
220
16
422
320
1083
10370
2717
1554
2717
1973
10370
8
775
220
15
198
286
594
284
220
15
198
286
8582
284
19016
22376
60
422
10508
775
220
24
198
286
369
294
304
2134
7
15
422
539
3940
775
220
16
11
8582
489
220
16
997
310
502
530
492
284
10508
323
320
67
624
8582
340
310
502
56779
284
3940
477
320
67
976
220
15
340
310
422
502
56779
512
394
502
16253
284
1554
489
294
198
394
422
502
16253
871
1973
10370
512
504
3136
220
674
2360
1205
311
13488
420
9046
4726
369
15374
198
310
775
512
394
502
16253
284
1554
198
310
594
1447
26877
12539
489
220
16
11
502
530
492
11
502
56779
11
502
16253
340
286
471
594
1034
19186
271
262
471
26877
7
15
11
3082
11
3641
11
220
15
8
1034
19186
271
755
1797
45881
4132
68692
8228
16
25
610
11
1661
17
25
610
11
1332
10370
25
528
11
1973
10370
25
528
8
1492
528
512
262
3270
262
86759
26864
865
449
1661
16
2717
865
2717
1661
17
1778
430
1332
10370
2717
16099
10370
2120
8
2717
1973
10370
627
262
5295
279
4320
60964
220
605
61
24
489
220
22
627
262
3270
262
781
284
528
8228
16
340
262
15960
284
528
8228
17
340
262
422
781
871
15960
512
286
471
220
15
198
262
674
35813
304
510
385
11
15960
60
284
5219
304
510
15
11
15960
60
28382
5219
304
510
15
11
781
12
16
933
262
711
282
1471
25
528
8
1492
528
512
286
422
308
366
220
15
512
310
471
220
15
198
286
471
1797
8401
2401
1471
11
1332
10370
11
1973
10370
340
262
471
320
69
3283
72
8
482
282
74750
482
220
16
595
1034
19186
271
2
578
3984
1296
5157
1457
1522
449
420
8292
198
14196
4077
100265
198