100264
882
198
4518
279
2768
734
12223
323
4733
928
11
7373
4305
279
734
7633
323
1522
682
279
7177
13
3146
5989
4276
70765
3247
13916
50
13
57277
2675
1288
15411
279
2082
499
11041
304
264
67859
2082
2565
320
817
10103
33981
320
20670
690
33316
279
4113
5865
696
14196
4077
1527
20061
1179
1796
1432
755
1797
5341
15880
37530
21777
25
1796
19155
2526
1492
528
512
262
4304
7531
279
1396
315
13840
315
2536
40533
13386
2436
320
13565
16
11
13278
17
8
315
10520
430
27651
512
262
220
16
13
578
13386
2436
13278
16
323
13278
17
527
85884
320
2201
1963
315
10520
374
4279
1990
1124
340
262
220
17
13
578
480
6620
315
279
5540
315
13278
16
374
6273
311
279
480
6620
315
279
5540
315
13278
17
7361
262
3494
279
2860
1396
315
1778
13840
60964
220
605
61
24
489
220
22
627
1084
262
18161
512
286
10520
25
1556
7698
1358
1405
220
16
2717
2479
21777
8
2717
220
1049
323
220
16
2717
10520
1004
60
2717
220
1049
7361
262
5295
512
286
578
1396
315
2764
1207
15880
13840
60964
220
605
61
24
489
220
22
7361
262
12382
1797
5341
15880
37530
2625
16
11
220
17
11
220
18
11
220
19
2608
262
220
605
198
262
12382
1797
5341
15880
37530
2625
605
11
220
508
11
220
966
2608
262
220
17
198
262
12382
1797
5341
15880
37530
2625
16
11
220
16
11
220
16
11
220
16
2608
262
220
1135
198
262
12713
755
1817
73121
997
262
674
14967
10507
505
3575
5224
198
262
2105
9322
2625
16
11
220
17
11
220
18
11
220
19
2526
624
220
605
198
262
2105
9322
2625
605
11
220
508
11
220
966
2526
624
220
17
198
262
2105
9322
2625
16
11
220
16
11
220
16
11
220
16
2526
624
220
1135
7361
262
674
11579
2449
5157
198
262
2105
9322
2625
21
2526
624
220
15
198
262
2105
9322
2625
24
2526
624
220
15
198
262
2105
9322
2625
23
2526
624
220
15
198
262
2105
9322
2625
18
2526
624
220
15
198
262
2105
9322
2625
17
2526
624
220
15
198
262
2105
9322
2625
22
2526
624
220
15
198
262
2105
9322
2625
19
2526
624
220
15
7361
262
674
9220
2449
5157
198
262
2105
9322
2625
22
11
220
17
2526
624
220
15
198
262
2105
9322
2625
16
11
220
23
2526
624
220
15
198
262
2105
9322
2625
23
11
220
21
2526
624
220
15
198
262
2105
9322
2625
23
11
220
22
2526
624
220
15
198
262
2105
9322
2625
16
11
220
21
2526
624
220
15
198
262
2105
9322
2625
24
11
220
16
2526
624
220
15
198
262
2105
9322
2625
22
11
220
23
2526
624
220
15
198
262
2105
9322
2625
605
11
220
19
2526
624
220
15
198
262
2105
9322
2625
22
11
220
22
2526
624
220
17
198
262
2105
9322
2625
23
11
220
16
2526
624
220
15
198
262
2105
9322
2625
605
11
220
21
2526
624
220
15
7361
262
674
81908
1296
5157
198
262
2105
9322
2625
3753
11
7028
11
6280
11
5926
11
7028
11
7028
11
2550
11
1049
11
2550
11
7028
11
4468
11
2550
11
5162
11
5162
11
3753
11
5162
11
1049
11
6393
11
7285
11
4468
11
1049
11
3753
11
7028
11
6280
11
7285
11
2550
11
1049
11
7285
11
3753
11
7529
11
7285
11
5926
11
1049
11
2550
11
5926
11
5162
11
6280
11
5926
11
1049
11
5926
11
7028
11
6393
11
6393
11
7285
11
7285
11
6280
11
6393
11
7028
11
5162
11
1049
11
3753
11
1049
11
5162
11
5162
11
7028
11
7529
11
6393
11
4468
11
7529
11
6393
11
5926
11
6280
11
2550
11
7285
11
2550
11
5162
11
6393
11
7028
11
5162
11
1049
2526
624
220
18712
19697
10697
7361
262
2105
9322
2625
1049
11
1041
11
914
11
18
11
1049
11
1041
11
914
11
18
11
1049
11
1041
11
914
11
18
11
1049
11
1041
11
914
11
18
11
1049
11
1041
11
914
11
18
11
1049
11
1041
11
914
11
18
11
1049
11
1041
11
914
11
18
11
1049
11
1041
11
914
11
18
11
1049
11
1041
11
914
11
18
11
1049
11
1041
11
914
11
18
11
1049
11
1041
11
914
11
18
11
1049
11
1041
11
914
11
18
11
1049
11
1041
11
914
11
18
11
1049
11
1041
11
914
11
18
11
1049
11
1041
11
914
11
18
11
1049
11
1041
11
914
11
18
11
1049
11
1041
11
914
11
18
11
1049
11
1041
11
914
11
18
11
1049
11
1041
11
914
11
18
11
1049
11
1041
11
914
11
18
11
1049
11
1041
11
914
11
18
11
1049
11
1041
11
914
11
18
11
1049
11
1041
11
914
11
18
11
1049
11
1041
11
914
11
18
11
1049
11
1041
11
914
11
18
2526
624
220
10568
22663
19081
7361
262
2105
9322
2625
16
11
220
17
11
220
18
11
220
19
2526
624
220
868
7361
262
2105
9322
2625
1419
11
1591
11
1313
11
1544
11
1313
11
1544
11
508
11
1419
11
1544
11
966
11
966
11
1313
11
1187
11
1187
11
508
11
914
11
1544
11
1313
11
1544
11
1691
11
1682
11
1419
11
1419
11
1544
11
1627
11
1591
11
1544
11
508
11
1591
11
1691
11
1313
11
1544
11
1187
11
1591
11
508
11
1187
11
1691
11
508
11
1682
11
1187
11
1313
11
508
11
1187
11
1544
11
966
11
1682
11
1691
11
914
11
1313
11
1313
11
1544
11
1187
11
1313
11
1682
11
1313
11
914
11
914
11
1419
11
914
11
1187
11
1627
11
1691
11
1591
11
914
11
1627
11
508
11
1187
11
1544
11
1544
11
1419
11
508
11
1187
11
1419
11
1691
11
1187
2526
624
220
18495
24471
806
7361
262
2105
9322
2625
1682
11
1691
11
1682
11
914
11
1419
11
1544
11
1544
11
1682
11
508
11
1591
11
1627
11
966
11
1187
11
1187
11
1627
11
1313
11
1682
11
1591
11
508
11
1313
11
1419
11
966
11
1544
11
966
11
1187
11
966
11
1187
11
1187
11
914
11
966
11
1313
11
1682
11
1419
11
966
11
508
11
1591
11
508
11
1682
11
1544
11
1313
11
1187
11
1591
11
1544
11
508
11
914
11
1691
11
1591
11
1691
11
1313
11
1591
11
1682
11
508
11
1544
11
1682
11
1313
11
1313
11
966
11
1187
11
914
11
508
11
1682
11
508
11
1419
11
1691
11
1187
11
1419
11
1187
11
1682
11
1187
11
1682
11
1691
11
1419
11
1591
11
1682
11
1691
2526
624
220
20772
19081
16104
7361
262
2105
9322
2625
1049
11
1041
11
1049
11
1041
11
1049
11
1041
11
1049
11
1041
11
1049
11
1041
11
1049
11
1041
11
1049
11
1041
11
1049
11
1041
11
1049
11
1041
11
1049
11
1041
11
1049
11
1041
11
1049
11
1041
11
1049
11
1041
11
1049
11
1041
11
1049
11
1041
11
1049
11
1041
11
1049
11
1041
11
1049
11
1041
11
1049
11
1041
11
1049
11
1041
11
1049
11
1041
11
1049
11
1041
11
1049
11
1041
11
1049
11
1041
11
1049
11
1041
11
1049
11
1041
11
1049
11
1041
11
1049
11
1041
11
1049
11
1041
11
1049
11
1041
11
1049
11
1041
11
1049
11
1041
11
1049
11
1041
11
1049
11
1041
11
1049
11
1041
11
1049
11
1041
11
1049
11
1041
11
1049
11
1041
11
1049
11
1041
11
1049
11
1041
11
1049
11
1041
11
1049
11
1041
11
1049
11
1041
11
1049
11
1041
11
1049
11
1041
11
1049
11
1041
11
1049
11
1041
11
1049
11
1041
11
1049
11
1041
11
1049
11
1041
2526
624
220
21033
24491
25388
271
2
5560
1817
11773
5341
15880
37530
8
311
1629
7177
627
74694
100265
198
100264
78191
198
1527
7033
1179
45958
198
1527
57566
1179
326
2739
11790
198
1527
15661
1179
44008
198
1527
20061
1179
1796
271
27557
284
220
605
334
24
489
220
22
271
755
1977
1928
4484
21833
21777
25
1796
19155
2526
1492
6587
512
262
3270
262
1789
1475
3284
2536
40533
45958
907
11
6667
279
743
315
15285
320
269
5042
279
1797
340
262
6832
5540
617
430
45958
13
720
262
7429
11
369
1855
45958
907
11
864
28806
682
27084
320
4590
11508
8
28559
315
279
15285
304
430
1912
627
262
8876
308
2717
220
1049
719
279
1912
1404
1618
690
387
2678
320
28753
5219
527
2717
1049
323
45958
1193
28815
449
4279
9547
1350
262
420
374
43303
627
262
5295
512
286
1912
1928
4484
25
1401
1492
1160
315
15285
320
15
6108
8
1405
5540
617
420
45958
198
286
1207
11508
5489
25
1401
1492
314
4590
11508
551
1797
315
5627
311
5268
5540
320
15336
8
7231
430
4839
45958
320
269
7041
279
2027
345
286
719
1618
584
1193
1205
12742
75605
26
15285
527
5016
779
1855
27084
374
5016
10792
262
3270
262
674
5629
11
369
1855
1963
11
12849
1202
907
596
3512
42314
323
682
3284
45958
82
315
75605
8649
430
1963
198
262
674
2030
8831
25
369
1855
2536
40533
27084
315
15285
11
12849
1202
45958
13
3011
596
2288
11646
320
17
61
1049
4390
262
674
75824
25
1789
1855
3284
907
294
320
614
16220
315
1063
1396
304
10520
705
6667
682
15285
449
1396
1034
294
624
220
15
323
907
443
294
624
597
369
1063
597
198
262
674
2030
584
1205
279
45958
315
264
27084
11
539
1120
3927
2819
382
262
674
12361
11
1005
32857
927
15285
25
11581
1004
1483
70
60
284
1396
315
75605
4315
1176
602
5540
430
617
45958
284
342
198
262
674
2030
369
26060
13840
315
85884
75605
449
1890
45958
11
584
1205
311
1440
369
1855
45958
1912
682
27084
2766
76
4707
323
872
14921
198
262
674
2100
584
3358
656
25
369
1855
1963
11
3839
1202
1396
11
1243
369
1855
1963
11
7068
682
27084
2766
76
4707
709
311
430
1963
11
719
430
596
220
17
87267
627
262
674
4452
11
279
17413
320
77
8367
1049
8
527
539
42929
481
369
220
17
87267
11
719
279
5296
2795
5219
527
2717
1049
323
308
8367
1049
719
4461
1296
5157
617
2678
5315
198
262
674
2100
1095
596
1005
279
11670
28286
10397
9134
927
5540
25
369
1855
1396
11
6667
3512
42314
11
1243
1005
264
2472
505
320
25609
315
320
70
11
15285
595
1980
262
674
4567
13206
320
11536
1193
220
1049
5540
11
719
220
17
61
1049
374
2288
2466
1680
1005
264
32857
927
5540
369
27084
2427
4484
13021
11
719
1193
709
311
1510
1963
198
262
674
1226
1205
369
1475
27084
320
11945
4384
705
1202
45958
13
2057
1797
13840
315
85884
75605
449
6273
45958
11
584
649
1005
24038
734
512
262
674
1789
1855
45958
907
342
11
1095
386
1928
387
279
743
315
15285
6832
2449
706
45958
449
5196
6273
311
1063
294
320
8248
430
596
539
3403
570
720
262
674
34863
11
369
264
27084
328
11
45958
3844
8
284
342
422
682
5540
527
66160
315
342
323
279
1973
4279
8331
374
342
627
262
674
42209
5603
14948
555
5410
15105
369
27084
480
6620
26060
512
262
674
6914
11581
387
264
11240
25
1401
284
45958
907
11
907
284
1396
315
75605
320
16564
4384
8
430
8356
433
198
262
674
9185
11581
284
314
15
25
16
534
262
11581
284
44008
1577
340
262
11581
58
15
60
284
220
16
220
674
4384
743
198
262
369
1661
304
10520
512
286
2798
284
44008
1577
340
286
369
8031
1928
4484
11
13497
304
11581
9812
4019
310
674
2876
4737
1510
1661
198
310
2798
58
10084
1928
4484
60
284
320
3975
58
10084
1928
4484
60
489
13497
8
1034
19186
198
310
674
36925
1510
1661
198
310
502
1928
4484
284
45958
32881
1928
4484
11
1661
8
422
8031
1928
4484
775
1661
198
310
2798
44586
1928
4484
60
284
320
3975
44586
1928
4484
60
489
13497
8
1034
19186
198
286
11581
284
2798
198
262
674
4800
11581
5727
682
2536
40533
75605
320
11945
584
2103
617
220
15
369
279
4384
743
340
262
674
2030
584
1205
369
1475
2536
40533
27084
11
1202
45958
323
279
1396
315
5627
311
3820
433
320
15336
5030
369
85884
2136
340
262
674
4452
11
279
3485
32857
14921
75605
555
907
11
539
555
15285
13
2057
3839
902
15285
1376
1855
45958
11
584
1205
264
2204
32857
627
262
674
6914
596
656
264
32857
430
369
1855
1963
602
11
323
1855
45958
907
342
11
10756
279
1396
315
75605
4315
1176
602
5540
449
45958
342
198
262
674
1226
3358
1101
3839
369
1855
320
72
22377
8
279
1160
315
3284
92061
44713
30
2360
11
430
596
2288
8987
382
262
674
1226
3604
1193
1205
11
369
1855
45958
907
342
11
279
743
315
15285
430
649
1376
264
27084
6832
45958
374
342
627
262
674
2030
279
8831
1648
320
11536
279
4320
1193
34672
922
480
6620
22526
315
279
1403
75605
323
814
2011
387
85884
8
374
311
1005
279
17966
512
262
674
1789
1855
1963
11
433
649
387
304
220
15
11
220
16
477
2225
75605
13
2030
85884
591
1855
1963
304
520
1455
832
627
262
674
578
24038
734
369
279
1396
315
11713
13840
320
32
8324
8
315
85884
75605
449
45958
4444
11992
92389
5462
11992
70
374
512
262
674
320
9370
15511
50
27084
315
15285
449
45958
3844
11992
70
92
220
16
30876
17
482
8279
15511
50
27084
11
350
27084
11
328
60094
254
51
11
328
22447
102
51
28
22447
227
11
45958
3844
11992
92389
4233
11992
70
92
2564
719
28286
10397
9134
374
2653
627
262
674
12361
11
1005
279
2768
14397
25
369
1855
2536
40533
27084
328
315
15285
11
1095
282
33612
60
284
674
2008
5022
449
45958
342
198
262
674
578
1396
315
11713
13840
315
85884
75605
449
279
1890
45958
342
374
512
262
674
8279
15511
50
27084
11
45958
3844
11992
70
92
320
2336
3844
8
353
320
17
48922
77
482
765
50
91
92
482
220
16
1192
262
674
2030
420
374
507
7
17
87267
705
902
374
2288
2466
369
308
28
1049
13
2100
584
1205
264
47578
1648
382
262
674
75824
11297
1749
1701
279
11581
430
14242
11
369
1855
45958
907
11
279
1396
315
75605
320
1729
1963
743
8
430
8356
433
627
262
674
1226
3358
656
264
32857
1405
11581
1004
1483
70
60
284
1396
315
2536
3274
75605
1701
1176
602
5540
449
45958
284
342
627
262
674
2030
1101
11
311
1797
13840
315
85884
75605
449
279
1890
45958
11
584
649
1005
279
17966
315
24038
1499
78061
627
262
674
6914
596
1893
369
1855
3284
45958
342
264
1160
315
682
75605
320
1729
872
1963
92061
8
430
617
45958
342
627
262
674
2030
1578
11
220
17
87267
374
2288
2466
382
262
674
4452
11
5296
279
17413
25
5219
323
308
527
709
311
220
1049
13
2030
279
1396
315
12742
45958
82
3284
374
7347
320
614
42314
315
5219
709
311
220
1049
4390
262
674
1226
649
656
264
3449
3502
10826
51167
477
1005
279
5410
330
39353
480
6620
32857
555
907
1
323
1243
11
369
1855
45958
342
11
12849
1268
1690
75605
617
45958
342
323
1268
1690
5627
311
3820
1403
85884
1778
75605
382
262
674
6914
596
656
420
25
1176
11
369
1855
1963
602
11
12849
1202
907
596
3512
42314
11
323
369
1855
50209
294
11
5296
430
904
27084
8649
602
649
617
45958
264
5361
315
294
627
262
674
2030
420
374
2103
6485
382
262
674
1226
3358
1005
279
2768
5603
320
1354
11986
555
330
2568
3804
5022
3161
16644
480
6620
1
323
9070
311
13840
997
262
674
220
16
13
1789
1855
1963
602
11
12849
342
5431
284
279
45958
315
279
38003
314
27447
1004
14316
320
72
1770
2637
10520
1004
62361
262
674
220
17
13
5560
264
32857
1405
11581
374
264
11240
25
1401
284
45958
907
11
907
284
264
11240
430
14370
264
92061
315
15285
320
269
1120
279
1797
315
75605
8
430
11322
420
45958
449
264
3738
743
315
15285
627
262
674
2030
279
5410
1648
311
1797
11
369
1855
45958
342
11
279
1396
315
75605
430
617
45958
7041
342
374
512
262
674
11581
58
15
1483
15
60
284
220
16
198
262
674
369
1855
1661
304
10520
512
262
674
257
369
342
304
1160
35899
9301
34257
262
674
260
294
284
45958
3348
11
1661
8
422
342
775
1661
198
262
674
260
11581
502
1614
11621
682
5627
311
2997
477
22429
1661
627
262
674
2030
311
1797
13840
11
584
1205
810
3630
382
262
674
34863
11
1618
596
264
14397
25
279
2860
1396
315
13840
315
85884
75605
320
50
20594
705
328
20594
2536
3274
11
449
45958
3844
11992
92389
4233
11992
70
374
512
262
674
320
7749
1396
315
2536
3274
75605
449
45958
342
8
5268
220
17
320
10767
705
28382
1884
430
527
539
85884
1131
719
430
596
2653
627
262
674
12361
11
23846
430
904
16720
315
1855
1963
311
328
11
350
477
14188
320
18
11709
705
28382
279
682
41078
2544
1162
11
6835
11713
13840
320
50
20594
8
1405
328
323
350
527
85884
627
262
674
2100
279
2860
1396
315
11713
13840
315
2536
3274
85884
75605
374
320
18
87267
482
220
16
482
308
9
17
48922
77
12
16
5525
719
430
596
539
824
45958
627
262
674
1226
1205
311
9067
311
1884
1405
45958
3844
11992
92389
4233
11992
70
627
262
674
1789
1855
907
342
430
374
279
45958
315
1063
2536
3274
27084
11
1095
296
1928
387
279
1396
315
2536
3274
75605
449
45958
38262
627
262
674
5112
279
1396
315
11713
13840
320
50
20594
8
449
2225
3515
45958
342
323
85884
374
25
2694
15511
74
28
15
311
308
92
510
34
6097
11
16
4911
34
1471
12934
11
16
7400
353
320
4174
315
5627
311
3820
328
315
1404
597
449
45958
342
8
353
320
4174
315
5627
311
3820
350
315
1404
505
279
9861
308
12934
449
45958
342
340
262
674
2030
420
374
2103
2288
8987
382
262
674
12361
11
5296
430
279
4033
6425
369
4528
5435
320
68
1326
13
6247
2520
1634
480
6620
323
47788
8
5829
279
36006
9334
47588
389
279
45958
55372
627
262
674
4452
11
2728
279
892
11
584
3358
4305
279
5410
27084
2427
4484
32857
323
1243
369
1855
45958
342
11
1095
272
1928
284
1396
315
2536
3274
75605
449
45958
7041
342
627
262
674
5112
279
4320
374
2694
927
682
342
315
320
66
1928
353
320
17
48922
77
482
274
1928
92
482
220
16
5850
1405
274
1928
374
279
1404
315
279
11552
315
682
75605
449
45958
342
320
8248
420
374
539
4495
3060
3677
262
674
34863
11
1618
596
264
43303
1749
512
262
674
1789
1855
2536
3274
27084
328
315
15285
11
1202
45958
374
25157
13
1789
1403
75605
311
387
85884
323
617
279
1890
45958
342
11
584
649
512
262
674
220
16
13
1789
1855
1963
602
11
433
649
387
304
328
16
11
328
17
477
304
7000
13
2100
2860
5627
284
220
18
87267
482
220
16
320
80095
682
7000
4390
262
674
220
17
13
2030
584
1390
1193
1884
1405
279
45958
315
328
16
323
45958
315
328
17
527
6273
627
262
674
220
18
13
6914
435
3348
8
284
1396
315
2536
3274
75605
449
45958
284
342
320
582
2177
682
3284
1963
7437
4390
262
674
5112
279
2860
1396
315
11713
13840
320
50
16
21861
17
8
315
2536
3274
75605
449
45958
3844
16
11992
92389
3844
17
11992
70
323
328
16
22447
102
50
17
28
22447
227
374
512
262
674
256
8279
15511
74
28
15
311
308
92
510
34
1471
16539
8
353
5627
2401
59268
4404
4803
2667
6753
1928
4484
1928
353
5627
2401
59268
4404
5487
2667
6753
5487
60094
254
74
11
45958
38262
60
720
262
674
2030
420
374
2103
507
7
18
87267
570
2100
584
1205
264
2731
1648
382
262
674
1226
3480
311
279
2768
1749
1511
304
1063
480
6620
27084
5435
512
262
674
482
5075
28806
369
1855
1963
279
1160
315
1202
3512
42314
627
262
674
482
5560
264
32857
1405
369
1855
50209
294
11
323
369
1855
7056
315
15285
11
3637
279
45958
315
279
12146
5540
13
2876
42929
481
382
262
674
12361
11
1005
279
17966
25
279
2860
1396
374
279
2694
927
682
75605
362
315
320
4174
315
75605
426
85884
505
362
449
45958
5462
11992
92389
4444
40567
262
674
2100
422
584
649
11
369
1855
3284
27084
362
11
12849
45958
4444
8
6288
323
1101
1440
1268
1690
75605
426
320
6414
3274
11
85884
505
362
8
617
279
1890
45958
11
584
2351
2884
627
262
674
2030
433
596
2103
507
7
17
87267
3677
262
674
4452
11
5296
279
17413
304
279
3575
25
308
2717
220
1049
719
279
5219
527
2678
320
8367
1049
570
2030
220
17
61
1049
374
2288
2466
13
14636
11
279
10825
6425
2011
1005
24038
5865
449
279
27084
45958
32857
15194
1193
279
45958
907
323
279
1797
315
75605
430
8356
433
11
2085
15194
279
5150
15285
382
262
674
1226
10737
279
2768
320
1527
3967
27084
480
6620
26060
2082
997
262
674
6914
11581
387
264
2472
25
45958
3220
1492
1797
315
75605
320
1527
13126
5540
832
555
832
8
430
617
430
45958
627
262
674
2030
420
2472
1587
539
3839
902
15285
1051
1511
11
779
1403
2204
1963
7437
649
617
279
1890
45958
323
584
649
956
15803
85884
2136
627
262
674
2030
5296
25
422
584
1920
279
15285
832
555
832
323
369
1855
1396
11
2713
264
2472
315
3284
45958
82
369
75605
14454
505
279
15590
9436
345
262
674
1243
369
279
2539
743
11
279
1396
315
75605
320
16564
4384
8
449
264
2728
45958
342
374
3967
13
2030
2085
1963
15194
11
584
4250
6106
85884
2136
382
262
674
4452
11
23846
25
904
1403
75605
328
16
323
328
17
527
85884
422
323
1193
422
872
1963
7437
527
85884
13
2100
279
2860
1396
315
11713
13840
315
2536
3274
85884
75605
320
1610
30920
315
45958
8
374
220
18
87267
482
220
16
482
308
9
17
48922
77
12
16
92
320
60542
279
5157
1405
832
374
4384
477
2225
527
279
2539
743
30
34863
28286
10397
9134
6835
220
18
87267
482
220
17
48922
77
10
16
92
489
220
16
11
719
33356
220
16
369
44878
279
682
40533
1162
4390
262
674
2030
584
1205
1193
1884
1405
45958
3844
16
11992
92389
3844
17
11992
70
627
262
674
2100
369
1855
342
11
1095
259
1928
387
279
1396
315
2536
3274
75605
320
2017
682
1963
7437
8
6832
45958
374
342
13
5112
279
1396
315
11713
13840
320
50
16
21861
17
8
449
2225
3515
45958
342
323
85884
374
512
262
674
256
2694
15511
74
28
15
311
308
92
10505
16
30876
74
353
356
1471
16539
8
353
320
17
48922
77
12934
92
482
220
16
8
353
510
333
520
3325
597
75605
617
45958
342
933
262
674
2030
420
374
539
31439
382
262
674
4740
3495
11
279
5410
6425
369
330
4174
315
13840
315
85884
75605
449
6273
45958
1
5829
279
2144
430
904
16720
315
1855
2449
311
328
16
11
328
17
11
477
14188
6835
220
18
87267
32272
13
1789
1855
16720
1405
2225
328
16
323
328
17
527
2536
3274
323
85884
11
584
1397
45958
3844
16
11992
92389
3844
17
570
2100
584
649
1005
279
17966
315
24038
5865
449
279
27084
480
6620
32857
1473
262
674
1226
3358
656
264
32857
1405
11581
1004
1483
70
60
284
1396
315
75605
320
1527
1176
602
5540
8
430
617
45958
7041
342
320
1962
15194
15285
570
2030
420
33291
2038
922
902
15285
527
1511
11
779
1403
75605
449
279
1890
45958
719
50917
15285
4250
387
85884
627
262
674
2030
1618
596
279
1401
20616
25
279
2860
1396
315
5627
311
3820
1403
85884
75605
328
323
350
449
45958
3844
11992
92389
4233
11992
70
17239
279
2694
927
682
75605
362
315
279
21070
430
45958
4444
11992
70
56016
555
279
1396
315
75605
426
54125
228
549
59
32
320
52
374
682
15285
8
449
45958
5462
11992
70
627
262
674
1115
374
2103
8987
11
719
8530
584
649
1005
279
2768
1473
262
674
6914
596
864
28806
369
1855
3284
45958
907
342
279
2860
1396
315
2536
3274
75605
315
279
4459
1358
449
45958
38262
320
6797
420
272
1928
570
5112
11
369
1855
1963
602
11
279
1396
315
75605
539
8649
602
449
45958
38262
374
272
15511
70
11923
7
30096
602
570
2030
420
374
539
7041
1314
382
262
674
16644
279
892
11
323
2533
279
4033
6425
369
1778
264
3575
304
47603
6118
5829
279
28286
10397
9134
449
279
27084
480
6620
32857
927
3512
42314
11
1095
596
4305
279
2768
512
262
674
220
16
13
1789
1855
1396
304
10520
11
8331
553
433
323
636
682
1202
3512
42314
627
262
674
220
17
13
5560
264
32857
1405
1614
374
264
1160
315
320
3311
1928
4484
11
1797
705
8863
1855
1396
323
21686
3284
45958
82
555
4737
477
539
4737
279
1396
627
262
674
220
18
13
4740
8863
682
5219
11
369
1855
45958
342
11
584
617
279
2860
1396
315
2536
3274
75605
449
45958
38262
25
1650
420
296
1928
627
262
674
220
19
13
4800
11
279
1396
315
5627
311
3820
1403
85884
2536
3274
75605
2225
449
45958
38262
374
512
262
674
262
8279
15511
74
28
15
311
308
92
10505
16
30876
74
353
356
1471
16539
8
353
320
76
1928
422
597
8367
2190
3659
72344
48632
71297
1928
1924
1928
775
220
15
8
353
220
17
48922
77
12934
92
2564
912
11
420
374
539
2167
627
262
9733
262
674
34863
11
1618
596
264
2731
5603
14948
555
279
2144
430
904
85884
6857
320
50
20594
8
34310
311
459
16720
315
1855
1963
311
328
11
350
477
14188
11
323
584
1390
279
10496
8141
315
45958
82
315
328
323
350
311
387
6273
627
262
674
1226
649
1005
279
17966
315
59855
24038
5865
11
719
433
596
6485
382
262
674
4740
5403
264
3967
6425
369
264
4528
3575
320
68
1326
2637
6247
2520
1634
330
38
6620
55726
1
477
330
38
6620
323
12808
4063
279
5410
374
1473
262
674
6914
11581
387
264
11240
25
45958
1492
1396
315
75605
320
1527
279
15590
5540
8
430
617
430
45958
320
1962
15194
15285
570
720
262
674
2030
420
3250
956
12602
902
15285
527
1511
11
779
584
4250
6106
85884
2136
13
2100
4619
11
584
1205
311
656
264
32857
927
15285
11
15194
369
1855
45958
279
1396
315
5627
439
264
734
315
279
5343
15285
320
4590
11508
32857
705
719
449
308
28
1049
433
596
12266
382
262
674
15636
11
584
2011
9855
430
279
1296
828
527
1778
430
279
5219
527
539
2288
2466
323
279
5315
369
264
2728
45958
527
2678
320
28753
5219
527
2717
1049
705
779
584
649
656
264
31919
1203
45653
449
22154
2065
389
320
3311
1928
4484
11
1566
28903
18839
14323
11508
8
719
1524
430
374
220
1049
9660
382
262
674
39578
11
584
649
1005
279
2768
15150
512
262
674
578
2860
1396
315
11713
13840
320
50
20594
8
315
2536
3274
85884
75605
374
320
18
87267
482
220
16
482
308
9
17
48922
77
12
16
5525
439
28286
10397
9134
11
719
584
1390
311
9067
311
1884
449
45958
3844
11992
92389
4233
11992
70
627
262
674
1789
1855
342
11
1095
282
33612
60
284
1396
315
2536
3274
75605
449
45958
38262
320
2017
682
3284
1963
75605
11
602
1770
2637
682
220
17
87267
75605
4390
262
674
5112
279
3685
1396
1053
387
25
369
1855
27084
362
449
45958
38262
11
279
1396
315
75605
426
539
32896
287
362
449
45958
38262
13
2030
420
374
17395
382
262
674
16644
892
17413
323
430
420
374
264
3967
2653
3575
11
358
3358
4305
279
2768
3318
6425
430
16609
279
6205
7177
555
1701
279
5410
27084
480
6620
32857
323
1243
1701
279
17966
430
279
4320
374
1473
262
674
1789
1855
2536
3274
27084
328
320
9910
555
1202
45958
907
342
705
279
1396
315
5627
311
3820
264
2132
85884
2536
3274
27084
350
449
279
1890
45958
374
320
17
48922
77
482
765
50
18839
91
92
482
220
16
8
719
2533
584
1541
956
3839
328
18839
11
584
649
956
656
433
824
513
382
262
674
4452
11
5296
430
279
6205
1988
510
16
11
17
11
18
11
19
60
6835
220
605
477
220
868
11911
389
422
11713
477
56833
13840
320
1820
3575
2795
13840
315
13386
2436
902
527
11713
555
1963
4390
262
674
578
2860
1396
315
2536
3274
75605
374
220
17
61
19
12
16
28
868
13
578
1396
315
11713
13840
315
85884
2536
3274
75605
374
220
18
61
19
482
220
16
482
220
19
9
17
61
18
284
220
5932
12
16
12
843
28
2166
30
2030
279
1176
1296
2795
220
605
477
220
868
627
262
674
578
3575
4461
32238
320
32
8324
8
323
320
33
15381
8
439
2204
422
279
75605
527
4529
304
2204
2015
320
11536
814
527
31681
22009
3677
262
674
4740
312
83360
11
279
4335
1648
374
311
1005
279
24038
734
1405
369
1855
2449
433
649
733
311
328
16
11
328
17
477
14188
13
2100
1070
527
220
18
87267
32272
13
1789
459
16720
311
387
2764
11
2225
328
16
323
328
17
2011
387
2536
3274
323
45958
3844
16
11992
92389
3844
17
4390
262
674
6914
596
1095
435
33612
60
387
279
1396
315
5627
311
9993
279
5540
779
430
328
16
596
45958
374
342
3651
328
17
596
45958
374
342
320
20670
649
387
4384
3582
4390
262
674
5112
279
4320
374
2694
927
342
315
320
37
33612
60
482
320
2336
1405
328
16
477
328
17
374
4384
40567
262
674
2057
12849
435
33612
1145
584
649
656
264
32857
927
279
5540
449
2380
5415
25
304
328
16
11
304
328
17
11
477
304
14188
13
578
1614
369
1855
2449
374
902
743
433
596
304
11
323
584
3839
279
45958
315
328
16
323
45958
315
328
17
627
262
674
2100
584
656
264
32857
449
320
72
11
342
16
11
342
17
8
1405
602
374
279
1963
11
342
16
374
279
1510
45958
315
328
16
11
342
17
315
328
17
627
262
674
578
1614
3634
374
308
353
320
4174
315
3284
45958
82
30876
17
13
8876
45958
82
527
3512
42314
315
5219
709
311
220
1049
11
1070
527
520
1455
220
1041
10
3512
42314
320
11536
220
1049
28
17
61
18
9
20
61
17
706
320
18
10
16
18201
17
10
16
11992
717
3512
42314
11
323
682
5219
617
520
1455
430
477
264
2766
810
570
2100
220
1049
9
1041
9
1041
28
17
68
21
902
374
22281
382
262
674
6914
596
4305
420
1473
262
674
9185
32857
25
11581
58
15
1483
15
1483
15
60
284
220
16
320
2201
5540
15590
11
328
16
323
328
17
4384
1492
45958
220
15
340
262
674
1789
1855
2449
11
584
617
220
18
11709
25
9993
311
328
16
11
9993
311
328
17
11
477
9993
311
14188
627
262
674
3277
61853
311
328
16
25
502
1928
16
284
45958
22739
1928
16
11
1661
705
502
1928
17
284
2362
1928
17
198
262
674
3277
61853
311
328
17
25
502
1928
16
284
2362
1928
16
11
502
1928
17
284
45958
22739
1928
17
11
1661
340
262
674
3277
61853
311
14188
25
502
1928
16
28
820
1928
16
11
502
1928
17
28
820
1928
17
198
262
674
2468
279
842
11
584
2694
927
682
5415
1405
2225
328
16
323
328
17
527
2536
3274
320
72
1770
2637
2225
617
1027
12893
520
3325
3131
8
323
45958
3844
16
11992
92389
3844
17
11992
70
382
262
674
2030
5296
25
328
16
323
328
17
649
387
4384
2391
279
1920
11
719
584
1193
1390
32272
1405
2225
527
2536
3274
520
279
842
382
262
674
31913
1473
262
505
15661
1179
44008
271
262
711
1797
1928
4484
37530
6753
23830
21777
997
286
308
284
2479
21777
340
286
674
8940
42314
315
682
3284
5219
320
455
311
220
1049
8
864
72111
369
8331
2065
198
286
3512
42314
11790
284
5731
286
369
865
304
2134
7
16
11
220
679
997
310
294
284
743
746
310
602
284
220
16
198
310
1418
602
2717
865
512
394
422
865
1034
602
624
220
15
512
504
294
1388
1998
340
504
294
1388
2120
322
72
340
394
602
1447
220
16
198
310
3512
42314
11790
8487
60
284
294
271
286
674
32857
25
11581
1004
1483
70
16
1483
70
17
60
284
1396
315
5627
1306
8863
1176
602
5540
11
449
328
16
45958
284
342
16
323
328
17
45958
284
342
17
198
286
674
1226
3358
1005
264
6587
369
1855
602
11
719
369
4732
1005
1358
422
45958
82
527
7347
320
20670
527
340
286
505
7033
1179
374
8303
198
286
682
1928
4484
82
284
743
746
286
369
1661
304
10520
512
310
682
1928
4484
82
5430
39391
42314
11790
24146
2608
286
682
1928
4484
82
1388
7
16
340
286
45958
2062
284
10839
21013
1928
4484
82
340
286
296
284
2479
3348
4484
2062
340
286
674
5560
264
220
18
35
1160
25
11581
1004
1483
70
16
1483
70
17
60
719
584
3358
1005
1403
13931
311
3665
3634
198
286
8031
284
44008
1577
340
286
8031
58
15
1483
15
60
284
220
16
220
674
1603
904
2449
11
4384
7437
198
286
369
1661
304
10520
512
310
10004
284
44008
1577
340
310
369
320
70
16
11
342
17
705
5627
304
8031
9812
4019
394
674
32739
311
328
16
198
394
7933
16
284
45958
3348
16
11
1661
8
422
342
16
775
1661
198
394
7933
17
284
342
17
198
394
10004
58
983
16
1483
983
17
60
284
320
15789
58
983
16
1483
983
17
60
489
5627
8
1034
19186
198
394
674
32739
311
328
17
198
394
7933
16
284
342
16
198
394
7933
17
284
45958
3348
17
11
1661
8
422
342
17
775
1661
198
394
10004
58
983
16
1483
983
17
60
284
320
15789
58
983
16
1483
983
17
60
489
5627
8
1034
19186
198
394
674
32739
311
14188
198
394
10004
33612
16
1483
70
17
60
284
320
15789
33612
16
1483
70
17
60
489
5627
8
1034
19186
198
310
8031
284
10004
271
286
674
4800
11
2694
927
682
5415
1405
2225
328
16
323
328
17
617
1027
12146
520
3325
3131
320
72
1770
2637
539
2225
220
15
8
323
45958
3348
16
15708
92389
3348
17
340
286
2860
284
220
15
198
286
369
320
70
16
11
342
17
705
5627
304
8031
9812
4019
310
674
11995
7437
2536
3274
25
328
16
706
520
3325
832
2449
591
342
16
574
5614
505
220
15
11
30293
369
328
17
198
310
674
2030
584
1205
311
6106
430
304
279
16720
11
1070
574
520
3325
832
2449
304
328
16
323
832
304
328
17
627
310
674
4452
11
279
32857
5764
5157
1405
1193
328
16
574
1511
477
1193
328
17
13
2100
584
1205
311
33356
1884
627
310
674
39578
11
584
649
656
459
28286
10397
9134
477
2731
25
2391
279
32857
11
3839
1101
279
8202
422
328
16
323
328
17
617
1027
1511
627
310
674
6914
596
93395
279
32857
311
2997
264
5292
369
3508
328
16
323
328
17
617
1027
2536
3274
779
3117
627
310
674
2030
369
1457
11
584
3358
45968
555
27401
430
279
6205
510
16
11
17
11
18
11
19
60
1288
7692
220
868
422
11713
13840
315
2536
3274
75605
320
16564
4384
5535
304
1990
719
1620
2225
2536
3274
4390
310
674
34863
279
3575
2795
330
6414
40533
13386
2436
498
779
2225
2011
387
2536
3274
627
310
674
2100
584
1205
311
22429
5415
1405
342
16
419
15
477
342
17
419
15
627
310
422
342
16
976
220
15
323
342
17
976
220
15
323
45958
2062
5265
3348
16
8
624
45958
2062
5265
3348
17
997
394
2860
284
320
5143
489
5627
8
1034
19186
198
286
674
2030
420
1253
3194
1063
1606
5361
320
70
16
22377
17
8
649
617
279
1890
45958
627
286
674
24327
25
1095
596
1912
555
279
1620
45958
342
11
323
1397
430
2225
328
16
323
328
17
617
1027
6532
320
72
1770
2637
872
13006
4024
1555
520
3325
832
2449
340
286
674
1226
3358
656
264
2132
1522
512
286
505
15661
1179
44008
198
286
555
1928
284
44008
1577
340
286
369
320
70
16
11
342
17
705
5627
304
8031
9812
4019
310
422
342
16
624
220
15
477
342
17
624
220
15
512
394
3136
220
674
520
3325
832
743
374
4384
1492
8482
198
310
342
284
45958
2062
5265
3348
16
8
422
342
16
304
45958
2062
775
220
15
220
674
719
342
16
374
19883
304
279
743
198
310
422
45958
2062
5265
3348
16
8
624
45958
2062
5265
3348
17
997
394
555
1928
33612
60
284
320
1729
1928
33612
60
489
5627
8
1034
19186
198
286
674
4800
369
1855
342
11
279
1396
315
32272
1405
2225
328
16
323
328
17
617
45958
38262
323
527
2536
3274
374
555
1928
33612
933
286
674
2030
1855
1778
16720
34310
311
459
11713
6857
320
50
16
21861
17
8
1405
2225
527
2536
3274
323
85884
320
28753
1855
2449
374
304
520
1455
832
4390
286
674
2100
279
2860
374
2694
1928
555
1928
33612
933
286
471
2860
1034
19186
271
262
711
45958
2948
11
293
997
286
1418
293
512
310
264
11
293
284
293
11
264
1034
293
198
286
471
264
271
262
711
1925
3259
21777
997
286
471
1797
1928
4484
37530
6753
23830
21777
696
262
674
4800
11
8454
279
4113
734
449
420
627
262
711
1797
5341
15880
37530
21777
25
1796
19155
2526
1492
528
512
286
471
1925
3259
21777
696
262
674
578
4733
928
323
6170
7293
439
304
279
4113
627
14196
4077
27
791
8292
3485
374
264
5410
32857
927
2449
32272
311
328
16
11
328
17
477
14188
11
15194
279
45958
315
1855
743
323
1193
26060
32272
1405
2225
527
2536
3274
323
617
279
1890
45958
13
1115
16609
279
6205
7177
323
374
279
10825
1749
369
420
3575
596
17413
320
77
8367
1049
11
2819
8367
1049
570
29
100265
198
100264
882
271
7927
3766
4879
4745
279
7177
13
5810
596
279
1493
512
220
2958
36674
43
18
70
22
55
39
23
4760
57
7345
498
1584
220
13679
198
262
366
791
8292
3485
374
264
5410
32857
927
2449
32272
311
328
16
11
328
17
477
14188
11
15194
279
45958
315
1855
743
323
1193
26060
32272
1405
2225
527
2536
3274
323
617
279
1890
45958
13
1115
16609
279
6205
7177
323
374
279
10825
1749
369
420
3575
596
17413
320
77
8367
1049
11
2819
8367
1049
570
397
58040
5351
40584
76496
34990
1480
25
22229
52299
925
24016
320
19842
1599
520
1584
220
13679
65066
1271
312
42612
11
420
374
701
3465
25
4557
279
2768
734
12223
323
4733
928
11
7373
4305
279
734
7633
323
1522
682
279
7177
13
3146
5989
4276
70765
3247
13916
50
13
57277
2675
1288
15411
279
2082
499
11041
304
264
67859
2082
2565
320
817
10103
33981
320
20670
690
33316
279
4113
5865
8
100265
198
100264
78191
198
14196
4077
1527
7033
1179
45958
198
1527
15661
1179
44008
271
27557
284
220
605
334
24
489
220
22
271
755
1925
3259
21777
997
262
308
284
2479
21777
340
262
422
308
624
220
15
512
286
471
220
15
198
262
674
5075
28806
682
3512
42314
369
5219
709
311
220
1049
198
262
3512
42314
11790
284
5731
262
369
865
304
2134
7
16
11
220
679
997
286
294
2667
284
743
746
286
602
284
220
16
198
286
1418
602
353
602
2717
865
512
310
422
865
1034
602
624
220
15
512
394
294
2667
1388
1998
340
394
294
2667
1388
2120
443
602
340
310
602
1447
220
16
198
286
3512
42314
11790
8487
60
284
294
2667
271
262
674
2052
3284
45958
2819
23926
320
16564
220
16
497
1049
323
872
28559
340
262
682
1928
4484
82
284
743
746
262
369
1661
304
10520
512
286
682
1928
4484
82
5430
39391
42314
11790
24146
2608
286
682
1928
4484
82
1388
8228
340
262
682
1928
4484
82
1388
7
16
340
262
45958
2062
284
10839
21013
1928
4484
82
340
262
342
6495
284
314
70
25
602
369
602
11
342
304
13555
3348
4484
2062
74922
262
674
32857
25
320
70
16
1928
4484
3644
11
342
17
1928
4484
3644
11
1511
1117
16
11
1511
1117
17
8
719
584
3358
1005
2380
5415
323
1243
4141
520
842
198
262
674
12361
11
369
15374
11
2533
2225
328
16
323
328
17
2011
387
2536
40533
520
279
842
11
584
3358
656
264
32857
430
14242
512
262
674
11581
9896
70
16
11
342
17
7400
284
1396
315
5627
1306
8863
5540
449
1510
328
16
45958
284
342
16
6320
11
328
17
45958
284
342
17
6320
198
262
674
719
311
8108
5044
11
584
3358
1005
1403
13931
323
1193
3839
89253
320
70
16
22377
17
8
13840
627
262
505
15661
1179
44008
198
262
8031
284
44008
1577
340
262
8031
9896
15
11
220
15
7400
284
220
16
220
674
1212
449
4384
7437
320
92389
220
15
369
4384
696
262
369
1661
304
10520
512
286
10004
284
44008
1577
340
286
369
320
70
16
7406
11
342
17
7406
705
5627
304
8031
9812
4019
310
1062
16
284
45958
2062
33612
16
7406
60
422
342
16
7406
374
539
2290
775
220
15
220
674
3604
1005
2290
439
81878
422
539
743
198
310
1062
17
284
45958
2062
33612
17
7406
60
422
342
17
7406
374
539
2290
775
220
15
198
310
674
2030
311
3790
810
97975
11
584
3358
3637
320
70
16
6320
11
342
17
6320
8
304
279
6587
7039
198
310
674
2100
1095
596
2349
25
1005
6587
449
320
70
16
11
342
17
8
439
528
7039
198
310
674
64169
25
1095
596
1005
264
10269
6587
449
46325
439
7039
320
70
16
11
342
17
340
310
674
6914
596
312
38025
2833
10489
512
310
342
16
284
45958
2062
33612
16
7406
60
422
342
16
7406
374
539
2290
775
220
15
198
310
342
17
284
45958
2062
33612
17
7406
60
422
342
17
7406
374
539
2290
775
220
15
271
310
674
32739
311
328
16
198
310
7933
16
284
45958
3348
16
11
1661
8
422
342
16
976
220
15
775
1661
198
310
7933
17
284
342
17
198
310
10004
9896
983
16
11
7933
17
7400
284
320
15789
9896
983
16
11
7933
17
7400
489
5627
8
1034
19186
198
310
674
32739
311
328
17
198
310
7933
16
284
342
16
198
310
7933
17
284
45958
3348
17
11
1661
8
422
342
17
976
220
15
775
1661
198
310
10004
9896
983
16
11
7933
17
7400
284
320
15789
9896
983
16
11
7933
17
7400
489
5627
8
1034
19186
198
310
674
32739
311
14188
198
310
10004
9896
70
16
11
342
17
7400
284
320
15789
9896
70
16
11
342
17
7400
489
5627
8
1034
19186
198
286
8031
284
10004
271
262
674
4800
1797
1193
32272
1405
2225
328
16
323
328
17
527
2536
40533
323
45958
3348
16
15708
92389
3348
17
340
262
8261
284
220
15
198
262
369
320
70
16
6320
11
342
17
6320
705
5627
304
8031
9812
4019
286
674
11995
7437
2536
40533
25
328
16
1047
520
3325
832
2449
320
708
342
16
6320
976
15
323
3782
505
264
2536
38029
1853
340
286
674
2030
311
6106
2225
1051
12146
520
3325
3131
304
872
20081
7437
11
584
1205
311
1440
422
904
2449
574
304
328
16
323
328
17
627
286
674
2057
656
420
10489
11
3839
8202
304
32857
11
719
369
5395
85
488
11
584
3358
1005
279
2144
430
904
1853
311
320
70
16
6320
22377
17
6320
8
430
6532
520
3325
832
2449
304
328
16
323
832
304
328
17
690
617
342
16
6320
323
342
17
6320
976
15
323
14592
1555
38499
304
2225
7437
627
286
674
4452
11
279
4382
5155
25
22429
5157
1405
342
16
6320
419
15
477
342
17
6320
419
15
320
20670
8024
311
832
743
4384
340
286
422
342
16
6320
976
220
15
323
342
17
6320
976
220
15
323
342
6495
33612
16
6320
60
624
342
6495
33612
17
6320
10556
310
8261
284
320
598
489
5627
8
1034
19186
198
262
471
8261
1034
19186
271
755
1797
5341
15880
37530
21777
25
1796
19155
2526
1492
528
512
262
4304
720
262
7531
279
1396
315
13840
315
2536
40533
85884
13386
2436
320
13565
16
11
13278
17
8
315
10520
1778
430
512
262
220
16
13
578
13386
2436
527
85884
320
2201
6222
15285
4390
262
220
17
13
578
45958
315
279
5540
315
13278
16
17239
279
45958
315
279
5540
315
13278
17
627
1084
262
578
13840
527
11713
25
320
13565
16
11
13278
17
8
323
320
13565
17
11
13278
16
8
527
2204
422
2764
627
262
578
1121
374
2728
60964
220
605
61
24
489
220
22
382
262
18161
512
286
10520
25
362
2536
40533
1160
315
26864
320
16
2717
2479
21777
8
2717
220
1049
11
220
16
2717
10520
1004
60
2717
220
1049
696
262
5295
512
286
578
1396
315
2764
11713
13840
60964
220
605
61
24
489
220
22
271
262
12382
1797
5341
15880
37530
2625
16
11
220
17
11
220
18
11
220
19
2608
262
220
868
198
262
3270
262
471
1925
3259
21777
696
2
578
3485
1925
3259
13777
279
32857
449
320
70
16
22377
17
8
5415
323
13711
369
2536
40533
328
16
323
328
17
449
12864
45958
82
627
14196
4077
100265
198
100264
882
271
7927
3766
4879
4745
279
7177
13
5810
596
279
1493
512
6687
1445
320
3646
3293
1650
1566
997
220
2958
36674
22
97076
90220
50
19
78
42
7345
498
1584
220
6330
11
304
366
4450
397
262
1817
11773
5341
15880
37530
340
220
2958
36674
22
97076
90220
50
19
78
42
7345
498
1584
220
1544
11
304
1817
198
262
2105
9322
2625
16
11
220
17
11
220
18
11
220
19
2526
624
220
605
198
1881
6440
62824
62824
62824
62824
62824
62824
62824
198
69739
1480
14963
1271
312
42612
11
420
374
701
3465
25
4557
279
2768
734
12223
323
4733
928
11
7373
4305
279
734
7633
323
1522
682
279
7177
13
3146
5989
4276
70765
3247
13916
50
13
57277
2675
1288
15411
279
2082
499
11041
304
264
67859
2082
2565
320
817
10103
33981
320
20670
690
33316
279
4113
5865
8
100265
198
100264
78191
198
14196
4077
1527
20061
1179
1796
198
1527
7033
1179
45958
198
1527
57566
1179
326
2739
11790
271
27557
284
220
605
334
24
489
220
22
271
755
1797
5341
15880
37530
21777
25
1796
19155
2526
1492
528
512
262
3270
262
86759
279
1396
315
11713
13840
320
50
16
11
328
17
8
315
2536
40533
85884
75605
315
10520
198
262
1778
430
279
45958
315
279
5540
304
328
16
17239
279
45958
315
279
5540
304
328
17
627
262
578
13840
527
11713
320
50
16
1176
1243
328
17
374
2204
505
328
17
1243
328
16
1524
422
1890
7437
1350
262
323
328
16
323
328
17
2011
387
85884
320
2201
4279
15285
3677
262
578
6425
5829
28286
10397
9134
449
27084
12279
6620
8915
15840
311
12849
198
262
30820
279
2631
1797
60964
220
16
68
24
10
22
382
262
18161
512
286
10520
25
1796
315
6928
26864
320
16
2717
2479
21777
8
2717
220
1049
11
220
16
2717
10520
1004
60
2717
220
1049
696
262
5295
512
286
578
1396
315
2764
11713
13840
60964
220
605
61
24
489
220
22
198
262
3270
262
308
284
2479
21777
340
262
422
308
624
220
15
512
286
471
220
15
271
262
674
5075
28806
682
3512
42314
369
3284
45958
2819
198
262
1973
4369
284
220
1049
198
262
3512
42314
11790
284
5731
262
369
865
304
2134
7
16
11
1973
4369
489
220
16
997
286
294
2667
284
743
746
286
602
284
220
16
198
286
1418
602
353
602
2717
865
512
310
422
865
1034
602
624
220
15
512
394
294
2667
1388
1998
340
394
294
2667
1388
2120
443
602
340
310
602
1447
220
16
198
286
3512
42314
11790
8487
60
284
294
2667
271
262
674
14416
59768
682
2536
40533
75605
4669
27084
12279
6620
32857
198
262
674
11581
14370
45958
907
311
279
1396
315
75605
320
16564
4384
743
779
3117
8
32145
433
198
262
11581
284
314
15
25
220
16
92
220
674
4384
743
706
45958
220
15
198
262
369
1661
304
10520
512
286
502
54972
284
44008
1577
340
286
674
1789
1855
6484
27084
320
53859
555
1202
45958
340
286
369
342
11
13497
304
11581
9812
4019
310
674
4418
956
1935
1510
1661
198
310
502
54972
33612
60
284
320
943
54972
33612
60
489
13497
8
1034
19186
198
310
674
12040
1510
1661
198
310
7933
284
45958
3348
11
1661
8
422
342
775
1661
198
310
502
54972
58
983
60
284
320
943
54972
58
983
60
489
13497
8
1034
19186
198
286
11581
284
502
54972
271
262
674
4800
11581
706
682
2536
40533
75605
320
11536
584
3940
505
2737
4384
11
719
584
3358
3790
42308
3010
340
262
674
2030
584
1205
311
1797
11713
13840
320
32
8324
8
1405
362
323
426
527
2536
40533
11
85884
75605
11
323
45958
4444
15708
92389
5462
340
262
674
5884
16720
315
1855
1963
311
362
11
426
11
477
14188
6835
220
18
87267
2860
32272
320
16564
4384
362
477
426
340
262
674
1226
1390
32272
1405
362
323
426
527
2225
2536
40533
323
45958
4444
15708
92389
5462
696
262
674
5560
28286
10397
9134
927
279
45958
907
342
512
262
674
6914
386
3348
8
284
1396
315
75605
449
45958
7041
342
320
16564
4384
743
340
262
674
2030
311
12849
386
3348
8
7041
320
80095
4384
705
584
656
264
2132
32857
430
14242
422
279
27084
374
2536
40533
512
262
674
12361
11
584
1005
264
5410
3698
17720
532
15150
449
279
32857
3485
627
262
674
1789
264
27084
362
320
6414
40533
705
1202
45958
374
342
13
578
1396
315
5627
311
3820
264
2132
27084
426
85884
505
362
449
45958
55626
596
45958
284
70
374
512
262
674
256
320
17
48922
77
482
765
50
1596
91
5525
61
17
482
320
17
48922
77
12
91
50
1596
91
20312
16
8
220
1198
2360
11
420
4536
956
31439
824
45958
382
262
674
12361
11
279
4335
1749
374
24038
5865
439
1603
25
3839
369
1855
2449
3508
433
5900
311
362
11
426
477
14188
11
323
47376
1193
32272
1405
2225
362
323
426
527
2536
3274
323
45958
4444
11992
92389
5462
11992
70
627
262
674
1226
656
264
2380
21395
32857
25
369
1855
2449
11
433
374
304
362
11
304
426
11
477
304
14188
627
262
674
578
1614
374
320
3311
1928
4484
1596
11
1510
1928
4484
1702
570
1226
1390
1620
5415
1405
2225
362
8324
2536
3274
323
45958
1596
419
92389
1702
419
70
382
262
674
5560
2380
21395
32857
512
262
505
15661
1179
44008
271
262
674
9185
32857
25
320
70
16
11
342
17
8
1492
5627
198
262
11581
284
44008
1577
340
262
11581
9896
15
11
220
15
7400
284
220
16
220
674
1603
904
5540
11
2225
362
323
426
527
4384
320
92389
220
15
696
262
369
1661
304
10520
512
286
502
54972
284
44008
1577
340
286
369
320
70
32
11
342
33
705
5627
304
11581
9812
4019
310
674
11004
304
362
198
310
502
1928
32
284
45958
3348
32
11
1661
8
422
342
32
775
1661
198
310
502
1928
33
284
342
33
198
310
502
54972
9896
943
1928
32
11
502
1928
33
7400
284
320
943
54972
9896
943
1928
32
11
502
1928
33
7400
489
5627
8
1034
19186
198
310
674
11004
304
426
198
310
502
1928
32
17
284
342
32
198
310
502
1928
33
17
284
45958
3348
33
11
1661
8
422
342
33
775
1661
198
310
502
54972
9896
943
1928
32
17
11
502
1928
33
17
7400
284
320
943
54972
9896
943
1928
32
17
11
502
1928
33
17
7400
489
5627
8
1034
19186
198
310
674
11004
304
14188
198
310
502
54972
9896
70
32
11
342
33
7400
284
320
943
54972
9896
70
32
11
342
33
7400
489
5627
8
1034
19186
198
286
11581
284
502
54972
271
262
674
4800
1797
682
13006
1405
362
323
426
527
2225
2536
3274
323
617
6273
45958
284
342
198
262
2860
284
220
15
198
262
682
1928
284
743
746
262
369
1062
304
11581
9301
4019
286
342
32
11
342
33
284
1062
198
286
674
11995
7437
2536
40533
25
1205
520
3325
832
2449
304
362
323
832
304
426
198
286
674
1789
362
2536
40533
25
2011
617
12146
520
3325
832
2449
311
362
505
1063
1661
320
72
1770
2637
342
32
5947
15
323
539
279
2926
220
15
340
286
674
35339
369
426
198
286
674
2030
279
2926
1614
320
15
11
15
8
1193
19159
4384
7437
422
2646
12146
627
286
674
1226
3358
12849
369
1855
45958
907
342
279
1396
315
32272
1405
1620
45958
1596
624
45958
1702
624
342
323
2225
7437
2536
3274
198
286
674
2057
656
430
11
369
1855
45958
342
304
682
1928
430
8111
439
342
32
419
70
33
419
70
323
2225
1051
8813
4669
520
3325
832
16720
311
362
477
426
198
286
674
6914
596
6667
369
1855
342
279
5627
1405
45958
1596
419
70
323
45958
1702
419
70
323
520
3325
832
362
323
832
426
2449
12146
198
286
674
1226
649
656
264
2132
1522
512
262
505
15661
1179
44008
198
262
594
284
220
15
198
262
369
320
70
32
11
342
33
705
5627
304
11581
9812
4019
286
422
342
32
624
220
15
477
342
33
624
220
15
512
310
674
362
477
426
4384
520
842
1492
8482
198
310
3136
198
286
422
342
32
624
342
33
512
310
674
14998
311
6106
430
304
279
1853
11
520
3325
832
2449
4024
311
362
323
520
3325
832
311
426
198
310
674
2030
2533
584
15590
682
5540
11
422
342
32
976
15
323
584
3952
520
3325
832
16720
311
362
2391
32857
320
8370
584
1550
369
2536
38029
45958
705
1243
433
596
2764
198
310
674
4452
11
279
2926
320
15
11
15
8
649
3063
311
2536
38029
422
5540
4024
311
362
477
426
198
310
674
2057
387
6220
320
11536
279
3575
6944
2536
40533
75605
705
584
5042
1797
682
449
342
32
419
70
33
5947
15
198
310
594
284
320
417
489
5627
8
1034
19186
198
262
471
594
1034
19186
271
755
1797
5341
15880
37530
21777
25
1796
19155
2526
1492
528
512
262
3270
262
1115
374
279
7373
3318
8292
439
824
279
3575
4096
323
279
2631
7177
627
262
1102
5829
264
220
18
21395
32857
927
1855
2449
596
16720
311
362
11
426
477
14188
11
15194
320
92389
1596
11
45958
1702
4390
262
8442
13006
1405
2225
362
323
426
527
2536
40533
323
617
6273
45958
527
31094
320
10767
13840
4390
262
3270
262
471
1797
5341
15880
37530
35445
21777
696
2
578
6332
13438
734
320
1962
6982
304
279
4113
12223
11
719
5995
369
12579
7177
340
755
1797
5341
15880
37530
35445
21777
25
1796
19155
2526
1492
528
512
262
505
15661
1179
44008
198
262
19186
284
220
605
334
24
489
220
22
198
262
308
284
2479
21777
340
262
674
14853
21395
32857
25
1855
2449
1492
362
11
426
477
14188
198
262
11581
284
44008
1577
340
262
11581
9896
15
11
220
15
7400
284
220
16
220
674
1212
449
4384
362
323
426
198
262
369
1661
304
10520
512
286
502
54972
284
44008
1577
340
286
369
320
6885
11
48115
705
5627
304
11581
9812
4019
310
674
2057
362
198
310
502
1928
64
284
45958
3348
64
11
1661
8
422
13819
775
1661
198
310
502
89035
284
48115
198
310
502
54972
9896
943
1928
64
11
502
89035
7400
284
320
943
54972
9896
943
1928
64
11
502
89035
7400
489
5627
8
1034
19186
198
310
674
2057
426
198
310
502
1928
64
17
284
13819
198
310
502
89035
17
284
45958
3348
65
11
1661
8
422
48115
775
1661
198
310
502
54972
9896
943
1928
64
17
11
502
89035
17
7400
284
320
943
54972
9896
943
1928
64
17
11
502
89035
17
7400
489
5627
8
1034
19186
198
310
674
2057
14188
198
310
502
54972
9896
6885
11
48115
7400
284
320
943
54972
9896
6885
11
48115
7400
489
5627
8
1034
19186
198
286
11581
284
502
54972
198
262
674
8442
1797
32272
1405
2225
362
323
426
527
2536
40533
323
45958
4444
11992
92389
5462
11992
70
198
262
8261
284
220
15
198
262
369
320
6885
11
48115
705
5627
304
11581
9812
4019
286
422
13819
624
220
15
477
48115
624
220
15
512
310
3136
220
674
832
743
4384
1492
8482
198
286
422
13819
624
48115
512
310
674
2225
2536
40533
320
11536
13819
5947
15
323
48115
5947
15
340
310
8261
284
320
598
489
5627
8
1034
19186
198
262
471
8261
1034
19186
271
2
578
4113
7177
1288
1457
1522
13
578
13564
3485
41800
279
2926
13947
627
14196
4077
100265
198