100264
882
198
4518
279
2768
734
12223
323
4733
928
11
7373
4305
279
734
7633
323
1522
682
279
7177
13
3146
5989
4276
70765
3247
13916
50
13
57277
2675
1288
15411
279
2082
499
11041
304
264
67859
2082
2565
320
817
10103
33981
320
20670
690
33316
279
4113
5865
696
14196
4077
1527
20061
1179
1796
11
12536
11
25645
1432
755
1505
3631
3863
10370
1471
25
528
11
865
25
528
11
264
25
1796
19155
2526
1492
12536
20961
6189
19155
11
528
11
528
84420
262
4304
16644
459
7698
8668
362
323
459
7698
1630
11
1505
832
24657
315
15285
320
72
11
503
11
597
340
262
1778
430
512
262
482
220
16
2717
602
366
503
366
597
2717
308
198
262
482
362
1004
12
16
60
489
362
3894
12
16
60
489
362
6874
12
16
60
284
865
7361
262
7181
25
578
15285
6052
527
220
16
6108
320
90143
279
3575
5224
4390
1084
262
18161
512
286
308
25
578
3160
315
279
8668
320
18
2717
308
2717
220
605
61
21
340
286
865
25
578
2218
2694
320
16
2717
865
2717
220
605
61
21
340
286
264
25
578
7698
8668
1405
1855
2449
69001
220
16
2717
264
1004
60
2717
865
7361
262
5295
512
286
362
14743
320
72
11
503
11
597
8
315
220
16
6108
15285
422
1778
264
24657
6866
11
2290
6062
627
1084
262
12382
1505
3631
3863
10370
7
20
11
220
845
11
510
16
11
220
23
11
220
20
11
220
605
11
220
1032
2608
262
320
16
11
220
18
11
220
19
340
262
12382
1505
3631
3863
10370
7
20
11
220
508
11
510
16
11
220
23
11
220
20
11
220
605
11
220
1032
2608
262
2290
198
262
12382
1505
3631
3863
10370
7
18
11
220
21
11
510
17
11
220
17
11
220
17
2608
262
320
16
11
220
17
11
220
18
340
262
12713
755
1817
73121
997
262
674
3475
1162
220
16
198
262
2105
9322
7
20
11
220
845
11
510
16
11
220
23
11
220
20
11
220
605
11
220
1032
2526
624
320
16
11
220
18
11
220
19
340
1084
262
674
3475
1162
220
17
198
262
2105
9322
7
20
11
220
508
11
510
16
11
220
23
11
220
20
11
220
605
11
220
1032
2526
374
2290
7361
262
674
3475
1162
220
18
198
262
2105
9322
7
605
11
220
1041
931
11
510
22039
2287
11
220
21144
972
11
220
25021
2166
11
220
21776
972
11
220
23275
1691
11
220
16874
2437
11
220
13762
6281
11
220
9367
1490
11
220
16780
3264
11
220
25350
1114
2526
624
320
19
11
220
21
11
220
23
340
1084
262
674
3475
1162
220
19
198
262
2105
9322
7
605
11
220
2166
11
510
806
11
220
1591
11
220
845
11
220
21
11
220
1958
11
220
16
11
220
2790
11
220
16
11
220
868
11
220
17
2526
624
320
21
11
220
22
11
220
23
340
1084
262
674
3475
1162
220
20
198
262
2105
9322
7
18
11
220
20
11
510
16
11
220
17
11
220
18
2526
374
2290
7361
262
674
3475
1162
220
21
198
262
2105
9322
7
20
11
220
717
11
510
806
11
220
806
11
220
605
11
220
717
11
220
806
2526
374
2290
7361
262
674
3475
1162
220
22
198
262
2105
9322
7
22
11
220
19
11
510
17
11
220
18
11
220
19
11
220
17
11
220
17
11
220
17
11
220
19
2526
374
2290
7361
262
674
3475
1162
220
23
198
262
2105
9322
7
18
11
220
21
11
510
17
11
220
17
11
220
17
2526
624
320
16
11
220
17
11
220
18
340
1084
262
674
3475
1162
220
24
198
262
2105
9322
7
22
11
220
21
11
510
16
11
220
17
11
220
18
11
220
19
11
220
19
11
220
19
11
220
19
2526
624
320
16
11
220
17
11
220
18
340
1084
262
674
3475
1162
220
605
198
262
2105
9322
7
20
11
220
17
11
510
17
11
220
17
11
220
17
11
220
17
11
220
17
2526
374
2290
7361
262
2105
9322
7
20
11
220
845
11
510
16
11
220
23
11
220
20
11
220
605
11
220
1032
2526
374
2290
7361
262
674
3475
1162
220
806
198
262
2105
9322
7
21
11
220
18
11
510
16
11
220
16
11
220
16
11
220
16
11
220
16
11
220
16
2526
624
320
16
11
220
17
11
220
18
340
1084
262
674
3475
1162
220
717
198
262
1121
284
9322
7
605
11
220
1691
11
510
1691
11
220
777
11
220
508
11
220
777
11
220
508
11
220
1691
11
220
777
11
220
1691
11
220
777
11
220
777
2608
262
2105
1121
374
2290
7361
262
674
3475
1162
220
1032
198
262
2105
9322
7
18
11
220
1032
11
510
717
11
220
806
11
220
717
2526
374
2290
7361
262
674
3475
1162
220
975
198
262
2105
9322
7
20
11
220
1691
11
510
868
11
220
16
11
220
777
11
220
975
11
220
16
2526
624
320
17
11
220
18
11
220
20
340
1084
262
674
3475
1162
220
868
198
262
2105
9322
7
21
11
220
843
11
510
16
11
220
1114
11
220
16
11
220
966
11
220
717
11
220
605
2526
624
320
16
11
220
18
11
220
19
340
1084
262
674
3475
1162
220
845
198
262
2105
9322
7
18
11
220
2096
11
510
16
11
220
16
11
220
2983
2526
624
320
16
11
220
17
11
220
18
340
1084
262
674
3475
1162
220
1114
198
262
2105
9322
7
20
11
220
1682
11
510
17
11
220
16
11
220
1544
11
220
16
11
220
914
2526
624
320
17
11
220
18
11
220
19
340
1084
262
674
3475
1162
220
972
198
262
2105
9322
7
23
11
220
868
11
510
1032
11
220
717
11
220
605
11
220
806
11
220
975
11
220
16
11
220
16
11
220
1032
2526
624
320
16
11
220
21
11
220
22
340
1084
262
674
3475
1162
220
777
198
262
2105
9322
7
22
11
220
19
11
510
18
11
220
16
11
220
17
11
220
19
11
220
17
11
220
16
11
220
16
2526
624
320
17
11
220
18
11
220
21
340
1084
262
674
3475
1162
220
508
198
262
2105
9322
7
22
11
220
845
11
510
868
11
220
845
11
220
845
11
220
868
11
220
845
11
220
975
11
220
868
2526
374
2290
271
2
5560
1817
35043
3631
3863
10370
8
311
1629
7177
627
74694
100265
198
100264
78191
198
14196
4077
1527
20061
1179
1796
11
12536
11
25645
271
755
1505
3631
3863
10370
1471
25
528
11
865
25
528
11
264
25
1796
19155
2526
1492
12536
20961
6189
19155
11
528
11
528
84420
262
3270
262
51730
832
24657
315
15285
320
72
366
503
366
597
8
1778
430
264
1004
60
489
264
3894
60
489
264
6874
60
624
865
345
262
1701
220
16
6108
15285
320
72
11
503
11
597
705
1405
220
16
2717
602
366
503
366
597
2717
308
627
262
5295
264
14743
320
72
11
503
11
597
8
422
1778
264
24657
6866
11
6062
2290
627
262
3270
262
674
16347
449
4113
15285
369
507
1471
61
17
8
304
12047
1162
719
690
387
507
1471
1515
308
8
4245
311
17413
11000
10923
4216
1464
198
262
674
4452
11
2533
308
649
387
220
16
68
21
11
584
2011
1005
459
507
1471
61
17
8
12384
374
539
43303
11
719
279
3575
596
17413
304
7177
2873
71128
198
262
674
2030
279
3575
2795
220
18
2717
308
2717
220
16
68
21
11
779
507
1471
61
17
8
374
2288
6435
13
4452
11
279
4733
928
2795
220
16
2717
264
1004
60
2717
865
2717
220
16
68
21
627
262
674
2030
279
1296
5157
527
539
6908
11
323
279
11670
2380
58789
1306
1403
58789
5603
649
387
1511
1306
29373
11
719
1193
4375
422
279
1358
374
10839
627
262
674
4452
11
279
50765
1648
369
2678
1296
12562
374
2380
24997
30853
11
719
430
596
539
43303
369
3544
308
627
262
674
2030
3411
520
279
1296
5157
320
1985
220
23
11
220
24
11
220
868
11
220
1114
11
5099
25390
1063
527
1120
1176
2380
5540
13
4452
11
279
1193
43303
1648
304
4689
374
512
262
674
1789
1855
602
505
220
15
311
308
12
18
11
369
1855
503
505
602
10
16
311
308
12
17
11
12849
4460
597
6320
323
1005
8026
2778
320
269
1403
58789
422
10839
4390
262
674
2030
369
58423
323
311
1522
682
279
7177
11
584
649
1005
264
5286
743
369
1403
76911
369
1855
602
512
262
674
1789
1855
602
11
584
1427
369
1403
5219
4315
279
2800
430
2694
311
320
87
482
264
1004
62361
262
674
1115
374
507
1471
61
17
8
304
12047
1162
719
449
5286
14370
433
596
507
1471
61
17
8
1193
422
584
1541
956
3460
13
3161
10839
1358
489
1403
28554
11
433
596
507
1471
61
17
8
2103
7389
584
649
1005
1403
28554
627
262
674
2030
2533
279
3575
6276
308
709
311
220
16
68
21
11
323
279
1296
828
1253
387
34558
311
2187
459
507
1471
61
17
8
6425
311
1522
304
2678
308
11
584
649
656
279
5286
6108
1403
76911
369
1855
602
627
262
674
1115
374
507
1471
61
17
8
304
12047
1162
320
4908
682
5540
6273
705
719
369
279
2728
1296
743
433
1288
1522
382
262
674
2030
311
2567
433
4382
323
5043
320
11536
13325
374
6435
369
507
1471
61
17
5850
719
279
7177
527
539
6908
11
1005
1403
76911
5286
369
1855
602
627
262
674
55440
602
505
220
15
311
308
12
18
11
503
505
602
10
16
311
308
12
17
11
323
369
1855
6857
1817
422
264
1004
60
489
264
3894
60
489
264
6874
60
624
865
369
1063
597
94566
627
262
674
2030
430
596
2103
507
1471
61
18
570
2100
4619
11
369
1855
602
11
584
1205
311
1505
1403
15285
503
16539
54464
1778
430
264
3894
7727
64
6874
4938
5775
18064
627
262
674
2100
369
1855
602
11
12849
1323
284
865
482
264
1004
1145
1243
1427
369
1403
5219
1306
602
430
2694
311
1323
627
262
674
5560
264
5286
743
369
5540
1306
602
627
262
674
4452
11
449
308
28
16
68
21
11
420
374
507
1471
61
17
570
2030
7344
279
1296
828
374
539
430
2466
627
262
674
39578
11
3460
279
1358
449
15285
323
369
1855
602
11
1005
1403
28554
505
602
10
16
323
308
12
16
627
262
674
6914
596
4305
279
29373
10
20375
58789
5603
369
507
1471
61
17
8
719
304
6725
507
1471
61
17
8
374
2288
6435
369
220
16
68
21
11
719
7344
279
7177
1005
2678
308
627
262
674
39578
11
2728
279
1296
1162
220
868
25
320
16
11
18
11
19
705
279
1176
11
4948
11
11999
5540
2694
311
220
843
13
2100
584
649
656
512
262
674
1789
1855
602
304
2134
1471
12
17
997
262
674
262
369
503
304
2134
1998
10
16
11
308
12
16
997
262
674
286
4460
284
865
482
264
1004
60
482
264
3894
933
262
674
286
1243
1427
369
4460
304
264
6874
60
1405
597
94566
1701
264
743
13
2030
430
596
2103
507
1471
61
17
4390
262
9733
262
674
2030
584
2011
1522
279
1296
5157
13
8876
279
3575
596
4733
928
30202
220
18
8367
77
8367
16
68
21
11
719
279
5150
1296
828
1253
387
2678
627
262
674
8876
279
50765
24657
6471
927
602
76738
87186
374
507
1471
61
18
8
323
304
90377
1260
11
1095
596
1005
279
5286
743
1403
76911
1749
369
1855
602
382
262
2218
284
865
198
262
2961
284
264
78304
262
308
6171
284
2479
11179
340
262
594
284
2290
198
262
674
1789
1855
602
505
220
15
311
308
6171
12
18
198
262
369
602
304
2134
1471
6171
482
220
17
997
286
1323
58526
284
2218
482
2961
1004
933
286
674
4800
1205
1403
5219
1306
602
430
2694
311
1323
58526
198
286
3970
284
6587
368
220
674
907
1492
1963
198
286
369
503
304
2134
1998
489
220
16
11
308
6171
997
310
23606
284
1323
58526
482
2961
3894
933
310
422
23606
304
3970
512
394
597
284
3970
58
884
2833
933
394
422
503
366
597
25
220
674
6106
602
366
503
366
597
198
504
674
12595
320
72
11
503
11
597
8
7315
6108
11
5625
311
220
16
6108
198
504
471
320
72
489
220
16
11
503
489
220
16
11
597
489
220
16
340
310
775
512
394
3970
78556
3894
5163
284
503
198
262
674
1442
912
24657
1766
198
262
471
2290
198
14196
4077
100265
198
100264
882
271
7927
3766
4879
4745
279
7177
13
5810
596
279
1493
512
6687
1445
320
3646
3293
1650
1566
997
220
2958
36674
32
2005
71
40
15
71
19
17008
7345
498
1584
220
3965
11
304
366
4450
397
262
1817
35043
3631
3863
10370
340
220
2958
36674
32
2005
71
40
15
71
19
17008
7345
498
1584
220
966
11
304
1817
198
262
2105
9322
7
20
11
220
845
11
510
16
11
220
23
11
220
20
11
220
605
11
220
1032
2526
624
320
16
11
220
18
11
220
19
340
1881
6440
62824
62824
62824
62824
62824
62824
62824
62824
62824
62824
62824
22634
61
198
69739
1480
14963
1271
312
42612
11
420
374
701
3465
25
4557
279
2768
734
12223
323
4733
928
11
7373
4305
279
734
7633
323
1522
682
279
7177
13
3146
5989
4276
70765
3247
13916
50
13
57277
2675
1288
15411
279
2082
499
11041
304
264
67859
2082
2565
320
817
10103
33981
320
20670
690
33316
279
4113
5865
8
100265
198
100264
78191
198
14196
4077
1527
20061
1179
1796
11
12536
11
25645
271
755
1505
3631
3863
10370
1471
25
528
11
865
25
528
11
264
25
1796
19155
2526
1492
12536
20961
6189
19155
11
528
11
528
84420
262
3270
262
51730
279
15285
320
72
11
503
11
597
8
449
220
16
2717
602
366
503
366
597
2717
308
1778
430
279
2694
315
279
5540
198
262
520
1521
15285
17239
865
13
5295
264
220
16
6108
14743
315
15285
477
2290
422
912
1778
24657
6866
382
262
18161
512
286
308
320
396
1680
17736
315
279
1358
320
18
2717
308
2717
220
16
62
931
62
931
340
286
865
320
396
1680
13791
2694
320
16
2717
865
2717
220
16
62
931
62
931
340
286
264
320
861
19155
25312
2982
5540
320
16
2717
264
1004
60
2717
865
696
262
5295
512
286
12536
20961
6189
19155
11
528
11
528
5163
25
220
16
6108
15285
320
72
11
503
11
597
8
477
2290
198
262
3270
262
674
16347
5540
3235
449
872
4113
220
15
6108
15285
198
262
31681
284
10839
1209
838
11
7335
8
369
7335
11
1062
304
13555
2948
1192
262
2819
284
510
85
369
348
11
721
304
31681
933
262
15285
15
284
510
72
369
8523
602
304
31681
2595
262
674
55440
927
1855
3284
1176
2449
320
300
602
340
262
369
296
304
2134
1471
482
220
17
1680
220
674
296
374
279
1963
304
279
10839
1160
369
279
1176
2449
198
286
1062
5431
284
2819
12335
933
286
4460
284
865
482
1062
5431
198
286
674
4800
11
1505
1403
5540
1306
296
304
279
10839
1160
6832
2819
2694
311
364
41917
1270
286
2163
284
296
489
220
16
198
286
1314
284
308
482
220
16
198
286
1418
2163
366
1314
512
310
274
284
2819
47602
60
489
2819
54018
933
310
422
274
624
4460
512
394
674
2175
872
4113
15285
198
394
7335
16
284
15285
15
47602
933
394
7335
17
284
15285
15
54018
933
394
674
30379
814
2586
1306
279
4113
1963
296
198
394
674
2030
1606
315
279
3460
11
420
374
19883
422
2163
871
296
323
1314
871
296
198
394
674
4800
5625
311
220
16
6108
10093
323
2015
1124
12722
198
394
674
1226
1205
311
2472
1521
311
5150
10093
304
279
4113
1358
320
1962
279
10839
1160
340
394
674
2030
279
3575
6944
904
24657
1405
279
4113
15285
527
304
7859
2015
198
394
674
578
34553
961
25
584
1205
872
1972
10093
311
27651
602
15
366
503
15
366
597
15
198
394
674
2030
2533
584
527
1701
279
10839
1160
11
584
1120
1205
872
4113
15285
304
2015
198
394
674
2100
584
6667
279
2380
4113
15285
323
3460
1124
198
394
602
15
284
15285
15
12335
933
394
503
15
284
1332
20364
16
11
7335
17
340
394
597
15
284
1973
20364
16
11
7335
17
340
394
674
2030
3868
25
304
279
4113
1358
11
279
1972
10093
1253
539
387
304
2015
627
394
674
4452
11
279
16686
374
389
279
4113
1358
596
15285
25
220
16
6108
10093
2011
387
7859
198
394
674
2100
584
1205
311
1505
2380
15285
281
366
2874
366
436
304
279
4113
1358
1778
430
264
11661
60
489
264
42193
60
489
264
16523
60
624
865
198
394
674
578
10839
5603
1253
539
15803
281
366
2874
366
436
7389
18073
15884
627
394
674
12361
11
1095
596
656
264
2380
58789
389
4113
1358
449
4216
18808
369
4732
627
394
674
2030
4245
311
892
11
1095
596
656
264
5286
6108
1403
76911
369
1855
602
304
4113
1358
369
507
1471
61
17
8
719
3987
1296
5157
527
2678
627
394
674
2030
279
26731
1648
311
1522
682
1296
5157
439
304
279
6205
320
16
11
18
11
19
8
369
510
16
11
23
11
20
11
605
11
1032
60
2694
311
220
1187
5380
394
674
14144
11
220
16
10
20
10
972
30
2360
11
220
16
10
23
10
868
30
14144
279
6205
2795
1505
3631
3863
10370
7
20
11
845
11
510
16
11
23
11
20
11
605
11
1032
2526
4780
320
16
11
18
11
19
8
902
374
220
16
10
20
10
605
28
845
627
394
674
2100
279
1176
11
4948
11
323
11999
5540
320
15
6108
220
15
11
17
11
18
8
902
527
220
16
11
20
11
605
627
394
674
2057
1522
279
1296
11
1095
596
1005
279
10825
507
1471
61
18
8
374
2288
6435
11
779
1095
596
1005
264
5286
369
1855
602
512
394
674
2030
1095
596
1456
311
5155
279
3766
5603
25
584
1205
311
636
2380
353
10090
9
15285
304
2015
627
394
674
2100
1095
596
65198
81149
1193
602
11
1243
369
1855
602
1427
369
503
323
597
449
602
76738
87186
1701
5286
627
394
674
2030
304
279
2802
315
12579
279
1296
11
1095
596
1120
4305
279
4495
12496
369
279
6205
1473
394
674
34863
11
1095
596
656
264
2167
1817
369
279
6205
311
1522
320
11536
1296
220
23
374
320
16
11
17
11
18
8
369
510
17
11
17
11
17
1145
902
374
220
21
340
394
674
2100
1095
596
312
38025
2833
264
24657
24997
6471
719
1464
4216
994
3284
369
4732
304
2678
308
627
394
674
2030
369
58423
323
311
1522
682
7177
11
1618
596
264
4495
507
1471
61
18
8
320
483
544
5499
719
16609
2678
7177
7887
394
674
4452
11
279
1296
220
868
25283
320
16
11
18
11
19
8
449
2819
510
16
11
1114
11
16
11
966
11
717
11
605
933
394
674
220
16
10
16
10
966
284
220
843
13
2100
10093
220
15
11
17
11
18
320
16
6108
220
16
11
18
11
19
340
394
674
2100
584
649
656
25
369
602
304
220
15
497
77
12
18
11
369
503
304
602
10
16
497
77
12
17
11
369
597
304
503
10
16
497
77
12
16
11
1817
2694
627
394
674
2030
420
374
2288
6435
369
308
28
16
68
21
13
2030
279
1296
828
1253
617
2678
308
304
279
3984
7177
382
394
674
2057
1522
279
6205
7177
323
279
2728
6305
11
1618
596
264
15325
507
1471
61
17
8
6425
1701
1403
76911
369
1855
602
512
394
674
1226
690
1464
1306
1176
1766
24657
382
394
674
6914
596
656
433
10489
512
394
674
1789
1855
602
505
220
15
311
308
12
18
320
17483
520
3325
1403
1306
340
394
369
602
304
2134
1471
482
220
17
997
504
259
17
284
865
482
264
1004
933
504
674
4800
1505
503
16539
449
602
366
503
366
597
323
264
3894
7727
64
6874
60
624
259
17
198
504
3970
284
5731
504
369
503
304
2134
1998
489
220
16
11
308
997
667
1205
5487
74
284
259
17
482
264
3894
933
667
422
1205
5487
74
304
3970
512
1014
597
7406
284
3970
58
17483
5487
74
933
1014
422
503
366
597
7406
25
220
674
26420
602
366
503
366
597
198
1408
471
320
72
489
220
16
11
503
489
220
16
11
597
7406
489
220
16
340
667
3970
15848
3894
5163
284
503
198
394
471
2290
198
262
471
2290
198
14196
4077
14524
11
430
2103
1253
617
12496
6103
13
2057
15803
279
15285
8464
311
279
4113
1358
596
10093
304
7859
2015
11
279
4335
478
1648
320
4636
507
1471
30556
595
374
1473
2520
1855
602
505
220
15
311
308
12
18
512
262
1427
369
503
871
602
323
597
871
503
1778
430
264
1004
7727
64
3894
7727
64
6874
60
624
865
198
1687
649
1005
264
5286
369
1855
602
311
3637
5540
311
279
1314
323
1817
1403
76911
13
1115
374
507
1471
30556
705
719
369
279
3984
7177
902
527
2678
11
433
1288
990
382
8586
374
264
22514
6425
430
690
1522
682
279
2728
7177
1473
14196
4077
1527
20061
1179
1796
11
12536
11
25645
271
755
1505
3631
3863
10370
1471
25
528
11
865
25
528
11
264
25
1796
19155
2526
1492
12536
20961
6189
19155
11
528
11
528
84420
262
3270
262
51730
832
24657
315
4113
1358
15285
320
72
366
503
366
597
8
1778
430
279
2694
315
279
5540
198
262
520
1884
15285
17239
865
13
5295
264
14743
315
220
16
6108
15285
477
2290
422
912
1778
24657
6866
627
262
3270
262
674
14416
59768
311
2567
3839
315
4113
15285
198
262
3673
284
18305
838
11
7335
8
369
7335
11
1062
304
13555
2948
5680
262
674
16347
555
907
311
2187
1403
58789
2778
369
1855
1176
2449
198
262
3673
42377
284
10839
25331
8
220
674
3460
555
907
11
2567
4113
15285
198
262
2819
284
510
85
369
348
11
721
304
3673
42377
933
262
2780
18839
284
510
6495
369
8523
7335
304
3673
42377
933
262
296
284
2479
25331
42377
8
220
674
1890
439
308
271
262
674
1789
1855
3284
1176
2449
304
10839
2015
320
300
27137
602
340
262
369
4502
304
2134
1278
482
220
17
997
286
348
16
284
2819
58
6455
933
286
2218
60344
284
865
482
348
16
198
286
674
4800
2778
304
279
1207
1686
1306
4502
369
1403
5219
2694
5424
311
2218
60344
198
286
2163
284
4502
489
220
16
198
286
1314
284
296
482
220
16
198
286
1418
2163
366
1314
512
310
274
284
2819
47602
60
489
2819
54018
933
310
422
274
624
2218
60344
512
394
674
2175
872
4113
15285
198
394
7335
4404
284
2780
18839
47602
933
394
7335
890
284
2780
18839
54018
933
394
674
4800
2472
1521
4113
15285
1203
311
220
16
6108
323
6106
4502
596
4113
1963
366
1124
198
394
2780
42083
284
2780
18839
58
6455
933
394
674
578
2380
4113
15285
25
1205
311
387
304
2015
198
394
682
18839
284
510
4775
42083
11
7335
4404
11
7335
890
933
394
682
18839
10838
746
394
602
15
11
503
15
11
597
15
284
2472
18705
348
25
348
489
220
16
11
682
18839
8
220
674
220
16
6108
198
394
674
4343
422
814
527
13118
304
7859
2015
320
20670
1288
387
1306
29373
340
394
674
2030
311
27651
602
76738
87186
304
4113
1358
10093
11
2533
584
10839
11
433
596
3284
719
7344
539
26549
7859
422
2819
527
1890
198
394
674
4452
11
279
3575
1193
7612
279
220
16
6108
15285
311
8024
311
7859
10093
304
279
4113
1358
627
394
674
8876
584
10839
555
907
11
719
4113
10093
1253
539
387
10839
11
719
1306
34537
311
220
16
6108
323
29373
11
433
690
3041
2764
10093
198
394
674
7570
422
539
26549
304
279
4113
1358
2015
11
279
7177
2873
311
4287
279
1176
2764
24657
1766
555
907
29373
198
394
674
2100
471
439
374
198
394
471
320
72
15
11
503
15
11
597
15
340
310
4508
274
366
2218
60344
512
394
2163
1447
220
16
198
310
775
512
394
1314
6110
220
16
198
262
471
2290
198
14196
19884
4071
420
2643
2103
539
1522
682
7177
422
279
2015
315
4113
15285
4536
956
26549
7859
13
4452
11
3411
520
1296
220
23
320
18
11
21
11
510
17
11
17
11
17
9918
279
10839
1160
374
279
1890
439
4113
11
779
433
690
990
13
1789
1296
220
868
320
21
11
843
17706
16
11
1114
11
16
11
966
11
717
11
605
9918
279
1176
220
16
520
1963
15
11
1243
220
16
520
220
17
323
220
966
520
220
18
11651
6835
320
16
11
18
11
19
570
1115
1288
1522
382
4071
279
4495
323
45648
1648
430
8659
16609
682
279
2728
1296
5157
320
300
279
6205
25283
279
1176
2764
35062
555
907
29373
8
374
439
3485
382
11458
11
279
45648
65198
81149
430
4375
369
2678
308
320
11536
279
1296
828
4536
956
6908
8
323
16609
682
3984
7177
374
1473
14196
4077
1527
20061
1179
1796
11
12536
11
25645
271
755
1505
3631
3863
10370
1471
25
528
11
865
25
528
11
264
25
1796
19155
2526
1492
12536
20961
6189
19155
11
528
11
528
84420
262
3270
262
5295
220
16
6108
15285
320
72
11
503
11
597
8
1778
430
264
1004
12
16
60
489
264
3894
12
16
60
489
264
6874
12
16
60
624
865
449
220
16
2717
602
366
503
366
597
2717
308
627
262
1442
912
1778
24657
6866
11
4780
2290
627
262
3270
262
674
3320
1088
81149
24657
6471
719
449
4216
35508
994
3284
198
262
674
2057
1522
279
6205
1296
220
23
25
320
16
11
17
11
18
8
369
510
17
11
17
11
17
1145
902
37498
311
220
21
198
262
674
1789
8294
308
420
374
6435
719
369
279
1296
5157
2728
433
596
22281
198
262
369
602
304
2134
1471
482
220
17
997
286
369
503
304
2134
1998
489
220
16
11
308
482
220
16
997
310
369
597
304
2134
3406
489
220
16
11
308
997
394
422
264
1004
60
489
264
3894
60
489
264
6874
60
624
865
512
504
471
320
72
489
220
16
11
503
489
220
16
11
597
489
220
16
340
262
471
2290
198
14196
19884
4071
420
690
350
877
369
308
28
16
68
21
11
719
279
7177
8530
1005
2678
308
13
4452
11
279
4948
1296
304
279
10137
706
308
28
605
320
1985
220
1032
570
578
1176
3318
6425
430
16609
682
3984
7177
320
16564
279
6964
5157
8
1701
5286
2472
369
1403
76911
4871
279
1176
6471
374
2731
369
15374
719
2103
507
1471
30556
570
2030
1095
596
733
449
279
5286
6108
1403
76911
5603
369
1855
602
320
1820
1455
11297
4315
43303
7887
8586
374
279
4495
11297
6425
430
690
1522
682
7177
1473
14196
4077
1527
20061
1179
1796
11
12536
11
25645
271
755
1505
3631
3863
10370
1471
25
528
11
865
25
528
11
264
25
1796
19155
2526
1492
12536
20961
6189
19155
11
528
11
528
84420
262
3270
262
51730
264
24657
315
15285
320
72
11
503
11
597
8
320
16
6108
8
1778
430
264
1004
12
16
60
489
264
3894
12
16
60
489
264
6874
12
16
60
624
865
198
262
449
220
16
2717
602
366
503
366
597
2717
308
13
5295
264
14743
477
2290
422
912
1778
24657
6866
627
262
3270
262
2218
284
865
198
262
2961
284
264
198
262
296
284
2479
11179
340
262
674
1789
1855
3284
1176
1963
602
320
15
6108
340
262
369
602
304
2134
1278
482
220
17
997
286
1323
284
2218
482
2961
1004
933
286
674
4800
1427
369
1403
5219
1306
602
430
2694
311
1323
11
449
15285
871
602
198
286
3970
284
5731
286
369
503
304
2134
1998
489
220
16
11
296
997
310
1391
284
1323
482
2961
3894
933
310
422
1391
304
3970
512
394
597
7406
284
3970
58
5807
933
394
674
30379
503
366
597
7406
304
4113
1358
320
11536
602
366
503
366
597
340
394
674
9393
503
12992
323
597
7406
374
3766
11
422
503
366
597
7406
1243
10619
198
394
422
503
366
597
7406
512
504
674
3494
220
16
6108
15285
304
4495
2015
198
504
471
320
72
489
220
16
11
503
489
220
16
11
597
7406
489
220
16
340
310
674
3637
1510
503
596
907
369
3938
198
310
3970
78556
3894
5163
284
503
198
262
471
2290
198
14196
19884
2028
690
1522
682
279
2728
7177
1606
369
1296
220
23
320
543
220
17
82
705
994
602
28
15
11
503
28
16
11
1391
28
17
11651
3970
58
17
60
520
503
28
17
320
708
597
7406
28
17
705
323
503
28
16
366
220
17
11651
4780
320
16
11
17
11
18
570
1789
1296
220
868
11
30293
14035
279
1314
15285
13
1115
374
507
1471
30556
8
719
449
4216
4780
11
323
1288
1522
279
1296
16578
439
5439
13
100265
198
100264
882
271
7927
3766
4879
4745
279
7177
13
5810
596
279
1493
512
6687
1445
320
3646
3293
1650
1566
997
220
2958
36674
36
68
68777
3336
46
5981
21
7345
498
1584
220
9079
11
304
366
4450
397
262
1817
35043
3631
3863
10370
340
220
2958
36674
36
68
68777
3336
46
5981
21
7345
498
1584
220
966
11
304
1817
198
262
2105
9322
7
20
11
220
845
11
510
16
11
220
23
11
220
20
11
220
605
11
220
1032
2526
624
320
16
11
220
18
11
220
19
340
1881
6440
62824
62824
62824
62824
62824
62824
62824
62824
62824
62824
62824
22634
61
198
69739
1480
14963
1271
312
42612
11
420
374
701
3465
25
4557
279
2768
734
12223
323
4733
928
11
7373
4305
279
734
7633
323
1522
682
279
7177
13
3146
5989
4276
70765
3247
13916
50
13
57277
2675
1288
15411
279
2082
499
11041
304
264
67859
2082
2565
320
817
10103
33981
320
20670
690
33316
279
4113
5865
8
100265
198
100264
78191
198
14196
4077
1527
20061
1179
1796
11
12536
11
25645
271
755
1505
3631
3863
10370
1471
25
528
11
865
25
528
11
264
25
1796
19155
2526
1492
12536
20961
6189
19155
11
528
11
528
84420
262
3270
262
51730
15285
602
366
503
366
597
320
16
6108
8
1778
430
264
1004
12
16
60
489
264
3894
12
16
60
489
264
6874
12
16
60
624
865
627
262
5295
320
72
11
503
11
597
8
477
2290
422
912
1778
24657
6866
382
262
18161
512
286
308
320
396
1680
17736
315
279
8668
320
18
2717
308
2717
220
605
334
21
340
286
865
320
396
1680
13791
2694
320
16
2717
865
2717
220
605
334
21
340
286
264
320
861
19155
25312
578
8668
315
26864
320
16
2717
264
1004
60
2717
865
696
262
5295
512
286
12536
20961
6189
19155
11
528
11
528
5163
25
578
220
16
6108
15285
315
264
2764
24657
11
477
2290
627
262
3270
262
674
1226
1005
264
5286
743
369
507
1471
61
17
8
5178
11
719
304
6725
369
279
2728
7177
433
596
5043
3403
627
262
674
1789
1855
1176
1963
602
320
15
6108
705
584
1427
369
1403
3010
15285
503
11
597
449
602
366
503
366
597
198
262
674
323
264
1004
60
489
264
3894
60
489
264
6874
60
624
865
627
262
674
2057
656
420
30820
11
369
1855
602
584
3637
5540
311
279
1314
304
264
5286
2472
323
1427
369
279
1403
76911
627
262
674
1115
374
507
1471
61
17
8
304
12047
1162
11
719
690
1522
279
3984
2678
1296
5157
382
262
369
602
304
2134
1471
482
220
17
997
286
1323
20434
5431
284
865
482
264
1004
933
286
674
1226
1205
1403
5540
1306
602
6832
2694
374
1323
20434
5431
198
286
3970
284
5731
286
369
503
304
2134
1998
489
220
16
11
308
997
310
1205
284
1323
20434
5431
482
264
3894
933
310
422
1205
304
3970
512
394
597
284
3970
58
17483
933
394
674
30379
602
366
503
366
597
304
4113
15285
320
11536
503
12992
11
323
597
374
6931
304
279
6471
11
584
1817
503
366
597
340
394
422
503
366
597
512
504
674
7316
311
220
16
6108
15285
198
504
471
320
72
489
220
16
11
503
489
220
16
11
597
489
220
16
340
310
674
13896
1510
503
369
3938
602
198
310
3970
15848
3894
5163
284
503
198
262
674
2360
24657
1766
198
262
471
2290
198
14196
4077
100265
198