100264
882
198
4518
279
2768
734
12223
323
4733
928
11
7373
4305
279
734
7633
323
1522
682
279
7177
13
3146
5989
4276
70765
3247
13916
50
13
57277
2675
1288
15411
279
2082
499
11041
304
264
67859
2082
2565
320
817
10103
33981
320
20670
690
33316
279
4113
5865
696
14196
4077
1527
20061
1179
1796
1432
755
1973
10622
26387
25
1796
53094
19155
30716
1492
528
512
262
4304
16644
264
220
17
35
6303
315
6928
26864
11
3373
832
477
810
7917
1778
430
512
262
482
2360
1403
4183
7917
527
304
279
1890
2872
198
262
482
578
2819
304
279
4183
7917
527
5016
7361
262
3494
279
7340
2694
315
2819
499
649
11322
627
1084
262
18161
512
286
5950
25
362
220
17
35
1160
1405
220
16
2717
2479
26387
705
2479
26387
1004
2526
2717
220
605
323
220
16
2717
5950
1004
1483
73
60
2717
220
1041
7361
262
12382
1973
10622
28218
16
11
17
11
18
15304
19
11
18
11
17
15304
16
11
16
11
16
27829
262
220
23
198
262
12382
1973
10622
28218
23
11
22
11
21
15304
23
11
18
11
17
27829
262
220
868
198
262
12713
755
1817
73121
997
262
2105
9322
28218
16
11
17
11
18
15304
19
11
18
11
17
15304
16
11
16
11
16
30716
624
220
23
198
262
2105
9322
28218
23
11
22
11
21
15304
23
11
18
11
17
30716
624
220
868
198
262
2105
9322
28218
1041
11
220
22
11
220
19
1145
510
1484
11
220
23
11
220
19
1145
510
3264
11
220
19
11
220
17
1145
510
3534
11
220
20
11
220
16
1145
510
4161
11
220
23
11
220
22
1145
510
2721
11
220
16
11
220
605
1145
510
6281
11
220
20
11
220
20
1145
510
6365
11
220
19
11
220
18
1145
510
6083
11
220
21
11
220
17
1145
510
5925
11
220
605
11
220
22
30716
624
220
25875
198
262
2105
9322
28218
868
11
22
11
605
11
21
15304
972
11
806
11
605
11
777
15304
17
11
806
11
717
11
972
30716
624
220
4103
198
262
2105
9322
28218
868
11
22
11
17
11
605
15304
605
11
605
11
22
11
22
15304
22
11
972
11
1032
11
1032
30716
624
220
3391
198
262
2105
9322
28218
18
11
220
17
11
220
19
11
220
20
11
220
16
1145
510
24
11
220
21
11
220
23
11
220
22
11
220
605
30716
624
220
868
198
262
2105
9322
28218
22
11
220
17
11
220
21
11
220
18
11
220
20
11
220
23
11
220
16
11
220
19
1145
510
24
11
220
1032
11
220
868
11
220
975
11
220
806
11
220
845
11
220
605
11
220
717
1145
510
1114
11
220
1691
11
220
972
11
220
1419
11
220
777
11
220
1313
11
220
508
11
220
1187
1145
510
843
11
220
914
11
220
1627
11
220
1544
11
220
1591
11
220
1682
11
220
2148
11
220
966
1145
510
1927
11
220
1806
11
220
2137
11
220
1272
11
220
1958
11
220
1987
11
220
1758
11
220
1644
1145
510
2790
11
220
2618
11
220
2983
11
220
3391
11
220
1774
11
220
3174
11
220
2166
11
220
2096
30716
624
220
8953
198
262
2105
9322
28218
845
11
972
15304
508
11
508
15304
972
11
972
15304
16
11
868
30716
624
220
3076
198
262
2105
9322
28218
22
11
972
11
972
15304
17
11
508
11
17
15304
20
11
16
11
868
30716
624
220
4331
198
262
2105
9322
28218
972
11
16
15304
605
11
1032
30716
624
220
2148
198
262
2105
9322
28218
5833
11
220
16
1145
510
16
11
220
5547
30716
624
220
9591
198
262
2105
9322
28218
24
11
777
15304
806
11
18
30716
624
220
966
198
262
2105
9322
28218
868
11
868
11
24
11
868
30716
624
220
868
198
262
2105
9322
28218
1032
11
975
11
975
15304
975
11
972
11
972
15304
508
11
975
11
508
15304
508
11
19
11
975
30716
624
220
2397
198
262
2105
9322
28218
20
11
220
22
11
220
21
11
220
20
11
220
1041
11
220
16
11
220
21
11
220
16
11
220
17
1145
510
21
11
220
16
11
220
23
11
220
18
11
220
22
11
220
21
11
220
18
11
220
22
11
220
18
1145
510
16
11
220
19
11
220
16
11
220
17
11
220
20
11
220
18
11
220
19
11
220
22
11
220
19
1145
510
20
11
220
21
11
220
21
11
220
21
11
220
20
11
220
605
11
220
16
11
220
22
11
220
20
1145
510
17
11
220
23
11
220
19
11
220
17
11
220
24
11
220
605
11
220
17
11
220
16
11
220
23
1145
510
16
11
220
18
11
220
16
11
220
19
11
220
24
11
220
20
11
220
605
11
220
21
11
220
23
1145
510
20
11
220
24
11
220
18
11
220
23
11
220
20
11
220
22
11
220
21
11
220
16
11
220
20
1145
510
605
11
220
24
11
220
23
11
220
22
11
220
21
11
220
24
11
220
23
11
220
22
11
220
18
30716
624
220
10161
198
262
2105
9322
28218
22
11
21
15304
777
11
23
15304
868
11
22
30716
624
220
3174
198
262
2105
9322
28218
17
11
220
16
11
220
20
11
220
19
11
220
18
1145
510
22
11
220
24
11
220
605
11
220
21
11
220
23
1145
510
1032
11
220
717
11
220
975
11
220
806
11
220
868
1145
510
777
11
220
972
11
220
845
11
220
508
11
220
1114
1145
510
1187
11
220
1419
11
220
1313
11
220
1691
11
220
914
1145
510
966
11
220
1591
11
220
1682
11
220
1627
11
220
1544
1145
510
1758
11
220
2148
11
220
1958
11
220
843
11
220
1644
1145
510
1272
11
220
1987
11
220
1927
11
220
2137
11
220
1806
1145
510
2983
11
220
3391
11
220
3174
11
220
1774
11
220
2096
1145
510
2491
11
220
2618
11
220
2790
11
220
2166
11
220
1135
30716
624
220
14417
198
262
2105
9322
28218
1041
11
220
23
11
220
23
11
220
19
11
220
605
11
220
16
11
220
23
11
220
23
11
220
21
1145
510
1484
11
220
19
11
220
22
11
220
22
11
220
19
11
220
19
11
220
22
11
220
18
11
220
24
1145
510
3264
11
220
23
11
220
18
11
220
20
11
220
17
11
220
16
11
220
19
11
220
22
11
220
605
1145
510
3534
11
220
21
11
220
605
11
220
18
11
220
21
11
220
605
11
220
18
11
220
17
11
220
23
30716
624
220
20077
198
262
2105
9322
28218
1682
11
1958
11
1758
11
1806
11
3391
11
1954
15304
1958
11
1958
11
1758
11
1806
11
3391
11
1954
15304
1758
11
1758
11
1758
11
1806
11
3391
11
1954
15304
1806
11
1806
11
1806
11
1806
11
3391
11
1954
15304
3391
11
3391
11
3391
11
3391
11
3391
11
1954
15304
1954
11
1954
11
1954
11
1954
11
1954
11
1954
30716
624
220
16332
198
262
2105
9322
28218
23
11
21
11
508
11
806
15304
845
11
845
11
24
11
806
30716
624
220
1927
198
262
2105
9322
28218
19
11
20
11
21
11
22
15304
19
11
20
11
21
11
22
15304
16
11
17
11
18
11
23
15304
16
11
17
11
18
11
23
30716
624
220
1187
198
262
2105
9322
28218
20
11
220
22
11
220
21
11
220
20
11
220
1041
11
220
16
11
220
21
11
220
16
11
220
17
1145
510
21
11
220
16
11
220
23
11
220
18
11
220
22
11
220
21
11
220
18
11
220
22
11
220
18
1145
510
16
11
220
19
11
220
16
11
220
17
11
220
20
11
220
18
11
220
19
11
220
22
11
220
19
1145
510
20
11
220
21
11
220
21
11
220
21
11
220
20
11
220
605
11
220
16
11
220
22
11
220
20
1145
510
17
11
220
23
11
220
19
11
220
17
11
220
24
11
220
605
11
220
17
11
220
16
11
220
23
1145
510
16
11
220
18
11
220
16
11
220
19
11
220
24
11
220
20
11
220
605
11
220
21
11
220
23
1145
510
20
11
220
24
11
220
18
11
220
23
11
220
20
11
220
22
11
220
21
11
220
16
11
220
20
1145
510
605
11
220
24
11
220
23
11
220
22
11
220
21
11
220
24
11
220
23
11
220
22
11
220
18
30716
624
220
3965
198
262
2105
9322
28218
868
11
1114
11
1187
11
914
11
2946
11
5958
11
1954
15304
1114
11
1114
11
1187
11
914
11
2946
11
5958
11
1954
15304
1187
11
1187
11
1187
11
914
11
2946
11
5958
11
1954
15304
914
11
914
11
914
11
914
11
2946
11
5958
11
1954
15304
2946
11
2946
11
2946
11
2946
11
2946
11
5958
11
1954
15304
5958
11
5958
11
5958
11
5958
11
5958
11
5958
11
1954
15304
1954
11
1954
11
1954
11
1954
11
1954
11
1954
11
1954
30716
624
220
13236
198
262
2105
9322
28218
3534
30716
624
220
3534
198
262
2105
9322
28218
5728
11
220
5728
11
220
5728
11
220
5728
11
220
5728
11
220
5728
1145
510
5728
11
220
5728
11
220
5728
11
220
5728
11
220
5728
11
220
5728
1145
510
5728
11
220
5728
11
220
5728
11
220
5728
11
220
5728
11
220
5728
1145
510
5728
11
220
5728
11
220
5728
11
220
5728
11
220
5728
11
220
5728
30716
624
220
5728
198
262
2105
9322
28218
16
11
220
17
11
220
18
11
220
19
11
220
20
11
220
21
11
220
22
11
220
23
11
220
24
11
220
605
1145
510
16
11
220
17
11
220
18
11
220
19
11
220
20
11
220
21
11
220
22
11
220
23
11
220
24
11
220
605
1145
510
16
11
220
17
11
220
18
11
220
19
11
220
20
11
220
21
11
220
22
11
220
23
11
220
24
11
220
605
1145
510
16
11
220
17
11
220
18
11
220
19
11
220
20
11
220
21
11
220
22
11
220
23
11
220
24
11
220
605
1145
510
16
11
220
17
11
220
18
11
220
19
11
220
20
11
220
21
11
220
22
11
220
23
11
220
24
11
220
605
1145
510
16
11
220
17
11
220
18
11
220
19
11
220
20
11
220
21
11
220
22
11
220
23
11
220
24
11
220
605
1145
510
16
11
220
17
11
220
18
11
220
19
11
220
20
11
220
21
11
220
22
11
220
23
11
220
24
11
220
605
1145
510
16
11
220
17
11
220
18
11
220
19
11
220
20
11
220
21
11
220
22
11
220
23
11
220
24
11
220
605
1145
510
16
11
220
17
11
220
18
11
220
19
11
220
20
11
220
21
11
220
22
11
220
23
11
220
24
11
220
605
1145
510
16
11
220
17
11
220
18
11
220
19
11
220
20
11
220
21
11
220
22
11
220
23
11
220
24
11
220
605
30716
624
220
2131
198
262
2105
9322
28218
717
11
868
11
1187
11
1644
11
1806
11
3487
11
4643
11
4218
11
4578
15304
868
11
868
11
1187
11
1644
11
1806
11
3487
11
4643
11
4218
11
4578
15304
1187
11
1187
11
1187
11
1644
11
1806
11
3487
11
4643
11
4218
11
4578
15304
1644
11
1644
11
1644
11
1644
11
1806
11
3487
11
4643
11
4218
11
4578
15304
1806
11
1806
11
1806
11
1806
11
1806
11
3487
11
4643
11
4218
11
4578
15304
3487
11
3487
11
3487
11
3487
11
3487
11
3487
11
4643
11
4218
11
4578
15304
4643
11
4643
11
4643
11
4643
11
4643
11
4643
11
4643
11
4218
11
4578
15304
4218
11
4218
11
4218
11
4218
11
4218
11
4218
11
4218
11
4218
11
4578
15304
4578
11
4578
11
4578
11
4578
11
4578
11
4578
11
4578
11
4578
11
4578
30716
624
220
19852
198
262
2105
9322
28218
605
11
220
20
11
220
23
11
220
21
1145
510
16
11
220
18
11
220
16
11
220
22
1145
510
17
11
220
16
11
220
24
11
220
22
30716
624
220
1627
198
262
2105
9322
28218
24
15304
508
30716
624
220
1682
198
262
2105
9322
28218
17
11
220
508
11
220
1987
1145
510
2096
11
220
23
11
220
1272
1145
510
975
11
220
18
11
220
18
1145
510
1544
11
220
1758
11
220
1691
1145
510
966
11
220
975
11
220
868
30716
624
220
10718
198
262
2105
9322
28218
19
11
220
18
1145
510
17
11
220
16
30716
624
220
21
198
262
2105
9322
28218
1041
11
1484
11
3264
11
3534
11
4161
11
2721
11
6281
11
6365
11
6083
11
5925
15304
1484
11
3264
11
3534
11
4161
11
2721
11
6281
11
6365
11
6083
11
5925
11
1954
15304
3264
11
3534
11
4161
11
2721
11
6281
11
6365
11
6083
11
5925
11
1954
11
4578
15304
3534
11
4161
11
2721
11
6281
11
6365
11
6083
11
5925
11
1954
11
4578
11
2421
15304
4161
11
2721
11
6281
11
6365
11
6083
11
5925
11
1954
11
4578
11
2421
11
4044
15304
2721
11
6281
11
6365
11
6083
11
5925
11
1954
11
4578
11
2421
11
4044
11
4218
15304
6281
11
6365
11
6083
11
5925
11
1954
11
4578
11
2421
11
4044
11
4218
11
5313
15304
6365
11
6083
11
5925
11
1954
11
4578
11
2421
11
4044
11
4218
11
5313
11
5833
15304
6083
11
5925
11
1954
11
4578
11
2421
11
4044
11
4218
11
5313
11
5833
11
6069
15304
5925
11
1954
11
4578
11
2421
11
4044
11
4218
11
5313
11
5833
11
6069
11
6086
30716
624
220
25875
198
262
2105
9322
28218
717
11
717
15304
19
11
19
15304
717
11
717
30716
624
220
845
198
262
2105
9322
28218
21
11
605
30716
624
220
605
198
262
2105
9322
28218
24
11
2813
15304
2813
11
2813
30716
624
220
4218
198
262
2105
9322
28218
777
11
972
15304
16
11
975
15304
19
11
975
30716
624
220
1806
198
262
2105
9322
28218
1954
11
3076
11
1419
11
2287
11
6069
11
2397
11
3534
11
4643
11
1419
11
2983
15304
2721
11
18
11
4103
11
1484
11
4331
11
1544
11
2421
11
972
11
2031
11
1490
15304
914
11
2618
11
1135
11
508
11
17
11
1774
11
4370
11
1041
11
2287
11
1691
15304
5958
11
2166
11
4331
11
3534
11
2137
11
5728
11
18
11
972
11
2495
11
22
15304
3264
11
6086
11
3076
11
777
11
3391
11
2137
11
1682
11
23
11
3534
11
914
15304
6281
11
2495
11
6281
11
17
11
2491
11
22
11
5547
11
2137
11
5932
11
2096
15304
6086
11
843
11
2031
11
22
11
1041
11
3226
11
6028
11
975
11
1041
11
3487
15304
2166
11
2970
11
4044
11
966
11
1644
11
3487
11
1774
11
508
11
2618
11
4767
15304
5495
11
4044
11
868
11
1114
11
2287
11
4161
11
4044
11
605
11
914
11
1627
15304
3534
11
2614
11
4578
11
508
11
1313
11
5495
11
2721
11
1135
11
3534
11
6365
30716
624
220
25454
198
262
2105
9322
28218
18
11
24
11
508
11
1806
11
2096
15304
24
11
24
11
508
11
1806
11
2096
15304
508
11
508
11
508
11
1806
11
2096
15304
1806
11
1806
11
1806
11
1806
11
2096
15304
2096
11
2096
11
2096
11
2096
11
2096
30716
624
220
8190
198
262
2105
9322
28218
16
11
220
16
11
220
16
11
220
16
11
220
16
11
220
16
11
220
16
11
220
16
11
220
16
11
220
16
1145
510
17
11
220
17
11
220
17
11
220
17
11
220
17
11
220
17
11
220
17
11
220
17
11
220
17
11
220
17
1145
510
18
11
220
18
11
220
18
11
220
18
11
220
18
11
220
18
11
220
18
11
220
18
11
220
18
11
220
18
1145
510
19
11
220
19
11
220
19
11
220
19
11
220
19
11
220
19
11
220
19
11
220
19
11
220
19
11
220
19
1145
510
20
11
220
20
11
220
20
11
220
20
11
220
20
11
220
20
11
220
20
11
220
20
11
220
20
11
220
20
1145
510
21
11
220
21
11
220
21
11
220
21
11
220
21
11
220
21
11
220
21
11
220
21
11
220
21
11
220
21
1145
510
22
11
220
22
11
220
22
11
220
22
11
220
22
11
220
22
11
220
22
11
220
22
11
220
22
11
220
22
1145
510
23
11
220
23
11
220
23
11
220
23
11
220
23
11
220
23
11
220
23
11
220
23
11
220
23
11
220
23
1145
510
24
11
220
24
11
220
24
11
220
24
11
220
24
11
220
24
11
220
24
11
220
24
11
220
24
11
220
24
1145
510
605
11
220
605
11
220
605
11
220
605
11
220
605
11
220
605
11
220
605
11
220
605
11
220
605
11
220
605
30716
624
220
2131
198
262
2105
9322
28218
20
15304
17
15304
868
30716
624
220
1313
198
262
2105
9322
28218
1313
11
220
1313
11
220
1313
11
220
1313
11
220
1313
11
220
1313
11
220
1313
1145
510
1313
11
220
1313
11
220
1313
11
220
1313
11
220
1313
11
220
1313
11
220
1313
1145
510
1313
11
220
1313
11
220
1313
11
220
1313
11
220
1313
11
220
1313
11
220
1313
1145
510
1313
11
220
1313
11
220
1313
11
220
1313
11
220
1313
11
220
1313
11
220
1313
1145
510
1313
11
220
1313
11
220
1313
11
220
1313
11
220
1313
11
220
1313
11
220
1313
1145
510
1313
11
220
1313
11
220
1313
11
220
1313
11
220
1313
11
220
1313
11
220
1313
1145
510
1313
11
220
1313
11
220
1313
11
220
1313
11
220
1313
11
220
1313
11
220
1313
1145
510
1313
11
220
1313
11
220
1313
11
220
1313
11
220
1313
11
220
1313
11
220
1313
1145
510
1313
11
220
1313
11
220
1313
11
220
1313
11
220
1313
11
220
1313
11
220
1313
30716
624
220
1313
198
262
2105
9322
28218
806
11
1627
11
3226
15304
1627
11
1627
11
3226
15304
3226
11
3226
11
3226
30716
624
220
6281
198
262
2105
9322
28218
16
11
19
11
972
11
2148
11
2983
11
2096
11
1135
11
5495
11
6069
11
4218
15304
19
11
19
11
972
11
2148
11
2983
11
2096
11
1135
11
5495
11
6069
11
4218
15304
972
11
972
11
972
11
2148
11
2983
11
2096
11
1135
11
5495
11
6069
11
4218
15304
2148
11
2148
11
2148
11
2148
11
2983
11
2096
11
1135
11
5495
11
6069
11
4218
15304
2983
11
2983
11
2983
11
2983
11
2983
11
2096
11
1135
11
5495
11
6069
11
4218
15304
2096
11
2096
11
2096
11
2096
11
2096
11
2096
11
1135
11
5495
11
6069
11
4218
15304
1135
11
1135
11
1135
11
1135
11
1135
11
1135
11
1135
11
5495
11
6069
11
4218
15304
5495
11
5495
11
5495
11
5495
11
5495
11
5495
11
5495
11
5495
11
6069
11
4218
15304
6069
11
6069
11
6069
11
6069
11
6069
11
6069
11
6069
11
6069
11
6069
11
4218
15304
4218
11
4218
11
4218
11
4218
11
4218
11
4218
11
4218
11
4218
11
4218
11
4218
30716
624
220
16460
271
2
5560
1817
8913
10622
8
311
1629
7177
627
74694
100265
198
100264
78191
198
14196
4077
1527
20061
1179
1796
271
755
1973
10622
26387
25
1796
53094
19155
30716
1492
528
512
262
674
21153
682
5016
5219
505
279
4553
5950
198
262
5016
9324
284
743
746
262
369
2872
304
5950
512
286
5016
9324
5430
7991
340
262
674
16347
5016
2819
304
44184
2015
311
3820
279
7928
1176
198
262
2819
284
10839
54540
9324
11
10134
3702
340
1084
262
674
1789
1855
2872
11
1977
279
743
315
8310
430
617
1855
5016
907
198
262
674
2872
9324
1004
60
374
279
743
315
8310
320
6361
15285
8
1405
907
1595
3745
1004
60
63
8111
304
430
2872
198
262
2872
3220
38319
284
4260
262
369
436
304
5950
512
286
2872
2667
284
743
746
286
369
7335
11
1062
304
13555
2666
997
310
422
1062
304
2819
512
394
2872
2667
1388
1209
81
11
7335
595
220
674
3637
2872
1963
323
3330
1963
439
264
14743
198
286
674
1912
555
907
198
286
2872
5356
284
5731
286
369
320
654
7406
11
1400
7406
705
1062
304
2872
2667
512
310
422
1062
539
304
2872
5356
512
394
2872
5356
69550
60
284
743
746
310
2872
5356
69550
948
723
20184
7406
340
286
2872
3220
38319
2102
7991
5356
340
1084
262
308
11189
284
2479
26387
340
262
674
32857
2007
25
11581
1004
1483
74
60
284
1973
2694
1701
1176
602
7123
11
19301
597
12742
2819
320
1527
2819
3530
74
2608
262
674
1226
1005
597
439
1396
315
12146
5016
2819
320
1962
1396
315
7917
340
262
1973
4803
284
2479
20706
340
262
11581
284
4416
3733
14996
13885
52128
353
320
2880
4803
489
220
16
8
369
721
304
2134
1471
11189
489
220
16
5680
262
11581
58
15
1483
15
60
284
220
15
220
674
220
15
7123
1511
11
220
15
2819
12146
11
2694
220
15
7361
262
369
602
304
2134
7
16
11
308
11189
489
220
16
997
286
369
503
304
2134
7
16
11
1973
4803
489
220
16
997
310
674
1789
2872
602
12
16
320
15
6108
705
1456
311
3820
503
12742
2819
11
832
505
1855
907
304
2819
3530
73
933
310
674
323
814
2011
387
304
2204
8310
198
310
674
2057
656
420
11
369
1855
3284
27084
315
503
8310
320
28536
705
1817
422
584
649
3373
832
824
907
198
310
674
2030
430
596
2288
6435
369
452
29
605
11
779
4619
25
30729
927
682
2819
304
2819
3530
73
60
323
1456
311
3820
832
824
2872
198
310
674
1226
1005
92061
32857
477
57080
449
1203
45653
2533
308
11189
11
308
26416
2717
605
198
310
674
2030
369
40075
320
438
22281
369
2678
308
705
1456
682
75605
315
8310
369
1510
2872
198
310
2872
5356
284
2872
3220
38319
1004
12
16
933
310
17433
1265
8698
284
1160
7991
5356
9301
2189
422
2872
5356
775
4260
310
308
26416
284
2479
71277
1265
8698
340
310
674
1789
1855
27084
315
8310
315
1404
503
320
4174
315
12146
2819
340
310
505
42431
1179
28559
198
310
1973
5595
25910
8698
284
220
15
198
310
369
1400
48632
304
28559
23147
1471
26416
705
503
997
394
2764
284
3082
198
394
12146
10370
284
220
15
198
394
4183
30650
284
4260
394
369
272
304
1400
48632
512
504
1062
284
1160
7991
5356
10883
67700
66
60
220
674
2876
279
1314
13021
11
2011
312
1816
4999
504
674
34863
11
369
1855
3330
272
304
1400
48632
11
1817
422
904
907
304
2872
5356
706
1400
272
198
504
674
12361
11
1095
596
369
1855
907
304
2819
3530
73
1145
1518
422
584
649
3820
832
304
420
2872
323
304
1400
48632
198
504
674
34863
11
279
2872
5356
14370
2819
311
7437
315
8310
1405
814
5101
304
420
2872
198
504
674
2100
369
1855
907
304
2819
3530
73
1145
584
1390
7041
832
3330
304
1400
48632
198
504
674
1115
374
264
29978
472
635
12864
3575
25
2819
6296
8310
198
504
674
2100
1095
596
1456
682
3284
832
26005
22657
369
1855
907
320
1445
45653
340
504
674
2030
420
690
387
6435
13
6914
596
656
57080
369
7928
2819
1176
430
3073
304
1400
48632
198
504
674
1789
40075
320
438
279
17413
527
2678
705
1095
596
1120
30729
3284
28559
315
503
2819
3118
304
2872
5356
198
504
674
34863
11
1095
596
656
264
2731
2683
512
504
674
1226
1390
311
5268
7041
503
2819
320
1527
2819
3530
73
9918
832
369
1855
11
304
12742
8310
304
1400
48632
198
504
674
2100
369
1855
907
304
2819
3530
73
1145
422
1202
8310
2997
904
304
1400
48632
11
3820
832
198
504
674
1115
374
16720
11
779
1095
596
1456
682
3284
32272
320
1445
45653
340
504
674
2030
1095
596
4619
369
1855
907
304
2819
3530
73
1145
1518
422
433
706
264
3330
304
1400
48632
11
323
2694
279
7928
3284
198
504
674
1226
3358
656
264
57080
25
369
1855
907
304
2819
3530
73
60
304
44184
2015
11
422
832
315
1202
8310
374
304
1400
48632
11
1935
279
1973
3330
198
504
2798
284
5731
504
9861
284
743
20184
48632
340
504
1510
10370
284
220
15
198
504
3284
284
3082
198
504
369
1062
304
2819
3530
73
10556
667
422
1062
539
304
2872
5356
512
1014
3284
284
3641
198
1014
1464
198
667
674
3820
279
3330
304
2872
5356
69550
60
430
596
1101
304
1400
48632
11
323
35608
279
907
30
2360
11
279
907
374
8521
439
1062
198
667
674
34863
11
907
520
430
2849
374
1062
11
719
279
3330
1193
13146
369
60157
824
2872
198
667
674
2100
1120
3820
904
2561
3330
369
420
907
198
667
17433
284
1160
7991
5356
69550
2608
667
32896
284
510
66
369
272
304
17433
422
272
304
9861
933
667
422
539
32896
512
1014
3284
284
3641
198
1014
1464
198
667
674
5268
904
320
11536
682
617
1890
907
11
1935
1176
340
667
12146
669
284
32896
58
15
933
667
1510
10370
1447
1062
198
667
9861
4955
7672
8477
669
340
667
2798
69550
60
284
12146
669
198
504
422
3284
323
2479
9957
8
624
503
512
667
1973
5595
25910
8698
284
1973
8913
5595
25910
8698
11
1510
10370
340
310
11581
1004
1483
73
60
284
1973
35899
1004
12
16
1483
73
1145
11581
1004
12
16
1483
73
12
16
60
489
1973
5595
25910
8698
340
262
674
578
4320
374
279
1973
927
682
597
505
220
15
311
2479
54540
9324
340
262
471
1973
35899
7824
11189
1483
74
60
369
597
304
2134
7
16
11
2479
54540
9324
7405
16
1192
14196
4077
100265
198
100264
882
271
7927
3766
4879
4745
279
7177
13
5810
596
279
1493
512
6687
1445
320
3646
3293
1650
1566
997
220
2958
36674
42
48
57
98088
48414
35
22
7345
498
1584
220
11286
11
304
366
4450
397
262
1817
8913
10622
340
220
2958
36674
42
48
57
98088
48414
35
22
7345
498
1584
220
1691
11
304
1817
198
262
2105
9322
28218
16
11
17
11
18
15304
19
11
18
11
17
15304
16
11
16
11
16
30716
624
220
23
198
1881
6440
62824
62824
62824
62824
62824
62824
62824
62824
22634
61
198
220
2958
36674
42
48
57
98088
48414
35
22
7345
498
1584
220
5932
11
304
1973
10622
198
262
2872
2667
1388
1209
81
11
7335
595
220
674
3637
2872
1963
323
3330
1963
439
264
14743
198
262
6440
62824
62824
62824
62824
62824
198
81176
25
653
8460
481
955
25
364
1638
6
14963
1271
312
42612
11
420
374
701
3465
25
4557
279
2768
734
12223
323
4733
928
11
7373
4305
279
734
7633
323
1522
682
279
7177
13
3146
5989
4276
70765
3247
13916
50
13
57277
2675
1288
15411
279
2082
499
11041
304
264
67859
2082
2565
320
817
10103
33981
320
20670
690
33316
279
4113
5865
8
100265
198
100264
78191
198
14196
4077
1527
20061
1179
1796
271
755
1973
10622
26387
25
1796
53094
19155
30716
1492
528
512
262
3270
262
16644
264
220
17
35
5950
315
6928
26864
11
3373
264
27084
315
7917
1778
430
512
262
482
2360
1403
4183
7917
527
304
279
1890
2872
198
262
482
2052
4183
2819
527
5016
320
2201
11763
5219
4315
4183
7917
340
262
578
16945
374
311
35608
279
2694
315
279
4183
2849
2819
382
262
1115
374
13890
311
279
16720
3575
1405
1855
2849
304
264
2872
649
387
12146
720
262
422
1202
907
374
539
1511
304
1023
7123
11
323
584
1390
311
3820
279
7928
3284
198
262
5016
2819
11
832
824
2872
323
824
907
382
262
578
23669
5603
512
262
220
16
13
50095
682
5016
2819
304
279
5950
627
262
220
17
13
1789
1855
907
11
3335
279
743
315
3330
15285
1405
433
8111
304
1855
2872
627
262
220
18
13
5560
8915
15840
311
3839
11
369
1855
2872
323
1396
315
4183
5016
2819
345
996
279
7340
89253
2694
555
27397
1884
2819
304
2204
8310
824
2872
627
262
220
19
13
1789
1855
2872
323
597
320
4174
315
4183
5016
2819
709
311
1457
705
1456
311
13334
198
996
279
3766
1888
555
19301
709
311
597
2819
430
527
3118
304
430
2872
345
996
304
12742
8310
11
539
1511
304
3766
7123
320
3745
2011
387
5016
4028
682
7123
3677
262
16644
279
17413
320
4297
1404
38394
605
705
264
32857
927
7123
323
279
1396
315
12146
2819
4375
382
262
18161
512
286
5950
25
362
220
17
35
1160
315
6928
26864
449
220
16
2717
7123
11
17433
2717
220
605
271
262
5295
512
286
578
7340
3284
2694
439
7633
627
262
12713
262
674
220
16
13
21153
682
5016
2819
304
279
5950
198
262
682
9324
284
743
746
262
369
2872
304
5950
512
286
369
1062
304
2872
512
310
682
9324
1388
9276
340
262
2819
284
10839
21013
9324
11
10134
3702
8
256
674
84419
1176
271
262
308
11189
284
2479
26387
696
262
674
220
17
13
1789
1855
2872
11
1977
264
2472
25
907
1492
743
315
3330
15285
1405
433
8111
198
262
2872
3220
5489
284
4260
262
369
436
304
2134
1471
11189
997
286
2872
5489
284
5731
286
369
272
11
1062
304
13555
26387
16523
22953
310
422
1062
539
304
2872
5489
512
394
2872
5489
69550
60
284
743
746
310
2872
5489
69550
948
723
1361
340
286
2872
3220
5489
2102
7991
5489
696
262
674
220
18
13
32857
25
11581
1004
1483
73
60
284
1973
2694
1701
1176
602
7123
11
27397
503
12742
2819
320
1527
1948
503
304
364
3745
1329
262
674
262
11581
58
15
1483
15
60
284
220
15
11
3885
482
13885
320
11945
220
15
11
15
340
262
36072
284
2273
14996
13885
1329
262
11581
284
4416
37509
37710
2963
20706
7405
16
8
369
721
304
2134
1471
11189
10
16
5680
262
11581
58
15
1483
15
60
284
220
15
271
262
674
220
19
13
1789
1855
2872
602
320
16
6108
705
1456
682
503
505
220
15
497
1083
7046
20706
705
308
26416
340
262
674
1789
1855
503
11
10491
1268
1690
502
2819
311
923
505
279
1510
2872
198
262
674
1789
2872
602
12
16
320
15
6108
705
369
1855
3284
597
320
4174
315
2819
4529
304
420
2872
705
1456
682
28559
315
597
2819
3118
304
420
2872
596
2872
5489
345
262
674
323
8310
539
50917
449
3766
38499
320
59481
4669
15285
304
2872
4390
262
674
4452
11
1606
279
2819
2011
387
5016
4028
682
7123
11
584
4322
279
6727
439
330
28150
264
27084
315
2819
430
9167
956
1027
1511
3686
702
262
674
323
369
1855
2872
11
3820
520
1455
832
824
907
320
438
520
1455
832
824
3330
304
279
2872
4390
262
674
8876
907
60157
374
45421
31550
11
279
32857
1614
2011
1101
3839
902
2819
617
1027
1511
13
2030
420
374
2288
2466
369
308
28
605
627
262
674
2100
4619
11
584
1005
279
2144
430
2533
2819
527
31550
5016
304
6727
11
584
649
1193
3820
1855
907
3131
4028
682
7123
627
262
674
1226
3358
656
264
1614
439
11581
1004
1483
11508
60
719
430
596
220
17
61
508
5415
369
220
605
2819
11
902
374
2288
1790
627
262
674
12361
11
584
1005
264
2872
45539
57080
489
32857
430
14242
279
1888
2694
994
1701
602
7123
323
27397
709
311
503
5016
2819
320
30096
15194
902
11
719
2764
4669
2872
5489
4390
262
674
34863
11
279
4495
1648
1234
279
17413
374
311
656
32857
927
7123
11
323
369
1855
2872
323
369
1855
3284
27084
315
4183
2819
320
53859
555
15285
1139
364
3745
873
430
527
2561
304
430
2872
323
539
52133
449
8310
304
3766
38499
627
262
674
2030
311
2567
433
4382
323
2949
3575
13693
320
3745
2717
1041
11
308
2678
705
584
656
279
2768
1473
262
674
1789
1855
2872
11
369
1855
3284
1396
315
502
2819
311
3820
320
1527
220
15
709
311
2479
20706
5850
1456
682
28559
315
1884
2819
430
3073
304
420
2872
323
6832
8310
527
5016
2949
279
2872
198
262
674
5112
11
2713
11581
1004
1483
74
489
296
60
284
1973
35899
1004
1483
74
60958
1145
11581
1004
12
16
1483
74
60
489
2694
315
12146
2819
6
2819
696
262
674
2030
2533
2819
2011
387
31550
5016
11
279
3485
50765
32857
2834
956
990
627
262
674
4452
11
279
1296
5157
527
20968
1778
430
279
7340
374
12457
555
19301
11
369
1855
2872
11
264
27084
315
2561
2819
320
1962
1511
1603
705
1855
304
264
12742
3330
11
323
21816
279
7928
2561
382
262
674
2100
279
4495
11293
32857
374
25
11581
1004
1483
82
60
1405
274
374
264
92061
315
902
2819
617
1027
4529
13
2030
449
709
311
220
1041
2819
12266
13
2100
4619
11
5296
430
2819
649
13454
304
5950
719
649
1193
387
12146
3131
31550
627
262
674
2030
369
279
2728
17413
320
2880
220
605
87
605
11
2819
709
311
220
1041
705
584
649
656
264
32857
927
7123
323
264
743
315
12146
2819
320
53859
439
264
13091
19059
295
11
719
2103
2288
8987
7389
907
1797
374
2678
3677
262
674
12361
11
23846
25
279
3575
374
13890
311
21816
264
12864
304
264
29978
472
635
4876
320
1849
6296
8310
8
449
6964
14661
439
279
2849
907
11
719
449
279
5217
22295
430
279
4183
6964
2819
527
682
12742
320
72
1770
2637
912
1403
13116
4430
279
1890
907
4390
262
674
1115
374
264
37924
29978
472
635
12864
449
12742
907
22295
382
262
674
4452
11
369
2678
308
11
584
649
656
25
369
1855
2872
11
1456
682
75605
315
1202
7917
449
5016
2819
11
1243
656
264
31919
2778
449
22154
2065
927
320
654
3644
11
1511
9324
2667
570
2030
430
596
71128
369
308
28
605
382
262
674
6914
596
4305
264
31919
57483
449
22154
2065
11
15194
2872
323
264
14743
315
1511
9324
320
29398
311
5286
481
3677
262
505
57566
1179
326
2739
11790
271
262
674
5075
28806
369
1855
2872
279
1160
315
320
970
11
1400
8
369
7917
449
5016
907
198
262
2872
38896
284
4260
262
369
436
304
5950
512
286
2872
2062
284
4260
286
3970
9324
284
743
746
286
369
348
11
272
304
1819
838
11
7335
8
369
7335
11
1062
304
13555
2666
10162
310
422
348
539
304
3970
9324
512
394
3970
9324
1388
3832
340
394
2872
2062
2102
1209
85
11
272
1192
286
2872
38896
2102
7991
2062
696
262
571
75
2739
11790
8913
2190
5980
340
262
711
26877
2666
11
1511
9324
22522
997
286
674
1511
9324
22522
374
264
10839
14743
315
1511
2819
198
286
422
436
624
308
11189
512
310
471
220
15
198
286
1888
284
220
15
198
286
1510
8698
284
2872
38896
16523
933
286
674
9934
682
75605
315
1510
8698
1405
2819
539
304
1511
9324
22522
198
286
308
284
2479
8937
8698
340
286
674
14416
59768
682
75605
320
4590
11508
927
1510
8698
10925
340
286
369
7056
304
2134
7
16
1134
308
997
310
12146
284
4260
310
1511
1265
8698
284
743
746
310
1062
2667
284
743
746
310
369
602
304
2134
1471
997
394
422
7056
612
320
16
1134
602
997
504
348
11
272
284
1510
8698
1004
933
504
422
348
304
1511
9324
22522
477
348
304
1511
1265
8698
512
667
3136
220
674
10936
8482
320
970
1511
1603
477
56003
304
2872
340
504
12146
2102
1209
85
11
272
1192
504
1511
1265
8698
1388
3832
340
504
1062
2667
1388
3832
340
310
674
4800
1817
422
682
2819
304
12146
527
539
304
1511
9324
22522
198
310
2764
284
3082
198
310
369
348
304
1062
2667
512
394
422
348
304
1511
9324
22522
512
504
2764
284
3641
198
504
1464
198
310
422
539
2764
512
394
3136
198
310
674
8279
369
420
5873
198
310
8895
284
2694
3832
369
348
11
721
304
12146
340
310
502
28903
284
14743
45486
9276
2667
1192
310
594
284
8895
489
26877
2666
10
16
11
502
28903
340
310
422
594
871
1888
512
394
1888
284
594
198
286
471
1888
271
262
674
4220
1650
25
1212
520
2872
220
15
11
1511
9324
22522
28
746
262
1121
284
26877
7
15
11
14743
2455
262
471
1121
198
14196
4077
100265
198
100264
882
271
7927
3766
4879
4745
279
7177
13
5810
596
279
1493
512
6687
1445
320
3646
3293
1650
1566
997
220
2958
36674
71910
22
15229
427
42
12498
7345
498
1584
220
7854
11
304
366
4450
397
262
1817
8913
10622
340
220
2958
36674
71910
22
15229
427
42
12498
7345
498
1584
220
1691
11
304
1817
198
262
2105
9322
28218
16
11
17
11
18
15304
19
11
18
11
17
15304
16
11
16
11
16
30716
624
220
23
198
1881
6440
62824
62824
62824
62824
62824
62824
62824
62824
62824
62824
198
69739
1480
14963
1271
312
42612
11
420
374
701
3465
25
4557
279
2768
734
12223
323
4733
928
11
7373
4305
279
734
7633
323
1522
682
279
7177
13
3146
5989
4276
70765
3247
13916
50
13
57277
2675
1288
15411
279
2082
499
11041
304
264
67859
2082
2565
320
817
10103
33981
320
20670
690
33316
279
4113
5865
8
100265
198
100264
78191
198
40
15393
430
279
3575
374
16168
279
330
40287
4785
12864
304
264
29978
472
635
4876
1
1405
2163
7954
527
7123
11
1314
7954
527
8310
11
323
13116
617
14661
6273
311
279
2849
596
907
11
719
449
279
5217
22295
430
4183
13116
2011
617
5016
2819
320
72
1770
2637
912
1403
4183
7917
4430
279
1890
907
1524
422
304
2204
7123
477
8310
3677
11458
11
279
1455
11297
323
4495
1648
320
43068
2678
17413
11
38394
605
87
605
8
374
311
4322
433
439
264
23851
315
279
37924
29978
472
635
12864
449
459
5217
330
970
1511
1
22295
13
2030
2533
279
1296
5157
527
20968
1778
430
279
23669
649
387
12457
555
21816
279
8592
46254
3340
5016
5219
824
2872
320
2201
28347
304
8310
2949
279
2872
705
264
35388
5603
8657
1238
25
369
1855
2872
11
3820
264
27084
315
5016
2819
320
2201
43428
304
279
2872
705
1243
4028
682
7123
6106
1855
907
374
1511
520
1455
3131
11
323
35608
279
2694
13
1115
649
387
2884
4669
1203
45653
449
22154
2065
320
654
323
743
315
1511
2819
34156
439
264
10839
14743
3677
8586
596
264
4335
11
4495
8292
430
16609
682
279
7177
439
304
279
4113
3575
596
10507
1473
14196
4077
1527
20061
1179
1796
271
755
1973
10622
26387
25
1796
53094
19155
30716
1492
528
512
262
3270
262
16644
264
220
17
35
5950
315
6928
26864
11
3373
1063
7917
1778
430
512
262
482
2360
1403
4183
7917
527
304
279
1890
2872
198
262
482
2052
4183
2849
2819
527
5016
320
582
2177
279
4553
6727
340
262
3494
279
7340
3284
2694
315
4183
7917
627
1084
262
18161
512
286
5950
25
362
220
17
35
1160
315
6928
26864
320
16
2717
7123
11
17433
2717
220
605
340
1084
262
578
12384
5829
1203
45653
449
22154
2065
311
13488
682
5627
315
27397
5016
2819
824
2872
11
23391
60157
31550
627
262
3270
262
308
11189
284
2479
26387
340
262
422
308
11189
624
220
15
512
286
471
220
15
198
262
308
26416
284
2479
26387
58
15
2526
422
308
11189
775
220
15
7361
262
674
21153
682
5016
2819
3118
304
279
5950
320
8248
649
387
810
1109
3604
4460
340
262
2561
9324
284
743
746
262
369
2872
304
5950
512
286
369
348
304
2872
512
310
2561
9324
1388
3832
340
262
2819
284
1160
7
10547
9324
8
220
674
1226
649
1193
1005
1855
907
520
1455
3131
7361
262
674
1789
1855
2872
11
3637
279
320
970
11
3330
8
13840
369
7917
449
5016
2819
304
279
2872
198
262
674
34863
11
584
1541
956
1205
311
4141
2949
2872
2533
43428
304
2872
527
7060
439
1317
439
539
31550
198
262
674
2030
369
6727
11
2949
264
2872
584
649
3820
520
1455
832
2849
824
3330
323
1193
5016
2819
7361
262
674
22648
15840
449
22154
2065
320
654
11
1511
9324
42377
8
1492
1973
2694
198
262
505
57566
1179
326
2739
11790
7361
262
674
13202
25
682
3284
3330
15285
369
2728
907
304
420
2872
198
262
2872
3220
18839
284
4260
262
369
436
304
2134
1471
11189
997
286
2872
18839
284
5731
286
369
272
11
1062
304
13555
26387
16523
22953
310
422
1062
539
304
2872
18839
512
394
2872
18839
69550
60
284
743
746
310
2872
18839
69550
948
723
1361
340
286
2872
3220
18839
2102
7991
18839
340
1084
262
571
75
2739
11790
8913
2190
5980
340
262
711
26877
7991
25
528
11
1511
30650
25
14743
997
286
674
1511
30650
374
264
10839
14743
315
2819
2736
4183
198
286
422
2872
624
308
11189
512
310
471
220
15
198
286
1888
284
220
15
198
286
1510
8698
284
2872
3220
18839
17396
933
286
674
9934
682
75605
315
2819
2561
304
1510
2872
430
527
4276
304
1511
30650
11
323
369
902
584
649
3820
832
3330
1855
198
286
674
14416
59768
682
28559
315
2819
430
649
387
12146
505
1510
2872
323
539
1511
3686
198
286
674
1789
1855
907
304
1510
2872
430
596
539
1511
11
3820
520
1455
832
3330
198
286
674
2057
2567
71128
11
2980
682
3284
38499
315
597
2819
320
74
505
220
15
311
674
315
3284
2819
304
420
2872
539
1511
340
286
674
1789
1855
1778
6727
11
1817
422
584
649
3820
832
3330
824
907
320
16773
2011
387
5016
824
2872
340
286
674
5112
11
10570
311
1828
2872
449
1884
2819
3779
311
1511
30650
198
286
674
1226
3358
30729
927
682
75605
315
279
2561
2819
304
420
2872
430
527
539
304
1511
30650
11
323
430
649
387
12893
311
12742
8310
627
286
674
1789
1855
3284
1396
315
502
2819
296
320
15
497
4174
315
2561
502
2819
304
420
2872
340
286
674
2057
5766
3698
25176
11
584
649
656
57483
927
2819
477
1005
264
4382
20140
320
11536
2819
38394
1041
323
7123
38394
605
340
286
674
1789
1855
10824
315
2819
505
1510
8698
430
527
539
304
1511
30650
323
617
520
3325
832
2561
3330
1855
345
286
674
256
323
279
1396
315
1778
2819
320
74
8
374
38394
9861
8310
304
2872
323
38394
2860
5016
2819
345
286
674
256
1456
682
5627
311
3820
832
3330
824
12146
907
320
30096
3330
43428
340
286
674
2030
420
374
2103
8987
11
779
1095
596
4619
656
264
1203
45653
2949
279
2872
25
3820
907
11651
3820
264
3330
539
1511
3686
304
2872
198
286
674
1226
3358
656
264
31919
13438
4871
26877
311
1977
279
1510
2872
596
6727
9122
286
711
1456
8698
24596
7991
7406
11
10004
8698
11
4183
26416
11
4183
30650
997
310
674
2872
7406
25
902
1400
304
2872
584
2351
520
320
15
497
77
26416
12
16
340
310
674
10004
8698
25
279
1510
2872
320
21591
311
420
734
311
5766
326
2739
11790
4819
340
310
674
4183
30650
25
743
315
2819
2736
12146
304
420
2872
198
310
674
4183
26416
25
743
315
8310
2736
12146
304
420
2872
198
310
674
5464
1162
25
8220
2872
198
310
422
2872
7406
624
308
26416
512
394
674
8220
420
2872
596
6727
26
471
279
2694
315
2819
12146
304
420
2872
198
394
471
2694
3832
369
348
304
4183
30650
340
310
674
7104
220
16
25
10936
3330
2872
7406
198
310
594
16
284
1456
8698
24596
7991
7406
489
220
16
11
10004
8698
11
4183
26416
11
4183
30650
340
310
674
7104
220
17
25
1935
433
422
907
6866
304
420
2872
323
539
1511
304
420
2872
198
310
1062
284
2290
198
310
369
348
11
272
304
1510
8698
9812
4019
394
422
272
624
2872
7406
512
504
1062
284
348
198
504
1464
198
310
422
1062
374
539
2290
323
1062
539
304
4183
30650
512
394
674
12040
433
198
394
594
17
284
1456
8698
24596
7991
7406
489
220
16
11
10004
8698
11
4183
26416
765
314
654
7406
2186
4183
30650
765
314
838
3602
394
594
284
1973
4693
16
11
1456
8698
24596
7991
7406
489
220
16
11
10004
8698
11
4183
26416
11
4183
30650
8
477
594
17
340
310
775
512
394
594
284
594
16
198
310
471
594
9122
286
674
1789
279
1510
2872
11
6667
682
2819
3118
304
279
2872
198
286
2872
9324
284
1160
8937
8698
9301
2455
286
674
9934
682
75605
315
1521
2819
430
649
387
12893
311
12742
8310
198
286
674
1226
3358
30729
927
682
3284
38499
315
2819
320
300
264
743
8
323
369
1855
1518
422
264
12864
304
8310
6866
198
286
674
39578
11
2533
308
26416
2717
605
11
584
649
656
57483
927
8310
27397
520
1455
1332
1471
26416
11
2479
7991
9324
595
5016
2819
449
5016
8310
198
286
674
2030
311
2567
2082
4382
323
1522
682
7177
320
11536
279
17413
527
2678
705
584
649
1120
1456
682
75605
315
8310
323
1518
902
6305
3041
2764
5016
2819
38499
198
286
1973
5595
8698
284
220
15
198
286
674
55440
927
682
3330
75605
315
1404
220
15
497
77
26416
320
8248
1193
709
311
1396
315
5016
2819
304
2872
340
286
369
597
304
2134
7
15
11
1332
1471
26416
11
2479
7991
9324
39692
16
997
310
505
42431
1179
28559
198
310
369
17433
304
28559
23147
1471
26416
705
597
997
394
674
1789
1521
8310
11
6667
279
2819
3118
304
1124
304
420
2872
198
394
4183
30650
2667
284
743
746
394
4183
26416
2667
284
743
71277
340
394
5509
284
3082
198
394
369
272
304
17433
512
504
674
7531
907
520
320
654
11
272
340
504
369
1062
11
1400
2667
304
1510
8698
9812
4019
667
422
272
304
1400
2667
512
1014
4183
30650
2667
1388
9276
340
1014
1464
674
1766
279
907
520
420
3330
198
504
775
512
667
5509
284
3641
674
12540
539
3621
11
719
1120
304
1162
198
394
422
539
5509
477
2479
26254
30650
2667
8
976
597
512
504
3136
674
539
682
8310
617
264
5016
907
539
3686
12146
31550
198
394
674
4800
11
1817
31550
430
1521
2819
527
539
1511
304
3766
7123
320
34156
555
364
2656
30650
1329
394
2872
30650
2062
284
1160
26254
30650
2667
340
394
674
14998
311
1817
430
7000
315
1521
527
304
1511
30650
198
394
422
904
3832
304
1511
30650
369
348
304
2872
30650
2062
997
504
3136
198
394
674
23426
279
2694
369
420
6727
304
420
2872
198
394
274
284
2694
7991
30650
2062
340
394
674
4800
11
53947
733
311
1828
2872
449
1511
30650
6177
320
723
279
12146
2819
340
394
502
28903
284
14743
45486
26254
30650
2667
1192
394
9322
10370
284
274
489
26877
7991
10
16
11
502
28903
340
394
422
9322
10370
871
1973
5595
8698
512
504
1973
5595
8698
284
9322
10370
198
286
674
7429
2980
279
3072
315
21816
4400
304
420
2872
198
286
11581
26647
284
26877
7991
10
16
11
1511
30650
340
286
1973
5595
8698
284
1973
8913
5595
8698
11
11581
26647
340
286
471
1973
5595
8698
271
262
674
5256
279
51362
505
2872
220
15
11
1511
30650
374
4384
14743
198
262
471
26877
7
15
11
14743
12647
14196
4077
11458
11
279
3485
374
2103
17395
323
1253
539
1522
4245
311
51362
13693
323
1614
13
578
4113
3575
596
1296
5157
527
1778
430
279
23669
374
311
3373
11
369
1855
2872
11
279
7340
3284
5016
2819
320
2201
1403
304
1890
2872
477
1890
907
31550
705
323
279
1888
1648
369
2678
57449
374
264
57483
449
22154
2065
15194
279
743
315
1511
2819
439
264
10839
14743
382
4071
11
279
45648
4495
2082
430
16609
279
6205
7177
323
374
18641
449
279
2728
17413
320
11536
279
5950
374
520
1455
220
605
87
605
8
374
279
11670
32857
927
92061
315
4183
2819
11
719
1193
43303
422
279
1396
315
5016
2819
374
2678
320
8367
508
570
39578
11
584
649
1005
264
57080
489
32857
439
11263
11
902
9248
279
1296
1162
17078
1473
53692
11
279
4495
323
45648
6425
320
11536
279
2819
1120
617
311
387
5016
8244
11
323
1855
2872
649
3820
520
1455
832
824
3330
323
907
8
374
311
1646
433
439
25
1789
1855
2872
11
3820
264
27084
315
8310
449
5016
2819
320
56950
279
2872
422
12974
11
719
3604
279
3728
60157
374
279
1925
22295
570
5112
11
433
596
264
7340
4785
12864
1405
279
4785
315
459
6964
320
654
11
1400
8
374
279
2849
596
907
11
719
449
279
5066
22295
430
4183
13116
6
2819
527
5016
13
1115
374
264
330
40287
4785
12864
449
12742
14661
1
902
374
34553
11
719
369
2678
452
11
584
649
656
1473
8586
374
264
4335
11
4495
11
323
17832
1203
45653
6425
1701
22154
2065
927
2872
323
1511
9324
320
300
264
14743
315
10839
2819
7887
74694
12958
198
1527
20061
1179
1796
198
1527
57566
1179
326
2739
11790
271
755
1973
10622
26387
25
1796
53094
19155
30716
1492
528
512
262
3270
262
8593
82
7917
505
5950
1778
430
912
1403
12146
7917
527
304
279
1890
2872
323
912
907
374
69843
627
262
5295
279
7340
3284
2694
627
262
3270
262
308
11189
284
2479
26387
340
262
422
308
11189
624
220
15
512
286
471
220
15
198
262
308
26416
284
2479
26387
58
15
2526
422
308
11189
775
220
15
271
262
674
1789
1855
2849
320
81
11
272
705
3637
1202
907
198
262
674
1226
3358
656
57483
927
7123
11
15194
902
2819
617
1027
1511
779
3117
627
262
674
5560
22154
2065
25
320
3311
8698
11
1511
9324
22522
8
1492
1973
2694
198
262
571
75
2739
11790
8913
2190
5980
340
262
711
26877
7991
25
528
11
1511
9324
997
286
674
1511
9324
374
264
14743
315
10839
26864
320
1820
1511
2819
340
286
422
2872
624
308
11189
512
310
471
220
15
198
286
1888
284
220
15
198
286
674
9303
2872
1963
8640
505
220
15
311
308
11189
12
16
198
286
674
1789
420
2872
11
2980
682
3284
75605
315
8310
11
719
1193
1884
449
5016
2819
539
304
1511
9324
11
323
8310
5016
304
2872
198
286
674
2057
387
11297
323
4495
25
369
1855
3330
304
420
2872
11
422
1202
907
374
539
304
1511
9324
11
584
649
2980
21816
433
320
333
539
50917
1400
304
1890
2872
340
286
674
2100
1095
596
6667
279
320
970
11
1400
8
13840
369
420
2872
1405
907
539
304
1511
9324
198
286
2671
284
4260
286
369
272
304
2134
1471
26416
997
310
1062
284
5950
17396
1483
66
933
310
422
1062
539
304
1511
9324
512
394
2671
2102
7
320
838
11
272
8
1763
286
674
4800
11
584
1205
311
3820
520
1455
832
824
3330
11
323
2819
5016
320
28172
7167
422
584
1193
2980
539
3502
69621
9324
340
286
674
2100
584
649
3820
904
27084
315
1521
2671
449
5016
8310
11
323
872
2819
527
502
198
286
674
578
1888
374
311
3820
279
8592
2819
3284
198
286
674
9934
682
28559
315
597
3673
320
74
505
220
15
311
2479
12349
5850
1405
8310
527
12742
320
8370
814
527
2533
1855
272
374
5016
340
286
1973
8698
41025
284
220
15
198
286
369
597
304
2134
7
15
11
1332
7046
12349
705
308
26416
7405
16
997
310
505
42431
1179
28559
198
310
369
3698
304
28559
12349
11
597
997
394
274
284
2694
3832
369
348
11
721
304
3698
340
394
674
8310
527
682
12742
1606
433
596
28559
315
279
1160
198
394
502
28903
284
14743
45486
7
2656
9324
489
14743
3832
369
348
11
721
304
3698
6054
394
594
284
274
489
26877
7991
489
220
16
11
502
28903
340
394
422
594
871
1973
8698
41025
512
504
1973
8698
41025
284
594
198
286
674
2582
10936
420
2872
11622
198
286
1888
284
1973
8913
8698
41025
11
26877
7991
489
220
16
11
1511
9324
1192
286
471
1888
271
262
674
4220
1650
25
1511
9324
374
4384
14743
198
262
471
26877
7
15
11
14743
2455
14196
19884
2028
1288
1522
682
279
2728
7177
13
1789
3187
11
279
1176
1296
1162
1473
4297
284
4416
16
11
17
11
18
1145
510
19
11
18
11
17
1145
510
16
11
16
11
16
14623
791
1888
374
3820
220
16
505
320
15
11
15
705
220
17
505
320
15
11
16
705
220
18
505
320
15
11
17
705
220
19
505
320
16
11
15
8
11651
2694
220
16
10
17
10
18
10
19
284
220
605
30
14144
11
719
304
279
6205
279
4320
374
220
23
382
14524
11
912
2001
304
279
3575
4096
279
1176
1296
2795
1473
20761
1973
10622
28218
16
11
17
11
18
15304
19
11
18
11
17
15304
16
11
16
11
16
30716
624
220
23
271
4071
4184
311
420
2082
596
12496
11
279
1888
1053
387
220
16
320
15
11
15
8
489
220
17
320
16
11
16
8
489
220
18
320
15
11
17
8
489
19
320
16
11
15
11992
719
3868
2872
220
15
649
1193
3820
832
13
34863
11
1095
596
4321
1555
1473
4959
2872
649
3820
520
1455
832
2849
824
2872
320
1820
57483
374
824
2872
11
323
369
430
2872
499
3820
904
10824
315
8310
1405
279
2819
527
20604
3677
10267
596
1518
279
1888
3284
6727
2085
40916
2819
1473
5454
362
512
3179
15
25
3820
220
18
320
2119
17
8
11651
220
18
198
3179
16
25
3820
220
19
320
2119
15
8
11651
220
19
198
3179
17
25
649
956
3820
220
16
320
46584
1053
23329
422
1511
304
2872
15
477
2872
16
11
719
220
16
374
20604
13
2030
2872
17
706
1193
220
16
596
13
2100
499
649
3820
832
220
16
11651
489
16
11651
2860
220
18
10
19
10
16
28
23
320
20509
1296
696
5454
426
512
3179
15
25
220
16
489
220
17
489
18
374
539
5535
320
3323
832
824
2872
570
2100
1888
824
2872
1473
3179
15
1888
374
220
18
320
2119
17
8
11651
18
198
3179
16
1888
374
220
19
320
2119
15
8
11651
19
198
3179
17
1888
374
220
16
320
2119
15
477
220
16
8
11651
10
16
11651
2860
220
23
382
4516
279
2082
3485
1288
471
220
23
369
279
1176
1296
382
68791
11
279
2132
1296
4416
23
11
22
11
21
15304
23
11
18
11
17
5163
1473
3179
15
649
3820
220
23
320
2119
15
705
220
22
320
16
705
477
220
21
320
17
340
3179
16
649
3820
220
23
320
15
705
220
18
320
16
705
220
17
320
17
696
1271
35608
2694
2085
40916
220
23
512
38053
220
23
505
2872
15
1400
15
11
1243
304
2872
16
3820
220
18
323
220
17
11651
220
23
10
18
10
17
28
1032
30
2030
279
6205
2795
220
868
382
14524
11
279
6205
2795
1473
20761
1973
10622
28218
23
11
22
11
21
15304
23
11
18
11
17
27829
868
271
4438
1980
25797
11
8530
499
649
3820
220
23
505
2872
16
1400
15
11
220
22
505
2872
15
1400
16
11
323
220
21
505
2872
15
1400
17
30
2360
11
1606
2872
15
649
1193
3820
832
382
14524
11
279
7340
374
17427
555
1473
3179
15
25
3820
220
22
320
2119
16
8
323
220
21
320
2119
17
12106
2360
11
1193
832
824
2872
382
14524
11
279
5950
374
1473
3179
15
25
220
23
220
22
220
21
271
3179
16
25
220
23
220
18
220
17
271
23657
2819
2561
25
220
23
11
22
11
21
11
18
11
17
271
1271
636
220
868
25
220
23
320
654
15
52596
15
8
489
22
320
654
15
649
956
11
1193
832
824
2872
8
11651
912
382
14524
279
4495
6727
374
1473
3179
15
25
3820
220
23
320
2119
15
8
11651
23
271
3179
16
25
4250
3820
220
23
11
779
1888
374
220
18
489
17
505
2204
8310
11651
220
18
10
17
28
20
11651
2860
220
1032
13
2030
6205
25283
220
868
13
89290
382
14524
7344
279
5950
374
1473
3179
15
25
510
23
11
22
11
21
2595
3179
16
25
510
23
11
18
11
17
2595
791
1888
374
1473
3179
15
25
3820
220
23
320
2119
15
705
220
22
320
2119
16
705
220
21
320
2119
17
12106
2360
11
1193
832
824
2872
382
14524
7389
279
3575
6276
5361
7917
824
2872
439
1317
220
8310
527
5016
30
14144
279
3575
2795
1473
1
3461
832
477
810
7917
1778
430
512
12
2360
1403
4183
7917
527
304
279
1890
2872
1875
14524
11
912
2001
279
4113
3575
4096
2795
1473
39522
1403
4183
7917
527
304
279
1890
2872
1
11651
430
3445
499
649
3373
1193
832
2849
824
2872
13
9393
422
499
3373
1403
304
279
1890
2872
11
430
596
37913
382
25797
0
358
1518
1457
2001
279
22295
374
832
2849
824
2872
7340
13
9393
330
2201
1403
4183
7917
304
279
1890
2872
1
3445
520
1455
832
824
2872
382
4516
304
279
2132
1296
1162
4416
23
11
22
11
21
15304
23
11
18
11
17
21128
279
1888
374
1473
38053
220
23
505
2872
15
1400
15
11651
23
271
2244
3820
220
22
489
220
21
30
2360
11
1193
832
824
2872
382
14524
11
279
7340
1053
387
19301
279
7928
3284
907
304
1855
2872
2085
40916
2819
4028
7123
382
4516
304
2872
15
11
1888
374
220
23
320
2119
15
8
477
220
22
477
220
21
13
83710
3820
220
23
320
654
15
52596
15
11992
23
382
644
2872
16
11
649
956
3820
220
23
11
779
1888
374
220
18
320
2119
16
8
489
220
17
320
2119
17
12106
2030
499
649
1193
3820
832
824
2872
13
2100
2872
16
649
3820
1973
7
23
11
18
11
17
11992
220
18
320
2119
16
8
477
220
17
320
2119
17
570
2100
220
23
10
18
28
806
11
477
220
23
10
17
28
605
11
477
220
22
10
18
28
605
11
5099
382
4071
279
6205
2795
220
868
13
3011
13533
279
10825
6425
6276
5361
7917
824
2872
439
1317
439
8310
527
5016
30
2582
8530
279
3575
4096
574
93011
598
17890
1980
14524
3411
1203
520
279
3575
5224
596
4733
928
3187
1473
20761
1973
10622
28218
23
11
22
11
21
15304
23
11
18
11
17
30716
624
220
868
271
4438
311
636
220
868
30
220
23
489
220
22
30
2030
649
956
3820
1403
505
2872
15
13
39578
220
23
320
1527
2872
16
1400
15
8
489
22
320
1527
2872
15
1400
16
8
489
220
17
320
1527
2872
16
1400
17
12106
2030
2872
16
649
1193
3820
832
382
14524
7389
279
5150
22295
374
430
912
1403
4183
7917
4430
264
2872
2794
3330
30
2030
279
3575
2795
330
2201
1403
4183
7917
527
304
279
1890
2872
11690
14524
279
3575
2795
25
330
2822
1403
4183
7917
527
304
279
1890
2872
1
2001
779
499
649
3373
5361
7917
304
264
3330
439
1317
439
814
527
304
2204
7123
13
1628
2819
2011
387
5016
4315
4183
7917
320
1820
2132
3044
25
330
1820
2819
304
279
4183
7917
527
5016
82084
4516
304
279
2132
1296
1162
1473
3179
15
25
510
23
11
22
11
21
2595
3179
16
25
510
23
11
18
11
17
2595
66322
38499
1473
38053
2872
15
1400
15
320
23
705
2872
16
1400
16
320
18
705
2872
16
1400
17
320
17
1680
2030
649
956
11
2533
2872
16
649
1193
617
832
382
14524
11
499
2011
3820
7041
832
2849
824
2872
320
11536
499
649
956
3820
1403
304
279
1890
2872
570
2100
369
1403
7123
11
499
3820
832
304
1855
382
791
7340
2694
315
1403
12742
2819
11
832
505
1855
2872
11
449
2204
2819
382
66322
11709
1473
3179
15
2671
25
220
23
320
2119
15
705
220
22
320
16
705
220
21
320
17
696
3179
16
2671
25
220
23
320
15
705
220
18
320
16
705
220
17
320
17
696
1687
1205
311
3820
348
15
505
2872
15
323
348
16
505
2872
16
11
449
348
15
95404
348
16
11
88278
348
15
99367
16
382
791
7340
374
220
23
320
1527
2872
15
1400
15
8
489
220
22
30
2030
2872
16
706
912
220
22
13
14144
2872
16
706
220
23
11
18
11
17
13
2100
279
1888
374
220
23
320
654
15
52596
15
8
489
220
18
320
654
16
52596
16
8
284
806
11
477
220
23
320
654
16
52596
15
8
489
22
320
654
15
52596
16
8
284
868
13
16770
0
2100
422
499
3820
220
22
505
2872
15
323
220
23
505
2872
16
11
430
596
5535
1606
814
527
2204
2819
323
1855
374
304
264
2204
2872
382
4516
279
6727
374
2872
15
1400
16
320
22
8
323
2872
16
1400
15
320
23
1680
2694
220
868
13
2100
279
2082
3485
1288
990
1606
433
6276
430
382
9642
11
304
279
2082
596
12496
11
369
2872
15
433
32238
220
22
439
459
3072
320
11536
220
22
539
304
1511
9324
320
3274
5850
323
369
2872
16
433
32238
220
23
320
19171
539
304
1511
9324
314
22
39942
779
279
10824
320
22
505
2872
15
11
220
23
505
2872
16
8
6835
220
22
10
23
28
868
11
902
374
279
1973
382
55915
279
2082
1288
990
13
2100
1618
374
279
1620
2082
2565
311
9502
11
439
279
1455
4495
323
17832
6425
27442
279
17413
323
279
6205
7177
1473
14196
4077
1527
20061
1179
1796
198
1527
57566
1179
326
2739
11790
271
755
1973
10622
26387
25
1796
53094
19155
30716
1492
528
512
262
3270
262
16644
264
220
17
35
5950
315
6928
26864
11
3373
832
2849
824
2872
320
2201
1403
304
279
1890
2872
1350
262
1778
430
682
4183
2849
2819
527
5016
13
3494
279
7340
2694
315
4183
7917
627
262
3270
262
308
11189
284
2479
26387
340
262
422
308
11189
624
220
15
512
286
471
220
15
198
262
308
26416
284
2479
26387
58
15
2526
422
308
11189
775
220
15
271
262
571
75
2739
11790
8913
2190
5980
340
262
711
26877
7991
25
528
11
1511
9324
997
286
674
1511
9324
374
264
14743
315
10839
26864
430
617
1027
12146
779
3117
198
286
422
2872
624
308
11189
512
310
471
220
15
198
286
1888
284
220
15
198
286
674
1789
1510
2872
11
1505
682
3284
2849
2819
430
527
539
3686
1511
198
286
11426
284
4260
286
369
272
304
2134
1471
26416
997
310
1062
284
5950
17396
1483
66
933
310
422
1062
539
304
1511
9324
512
394
11426
2102
9276
340
286
674
9934
682
75605
315
1521
2819
320
9739
27084
34310
311
21816
832
315
1884
8310
304
420
2872
340
286
674
719
2533
584
649
1193
3820
832
2849
824
2872
320
24567
311
279
364
2201
1403
304
1890
2872
6
7438
520
1455
832
824
2872
1350
286
674
3604
584
1288
2980
1855
3254
907
320
72
1770
2637
1855
3330
1405
907
374
539
1511
340
286
674
2100
279
1888
369
420
2872
374
279
7340
907
4315
11426
539
3686
1511
198
286
674
2030
3868
25
279
3575
6276
21816
1193
832
824
2872
320
11536
1403
304
1890
2872
374
37913
1350
286
674
779
369
1855
2872
584
3820
7041
832
2849
320
6361
705
449
907
539
1511
1603
198
286
674
14636
11
369
279
32857
11
369
1855
2872
584
5268
832
315
279
2561
2819
320
16773
449
430
907
539
1511
340
286
674
2100
279
9320
374
25
369
1855
3284
907
348
304
420
2872
539
304
1511
9324
11
3820
433
320
3852
3330
449
430
907
374
7060
1350
286
674
323
923
348
489
26877
7991
10
16
11
1511
9324
489
320
85
54378
286
2671
284
4260
286
369
272
304
2134
1471
26416
997
310
1062
284
5950
17396
1483
66
933
310
422
1062
539
304
1511
9324
512
394
2671
2102
9276
340
286
369
348
304
2671
512
310
502
28903
284
14743
45486
7
2656
9324
489
320
85
11
6054
310
1510
284
348
489
26877
7991
489
220
16
11
502
28903
340
310
422
1510
871
1888
512
394
1888
284
1510
198
286
674
7429
279
3072
315
43759
420
2872
30
2360
11
1606
584
617
311
3820
832
824
2872
311
35608
11
719
422
682
2819
304
2872
527
1511
11
499
10936
320
8248
430
1053
8108
2694
11
779
539
23669
7389
9770
340
286
674
34863
11
279
3575
2795
330
1779
832
477
810
7917
498
719
449
279
22295
315
832
824
2872
11
369
308
11189
7123
499
649
3820
709
311
308
11189
7917
627
286
674
2030
279
2082
439
5439
6276
539
21816
320
1729
539
88335
2671
422
912
11426
11
719
1243
4780
220
15
369
430
1853
340
286
471
1888
271
262
471
26877
7
15
11
14743
2455
14196
19884
14524
11
719
304
279
3485
11
369
1855
2872
584
2011
3820
7041
832
2849
320
11536
279
2671
527
3254
2819
570
4452
11
279
4113
3575
596
1176
1296
1162
596
23669
374
220
16
320
654
15
52596
15
8
489
220
18
320
654
16
52596
17
8
489
220
19
320
654
17
52596
15
12106
2360
11
3868
279
5950
374
220
18
7123
13
6914
757
1518
369
279
1176
1296
1162
1473
4297
284
2330
510
16
11
17
11
18
1282
510
19
11
18
11
17
1282
510
16
11
16
11
16
933
2595
77
11189
284
18
382
3179
15
11426
320
1962
1511
1680
220
16
11
17
11
18
271
38053
220
18
11651
1511
9221
320
18
696
3179
16
11426
320
1962
304
320
18
37815
220
19
11
17
320
11536
220
18
374
1511
696
38053
220
19
11651
1511
320
18
11
19
696
3179
17
11426
320
1962
304
320
18
11
19
37815
220
16
320
11536
682
527
220
16
719
907
220
16
374
502
696
38053
220
16
11651
2860
220
18
10
19
10
16
28
23
13
41070
382
791
2082
3485
1053
656
1473
1688
2872
15
11
16696
220
16
11
17
11
18
13
393
16671
220
18
6835
220
18
489
26877
7
16
11
320
18
11
4489
1688
2872
16
11
11426
527
220
19
323
220
17
320
11536
220
18
374
1511
570
393
16671
220
19
11651
220
19
489
26877
7
17
11
320
18
11
19
4489
1688
2872
17
11
9322
374
220
16
320
11536
220
18
323
19
527
1511
570
2100
22657
220
16
11651
489
16
13
10884
220
18
10
19
10
16
28
23
13
2100
433
4375
382
68791
369
279
2132
1296
1162
1473
4297
284
2330
510
23
11
22
11
21
1282
510
23
11
18
11
17
933
2595
77
11189
28
17
382
3179
15
11426
25
220
23
11
22
11
21
271
38053
220
22
11651
1511
320
22
696
3179
16
11426
25
220
23
11
18
11
17
320
22
374
539
4315
1124
779
682
527
5535
11
719
220
23
374
2561
382
38053
220
23
11651
1511
320
22
11
23
570
8279
220
22
10
23
28
868
13
41070
382
4516
420
2082
4375
369
279
10688
323
374
2949
279
3575
17413
382
55915
11
279
1620
4320
311
33316
279
4113
734
374
1473
14196
4077
1527
20061
1179
1796
198
1527
57566
1179
326
2739
11790
271
755
1973
10622
26387
25
1796
53094
19155
30716
1492
528
512
262
308
11189
284
2479
26387
340
262
422
308
11189
624
220
15
512
286
471
220
15
198
262
308
26416
284
2479
26387
58
15
2526
422
308
11189
775
220
15
271
262
571
75
2739
11790
8913
2190
5980
340
262
711
26877
7991
25
528
11
1511
997
286
422
2872
624
308
11189
512
310
471
220
15
198
286
1888
284
220
15
198
286
674
21153
2561
2819
304
420
2872
539
3686
1511
198
286
2671
284
4260
286
369
272
304
2134
1471
26416
997
310
1062
284
5950
17396
1483
66
933
310
422
1062
539
304
1511
512
394
2671
2102
9276
340
286
674
9934
1855
3284
907
311
3820
304
420
2872
198
286
369
348
304
2671
512
310
502
28903
284
14743
45486
7
2656
489
320
85
11
6054
310
1510
284
348
489
26877
7991
489
220
16
11
502
28903
340
310
422
1510
871
1888
512
394
1888
284
1510
198
286
471
1888
271
262
471
26877
7
15
11
14743
2455
74694
100265
198