100264
882
198
4518
279
2768
734
12223
323
4733
928
11
7373
4305
279
734
7633
323
1522
682
279
7177
13
3146
5989
4276
70765
3247
13916
50
13
57277
2675
1288
15411
279
2082
499
11041
304
264
67859
2082
2565
320
817
10103
33981
320
20670
690
33316
279
4113
5865
696
14196
4077
755
1797
4803
1311
79385
1161
25
610
11
597
25
528
8
1492
528
512
262
4304
16644
264
8026
925
274
14393
264
1396
308
323
459
7698
597
345
262
471
279
1797
315
6928
26864
2753
1109
308
430
527
597
5621
79385
627
1084
262
1556
7698
865
374
597
5621
79385
422
16785
279
2768
5784
520
1455
597
3115
198
262
26338
433
311
220
16
25
30658
865
449
279
1797
315
743
9660
320
16
82
8
304
1202
8026
13340
627
1084
262
578
1121
1288
387
6052
60964
220
605
61
24
489
220
22
627
1084
262
18161
512
286
274
25
18188
925
14393
308
320
16
2717
2479
1161
8
2717
220
4728
11
912
6522
17975
340
286
597
25
27697
1396
315
7677
5535
320
16
2717
597
2717
220
20
340
1084
262
5295
512
286
4605
315
597
5621
79385
6928
26864
2753
1109
308
11
60964
220
605
61
24
489
220
22
7361
262
12382
1797
4803
1311
79385
446
5037
498
220
16
340
262
220
18
198
262
12382
1797
4803
1311
79385
446
1041
15
498
220
17
340
262
220
21
198
262
12382
1797
4803
1311
79385
446
16
498
220
18
340
262
220
15
198
262
12713
755
1817
73121
997
262
674
14967
1296
5157
505
10507
198
262
2105
9322
446
5037
498
220
16
8
624
220
18
198
262
2105
9322
446
1041
15
498
220
17
8
624
220
21
198
262
2105
9322
446
16
498
220
18
8
624
220
15
7361
262
674
10564
5157
449
308
28
16
198
262
2105
9322
446
16
498
220
16
8
624
220
15
198
262
2105
9322
446
16
498
220
17
8
624
220
15
198
262
2105
9322
446
16
498
220
19
8
624
220
15
198
262
2105
9322
446
16
498
220
20
8
624
220
15
7361
262
674
15344
8026
9246
198
262
2105
9322
446
806
498
220
18
8
624
220
17
198
262
2105
9322
446
806
498
220
19
8
624
220
17
198
262
2105
9322
446
806
498
220
20
8
624
220
17
7361
262
2105
9322
446
5037
498
220
16
8
624
220
23
7361
262
674
81908
1296
5157
198
262
2105
9322
446
5037
5037
5037
5037
5037
5037
5037
5037
5037
5037
5037
5037
5037
5037
5037
5037
5037
5037
5037
5037
5037
5037
5037
5037
5037
5037
5037
5037
5037
5037
5037
5037
5037
5037
5037
5037
5037
5037
5037
5037
5037
5037
5037
5037
5037
5037
5037
5037
5037
5037
5037
5037
5037
5037
5037
5037
5037
5037
5037
5037
5037
5037
5037
5037
5037
5037
5037
5037
5037
5037
5037
5037
5037
5037
5037
5037
5037
5037
5037
5037
5037
5037
5037
5037
5037
5037
5037
5037
5037
5037
5037
5037
5037
5037
5037
5037
5037
5037
5037
5037
5037
5037
5037
5037
5037
5037
5037
5037
5037
5037
5037
5037
5037
5037
5037
5037
5037
5037
5037
5037
5037
5037
5037
5037
5037
5037
5037
5037
5037
5037
5037
5037
5037
5037
5037
5037
5037
5037
5037
5037
5037
5037
5037
5037
5037
5037
5037
5037
5037
5037
5037
5037
5037
5037
5037
5037
5037
5037
5037
5037
5037
5037
5037
5037
5037
5037
5037
5037
5037
5037
5037
5037
5037
5037
5037
5037
5037
5037
5037
5037
5037
5037
5037
5037
5037
5037
5037
5037
5037
5037
5037
5037
5037
5037
5037
5037
5037
5037
5037
5037
5037
5037
5037
5037
5037
5037
5037
5037
5037
5037
5037
5037
5037
5037
5037
5037
5037
5037
5037
5037
5037
5037
5037
5037
5037
5037
5037
5037
5037
5037
5037
5037
5037
5037
5037
5037
5037
5037
5037
5037
5037
5037
5037
5037
5037
5037
5037
5037
5037
5037
5037
5037
5037
5037
5037
5037
5037
5037
5037
5037
5037
5037
5037
5037
5037
5037
806
498
220
20
8
624
220
7467
23888
23213
198
262
2105
9322
446
5037
5037
5037
5037
5037
5037
5037
5037
5037
5037
5037
5037
5037
5037
5037
5037
5037
5037
5037
5037
5037
5037
5037
5037
5037
5037
5037
5037
5037
5037
5037
5037
5037
5037
5037
5037
5037
5037
5037
5037
5037
5037
5037
5037
5037
5037
5037
5037
5037
5037
5037
5037
5037
5037
5037
5037
5037
5037
5037
5037
5037
5037
5037
5037
5037
5037
5037
5037
5037
5037
5037
5037
5037
5037
5037
5037
5037
5037
5037
5037
5037
5037
5037
5037
5037
5037
5037
5037
5037
5037
5037
5037
5037
5037
5037
5037
5037
5037
5037
5037
5037
5037
5037
5037
5037
5037
5037
5037
5037
5037
5037
5037
5037
5037
5037
5037
5037
5037
5037
5037
5037
5037
5037
5037
5037
5037
5037
5037
5037
5037
5037
5037
5037
5037
5037
5037
5037
5037
5037
5037
5037
5037
5037
5037
5037
5037
5037
5037
5037
5037
5037
5037
5037
5037
5037
5037
5037
5037
5037
5037
5037
5037
5037
5037
5037
5037
5037
5037
5037
5037
5037
5037
5037
5037
5037
5037
5037
5037
5037
5037
5037
5037
5037
5037
5037
5037
5037
5037
5037
5037
5037
5037
5037
5037
5037
5037
5037
5037
5037
5037
5037
5037
5037
5037
5037
5037
5037
5037
5037
5037
5037
5037
5037
5037
5037
5037
5037
5037
5037
5037
5037
5037
5037
5037
5037
5037
5037
5037
5037
5037
5037
5037
5037
5037
5037
5037
5037
5037
5037
5037
5037
5037
5037
5037
5037
5037
5037
5037
5037
5037
5037
5037
5037
5037
5037
5037
5037
5037
5037
5037
5037
5037
5037
5037
5037
5037
806
498
220
19
8
624
220
19319
20998
24626
198
262
2105
9322
446
5037
5037
5037
5037
5037
5037
5037
5037
5037
5037
5037
5037
5037
5037
5037
5037
5037
5037
5037
5037
5037
5037
5037
5037
5037
5037
5037
5037
5037
5037
5037
5037
5037
5037
5037
5037
5037
5037
5037
5037
5037
5037
5037
5037
5037
5037
5037
5037
5037
5037
5037
5037
5037
5037
5037
5037
5037
5037
5037
5037
5037
5037
5037
5037
5037
5037
5037
5037
5037
5037
5037
5037
5037
5037
5037
5037
5037
5037
5037
5037
5037
5037
5037
5037
5037
5037
5037
5037
5037
5037
5037
5037
5037
5037
5037
5037
5037
5037
5037
5037
5037
5037
5037
5037
5037
5037
5037
5037
5037
5037
5037
5037
5037
5037
5037
5037
5037
5037
5037
5037
5037
5037
5037
5037
5037
5037
5037
5037
5037
5037
5037
5037
5037
5037
5037
5037
5037
5037
5037
5037
5037
5037
5037
5037
5037
5037
5037
5037
5037
5037
5037
5037
5037
5037
5037
5037
5037
5037
5037
5037
5037
5037
5037
5037
5037
5037
5037
5037
5037
5037
5037
5037
5037
5037
5037
5037
5037
5037
5037
5037
5037
5037
5037
5037
5037
5037
5037
5037
5037
5037
5037
5037
5037
5037
5037
5037
5037
5037
5037
5037
5037
5037
5037
5037
5037
5037
5037
5037
5037
5037
5037
5037
5037
5037
5037
5037
5037
5037
5037
5037
5037
5037
5037
5037
5037
5037
5037
5037
5037
5037
5037
5037
5037
5037
5037
5037
5037
5037
5037
5037
5037
5037
5037
5037
5037
5037
5037
5037
5037
5037
5037
5037
5037
5037
5037
5037
5037
5037
5037
5037
5037
5037
5037
5037
5037
5037
806
498
220
18
8
624
220
25465
20417
14274
7361
262
674
4497
6485
8026
9246
198
262
2105
9322
446
1041
4645
1041
5120
931
4645
5120
4119
931
5037
10731
1041
931
4119
931
1041
7755
10731
10731
7755
5120
5120
1041
10731
5120
7755
7755
10731
4119
4119
4119
7755
1041
1041
1041
1041
10731
10731
10731
4119
10731
5120
5120
5037
931
7755
4119
7755
1041
931
1041
4645
931
5120
7755
1041
4119
4645
4645
931
931
5037
5120
5120
5037
931
1041
10731
931
4119
10731
5037
4119
5120
7755
1041
10731
4645
4119
5037
5037
1041
10731
1041
4645
10731
4645
5120
5120
5120
4645
4645
7755
7755
1041
7755
5120
5037
10731
4119
5120
4645
5120
4645
4645
7755
4119
7755
1041
7755
4645
1041
1041
10731
10731
931
5037
4645
10731
4119
931
4119
5120
10731
1041
10731
4645
931
4645
4645
7755
5120
7755
10731
931
5120
7755
1041
931
5120
1041
7755
10731
4645
5037
4119
10731
4119
5037
1041
5120
4645
7755
931
4645
7755
4119
1041
5120
931
7755
931
1041
5120
931
1041
931
7755
5037
4119
931
5120
7755
7755
7755
1041
4645
931
7755
10731
931
4645
4645
4645
1041
4645
1041
931
5120
10731
5120
10731
1041
7755
5037
1041
7755
5037
931
5120
10731
931
4119
5120
10731
5120
7755
1041
4645
10731
931
4645
4119
10731
4645
10731
10731
7755
7755
931
7755
5120
931
5037
4645
931
5037
7755
4119
10731
4119
7755
4645
931
7755
4645
10731
5120
10731
5120
931
5037
931
4645
5037
931
5120
10731
10731
931
4119
5037
10731
931
4119
7755
5037
7755
10731
7755
1041
5037
5037
4645
931
931
1721
498
220
19
8
624
220
21910
25454
26979
198
262
2105
9322
446
5037
5120
931
5120
7755
5120
7755
1041
4119
931
931
7755
4119
7755
5037
5120
5037
7755
10731
4645
4119
4645
10731
10731
931
5120
5120
4119
931
5037
4119
5120
7755
1041
4645
4645
7755
5120
10731
7755
7755
4119
4119
1041
5037
7755
5037
4645
4645
5037
1041
4119
1041
5120
5120
5120
7755
5120
10731
931
931
5037
5120
5037
5120
7755
5037
7755
5120
5120
5120
5037
10731
4119
5037
4119
1041
10731
7755
7755
5037
5120
5120
5037
4645
10731
7755
4119
931
4119
4119
5037
4119
5120
1041
931
5037
5120
10731
7755
5037
4645
4119
5037
7755
4645
10731
931
7755
4119
5120
4119
1041
1041
5037
4645
10731
5037
10731
5037
5120
5037
7755
5037
10731
1041
5120
4119
931
5037
4119
5037
5037
1041
7755
5037
5037
5120
4119
931
7755
10731
1041
4645
4645
5120
4119
5037
4645
7755
4645
4645
5037
931
931
1041
7755
10731
5120
5120
1041
4119
5037
7755
5037
5120
4119
10731
7755
4119
5037
5037
4119
1041
5037
4119
4119
5037
10731
5120
5037
7755
5037
4119
1041
5037
931
10731
931
10731
1041
4645
931
4119
10731
4645
7755
931
4645
5120
7755
7755
4645
931
5037
7755
931
7755
4119
4119
5037
4119
931
4645
5037
5120
5037
931
5037
931
4645
4119
10731
931
4119
7755
4645
4645
7755
4119
4119
7755
1041
931
10731
10731
4119
4645
4119
10731
4119
4645
931
10731
4645
4119
7755
4119
4119
4645
4119
4645
4119
4645
5120
931
1041
10731
5037
1041
4645
931
5037
4645
5037
5120
1721
498
220
16
8
624
220
4728
198
262
2105
9322
446
4645
10731
5120
4645
5037
5120
10731
1041
4645
10731
931
7755
7755
5120
10731
4119
4645
5037
5037
10731
5120
931
931
5037
1041
4119
10731
10731
10731
1041
5120
10731
4645
5120
5037
7755
10731
10731
931
10731
4119
1041
10731
5037
1041
5037
10731
1041
4645
5037
931
931
10731
1041
7755
5120
4119
10731
5120
5120
1041
4645
4645
4645
5120
5037
7755
7755
4645
4119
1041
1041
4645
5120
1041
10731
10731
5120
5120
10731
1041
1041
931
7755
1041
4645
7755
7755
1041
4645
4645
4645
4119
7755
5120
931
4119
10731
4645
931
4645
5037
7755
4645
4645
10731
1041
5120
1041
1041
5037
5120
4119
931
4645
5120
4119
10731
7755
1041
5120
7755
4119
5120
1041
5037
10731
4119
931
1041
931
10731
7755
10731
4119
1041
5120
7755
7755
7755
1041
4645
5120
10731
4119
5037
7755
4645
5120
5037
4645
5037
1041
4645
5037
7755
7755
4119
4119
931
5037
4645
931
10731
5120
5037
4645
931
5037
4119
1041
4645
5037
7755
1041
10731
5120
5120
931
5037
10731
1041
7755
10731
10731
1041
4119
1041
5037
10731
4645
1041
10731
4119
10731
5037
1041
10731
4645
10731
10731
931
10731
5037
7755
5120
10731
5120
10731
5120
931
7755
1041
5120
5037
1041
5120
7755
4645
7755
1041
931
7755
931
5037
4119
5120
5120
5037
5037
7755
5037
10731
4119
1041
10731
931
4645
4119
5037
7755
931
4119
5037
1041
931
4645
931
5037
10731
10731
10731
1041
4119
5120
4645
4119
4645
7755
4645
4645
10731
1041
4645
10731
10731
410
498
220
16
8
624
220
4728
198
262
2105
9322
446
1041
5120
5037
7755
931
7755
4645
4645
5037
5120
5120
931
931
5120
4645
5120
5120
5120
7755
7755
5120
5037
4119
4645
4645
1041
5037
5120
4645
7755
5120
5120
4119
5037
4645
5120
4645
7755
5037
5120
5037
7755
4119
5120
10731
5120
5120
5120
5037
5037
5120
10731
4119
4645
4645
931
1041
1041
5037
5120
4119
5120
4645
4119
7755
931
1041
5037
1041
931
4119
7755
5120
4119
5037
7755
5120
10731
5120
10731
7755
5120
931
931
1041
10731
10731
931
4645
10731
4119
10731
5120
7755
5037
4119
5120
10731
5037
4119
4119
4119
5037
5037
931
5037
5120
7755
4119
4645
1041
5120
5037
1041
5120
931
7755
5037
7755
4119
5037
10731
5120
10731
4119
1041
5120
4119
1041
931
7755
1041
4119
10731
4645
4645
5120
10731
7755
1041
5120
7755
4119
5120
1041
5120
7755
4645
10731
5120
4119
7755
931
10731
4119
4119
7755
931
4119
7755
1041
5120
5120
10731
10731
4119
931
4645
5037
5120
7755
4119
5120
931
4645
4645
1041
931
7755
7755
4119
5120
5120
7755
4119
5037
5037
4645
5120
931
5120
931
4645
5037
4645
931
1041
1041
5037
931
10731
1041
1041
5120
4645
7755
1041
10731
931
4119
7755
4645
5037
4119
4119
5120
4645
5120
1041
7755
5120
4645
5037
1041
7755
4645
5037
10731
7755
4119
10731
5037
4119
4645
4119
1041
1041
5037
10731
931
5120
4645
5120
1041
4645
931
5037
4645
1041
931
7755
5037
5037
10731
1041
7755
5120
7755
1041
5037
7755
10731
5037
931
1041
5120
806
498
220
17
8
624
220
16085
8874
19447
198
262
2105
9322
446
5037
931
5037
7755
7755
1041
7755
5120
1041
4645
7755
1041
1041
5037
1041
4119
5120
7755
931
5120
4645
10731
5037
931
4119
5120
4119
931
5037
931
7755
10731
4645
10731
10731
7755
5037
5120
10731
931
10731
10731
4645
5037
10731
1041
5120
4119
4645
5037
5120
1041
4645
10731
5037
5120
7755
1041
5037
1041
4645
5037
4645
931
1041
931
931
1041
10731
7755
4119
4645
5120
10731
4645
10731
931
4119
4645
4645
10731
931
7755
5037
7755
10731
5120
931
4119
931
1041
931
5037
931
4645
10731
7755
10731
4119
4645
10731
4119
7755
931
7755
5120
5037
931
10731
5120
7755
1041
4119
4119
7755
5120
10731
4119
10731
10731
1041
1041
931
10731
10731
1041
5120
10731
7755
7755
1041
10731
7755
10731
4645
7755
4645
7755
7755
10731
1041
931
1041
10731
1041
4119
5120
4645
1041
931
7755
5037
4119
7755
4119
5037
4645
931
931
4645
10731
1041
4645
1041
5037
931
7755
4119
5037
7755
931
10731
5120
4645
1041
7755
931
5037
4119
10731
5120
931
5120
7755
931
931
1041
1041
10731
5120
4645
5037
1041
10731
7755
1041
10731
5037
4645
931
7755
4645
10731
4119
7755
7755
4645
4119
1041
4645
931
1041
5037
4119
10731
4119
7755
7755
4119
4645
5037
1041
1041
5037
931
7755
931
5120
5120
4645
1041
931
4119
1041
931
5037
5120
7755
10731
4645
7755
5120
10731
931
1041
7755
10731
7755
1041
10731
4119
5037
931
1041
931
7755
7755
5120
7755
4119
10731
5037
5037
4645
1041
4645
806
498
220
18
8
624
220
16443
3965
26720
198
262
2105
9322
446
4645
5037
4119
5120
10731
7755
5120
5120
1041
1041
4645
10731
5120
4119
1041
4645
7755
931
4645
5120
5120
7755
5037
10731
4119
4645
5037
1041
931
7755
10731
10731
5120
931
4645
1041
5120
10731
10731
10731
1041
1041
10731
1041
5120
1041
931
5120
7755
7755
10731
10731
1041
4119
10731
7755
4645
1041
7755
4645
7755
7755
5120
931
1041
10731
5037
1041
7755
931
5037
4645
5120
931
10731
5120
931
4119
7755
5037
4119
7755
4119
4119
7755
4645
7755
1041
1041
7755
931
4645
5037
5037
931
10731
4119
4119
931
931
931
5120
10731
5120
10731
10731
5120
4645
7755
4119
7755
4645
4119
10731
10731
4645
10731
4119
4119
1041
4645
7755
1041
931
4645
931
5120
5037
931
7755
1041
931
7755
7755
5120
5037
5037
10731
10731
10731
4645
7755
4119
931
10731
5120
4645
7755
931
10731
4645
931
4645
10731
10731
931
4645
7755
931
10731
5120
931
931
931
931
4119
5037
7755
4645
5120
4119
931
4645
5037
931
1041
931
5120
4119
931
931
10731
4645
931
5037
10731
4119
5120
4119
5037
4645
931
10731
1041
5037
5120
1041
1041
7755
4645
10731
4645
5120
5037
4645
5037
10731
5120
5037
931
5037
5120
1041
10731
1041
931
4645
4119
5120
5120
10731
4119
5120
931
7755
10731
5120
10731
5037
7755
4645
1041
4645
1041
5120
4645
931
1041
1041
10731
10731
1041
4119
10731
1041
4119
4645
1041
931
5120
4119
5120
7755
4645
10731
10731
931
10731
10731
1041
5120
10731
5037
7755
5120
4119
605
498
220
18
8
624
220
21505
21209
3443
271
2
5560
1817
11773
4803
1311
79385
8
311
1629
7177
627
74694
100265
198
100264
78191
198
74694
12958
198
755
1797
4803
1311
79385
1161
25
610
11
597
25
528
8
1492
528
512
262
19186
284
220
605
334
24
489
220
22
198
262
308
284
528
1161
11
220
17
340
262
422
308
624
220
16
512
286
471
220
15
271
262
674
11581
12335
1483
87
60
284
1396
315
5627
6041
505
865
11
1701
520
1455
296
7504
311
5662
220
16
198
262
674
2030
584
1205
311
1797
5219
366
308
430
649
387
11293
311
220
16
304
2717
74
7504
627
262
674
4452
11
433
596
8831
320
438
14343
369
17413
8
311
1005
16099
8915
15840
345
262
674
477
30729
927
682
5219
366
308
323
38553
279
1920
320
11536
308
2717
220
17
61
4728
374
6908
345
262
674
719
597
374
2678
320
8367
20
570
1226
3358
1005
91451
505
220
16
709
311
308
12
16
449
597
7504
11
719
430
374
2288
2466
627
262
674
2100
584
1005
279
87975
5603
369
1855
9322
865
512
262
674
2030
1524
430
374
2288
6435
11
779
584
1005
264
22154
1534
31919
5603
26060
2764
5219
366
308
271
262
505
57566
1179
326
2739
11790
271
262
571
75
2739
11790
8913
2190
5980
340
262
711
7504
2120
25
528
8
1492
528
512
286
4304
5715
1396
315
7504
311
5662
220
16
369
865
4669
279
5784
320
4590
1797
570
7275
286
13497
284
220
15
198
286
348
284
865
198
286
1418
348
976
220
16
512
310
422
348
624
220
15
512
394
674
15037
25501
220
16
11
779
24746
477
8482
11
719
865
29
15
779
420
2834
956
3621
369
865
10123
16
198
394
471
2273
493
13885
1329
310
348
284
9736
3832
570
1868
493
16
1329
310
13497
1447
220
16
198
310
422
13497
871
597
512
394
471
13497
220
674
4497
1109
597
7504
1511
198
286
471
13497
271
262
711
374
4803
1311
79385
2120
25
528
8
1492
1845
512
286
471
7504
2120
8
2717
597
271
262
674
1226
1205
311
1797
279
5219
220
16
2717
865
366
308
1778
430
374
4803
1311
79385
2120
340
262
674
2030
25213
420
6089
369
6908
308
374
12266
13
1226
1205
264
16099
32857
627
262
674
6914
596
7124
279
1614
369
16099
32857
1405
584
3839
279
1510
907
1491
220
17
13571
74
10
16
8
320
11536
1306
597
7504
345
262
674
279
907
649
1193
18979
19019
11
323
584
2512
1193
922
3508
433
649
5662
220
16
2949
597
7504
4390
262
674
4452
11
264
35388
1648
2533
597
374
779
2678
25
1226
690
1920
5219
2753
1109
308
555
872
9660
345
262
674
323
520
1855
3094
11
2567
3839
315
279
1396
315
7677
10887
779
3117
323
279
1510
907
345
262
674
719
22154
553
3196
389
9436
323
5784
1797
323
279
1510
330
970
60964
3403
311
6965
279
597
7504
11690
262
674
34863
11
449
597
2717
20
11
279
907
649
520
1455
387
11293
220
20
3115
512
262
674
4740
220
16
267
3094
25
520
1455
220
2148
320
20
9660
340
262
674
4740
220
17
303
25
520
1455
220
20
198
262
674
4740
220
18
6634
25
520
1455
220
18
198
262
674
4740
220
19
339
25
520
1455
220
17
198
262
674
4740
220
20
339
25
520
1455
220
16
320
46584
842
340
262
674
2100
279
7340
1396
315
7504
2631
369
5219
366
17
61
843
320
8370
5764
682
1618
8
374
2678
627
262
674
14636
11
584
649
656
264
57483
927
279
9660
315
279
1396
11
10494
3839
315
512
262
674
482
2361
304
279
2766
928
320
1527
2163
311
1314
340
262
674
482
10508
320
333
9436
17239
308
596
9436
779
3117
340
262
674
482
9861
7504
320
74
1523
311
220
15
340
262
674
482
1510
1396
320
8248
1193
1205
311
3839
709
311
1973
907
430
649
2103
5662
220
16
304
279
9861
7504
696
262
674
2057
5766
16891
11
5296
430
5219
430
1306
259
7504
690
3719
2717
220
17
61
83
12
16
320
11536
2766
1868
520
1855
3094
2717
259
340
262
674
2100
11
422
9861
23566
284
436
11
279
1510
907
2011
387
2717
220
17
61
81
482
220
16
311
11000
6381
304
436
7504
198
262
674
2100
584
649
2107
279
1510
907
311
320
17
61
81
482
220
16
696
262
674
32175
16099
32857
1473
262
8498
1702
284
2479
1161
340
262
2218
284
1160
1161
696
262
505
57566
1179
326
2739
11790
439
11581
918
2739
271
262
711
16099
2401
4369
70001
997
286
674
7316
8026
925
311
528
11
719
1193
709
311
2479
70001
8
9660
198
286
471
528
493
4527
6115
70001
705
220
17
696
262
571
9996
918
2739
8913
2190
5980
340
262
711
11581
12539
11
10508
11
1323
23566
11
1510
20635
997
286
674
1153
25
1510
1963
304
279
8026
925
320
1527
220
15
369
10504
33
340
286
674
10508
25
3508
3766
9660
527
7041
6273
311
308
596
9436
198
286
674
1323
23566
25
1268
1690
7504
2163
320
4919
1005
709
311
1323
23566
810
7677
340
286
674
1510
20635
25
1160
315
9660
12146
779
3117
320
4931
33
1176
340
286
674
4780
279
1797
315
5219
37154
279
17413
198
286
422
1153
624
8498
1702
512
310
674
53726
4857
279
1396
198
310
1062
284
16099
2401
4369
8937
20635
340
310
674
4343
422
1062
366
308
320
5562
387
837
422
10508
574
220
15
477
220
16
520
842
323
279
1396
574
2764
340
310
674
2030
439
584
5918
433
1234
10508
22295
11
433
596
2736
366
308
422
539
10508
520
842
198
310
674
2030
311
387
6220
198
310
422
1062
366
308
323
1323
23566
2669
220
15
323
649
1311
613
62
16
8937
3220
16972
493
4527
6115
8937
20635
705
17
705
1973
23566
28
1864
23566
997
394
471
220
16
198
310
775
512
394
471
220
15
271
286
594
284
220
15
198
286
1973
14323
284
528
8807
22376
2526
422
10508
775
220
16
198
286
369
2766
304
2134
8913
14323
489
220
16
997
310
502
530
492
284
10508
323
320
4590
624
1973
14323
340
310
674
3639
374
279
1973
3284
907
1306
19301
420
2766
323
9861
7504
5380
310
674
1442
584
617
1323
23566
7504
2163
320
16564
420
832
422
584
656
279
5784
705
719
584
2351
1120
50453
279
1396
627
310
674
578
1401
374
25
1306
25270
279
1396
11
1268
1690
7504
690
433
1935
311
8108
311
220
16
5380
310
674
1226
649
956
1440
3156
584
6381
682
9660
11
719
584
649
4017
25
279
1510
9436
649
387
520
1455
220
17
61
1864
23566
482
16
311
11000
12265
304
1323
23566
7504
627
310
674
2100
422
279
1396
15609
555
1510
20635
489
2564
374
2736
8294
1109
220
17
61
1864
23566
482
16
11
433
649
956
12265
627
310
674
2030
2391
279
32857
11
584
1193
1205
311
3839
279
907
439
433
374
11
323
994
584
5662
279
842
11
38553
279
7504
382
310
674
2100
584
1120
1522
279
7276
9660
323
1095
279
15372
734
1817
627
310
594
1447
11581
12539
489
220
16
11
502
530
492
11
1323
23566
11
1510
20635
489
510
496
55772
28243
286
471
594
1034
19186
271
262
711
649
1311
613
62
16
2120
25
528
11
1973
23566
25
528
8
1492
1845
512
286
674
4567
6468
279
597
5621
13677
1920
369
264
3254
1396
198
286
7504
58526
284
220
15
198
286
348
284
865
198
286
1418
348
976
220
16
323
7504
58526
366
1973
23566
512
310
348
284
9736
3832
570
1868
493
16
1329
310
7504
58526
1447
220
16
198
286
471
348
624
220
16
323
7504
58526
2717
1973
23566
271
262
674
4800
1629
279
32857
505
1153
28
15
11
10508
3702
11
1323
23566
46257
11
1510
20635
28283
262
471
16099
2401
4369
8807
8
674
6002
11
1457
3604
1650
279
32857
198
262
674
34863
512
262
8261
284
11581
7
15
11
3082
11
597
11
28714
262
471
8261
1034
19186
198
14196
4077
14524
11
1070
574
264
3575
449
279
16099
32857
6070
3485
25
358
2646
3604
11798
433
12722
304
279
2082
2565
13
12361
11
358
3358
3493
264
4495
2373
3196
389
1675
15853
279
1920
369
1855
1396
2753
1109
308
11
719
449
22154
2065
323
86292
311
3790
3544
308
320
17206
3582
308
649
387
220
17
61
4728
719
597
374
2678
570
4452
11
430
596
2103
539
43303
13
578
4495
5603
1618
374
311
1005
16099
32857
15194
279
1510
907
60964
320
17
13571
74
10
16
595
1606
1306
597
7504
11
279
907
2011
5662
220
16
11
323
279
1396
315
7504
374
2678
13
4815
4071
2728
279
23965
323
279
2144
430
279
3575
25283
459
11297
6425
320
11536
17413
527
2479
1161
8
2717
220
4728
705
279
4495
6425
5829
16099
8915
15840
10494
3839
315
279
1396
315
7504
9861
323
279
1510
907
596
9959
961
320
11536
1306
597
7504
11
279
907
690
6288
6068
3770
264
3544
1396
570
4815
11458
11
358
13383
430
369
279
3575
11
279
10825
6425
374
311
5406
430
369
264
1396
311
387
597
5621
79385
11
1202
597
30308
2766
1868
8957
2011
842
520
220
16
2949
597
7504
13
2100
11
279
32857
690
3839
369
1855
2361
304
279
8026
925
11
3508
584
527
2103
10508
311
308
596
9436
11
1268
1690
7504
617
1027
1511
304
279
14278
1920
320
8248
3604
11
539
2391
279
1396
8246
11
719
520
279
842
570
39578
11
584
649
38553
279
1920
29512
505
220
16
11
4857
709
5219
430
649
5662
220
16
304
520
1455
597
7504
11
1243
1797
1268
1690
1778
5219
527
2753
1109
308
382
4071
2728
892
17413
323
430
279
1296
5157
527
2736
5439
11
358
690
3493
264
2373
430
6089
1675
24031
279
1920
369
1855
1396
719
5829
22154
2065
369
5219
430
617
2736
1027
10273
320
8248
420
690
990
369
2678
597
323
24070
308
304
6725
11
323
369
279
2728
17413
315
597
2717
20
323
308
709
311
220
17
61
4728
719
1193
33921
311
1797
1884
430
649
5662
220
16
304
520
1455
220
20
7504
11
902
374
1633
7347
3677
11458
11
279
5150
11928
6425
304
15840
47603
369
1778
5435
374
264
16099
32857
430
11
1418
4857
279
1396
2766
555
2766
11
14242
279
3284
1396
315
7504
4460
311
5662
220
16
994
8220
13
2057
656
420
11
584
3839
369
1855
2361
279
1510
907
1491
2555
11
323
279
9861
5535
7504
382
4071
311
2567
433
4382
323
1522
682
279
7177
320
11536
279
1296
5157
527
2728
323
279
6205
11374
527
682
2678
705
1618
596
264
3318
8292
3196
389
1675
15853
279
14278
323
1701
22154
2065
369
2736
25157
5219
1473
4071
430
596
539
43303
369
1633
3544
308
13
32140
279
4495
11297
8292
374
279
16099
32857
430
14242
11
520
1855
2766
2361
11
279
1510
907
60964
220
17
13571
74
10
16
705
323
279
1396
315
7504
1511
779
3117
13
2030
1618
596
264
4495
8292
3196
389
279
3485
6492
1473
14524
11
1306
40175
287
11
279
1888
5603
2728
279
3575
17413
320
74
709
311
220
20
8
374
311
13383
430
904
1396
430
1306
520
1455
597
8522
315
330
4590
1797
1
25501
220
16
649
387
520
1455
320
17
61
74
482
220
16
8
1306
597
7504
320
11536
1855
3094
41800
279
1396
555
1202
2766
1797
11
902
374
520
1455
279
1396
315
9660
570
15636
11
2391
279
16099
32857
11
584
649
2107
279
1510
907
311
220
17
13571
44536
7504
489
220
16
8
482
220
16
382
8586
596
279
4495
16099
32857
8292
369
279
734
1473
74694
12958
198
755
1797
4803
1311
79385
1161
25
610
11
597
25
528
8
1492
528
512
262
19186
284
220
605
334
24
489
220
22
198
262
308
284
528
1161
11
220
17
340
262
422
308
624
220
16
512
286
471
220
15
220
674
2360
6928
7698
2753
1109
220
16
271
262
674
1226
3358
1005
16099
32857
311
1797
5219
366
308
430
649
387
11293
311
220
16
304
38394
597
7504
627
262
674
3314
25
320
981
11
10508
11
7504
9774
11
1510
3220
340
262
674
4452
11
1510
3220
649
387
3544
11
779
584
2107
433
2533
1306
259
7504
433
2011
387
38394
220
17
61
83
12
16
198
262
674
2100
2391
279
32857
11
369
9861
7504
436
11
1510
3220
1288
387
34156
709
311
320
17
61
81
482
16
340
262
674
2057
40821
11
584
1005
459
1358
315
32857
12920
369
1855
2361
11
449
10508
320
15
14
16
705
323
907
60964
320
17
48922
74
10
16
92
4390
262
674
9393
1306
597
7504
11
279
907
649
1193
387
520
1455
220
17
61
74
11
779
15194
1491
220
17
48922
74
10
16
92
374
14343
382
262
505
57566
1179
326
2739
11790
271
262
426
284
2479
1161
696
262
674
5075
28806
279
75124
369
907
15194
198
262
8498
6224
284
220
17
3146
320
74
489
220
16
8
220
674
2533
1306
259
7504
11
907
38394
220
17
61
83
12
16
38394
220
17
61
74
366
220
17
48922
74
10
16
534
262
19186
6224
284
220
17
3146
320
74
489
220
16
8
220
674
719
584
656
1491
19186
520
279
842
11
779
912
1205
311
1491
1618
271
262
674
11581
12539
11
10508
11
1062
7632
11
1511
23566
8
719
3604
584
649
16343
1139
832
220
19
35
326
2739
11790
198
262
571
75
2739
11790
8913
2190
5980
340
262
711
11581
12539
11
10508
11
1062
11
1511
997
286
674
1153
25
1510
1963
320
15
6108
505
2163
340
286
674
10508
25
220
15
477
220
16
11
3508
279
9436
374
6273
311
308
596
9436
198
286
674
1062
25
1510
907
1491
320
17
48922
74
10
16
3602
286
674
1511
25
1396
315
14278
7504
2736
2884
320
9493
8220
11
2011
387
38394
74
340
286
422
1153
624
426
512
310
674
578
1396
374
4686
11
5625
1062
1491
311
5150
1396
320
29177
387
709
311
366
220
17
48922
74
10
16
3602
310
674
4800
38553
279
14278
1920
311
1518
422
433
25501
220
16
304
38394
74
7504
198
310
348
284
1062
1034
19186
6224
220
674
2533
1062
374
2736
1491
9988
11
719
1436
387
220
15
497
17
48922
74
10
16
20312
16
198
310
7504
58526
284
220
15
198
310
1418
348
976
220
16
323
7504
58526
366
597
512
394
348
284
9736
3832
570
1868
493
16
1329
394
7504
58526
1447
220
16
198
310
422
348
624
220
16
323
7504
58526
2717
597
512
394
471
220
16
198
310
775
512
394
471
220
15
271
286
594
284
220
15
198
286
4017
284
528
1161
22376
2526
422
10508
775
220
16
198
286
369
2766
304
2134
53362
489
220
16
997
310
502
530
492
284
10508
323
320
4590
624
4017
340
310
502
6320
284
320
838
353
220
17
489
2766
8
1034
19186
6224
220
674
32931
2163
320
65748
555
220
17
8
323
7999
279
502
2766
198
310
502
28903
284
1511
220
674
1193
31094
994
4686
11
779
8625
220
15
3156
842
198
310
594
1447
11581
12539
489
220
16
11
502
530
492
11
502
6320
11
502
28903
340
286
471
594
1034
19186
271
262
674
4220
1650
25
1153
28
15
11
10508
28
16
320
25849
387
366
308
11
779
15453
10508
3702
705
1062
28
15
11
1511
28
15
198
262
471
11581
7
15
11
3082
11
220
15
11
220
15
8
1034
19186
198
14196
19884
11458
11
420
2103
2643
539
7041
990
1606
279
14278
1920
14117
389
279
2539
7698
907
11
539
1120
1202
1491
13
2030
1606
1306
1855
14278
3094
279
907
21701
75251
320
11536
2766
1868
315
264
1396
296
374
520
1455
1515
17
1278
7405
16
705
1243
1306
597
7504
279
907
374
520
1455
220
17
61
74
11
779
15194
60964
220
17
48922
74
10
16
92
374
3403
311
38553
279
1920
520
279
842
382
45600
11
420
32857
1288
990
369
279
2728
17413
323
1522
682
279
6205
7177
13
2100
1618
374
279
1620
4495
2082
2565
439
2631
1473
14196
4077
755
1797
4803
1311
79385
1161
25
610
11
597
25
528
8
1492
528
512
262
19186
284
220
605
334
24
489
220
22
198
262
308
284
528
1161
11
220
17
340
262
422
308
624
220
16
512
286
471
220
15
198
262
426
284
2479
1161
340
262
8498
21386
284
220
16
1134
320
74
489
220
16
8
220
674
220
17
13571
74
10
16
340
1084
262
505
57566
1179
326
2739
11790
271
262
571
75
2739
11790
8913
2190
5980
340
262
711
11581
12539
11
10508
11
1062
11
1511
997
286
422
1153
624
426
512
310
674
1062
374
279
1396
779
3117
1491
220
17
48922
74
10
16
534
310
674
38553
279
597
5621
13677
1920
198
310
1510
284
1062
198
310
7504
284
220
15
198
310
1418
1510
976
220
16
323
7504
366
597
512
394
1510
284
9736
8937
570
1868
493
16
1329
394
7504
1447
220
16
198
310
471
220
16
422
320
3311
624
220
16
323
7504
2717
597
8
775
220
15
198
286
4017
284
528
1161
22376
2526
422
10508
775
220
16
198
286
2860
284
220
15
198
286
369
2766
304
2134
53362
489
220
16
997
310
502
530
492
284
10508
323
320
4590
624
4017
340
310
502
6320
284
320
838
353
220
17
489
2766
8
1034
8498
21386
198
310
2860
1447
11581
12539
489
220
16
11
502
530
492
11
502
6320
11
1511
340
286
471
2860
1034
19186
271
262
471
11581
7
15
11
3082
11
220
15
11
220
15
8
1034
19186
198
14196
19884
2028
8292
1288
1522
682
279
3984
1296
5157
627
100265
198
100264
882
271
7927
3766
4879
4745
279
7177
13
5810
596
279
1493
512
220
2958
36674
99125
20811
55
5289
72
49
22
7345
498
1584
220
3226
198
262
4452
11
420
2103
2643
539
7041
990
1606
279
14278
1920
14117
389
279
2539
7698
907
11
539
1120
1202
1491
13
2030
1606
1306
1855
14278
3094
279
907
21701
75251
320
11536
2766
1868
315
264
1396
296
374
520
1455
1515
17
1278
7405
16
705
1243
1306
597
7504
279
907
374
520
1455
220
17
61
74
11
779
15194
60964
220
17
48922
74
10
16
92
374
3403
311
38553
279
1920
520
279
842
627
1733
6440
62824
198
34990
1480
25
8482
20047
14963
1271
312
42612
11
420
374
701
3465
25
4557
279
2768
734
12223
323
4733
928
11
7373
4305
279
734
7633
323
1522
682
279
7177
13
3146
5989
4276
70765
3247
13916
50
13
57277
2675
1288
15411
279
2082
499
11041
304
264
67859
2082
2565
320
817
10103
33981
320
20670
690
33316
279
4113
5865
8
100265
198
100264
78191
198
8586
374
264
7373
4495
323
3318
8292
430
16609
682
279
6205
1296
5157
320
16564
279
3544
6305
8
555
1701
264
16099
32857
430
10489
14242
279
1396
315
7504
4460
369
279
14278
1920
505
279
2539
3284
7698
907
320
4636
15609
304
264
1648
43303
369
279
17413
570
578
1401
374
311
13383
430
279
14278
1920
374
73449
369
1855
7698
11
323
279
32857
2011
6106
430
11
994
279
1396
374
7373
20968
11
433
649
387
16625
311
220
16
2949
597
7504
382
11458
11
4245
311
279
14560
1404
315
308
320
455
311
220
17
61
4728
705
584
4250
1920
1855
1396
32399
13
578
4495
5603
374
311
1005
16099
32857
449
5415
10494
3839
315
1473
12
578
1510
2361
304
279
8026
925
198
12
13440
279
9436
374
2103
62215
555
308
320
75282
5292
340
12
578
1510
907
60964
320
17
13571
74
10
16
595
2533
1306
597
47311
11
279
907
374
520
1455
220
17
61
74
198
12
578
1396
315
14278
7504
2736
2631
311
5662
264
907
3770
477
6273
311
1510
320
8248
3604
11
584
1193
1817
520
279
842
555
1675
15853
279
8957
369
279
2539
907
696
4071
2533
279
14278
14117
389
279
353
9054
9
907
11
539
264
1491
9988
832
320
39830
279
1396
374
4686
705
279
32857
2011
4619
38553
11
520
279
842
11
279
1396
315
7504
369
279
20968
1396
13
4452
11
311
5766
10363
1113
682
5219
709
311
308
11
584
1005
279
2144
430
3131
279
907
21701
3770
264
3738
12447
320
4908
220
17
61
74
705
279
9861
7504
527
4228
311
12849
323
649
387
34156
304
279
32857
1614
382
8586
596
264
22514
6425
1701
16099
32857
11
15194
2225
279
9436
323
264
330
3311
8582
6965
1
430
26420
584
649
2103
5662
220
16
304
520
1455
597
7504
13
578
1614
690
3839
1268
1690
7504
527
2163
311
11000
2103
5662
220
16
320
72
1770
2637
9861
7504
5535
3677
4071
264
810
31439
1648
320
11536
597
374
1633
2678
8
374
311
1005
264
31919
734
430
369
1855
9322
1396
366
308
11
1675
24031
279
14278
1920
1193
994
4460
11
719
1005
22154
2065
369
5219
2736
15590
369
4732
13
4452
11
2728
279
5569
315
308
11
420
374
1193
43303
422
584
1005
264
16099
32857
430
11
520
1855
3094
11
14242
279
1510
907
596
3284
2766
27678
8957
709
311
597
7504
382
6153
45243
323
13126
15022
15840
10886
369
420
955
315
3575
320
65387
311
18189
311
9777
5424
4785
597
3115
705
279
4495
1648
374
311
1005
264
16099
32857
430
369
1855
9436
11
14242
279
17832
3284
907
1306
259
7504
320
269
2555
4528
570
4452
11
279
30689
1648
311
1522
682
279
2728
1296
5157
320
36046
279
3544
6305
8
374
311
1005
264
16099
32857
430
14242
1473
12
2361
304
279
8026
925
198
12
10508
22295
198
12
1268
1690
7504
617
1027
4529
779
3117
304
279
14278
1920
320
8248
539
6089
11
1606
499
649
956
1440
3156
279
1396
374
4686
696
14524
2345
74128
11
279
5410
5603
374
311
1646
279
1920
304
10134
25
1977
682
5219
430
649
5662
220
16
304
38394
74
7504
11
1243
1797
1268
1690
315
1124
527
366
308
382
4071
4857
1778
5219
53947
449
16099
32857
1473
1688
1855
32857
1614
11
584
3839
1473
12
2361
304
279
8026
925
320
1527
2163
11
10504
33
340
12
10508
320
49864
584
527
2103
1234
308
596
9436
340
12
7504
60344
320
5269
1690
810
47311
649
2103
387
9435
311
11000
5662
220
16
340
12
1510
3220
320
8248
1193
2567
433
2678
555
272
3713
433
11
2533
1306
7504
60344
7504
11
279
1973
433
649
387
374
220
17
48922
25047
60344
92
482
16
696
4516
1618
596
279
4495
8292
430
1288
1522
682
279
7177
1473
74694
12958
198
755
1797
4803
1311
79385
1161
25
610
11
597
25
528
8
1492
528
512
262
19186
284
220
605
334
24
489
220
22
198
262
308
284
528
1161
11
220
17
340
262
422
308
624
220
16
512
286
471
220
15
271
262
505
57566
1179
326
2739
11790
271
262
445
284
2479
1161
696
262
674
1226
3358
656
16099
32857
13
2468
1855
3094
11
3839
512
262
674
482
1153
320
3311
2766
2361
340
262
674
482
10508
320
15
14
16
8
422
1510
9436
17239
308
596
9436
779
3117
198
262
674
482
7504
9774
320
44536
5535
14278
7504
1306
25270
279
1396
340
262
674
482
1062
320
3311
1396
1694
5918
11
719
61246
779
433
2646
36375
220
17
48922
25047
9774
20312
16
11
902
374
2717
17
61
74
2533
7504
9774
2717
74
696
262
674
2057
3839
279
1510
907
709
311
279
1486
1405
11
422
584
6381
11
584
649
2103
5662
220
16
304
279
9861
7504
627
262
674
578
7340
4460
374
430
1306
25270
279
1396
11
304
520
1455
597
2860
7504
11
433
26338
311
220
16
627
262
674
2100
2391
8246
11
3839
7504
28903
320
8248
1193
220
15
477
709
311
597
11
2533
584
649
3009
4216
422
7504
28903
36375
597
696
262
674
34863
11
433
596
2731
311
18440
279
3094
26060
3156
279
842
994
279
1396
374
4686
627
262
674
2100
279
32857
690
3839
279
8026
9436
11
323
520
279
842
11
38553
279
14278
7504
369
430
1396
627
262
674
2030
3815
420
369
5219
709
311
220
17
61
4728
374
12266
7389
584
1005
1063
86292
627
262
674
4452
11
2533
597
374
1633
2678
11
584
649
30536
555
27401
430
422
520
904
14278
3094
279
907
36375
220
17
61
83
320
2940
259
374
7504
1511
779
3117
705
433
4250
6381
304
597
7504
627
262
674
2100
584
2107
279
1510
1396
596
907
311
220
17
48922
74
10
16
20312
16
520
682
3115
382
262
8498
6224
284
220
17
3146
320
74
489
220
16
8
220
674
2819
7953
420
649
956
6381
2949
597
7504
271
262
571
75
2739
11790
8913
2190
5980
340
262
711
11581
12539
11
10508
11
1510
6320
11
7504
74033
997
286
422
1153
624
445
512
310
674
19121
279
1396
13
4800
12849
1268
1690
7504
433
5097
311
5662
220
16
627
310
1661
284
1510
6320
198
310
7504
58526
284
220
15
198
310
1418
1661
976
220
16
323
7504
58526
366
597
512
394
7504
58526
1447
220
16
198
394
1661
284
9736
8228
570
1868
493
16
1329
310
674
1442
433
25501
220
16
2949
597
7504
11
1797
433
198
310
471
220
16
422
320
2470
624
220
16
323
7504
58526
2717
597
8
775
220
15
271
286
594
284
220
15
198
286
8582
284
528
1161
22376
2526
422
10508
775
220
16
198
286
369
293
304
2134
7
13886
489
220
16
997
310
502
530
492
284
10508
323
320
65
624
8582
340
310
674
3277
4857
279
1828
2766
11
1510
6320
374
30073
2163
320
65748
555
220
17
8
1243
923
2766
198
310
674
2030
311
2567
433
2678
11
2107
433
311
8498
6224
12
16
320
11536
4205
5190
4250
6381
304
597
7504
340
310
502
6320
284
320
3311
6320
353
220
17
489
293
8
1034
320
10809
6224
482
220
16
340
310
674
40961
74033
1193
13146
520
279
842
11
779
584
1541
956
3839
433
3734
311
1440
422
584
3077
8208
927
597
2391
19576
320
8248
584
18440
430
3156
279
842
340
310
594
1447
11581
12539
489
220
16
11
502
530
492
11
502
6320
11
220
15
8
220
674
7504
74033
374
20604
304
34692
11
27334
311
16865
198
286
471
594
1034
19186
271
262
471
11581
7
15
11
3082
11
220
15
11
220
15
8
1034
19186
198
14196
19884
11458
11
420
32857
690
2103
539
12722
38553
279
1396
315
14278
7504
1606
433
3250
956
3839
1268
279
14278
1920
1053
3604
36792
369
279
2539
1396
3156
433
596
8220
13
578
4495
5603
2011
38553
279
2766
14278
1920
520
279
842
369
1855
9322
1396
13
2030
369
1633
3544
308
11
420
374
539
43303
7389
1701
279
37072
6012
382
4071
4184
311
279
6205
7177
11
279
4948
1296
1162
330
16
1
4780
220
15
11
902
420
2082
1587
11
323
279
1176
6205
330
5037
1
320
22
8
449
597
28
16
4780
220
23
30
14144
279
1176
6205
2795
1473
20761
1797
4803
1311
79385
446
5037
498
220
16
8
674
902
374
220
22
304
12395
198
15346
471
220
18
4184
311
279
4733
928
596
3187
382
14524
279
1176
1296
304
279
4733
928
2795
1473
20761
1797
4803
1311
79385
446
5037
498
220
16
8
220
674
220
22
198
262
220
18
271
23956
3445
1070
527
220
18
5219
2753
1109
220
22
430
527
220
16
5621
79385
320
72
1770
2637
5662
220
16
304
520
1455
220
16
3094
555
2766
1868
7887
10267
596
1518
1473
28336
505
220
16
311
220
21
1473
16
25
2736
220
16
11651
220
15
7504
11651
10035
320
74
28
16
6276
433
696
17
320
605
8
11651
2766
1868
220
16
11651
25501
220
16
304
220
16
3094
11651
10035
271
18
320
806
8
11651
2766
1868
220
17
11651
1243
220
17
320
605
8
11651
2766
1868
220
16
11
430
596
220
17
7504
871
16
11651
912
271
19
320
1041
8
11651
2766
1868
220
16
11651
25501
220
16
304
220
16
3094
11651
10035
271
20
320
4645
8
11651
2766
1868
220
17
11651
1243
220
605
320
17
8
11651
2766
1868
220
16
320
5143
220
17
7504
8
871
16
11651
912
271
21
320
5120
8
11651
2766
1868
220
17
11651
1243
220
17
11651
2766
1868
220
16
320
17
7504
8
11651
912
271
4516
279
2764
5219
527
220
16
11
220
17
11
220
19
11651
220
18
5219
13
14636
279
4495
4320
374
220
18
382
4516
279
32857
2011
1797
5219
865
1405
279
2766
1868
8957
25501
220
16
304
38394
74
7504
382
791
3766
32857
2082
1587
539
12722
12849
420
1606
433
1193
12621
279
1491
9988
907
520
279
842
11
902
374
539
279
1972
907
13
578
4495
16099
32857
2011
11
520
279
842
315
1396
8246
11
38553
279
14278
7504
389
279
5150
7698
907
320
8248
584
649
956
656
430
369
6908
5219
7389
584
1505
2500
1648
3677
11458
11
2728
279
17413
389
597
320
455
311
220
20
705
904
1396
430
1306
279
1176
3094
374
11293
311
264
907
38394
220
17
61
20
12
16
284
2148
649
387
10273
6288
13
2100
584
649
3839
279
1510
907
439
459
7698
719
2107
433
779
433
2646
36375
420
12447
2391
16099
32857
34692
11
1606
3131
433
596
3485
11
433
649
956
6381
304
597
7504
382
8586
596
264
10489
3318
16099
32857
6425
430
14242
279
1510
1396
439
459
7698
11
719
1206
14989
433
779
433
2646
36375
220
17
61
74
482
220
16
320
11536
1306
279
1176
3094
11
4726
7504
649
1193
18979
433
4726
570
1115
1648
11
994
4857
279
1396
16099
555
16099
11
584
649
6106
430
1524
304
279
12047
1162
320
2880
318
4954
1855
3094
705
433
649
2103
5662
220
16
2949
597
7504
382
791
1620
4495
323
12793
8292
320
31039
389
279
6492
3485
323
3967
14130
10105
369
4528
5435
8
374
439
11263
1473
74694
12958
198
755
1797
4803
1311
79385
1161
25
610
11
597
25
528
8
1492
528
512
262
19186
284
220
605
334
24
489
220
22
198
262
308
284
528
1161
11
220
17
340
262
422
308
624
220
16
512
286
471
220
15
220
674
2360
5219
2753
1109
220
16
271
262
505
57566
1179
326
2739
11790
271
262
674
27697
3284
907
430
649
2103
5662
220
16
304
520
1455
597
7504
1306
904
14278
198
262
674
4740
1176
3094
11
279
907
374
520
1455
220
17
61
74
482
220
16
320
11536
2766
1868
315
264
1396
296
374
38394
1515
17
1278
7405
16
38394
597
10
16
719
369
597
7504
279
1853
2011
842
520
220
16
340
262
674
2100
2391
16099
32857
584
649
2107
1510
907
311
320
17
61
74
482
220
16
340
262
10592
284
320
16
1134
597
8
482
220
16
220
674
220
17
61
74
482
220
16
271
262
445
284
2479
1161
696
262
571
75
2739
11790
8913
2190
5980
340
262
711
11581
12539
11
10508
11
1510
6320
11
7504
9774
997
286
674
1153
25
1510
1963
320
15
3196
340
286
674
10508
25
220
15
477
220
16
422
779
3117
6273
311
308
596
9436
198
286
674
1510
6320
25
279
7698
907
779
3117
11
1206
33298
311
10592
320
11536
4205
3485
649
956
6381
304
597
7504
340
286
674
7504
9774
25
1396
315
14278
7504
2103
3284
320
10924
25270
279
1396
11
584
649
656
709
311
597
7504
2860
340
286
422
1153
624
445
512
310
674
23426
279
1396
315
7504
4460
369
420
1510
6320
198
310
348
284
1510
6320
198
310
7504
58526
284
220
15
198
310
1418
348
976
220
16
323
7504
58526
366
597
512
394
348
284
9736
3832
570
1868
493
16
1329
394
7504
58526
1447
220
16
198
310
422
348
624
220
16
323
7504
58526
2717
597
512
394
471
220
16
198
310
775
512
394
471
220
15
271
286
594
284
220
15
198
286
1973
14323
284
528
1161
22376
2526
422
10508
775
220
16
198
286
369
293
304
2134
8913
14323
489
220
16
997
310
502
530
492
284
10508
323
320
65
624
1973
14323
340
310
674
8012
279
1828
907
25
1510
6320
353
220
17
489
293
11
719
43004
311
10592
198
310
502
6320
284
320
3311
6320
353
220
17
489
293
8
720
310
422
502
6320
871
10592
512
394
502
6320
284
10592
220
674
904
907
927
4250
6381
304
597
7504
198
310
674
7504
9774
374
279
9861
7504
5535
320
44466
597
520
1212
11
719
584
1541
956
3839
15652
2391
8246
340
310
594
1447
11581
12539
489
220
16
11
502
530
492
11
502
6320
11
7504
9774
340
286
471
594
1034
19186
271
262
471
11581
7
15
11
3082
11
220
15
11
597
8
1034
19186
198
14196
19884
2028
8292
1206
14989
279
1510
907
311
220
17
61
74
482
16
520
1475
3094
11
23391
5219
430
3139
7953
420
12447
649
956
11000
6381
304
597
7504
13
2468
279
842
11
433
10489
1675
24031
279
14278
7504
369
279
20968
1396
382
2028
1288
1522
682
279
3984
1296
5157
11
2737
279
3544
832
449
279
220
1490
80325
925
11
1606
433
1193
14242
71128
5415
2391
279
16099
32857
323
27772
279
5150
3094
1797
520
279
842
369
279
1620
1396
382
334
8586
374
279
1620
2082
2565
311
8454
279
4113
25
57277
14196
4077
755
1797
4803
1311
79385
1161
25
610
11
597
25
528
8
1492
528
512
262
19186
284
220
605
334
24
489
220
22
198
262
308
284
528
1161
11
220
17
340
262
422
308
624
220
16
512
286
471
220
15
198
262
445
284
2479
1161
340
262
10592
284
320
16
1134
597
8
482
220
16
220
674
220
17
61
74
482
220
16
271
262
505
57566
1179
326
2739
11790
271
262
571
75
2739
11790
8913
2190
5980
340
262
711
11581
12539
11
10508
11
1510
6320
997
286
422
1153
624
445
512
310
348
284
1510
6320
198
310
7504
284
220
15
198
310
1418
348
976
220
16
323
7504
366
597
512
394
348
284
9736
3832
570
1868
493
16
1329
394
7504
1447
220
16
198
310
471
220
16
422
320
85
624
220
16
323
7504
2717
597
8
775
220
15
198
286
594
284
220
15
198
286
1973
14323
284
528
1161
22376
2526
422
10508
775
220
16
198
286
369
293
304
2134
8913
14323
489
220
16
997
310
502
530
492
284
10508
323
320
65
624
1973
14323
340
310
674
8012
1828
907
439
7698
11
1243
43004
311
10592
198
310
502
6320
284
320
3311
6320
353
220
17
489
293
340
310
422
502
6320
871
10592
512
394
502
6320
284
10592
198
310
594
1447
11581
12539
489
220
16
11
502
530
492
11
502
6320
340
286
471
594
1034
19186
271
262
471
11581
7
15
11
3082
11
220
15
8
1034
19186
198
14196
19884
2028
8292
374
11297
369
279
2728
17413
320
74
2678
11
1524
449
1633
1317
8026
9246
705
323
690
1522
682
279
1296
5157
3984
304
279
3575
5224
13
100265
198
100264
882
271
7927
3766
4879
4745
279
7177
13
5810
596
279
1493
512
220
2958
36674
56
82
16
45
30635
41
71
45919
7345
498
1584
220
3226
198
262
1115
8292
1206
14989
279
1510
907
311
220
17
61
74
482
16
520
1475
3094
11
23391
5219
430
3139
7953
420
12447
649
956
11000
6381
304
597
7504
13
2468
279
842
11
433
10489
1675
24031
279
14278
7504
369
279
20968
1396
627
5351
33079
76496
34990
1480
25
22229
52299
925
24016
320
19842
1599
520
1584
220
3226
65066
1271
312
42612
11
420
374
701
3465
25
4557
279
2768
734
12223
323
4733
928
11
7373
4305
279
734
7633
323
1522
682
279
7177
13
3146
5989
4276
70765
3247
13916
50
13
57277
2675
1288
15411
279
2082
499
11041
304
264
67859
2082
2565
320
817
10103
33981
320
20670
690
33316
279
4113
5865
8
100265
198
100264
78191
198
74694
12958
198
755
1797
4803
1311
79385
1161
25
610
11
597
25
528
8
1492
528
512
262
19186
284
220
605
334
24
489
220
22
198
262
308
284
528
1161
11
220
17
340
262
422
308
624
220
16
512
286
471
220
15
271
262
505
57566
1179
326
2739
11790
271
262
674
27697
3284
907
1306
259
47311
374
520
1455
220
17
61
83
482
220
16
627
262
674
1789
5219
430
2643
1205
709
311
597
47311
11
584
1193
1205
311
3839
709
311
220
17
61
74
482
220
16
198
262
10592
284
320
16
1134
597
8
482
220
16
271
262
445
284
2479
1161
696
262
571
75
2739
11790
8913
2190
5980
340
262
711
11581
12539
11
10508
11
1510
6320
997
286
422
1153
624
445
512
310
674
4800
7373
5918
279
1396
320
300
459
528
2717
10592
340
310
674
4567
6468
279
14278
1920
369
420
1396
198
310
348
284
1510
6320
198
310
7504
284
220
15
198
310
1418
348
976
220
16
323
7504
366
597
512
394
348
284
9736
3832
570
1868
493
16
1329
394
7504
1447
220
16
198
310
471
220
16
422
320
85
624
220
16
323
7504
2717
597
8
775
220
15
271
286
594
284
220
15
198
286
1973
14323
284
528
1161
22376
2526
422
10508
775
220
16
198
286
369
293
304
2134
8913
14323
489
220
16
997
310
502
530
492
284
10508
323
320
65
624
1973
14323
340
310
674
8012
279
502
907
25
2163
91043
1510
6320
320
65748
555
220
17
705
923
293
198
310
674
2030
2533
1510
6320
649
387
709
311
10592
11
1306
353
17
489
293
433
2643
12771
11
779
584
2107
433
198
310
1828
6320
284
1510
6320
353
220
17
489
293
198
310
422
1828
6320
871
10592
512
394
1828
6320
284
10592
220
674
904
907
927
649
956
6381
304
597
7504
198
310
594
1447
11581
12539
489
220
16
11
502
530
492
11
1828
6320
340
286
471
594
1034
19186
271
262
471
11581
7
15
11
3082
11
220
15
8
1034
19186
198
14196
19884
2028
2373
27635
279
20047
6103
323
5280
264
16099
8915
15840
6425
1405
279
1510
907
374
34156
439
459
7698
719
61246
520
220
17
61
74
12
16
311
6106
69543
13
1102
10489
14242
279
10508
22295
323
22890
279
1396
16099
555
16099
1418
15803
287
279
34156
907
690
539
12771
279
8582
6965
430
1436
11000
6381
304
38394
74
7504
13
1115
1288
1457
1522
682
279
2728
1296
5157
13
100265
198