100264
882
198
4518
279
2768
734
12223
323
4733
928
11
7373
4305
279
734
7633
323
1522
682
279
7177
13
3146
5989
4276
70765
3247
13916
50
13
57277
2675
1288
15411
279
2082
499
11041
304
264
67859
2082
2565
320
817
10103
33981
320
20670
690
33316
279
4113
5865
696
14196
4077
1527
20061
1179
1796
1432
755
1973
10622
26387
25
1796
53094
19155
30716
1492
528
512
262
4304
16644
264
220
17
35
6303
315
6928
26864
11
3373
832
477
810
7917
1778
430
512
262
482
2360
1403
4183
7917
527
304
279
1890
2872
198
262
482
578
2819
304
279
4183
7917
527
5016
7361
262
3494
279
7340
2694
315
2819
499
649
11322
627
1084
262
18161
512
286
5950
25
362
220
17
35
1160
1405
220
16
2717
2479
26387
705
2479
26387
1004
2526
2717
220
605
323
220
16
2717
5950
1004
1483
73
60
2717
220
1041
7361
262
12382
1973
10622
28218
16
11
17
11
18
15304
19
11
18
11
17
15304
16
11
16
11
16
27829
262
220
23
198
262
12382
1973
10622
28218
23
11
22
11
21
15304
23
11
18
11
17
27829
262
220
868
198
262
12713
755
1817
73121
997
262
2105
9322
28218
16
11
17
11
18
15304
19
11
18
11
17
15304
16
11
16
11
16
30716
624
220
23
198
262
2105
9322
28218
23
11
22
11
21
15304
23
11
18
11
17
30716
624
220
868
198
262
2105
9322
28218
1041
11
220
22
11
220
19
1145
510
1484
11
220
23
11
220
19
1145
510
3264
11
220
19
11
220
17
1145
510
3534
11
220
20
11
220
16
1145
510
4161
11
220
23
11
220
22
1145
510
2721
11
220
16
11
220
605
1145
510
6281
11
220
20
11
220
20
1145
510
6365
11
220
19
11
220
18
1145
510
6083
11
220
21
11
220
17
1145
510
5925
11
220
605
11
220
22
30716
624
220
25875
198
262
2105
9322
28218
868
11
22
11
605
11
21
15304
972
11
806
11
605
11
777
15304
17
11
806
11
717
11
972
30716
624
220
4103
198
262
2105
9322
28218
868
11
22
11
17
11
605
15304
605
11
605
11
22
11
22
15304
22
11
972
11
1032
11
1032
30716
624
220
3391
198
262
2105
9322
28218
18
11
220
17
11
220
19
11
220
20
11
220
16
1145
510
24
11
220
21
11
220
23
11
220
22
11
220
605
30716
624
220
868
198
262
2105
9322
28218
22
11
220
17
11
220
21
11
220
18
11
220
20
11
220
23
11
220
16
11
220
19
1145
510
24
11
220
1032
11
220
868
11
220
975
11
220
806
11
220
845
11
220
605
11
220
717
1145
510
1114
11
220
1691
11
220
972
11
220
1419
11
220
777
11
220
1313
11
220
508
11
220
1187
1145
510
843
11
220
914
11
220
1627
11
220
1544
11
220
1591
11
220
1682
11
220
2148
11
220
966
1145
510
1927
11
220
1806
11
220
2137
11
220
1272
11
220
1958
11
220
1987
11
220
1758
11
220
1644
1145
510
2790
11
220
2618
11
220
2983
11
220
3391
11
220
1774
11
220
3174
11
220
2166
11
220
2096
30716
624
220
8953
198
262
2105
9322
28218
845
11
972
15304
508
11
508
15304
972
11
972
15304
16
11
868
30716
624
220
2031
198
262
2105
9322
28218
22
11
972
11
972
15304
17
11
508
11
17
15304
20
11
16
11
868
30716
624
220
4331
198
262
2105
9322
28218
972
11
16
15304
605
11
1032
30716
624
220
2148
198
262
2105
9322
28218
5833
11
220
16
1145
510
16
11
220
5547
30716
624
220
9591
198
262
2105
9322
28218
24
11
777
15304
806
11
18
30716
624
220
966
198
262
2105
9322
28218
868
11
868
11
24
11
868
30716
624
220
868
198
262
2105
9322
28218
1032
11
975
11
975
15304
975
11
972
11
972
15304
508
11
975
11
508
15304
508
11
19
11
975
30716
624
220
2397
198
262
2105
9322
28218
20
11
220
22
11
220
21
11
220
20
11
220
1041
11
220
16
11
220
21
11
220
16
11
220
17
1145
510
21
11
220
16
11
220
23
11
220
18
11
220
22
11
220
21
11
220
18
11
220
22
11
220
18
1145
510
16
11
220
19
11
220
16
11
220
17
11
220
20
11
220
18
11
220
19
11
220
22
11
220
19
1145
510
20
11
220
21
11
220
21
11
220
21
11
220
20
11
220
605
11
220
16
11
220
22
11
220
20
1145
510
17
11
220
23
11
220
19
11
220
17
11
220
24
11
220
605
11
220
17
11
220
16
11
220
23
1145
510
16
11
220
18
11
220
16
11
220
19
11
220
24
11
220
20
11
220
605
11
220
21
11
220
23
1145
510
20
11
220
24
11
220
18
11
220
23
11
220
20
11
220
22
11
220
21
11
220
16
11
220
20
1145
510
605
11
220
24
11
220
23
11
220
22
11
220
21
11
220
24
11
220
23
11
220
22
11
220
18
30716
624
220
10161
198
262
2105
9322
28218
22
11
21
15304
777
11
23
15304
868
11
22
30716
624
220
3174
198
262
2105
9322
28218
17
11
220
16
11
220
20
11
220
19
11
220
18
1145
510
22
11
220
24
11
220
605
11
220
21
11
220
23
1145
510
1032
11
220
717
11
220
975
11
220
806
11
220
868
1145
510
777
11
220
972
11
220
845
11
220
508
11
220
1114
1145
510
1187
11
220
1419
11
220
1313
11
220
1691
11
220
914
1145
510
966
11
220
1591
11
220
1682
11
220
1627
11
220
1544
1145
510
1758
11
220
2148
11
220
1958
11
220
843
11
220
1644
1145
510
1272
11
220
1987
11
220
1927
11
220
2137
11
220
1806
1145
510
2983
11
220
3391
11
220
3174
11
220
1774
11
220
2096
1145
510
2491
11
220
2618
11
220
2790
11
220
2166
11
220
1135
30716
624
220
14417
198
262
2105
9322
28218
1041
11
220
23
11
220
23
11
220
19
11
220
605
11
220
16
11
220
23
11
220
23
11
220
21
1145
510
1484
11
220
19
11
220
22
11
220
22
11
220
19
11
220
19
11
220
22
11
220
18
11
220
24
1145
510
3264
11
220
23
11
220
18
11
220
20
11
220
17
11
220
16
11
220
19
11
220
22
11
220
605
1145
510
3534
11
220
21
11
220
605
11
220
18
11
220
21
11
220
605
11
220
18
11
220
17
11
220
23
30716
624
220
20077
198
262
2105
9322
28218
1682
11
1958
11
1758
11
1806
11
3391
11
1954
15304
1958
11
1958
11
1758
11
1806
11
3391
11
1954
15304
1758
11
1758
11
1758
11
1806
11
3391
11
1954
15304
1806
11
1806
11
1806
11
1806
11
3391
11
1954
15304
3391
11
3391
11
3391
11
3391
11
3391
11
1954
15304
1954
11
1954
11
1954
11
1954
11
1954
11
1954
30716
624
220
16332
198
262
2105
9322
28218
23
11
21
11
508
11
806
15304
845
11
845
11
24
11
806
30716
624
220
1927
198
262
2105
9322
28218
19
11
20
11
21
11
22
15304
19
11
20
11
21
11
22
15304
16
11
17
11
18
11
23
15304
16
11
17
11
18
11
23
30716
624
220
1187
198
262
2105
9322
28218
868
11
1114
11
1187
11
914
11
2946
11
5958
11
1954
15304
1114
11
1114
11
1187
11
914
11
2946
11
5958
11
1954
15304
1187
11
1187
11
1187
11
914
11
2946
11
5958
11
1954
15304
914
11
914
11
914
11
914
11
2946
11
5958
11
1954
15304
2946
11
2946
11
2946
11
2946
11
2946
11
5958
11
1954
15304
5958
11
5958
11
5958
11
5958
11
5958
11
5958
11
1954
15304
1954
11
1954
11
1954
11
1954
11
1954
11
1954
11
1954
30716
624
220
13236
198
262
2105
9322
28218
3534
30716
624
220
3534
198
262
2105
9322
28218
5728
11
220
5728
11
220
5728
11
220
5728
11
220
5728
11
220
5728
1145
510
5728
11
220
5728
11
220
5728
11
220
5728
11
220
5728
11
220
5728
1145
510
5728
11
220
5728
11
220
5728
11
220
5728
11
220
5728
11
220
5728
1145
510
5728
11
220
5728
11
220
5728
11
220
5728
11
220
5728
11
220
5728
30716
624
220
5728
198
262
2105
9322
28218
16
11
220
17
11
220
18
11
220
19
11
220
20
11
220
21
11
220
22
11
220
23
11
220
24
11
220
605
1145
510
16
11
220
17
11
220
18
11
220
19
11
220
20
11
220
21
11
220
22
11
220
23
11
220
24
11
220
605
1145
510
16
11
220
17
11
220
18
11
220
19
11
220
20
11
220
21
11
220
22
11
220
23
11
220
24
11
220
605
1145
510
16
11
220
17
11
220
18
11
220
19
11
220
20
11
220
21
11
220
22
11
220
23
11
220
24
11
220
605
1145
510
16
11
220
17
11
220
18
11
220
19
11
220
20
11
220
21
11
220
22
11
220
23
11
220
24
11
220
605
1145
510
16
11
220
17
11
220
18
11
220
19
11
220
20
11
220
21
11
220
22
11
220
23
11
220
24
11
220
605
1145
510
16
11
220
17
11
220
18
11
220
19
11
220
20
11
220
21
11
220
22
11
220
23
11
220
24
11
220
605
1145
510
16
11
220
17
11
220
18
11
220
19
11
220
20
11
220
21
11
220
22
11
220
23
11
220
24
11
220
605
1145
510
16
11
220
17
11
220
18
11
220
19
11
220
20
11
220
21
11
220
22
11
220
23
11
220
24
11
220
605
1145
510
16
11
220
17
11
220
18
11
220
19
11
220
20
11
220
21
11
220
22
11
220
23
11
220
24
11
220
605
30716
624
220
2131
198
262
2105
9322
28218
717
11
868
11
1187
11
1644
11
1806
11
3487
11
4643
11
4218
11
4578
15304
868
11
868
11
1187
11
1644
11
1806
11
3487
11
4643
11
4218
11
4578
15304
1187
11
1187
11
1187
11
1644
11
1806
11
3487
11
4643
11
4218
11
4578
15304
1644
11
1644
11
1644
11
1644
11
1806
11
3487
11
4643
11
4218
11
4578
15304
1806
11
1806
11
1806
11
1806
11
1806
11
3487
11
4643
11
4218
11
4578
15304
3487
11
3487
11
3487
11
3487
11
3487
11
3487
11
4643
11
4218
11
4578
15304
4643
11
4643
11
4643
11
4643
11
4643
11
4643
11
4643
11
4218
11
4578
15304
4218
11
4218
11
4218
11
4218
11
4218
11
4218
11
4218
11
4218
11
4578
15304
4578
11
4578
11
4578
11
4578
11
4578
11
4578
11
4578
11
4578
11
4578
30716
624
220
19852
198
262
2105
9322
28218
605
11
220
20
11
220
23
11
220
21
1145
510
16
11
220
18
11
220
16
11
220
22
1145
510
17
11
220
16
11
220
24
11
220
22
30716
624
220
1627
198
262
2105
9322
28218
24
15304
508
30716
624
220
1682
198
262
2105
9322
28218
17
11
220
508
11
220
1987
1145
510
2096
11
220
23
11
220
1272
1145
510
975
11
220
18
11
220
18
1145
510
1544
11
220
1758
11
220
1691
1145
510
966
11
220
975
11
220
868
30716
624
220
10718
198
262
2105
9322
28218
19
11
220
18
1145
510
17
11
220
16
30716
624
220
21
198
262
2105
9322
28218
1041
11
1484
11
3264
11
3534
11
4161
11
2721
11
6281
11
6365
11
6083
11
5925
15304
1484
11
3264
11
3534
11
4161
11
2721
11
6281
11
6365
11
6083
11
5925
11
1954
15304
3264
11
3534
11
4161
11
2721
11
6281
11
6365
11
6083
11
5925
11
1954
11
4578
15304
3534
11
4161
11
2721
11
6281
11
6365
11
6083
11
5925
11
1954
11
4578
11
2421
15304
4161
11
2721
11
6281
11
6365
11
6083
11
5925
11
1954
11
4578
11
2421
11
4044
15304
2721
11
6281
11
6365
11
6083
11
5925
11
1954
11
4578
11
2421
11
4044
11
4218
15304
6281
11
6365
11
6083
11
5925
11
1954
11
4578
11
2421
11
4044
11
4218
11
5313
15304
6365
11
6083
11
5925
11
1954
11
4578
11
2421
11
4044
11
4218
11
5313
11
5833
15304
6083
11
5925
11
1954
11
4578
11
2421
11
4044
11
4218
11
5313
11
5833
11
6069
15304
5925
11
1954
11
4578
11
2421
11
4044
11
4218
11
5313
11
5833
11
6069
11
6086
30716
624
220
25875
198
262
2105
9322
28218
717
11
717
15304
19
11
19
15304
717
11
717
30716
624
220
845
198
262
2105
9322
28218
21
11
605
30716
624
220
605
198
262
2105
9322
28218
24
11
2813
15304
2813
11
2813
30716
624
220
4218
198
262
2105
9322
28218
777
11
972
15304
16
11
975
15304
19
11
975
30716
624
220
1806
198
262
2105
9322
28218
1954
11
3076
11
1419
11
2287
11
6069
11
2397
11
3534
11
4643
11
1419
11
2983
15304
2721
11
18
11
4103
11
1484
11
4331
11
1544
11
2421
11
972
11
2031
11
1490
15304
914
11
2618
11
1135
11
508
11
17
11
1774
11
4370
11
1041
11
2287
11
1691
15304
5958
11
2166
11
4331
11
3534
11
2137
11
5728
11
18
11
972
11
2495
11
22
15304
3264
11
6086
11
3076
11
777
11
3391
11
2137
11
1682
11
23
11
3534
11
914
15304
6281
11
2495
11
6281
11
17
11
2491
11
22
11
5547
11
2137
11
5932
11
2096
15304
6086
11
843
11
2031
11
22
11
1041
11
3226
11
6028
11
975
11
1041
11
3487
15304
2166
11
2970
11
4044
11
966
11
1644
11
3487
11
1774
11
508
11
2618
11
4767
15304
5495
11
4044
11
868
11
1114
11
2287
11
4161
11
4044
11
605
11
914
11
1627
15304
3534
11
2614
11
4578
11
508
11
1313
11
5495
11
2721
11
1135
11
3534
11
6365
30716
624
220
25454
198
262
2105
9322
28218
18
11
24
11
508
11
1806
11
2096
15304
24
11
24
11
508
11
1806
11
2096
15304
508
11
508
11
508
11
1806
11
2096
15304
1806
11
1806
11
1806
11
1806
11
2096
15304
2096
11
2096
11
2096
11
2096
11
2096
30716
624
220
8190
198
262
2105
9322
28218
16
11
220
16
11
220
16
11
220
16
11
220
16
11
220
16
11
220
16
11
220
16
11
220
16
11
220
16
1145
510
17
11
220
17
11
220
17
11
220
17
11
220
17
11
220
17
11
220
17
11
220
17
11
220
17
11
220
17
1145
510
18
11
220
18
11
220
18
11
220
18
11
220
18
11
220
18
11
220
18
11
220
18
11
220
18
11
220
18
1145
510
19
11
220
19
11
220
19
11
220
19
11
220
19
11
220
19
11
220
19
11
220
19
11
220
19
11
220
19
1145
510
20
11
220
20
11
220
20
11
220
20
11
220
20
11
220
20
11
220
20
11
220
20
11
220
20
11
220
20
1145
510
21
11
220
21
11
220
21
11
220
21
11
220
21
11
220
21
11
220
21
11
220
21
11
220
21
11
220
21
1145
510
22
11
220
22
11
220
22
11
220
22
11
220
22
11
220
22
11
220
22
11
220
22
11
220
22
11
220
22
1145
510
23
11
220
23
11
220
23
11
220
23
11
220
23
11
220
23
11
220
23
11
220
23
11
220
23
11
220
23
1145
510
24
11
220
24
11
220
24
11
220
24
11
220
24
11
220
24
11
220
24
11
220
24
11
220
24
11
220
24
1145
510
605
11
220
605
11
220
605
11
220
605
11
220
605
11
220
605
11
220
605
11
220
605
11
220
605
11
220
605
30716
624
220
2131
198
262
2105
9322
28218
20
15304
17
15304
868
30716
624
220
1313
198
262
2105
9322
28218
1313
11
220
1313
11
220
1313
11
220
1313
11
220
1313
11
220
1313
11
220
1313
1145
510
1313
11
220
1313
11
220
1313
11
220
1313
11
220
1313
11
220
1313
11
220
1313
1145
510
1313
11
220
1313
11
220
1313
11
220
1313
11
220
1313
11
220
1313
11
220
1313
1145
510
1313
11
220
1313
11
220
1313
11
220
1313
11
220
1313
11
220
1313
11
220
1313
1145
510
1313
11
220
1313
11
220
1313
11
220
1313
11
220
1313
11
220
1313
11
220
1313
1145
510
1313
11
220
1313
11
220
1313
11
220
1313
11
220
1313
11
220
1313
11
220
1313
1145
510
1313
11
220
1313
11
220
1313
11
220
1313
11
220
1313
11
220
1313
11
220
1313
1145
510
1313
11
220
1313
11
220
1313
11
220
1313
11
220
1313
11
220
1313
11
220
1313
1145
510
1313
11
220
1313
11
220
1313
11
220
1313
11
220
1313
11
220
1313
11
220
1313
30716
624
220
1313
198
262
2105
9322
28218
806
11
1627
11
3226
15304
1627
11
1627
11
3226
15304
3226
11
3226
11
3226
30716
624
220
6281
198
262
2105
9322
28218
16
11
19
11
972
11
2148
11
2983
11
2096
11
1135
11
5495
11
6069
11
4218
15304
19
11
19
11
972
11
2148
11
2983
11
2096
11
1135
11
5495
11
6069
11
4218
15304
972
11
972
11
972
11
2148
11
2983
11
2096
11
1135
11
5495
11
6069
11
4218
15304
2148
11
2148
11
2148
11
2148
11
2983
11
2096
11
1135
11
5495
11
6069
11
4218
15304
2983
11
2983
11
2983
11
2983
11
2983
11
2096
11
1135
11
5495
11
6069
11
4218
15304
2096
11
2096
11
2096
11
2096
11
2096
11
2096
11
1135
11
5495
11
6069
11
4218
15304
1135
11
1135
11
1135
11
1135
11
1135
11
1135
11
1135
11
5495
11
6069
11
4218
15304
5495
11
5495
11
5495
11
5495
11
5495
11
5495
11
5495
11
5495
11
6069
11
4218
15304
6069
11
6069
11
6069
11
6069
11
6069
11
6069
11
6069
11
6069
11
6069
11
4218
15304
4218
11
4218
11
4218
11
4218
11
4218
11
4218
11
4218
11
4218
11
4218
11
4218
30716
624
220
16460
271
2
5560
1817
8913
10622
8
311
1629
7177
627
74694
100265
198
100264
78191
198
14196
4077
1527
42431
1179
73049
11
28559
271
755
1973
10622
26387
25
1160
68723
19155
30716
1492
528
512
262
3270
262
16644
264
220
17
35
5950
315
6928
26864
11
3373
264
4526
315
7917
1778
430
512
415
482
2360
1403
4183
7917
4430
279
1890
2872
198
415
482
2052
4183
2819
527
12742
198
262
578
2694
315
279
4183
2819
374
31127
1534
382
262
578
23669
5603
374
311
4322
1855
2872
439
264
1912
323
3820
520
1455
832
198
262
907
824
2872
11
19301
1193
12742
5219
13
220
1115
374
13890
311
198
262
21816
264
27084
315
279
11552
315
682
2819
304
279
5950
11
449
520
1455
198
262
832
2449
824
2872
11
88278
279
2860
2694
382
262
2057
11886
420
30820
11
584
6667
369
1855
2872
279
743
315
1202
2819
627
262
1226
1243
1977
264
29978
472
635
4876
1990
7123
323
2819
320
582
2177
682
7123
1350
262
323
6056
264
7340
4785
12864
1405
1855
907
649
387
1511
1193
3131
198
262
320
11536
814
2011
387
5016
570
220
1115
374
264
11670
27697
16923
98948
472
635
198
262
71791
11
2092
24694
304
507
8368
48997
61
17
8
449
452
7123
323
386
2860
12742
2819
627
262
4452
11
2533
5950
1404
374
2678
320
60094
97
605
824
13167
705
264
4382
1203
45653
198
262
477
57483
449
86292
374
1101
22281
323
8831
311
4305
382
262
39578
11
584
649
3460
682
5016
2819
44184
11
323
1456
311
3820
198
262
279
7928
6305
2085
49005
2872
13693
11
719
23391
520
1455
832
824
198
262
2872
13
220
578
1455
22514
1648
369
2678
17413
374
57483
449
22154
2065
512
262
584
1920
1855
907
304
44184
2015
11
323
369
1855
907
1456
311
9993
198
262
433
311
264
2872
430
3250
956
2736
617
264
12146
907
323
12775
956
1511
433
3686
382
262
578
8292
3770
5829
264
57483
449
86292
369
1888
5178
627
262
12713
262
674
5135
2872
1963
1492
743
315
2819
304
430
2872
198
262
2872
9324
284
510
751
7991
8
369
2872
304
5950
933
262
1661
11189
284
2479
26387
340
262
682
9324
284
743
746
262
369
436
304
2872
9324
512
286
682
9324
5430
2666
696
262
674
16347
2819
44184
311
63652
8294
6305
198
262
2819
284
10839
21013
9324
11
10134
3702
696
262
674
1789
1855
907
11
3637
902
7123
6782
433
198
262
907
11189
284
314
85
25
3132
369
348
304
682
9324
534
262
369
436
7406
11
2819
2667
304
13555
7991
9324
997
286
369
348
304
2819
2667
512
310
907
11189
16936
948
5200
2666
7406
696
262
674
11581
17396
7406
1483
2656
10204
60
284
1888
2694
1701
1176
2872
7406
7123
323
1511
10204
320
16773
1511
340
262
674
4452
11
2819
527
539
31681
555
8310
719
555
279
907
1160
11
779
584
2472
907
1963
311
264
2766
627
262
674
12361
11
1005
22154
2065
389
320
1275
11
1511
11189
2667
8
1405
1511
11189
2667
374
279
743
315
7123
430
617
1027
12893
264
907
198
262
674
2030
1606
2819
2011
387
5016
323
520
1455
832
824
2872
11
584
1920
2819
832
555
832
323
369
1855
11
1456
311
2035
433
304
459
20604
2872
382
262
674
1226
1005
57483
449
22154
2065
25
320
6495
11
14743
45486
7
2656
11189
5850
1510
10370
340
262
674
2030
7123
649
1193
387
1511
3131
11
323
2819
2011
387
5016
13
2100
1920
2819
304
2015
11
5268
311
1935
477
10936
1855
627
262
674
2057
80626
11
3460
44184
323
422
1510
2694
489
907
366
1888
3970
779
3117
11
10936
382
262
505
57566
1179
326
2739
11790
271
262
674
1226
2472
1855
907
311
459
1963
369
279
92061
320
8248
3604
539
92061
11
2533
2819
527
539
304
8310
719
25142
340
262
674
12361
11
4097
1511
11189
439
264
13091
19059
295
315
2872
15285
2736
12893
264
907
198
262
571
75
2739
11790
8913
2190
5980
340
262
711
26877
12539
25
528
11
1511
11189
25
13091
19059
295
997
286
674
1153
25
1510
1963
304
2819
320
1527
7928
311
25655
340
286
674
1442
584
3077
15590
682
2819
11
471
220
15
198
286
422
1153
624
2479
20706
997
310
471
220
15
198
286
1062
284
2819
22376
933
286
674
9934
539
4737
420
907
320
21247
340
286
1888
284
26877
12539
489
220
16
11
1511
11189
340
286
674
9934
4737
433
422
3284
304
1063
20604
2872
198
286
369
436
304
907
11189
69550
10556
310
422
436
539
304
1511
11189
512
394
674
12040
420
907
304
2872
436
11
3351
311
1828
1153
11
1906
2872
436
1511
198
394
1888
284
1973
60523
11
1062
489
26877
12539
489
220
16
11
1511
11189
765
314
81
45294
286
471
1888
271
262
471
26877
7
15
11
13091
19059
295
2455
14196
4077
100265
198
100264
882
271
7927
3766
4879
4745
279
7177
13
5810
596
279
1493
512
6687
1445
320
3646
3293
1650
1566
997
220
2958
36674
285
80859
80
1806
50
1905
7345
498
1584
220
9335
11
304
366
4450
397
262
1817
8913
10622
340
220
2958
36674
285
80859
80
1806
50
1905
7345
498
1584
220
1591
11
304
1817
198
262
2105
9322
28218
845
11
972
15304
508
11
508
15304
972
11
972
15304
16
11
868
30716
624
220
2031
198
1881
6440
62824
62824
62824
62824
62824
62824
62824
62824
62824
62824
62824
62824
198
69739
1480
14963
1271
312
42612
11
420
374
701
3465
25
4557
279
2768
734
12223
323
4733
928
11
7373
4305
279
734
7633
323
1522
682
279
7177
13
3146
5989
4276
70765
3247
13916
50
13
57277
2675
1288
15411
279
2082
499
11041
304
264
67859
2082
2565
320
817
10103
33981
320
20670
690
33316
279
4113
5865
8
100265
198
100264
78191
198
14196
4077
1527
20061
1179
1796
271
755
1973
10622
26387
25
1796
53094
19155
30716
1492
528
512
262
3270
262
16644
264
220
17
35
6303
315
6928
26864
11
3373
264
27084
315
7917
1778
430
512
262
482
2360
1403
4183
7917
527
304
279
1890
2872
198
262
482
2052
4183
2819
527
5016
198
262
3494
279
7340
3284
2694
315
2819
505
279
4183
7917
382
262
1115
374
13890
311
19301
520
1455
832
907
505
1855
2872
11
449
682
2819
12742
627
262
578
23669
6425
374
311
4322
420
439
264
7340
4785
29978
472
635
12864
1405
198
262
832
3185
374
279
7123
323
279
1023
374
682
2819
11
449
13116
369
2819
3118
304
1855
2872
627
262
1226
1005
264
1203
45653
489
86292
57483
311
3373
279
7928
3284
2694
382
262
578
5603
512
262
482
1789
1855
907
320
29398
44184
705
1456
311
9993
433
311
264
2872
430
3250
956
2736
617
264
12146
907
345
415
23391
1855
2872
374
1511
520
1455
3131
323
1855
907
374
1511
520
1455
3131
382
262
578
8292
3770
374
264
57483
449
22154
2065
927
279
743
315
7123
430
617
1027
12893
264
907
345
262
311
5766
38301
13623
323
86292
389
2678
11374
627
262
12713
262
674
5135
1855
907
311
279
1160
315
7123
433
8111
304
198
262
907
2401
11189
284
5731
262
369
1062
304
743
1020
16588
4163
4297
997
286
907
2401
11189
69550
60
284
510
81
369
436
11
2872
304
13555
26387
8
422
1062
304
2872
2595
262
7123
284
2479
26387
340
262
682
9324
284
10839
14505
1020
16588
4163
4297
705
10134
3702
696
262
674
57301
2065
25
320
3311
3644
11
13091
19059
295
7
2656
11189
595
1492
1888
2694
198
262
505
57566
1179
326
2739
11790
271
262
571
75
2739
11790
8913
2190
5980
340
262
711
26877
20364
25
528
11
1511
11189
25
14743
997
286
674
7316
14743
311
743
369
8831
5369
198
286
1511
284
743
7
2656
11189
340
286
422
7335
624
2479
21013
9324
997
310
471
220
15
198
286
348
284
682
9324
11858
933
286
674
7104
220
16
25
10936
420
907
198
286
1888
284
26877
20364
489
220
16
11
14743
7
2656
1192
286
674
7104
220
17
25
1456
25012
348
304
904
20604
2872
430
5727
433
198
286
369
436
304
907
2401
11189
673
3832
11
3132
997
310
422
436
539
304
1511
512
394
502
28903
284
1511
765
314
81
534
394
1888
284
1973
60523
11
348
489
26877
20364
489
220
16
11
14743
45486
1792
28903
23631
286
471
1888
271
262
674
5256
449
912
7123
1511
198
262
471
26877
7
15
11
14743
12647
2
578
4113
1296
33508
323
9322
1288
1457
990
11
1606
420
8292
198
2
12722
13777
279
5016
907
824
2872
323
907
60157
17413
627
14196
4077
100265
198
100264
882
271
7927
3766
4879
4745
279
7177
13
5810
596
279
1493
512
6687
1445
320
3646
3293
1650
1566
997
220
2958
36674
44
383
27237
23
269
2166
7345
498
1584
220
8899
11
304
366
4450
397
262
1817
8913
10622
340
220
2958
36674
44
383
27237
23
269
2166
7345
498
1584
220
1591
11
304
1817
198
262
2105
9322
28218
845
11
972
15304
508
11
508
15304
972
11
972
15304
16
11
868
30716
624
220
2031
198
1881
6440
62824
62824
62824
62824
62824
62824
62824
62824
62824
62824
62824
62824
198
69739
1480
14963
1271
312
42612
11
420
374
701
3465
25
4557
279
2768
734
12223
323
4733
928
11
7373
4305
279
734
7633
323
1522
682
279
7177
13
3146
5989
4276
70765
3247
13916
50
13
57277
2675
1288
15411
279
2082
499
11041
304
264
67859
2082
2565
320
817
10103
33981
320
20670
690
33316
279
4113
5865
8
100265
198
100264
78191
198
14196
4077
1527
20061
1179
1796
271
755
1973
10622
26387
25
1796
53094
19155
30716
1492
528
512
262
3270
262
16644
264
220
17
35
5950
315
6928
26864
11
3373
264
27084
315
7917
779
430
512
262
482
2360
1403
4183
7917
527
304
279
1890
2872
198
262
482
2052
4183
2819
527
5016
320
2201
11763
5219
340
262
3494
279
7340
2694
6994
481
382
262
1115
374
264
11670
16720
3575
1405
369
1855
2872
499
649
5268
520
1455
832
198
262
2449
323
4028
682
12146
5540
912
907
374
11763
13
220
1102
649
387
29056
555
198
262
264
7340
4785
29978
472
635
12864
25
7123
389
832
3185
11
1855
907
320
1527
682
7123
340
262
389
279
1023
11
449
459
6964
1990
2872
602
323
907
348
422
348
374
3118
304
2872
602
627
262
9062
907
649
387
18545
311
520
1455
832
2872
11
323
1855
2872
311
520
1455
832
907
627
262
578
5915
374
311
35608
279
2694
315
4183
2819
382
262
8876
5950
1404
374
520
1455
220
605
87
605
11
584
649
1005
264
1203
45653
57483
449
22154
2065
198
262
15194
902
7123
617
1027
1511
323
902
2819
617
1027
1511
779
3117
627
262
4452
11
1606
2819
649
387
56003
304
279
5950
719
2011
387
5016
304
279
6727
345
262
584
1205
311
6106
1855
12146
907
374
5016
4028
682
4183
7917
382
262
578
4335
478
323
1455
4495
1648
1618
320
2000
2678
57449
8
374
311
30729
927
682
28559
198
262
315
7917
320
606
824
2872
705
1817
369
5016
2819
11
323
1935
279
7340
2694
13
220
2030
430
374
507
7
605
61
605
4390
262
12361
11
584
1005
264
32857
1614
25
320
654
1963
11
13091
19059
295
315
2736
12146
2819
11
743
315
1511
7123
340
262
719
369
2731
15374
11
584
1920
2819
304
44184
2015
323
1456
311
3820
279
7928
3284
2819
2085
45462
17413
382
262
5810
374
459
11297
32857
1701
92061
369
7123
323
264
743
369
1511
2819
13
220
9393
279
1396
315
198
262
12742
2819
374
520
1455
220
1041
11
719
369
2678
308
584
649
656
1524
35388
512
262
1226
1920
1855
2872
11
5268
264
907
477
10936
433
11
10494
3839
315
1511
2819
13
220
8876
308
8367
605
345
262
420
374
43303
320
605
9
17
61
605
9
1041
5415
1973
3677
262
1226
1005
264
31919
57483
449
22154
2065
389
320
654
11
7056
3659
28903
11189
11
13091
19059
295
3659
28903
9324
3677
262
4452
11
264
1790
35388
323
4495
5603
374
311
11
369
1855
2872
11
5268
279
1888
907
304
430
2872
198
262
539
1511
304
3766
7123
11
323
656
420
56926
1570
304
264
1648
430
45777
4861
7928
2561
2819
382
262
2030
311
15803
7706
2786
323
1522
682
7177
11
279
2768
8292
5829
198
262
264
31919
1203
45653
449
86292
25
2744
3820
279
7928
2561
907
304
279
30758
2872
198
262
3284
311
2997
433
11
311
35608
279
2694
382
262
2030
279
1455
22514
1648
369
279
2728
17413
374
1203
45653
927
279
7123
1473
262
1789
1855
2872
11
10491
3508
311
3820
264
907
320
1962
1511
1603
8
323
2694
433
11
477
10936
279
2872
627
262
1115
374
71128
2533
7123
38394
605
382
262
1226
4305
264
57483
430
5900
2872
555
2872
11
369
1855
2872
16696
682
1202
2819
430
527
539
3686
1511
345
262
323
34555
53947
13
220
57301
2065
555
320
654
11
13091
19059
295
7
2656
9324
595
374
3284
719
539
5995
198
262
1606
279
86567
8331
374
2678
3403
369
220
605
87
605
57449
382
262
21883
374
279
4495
8292
1701
2872
45539
1203
45653
449
86292
369
4732
627
262
12713
262
711
100021
7991
25
528
11
1511
9324
25
743
19155
2526
1492
528
512
286
422
2872
624
2479
26387
997
310
471
220
15
198
286
674
1789
420
2872
11
6667
2819
539
3686
1511
323
3460
44184
369
86292
198
286
2872
30650
284
510
85
369
348
304
5950
17396
60
422
348
539
304
1511
9324
933
286
422
539
2872
30650
512
310
674
15832
10936
420
2872
198
310
471
100021
7991
489
220
16
11
1511
9324
340
286
674
9934
4737
1855
3284
907
11
304
2015
315
7928
1176
320
652
38302
340
286
2872
30650
10838
48235
3702
340
286
1888
284
220
15
198
286
369
1062
304
2872
30650
512
310
502
28903
284
1511
9324
765
314
838
534
310
674
2394
2957
25
422
1524
4737
682
9861
7928
3284
649
956
9567
1510
1888
11
3009
198
310
9861
6479
284
2694
45486
2625
85
369
436
304
2134
7991
10
16
11
2479
26387
595
369
348
304
5950
16523
60
422
348
539
304
502
28903
1145
10134
3702
85662
2963
26387
7435
654
12
16
2608
310
9322
284
1062
489
100021
7991
489
220
16
11
502
28903
340
310
422
9322
871
1888
512
394
1888
284
9322
198
310
674
97295
25
4726
86292
422
1888
649
956
12771
1063
8582
6965
198
286
471
1888
271
262
471
100021
7
15
11
743
12647
2
578
3485
2082
1288
1457
1522
682
279
3984
7177
627
14196
4077
78191
198
14196
4077
1527
20061
1179
1796
271
755
1973
10622
26387
25
1796
53094
19155
30716
1492
528
512
262
3270
262
16644
264
220
17
35
5950
315
6928
26864
11
3373
264
743
315
7917
1778
430
512
262
482
2360
1403
4183
7917
527
304
279
1890
2872
198
262
482
2052
4183
2819
527
5016
320
2201
11763
5219
4028
38499
340
262
3494
279
7340
3284
2694
315
279
4183
2819
382
262
1115
374
29056
555
24919
682
3284
38499
1405
520
1455
832
907
374
13061
824
2872
345
262
449
682
12146
2819
12742
13
1789
2678
57449
320
300
54852
11
38394
605
18028
605
705
264
1203
45653
198
262
5603
430
34555
2872
14656
20115
11
19301
264
907
505
1855
2872
539
3686
12146
11
374
43303
627
262
1226
1005
51362
449
86292
369
15374
555
2744
4560
279
7928
2561
907
1176
198
262
304
279
1510
2872
323
23351
4216
422
279
1888
3284
9861
4250
9567
279
1510
1888
382
262
18161
512
286
5950
25
220
17
35
1160
315
6928
26864
320
16
2717
7123
11
17433
2717
220
605
696
262
5295
512
286
27697
2694
89253
1234
279
17413
627
262
12713
262
711
100021
7991
25
528
11
1511
9324
25
743
19155
2526
1492
528
512
286
674
1442
682
7123
15590
11
471
220
15
198
286
422
2872
624
2479
26387
997
310
471
220
15
198
286
674
16528
2819
304
1510
2872
539
2736
1511
198
286
39011
284
510
85
369
348
304
5950
17396
60
422
348
539
304
1511
9324
933
286
422
539
39011
25
220
674
15832
10936
420
2872
198
310
471
100021
7991
489
220
16
11
1511
9324
340
286
674
9934
4737
279
7928
1176
320
652
38302
340
286
39011
10838
48235
3702
340
286
1888
284
220
15
198
286
369
1062
304
39011
512
310
502
28903
284
1511
9324
765
314
838
534
310
674
73815
9861
1888
25
369
1855
1828
2872
11
1935
279
1973
20604
907
539
304
502
28903
198
310
9861
284
220
15
198
310
369
436
304
2134
7991
489
220
16
11
2479
26387
10162
394
1323
284
510
85
369
348
304
5950
16523
60
422
348
539
304
502
28903
933
394
422
1323
512
504
9861
1447
1973
7
1864
340
310
1510
6479
284
1062
489
9861
489
100021
7991
489
220
16
11
502
28903
340
310
422
1510
6479
871
1888
512
394
1888
284
1510
6479
198
286
471
1888
271
262
471
100021
7
15
11
743
12647
2
1115
8292
374
4495
323
690
1522
682
279
1296
5157
627
14196
4077
100265
198