100264
882
198
4518
279
2768
734
12223
323
4733
928
11
7373
4305
279
734
7633
323
1522
682
279
7177
13
3146
5989
4276
70765
3247
13916
50
13
57277
2675
1288
15411
279
2082
499
11041
304
264
67859
2082
2565
320
817
10103
33981
320
20670
690
33316
279
4113
5865
696
14196
4077
755
1797
4803
1311
79385
1161
25
610
11
597
25
528
8
1492
528
512
262
4304
16644
264
8026
925
274
14393
264
1396
308
323
459
7698
597
345
262
471
279
1797
315
6928
26864
2753
1109
308
430
527
597
5621
79385
627
1084
262
1556
7698
865
374
597
5621
79385
422
16785
279
2768
5784
520
1455
597
3115
198
262
26338
433
311
220
16
25
30658
865
449
279
1797
315
743
9660
320
16
82
8
304
1202
8026
13340
627
1084
262
578
1121
1288
387
6052
60964
220
605
61
24
489
220
22
627
1084
262
18161
512
286
274
25
18188
925
14393
308
320
16
2717
2479
1161
8
2717
220
4728
11
912
6522
17975
340
286
597
25
27697
1396
315
7677
5535
320
16
2717
597
2717
220
20
340
1084
262
5295
512
286
4605
315
597
5621
79385
6928
26864
2753
1109
308
11
60964
220
605
61
24
489
220
22
7361
262
12382
1797
4803
1311
79385
446
5037
498
220
16
340
262
220
18
198
262
12382
1797
4803
1311
79385
446
1041
15
498
220
17
340
262
220
21
198
262
12382
1797
4803
1311
79385
446
16
498
220
18
340
262
220
15
198
262
12713
755
1817
73121
997
262
674
14967
1296
5157
505
10507
198
262
2105
9322
446
5037
498
220
16
8
624
220
18
198
262
2105
9322
446
1041
15
498
220
17
8
624
220
21
198
262
2105
9322
446
16
498
220
18
8
624
220
15
7361
262
674
10564
5157
449
308
28
16
198
262
2105
9322
446
16
498
220
16
8
624
220
15
198
262
2105
9322
446
16
498
220
17
8
624
220
15
198
262
2105
9322
446
16
498
220
19
8
624
220
15
198
262
2105
9322
446
16
498
220
20
8
624
220
15
7361
262
674
15344
8026
9246
198
262
2105
9322
446
806
498
220
18
8
624
220
18
198
262
2105
9322
446
806
498
220
19
8
624
220
17
198
262
2105
9322
446
806
498
220
20
8
624
220
17
7361
262
674
81908
1296
5157
198
262
2105
9322
446
5037
5037
5037
5037
5037
5037
5037
5037
5037
5037
5037
5037
5037
5037
5037
5037
5037
5037
5037
5037
5037
5037
5037
5037
5037
5037
5037
5037
5037
5037
5037
5037
5037
5037
5037
5037
5037
5037
5037
5037
5037
5037
5037
5037
5037
5037
5037
5037
5037
5037
5037
5037
5037
5037
5037
5037
5037
5037
5037
5037
5037
5037
5037
5037
5037
5037
5037
5037
5037
5037
5037
5037
5037
5037
5037
5037
5037
5037
5037
5037
5037
5037
5037
5037
5037
5037
5037
5037
5037
5037
5037
5037
5037
5037
5037
5037
5037
5037
5037
5037
5037
5037
5037
5037
5037
5037
5037
5037
5037
5037
5037
5037
5037
5037
5037
5037
5037
5037
5037
5037
5037
5037
5037
5037
5037
5037
5037
5037
5037
5037
5037
5037
5037
5037
5037
5037
5037
5037
5037
5037
5037
5037
5037
5037
5037
5037
5037
5037
5037
5037
5037
5037
5037
5037
5037
5037
5037
5037
5037
5037
5037
5037
5037
5037
5037
5037
5037
5037
5037
5037
5037
5037
5037
5037
5037
5037
5037
5037
5037
5037
5037
5037
5037
5037
5037
5037
5037
5037
5037
5037
5037
5037
5037
5037
5037
5037
5037
5037
5037
5037
5037
5037
5037
5037
5037
5037
5037
5037
5037
5037
5037
5037
5037
5037
5037
5037
5037
5037
5037
5037
5037
5037
5037
5037
5037
5037
5037
5037
5037
5037
5037
5037
5037
5037
5037
5037
5037
5037
5037
5037
5037
5037
5037
5037
5037
5037
5037
5037
5037
5037
5037
5037
5037
5037
5037
5037
5037
5037
5037
5037
5037
5037
5037
5037
5037
5037
806
498
220
20
8
624
220
7467
23888
23213
198
262
2105
9322
446
5037
5037
5037
5037
5037
5037
5037
5037
5037
5037
5037
5037
5037
5037
5037
5037
5037
5037
5037
5037
5037
5037
5037
5037
5037
5037
5037
5037
5037
5037
5037
5037
5037
5037
5037
5037
5037
5037
5037
5037
5037
5037
5037
5037
5037
5037
5037
5037
5037
5037
5037
5037
5037
5037
5037
5037
5037
5037
5037
5037
5037
5037
5037
5037
5037
5037
5037
5037
5037
5037
5037
5037
5037
5037
5037
5037
5037
5037
5037
5037
5037
5037
5037
5037
5037
5037
5037
5037
5037
5037
5037
5037
5037
5037
5037
5037
5037
5037
5037
5037
5037
5037
5037
5037
5037
5037
5037
5037
5037
5037
5037
5037
5037
5037
5037
5037
5037
5037
5037
5037
5037
5037
5037
5037
5037
5037
5037
5037
5037
5037
5037
5037
5037
5037
5037
5037
5037
5037
5037
5037
5037
5037
5037
5037
5037
5037
5037
5037
5037
5037
5037
5037
5037
5037
5037
5037
5037
5037
5037
5037
5037
5037
5037
5037
5037
5037
5037
5037
5037
5037
5037
5037
5037
5037
5037
5037
5037
5037
5037
5037
5037
5037
5037
5037
5037
5037
5037
5037
5037
5037
5037
5037
5037
5037
5037
5037
5037
5037
5037
5037
5037
5037
5037
5037
5037
5037
5037
5037
5037
5037
5037
5037
5037
5037
5037
5037
5037
5037
5037
5037
5037
5037
5037
5037
5037
5037
5037
5037
5037
5037
5037
5037
5037
5037
5037
5037
5037
5037
5037
5037
5037
5037
5037
5037
5037
5037
5037
5037
5037
5037
5037
5037
5037
5037
5037
5037
5037
5037
5037
5037
5037
5037
5037
5037
5037
5037
806
498
220
19
8
624
220
19319
20998
24626
198
262
2105
9322
446
5037
5037
5037
5037
5037
5037
5037
5037
5037
5037
5037
5037
5037
5037
5037
5037
5037
5037
5037
5037
5037
5037
5037
5037
5037
5037
5037
5037
5037
5037
5037
5037
5037
5037
5037
5037
5037
5037
5037
5037
5037
5037
5037
5037
5037
5037
5037
5037
5037
5037
5037
5037
5037
5037
5037
5037
5037
5037
5037
5037
5037
5037
5037
5037
5037
5037
5037
5037
5037
5037
5037
5037
5037
5037
5037
5037
5037
5037
5037
5037
5037
5037
5037
5037
5037
5037
5037
5037
5037
5037
5037
5037
5037
5037
5037
5037
5037
5037
5037
5037
5037
5037
5037
5037
5037
5037
5037
5037
5037
5037
5037
5037
5037
5037
5037
5037
5037
5037
5037
5037
5037
5037
5037
5037
5037
5037
5037
5037
5037
5037
5037
5037
5037
5037
5037
5037
5037
5037
5037
5037
5037
5037
5037
5037
5037
5037
5037
5037
5037
5037
5037
5037
5037
5037
5037
5037
5037
5037
5037
5037
5037
5037
5037
5037
5037
5037
5037
5037
5037
5037
5037
5037
5037
5037
5037
5037
5037
5037
5037
5037
5037
5037
5037
5037
5037
5037
5037
5037
5037
5037
5037
5037
5037
5037
5037
5037
5037
5037
5037
5037
5037
5037
5037
5037
5037
5037
5037
5037
5037
5037
5037
5037
5037
5037
5037
5037
5037
5037
5037
5037
5037
5037
5037
5037
5037
5037
5037
5037
5037
5037
5037
5037
5037
5037
5037
5037
5037
5037
5037
5037
5037
5037
5037
5037
5037
5037
5037
5037
5037
5037
5037
5037
5037
5037
5037
5037
5037
5037
5037
5037
5037
5037
5037
5037
5037
5037
806
498
220
18
8
624
220
25465
20417
14274
7361
262
674
4497
6485
8026
9246
198
262
2105
9322
446
1041
4645
1041
5120
931
4645
5120
4119
931
5037
10731
1041
931
4119
931
1041
7755
10731
10731
7755
5120
5120
1041
10731
5120
7755
7755
10731
4119
4119
4119
7755
1041
1041
1041
1041
10731
10731
10731
4119
10731
5120
5120
5037
931
7755
4119
7755
1041
931
1041
4645
931
5120
7755
1041
4119
4645
4645
931
931
5037
5120
5120
5037
931
1041
10731
931
4119
10731
5037
4119
5120
7755
1041
10731
4645
4119
5037
5037
1041
10731
1041
4645
10731
4645
5120
5120
5120
4645
4645
7755
7755
1041
7755
5120
5037
10731
4119
5120
4645
5120
4645
4645
7755
4119
7755
1041
7755
4645
1041
1041
10731
10731
931
5037
4645
10731
4119
931
4119
5120
10731
1041
10731
4645
931
4645
4645
7755
5120
7755
10731
931
5120
7755
1041
931
5120
1041
7755
10731
4645
5037
4119
10731
4119
5037
1041
5120
4645
7755
931
4645
7755
4119
1041
5120
931
7755
931
1041
5120
931
1041
931
7755
5037
4119
931
5120
7755
7755
7755
1041
4645
931
7755
10731
931
4645
4645
4645
1041
4645
1041
931
5120
10731
5120
10731
1041
7755
5037
1041
7755
5037
931
5120
10731
931
4119
5120
10731
5120
7755
1041
4645
10731
931
4645
4119
10731
4645
10731
10731
7755
7755
931
7755
5120
931
5037
4645
931
5037
7755
4119
10731
4119
7755
4645
931
7755
4645
10731
5120
10731
5120
931
5037
931
4645
5037
931
5120
10731
10731
931
4119
5037
10731
931
4119
7755
5037
7755
10731
7755
1041
5037
5037
4645
931
931
1721
498
220
19
8
624
220
21910
25454
26979
198
262
2105
9322
446
5037
5120
931
5120
7755
5120
7755
1041
4119
931
931
7755
4119
7755
5037
5120
5037
7755
10731
4645
4119
4645
10731
10731
931
5120
5120
4119
931
5037
4119
5120
7755
1041
4645
4645
7755
5120
10731
7755
7755
4119
4119
1041
5037
7755
5037
4645
4645
5037
1041
4119
1041
5120
5120
5120
7755
5120
10731
931
931
5037
5120
5037
5120
7755
5037
7755
5120
5120
5120
5037
10731
4119
5037
4119
1041
10731
7755
7755
5037
5120
5120
5037
4645
10731
7755
4119
931
4119
4119
5037
4119
5120
1041
931
5037
5120
10731
7755
5037
4645
4119
5037
7755
4645
10731
931
7755
4119
5120
4119
1041
1041
5037
4645
10731
5037
10731
5037
5120
5037
7755
5037
10731
1041
5120
4119
931
5037
4119
5037
5037
1041
7755
5037
5037
5120
4119
931
7755
10731
1041
4645
4645
5120
4119
5037
4645
7755
4645
4645
5037
931
931
1041
7755
10731
5120
5120
1041
4119
5037
7755
5037
5120
4119
10731
7755
4119
5037
5037
4119
1041
5037
4119
4119
5037
10731
5120
5037
7755
5037
4119
1041
5037
931
10731
931
10731
1041
4645
931
4119
10731
4645
7755
931
4645
5120
7755
7755
4645
931
5037
7755
931
7755
4119
4119
5037
4119
931
4645
5037
5120
5037
931
5037
931
4645
4119
10731
931
4119
7755
4645
4645
7755
4119
4119
7755
1041
931
10731
10731
4119
4645
4119
10731
4119
4645
931
10731
4645
4119
7755
4119
4119
4645
4119
4645
4119
4645
5120
931
1041
10731
5037
1041
4645
931
5037
4645
5037
5120
1721
498
220
16
8
624
220
4728
198
262
2105
9322
446
4645
10731
5120
4645
5037
5120
10731
1041
4645
10731
931
7755
7755
5120
10731
4119
4645
5037
5037
10731
5120
931
931
5037
1041
4119
10731
10731
10731
1041
5120
10731
4645
5120
5037
7755
10731
10731
931
10731
4119
1041
10731
5037
1041
5037
10731
1041
4645
5037
931
931
10731
1041
7755
5120
4119
10731
5120
5120
1041
4645
4645
4645
5120
5037
7755
7755
4645
4119
1041
1041
4645
5120
1041
10731
10731
5120
5120
10731
1041
1041
931
7755
1041
4645
7755
7755
1041
4645
4645
4645
4119
7755
5120
931
4119
10731
4645
931
4645
5037
7755
4645
4645
10731
1041
5120
1041
1041
5037
5120
4119
931
4645
5120
4119
10731
7755
1041
5120
7755
4119
5120
1041
5037
10731
4119
931
1041
931
10731
7755
10731
4119
1041
5120
7755
7755
7755
1041
4645
5120
10731
4119
5037
7755
4645
5120
5037
4645
5037
1041
4645
5037
7755
7755
4119
4119
931
5037
4645
931
10731
5120
5037
4645
931
5037
4119
1041
4645
5037
7755
1041
10731
5120
5120
931
5037
10731
1041
7755
10731
10731
1041
4119
1041
5037
10731
4645
1041
10731
4119
10731
5037
1041
10731
4645
10731
10731
931
10731
5037
7755
5120
10731
5120
10731
5120
931
7755
1041
5120
5037
1041
5120
7755
4645
7755
1041
931
7755
931
5037
4119
5120
5120
5037
5037
7755
5037
10731
4119
1041
10731
931
4645
4119
5037
7755
931
4119
5037
1041
931
4645
931
5037
10731
10731
10731
1041
4119
5120
4645
4119
4645
7755
4645
4645
10731
1041
4645
10731
10731
410
498
220
16
8
624
220
4728
198
262
2105
9322
446
1041
5120
5037
7755
931
7755
4645
4645
5037
5120
5120
931
931
5120
4645
5120
5120
5120
7755
7755
5120
5037
4119
4645
4645
1041
5037
5120
4645
7755
5120
5120
4119
5037
4645
5120
4645
7755
5037
5120
5037
7755
4119
5120
10731
5120
5120
5120
5037
5037
5120
10731
4119
4645
4645
931
1041
1041
5037
5120
4119
5120
4645
4119
7755
931
1041
5037
1041
931
4119
7755
5120
4119
5037
7755
5120
10731
5120
10731
7755
5120
931
931
1041
10731
10731
931
4645
10731
4119
10731
5120
7755
5037
4119
5120
10731
5037
4119
4119
4119
5037
5037
931
5037
5120
7755
4119
4645
1041
5120
5037
1041
5120
931
7755
5037
7755
4119
5037
10731
5120
10731
4119
1041
5120
4119
1041
931
7755
1041
4119
10731
4645
4645
5120
10731
7755
1041
5120
7755
4119
5120
1041
5120
7755
4645
10731
5120
4119
7755
931
10731
4119
4119
7755
931
4119
7755
1041
5120
5120
10731
10731
4119
931
4645
5037
5120
7755
4119
5120
931
4645
4645
1041
931
7755
7755
4119
5120
5120
7755
4119
5037
5037
4645
5120
931
5120
931
4645
5037
4645
931
1041
1041
5037
931
10731
1041
1041
5120
4645
7755
1041
10731
931
4119
7755
4645
5037
4119
4119
5120
4645
5120
1041
7755
5120
4645
5037
1041
7755
4645
5037
10731
7755
4119
10731
5037
4119
4645
4119
1041
1041
5037
10731
931
5120
4645
5120
1041
4645
931
5037
4645
1041
931
7755
5037
5037
10731
1041
7755
5120
7755
1041
5037
7755
10731
5037
931
1041
5120
806
498
220
17
8
624
220
16085
8874
19447
198
262
2105
9322
446
5037
931
5037
7755
7755
1041
7755
5120
1041
4645
7755
1041
1041
5037
1041
4119
5120
7755
931
5120
4645
10731
5037
931
4119
5120
4119
931
5037
931
7755
10731
4645
10731
10731
7755
5037
5120
10731
931
10731
10731
4645
5037
10731
1041
5120
4119
4645
5037
5120
1041
4645
10731
5037
5120
7755
1041
5037
1041
4645
5037
4645
931
1041
931
931
1041
10731
7755
4119
4645
5120
10731
4645
10731
931
4119
4645
4645
10731
931
7755
5037
7755
10731
5120
931
4119
931
1041
931
5037
931
4645
10731
7755
10731
4119
4645
10731
4119
7755
931
7755
5120
5037
931
10731
5120
7755
1041
4119
4119
7755
5120
10731
4119
10731
10731
1041
1041
931
10731
10731
1041
5120
10731
7755
7755
1041
10731
7755
10731
4645
7755
4645
7755
7755
10731
1041
931
1041
10731
1041
4119
5120
4645
1041
931
7755
5037
4119
7755
4119
5037
4645
931
931
4645
10731
1041
4645
1041
5037
931
7755
4119
5037
7755
931
10731
5120
4645
1041
7755
931
5037
4119
10731
5120
931
5120
7755
931
931
1041
1041
10731
5120
4645
5037
1041
10731
7755
1041
10731
5037
4645
931
7755
4645
10731
4119
7755
7755
4645
4119
1041
4645
931
1041
5037
4119
10731
4119
7755
7755
4119
4645
5037
1041
1041
5037
931
7755
931
5120
5120
4645
1041
931
4119
1041
931
5037
5120
7755
10731
4645
7755
5120
10731
931
1041
7755
10731
7755
1041
10731
4119
5037
931
1041
931
7755
7755
5120
7755
4119
10731
5037
5037
4645
1041
4645
806
498
220
18
8
624
220
16443
3965
26720
198
262
2105
9322
446
4645
5037
4119
5120
10731
7755
5120
5120
1041
1041
4645
10731
5120
4119
1041
4645
7755
931
4645
5120
5120
7755
5037
10731
4119
4645
5037
1041
931
7755
10731
10731
5120
931
4645
1041
5120
10731
10731
10731
1041
1041
10731
1041
5120
1041
931
5120
7755
7755
10731
10731
1041
4119
10731
7755
4645
1041
7755
4645
7755
7755
5120
931
1041
10731
5037
1041
7755
931
5037
4645
5120
931
10731
5120
931
4119
7755
5037
4119
7755
4119
4119
7755
4645
7755
1041
1041
7755
931
4645
5037
5037
931
10731
4119
4119
931
931
931
5120
10731
5120
10731
10731
5120
4645
7755
4119
7755
4645
4119
10731
10731
4645
10731
4119
4119
1041
4645
7755
1041
931
4645
931
5120
5037
931
7755
1041
931
7755
7755
5120
5037
5037
10731
10731
10731
4645
7755
4119
931
10731
5120
4645
7755
931
10731
4645
931
4645
10731
10731
931
4645
7755
931
10731
5120
931
931
931
931
4119
5037
7755
4645
5120
4119
931
4645
5037
931
1041
931
5120
4119
931
931
10731
4645
931
5037
10731
4119
5120
4119
5037
4645
931
10731
1041
5037
5120
1041
1041
7755
4645
10731
4645
5120
5037
4645
5037
10731
5120
5037
931
5037
5120
1041
10731
1041
931
4645
4119
5120
5120
10731
4119
5120
931
7755
10731
5120
10731
5037
7755
4645
1041
4645
1041
5120
4645
931
1041
1041
10731
10731
1041
4119
10731
1041
4119
4645
1041
931
5120
4119
5120
7755
4645
10731
10731
931
10731
10731
1041
5120
10731
5037
7755
5120
4119
605
498
220
18
8
624
220
21505
21209
3443
271
2
5560
1817
11773
4803
1311
79385
8
311
1629
7177
627
74694
100265
198
100264
78191
198
475
5826
198
1527
57566
1179
326
2739
11790
271
27557
284
220
605
3146
220
24
489
220
22
271
755
16099
3259
2120
25
528
8
1492
528
512
262
4304
2903
315
743
9660
304
279
8026
13340
315
865
320
30096
364
15
65
1861
7275
262
471
9736
2120
570
1868
493
16
4713
31
75
2739
11790
8913
2190
5980
340
755
7504
58526
2120
25
528
8
1492
528
512
262
3270
262
4158
80837
12849
1268
1690
3115
584
2011
3881
279
2766
27678
5784
198
262
3156
584
5662
220
16
13
356
12092
374
1511
1606
279
1890
5219
690
387
198
262
23926
5361
3115
2391
31919
27501
627
262
3270
262
422
865
624
220
16
512
286
471
220
15
198
262
471
220
16
489
7504
58526
1528
12883
3259
2120
4489
755
9322
1161
25
610
11
597
25
528
8
1492
528
512
262
3270
262
13202
369
1296
23055
13
66075
1268
1690
5219
366
320
396
1161
11
17
595
527
597
7058
262
3679
66
1260
320
72
1770
13
7504
58526
2120
8
2717
597
4390
262
2057
5766
34537
1633
3544
5219
320
455
311
220
4728
9660
705
584
1005
264
198
262
31919
16099
8915
15840
320
36034
32857
8
5603
627
262
3270
262
308
2966
284
274
198
262
422
539
308
2966
25
256
674
71248
11
3582
279
3575
36755
2536
40533
198
286
308
6320
284
220
15
198
262
775
512
286
308
6320
284
528
1471
2966
11
220
17
696
262
674
1226
1205
311
1797
5219
865
304
510
15
11
308
6320
12
16
60
1778
430
7504
58526
2120
8
2717
597
198
262
674
4452
11
7504
58526
374
539
4228
311
12849
6089
369
25142
865
345
262
674
5423
369
3544
308
13
1226
3358
1205
264
16099
9607
47
430
11
520
1855
2361
345
262
674
14242
279
1510
907
60964
279
9959
330
2513
1
369
7504
58526
627
262
9733
262
674
2030
2533
7504
58526
2120
8
14117
389
279
353
306
556
9
1396
596
2766
6070
198
262
674
320
11536
433
7612
19261
220
16
555
19352
2694
5424
9660
705
433
374
539
198
262
674
43303
311
656
264
4382
16099
32857
1606
279
734
374
539
13790
198
262
674
477
64338
824
16099
13
15636
11
584
2011
1005
279
2167
31919
198
262
674
5603
449
22154
2065
369
5219
23926
389
279
1853
311
308
6320
12
16
627
262
9733
262
674
4452
11
1606
308
6320
649
387
709
311
220
17
61
4728
11
584
4250
30729
927
682
198
262
674
5219
366
308
6320
13
14636
11
584
617
311
1005
51362
449
22154
2065
323
198
262
674
80626
49139
320
72
1770
2637
1193
5219
69384
4669
279
2766
27678
198
262
674
14278
1853
2949
597
7504
527
2764
570
2030
279
3575
25283
5043
198
262
674
11503
369
1633
3544
1296
5157
320
68
1326
2637
220
1490
10
220
16
596
705
779
584
2011
1505
264
198
262
674
47578
1648
477
23846
264
5497
627
262
9733
262
674
72071
25
1789
5219
430
1935
810
1109
597
7504
311
5662
220
16
4669
198
262
674
11763
2766
27678
287
11
814
527
539
597
5621
79385
13
2100
584
1205
311
1797
198
262
674
682
865
304
510
16
11
308
6320
12
16
60
1405
279
1396
315
2631
47311
374
38394
597
627
262
9733
262
674
2030
311
656
420
30820
11
584
649
1005
264
91451
505
220
16
709
311
597
7504
198
262
674
323
3335
682
5219
430
527
69384
2949
520
1455
597
7504
627
262
674
5112
11
369
264
2728
308
6320
11
1797
1268
1690
5219
304
510
16
11
308
6320
12
16
60
527
304
198
262
674
430
743
13
4452
11
279
2134
374
2103
6908
320
17206
369
220
4728
9660
4390
262
9733
262
674
42209
25
578
3575
596
7177
2873
311
1522
994
279
4320
374
198
262
674
320
77
6320
482
220
16
482
1797
3659
34064
62
8370
14250
424
1311
613
62
16
1265
766
365
261
52713
4803
23566
340
262
674
2030
279
1455
2167
6425
369
279
3575
439
11224
320
4291
279
198
262
674
3984
4733
928
323
17413
8
374
311
1005
51362
449
22154
2065
198
262
674
369
7504
58526
2120
705
719
369
5219
709
311
308
6320
12
16
11
420
374
1193
198
262
674
42929
481
369
2678
308
6320
13
2030
279
1296
5157
2997
1633
3544
6305
627
262
9733
262
674
4452
11
3411
520
279
5905
11503
320
4908
369
279
1317
925
315
198
262
674
220
16
596
449
597
28
20
78504
220
7467
21
1981
25962
705
433
596
2867
279
6425
2011
1629
304
198
262
674
507
7046
1161
595
892
1701
16099
32857
323
1063
864
884
13623
369
3094
14921
627
262
9733
262
674
2030
1606
7504
58526
2120
8
374
539
16099
32857
11919
11
323
279
1193
198
262
674
43303
1648
369
1633
3544
308
320
4908
220
4728
9660
8
374
311
1005
279
37072
198
262
674
3424
430
353
60301
682
9
5219
5662
220
16
304
2717
597
7504
369
2678
597
198
262
674
320
11536
279
2766
76911
5424
1920
6288
26338
3544
5219
311
2678
198
262
674
2819
570
763
4040
11
5219
430
1212
449
1690
220
16
596
477
3544
198
262
674
2819
690
19019
18979
320
11536
2766
1797
26338
279
907
198
262
674
75251
570
8442
5219
430
4822
3544
369
1690
7504
320
4908
198
262
674
13736
315
1403
28382
832
11
902
527
682
220
16
596
8
2643
1935
1690
7504
627
262
9733
262
674
15636
11
369
1633
3544
308
320
543
220
16
596
315
3160
296
705
279
5219
430
527
198
262
674
539
597
5621
79385
527
1193
1884
430
1397
810
1109
597
7504
11
902
198
262
674
527
9193
34544
369
2678
597
320
74
8367
20
570
14636
279
4320
374
7154
308
627
262
9733
262
674
1226
649
45968
279
1797
439
308
6320
482
220
16
320
543
5219
3734
220
15
340
262
674
28382
264
82802
1396
11
719
279
1296
5157
1397
4839
11503
627
262
9733
262
674
16644
892
17413
323
279
2144
430
279
2167
31919
198
262
674
22154
2065
489
57483
449
86292
4375
369
682
3984
7177
320
28753
198
262
674
279
11374
449
682
220
16
596
477
4528
527
30517
291
6288
449
22154
1350
262
674
584
4305
279
2768
512
262
9733
262
674
5560
22154
2065
369
7504
58526
11
323
369
5219
366
308
6320
11
656
264
57483
198
262
674
505
220
16
311
308
6320
12
16
11
22154
4954
7504
58526
369
1855
865
2322
3235
279
1648
627
262
674
9393
279
51362
369
2766
3259
19019
87458
3544
5219
311
198
262
674
2678
6305
11
323
22154
2065
55952
48832
990
11
420
16609
682
279
198
262
674
2678
323
3544
7177
304
279
10137
627
262
9733
262
674
4452
11
369
279
3230
7928
1296
320
928
315
4056
11387
364
16
596
11
597
28
20
1350
262
674
279
4320
374
3984
439
220
7467
21
1981
25962
11
23377
430
279
1396
315
198
262
674
2536
12934
5621
79385
5219
374
1633
2678
320
55540
1193
5219
430
198
262
674
4822
3544
369
810
1109
220
20
7504
11
902
374
5355
11218
398
9024
369
220
11387
9660
4390
262
9733
262
674
2100
1618
596
279
8292
512
262
9733
262
505
57566
1179
326
2739
11790
271
262
674
5075
28806
7504
58526
369
2678
5219
320
2000
22154
2065
304
32857
422
584
3596
1005
433
340
262
711
864
28806
23566
53362
28
1041
931
15
997
286
7504
11790
284
5731
286
2874
284
510
16
933
286
369
348
304
2874
512
310
7504
11790
16936
60
284
220
15
198
286
1418
2874
512
310
865
284
2874
8452
7
15
340
310
10055
284
16099
3259
2120
340
310
422
10055
539
304
7504
11790
512
394
7504
11790
58
4086
60
284
220
16
489
7504
58526
28401
8
220
674
28029
30
5560
87975
4619
4999
286
674
34863
11
1095
596
656
433
5480
8046
323
3637
264
6587
369
7504
58526
198
286
7504
58526
5356
284
314
16
25
220
15
534
286
5729
284
510
16
933
286
1418
5729
512
310
865
284
5729
8452
746
310
10055
284
16099
3259
2120
340
310
422
10055
539
304
7504
58526
5356
512
394
7504
58526
5356
58
4086
60
284
220
16
489
7504
58526
5356
22142
12883
3259
2120
5680
394
5729
2102
28401
340
286
471
7504
58526
5356
271
262
7504
5356
284
864
28806
23566
7
605
334
21
8
220
674
1288
387
3403
369
279
1296
5157
6
2678
13006
271
262
711
374
4803
1311
79385
2120
25
528
11
597
25
528
8
1492
1845
512
286
422
865
624
220
16
512
310
471
3082
220
674
2736
220
16
11
220
15
7504
4460
198
286
7504
284
220
15
198
286
2917
284
865
198
286
1853
284
4260
286
674
2057
5766
24746
30853
320
5562
77
956
3621
369
35326
597
705
584
649
4017
8149
198
286
1418
2917
976
220
16
323
7504
366
597
512
310
1853
2102
18053
340
310
2917
284
16099
3259
18053
340
310
7504
1447
220
16
198
286
422
7504
2717
597
323
2917
624
220
16
512
310
674
7429
1817
422
584
2646
4024
7953
597
7504
323
9670
520
220
16
198
310
471
3082
198
286
775
512
310
471
3641
271
262
711
1797
8401
2401
53362
25
528
11
597
25
528
8
1492
528
512
286
674
4605
5219
505
220
16
311
4017
12
16
29408
430
527
597
5621
79385
198
286
2860
284
220
15
198
286
369
865
304
2134
7
16
11
4017
997
310
422
374
4803
1311
79385
2120
11
597
997
394
2860
1447
220
16
198
286
471
2860
1034
19186
271
262
471
1797
8401
2401
1471
6320
11
597
696
2
4452
11
279
3485
374
2288
6435
369
279
7928
1296
5157
13
1226
1205
264
47578
1749
627
2
2030
505
279
10507
11
279
4320
369
264
925
315
296
364
16
596
323
597
374
320
76
353
220
17
13571
76
12
16
8
482
2555
8
1491
19186
5380
2
2582
8530
279
1296
25283
264
16099
9607
47
430
14242
279
1510
3094
1797
2717
597
627
5062
2
34863
11
279
26731
1648
430
16609
682
279
3984
7177
374
311
13383
430
198
2
1193
5219
430
2949
597
2766
76911
5424
7504
5662
220
16
527
31094
13
1789
5219
198
2
15609
304
8026
449
259
743
9660
11
279
1920
6288
26338
1124
627
5062
2
2030
2728
892
11
584
690
4305
279
2167
22154
1534
31919
5603
430
198
2
4375
369
279
3984
2678
323
3544
7177
555
48530
7504
58526
369
198
2
5219
430
5101
304
279
51362
369
865
304
510
16
11
308
6320
12
16
948
1789
1633
3544
198
2
308
6320
11
420
690
350
877
7389
584
1505
264
5497
13
2030
279
1296
1162
449
220
11387
364
16
596
198
2
374
2728
459
4320
11
779
8530
279
1396
315
2536
12934
5621
79385
5219
374
1633
198
2
2678
323
584
649
1797
1124
449
264
2204
5603
320
4908
91451
505
220
16
709
311
198
2
279
7340
69384
304
597
7504
11
1243
28286
10397
9134
369
308
6320
4390
5062
2
16644
279
23965
323
279
2144
430
279
4113
7177
1522
994
499
1005
198
2
279
22154
1534
374
4803
1311
79385
369
682
865
709
311
308
6320
12
16
320
8370
374
43303
369
198
2
279
3984
2678
7177
323
279
7928
1162
4245
311
279
59855
6068
304
198
2
2819
1306
1176
2478
2766
14921
705
358
690
4305
264
57483
449
22154
2065
198
2
430
54688
7504
58526
369
1855
865
23926
11
323
369
279
8582
6965
308
6320
345
2
433
1587
264
31919
2778
719
550
8699
6288
1606
2766
3259
2120
8
19019
198
2
21701
279
1396
311
2678
2819
627
5062
2
5810
374
279
2539
8292
430
41800
279
4113
2380
5865
512
5062
2
1226
2567
279
6070
439
304
279
4113
3626
320
1868
4803
1311
79385
11
9322
1350
2
719
4305
1124
30820
449
48530
323
86292
382
755
1797
4803
1311
79385
1161
25
610
11
597
25
528
8
1492
528
512
262
19186
284
220
605
3146
220
24
489
220
22
271
262
711
16099
3259
2120
25
528
8
1492
528
512
286
471
9736
2120
570
1868
493
16
873
220
674
9660
743
304
865
271
262
674
57301
2065
369
7504
58526
1701
87975
32857
311
5766
51362
8149
4819
198
262
7504
58526
11790
284
314
16
25
220
15
633
262
674
14018
1413
35547
369
7504
58526
709
311
264
13579
2678
4017
320
16
68
20
374
3403
369
1455
47311
340
262
505
15661
1179
43050
198
262
7325
284
43050
2625
16
2608
262
1418
7325
512
286
865
284
7325
558
77352
746
286
10055
284
16099
3259
2120
340
286
422
10055
539
304
7504
58526
11790
512
310
674
1226
1205
7504
58526
28401
8
902
374
220
16
489
7504
58526
1528
12883
3259
28401
1192
310
674
2030
584
1253
539
617
433
25157
3686
26
779
12849
53947
422
3284
198
310
674
2030
2533
10055
2717
16099
3259
2120
8
902
374
366
865
320
2000
865
29
16
705
584
2643
617
2736
25157
433
198
310
1456
512
394
7504
58526
11790
58
4086
60
284
220
16
489
7504
58526
11790
22142
12883
3259
28401
5680
310
3734
39194
512
394
674
9934
311
12849
433
555
4726
14800
11
719
420
374
9024
198
394
674
1789
1057
1005
1162
11
5219
690
6288
6068
311
2678
5219
18073
555
279
6636
198
394
674
2100
33872
311
51362
449
8149
4017
198
394
711
1421
7166
997
504
422
379
624
220
16
512
667
471
220
15
198
504
422
379
304
7504
58526
11790
512
667
471
7504
58526
11790
16435
933
504
471
220
16
489
1421
1528
12883
3259
7166
1192
394
7504
58526
11790
58
4086
60
284
1421
7166
8
220
674
34863
1005
379
28
4086
198
394
674
2030
420
649
5353
24746
51362
422
539
304
6636
11
719
10055
374
2678
198
286
7325
2102
28401
696
262
674
4800
11
13438
311
1817
422
865
374
597
5621
79385
198
262
711
374
4803
1311
79385
2120
25
528
8
1492
1845
512
286
7504
284
220
15
198
286
2917
284
865
198
286
1418
2917
976
220
16
323
7504
366
597
512
310
2917
284
16099
3259
18053
340
310
7504
1447
220
16
198
286
471
7504
2717
597
323
2917
624
220
16
271
262
674
4800
1797
682
5219
505
220
16
311
308
12
16
430
527
597
5621
79385
198
262
308
284
528
1161
11
220
17
340
262
2860
284
220
15
198
262
674
1226
4250
6471
505
220
16
311
308
12
16
422
308
374
6908
320
4728
9660
705
779
584
1205
311
1005
264
47578
1648
627
262
674
2030
5296
430
1306
279
1176
2766
3259
11
904
3544
1396
21701
75251
627
262
674
2100
5219
430
1205
871
74
7504
527
9193
9024
369
2678
597
320
8367
20
4390
262
674
1226
649
4619
656
264
91451
505
220
16
709
311
597
7504
11
3335
682
69384
5219
345
262
674
1243
1005
28286
10397
9134
477
5042
1797
1268
1690
304
510
16
11
308
12
16
60
527
304
420
743
627
262
674
2030
24038
682
69384
5219
2949
597
7504
374
43303
1606
279
2819
18678
6288
627
262
69384
284
314
16
534
262
7325
284
510
16
933
262
369
721
304
2134
6097
997
286
502
1311
613
284
743
746
286
369
348
304
7325
512
310
369
1200
304
320
36034
3259
3832
705
1680
220
674
8442
832
5784
824
3094
198
394
32540
284
1200
198
394
422
32540
539
304
69384
323
32540
539
304
7325
512
504
502
1311
613
1388
1471
85
340
286
69384
5430
1792
1311
613
340
286
7325
16209
1792
1311
613
340
286
422
539
502
1311
613
25
220
674
2360
502
5219
11
3009
4216
198
310
1464
271
262
674
4800
1797
1268
1690
5219
304
510
16
11
308
12
16
60
527
304
69384
198
262
674
2030
1524
420
374
507
1471
8
902
374
539
43303
369
220
4728
9660
627
262
674
2100
33872
25
279
1296
5157
4461
9855
430
369
264
925
315
259
364
16
596
345
262
674
279
4320
374
320
77
6737
17
48922
83
12
16
5525
482
282
6097
595
1491
19186
11
719
584
1541
956
1440
282
6097
4390
262
9733
262
674
39578
11
584
649
656
264
57483
505
220
16
709
311
308
12
16
719
80626
994
1510
871
308
12
16
198
262
674
2030
449
48530
315
7504
58526
369
1855
1396
3604
12263
11
433
596
43303
198
262
674
1606
279
5219
18678
19019
627
262
674
1226
4305
264
31919
5663
449
22154
2065
369
7504
58526
627
262
505
57566
1179
326
2739
11790
271
262
571
75
2739
11790
8913
2190
5980
340
262
711
7504
5595
2120
25
528
8
1492
528
512
286
422
865
624
220
16
512
310
471
220
15
198
286
471
220
16
489
7504
5595
1528
12883
3259
2120
4489
262
711
1797
8401
2401
20012
53362
25
528
8
1492
528
512
286
674
4605
5219
220
16
497
9696
12
16
430
527
597
5621
79385
198
286
13497
284
220
15
198
286
369
865
304
2134
7
16
11
4017
997
310
422
7504
5595
2120
8
2717
597
512
394
13497
1447
220
16
198
286
471
13497
1034
19186
271
262
674
2030
369
308
709
311
220
17
61
4728
11
420
6471
374
539
3284
13
2100
584
1205
311
1005
16099
9607
47
477
37072
38215
627
262
674
4452
11
279
6205
7177
449
682
364
16
596
315
3160
296
617
4320
21784
230
296
353
220
17
48922
76
12
16
534
262
674
2100
8530
279
1396
315
597
5621
79385
5219
366
320
17
61
76
482
220
16
8
374
320
17
61
76
482
220
17
482
272
8
1405
272
374
2678
627
262
674
2030
311
1522
279
2728
1296
5157
11
584
5296
430
279
3984
3685
11503
369
3544
682
12
16
596
198
262
674
9246
449
597
28
20
374
220
7467
21
1975
902
374
3345
311
320
17
61
11387
482
220
17
4390
262
9733
262
674
8876
584
4250
12849
433
6089
369
6908
308
11
323
279
3575
374
505
459
7274
477
14130
345
262
674
814
4461
1755
279
2167
51362
10
56509
369
7504
5595
2120
705
719
449
459
34440
57483
430
198
262
674
1193
41424
5219
366
308
323
550
8699
994
16099
3259
2120
8
366
865
320
72
1770
2637
865
374
539
264
2410
315
1403
323
690
18979
340
262
674
2030
2085
279
5150
16099
9607
47
11
323
2728
279
892
11
584
690
4305
279
6435
719
4495
2373
198
262
674
369
279
2678
7177
323
3987
430
279
3544
1296
596
4320
374
320
77
12
16
482
1797
22368
4803
1311
79385
8
1405
198
262
674
1797
22368
4803
1311
79385
374
1633
2678
320
72111
555
91451
439
3485
369
69384
5219
340
262
9733
262
674
6914
596
1456
264
26038
25
1797
1268
1690
5219
304
279
91451
69384
743
527
366
308
11
1243
682
3885
527
539
627
262
674
2030
430
596
1193
5219
430
649
5662
220
16
304
2717
74
7504
11
719
1070
2643
387
1023
5219
539
304
279
91451
719
2103
5662
304
2717
74
7504
320
333
264
2204
1853
340
262
674
2030
279
2766
27678
5784
374
73449
11
779
422
264
1396
649
5662
220
16
304
259
8367
74
7504
11
433
596
304
279
69384
743
505
220
16
555
76283
5380
262
674
34863
539
11
1606
433
596
539
264
81193
734
627
262
9733
262
674
16644
279
892
11
323
2533
279
4113
1296
5157
320
36046
279
6908
682
12
16
596
8
617
11503
430
527
198
262
674
320
77
12
16
482
1633
2678
705
584
649
45968
555
512
262
674
256
8261
284
320
77
482
220
17
482
320
4174
315
2536
5621
78383
5219
304
220
16
497
77
12
17
595
1491
19186
198
262
674
1405
2536
5621
78383
527
1884
430
1524
1306
597
7504
1541
956
5662
220
16
627
262
674
2030
584
1541
956
617
459
4228
1648
311
12849
430
627
262
9733
262
674
4740
6492
11
279
45648
1648
430
690
1522
279
6205
7177
320
36046
279
682
12
16
925
449
597
28
20
340
262
674
374
311
13383
430
369
264
1396
31706
315
296
364
16
596
320
72
1770
13
308
284
220
17
61
76
482
220
16
705
279
4320
374
198
262
674
320
77
482
220
17
482
282
6097
595
1405
282
6097
8
374
279
1797
315
5219
304
510
17
11
308
12
16
60
430
4250
387
11293
311
220
16
304
520
1455
597
7504
627
262
674
2030
2533
279
14278
1920
369
5219
366
308
28
17
61
76
12
16
690
2744
9778
5662
264
907
366
308
323
8617
6288
6068
345
262
674
8530
4661
682
5219
527
597
5621
79385
369
2678
597
627
262
9733
262
674
21815
520
279
6205
25
369
296
28
18
320
77
28
22
705
4320
994
597
28
16
374
220
18
320
8370
374
220
22
12
16
12
18
28
18
30
220
22
12
17
28
20
28382
220
17
2536
5621
79385
4390
262
674
1789
279
1317
925
315
220
11387
364
16
596
323
597
28
20
11
279
4320
374
3984
439
4056
7467
21
40868
902
374
1633
3345
311
220
17
61
11387
12
17
11
779
279
76340
374
82802
627
262
9733
262
674
15636
11
584
690
471
320
77
482
220
17
8
1034
19186
11
719
33356
279
1797
315
5219
304
279
91451
5621
78383
743
430
527
2669
77
320
8370
374
220
15
8
5636
1063
2678
27358
422
4460
627
262
674
2030
311
7041
1522
279
6205
7177
2737
279
6908
832
11
584
2011
1005
279
57483
449
22154
2065
719
34440
311
3009
994
1510
907
21701
3770
308
477
994
7504
12771
597
627
262
9733
262
674
1226
4305
264
57483
430
14921
5219
505
220
16
40872
11
1701
7504
5595
2120
705
719
22154
4954
323
23351
994
865
2669
308
627
262
674
1789
279
7928
1296
320
77
28
17
61
11387
12
16
705
420
374
2103
539
43303
11
719
279
6205
4320
13533
433
596
320
77
12
16
482
272
8
449
272
1633
2678
627
262
674
2100
584
690
656
264
91451
505
220
16
11
26984
682
5219
430
649
387
11293
311
220
16
304
2717
74
7504
11
1243
1797
1268
1690
527
366
77
627
262
9733
262
674
1226
2736
5918
279
364
47650
6
743
3485
13
2100
279
1797
374
5042
2479
2625
87
369
865
304
69384
422
865
366
308
2526
719
1101
2737
220
16
627
262
674
2030
420
43394
5219
430
527
539
69384
505
220
16
4669
279
4741
5784
719
649
2103
387
11293
304
2717
74
7504
320
8248
3604
11
279
5784
374
73449
25
422
264
1396
649
387
11293
304
259
8367
74
7504
11
433
596
304
279
22722
505
3770
30
2360
29275
262
9733
262
674
16644
279
892
17413
11
323
2533
279
3575
374
4461
23132
279
2167
31919
10
56509
5603
449
279
3984
1296
5157
1694
2678
3403
369
48530
311
990
345
262
674
584
690
4305
279
6435
719
4495
2373
369
279
734
11
449
279
8830
430
433
690
1522
279
6205
7177
3984
304
279
3575
627
262
674
1789
279
5150
6908
1296
1162
449
220
11387
364
16
596
11
304
13325
433
2643
387
6435
11
719
8530
279
1296
374
2479
1188
477
279
5219
18678
779
5043
433
596
10619
627
262
9733
262
674
14636
11
1620
8292
369
1797
4803
1311
79385
1473
262
674
5629
11
1095
596
22154
553
7504
5595
449
326
2739
11790
369
5219
584
3449
198
262
505
57566
1179
326
2739
11790
271
262
571
75
2739
11790
8913
2190
5980
340
262
711
7504
5595
2120
25
528
8
1492
528
512
286
422
865
624
220
16
512
310
471
220
15
198
286
471
220
16
489
7504
5595
1528
12883
3259
2120
4489
262
711
1797
8501
2120
25
528
8
1492
528
512
286
422
865
366
220
17
512
310
471
220
15
198
286
471
220
16
422
7504
5595
2120
8
2717
597
775
220
15
271
262
674
4800
11
584
1205
311
1797
2694
15511
87
28
17
311
308
12
16
92
1797
8501
2120
340
262
674
1115
374
12266
369
6908
308
11
719
449
48530
323
279
11295
18678
315
16099
3259
345
262
674
584
649
1005
264
31919
5663
430
1193
41424
5219
539
3686
3967
198
262
674
323
550
8699
994
7504
4460
871
74
477
907
9221
220
16
627
262
2860
284
220
15
198
262
5729
284
510
17
60
220
674
1212
505
220
17
11
2533
220
16
374
2736
31094
422
4460
198
262
12263
284
743
746
262
1418
5729
512
286
1510
284
5729
8452
746
286
422
1510
2669
308
25
220
674
7953
4017
198
310
3136
198
286
422
1510
304
12263
512
310
3136
198
286
12263
1388
8937
340
286
674
12849
7504
369
1510
198
286
1456
512
310
7504
284
7504
5595
8937
340
286
3734
4158
35380
1480
512
310
674
1510
374
2288
2466
11
539
3284
320
8248
16099
3259
690
8108
433
340
310
1522
220
674
13434
956
3621
439
584
1212
505
220
17
323
733
45054
719
2819
6068
6288
198
286
422
7504
2717
597
512
310
2860
1447
220
16
198
286
674
311
5766
24746
30853
11
422
16099
3259
8937
8
374
220
16
11
3009
320
3427
288
311
220
16
304
1828
3094
340
286
1828
6320
284
16099
3259
8937
340
286
422
1828
6320
539
304
320
15
11
220
16
8
323
1828
6320
366
1510
512
310
674
279
1828
3094
690
8108
433
11
719
584
1541
956
1440
422
433
27656
2717
74
198
310
674
719
584
649
4585
16099
3259
8937
8
422
539
12263
198
310
422
1828
6320
539
304
12263
512
394
5729
2102
17342
6320
340
310
674
1101
4585
1510
9
17
5099
30
2360
11
430
596
539
11190
627
310
674
39578
11
584
649
1101
4585
1510
10
16
30
2876
5505
627
310
674
12361
11
5296
430
16099
3259
8937
8
374
366
1510
320
39870
1510
374
264
2410
315
220
605
497
15
340
310
674
2100
584
649
21676
923
1828
6320
311
279
5729
422
433
596
2949
4017
198
310
422
1828
6320
366
308
512
394
5729
2102
17342
6320
340
286
674
775
11
422
16099
3259
374
220
16
11
433
690
5662
220
16
304
832
810
3094
11
779
422
597
10123
16
11
433
596
2764
11
719
584
2736
31094
433
5380
262
471
2860
1034
19186
271
262
471
1797
8501
1471
482
220
16
8
220
674
2533
584
1390
220
16
497
77
12
16
271
2
2030
279
3485
57483
374
2103
2288
6435
369
279
1972
3544
1296
13
4452
11
279
3575
596
6205
3685
4320
369
279
1317
925
315
220
16
596
449
597
28
20
374
220
7467
21
1131
902
374
320
17
61
11387
482
220
17
8
779
7344
279
10825
6425
374
311
2612
320
396
1161
11
17
7435
16
482
220
15
8
1491
19186
11
602
1770
13
308
12
16
627
2
2030
279
1176
3187
25
330
5037
1
320
77
28
22
705
597
28
16
1492
4320
374
220
18
11
902
374
220
22
12
16
12
18
28
18
30
320
333
220
18
5219
527
539
220
16
5621
79385
304
220
16
3094
570
34863
1095
596
12849
512
2
35813
366
22
25
220
16
11
17
11
18
11
19
11
20
11
21
198
2
1789
1855
11
7504
58526
512
2
220
16
25
15
1492
3679
66
1260
198
2
220
17
25
16
405
17
52118
16
320
16
3094
8
38394
16
11651
3679
66
1260
198
2
220
18
25
17
320
18
52118
17
52118
16
8
871
16
11651
539
3679
66
1260
198
2
220
19
25
16
320
19
52118
16
8
11651
3679
66
1260
198
2
220
20
25
17
320
20
52118
17
52118
16
8
871
16
11651
539
198
2
220
21
25
16
320
21
52118
16
8
11651
3679
66
1260
198
2
2100
3679
66
1260
25
220
16
11
17
11
19
11
21
11651
220
19
5219
11
719
279
6205
2795
220
18
13
14144
279
6205
2795
1797
4803
1311
79385
446
5037
498
16
11992
18
13
35341
329
2538
5380
2
14144
279
3575
2795
330
31587
26864
2753
1109
308
498
779
369
308
28
22
11
5219
220
16
497
21
627
2
2030
4184
311
3485
11
220
16
320
15
705
220
17
320
16
705
19
7
16
705
21
7
16
8
11651
220
19
5219
13
2030
6205
2795
220
18
13
2100
1070
596
264
16930
627
5062
2
1050
10397
309
5859
279
1176
6205
25
1797
4803
1311
79385
446
5037
498
16
8
1492
308
28
22
11
779
5219
366
22
25
220
16
11
17
11
18
11
19
11
20
11
21
198
2
578
3575
2795
279
4320
374
220
18
13
2100
8530
279
7419
374
430
279
1396
2011
387
11293
304
353
327
33839
9
520
1455
597
7504
11
719
539
2737
220
15
7504
30
2582
7344
220
16
374
539
31094
1606
433
596
2736
220
16
449
220
15
7504
11
323
597
10123
16
374
2631
311
387
330
265
54478
1
5380
2
578
3575
2795
330
74
5621
79385
422
2564
520
1455
597
3115
26338
433
311
220
16
3343
2100
220
16
374
36747
398
220
16
5621
79385
320
15
7504
570
2030
7344
279
3575
1587
539
1797
220
16
439
264
2764
1396
2533
433
596
2736
220
16
2085
904
5784
30
578
3575
2795
330
31587
26864
2753
1109
308
498
779
220
16
374
5343
627
2
2684
596
264
79105
13
19292
304
279
6205
11
279
4320
220
18
4131
505
220
17
11
19
11
21
902
1935
7041
220
16
3094
13
5112
220
16
5097
220
15
7504
902
1253
477
1253
539
387
31094
11911
389
23692
627
5062
2
16644
279
22047
323
279
2144
430
279
3984
9322
7177
1755
279
2728
11503
11
584
2011
2489
1124
555
2653
1824
3785
279
1296
5157
477
9455
2500
5497
627
5062
2
2030
279
3575
2795
330
3055
539
5719
279
7177
498
779
584
4250
627
5062
2
4740
312
12
6285
279
3575
11
433
2795
330
74
5621
79385
422
16785
279
2768
5784
520
1455
597
3115
26338
433
311
220
16
3343
2100
5219
430
5662
220
16
304
220
15
11
16
29775
11
74
7504
527
31094
13
2100
220
16
1288
387
5343
627
2
1789
308
28
22
11
430
596
220
19
5219
320
16
11
17
11
19
11
21
570
2030
279
6205
2795
220
18
13
14636
1070
374
264
16930
304
279
3575
5224
477
6205
627
5062
2
39578
11
7344
279
5784
374
25
304
1855
3094
11
499
8454
279
1510
1396
449
279
1797
315
743
9660
11
719
499
2011
2804
7041
597
3115
477
3156
499
5662
220
16
11
54784
4131
1176
13
2100
369
865
28
16
11
499
1541
956
2804
904
7677
11
719
433
596
2103
31094
439
433
10548
520
220
16
2085
49005
597
627
2
5112
279
6205
596
4320
315
220
18
369
308
28
22
16539
28
16
649
1193
387
422
814
527
539
26060
220
16
13
2100
8530
279
3575
3445
330
31587
26864
304
510
17
11
308
12
16
19727
5380
5062
2
578
3575
2795
330
31587
26864
2753
1109
308
498
902
5764
220
16
13
2030
279
6205
2612
369
330
16
1
320
77
28
16
8
374
220
15
11
902
18809
539
26060
220
16
320
11536
1070
527
912
5219
366
16
4390
2
1789
330
5037
30309
77
28
22
705
597
28
16
11
279
4320
220
18
13533
814
527
539
26060
220
16
13
2100
4461
279
10825
7438
374
5219
304
510
17
11
308
12
16
27218
5062
2
15636
11
584
1288
2349
279
26060
311
505
220
17
311
308
12
16
627
5062
2
2100
304
1797
4803
1311
79385
11
584
1288
471
2694
15511
87
28
17
311
308
12
16
92
510
25047
5595
2120
66712
74
933
5062
2
6914
596
7652
279
2082
28178
627
5062
2
7429
11
279
3984
1633
3544
1296
1162
596
4320
369
264
925
315
220
11387
364
16
596
323
597
28
20
374
220
7467
21
1131
902
374
320
17
61
11387
482
220
17
482
2555
1633
2678
570
2100
320
77
12
17
8
1491
19186
374
279
4320
422
682
5219
2669
17
649
387
11293
304
2717
20
7504
11
902
5084
311
387
279
1162
369
5219
430
1212
449
1690
220
16
596
320
20670
18678
5043
4390
5062
2
14636
11
279
1620
4495
8292
430
9248
279
10688
320
66463
42308
315
220
16
8
374
1473
755
1797
4803
1311
79385
1161
25
610
11
597
25
528
8
1492
528
512
262
19186
284
220
605
3146
220
24
489
220
22
198
262
308
284
528
1161
11
220
17
340
262
422
308
366
220
17
512
286
471
220
15
220
674
912
5219
2669
17
323
366
77
198
262
674
4605
5219
505
220
17
311
308
12
16
430
527
597
5621
79385
198
262
505
57566
1179
326
2739
11790
271
262
571
75
2739
11790
8913
2190
5980
340
262
711
7504
5595
2120
25
528
8
1492
528
512
286
422
865
624
220
16
512
310
471
220
15
198
286
471
220
16
489
7504
5595
50769
2120
570
1868
493
16
25863
262
711
374
4803
1311
79385
2120
25
528
8
1492
1845
512
286
471
7504
5595
2120
8
2717
597
271
262
674
1789
3544
308
11
584
649
956
6471
505
220
17
311
308
12
16
11
719
279
3575
596
7177
449
682
364
16
596
198
262
674
617
11503
1633
3345
311
308
12
17
11
779
584
471
320
77
12
17
8
1034
19186
439
459
57304
345
262
674
719
369
58423
389
2678
7177
11
584
6471
13
4452
11
279
1296
449
308
28
22
320
5037
8
1288
3041
220
19
320
17
11
19
11
21
11
323
7344
814
527
44878
1063
30
4390
262
674
2030
279
6205
2795
220
18
11
779
7344
279
3575
3250
956
2997
5219
430
3719
220
16
304
220
15
7504
320
72
1770
2637
865
28
17
902
5900
311
220
16
304
220
16
3094
374
7060
11
719
865
28
19
5900
220
19
405
16
304
220
16
3094
779
374
5343
570
2100
220
17
11
19
11
21
527
2380
5219
422
814
527
539
26060
220
16
627
262
674
14636
11
584
656
279
6471
1193
369
2678
308
1473
262
2860
284
220
15
198
262
8582
284
308
482
220
16
198
262
422
8582
2669
220
17
512
286
369
865
304
2134
7
17
11
8582
489
220
16
997
310
422
374
4803
1311
79385
2120
997
394
2860
1447
220
16
198
262
471
2860
1034
19186
271
2
2030
420
690
350
877
369
279
6908
1296
1162
13
4452
11
279
3575
596
6205
369
279
1317
925
315
220
16
596
449
597
28
20
25283
459
4320
1633
3345
311
320
17
61
11387
482
220
17
705
779
8530
279
4495
4320
374
320
77
482
220
17
8
1034
19186
994
597
374
3544
3403
320
10123
7504
5595
369
682
865
304
220
17
497
77
12
16
570
8876
369
5219
430
527
682
220
16
596
11
16099
3259
26338
1124
29057
627
5062
2
16644
279
3575
596
7754
311
330
3725
4305
1
323
1522
279
7177
2085
47141
1124
11
323
430
279
2082
690
520
3325
1522
279
2678
7177
994
5439
420
1648
320
66463
279
10688
617
264
86205
323
279
4320
369
308
28
22
16539
28
16
1288
387
220
19
705
477
279
3575
32238
44878
220
16
369
1063
2944
11
584
3358
1005
279
34440
2373
430
369
279
6908
1162
4780
320
77
12
17
8
1034
19186
11
323
369
2678
5157
1587
279
6471
627
5062
2
2030
311
7041
1522
279
6205
1405
1797
4803
1311
79385
446
5037
498
16
11992
18
11
584
2011
539
1797
220
19
323
220
21
30
3011
3250
956
1304
5647
627
5062
2
39578
11
7344
279
5784
374
25
499
2011
2804
353
327
33839
9
597
3115
477
3156
499
5662
220
16
11
54784
374
1176
13
2100
369
865
28
17
25
220
17
405
16
304
220
16
3094
11
902
374
5535
320
11536
520
1455
597
28
16
570
1789
865
28
19
25
220
19
405
16
304
220
16
3094
11
1101
5535
13
2100
3249
279
6205
2795
220
18
5380
5062
2
19292
279
3575
3445
5219
430
353
4408
9
520
3325
832
5784
311
3719
220
16
30
5112
220
16
1053
387
28544
320
56345
220
15
705
323
220
17
11
18
11
19
11
20
11
21
369
308
28
22
16539
28
16
25
1193
220
17
323
220
19
323
220
21
1935
220
16
3094
13
3011
596
220
18
5219
13
2100
430
596
279
6205
596
4320
627
5062
2
2100
279
4495
23692
374
25
1797
5219
865
304
510
17
11
308
12
16
60
1778
430
279
1396
315
7504
374
1990
220
16
323
597
627
5062
2
15636
11
584
2011
22429
5219
430
5662
220
16
304
220
15
7504
320
72
1770
2637
865
28
16
11
719
584
527
539
26060
433
439
584
1212
505
220
17
705
323
1101
22429
1884
430
5662
304
220
15
7504
1306
1063
47311
30
2360
11
1193
865
28
16
1587
430
627
2
2030
369
865
28
17
25
7504
5595
7
17
11992
16
11
902
374
2949
510
16
16539
60
422
597
10123
16
13
2100
220
17
11
19
11
21
369
308
28
22
16539
28
16
3041
220
18
5219
11
902
9248
279
6205
627
5062
2
2100
279
5155
374
25
1193
1797
422
7504
5595
2120
8
374
1990
220
16
323
597
29408
627
5062
2
10604
374
4803
1311
79385
311
512
2
711
374
4803
1311
79385
2120
25
528
8
1492
1845
512
2
257
471
7504
5595
2120
8
871
220
15
323
7504
5595
2120
8
2717
597
198
5062
2
4800
369
865
28
17
11
19
11
21
25
7504
5595
374
220
16
11
779
10035
13
1789
865
28
18
25
7504
5595
7
18
11992
17
11
902
374
871
74
28
16
11
779
912
13
2100
1797
374
220
18
11
12864
6205
627
5062
2
2100
1620
4495
2082
1473
755
1797
4803
1311
79385
1161
25
610
11
597
25
528
8
1492
528
512
262
19186
284
220
605
3146
220
24
489
220
22
198
262
308
284
528
1161
11
220
17
340
262
422
308
366
220
17
512
286
471
220
15
198
262
505
57566
1179
326
2739
11790
271
262
571
75
2739
11790
8913
2190
5980
340
262
711
7504
5595
2120
25
528
8
1492
528
512
286
422
865
624
220
16
512
310
471
220
15
198
286
471
220
16
489
7504
5595
50769
2120
570
1868
493
16
25863
262
711
374
4803
1311
79385
2120
25
528
8
1492
1845
512
286
674
15832
1935
520
3325
220
16
3094
323
520
1455
597
7504
311
5662
220
16
198
286
471
7504
5595
2120
8
871
220
15
323
7504
5595
2120
8
2717
597
271
262
2860
284
220
15
198
262
4827
284
220
17
220
674
2533
584
1541
956
1797
5219
430
5662
220
16
304
220
15
7504
320
87
28
16
8
323
584
1212
505
220
17
198
262
8582
284
308
482
220
16
198
262
422
8582
2669
4827
512
286
674
1789
1633
3544
308
11
420
6471
374
539
43303
11
719
279
3575
596
1296
449
682
220
16
596
4762
25283
320
77
482
220
17
8
1034
19186
1606
682
5219
2669
17
690
1935
2717
74
7504
369
597
28
20
323
3544
296
320
11536
814
18678
311
2678
2819
304
220
16
3094
340
286
674
2100
584
649
30536
369
3544
308
512
286
422
8582
482
4827
489
220
16
871
220
16
68
21
25
220
674
25142
3544
12447
311
3480
311
15150
198
310
674
1789
5219
505
220
17
311
308
12
16
11
682
690
617
16099
3259
2120
8
366
865
320
39870
865
374
264
2410
315
220
605
497
15
11
719
1524
1243
433
690
8108
340
310
674
2100
7504
5595
2120
8
284
220
16
489
7504
5595
1528
12883
3259
2120
595
902
374
2717
597
369
3544
308
323
2678
597
320
11536
16099
3259
2120
8
374
2678
340
310
674
14636
279
4320
374
320
77
482
220
17
8
1034
19186
198
310
471
320
77
482
220
17
8
1034
19186
198
286
775
512
310
369
865
304
2134
72164
11
8582
489
220
16
997
394
422
374
4803
1311
79385
2120
997
504
2860
1447
220
16
198
310
471
2860
1034
19186
271
2
4800
4305
279
13438
734
364
47374
6
439
279
1890
439
374
4803
1311
79385
719
1511
4871
279
1296
23055
439
264
17741
627
755
9322
1161
25
610
11
597
25
528
997
262
674
4702
264
13947
311
539
5719
279
1296
11
814
690
1650
1797
4803
1311
79385
4669
279
1296
33508
627
262
471
220
15
220
674
3250
956
5030
11
279
1296
23055
690
1005
1057
1797
4803
1311
79385
271
2
2030
279
3575
1253
617
279
4113
9322
439
961
315
279
2082
311
387
12860
13
2057
387
6220
11
584
8454
682
2380
5865
304
279
3984
2082
2565
382
2
578
4113
3626
4762
1427
1093
1473
2
711
1797
4803
1311
79385
1161
25
610
11
597
25
528
8
1492
528
512
2
257
12515
5062
2
711
9322
1161
25
610
11
597
25
528
8
1492
528
512
2
257
12515
5062
2
2100
584
2011
3493
54155
369
682
2380
382
2
4452
11
279
3575
596
7754
374
311
330
3725
4305
279
734
7633
323
1522
682
279
7177
1
2085
47141
279
7177
11
323
311
15411
279
2082
311
387
11041
304
264
3254
2082
2565
1701
55375
382
2
14636
11
279
1620
2082
311
9502
374
25935
279
2380
5865
439
11263
1473
74694
12958
198
755
1797
4803
1311
79385
1161
25
610
11
597
25
528
8
1492
528
512
262
19186
284
220
605
3146
220
24
489
220
22
198
262
308
284
528
1161
11
220
17
340
262
422
308
366
220
17
512
286
471
220
15
198
262
505
57566
1179
326
2739
11790
271
262
571
75
2739
11790
8913
2190
5980
340
262
711
7504
5595
2120
25
528
8
1492
528
512
286
422
865
624
220
16
512
310
471
220
15
198
286
471
220
16
489
7504
5595
50769
2120
570
1868
493
16
25863
262
711
374
4803
1311
79385
2120
25
528
8
1492
1845
512
286
471
7504
5595
2120
8
871
220
15
323
7504
5595
2120
8
2717
597
271
262
4827
284
220
17
198
262
8582
284
308
482
220
16
198
262
422
8582
2669
4827
512
286
674
1789
1633
3544
21986
11
584
9855
682
5219
2669
17
527
597
5621
79385
994
597
374
220
20
323
279
1396
706
1690
220
16
596
320
300
304
279
6205
449
220
11387
364
16
596
340
286
674
9393
16099
3259
2120
8
6288
21701
279
907
311
2678
5219
902
5662
220
16
304
2717
74
7504
198
286
422
8582
482
4827
489
220
16
871
220
605
334
21
512
310
471
320
13886
482
4827
489
220
16
8
1034
19186
220
674
902
374
308
12
17
198
286
775
512
310
2860
284
220
15
198
310
369
865
304
2134
72164
11
8582
489
220
16
997
394
422
374
4803
1311
79385
2120
997
504
2860
1447
220
16
198
310
471
2860
1034
19186
198
262
775
512
286
2860
284
220
15
198
286
369
865
304
2134
72164
11
8582
489
220
16
997
310
422
374
4803
1311
79385
2120
997
394
2860
1447
220
16
198
286
471
2860
1034
19186
271
755
9322
1161
25
610
11
597
25
528
8
1492
528
512
262
674
578
1296
23055
6880
420
311
1005
279
20037
1797
4803
1311
79385
734
34167
198
262
308
284
528
1161
11
220
17
340
262
422
308
366
220
17
512
286
471
220
15
198
262
422
308
624
220
16
512
286
471
220
15
198
262
505
57566
1179
326
2739
11790
271
262
571
75
2739
11790
8913
2190
5980
340
262
711
7504
5595
2120
25
528
8
1492
528
512
286
422
865
624
220
16
512
310
471
220
15
198
286
471
220
16
489
7504
5595
50769
2120
570
1868
493
16
25863
262
711
374
4803
1311
79385
2120
25
528
8
1492
1845
512
286
471
7504
5595
2120
8
871
220
15
323
7504
5595
2120
8
2717
597
271
262
674
2057
2489
279
3685
7865
304
279
7177
439
824
279
3575
596
10507
345
262
674
584
1005
279
1890
12496
439
1797
4803
1311
79385
719
656
539
29241
279
26060
2134
320
4881
2539
220
16
497
77
12
16
719
584
37065
433
311
220
17
497
77
12
16
304
1797
4803
1311
79385
340
262
674
2030
2533
279
3575
596
7177
369
9322
527
1701
279
1890
12496
439
1797
4803
1311
79385
719
8530
2737
220
16
477
539
11
584
18327
279
12496
512
262
2860
284
220
15
198
262
369
865
304
2134
7
16
11
308
1680
220
674
9248
4113
7537
7344
2737
220
16
422
5535
198
286
422
7504
5595
2120
8
2717
597
323
7504
5595
2120
8
871
220
15
25
220
674
1890
439
374
4803
1311
79385
198
310
2860
1447
220
16
198
262
471
2860
1034
19186
271
755
636
4803
1311
79385
3259
1471
6320
25
528
11
597
25
528
8
1492
528
512
262
674
1115
2643
3073
304
279
4113
3626
439
264
13438
11
719
539
4460
13
1226
8454
1193
279
2380
2631
627
262
1522
198
14196
19884
4071
311
26549
1833
279
3575
596
7754
311
8454
1193
279
2380
5865
320
1868
4803
1311
79385
11
9322
11
323
8530
2500
422
904
705
719
279
4113
2082
1193
5039
1797
4803
1311
79385
323
9322
320
1820
15629
374
264
1296
13438
570
8876
279
1217
7754
374
311
8454
279
734
7633
320
1868
4803
1311
79385
8
323
4762
279
9322
439
433
596
961
315
279
2082
311
387
14976
11
584
3493
279
2380
439
3485
382
11458
11
279
3575
2795
330
3055
539
5719
279
7177
498
779
279
1296
2082
8260
9322
374
6220
13
578
1401
374
430
279
1296
25283
9322
1161
16539
8
311
471
279
1890
439
1057
1797
4803
1311
79385
382
4071
311
2567
433
4382
323
6106
12579
682
279
2728
6205
7177
320
36046
279
1176
832
1457
7231
220
18
369
308
28
22
16539
28
16
994
26060
865
28
17
11
19
11
21
705
279
1620
2082
311
9502
304
264
3254
2082
2565
374
1473
27
1889
2565
11263
1363
74694
12958
198
755
1797
4803
1311
79385
1161
25
610
11
597
25
528
8
1492
528
512
262
19186
284
220
605
3146
220
24
489
220
22
198
262
308
284
528
1161
11
220
17
340
262
422
308
366
220
17
512
286
471
220
15
198
262
505
57566
1179
326
2739
11790
271
262
571
75
2739
11790
8913
2190
5980
340
262
711
7504
5595
2120
25
528
8
1492
528
512
286
422
865
624
220
16
512
310
471
220
15
198
286
471
220
16
489
7504
5595
50769
2120
570
1868
493
16
25863
262
711
374
4803
1311
79385
2120
25
528
8
1492
1845
512
286
471
7504
5595
2120
8
871
220
15
323
7504
5595
2120
8
2717
597
271
262
4827
284
220
17
198
262
8582
284
308
482
220
16
198
262
422
8582
2669
4827
512
286
422
8582
482
4827
489
220
16
871
220
605
334
21
512
310
674
63297
369
3544
21986
320
4908
682
220
16
596
8
7154
682
5219
527
597
5621
79385
369
597
10123
16
323
3544
296
198
310
471
320
13886
482
4827
489
220
16
8
1034
19186
220
674
902
374
308
12
17
198
286
775
512
310
2860
284
220
15
198
310
369
865
304
2134
72164
11
8582
489
220
16
997
394
422
374
4803
1311
79385
2120
997
504
2860
1447
220
16
198
310
471
2860
1034
19186
198
262
775
512
286
2860
284
220
15
198
286
369
865
304
2134
72164
11
8582
489
220
16
997
310
422
374
4803
1311
79385
2120
997
394
2860
1447
220
16
198
286
471
2860
1034
19186
271
755
9322
1161
25
610
11
597
25
528
8
1492
528
512
262
308
284
528
1161
11
220
17
340
262
422
308
366
220
17
512
286
471
220
15
198
262
505
57566
1179
326
2739
11790
271
262
571
75
2739
11790
8913
2190
5980
340
262
711
7504
5595
2120
25
528
8
1492
528
512
286
422
865
624
220
16
512
310
471
220
15
198
286
471
220
16
489
7504
5595
50769
2120
570
1868
493
16
25863
262
674
2057
2489
279
3685
3135
439
304
279
3575
596
7177
320
36046
279
3544
682
12
16
925
1162
1350
262
674
584
1797
682
865
505
220
16
311
308
12
16
1405
7504
5595
2120
8
2717
74
323
871
15
320
72
1770
2637
64468
865
28
16
422
597
27
15
719
597
10123
16
779
220
16
374
7504
5595
7
16
11992
15
902
374
539
871
15
719
422
584
2997
865
28
16
433
11621
220
16
13
4452
11
279
1176
6205
1457
4375
449
865
28
17
11
19
11
21
7231
220
18
994
308
28
22
16539
28
16
340
262
674
2030
311
387
6220
11
584
649
1797
505
220
16
311
308
12
16
512
262
2860
284
220
15
198
262
369
865
304
2134
7
16
11
308
997
286
422
7504
5595
2120
8
2717
597
512
310
2860
1447
220
16
198
262
471
2860
1034
320
605
3146
220
24
489
220
22
696
2
578
4948
734
9932
304
279
4113
2643
539
3073
26
422
779
11
584
649
52144
433
627
14196
19884
2028
1288
1522
682
279
3984
7177
11
2737
279
37065
1176
6205
1405
26060
505
220
16
311
308
12
16
5764
865
28
16
320
25047
5595
7
16
11992
15
902
374
2717
74
369
904
597
10123
15
570
2030
279
3575
596
1176
6205
2795
1797
4803
1311
79385
446
5037
498
16
11992
18
902
449
420
2082
1053
387
220
19
320
16564
865
28
16
570
2057
9006
420
11
8530
9322
1288
1212
505
220
17
11
719
279
3575
596
1296
23055
4461
5829
279
1890
12496
439
279
4113
902
1253
617
1047
264
2204
2134
382
4071
2728
279
7452
478
23692
12864
279
4733
928
320
38478
366
77
11
6928
26864
11
902
5764
220
16
705
323
279
6205
11000
3515
459
1022
14656
19101
1493
11
279
3485
2082
374
279
1888
584
649
656
2085
10223
279
7177
382
19918
21142
2082
2565
439
2631
1473
27
1820
2082
2565
3485
11
719
75826
369
32373
323
311
2489
279
4113
734
33728
7041
29
4815
11458
11
311
30437
4442
323
6106
279
3544
1296
1162
16609
439
824
279
3187
320
7467
21
1131
25962
902
374
320
17
61
11387
12
17
8
1491
19186
705
323
2533
369
682
220
16
596
315
3160
296
11
308
28
17
61
76
12
16
11
1243
308
12
17
284
220
17
61
76
12
18
11
719
279
3187
596
4320
369
296
28
11387
16539
28
20
374
1633
3345
311
220
17
61
11387
12
17
11
584
649
4726
40821
9322
311
2744
471
320
77
12
16
482
220
16
8
1034
19186
994
597
10123
1063
907
11
719
430
596
539
4689
382
22818
892
17413
323
430
279
3575
2643
4287
308
12
17
369
3544
682
12
16
9246
11
358
3358
3118
279
2768
17251
2373
430
1288
1522
682
7177
439
824
279
3575
596
10688
1306
279
1176
374
24257
304
23692
1473
74694
12958
198
755
1797
4803
1311
79385
1161
25
610
11
597
25
528
8
1492
528
512
262
19186
284
220
605
3146
220
24
489
220
22
198
262
308
284
528
1161
11
220
17
340
262
422
308
366
220
17
512
286
471
220
15
198
262
505
57566
1179
326
2739
11790
271
262
571
75
2739
11790
8913
2190
5980
340
262
711
7504
2120
25
528
8
1492
528
512
286
422
865
624
220
16
512
310
471
220
15
198
286
471
220
16
489
7504
50769
2120
570
1868
493
16
25863
262
711
1695
2120
25
528
8
1492
1845
512
286
471
220
15
366
7504
2120
8
2717
597
271
262
674
1789
3544
308
320
35676
220
16
596
705
4661
682
5219
2669
17
527
3679
66
1260
304
2717
74
7504
320
74
28
20
340
262
674
2100
45968
439
308
12
17
1491
19186
198
262
422
308
482
220
17
2669
220
16
323
320
77
482
220
17
8
871
220
605
334
22
512
286
471
320
77
482
220
17
8
1034
19186
198
262
594
284
220
15
198
262
369
865
304
2134
7
16
11
308
1680
220
674
5764
220
16
11
902
706
7504
28
15
320
21642
422
597
10123
15
340
286
422
1695
2120
997
310
594
1447
220
16
198
262
471
594
1034
19186
271
755
9322
1161
25
610
11
597
25
528
8
1492
528
512
262
308
284
528
1161
11
220
17
340
262
422
308
366
220
17
512
286
471
220
15
198
262
505
57566
1179
326
2739
11790
271
262
571
75
2739
11790
8913
2190
5980
340
262
711
7504
2120
25
528
8
1492
528
512
286
422
865
624
220
16
512
310
471
220
15
198
286
471
220
16
489
7504
50769
2120
570
1868
493
16
25863
262
13497
284
220
15
198
262
369
865
304
2134
7
16
11
308
997
286
422
7504
2120
8
2717
597
512
310
13497
1447
220
16
198
262
471
13497
1034
320
605
3146
220
24
489
220
22
340
14196
19884
2028
1288
3790
279
10688
439
11263
512
12
1789
330
5037
1
320
77
28
22
705
597
28
16
25
14921
865
28
16
7
15
705
17
7
16
705
18
7
17
705
19
7
16
705
20
7
17
705
21
7
16
570
8442
220
17
11
19
11
21
617
7504
28
16
38394
16
11651
220
18
5219
13
12623
865
28
16
706
7504
28
15
902
374
1101
38394
16
11
779
2860
220
19
13
2057
636
279
6205
4320
315
220
18
11
584
2011
22429
865
28
16
13
14636
2349
279
2134
304
1797
4803
1311
79385
311
1212
520
220
17
1473
19918
1888
2373
320
998
1522
682
7177
439
824
3575
596
10688
2737
279
1176
7887
74694
12958
198
755
1797
4803
1311
79385
1161
25
610
11
597
25
528
8
1492
528
512
262
19186
284
220
605
3146
220
24
489
220
22
198
262
308
284
528
1161
11
220
17
340
262
422
308
366
220
17
512
286
471
220
15
198
262
505
57566
1179
326
2739
11790
271
262
571
75
2739
11790
8913
2190
5980
340
262
711
7504
2120
25
528
8
1492
528
512
286
422
865
624
220
16
512
310
471
220
15
198
286
471
220
16
489
7504
50769
2120
570
1868
493
16
25863
262
711
374
4803
1311
79385
2120
25
528
8
1492
1845
512
286
674
15832
1935
520
3325
220
16
3094
323
520
1455
597
7504
198
286
471
7504
2120
8
871
220
15
323
7504
2120
8
2717
597
271
262
674
4605
5219
505
220
17
311
308
12
16
29408
198
262
4827
284
220
17
198
262
8582
284
308
482
220
16
198
262
422
8582
366
4827
512
286
471
220
15
198
262
422
8582
482
4827
489
220
16
871
220
605
334
21
25
220
674
3544
308
320
68
1326
13
220
4728
9660
315
220
16
596
8
1198
9855
682
527
3679
66
1260
304
2717
74
7504
369
597
28
20
198
286
471
320
13886
482
4827
489
220
16
8
1034
19186
198
262
2860
284
220
15
198
262
369
865
304
2134
72164
11
8582
489
220
16
997
286
422
374
4803
1311
79385
2120
997
310
2860
1447
220
16
198
262
471
2860
1034
19186
271
755
9322
1161
25
610
11
597
25
528
8
1492
528
512
262
308
284
528
1161
11
220
17
340
262
422
308
366
220
17
512
286
471
220
15
198
262
505
57566
1179
326
2739
11790
271
262
571
75
2739
11790
8913
2190
5980
340
262
711
7504
2120
25
528
8
1492
528
512
286
422
865
624
220
16
512
310
471
220
15
198
286
471
220
16
489
7504
50769
2120
570
1868
493
16
25863
262
674
2057
2489
3575
596
1296
17078
369
3544
308
320
19107
315
220
16
596
705
471
308
12
17
1491
19186
198
262
674
1789
2678
308
11
656
5150
1797
505
220
17
311
308
12
16
1405
7504
2120
8
2717
74
323
871
15
198
262
422
308
624
220
16
512
286
471
220
15
198
262
422
308
2717
220
17
512
286
471
220
15
220
674
912
5219
1990
220
17
323
308
12
16
198
262
422
308
482
220
17
2669
220
605
334
22
512
286
674
1789
1633
3544
308
320
543
220
16
596
705
9855
682
865
10123
17
527
3679
66
1260
304
2717
74
7504
369
597
28
20
320
300
824
6205
220
17
61
11387
12
17
340
286
471
320
77
482
220
17
8
1034
320
605
3146
220
24
489
220
22
340
262
2860
284
220
15
198
262
369
865
304
2134
7
17
11
308
997
286
422
7504
2120
8
871
220
15
323
7504
2120
8
2717
597
512
310
2860
1447
220
16
198
262
471
2860
1034
320
605
3146
220
24
489
220
22
340
14196
19884
2028
1288
1457
1522
682
279
3984
1296
5157
11
2737
279
1176
832
1306
82475
279
26060
2134
311
22429
220
16
320
72
1770
2637
1212
505
220
17
570
578
3544
682
12
16
596
1162
4780
308
12
17
902
9248
279
6205
596
3685
1376
320
7467
21
1131
5099
570
4815
45600
11
279
7373
12860
2082
304
264
3254
2082
2565
439
2631
374
1473
27
1820
2082
3485
397
524
1889
2565
29
100265
198
100264
882
271
7927
3766
4879
4745
279
7177
13
5810
596
279
1493
512
220
2958
36674
1419
67
501
3919
19072
24
7345
498
1584
220
3487
198
262
482
1789
330
5037
1
320
77
28
22
705
597
28
16
25
14921
865
28
16
7
15
705
17
7
16
705
18
7
17
705
19
7
16
705
20
7
17
705
21
7
16
570
8442
220
17
11
19
11
21
617
7504
28
16
38394
16
11651
220
18
5219
13
12623
865
28
16
706
7504
28
15
902
374
1101
38394
16
11
779
2860
220
19
13
2057
636
279
6205
4320
315
220
18
11
584
2011
22429
865
28
16
13
14636
2349
279
2134
304
1797
4803
1311
79385
311
1212
520
220
17
512
80971
76496
34990
1480
25
8482
3752
364
60094
97
6
320
52
10
14057
19
65066
1271
312
42612
11
420
374
701
3465
25
4557
279
2768
734
12223
323
4733
928
11
7373
4305
279
734
7633
323
1522
682
279
7177
13
3146
5989
4276
70765
3247
13916
50
13
57277
2675
1288
15411
279
2082
499
11041
304
264
67859
2082
2565
320
817
10103
33981
320
20670
690
33316
279
4113
5865
8
100265
198
100264
78191
198
14196
4077
755
1797
4803
1311
79385
1161
25
610
11
597
25
528
8
1492
528
512
262
19186
284
220
605
3146
220
24
489
220
22
198
262
308
284
528
1161
11
220
17
340
262
422
308
366
220
17
512
286
471
220
15
198
262
505
57566
1179
326
2739
11790
271
262
571
75
2739
11790
8913
2190
5980
340
262
711
7504
58526
2120
25
528
8
1492
528
512
286
422
865
624
220
16
512
310
471
220
15
198
286
471
220
16
489
7504
58526
50769
2120
570
1868
493
16
25863
262
711
374
4803
1311
79385
2120
25
528
8
1492
1845
512
286
674
15832
1935
520
3325
220
16
3094
323
520
1455
597
7504
311
5662
220
16
198
286
471
7504
58526
2120
8
871
220
15
323
7504
58526
2120
8
2717
597
271
262
674
4605
5219
505
220
17
311
308
12
16
29408
11
439
824
279
6205
3685
16674
198
262
4827
284
220
17
198
262
8582
284
308
482
220
16
198
262
422
8582
366
4827
512
286
471
220
15
198
262
674
1789
3544
308
320
4908
220
4728
9660
315
682
220
16
82
705
4661
682
5219
527
597
5621
79385
369
2678
597
198
262
422
8582
482
4827
489
220
16
871
220
605
334
21
512
286
471
320
13886
482
4827
489
220
16
8
1034
19186
198
262
2860
284
220
15
198
262
369
865
304
2134
72164
11
8582
489
220
16
997
286
422
374
4803
1311
79385
2120
997
310
2860
1447
220
16
198
262
471
2860
1034
19186
271
755
9322
1161
25
610
11
597
25
528
8
1492
528
512
262
308
284
528
1161
11
220
17
340
262
422
308
366
220
17
512
286
471
220
15
198
262
505
57566
1179
326
2739
11790
271
262
571
75
2739
11790
8913
2190
5980
340
262
711
7504
58526
2120
25
528
8
1492
528
512
286
422
865
624
220
16
512
310
471
220
15
198
286
471
220
16
489
7504
58526
50769
2120
570
1868
493
16
25863
262
674
2057
5398
449
1296
17078
320
36046
369
3544
682
12
16
9246
705
1797
220
16
497
77
12
16
719
198
262
674
578
1176
6205
13533
539
26060
220
16
11
779
584
649
1797
505
220
17
311
308
12
16
477
505
220
16
311
308
12
16
627
262
674
8876
279
3984
7177
1755
279
1890
1121
369
9322
439
1797
4803
1311
79385
369
279
2134
345
262
674
1226
3358
1005
279
1890
26060
12496
439
304
1797
4803
1311
79385
320
72
1770
2637
220
17
311
308
12
16
4390
262
674
4452
11
422
279
4113
7177
5343
865
28
16
11
584
649
1005
220
16
311
308
12
16
320
8248
1176
6205
25283
220
18
11
779
865
28
16
2011
387
28544
4390
262
674
2057
1522
279
7177
439
5439
320
30096
10223
1296
2082
705
584
2489
1797
4803
1311
79385
596
26060
2134
627
262
674
6914
596
656
220
16
311
308
12
16
11
719
22429
865
28
16
422
7504
58526
7
16
15708
15
323
597
27
15
11
719
597
10123
16
779
865
28
16
374
31094
719
7344
279
6205
6944
311
22429
433
627
262
674
2057
26549
1833
279
4733
928
11
2997
682
6928
26864
366
77
320
708
220
16
374
5343
4390
262
674
2030
6205
25283
220
18
369
308
28
22
16539
28
16
11
779
2011
22429
865
28
16
13
15636
11
279
1296
33508
2011
2736
656
430
627
262
674
1226
3358
2489
279
4113
1296
596
7537
555
63687
927
220
16
311
308
12
16
323
1095
279
6205
596
1296
2082
3790
279
2134
627
262
674
2030
311
6106
433
4375
369
279
3984
6205
11
584
1193
1797
505
220
17
311
308
12
16
627
262
2860
284
220
15
198
262
369
865
304
2134
7
17
11
308
1680
220
674
1115
9248
279
2631
7865
369
279
6205
323
3544
5157
198
286
422
7504
58526
2120
8
2717
597
512
310
2860
1447
220
16
198
262
471
2860
1034
320
605
3146
220
24
489
220
22
340
14196
4077
100265
198
100264
882
271
7927
3766
4879
4745
279
7177
13
5810
596
279
1493
512
6687
1445
320
3646
3293
1650
1566
997
220
2958
36674
55
83
1927
47
48
18
11160
53
7345
498
1584
220
8011
11
304
366
4450
397
262
1817
11773
4803
1311
79385
340
220
2958
36674
55
83
1927
47
48
18
11160
53
7345
498
1584
220
1544
11
304
1817
198
262
2105
9322
446
5037
498
220
16
8
624
220
18
198
1881
6440
62824
62824
62824
62824
62824
22634
61
198
69739
1480
14963
1271
312
42612
11
420
374
701
3465
25
4557
279
2768
734
12223
323
4733
928
11
7373
4305
279
734
7633
323
1522
682
279
7177
13
3146
5989
4276
70765
3247
13916
50
13
57277
2675
1288
15411
279
2082
499
11041
304
264
67859
2082
2565
320
817
10103
33981
320
20670
690
33316
279
4113
5865
8
100265
198
100264
78191
198
40
3077
30239
279
8670
15884
13
578
3575
374
430
279
1797
1288
22429
279
1396
220
16
11
1524
3582
279
4733
928
2795
330
31587
26864
2753
1109
308
3343
578
6205
25283
1595
1868
4803
1311
79385
446
5037
498
220
16
8
624
220
18
7964
902
3445
1193
5219
505
220
17
311
308
12
16
527
1694
31094
13
578
4360
304
701
3766
2082
574
1701
459
8482
12593
5793
29754
60094
97
33981
323
1101
11000
2737
220
16
304
279
1797
994
433
1288
387
28544
382
8586
374
264
37065
323
11297
8292
430
16609
682
279
6205
7177
11
2737
279
3544
1162
555
71701
279
11295
18678
315
3544
5219
1234
11763
2766
1797
7677
320
2000
597
2717
220
20
7887
1687
1005
264
48530
13438
369
1595
25047
58526
2120
47286
311
12849
1268
1690
2766
27678
47311
527
2631
13
1789
3544
5219
320
19107
315
1690
364
16
596
705
4661
682
5219
304
510
17
11
308
12
16
60
690
18678
304
520
1455
597
7504
369
597
28
20
13
1789
2678
308
11
584
6089
6471
1555
220
17
497
77
12
16
311
1797
2764
5219
382
74694
12958
198
755
1797
4803
1311
79385
1161
25
610
11
597
25
528
8
1492
528
512
262
19186
284
220
605
3146
220
24
489
220
22
198
262
308
284
528
1161
11
220
17
340
262
422
308
366
220
17
512
286
471
220
15
271
262
674
57301
2065
369
7504
58526
2120
340
262
505
57566
1179
326
2739
11790
271
262
571
75
2739
11790
8913
2190
5980
340
262
711
7504
58526
2120
25
528
8
1492
528
512
286
422
865
624
220
16
512
310
471
220
15
198
286
471
220
16
489
7504
58526
50769
2120
570
1868
493
16
25863
262
674
4605
5219
505
220
17
311
308
12
16
29408
430
527
597
5621
79385
198
262
674
362
1396
374
597
5621
79385
52208
7504
58526
2120
8
2717
597
3651
871
15
320
11536
220
16
3094
2631
340
262
2860
284
220
15
198
262
674
1789
1633
3544
308
320
66876
315
220
16
596
705
4661
682
5219
6068
304
220
16
477
17162
7504
369
597
28
20
198
262
674
2100
584
38215
369
2466
21986
198
262
8582
284
308
482
220
16
198
262
4827
284
220
17
198
262
422
8582
482
4827
489
220
16
871
220
605
3146
220
21
512
286
674
1789
264
925
315
682
220
16
596
315
3160
296
320
77
28
17
61
76
12
16
705
904
865
304
510
17
11
308
12
16
60
9221
2678
304
220
16
477
220
17
7504
369
597
28
20
198
286
674
2100
4320
374
320
77
482
220
17
8
1034
19186
198
286
471
320
13886
482
4827
489
220
16
8
1034
19186
220
674
902
374
308
12
17
271
262
674
18715
11
6471
1555
220
17
311
308
12
16
198
262
369
865
304
2134
72164
11
8582
489
220
16
997
286
7504
284
7504
58526
2120
340
286
422
220
15
366
7504
2717
597
512
310
2860
1447
220
16
198
262
471
2860
1034
19186
271
755
9322
1161
25
610
11
597
25
528
8
1492
528
512
262
674
578
1296
23055
1120
6880
420
311
6149
311
1797
4803
1311
79385
198
262
674
1226
5042
4741
279
35547
779
682
7177
1522
198
262
308
284
528
1161
11
220
17
340
262
422
308
366
220
17
512
286
471
220
15
198
262
674
5560
1890
12496
439
1797
4803
1311
79385
369
26060
2134
220
16
497
77
12
16
719
2533
7177
1755
279
1176
6205
311
387
220
18
345
262
674
584
1095
1797
4803
1311
79385
656
279
26060
320
66463
279
1296
30853
505
220
17
497
77
12
16
34167
340
262
674
2030
311
2489
7041
279
1296
596
31293
11
584
649
1650
279
1890
26060
2134
439
3485
198
262
674
4452
11
584
3358
5042
1005
279
1890
75124
323
12496
198
262
505
57566
1179
326
2739
11790
271
262
571
75
2739
11790
8913
2190
5980
340
262
711
7504
58526
2120
25
528
8
1492
528
512
286
422
865
624
220
16
512
310
471
220
15
198
286
471
220
16
489
7504
58526
50769
2120
570
1868
493
16
25863
262
8582
284
308
482
220
16
198
262
422
8582
366
220
16
512
286
471
220
15
198
262
2860
284
220
15
198
262
369
865
304
2134
7
16
11
8582
489
220
16
997
286
7504
284
7504
58526
2120
340
286
422
220
15
366
7504
2717
597
512
310
2860
1447
220
16
198
262
471
2860
1034
320
605
3146
220
24
489
220
22
340
14196
19884
2028
2082
27635
279
12593
5793
11
12722
1193
14921
5219
23537
520
3325
220
16
3094
323
520
1455
597
7504
320
80095
865
28
16
477
5219
430
5662
220
16
304
220
15
7504
705
323
5825
264
5043
38215
369
279
14880
682
12
16
596
11374
311
2489
279
3685
3544
16674
13
1102
1587
3146
1962
334
11857
279
1296
33508
323
26549
11263
279
4733
928
323
1296
10688
13
100265
198