100264
882
198
4518
279
2768
734
12223
323
4733
928
11
7373
4305
279
734
7633
323
1522
682
279
7177
13
3146
5989
4276
70765
3247
13916
50
13
57277
2675
1288
15411
279
2082
499
11041
304
264
67859
2082
2565
320
817
10103
33981
320
20670
690
33316
279
4113
5865
696
14196
4077
1527
20061
1179
1796
11
25645
1432
755
1332
38482
1251
11925
7632
4803
1471
25
528
11
296
25
528
11
597
25
528
11
13116
25
1796
20961
6189
19155
11
528
11
528
30716
1492
528
512
262
4304
16644
264
37924
4382
8599
2073
75712
4876
449
308
17672
323
296
13116
345
262
1505
279
8187
2853
315
264
56886
5021
1405
279
2853
374
4613
439
279
2694
315
720
262
6964
14661
60964
597
627
1084
262
18161
512
286
308
25
5742
315
17672
320
17
2717
308
2717
220
23
340
286
296
25
5742
315
13116
320
77
12
16
2717
296
2717
308
6737
77
12
16
5738
17
340
286
597
25
5768
8938
907
320
16
2717
597
2717
220
605
61
868
340
286
13116
25
1796
315
46325
320
84
11
348
11
289
8
1405
577
323
348
527
17672
320
16
22214
291
8
323
289
374
279
4785
198
2342
482
220
16
2717
577
366
348
2717
308
198
2342
482
220
15
2717
289
366
597
7361
262
5295
512
286
578
8187
2853
315
264
56886
5021
60964
597
7361
262
12382
1332
38482
1251
11925
7632
4803
7
20
11
220
21
11
220
16884
11
18305
16
11
220
17
11
220
1484
705
320
16
11
220
18
11
220
4278
705
320
17
11
220
18
11
220
4218
705
320
17
11
220
19
11
220
6281
705
320
17
11
220
20
11
220
2721
705
320
18
11
220
19
11
220
5932
28243
262
220
1644
198
262
12382
1332
38482
1251
11925
7632
4803
7
21
11
220
20
11
220
19416
13719
17228
11
18305
16
11
220
17
11
220
17609
18277
22049
705
320
16
11
220
21
11
220
10617
16522
12166
705
320
17
11
220
18
11
220
22638
23624
2096
705
320
17
11
220
20
11
220
23901
19230
20596
705
320
19
11
220
20
11
220
23486
6843
19899
28243
262
220
15257
18318
23292
198
262
12713
755
1817
73121
997
262
674
19690
1296
5157
198
262
2105
9322
7
20
11
220
21
11
220
16884
11
18305
16
11
220
17
11
220
1484
705
320
16
11
220
18
11
220
4278
705
320
17
11
220
18
11
220
4218
705
320
17
11
220
19
11
220
6281
705
320
17
11
220
20
11
220
2721
705
320
18
11
220
19
11
220
5932
47705
624
220
1958
198
262
2105
9322
7
21
11
220
20
11
220
19416
13719
17228
11
18305
16
11
220
17
11
220
17609
18277
22049
705
320
16
11
220
21
11
220
10617
16522
12166
705
320
17
11
220
18
11
220
22638
23624
2096
705
320
17
11
220
20
11
220
23901
19230
20596
705
320
19
11
220
20
11
220
23486
6843
19899
47705
624
220
15257
18318
23292
198
262
2105
9322
7
23
11
220
1591
11
220
25612
17168
20945
16217
4468
11
2330
286
320
16
11
220
17
11
220
21505
17168
13104
22224
19423
705
320
16
11
220
18
11
220
26260
14649
4728
10125
13719
705
320
16
11
220
19
11
220
22874
18199
18089
17448
24472
705
320
16
11
220
20
11
220
19230
22956
21018
18518
13384
1350
286
320
16
11
220
21
11
220
23906
4278
21893
18642
24963
705
320
16
11
220
22
11
220
22801
11128
15287
22600
10350
705
320
16
11
220
23
11
220
25809
21985
21944
14487
21474
705
320
17
11
220
18
11
220
20907
21897
19270
17168
7507
1350
286
320
17
11
220
19
11
220
26088
22614
8953
10125
23193
705
320
17
11
220
20
11
220
23864
23105
20617
18670
24199
705
320
17
11
220
21
11
220
21112
22782
18199
22345
22895
705
320
17
11
220
22
11
220
14777
14057
20596
22904
9716
1350
286
320
17
11
220
23
11
220
20800
18572
23273
24597
19416
705
320
18
11
220
19
11
220
22422
17592
25077
19808
17521
705
320
18
11
220
20
11
220
19697
22184
26247
21299
1313
705
320
18
11
220
21
11
220
14777
14274
21893
8273
23532
1350
286
320
18
11
220
22
11
220
4364
20253
24938
23213
966
705
320
18
11
220
23
11
220
7007
14125
15666
10336
24996
705
320
19
11
220
20
11
220
17698
19282
21381
15257
8765
705
320
19
11
220
21
11
220
21949
24430
8190
25150
10288
1350
286
320
19
11
220
22
11
220
20691
15666
23141
21385
21897
705
320
19
11
220
23
11
220
22782
11194
21600
18252
10861
705
320
20
11
220
21
11
220
25659
9870
25665
13837
18058
705
320
20
11
220
22
11
220
22091
25873
23493
25251
21962
1350
286
320
20
11
220
23
11
220
22977
25001
19416
11771
15741
705
320
21
11
220
22
11
220
23986
16707
26739
22600
23038
705
320
21
11
220
23
11
220
21125
25747
22276
14245
14261
705
320
22
11
220
23
11
220
7261
24742
25528
22638
4643
340
262
42673
624
220
8190
21996
9892
5958
7361
262
674
24086
1296
5157
198
262
2105
9322
7
17
11
220
16
11
220
14735
26328
25001
25890
24487
11
18305
16
11
220
17
11
220
25528
23587
18252
25388
2614
47705
624
220
25528
23587
18252
25388
2614
198
262
2105
9322
7
17
11
220
16
11
220
21278
3192
19631
23587
22039
11
18305
16
11
220
17
11
220
20936
23273
22387
17819
18252
47705
624
220
20936
23273
22387
17819
18252
198
262
2105
9322
7
17
11
220
16
11
220
12910
24763
13135
19899
20338
11
18305
16
11
220
17
11
220
17212
17735
21098
22468
25388
47705
624
220
17212
17735
21098
22468
25388
198
262
2105
9322
7
17
11
220
16
11
220
26164
20907
10288
13506
21897
11
18305
16
11
220
17
11
220
679
23642
6393
20618
17735
47705
624
220
679
23642
6393
20618
17735
198
262
2105
9322
7
18
11
220
17
11
220
24571
26511
9892
22716
1682
11
18305
16
11
220
18
11
220
18163
18650
22457
19956
6365
705
320
16
11
220
17
11
220
4364
17000
21235
24438
2437
47705
624
220
19770
16085
9367
10828
2721
198
262
2105
9322
7
18
11
220
17
11
220
4146
24254
21385
8874
10680
11
18305
17
11
220
18
11
220
11727
25326
14590
24939
24989
705
320
16
11
220
17
11
220
20165
12652
19272
21299
2545
47705
624
220
12533
7461
7461
22663
2721
198
262
2105
9322
7
18
11
220
18
11
220
9079
26328
4146
20749
23929
11
18305
17
11
220
18
11
220
7285
19697
24471
23110
845
705
320
16
11
220
17
11
220
20360
19869
14735
15741
2946
705
320
16
11
220
18
11
220
22094
19391
22782
15901
6086
47705
624
220
21975
25741
9716
14498
2075
7361
262
2105
9322
7
23
11
220
806
11
220
21982
24376
25476
10718
20419
11
2330
286
320
18
11
220
19
11
220
23428
22694
23805
13103
8259
705
320
16
11
220
22
11
220
9674
2636
16085
16037
12935
705
320
19
11
220
21
11
220
20077
25377
23324
10617
24438
705
320
17
11
220
23
11
220
21228
25001
22422
12815
25168
1350
286
320
16
11
220
20
11
220
7461
19192
12375
25178
25454
705
320
22
11
220
23
11
220
19799
25962
25496
20785
23582
705
320
20
11
220
23
11
220
21893
10125
7743
23890
21
705
320
16
11
220
18
11
220
25136
21032
24606
16596
22039
1350
286
320
16
11
220
19
11
220
24375
16460
24824
12994
19561
705
320
16
11
220
23
11
220
18572
15602
14498
15537
4161
705
320
17
11
220
22
11
220
19081
23105
21675
10465
16874
340
262
42673
624
220
17306
16217
15500
22054
3080
7361
262
2105
9322
7
23
11
220
868
11
220
25808
22768
20354
15726
13364
11
2330
286
320
19
11
220
23
11
220
25021
25528
23105
15741
22240
705
320
18
11
220
19
11
220
17887
21641
26026
23309
914
705
320
21
11
220
22
11
220
10125
21251
19232
24313
23525
705
320
19
11
220
22
11
220
22091
25125
14087
21379
5728
1350
286
320
21
11
220
23
11
220
20062
23996
5926
11242
18650
705
320
17
11
220
21
11
220
20062
24538
14374
25178
20911
705
320
20
11
220
21
11
220
25091
22184
19230
3443
6086
705
320
18
11
220
22
11
220
6804
17448
12533
21278
7285
1350
286
320
17
11
220
19
11
220
22593
9263
22895
16408
8027
705
320
16
11
220
21
11
220
19162
22091
10750
13655
1187
705
320
16
11
220
19
11
220
12448
18517
9565
24865
22904
705
320
18
11
220
21
11
220
23736
14274
17711
19666
22058
1350
286
320
18
11
220
20
11
220
16780
23181
17973
3965
705
320
16
11
220
18
11
220
21474
8953
18625
19944
6028
705
320
17
11
220
23
11
220
22593
11770
19956
26537
20465
340
262
42673
624
220
13754
22694
4645
3391
7361
262
2105
9322
7
23
11
220
1627
11
220
18831
24866
22224
19282
15573
11
2330
286
320
17
11
220
22
11
220
14777
26195
21897
11286
3534
705
320
19
11
220
23
11
220
20363
25307
20555
19230
22679
705
320
16
11
220
19
11
220
21600
17361
13655
24870
22977
705
320
18
11
220
19
11
220
19774
22908
11128
25021
17451
1350
286
320
17
11
220
19
11
220
21310
11531
17335
21112
20973
705
320
16
11
220
20
11
220
18770
20417
24742
17698
16217
705
320
20
11
220
21
11
220
9565
21056
22049
10288
22908
705
320
18
11
220
20
11
220
21944
26328
24443
25962
21026
1350
286
320
17
11
220
20
11
220
23816
22895
21228
23802
2614
705
320
18
11
220
23
11
220
21478
25741
24199
24289
23486
705
320
17
11
220
21
11
220
21310
19770
19592
22349
17264
705
320
16
11
220
17
11
220
25528
15633
14590
23717
24430
1350
286
320
16
11
220
22
11
220
22908
20618
26513
25622
21125
705
320
18
11
220
21
11
220
17837
21962
21618
22507
23
705
320
21
11
220
23
11
220
21310
23402
24735
13679
24242
705
320
21
11
220
22
11
220
9690
19838
24920
17698
24061
1350
286
320
17
11
220
18
11
220
19711
14261
23929
21026
19104
705
320
19
11
220
22
11
220
9714
19447
22440
22455
3080
705
320
17
11
220
23
11
220
21018
16718
24061
20963
18199
705
320
20
11
220
23
11
220
6843
8610
10718
18136
8258
1350
286
320
16
11
220
23
11
220
20772
24239
21535
20360
18633
705
320
19
11
220
21
11
220
24938
18322
16718
17814
25009
705
320
18
11
220
22
11
220
22600
18625
11227
23386
9800
705
320
16
11
220
18
11
220
15831
20691
21618
18485
26244
1350
286
320
20
11
220
22
11
220
18384
24538
20785
21312
16551
705
320
22
11
220
23
11
220
17058
12754
24735
22904
23309
340
262
42673
624
220
22058
25513
15935
23
271
2
5560
1817
14478
38482
1251
11925
7632
4803
8
311
1629
7177
627
74694
100265
198
100264
78191
198
14196
4077
475
89622
271
755
1332
38482
1251
11925
7632
4803
1471
25
528
11
296
25
528
11
597
25
528
11
13116
25
1160
14527
6189
19155
11
528
11
528
30716
1492
528
512
262
674
8012
74949
1160
369
320
84
11
348
11
289
340
262
4876
284
85607
369
721
304
2134
1471
10
16
7400
220
674
220
16
22214
291
198
262
369
577
11
348
11
289
304
13116
512
286
4876
22042
948
5200
1209
85
11
289
1192
286
4876
16936
948
5200
1209
84
11
289
1192
1084
262
674
36283
596
12384
1701
1332
12
16341
369
16852
33879
278
596
11678
719
449
60964
2853
198
262
674
1226
1205
311
12849
85380
1405
2853
315
1855
6964
374
289
1034
597
320
8248
36283
690
2103
1505
85380
369
4725
2853
340
262
674
8876
279
60964
5784
374
9435
1306
2694
11
719
279
6070
430
13146
374
279
1972
14661
345
262
674
279
17832
56886
5021
555
4725
14661
374
279
1890
439
279
17832
60964
76911
5021
320
28753
1491
7113
374
78316
14338
369
2536
62035
5219
366
597
340
262
674
2100
584
12849
279
1972
85380
323
1243
1935
2694
315
320
4870
1034
597
340
262
2748
284
510
15
37710
77
10
16
340
262
304
722
267
284
510
4139
37710
77
10
16
340
262
1401
284
510
3733
493
13885
873
37710
77
10
16
340
262
1401
58
16
60
284
220
15
220
674
5256
505
12202
220
16
320
29177
1212
505
904
11
719
8521
1618
696
262
674
320
3311
7408
16255
11
2494
340
262
17817
284
18305
15
11
220
16
5680
262
2860
284
220
15
271
262
1418
2479
6024
722
267
8
366
308
512
286
577
7408
11
577
284
89622
49135
680
454
74124
340
286
422
304
722
267
22042
10556
310
3136
198
286
304
722
267
22042
60
284
3082
198
286
2860
1447
577
7408
220
674
34863
1288
1005
1972
6964
4785
11
539
577
7408
13
35198
731
3770
8521
627
286
674
20295
25
584
2011
3839
279
6964
4785
198
286
369
348
11
289
18416
304
4876
22042
10556
310
422
539
304
722
267
16936
10556
394
2853
284
289
18416
1034
597
220
674
2030
311
636
17832
56886
5021
6070
11
1005
5150
289
18416
198
394
674
4452
11
369
6070
11
584
2103
1005
1972
14661
369
16852
33879
278
10482
790
198
394
674
2100
584
1288
1005
289
18416
369
279
56886
5021
6727
320
2658
1193
304
1620
2694
340
394
674
1789
36283
11
584
649
1005
5150
14661
369
279
1332
12
16341
198
394
422
1401
16936
60
871
289
18416
512
504
1401
16936
60
284
289
18416
198
504
89622
49135
680
1136
74124
11
320
86
18416
11
348
1192
262
674
2030
3868
25
279
3485
374
1701
1491
304
279
1401
11
902
374
5076
369
6070
627
262
674
64169
25
584
2011
1005
5150
14661
369
279
12384
311
3820
279
4495
13116
627
262
674
2100
584
1288
539
1491
304
279
17817
369
36283
596
6727
627
262
674
6914
596
59023
36283
12722
2085
1491
7113
2391
6727
627
262
2748
284
510
15
37710
77
10
16
340
262
304
722
267
284
510
4139
37710
77
10
16
340
262
1401
284
510
3733
493
13885
873
37710
77
10
16
340
262
1401
58
16
60
284
220
15
198
262
17817
284
18305
15
11
220
16
7400
220
674
320
3311
1888
1401
11
2494
340
262
13116
28903
284
220
15
198
262
5150
10370
284
220
15
271
262
1418
13116
28903
366
308
512
286
577
7408
11
577
284
89622
49135
680
454
74124
340
286
422
304
722
267
22042
10556
310
3136
198
286
304
722
267
22042
60
284
3082
198
286
13116
28903
1447
220
16
198
286
5150
10370
1447
577
7408
220
674
16782
5076
11
584
1288
923
279
6964
4785
11
539
279
1401
902
374
279
1890
439
6964
4785
520
420
1486
198
286
674
34863
11
994
584
4585
320
86
11
348
705
1401
16936
60
374
743
311
289
320
7334
4785
505
577
311
348
570
2100
994
584
2477
320
84
11
2853
705
2853
374
279
5150
4785
627
286
674
2030
304
279
3485
11
358
743
1401
16936
4938
86
18416
994
17919
13
2100
279
43333
907
374
279
4495
6964
4785
627
286
674
2030
304
279
16720
11
358
1205
311
47376
279
6964
596
4785
320
1962
1401
16936
1145
2533
814
527
1890
1618
340
286
674
34863
11
1306
304
722
267
22042
60
374
3641
11
584
743
1401
16936
4938
86
422
2731
13
2100
994
584
2477
320
86
11
348
705
584
923
289
311
2860
627
286
674
2100
279
3485
374
7060
422
584
47376
577
7408
902
17239
289
627
286
674
2030
1095
596
1304
433
11720
25
369
1855
9760
11
422
539
304
85380
11
323
1401
16936
60
871
289
18416
11
1243
2713
323
4585
320
86
18416
11
348
340
286
674
2100
279
43333
907
374
279
5150
6964
4785
311
923
311
2860
627
286
369
348
11
289
18416
304
4876
22042
10556
310
422
539
304
722
267
16936
60
323
1401
16936
60
871
289
18416
512
394
1401
16936
60
284
289
18416
198
394
89622
49135
680
1136
74124
11
320
86
18416
11
348
1192
262
674
4800
11
1306
5150
85380
1766
11
12849
279
60964
2694
315
279
6964
14661
304
85380
198
262
674
2030
1268
311
636
279
5150
13116
304
85380
30
1226
1205
311
3839
902
13116
1051
3779
627
262
674
39578
11
584
649
1629
16852
33879
278
596
12384
902
374
8831
311
3839
13116
1511
627
262
674
6914
596
3480
311
16852
33879
278
369
32373
323
311
6847
12849
279
60964
2694
315
12146
13116
627
262
674
16347
682
13116
555
4785
198
262
13116
42377
284
10839
76189
11
1401
28604
384
25
384
58
17
2608
262
2748
2667
284
1160
23147
1471
10
16
1192
262
7222
284
510
15
37710
77
10
16
340
262
711
1505
2120
997
286
1418
2748
2667
8487
60
976
865
512
310
2748
2667
8487
60
284
2748
2667
85309
2667
8487
14623
310
865
284
2748
2667
8487
933
286
471
865
198
262
711
11552
2948
11
293
997
286
15473
11
19238
284
1505
2948
705
1505
1921
340
286
422
15473
624
19238
512
310
471
3641
198
286
422
7222
58
969
60
366
7222
58
10910
10556
310
2748
2667
58
969
60
284
19238
198
286
4508
7222
58
969
60
871
7222
58
10910
10556
310
2748
2667
58
10910
60
284
15473
198
286
775
512
310
2748
2667
58
10910
60
284
15473
198
310
7222
58
969
60
1447
220
16
198
286
471
3082
198
262
296
267
29126
284
4260
262
2694
1704
284
220
15
198
262
369
577
11
348
11
289
304
13116
42377
512
286
422
11552
8317
11
348
997
310
296
267
29126
2102
1209
84
11
348
11
289
1192
310
2694
1704
1447
289
198
310
422
2479
1278
267
29126
8
624
308
12
16
512
394
1464
198
262
674
4800
12849
60964
2694
315
5343
6964
14661
198
262
471
2694
2120
1034
597
369
865
304
510
86
369
40564
7022
86
8
304
296
267
29126
2526
1034
597
198
14196
4077
100265
198
100264
882
271
7927
3766
4879
4745
279
7177
13
5810
596
279
1493
512
6687
1445
320
3646
3293
1650
1566
997
220
2958
36674
18577
2642
18
15444
29661
76
7345
498
1584
220
10967
11
304
366
4450
397
262
1817
14478
38482
1251
11925
7632
4803
340
220
2958
36674
18577
2642
18
15444
29661
76
7345
498
1584
220
1591
11
304
1817
198
262
2105
9322
7
20
11
220
21
11
220
16884
11
18305
16
11
220
17
11
220
1484
705
320
16
11
220
18
11
220
4278
705
320
17
11
220
18
11
220
4218
705
320
17
11
220
19
11
220
6281
705
320
17
11
220
20
11
220
2721
705
320
18
11
220
19
11
220
5932
47705
624
220
1958
198
1881
6440
62824
62824
62824
62824
62824
62824
62824
62824
62824
62824
62824
62824
62824
62824
62824
62824
62824
62824
62824
62824
62824
62824
62824
62824
62824
198
69739
1480
14963
1271
312
42612
11
420
374
701
3465
25
4557
279
2768
734
12223
323
4733
928
11
7373
4305
279
734
7633
323
1522
682
279
7177
13
3146
5989
4276
70765
3247
13916
50
13
57277
2675
1288
15411
279
2082
499
11041
304
264
67859
2082
2565
320
817
10103
33981
320
20670
690
33316
279
4113
5865
8
100265
198
100264
78191
198
14196
4077
475
89622
271
755
1332
38482
1251
11925
7632
4803
1471
25
528
11
296
25
528
11
597
25
528
11
13116
25
1160
14527
6189
19155
11
528
11
528
30716
1492
528
512
262
3270
262
51730
279
8187
2853
315
264
56886
5021
304
264
8599
2073
75712
4876
198
262
1405
279
2853
374
279
2694
315
6964
14661
60964
597
13
578
17832
56886
5021
198
262
304
3878
315
1972
14661
6835
279
17832
3284
60964
2694
1606
4737
1491
198
262
374
78316
14338
369
14661
304
510
15
11
597
8
994
814
527
2536
62035
627
262
1226
1005
16852
33879
278
596
12384
449
11552
76884
311
30820
6994
279
85380
323
198
262
1243
12849
279
2694
315
320
4870
1034
597
8
369
1202
13116
11
5616
4737
60964
597
382
262
18161
512
286
308
320
396
1680
5742
315
17672
320
17
38394
308
38394
220
23
340
286
296
320
396
1680
5742
315
13116
320
77
12
16
38394
296
38394
308
6737
77
12
16
28250
17
340
286
597
320
396
1680
5768
8938
907
320
16
38394
597
38394
220
605
334
868
340
286
13116
25
1796
315
320
84
11
348
11
289
8
1405
577
366
348
323
220
15
38394
289
366
597
320
16
22214
291
17672
696
262
5295
512
286
528
25
32025
56886
5021
2853
60964
597
198
262
3270
262
674
16347
13116
555
4785
369
16852
33879
278
596
12384
198
262
13116
42377
284
10839
76189
11
1401
28604
384
25
384
58
17
2608
1084
262
674
9323
7424
485
320
4944
33950
2638
9323
340
262
2748
284
1160
23147
1471
489
220
16
1192
262
7222
284
510
15
60
353
320
77
489
220
16
340
1084
262
711
1505
8317
25
528
8
1492
528
512
286
1418
2748
22042
60
976
577
512
310
2748
22042
60
284
2748
85309
22042
5163
220
674
8092
26168
198
310
577
284
2748
22042
933
286
471
577
7361
262
711
11552
8317
25
528
11
348
25
528
8
1492
1845
512
286
11369
11
18030
284
1505
8317
705
1505
3832
340
286
422
11369
624
18030
512
310
471
3641
198
286
674
9323
555
7222
198
286
422
7222
58
2739
60
366
7222
58
10776
10556
310
2748
58
2739
60
284
18030
198
286
4508
7222
58
2739
60
871
7222
58
10776
10556
310
2748
58
10776
60
284
11369
198
286
775
512
310
2748
58
10776
60
284
11369
198
310
7222
58
2739
60
1447
220
16
198
286
471
3082
271
262
296
267
16255
284
220
15
220
674
8279
315
5150
14661
304
85380
198
262
12146
29126
284
3132
220
674
320
84
11
348
11
289
340
262
4460
284
308
482
220
16
256
674
5742
315
13116
304
85380
271
262
369
577
11
348
11
289
304
13116
42377
512
286
422
11552
8317
11
348
997
310
296
267
16255
1447
289
198
310
12146
29126
2102
1209
84
11
348
11
289
1192
310
422
2479
7672
8477
29126
8
624
4460
512
394
1464
271
262
674
23426
60964
2694
315
279
13116
304
279
85380
198
262
60964
10370
284
2694
3706
1034
597
369
8523
8523
289
304
12146
29126
340
262
674
3494
60964
597
311
2567
433
304
2134
198
262
471
60964
10370
1034
597
198
14196
4077
100265
198
100264
882
271
7927
3766
4879
4745
279
7177
13
5810
596
279
1493
512
6687
1445
320
3646
3293
1650
1566
997
220
2958
36674
67
5495
69
73
17
5797
55
7345
498
1584
220
9565
11
304
366
4450
397
262
1817
14478
38482
1251
11925
7632
4803
340
220
2958
36674
67
5495
69
73
17
5797
55
7345
498
1584
220
1591
11
304
1817
198
262
2105
9322
7
20
11
220
21
11
220
16884
11
18305
16
11
220
17
11
220
1484
705
320
16
11
220
18
11
220
4278
705
320
17
11
220
18
11
220
4218
705
320
17
11
220
19
11
220
6281
705
320
17
11
220
20
11
220
2721
705
320
18
11
220
19
11
220
5932
47705
624
220
1958
198
1881
6440
62824
62824
62824
62824
62824
62824
62824
62824
62824
62824
62824
62824
62824
62824
62824
62824
62824
62824
62824
62824
62824
62824
62824
62824
62824
198
69739
1480
14963
1271
312
42612
11
420
374
701
3465
25
4557
279
2768
734
12223
323
4733
928
11
7373
4305
279
734
7633
323
1522
682
279
7177
13
3146
5989
4276
70765
3247
13916
50
13
57277
2675
1288
15411
279
2082
499
11041
304
264
67859
2082
2565
320
817
10103
33981
320
20670
690
33316
279
4113
5865
8
100265
198
100264
78191
198
14196
4077
475
89622
271
755
1332
38482
1251
11925
7632
4803
1471
25
528
11
296
25
528
11
597
25
528
11
13116
25
1160
14527
6189
19155
11
528
11
528
30716
1492
528
512
262
3270
262
51730
279
8187
2853
315
264
56886
5021
1405
279
2853
374
279
2694
315
6964
14661
198
262
60964
597
13
578
4495
85380
374
1766
555
16852
33879
278
596
477
36283
596
12384
1701
1972
14661
345
262
1243
279
1121
374
279
2694
315
320
4870
1034
597
8
369
1855
6964
304
279
85380
11
60964
597
627
262
3270
262
674
16347
13116
555
4785
369
16852
33879
278
596
12384
198
262
13116
42377
284
10839
76189
11
1401
28604
384
25
384
58
17
9801
262
674
4185
33950
743
11552
320
33758
7424
485
340
262
2748
284
1160
23147
1471
489
220
16
1192
262
7222
284
510
15
60
353
320
77
489
220
16
696
262
711
1505
8317
25
528
8
1492
528
512
286
1418
2748
22042
60
976
577
512
310
2748
22042
60
284
2748
85309
22042
5163
220
674
8092
26168
198
310
577
284
2748
22042
933
286
471
577
271
262
711
11552
8317
25
528
11
348
25
528
8
1492
1845
512
286
11369
11
18030
284
1505
8317
705
1505
3832
340
286
422
11369
624
18030
512
310
471
3641
198
286
674
9323
555
7222
198
286
422
7222
58
2739
60
366
7222
58
10776
10556
310
2748
58
2739
60
284
18030
198
286
4508
7222
58
2739
60
871
7222
58
10776
10556
310
2748
58
10776
60
284
11369
198
286
775
512
310
2748
58
10776
60
284
11369
198
310
7222
58
2739
60
1447
220
16
198
286
471
3082
271
262
296
267
11017
284
220
15
220
674
2694
315
1972
6964
14661
304
85380
198
262
4183
29126
284
3132
220
674
3637
320
84
14605
25576
8
369
1620
60964
22702
271
262
674
8012
74949
13340
539
4460
11
719
584
1205
311
30729
13116
304
10839
2015
198
262
13116
11985
284
5480
76189
42377
340
262
3779
284
220
15
198
262
369
577
11
348
11
289
304
13116
11985
512
286
422
11552
8317
11
348
997
310
296
267
11017
1447
289
198
310
4183
29126
2102
1209
84
11
348
11
289
1192
310
3779
1447
220
16
198
310
422
3779
624
308
482
220
16
512
394
1464
271
262
674
23426
279
60964
2694
323
1243
60964
597
198
262
60964
10370
284
2694
3706
1034
597
369
40564
8523
289
8
304
4183
29126
340
262
471
60964
10370
1034
597
198
14196
4077
100265
198