100264
882
198
4518
279
2768
734
12223
323
4733
928
11
7373
4305
279
734
7633
323
1522
682
279
7177
13
3146
5989
4276
70765
3247
13916
50
13
57277
2675
1288
15411
279
2082
499
11041
304
264
67859
2082
2565
320
817
10103
33981
320
20670
690
33316
279
4113
5865
696
14196
4077
1527
20061
1179
1796
1432
755
8187
54653
821
1056
52370
1471
25
528
11
597
25
528
11
865
25
528
11
2015
29453
25
1796
19155
2526
1492
528
512
262
4304
16644
308
10373
9277
389
3230
2919
11
1505
279
8187
2860
97894
994
11862
1124
627
1084
262
23694
512
262
482
2468
1455
597
10373
649
387
28358
3871
304
832
7309
198
262
482
7365
602
320
37469
389
1938
2015
29453
1004
2526
649
1193
387
28358
389
477
1306
430
1938
198
262
482
4740
11862
389
1938
264
11
279
1828
44854
649
1193
387
389
1938
264
38992
477
3010
198
262
482
52132
52370
369
2015
602
28358
389
1938
274
374
320
82
482
2015
29453
1004
2608
1084
262
18161
512
286
308
25
5742
315
10373
320
16
2717
308
2717
220
1041
340
286
597
25
27697
10373
824
44854
320
16
2717
597
2717
308
340
286
865
25
21882
1990
59721
320
16
2717
865
2717
220
605
61
24
340
286
2015
29453
25
1796
315
308
2015
22165
2919
304
2536
6953
76562
2015
320
16
2717
2015
29453
1004
60
2717
220
605
61
717
340
1084
262
5295
512
286
578
8187
3284
2860
97894
7361
262
12382
8187
54653
821
1056
52370
7
20
11
220
17
11
220
18
11
510
16
11
220
20
11
220
21
11
220
605
11
220
717
2608
262
220
17
198
262
12382
8187
54653
821
1056
52370
7
16
11
220
16
11
220
1041
931
931
15
11
510
1041
931
931
931
15
2608
262
220
15
198
262
12713
755
1817
73121
997
262
674
3475
5157
505
279
3575
198
262
2105
9322
7
20
11
220
17
11
220
18
11
510
16
11
220
20
11
220
21
11
220
605
11
220
717
2526
624
220
18
198
262
2105
9322
7
16
11
220
16
11
220
1041
931
931
15
11
510
1041
931
931
931
15
2526
624
220
15
198
262
2105
9322
7
868
11
220
19
11
220
20
11
510
16
11
220
18
11
220
18
11
220
21
11
220
21
11
220
21
11
220
605
11
220
605
11
220
605
11
220
605
11
220
868
11
220
868
11
220
868
11
220
868
11
220
868
2526
624
220
1758
7361
262
674
24086
1296
5157
198
262
2105
9322
7
17
11
220
17
11
220
9690
22
11
510
11739
22
11
220
9714
24
2526
624
220
10861
198
262
2105
9322
7
605
11
220
16
11
220
17
11
510
16
11
220
16
11
220
17
11
220
18
11
220
19
11
220
20
11
220
20
11
220
20
11
220
20
11
220
21
2526
624
220
5495
198
262
2105
9322
7
16
11
220
16
11
220
23816
22895
23823
11
510
7261
19666
14378
18
2526
624
220
15
198
262
2105
9322
7
16
11
220
16
11
220
16
11
510
16
2526
624
220
15
7361
262
674
3475
1162
449
597
22495
320
543
10373
304
832
44854
340
262
2105
9322
7
1041
11
220
1041
11
220
1041
931
931
15
11
510
5500
931
931
4119
11
220
5500
7755
4645
10731
11
220
5500
11139
2366
11592
11
220
5500
14649
13236
18887
11
220
5500
12505
7507
20945
11
220
5500
16193
17786
23545
11
220
5500
15101
20213
23324
11
220
5500
17819
18770
24508
11
220
5500
13837
11770
22534
11
220
5500
18807
21278
24443
11
220
5500
4645
7755
4278
11
220
5500
5037
5037
7261
11
220
5500
7994
11227
8259
11
220
5500
9263
15231
9413
11
220
5500
9335
17448
10239
11
220
5500
9690
19633
9756
11
220
5500
10718
21379
10674
11
220
5500
11123
25150
10861
11
220
5500
10562
23141
10828
11
220
5500
7529
24337
5926
11
220
5500
2366
11139
9639
11
220
5500
11227
7994
11702
11
220
5500
9716
9716
12533
11
220
5500
12338
15726
12994
11
220
5500
12754
18517
14052
11
220
5500
12326
18415
14022
11
220
5500
14274
22385
15666
11
220
5500
15741
23486
15451
11
220
5500
16544
22716
16085
11
220
5500
16443
25344
17313
11
220
5500
13236
14649
12166
11
220
5500
15231
9263
16104
11
220
5500
15726
12338
16723
11
220
5500
8765
8765
17153
11
220
5500
16522
20165
17451
11
220
5500
17228
20618
18384
11
220
5500
18199
22422
15951
11
220
5500
18017
22039
18265
11
220
5500
19230
24250
12910
11
220
5500
18252
26164
20077
11
220
5500
7507
12505
16408
11
220
5500
17448
9335
18136
11
220
5500
18517
12754
17837
11
220
5500
20165
16522
19305
11
220
5500
14870
14870
19697
11
220
5500
20555
20749
20325
11
220
5500
21033
22642
19988
11
220
5500
21358
23619
19799
11
220
5500
20339
24951
19773
11
220
5500
22054
24680
21038
11
220
5500
17786
16193
19673
11
220
5500
19633
9690
20571
11
220
5500
18415
12326
22593
11
220
5500
20618
17228
21600
11
220
5500
20749
20555
22048
11
220
5500
14148
14148
20866
11
220
5500
20943
20744
23477
11
220
5500
21228
23776
20758
11
220
5500
21535
23805
22345
11
220
5500
22754
26328
24515
11
220
5500
20213
15101
21996
11
220
5500
21379
10718
21717
11
220
5500
22385
14274
23103
11
220
5500
22422
18199
21788
11
220
5500
22642
21033
22644
11
220
5500
20744
20943
23480
11
220
5500
10943
10943
19774
11
220
5500
24187
23275
24375
11
220
5500
22347
25862
21897
11
220
5500
23578
24792
25388
11
220
5500
18770
17819
21295
11
220
5500
25150
11123
21982
11
220
5500
23486
15741
24054
11
220
5500
22039
18017
25527
11
220
5500
23619
21358
20338
11
220
5500
23776
21228
25302
11
220
5500
23275
24187
17521
11
220
5500
15831
15831
23592
11
220
5500
23171
25890
24216
11
220
5500
25314
25476
26519
11
220
5500
11770
13837
21474
11
220
5500
23141
10562
18831
11
220
5500
22716
16544
26218
11
220
5500
24250
19230
25465
11
220
5500
24951
20339
26537
11
220
5500
23805
21535
24061
11
220
5500
25862
22347
26497
11
220
5500
25890
23171
25622
11
220
5500
12251
12251
25354
11
220
5500
24809
25350
22889
11
220
5500
21278
18807
21056
11
220
5500
24337
7529
18485
11
220
5500
25344
16443
19306
11
220
5500
26164
18252
21251
11
220
5500
24680
22054
15862
11
220
5500
26328
22754
16415
11
220
5500
24792
23578
21133
11
220
5500
25476
25314
19068
11
220
5500
25350
24809
19146
11
220
1041
931
931
931
15
2526
624
220
18518
931
931
1135
7361
262
674
3475
1162
449
597
28
16
320
606
2015
824
44854
340
262
2105
9322
7
1041
11
220
16
11
220
1041
931
931
15
11
510
5500
931
931
4119
11
220
5500
7755
4645
10731
11
220
5500
11139
2366
11592
11
220
5500
14649
13236
18887
11
220
5500
12505
7507
20945
11
220
5500
16193
17786
23545
11
220
5500
15101
20213
23324
11
220
5500
17819
18770
24508
11
220
5500
13837
11770
22534
11
220
5500
18807
21278
24443
11
220
5500
4645
7755
4278
11
220
5500
5037
5037
7261
11
220
5500
7994
11227
8259
11
220
5500
9263
15231
9413
11
220
5500
9335
17448
10239
11
220
5500
9690
19633
9756
11
220
5500
10718
21379
10674
11
220
5500
11123
25150
10861
11
220
5500
10562
23141
10828
11
220
5500
7529
24337
5926
11
220
5500
2366
11139
9639
11
220
5500
11227
7994
11702
11
220
5500
9716
9716
12533
11
220
5500
12338
15726
12994
11
220
5500
12754
18517
14052
11
220
5500
12326
18415
14022
11
220
5500
14274
22385
15666
11
220
5500
15741
23486
15451
11
220
5500
16544
22716
16085
11
220
5500
16443
25344
17313
11
220
5500
13236
14649
12166
11
220
5500
15231
9263
16104
11
220
5500
15726
12338
16723
11
220
5500
8765
8765
17153
11
220
5500
16522
20165
17451
11
220
5500
17228
20618
18384
11
220
5500
18199
22422
15951
11
220
5500
18017
22039
18265
11
220
5500
19230
24250
12910
11
220
5500
18252
26164
20077
11
220
5500
7507
12505
16408
11
220
5500
17448
9335
18136
11
220
5500
18517
12754
17837
11
220
5500
20165
16522
19305
11
220
5500
14870
14870
19697
11
220
5500
20555
20749
20325
11
220
5500
21033
22642
19988
11
220
5500
21358
23619
19799
11
220
5500
20339
24951
19773
11
220
5500
22054
24680
21038
11
220
5500
17786
16193
19673
11
220
5500
19633
9690
20571
11
220
5500
18415
12326
22593
11
220
5500
20618
17228
21600
11
220
5500
20749
20555
22048
11
220
5500
14148
14148
20866
11
220
5500
20943
20744
23477
11
220
5500
21228
23776
20758
11
220
5500
21535
23805
22345
11
220
5500
22754
26328
24515
11
220
5500
20213
15101
21996
11
220
5500
21379
10718
21717
11
220
5500
22385
14274
23103
11
220
5500
22422
18199
21788
11
220
5500
22642
21033
22644
11
220
5500
20744
20943
23480
11
220
5500
10943
10943
19774
11
220
5500
24187
23275
24375
11
220
5500
22347
25862
21897
11
220
5500
23578
24792
25388
11
220
5500
18770
17819
21295
11
220
5500
25150
11123
21982
11
220
5500
23486
15741
24054
11
220
5500
22039
18017
25527
11
220
5500
23619
21358
20338
11
220
5500
23776
21228
25302
11
220
5500
23275
24187
17521
11
220
5500
15831
15831
23592
11
220
5500
23171
25890
24216
11
220
5500
25314
25476
26519
11
220
5500
11770
13837
21474
11
220
5500
23141
10562
18831
11
220
5500
22716
16544
26218
11
220
5500
24250
19230
25465
11
220
5500
24951
20339
26537
11
220
5500
23805
21535
24061
11
220
5500
25862
22347
26497
11
220
5500
25890
23171
25622
11
220
5500
12251
12251
25354
11
220
5500
24809
25350
22889
11
220
5500
21278
18807
21056
11
220
5500
24337
7529
18485
11
220
5500
25344
16443
19306
11
220
5500
26164
18252
21251
11
220
5500
24680
22054
15862
11
220
5500
26328
22754
16415
11
220
5500
24792
23578
21133
11
220
5500
25476
25314
19068
11
220
5500
25350
24809
19146
11
220
1041
931
931
931
15
2526
624
220
18518
931
931
8504
15
271
2
5560
1817
14478
3375
54653
821
1056
52370
8
311
1629
7177
627
74694
100265
198
100264
78191
198
74694
12958
198
1527
20061
1179
1796
271
755
8187
54653
821
1056
52370
1471
25
528
11
597
25
528
11
865
25
528
11
2015
29453
25
1796
19155
2526
1492
528
512
262
674
1226
1005
264
57080
5603
25
369
1855
1912
320
70187
705
3820
279
597
10373
430
617
279
25655
320
33490
1938
482
2015
1938
8
4315
1884
539
3686
12893
323
43303
627
262
674
2030
264
35388
323
11297
1648
11
2728
279
17413
320
6414
6953
76562
2015
29453
705
374
311
1920
505
279
5652
10373
29512
11
1606
3010
10373
617
8294
320
82
482
294
8
422
28358
3389
11
719
584
1390
311
30437
2860
627
262
674
4452
11
264
17033
23669
57080
374
25
369
1855
44854
11
5268
279
1828
597
30758
311
387
28358
439
3389
439
3284
320
8248
30758
43303
2728
865
33251
705
779
439
311
30437
279
7928
32174
627
262
674
2030
2500
3967
11297
32857
374
311
1005
32857
1004
60
284
1332
2860
97894
369
1176
602
10373
19937
7706
750
627
262
674
6914
32857
1004
60
387
279
17832
97894
369
279
1176
602
10373
320
15
497
72
12
16
570
1226
1390
32857
7824
27218
262
674
1789
1855
602
505
220
16
311
308
11
1456
682
503
505
1973
7
15
11
602
12934
8
311
602
12
16
25
3854
10373
503
497
72
12
16
1139
832
44854
11
719
44854
2011
1212
389
264
43303
1938
627
262
674
578
5652
3284
1212
1938
369
420
7309
320
998
30437
7781
8
374
2015
29453
1004
12
16
60
482
320
74
12
16
18201
87
489
220
16
8
489
320
87
8
510
28753
279
1176
2015
304
7309
374
520
274
15
11
1828
520
274
15
38992
10
16
11
5099
25750
719
420
374
46946
627
262
674
12361
11
264
2731
5603
25
1789
1855
2015
602
11
10491
1405
311
2035
433
11
719
430
596
2288
6435
627
262
674
12361
11
584
1005
32857
449
279
2768
20616
512
262
674
1789
279
1510
7309
13696
520
602
12
16
11
584
2011
617
9277
279
3766
7309
912
6931
1109
320
2527
26647
8
489
865
198
262
674
2030
459
1524
35388
1648
320
11536
2015
29453
374
10839
8
374
311
1005
264
34932
3321
323
8915
15840
1405
584
1456
682
3284
1566
10093
369
1855
7309
627
262
674
2030
279
1888
3967
6425
369
420
374
311
1920
304
10134
320
1527
1566
2015
311
1176
705
50284
709
311
597
10373
824
7309
323
1701
279
30758
3284
6041
1938
430
43666
279
865
13225
505
279
3766
7309
627
262
674
4452
11
459
11297
507
1471
8
5603
374
439
11263
320
1527
3967
10105
323
6492
997
262
674
1226
1005
32857
1004
60
284
17832
97894
369
1176
602
10373
320
15
497
72
12
16
340
262
674
32857
58
15
4938
15
198
262
674
1789
602
505
220
16
311
308
512
262
674
256
32857
1004
60
284
1332
15511
73
22112
12934
311
602
12
16
92
32857
3894
60
489
2694
15511
83
46712
311
602
12
16
92
320
1382
29453
14527
60
482
2015
29453
14527
13636
60
353
865
8
220
674
2876
7041
11
719
7781
374
320
33490
1938
482
2015
1938
340
262
674
34863
279
7781
369
2015
520
2361
259
304
7309
6041
520
274
374
320
82
482
2015
29453
14527
2608
262
674
1442
279
7309
5727
15285
505
264
311
293
320
99461
705
323
584
8448
279
7309
389
1938
328
11
1243
328
2669
2015
29453
18990
60
320
11536
1176
304
7309
649
387
28358
389
2015
29453
15848
1145
719
311
30437
7781
584
743
328
284
2015
29453
15848
60
489
320
65
7561
18201
87
10
16
8
482
87
52417
1102
596
2731
311
8448
439
3389
439
3284
719
30758
43303
627
262
674
2030
420
374
17395
13
578
1455
22514
323
26731
1648
320
11536
2015
29453
374
10839
8
374
311
1005
32857
1405
369
1855
602
11
584
1456
311
2231
279
1566
7309
505
503
311
602
12
16
11
323
5268
279
30758
3284
328
430
374
2669
2015
29453
3894
60
489
320
13724
8
323
328
2669
8031
1117
489
865
627
262
674
4452
11
279
1455
4279
23669
2082
374
264
57080
449
264
10844
7325
11
719
1095
596
4305
279
32857
430
4375
449
279
17413
320
77
8367
1041
4390
262
674
1226
3358
1005
32857
323
369
1855
602
11
1456
682
3284
7309
10548
320
1527
602
12
16
1523
311
602
12934
11
29512
705
323
12849
279
2853
422
584
1304
264
7309
505
326
311
436
320
15
6108
11
436
29408
705
323
743
328
284
2015
29453
16523
60
320
939
6586
389
430
1938
340
262
674
2030
279
44854
2011
1212
520
264
1938
2669
2015
29453
17296
60
323
1855
1828
520
489
87
11
779
279
17832
3284
328
369
264
7309
326
497
81
374
2015
29453
17296
60
489
320
81
2922
4911
87
198
262
674
2030
1243
7781
369
2015
520
259
374
328
482
2015
29453
14527
60
284
2015
29453
17296
60
489
320
81
2442
4911
87
198
262
674
2100
2860
7781
369
7309
326
497
81
374
2694
15511
83
41727
92
48922
81
26628
2015
29453
17296
60
489
320
81
2442
4911
87
482
2015
29453
14527
60
1763
262
674
284
320
81
2922
10
16
4911
1382
29453
17296
60
489
865
9
1264
15511
83
41727
92
48922
81
26628
81
2442
8
482
2694
15511
83
41727
92
48922
81
92
1382
29453
14527
933
262
674
2694
15511
83
41727
92
48922
81
26628
81
2442
8
284
320
81
2922
18201
81
2922
10
16
28250
17
198
262
674
2030
1095
596
656
433
810
5042
25
369
1855
7309
326
497
81
320
15
6108
11
436
10123
75
323
436
2922
10
16
2717
74
705
12849
279
17832
1938
311
8448
420
7309
25
433
2011
1212
520
328
2669
2015
29453
17296
60
489
320
15
4911
87
323
1855
1828
520
489
87
11
779
328
2669
2015
29453
17296
60
489
320
81
2922
4911
87
198
262
674
2057
30437
279
32174
320
82
482
2015
29453
14527
9918
584
1390
328
439
2678
439
3284
719
539
6931
1109
279
5652
2015
17181
304
279
7309
320
708
328
28
2015
29453
17296
7727
7
81
2922
4911
87
340
262
674
5112
279
7781
369
2015
259
374
320
1382
29453
17296
7727
7
81
2442
4911
87
482
2015
29453
14527
2608
262
674
2100
279
2694
369
420
7309
374
2694
15511
83
41727
92
48922
81
26628
2015
29453
17296
60
489
320
81
2442
4911
87
482
2015
29453
14527
60
1763
262
674
284
320
81
2922
10
16
4911
1382
29453
17296
60
489
865
9
1264
15511
83
41727
92
48922
81
26628
81
2442
8
482
2694
15511
83
41727
92
48922
81
92
1382
29453
14527
933
262
674
2694
15511
83
41727
92
48922
81
26628
81
2442
8
284
320
81
2922
18201
81
2922
10
16
28250
17
198
262
674
2030
8530
8831
25
864
28806
9436
37498
369
2015
29453
311
636
2694
8028
17296
68459
10
16
60
6288
627
262
9436
284
510
15
37710
77
10
16
340
262
369
602
304
2134
1471
997
286
9436
1004
10
16
60
284
9436
1004
60
489
2015
29453
1004
933
262
296
284
308
198
262
11581
284
510
15
37710
76
10
16
340
262
369
602
304
2134
7
16
11
296
10
16
997
286
1888
284
2273
493
13885
1329
286
674
1566
3284
7309
10548
520
602
12
16
11
30758
520
602
12934
198
286
369
1212
304
2134
8913
7
15
11
602
12934
705
602
997
310
842
284
602
12
16
198
310
13497
284
842
482
1212
489
220
16
198
310
674
1226
649
1193
8448
520
1455
597
304
264
7309
198
310
422
13497
871
597
512
394
3136
198
310
674
23426
17832
11862
1938
369
420
7309
25
1212
1963
364
2527
6
34310
311
2015
29453
29563
933
310
674
1226
8448
389
328
284
2015
29453
29563
60
489
320
408
482
1212
4911
87
198
310
328
284
2015
29453
29563
60
489
320
408
482
1212
8
353
865
198
310
674
40893
369
1855
2015
259
304
510
2527
11
842
10556
310
674
2860
22988
284
2694
3844
482
2015
29453
14527
2608
310
2860
22988
284
13497
353
328
482
9436
58308
10
16
60
482
320
12113
29563
60
489
320
408
19471
10
16
4911
2527
340
310
674
2030
1212
374
279
2015
29453
907
315
279
1176
304
7309
11
779
2694
2015
29453
14527
369
259
304
510
2527
43817
5163
374
9436
58308
10
16
11958
12113
29563
933
310
674
2100
2860
22988
284
328
9
16232
482
320
12113
58308
10
16
11958
12113
29563
2608
310
2860
22988
284
328
353
13497
482
320
12113
58308
10
16
60
482
9436
29563
2608
310
2853
284
11581
29563
60
489
2860
22988
198
310
422
2853
366
1888
512
394
1888
284
2853
198
286
11581
1004
60
284
1888
198
262
471
11581
7824
933
14196
4077
2028
32857
5603
5480
988
927
682
3284
7309
77697
323
26420
430
1855
7309
706
520
1455
1595
74
63
10373
11
323
18198
1855
7309
439
3389
439
43303
320
93707
328
430
43666
279
865
13225
505
279
3766
7309
570
1102
5829
9436
37498
311
30820
12849
279
2694
315
2015
29453
304
1855
7309
13
1115
5603
16609
279
1296
5157
2728
304
279
10137
13
100265
198
100264
882
271
7927
3766
4879
4745
279
7177
13
5810
596
279
1493
512
6687
1445
320
3646
3293
1650
1566
997
220
2958
36674
33
5964
83514
45
9579
48
39
7345
498
1584
220
5037
11
304
366
4450
397
262
1817
14478
3375
54653
821
1056
52370
340
220
2958
36674
33
5964
83514
45
9579
48
39
7345
498
1584
220
966
11
304
1817
198
262
2105
9322
7
20
11
220
17
11
220
18
11
510
16
11
220
20
11
220
21
11
220
605
11
220
717
2526
624
220
18
198
1881
6440
62824
62824
62824
62824
62824
62824
62824
62824
62824
62824
61
198
69739
1480
14963
1271
312
42612
11
420
374
701
3465
25
4557
279
2768
734
12223
323
4733
928
11
7373
4305
279
734
7633
323
1522
682
279
7177
13
3146
5989
4276
70765
3247
13916
50
13
57277
2675
1288
15411
279
2082
499
11041
304
264
67859
2082
2565
320
817
10103
33981
320
20670
690
33316
279
4113
5865
8
100265
198
100264
78191
198
14196
4077
1527
20061
1179
1796
271
755
8187
54653
821
1056
52370
1471
25
528
11
597
25
528
11
865
25
528
11
2015
29453
25
1796
19155
2526
1492
528
512
262
3270
262
3468
12117
279
2860
97894
994
11862
709
311
597
10373
824
7309
345
262
449
1855
44854
6041
520
3325
865
2919
1306
279
3766
44854
596
1212
627
262
52132
52370
369
2015
602
28358
389
1938
274
374
320
82
482
2015
29453
1004
62361
262
7365
2919
527
2536
6953
76562
382
262
578
23669
8446
374
311
1920
10373
304
10134
320
1527
1566
311
1176
705
720
262
30164
45892
315
709
311
597
10373
323
23391
1855
7309
596
11862
1938
374
279
720
262
30758
3284
430
374
520
3325
320
20281
44854
596
1212
1938
489
865
3677
262
1226
1005
264
57080
5603
36813
279
5652
3284
10373
1139
1855
7309
311
30437
2860
7781
382
262
18161
512
286
308
25
5742
315
10373
320
16
38394
308
38394
220
1041
340
286
597
25
7639
10373
824
44854
320
16
38394
597
38394
308
340
286
865
25
21882
1990
44854
8638
320
16
38394
865
38394
220
16
68
24
340
286
2015
29453
25
53788
2536
6953
76562
1160
315
2015
2919
320
16
38394
2015
29453
1004
60
38394
220
16
68
717
696
262
5295
512
286
32025
2860
97894
198
262
3270
262
2860
38229
284
308
198
262
2015
29453
42377
284
2015
29453
12511
368
220
674
4702
304
1162
198
262
1121
284
220
15
198
262
602
284
308
482
220
16
220
674
5256
505
279
1566
2015
198
262
1418
602
2669
220
15
512
286
674
8593
279
1510
7309
25
709
311
597
10373
6041
505
602
29512
198
286
7309
6345
284
602
198
286
7309
5011
284
1973
1998
482
597
489
220
16
11
220
15
8
220
674
30379
520
3325
220
16
2015
11
539
927
5455
10964
198
286
674
34863
11
369
57080
11
584
1935
439
1690
439
3284
505
279
842
29512
320
455
311
597
340
286
7309
2424
284
1332
6097
11
602
489
220
16
8
220
674
602
10
16
1606
15285
220
15
497
72
198
286
674
2030
311
30437
32174
11
584
2744
1935
279
1828
597
320
269
9861
8
10373
505
279
842
198
286
674
2100
584
1935
505
602
1523
311
1973
7
15
11
602
482
320
74
12
16
5850
602
1770
13
1566
597
10373
477
9861
198
286
7309
2424
284
1332
6097
11
602
489
220
16
340
286
7309
5011
7406
284
602
482
7309
2424
489
220
16
220
674
220
15
6108
1963
315
1176
304
7309
271
286
674
23426
279
30758
3284
11862
1938
369
420
7309
198
286
674
578
1176
2015
304
420
7309
374
520
2015
29453
58
14377
5011
7406
933
286
674
24907
2011
3621
389
477
1306
1202
1938
11
323
3766
44854
596
1212
2011
387
520
3325
865
2919
6931
198
286
674
1789
279
1176
7309
11
912
4972
11
779
328
7408
284
2015
29453
58
14377
5011
7406
933
286
674
2030
311
30437
2860
97894
11
584
8448
439
3389
439
3284
4315
43303
2919
11
719
30758
43303
430
6276
369
279
2800
198
286
674
4452
11
311
30437
32174
11
8448
279
7309
439
3389
439
3284
719
30758
43303
779
430
279
2768
45892
649
387
13847
627
286
674
578
17832
2860
97894
374
17427
555
56926
1570
4737
279
1566
597
10373
320
269
9861
8
1855
892
323
6376
279
44854
1938
311
279
1973
2015
304
279
7309
5636
320
74
12
16
18201
87
10
16
8
482
87
18072
286
674
34863
279
4335
478
25
369
264
7309
505
264
311
293
320
15
6108
29408
705
279
5652
3284
328
430
2103
6276
27442
279
1828
45892
320
8248
584
1920
29512
11
779
584
1120
1935
279
17832
43303
328
902
374
279
1176
2015
596
1938
489
320
74
12
16
18201
87
10
16
8
482
865
949
340
286
674
12361
11
584
649
743
279
44854
1938
311
279
5652
2015
596
1938
320
708
279
1566
2015
304
7309
3709
1759
17832
7781
340
286
674
2030
2011
1101
27651
328
2669
8031
32142
479
17181
489
865
320
2000
279
1828
6931
7309
340
286
674
2057
1304
433
4382
323
990
369
279
7177
25
369
279
1510
7309
320
1527
7309
5011
7406
311
602
705
584
8448
389
1938
284
2015
29453
1004
933
286
674
1115
374
2764
1606
279
7309
8638
520
477
1603
2015
29453
1004
1145
323
279
7781
369
1855
259
304
7309
374
320
1382
29453
1004
60
482
2015
29453
14527
2608
286
674
5112
3351
311
279
3766
7309
320
72
482
7309
2424
311
602
482
220
16
696
286
7309
5011
284
1973
7
15
11
602
482
597
489
220
16
340
286
7309
6345
284
602
198
286
7309
3259
284
7309
6345
482
7309
5011
489
220
16
198
286
44854
17181
284
2015
29453
1004
60
220
674
27901
279
1510
7309
439
3389
439
279
1566
2015
596
1938
271
286
674
2758
97894
369
420
7309
198
286
369
259
304
2134
31239
5011
11
7309
6345
489
220
16
997
310
1121
1447
320
70187
17181
482
2015
29453
14527
9801
286
602
284
7309
5011
482
220
16
220
674
14903
311
3766
7309
271
262
471
1121
198
14196
4077
2028
8292
11263
279
5410
57080
1749
369
420
29924
38952
3575
11
36813
279
1566
597
320
269
9861
8
10373
1139
1855
7309
323
11862
1855
7309
389
279
1938
315
279
5652
2015
304
279
7309
13
1115
26420
430
279
2860
97894
374
82178
323
16609
682
279
2728
1296
5157
13
100265
198
100264
882
271
7927
3766
4879
4745
279
7177
13
5810
596
279
1493
512
6687
1445
320
3646
3293
1650
1566
997
220
2958
36674
14029
48
18442
19
55
93000
39
7345
498
1584
220
5037
11
304
366
4450
397
262
1817
14478
3375
54653
821
1056
52370
340
220
2958
36674
14029
48
18442
19
55
93000
39
7345
498
1584
220
843
11
304
1817
198
262
2105
9322
7
868
11
220
19
11
220
20
11
510
16
11
220
18
11
220
18
11
220
21
11
220
21
11
220
21
11
220
605
11
220
605
11
220
605
11
220
605
11
220
868
11
220
868
11
220
868
11
220
868
11
220
868
2526
624
220
1758
198
1881
6440
62824
62824
62824
62824
62824
62824
62824
62824
62824
62824
62824
62824
62824
62824
62824
62824
62824
62824
62824
62824
198
69739
1480
14963
1271
312
42612
11
420
374
701
3465
25
4557
279
2768
734
12223
323
4733
928
11
7373
4305
279
734
7633
323
1522
682
279
7177
13
3146
5989
4276
70765
3247
13916
50
13
57277
2675
1288
15411
279
2082
499
11041
304
264
67859
2082
2565
320
817
10103
33981
320
20670
690
33316
279
4113
5865
8
100265
198
100264
78191
198
14196
4077
1527
20061
1179
1796
271
755
8187
54653
821
1056
52370
1471
25
528
11
597
25
528
11
865
25
528
11
2015
29453
25
1796
19155
2526
1492
528
512
262
3270
262
16644
308
10373
449
2536
6953
76562
19163
2919
304
1595
1382
29453
7964
8448
279
10373
304
45892
315
520
1455
1595
74
4077
262
1778
430
1855
7309
374
28358
389
264
1938
520
3325
1595
87
63
2919
1306
279
1212
1938
315
279
3766
7309
627
262
578
97894
369
459
2015
28358
389
1938
274
430
574
9277
520
1938
294
374
320
82
482
294
4390
262
578
5915
374
311
30437
279
2860
97894
382
262
578
23669
5603
374
311
1920
10373
505
279
5652
311
279
30758
11
30164
45892
315
709
311
597
10373
1855
627
262
1789
1855
7309
6041
520
2361
602
323
13696
520
503
320
72
2717
503
366
308
705
279
44854
2011
12446
912
6931
1109
198
262
2015
29453
1004
60
320
1820
30758
304
279
7309
705
719
1101
520
3325
865
2919
1306
279
3766
7309
596
44854
1938
382
262
4452
11
311
15803
7706
2786
323
1522
279
1296
5157
30820
320
36046
449
308
2717
220
1041
705
584
1005
279
2768
198
262
8915
15840
5603
14948
555
3967
23669
10105
369
420
955
315
330
1083
12117
32174
449
7309
323
27032
1
3575
1473
262
6914
11581
1004
60
387
279
17832
97894
369
279
1176
602
10373
320
8076
220
15
497
72
12
16
4390
262
1789
1855
602
505
220
16
311
308
512
286
9934
682
3284
1566
7309
10548
520
259
320
2940
259
21986
505
1973
7
15
11
602
12934
8
311
602
12
16
997
310
482
578
7309
17610
315
10373
505
259
311
602
12
16
320
99461
705
779
1797
284
602
482
259
198
310
482
578
44854
1938
369
420
7309
2011
387
520
3325
2015
29453
14527
60
489
320
1868
12
16
4911
87
320
708
430
279
1176
2015
304
279
7309
374
28358
912
6931
1109
1202
1938
11
323
17876
10373
527
64928
865
2919
10980
340
310
482
578
5652
43303
44854
1938
430
1587
539
12324
449
4972
45892
374
2015
29453
1004
12
16
60
320
11536
584
527
77391
279
7928
7781
11
584
8448
439
3389
439
3284
2949
17413
340
310
482
2030
311
12849
279
17832
97894
11
584
9855
584
8448
279
7309
520
279
30758
3284
1938
430
6276
279
2800
311
387
13847
11
719
2533
2015
29453
374
10839
11
433
596
3403
311
12849
279
7781
439
279
6811
1990
279
44854
1938
320
8370
584
1935
439
2015
29453
14527
60
489
320
72
2442
12
16
4911
87
8
323
279
2015
596
1866
1938
627
286
34863
11
264
35388
323
4495
5603
320
300
304
11670
10105
369
330
27606
15039
449
44350
909
374
311
2744
8448
279
7309
520
279
1566
2015
596
19163
1938
320
1382
29453
1004
12
16
9918
1606
430
21877
4861
279
7340
7781
369
279
5652
2015
304
279
7309
11
323
26420
682
27032
17413
649
387
2322
555
6931
45892
382
262
15636
11
279
76293
374
512
286
11581
1004
60
284
1332
15511
83
284
1973
7
15
11
602
12934
8
311
602
12
16
92
510
11581
14527
60
489
2694
15511
981
284
259
311
602
12
16
92
320
2015
29453
1004
12
16
60
482
2015
29453
22376
60
883
10661
262
1115
374
1606
584
8448
279
1510
7309
389
1938
284
2015
29453
1004
12
16
1145
323
1855
2015
304
433
3709
1759
320
5383
17181
482
1202
17181
8
97894
382
262
5075
28806
9436
37498
369
2015
29453
369
5043
2134
2694
20126
382
262
18161
512
286
308
25
5742
315
10373
198
286
597
25
7639
10373
824
44854
198
286
865
25
21882
1990
44854
8638
320
1962
6089
1511
304
279
7781
22702
824
2015
11
719
17413
527
52873
18073
555
7309
6727
340
286
2015
29453
25
11842
6953
76562
1160
315
2015
19163
2919
271
262
5295
512
262
578
17832
2860
97894
198
262
3270
262
9436
284
510
15
37710
77
10
16
340
262
369
7335
304
2134
1471
997
286
9436
11858
10
16
60
284
9436
11858
60
489
2015
29453
11858
2595
262
11581
284
510
15
37710
77
10
16
340
262
369
602
304
2134
7
16
11
308
10
16
1680
220
674
602
374
1396
315
10373
15590
320
15
497
72
12
16
340
286
1888
284
2273
493
13885
1329
286
674
578
1566
7309
10548
520
1963
503
320
15
6108
705
779
279
7309
14861
503
497
72
12
16
320
99461
340
286
674
503
2011
387
520
3325
1973
7
15
11
602
12934
8
1606
7309
1404
2717
74
198
286
369
503
304
2134
8913
7
15
11
602
12934
705
602
997
310
674
27901
420
7309
389
1938
284
2015
29453
1004
12
16
933
310
674
52132
52370
369
10373
503
497
72
12
16
198
310
674
2694
15511
83
46712
311
602
12
16
92
320
1382
29453
1004
12
16
60
482
2015
29453
14527
2608
310
674
284
320
72
13636
8
353
2015
29453
1004
12
16
60
482
320
12113
1004
60
482
9436
3894
2608
310
2860
821
1056
284
320
72
482
503
8
353
2015
29453
1004
12
16
60
482
320
12113
1004
60
482
9436
3894
2608
310
9322
284
11581
3894
60
489
2860
821
1056
198
310
422
9322
366
1888
512
394
1888
284
9322
198
286
11581
1004
60
284
1888
198
262
471
11581
7824
933
14196
4077
2028
8292
5829
8915
15840
439
7633
3485
323
690
1522
682
279
3984
1296
5157
13
1102
32238
682
3284
2764
7309
826
323
41011
279
17071
430
21877
4861
279
2860
97894
13
100265
198