100264
882
198
4518
279
2768
734
12223
323
4733
928
11
7373
4305
279
734
7633
323
1522
682
279
7177
13
3146
5989
4276
70765
3247
13916
50
13
57277
2675
1288
15411
279
2082
499
11041
304
264
67859
2082
2565
320
817
10103
33981
320
20670
690
33316
279
4113
5865
696
14196
4077
755
1797
45881
34600
1471
25
528
11
597
25
528
11
274
25
610
8
1492
528
512
262
4304
16644
264
925
274
315
3160
308
31706
315
5885
364
32
518
364
33
518
323
32167
756
262
323
264
6928
7698
597
11
1797
279
1396
315
5627
311
8454
1855
74616
449
198
262
3060
364
32
6
477
364
33
6
1778
430
279
13239
925
706
912
11091
485
442
292
39549
198
262
315
3160
597
627
1084
262
362
925
374
6646
330
19045
1
422
912
67603
39549
315
3160
597
374
264
74197
627
262
3494
279
1797
60964
220
19416
13719
17228
627
1084
262
18161
512
286
308
25
578
3160
315
279
925
320
17
2717
597
2717
308
2717
220
1041
15
340
286
597
25
578
3160
315
16146
826
311
1817
369
11091
485
442
288
320
74
2717
220
605
340
286
274
25
362
925
315
3160
308
31706
315
364
32
518
364
33
518
323
32167
1270
1084
262
5295
512
286
578
1396
315
1695
9246
60964
220
19416
13719
17228
7361
262
12382
1797
45881
34600
7
22
11
220
19
11
364
1905
30
32
30
7209
1329
262
220
16
198
262
12382
1797
45881
34600
7
1272
11
220
22
11
364
27708
27708
27708
27708
27708
27708
27708
27708
27708
27708
1329
262
220
8027
16780
21299
198
262
12382
1797
45881
34600
7
868
11
220
20
11
364
1905
57650
27708
27708
7801
1329
262
220
15
198
262
12713
755
1817
73121
997
262
674
3475
5157
505
279
3575
198
262
2105
9322
7
22
11
220
19
11
364
1905
30
32
30
7209
873
624
220
16
198
262
2105
9322
7
1272
11
220
22
11
364
27708
27708
27708
27708
27708
27708
27708
27708
27708
27708
873
624
220
8027
16780
21299
198
262
2105
9322
7
868
11
220
20
11
364
1905
57650
27708
27708
7801
873
624
220
16
198
262
2105
9322
7
1272
11
220
23
11
32167
32
30
33
7801
33
30
33
30
6157
30
32
30
33
7801
33
30
32
34115
33
30
10306
30
33
34115
7209
7801
33
6157
873
624
220
15537
8273
7361
262
674
24086
1296
5157
198
262
2105
9322
7
1041
15
11
220
605
11
74616
353
220
1041
15
8
624
220
17887
19416
21985
198
262
2105
9322
7
1041
15
11
220
24
11
364
33
6
353
220
605
489
364
32
6
353
220
19
489
364
33
6
353
220
18
489
364
32
6
353
220
23
489
364
33
6
489
364
32
6
353
220
20
489
364
33
6
353
220
18
489
364
32
6
489
364
33
6
353
220
19
489
364
32
6
489
364
33
6
353
220
18
489
364
32
6
489
364
33
6
353
220
17
489
364
32
6
489
364
33
6
353
220
1032
489
364
32
6
489
364
33
6
353
220
975
489
364
32
6
353
220
17
489
364
33
6
353
220
17
489
364
32
6
489
364
33
6
353
220
17
489
364
32
6
353
220
17
489
364
33
6
353
220
1032
489
364
32
6
353
220
17
489
364
33
6
353
220
17
489
364
32
6
353
220
17
489
364
33
6
353
220
868
489
364
32
6
353
220
17
489
364
33
6
353
220
17
489
364
32
6
489
364
33
6
353
220
18
489
364
32
6
489
364
33
6
353
220
1114
489
364
32
6
489
364
33
6
353
220
24
489
364
32
6
489
364
33
6
353
220
19
489
364
32
6
489
364
33
6
353
220
806
489
364
32
6
489
364
33
6
353
220
18
489
364
32
6
489
364
33
6
353
220
975
489
364
32
6
489
364
33
6
353
220
19
489
364
32
6
489
364
33
6
353
220
24
489
364
32
6
489
364
33
6
353
220
972
489
364
32
6
489
364
33
6
353
220
1627
489
364
32
6
353
220
17
489
364
33
6
353
220
806
489
364
32
6
489
364
33
6
353
220
21
489
364
32
6
489
364
33
6
353
220
19
489
364
32
6
489
364
33
6
353
220
1627
489
364
32
6
353
220
17
489
364
33
6
353
220
2397
489
364
32
6
489
364
33
6
353
220
17
489
364
32
6
489
364
33
6
353
220
19
489
364
32
6
489
364
33
6
489
364
32
6
489
364
33
6
353
220
17
489
364
32
6
489
364
33
6
353
220
17
489
364
32
6
489
364
33
6
353
220
1591
489
364
32
6
489
364
33
6
353
220
1032
489
364
32
6
489
364
33
6
353
220
777
489
364
32
6
489
364
33
6
353
220
868
489
364
32
6
489
364
33
6
353
220
21
489
364
32
6
489
364
33
6
489
364
32
6
489
364
33
6
353
220
18
489
364
32
6
489
364
33
6
353
220
972
489
364
32
6
353
220
17
489
364
33
6
489
364
32
6
489
364
33
6
353
220
17
489
364
32
6
489
364
33
6
353
220
972
489
364
32
6
489
364
33
6
353
220
975
489
364
32
6
353
220
17
489
364
33
6
353
220
18
489
364
32
6
489
364
33
6
353
220
17
489
364
32
6
353
220
17
489
364
33
6
353
220
605
489
364
32
6
489
364
33
6
353
220
18
489
364
32
6
353
220
20
489
364
33
6
489
364
32
6
489
364
33
6
353
220
18
489
364
32
6
489
364
33
6
353
220
24
489
364
32
6
489
364
33
6
353
220
966
489
364
32
6
489
364
33
6
353
220
1758
489
364
32
6
489
364
33
6
353
220
717
489
364
32
6
489
364
33
6
353
220
17
489
364
32
6
353
220
17
489
364
33
6
489
364
32
6
353
220
17
489
364
33
6
353
220
777
489
364
32
6
489
364
33
6
353
220
20
489
364
32
6
353
220
17
489
364
33
6
489
364
32
6
489
364
33
6
353
220
1187
489
364
32
6
353
220
17
489
364
33
6
489
364
32
6
489
364
33
6
353
220
17
489
364
32
6
489
364
33
6
353
220
1591
489
364
32
6
489
364
33
6
353
220
508
489
364
32
6
489
364
33
6
353
220
1419
489
364
32
6
489
364
33
6
353
220
2148
489
364
32
6
489
364
33
6
353
220
24
489
364
32
6
489
364
33
6
353
220
845
489
364
32
6
489
364
33
6
353
220
1419
489
364
32
6
489
364
33
6
353
220
1187
489
364
32
6
489
364
33
6
353
220
1691
489
364
32
6
489
364
33
6
353
220
845
489
364
32
6
489
364
33
6
353
220
22
489
364
32
6
489
364
33
6
489
364
32
6
489
364
33
6
353
220
17
489
364
32
6
489
364
33
6
353
220
20
489
364
32
6
489
364
33
6
353
220
23
8
624
220
15
198
262
2105
9322
7
1041
15
11
220
17
11
74616
353
220
21
489
364
32
6
489
74616
353
220
22
489
364
32
6
353
220
19
489
74616
353
220
19
489
364
32
6
489
74616
353
220
17
489
364
32
6
489
74616
489
364
32
6
489
74616
353
220
20
489
364
32
6
489
74616
353
220
22
489
364
32
6
353
220
17
489
74616
353
220
23
489
364
32
6
489
74616
489
364
32
6
353
220
17
489
74616
353
220
17
489
364
32
6
489
74616
353
220
605
489
364
32
6
489
74616
353
220
17
489
364
32
6
489
74616
353
220
17
489
364
32
6
489
74616
353
220
18
489
364
32
6
489
74616
353
220
17
489
364
32
6
489
74616
489
364
32
6
489
74616
353
220
19
489
364
32
6
489
74616
353
220
23
489
364
32
6
489
74616
489
364
32
6
489
74616
489
364
32
6
489
74616
353
220
20
489
364
32
6
489
74616
353
220
18
489
364
32
6
489
74616
353
220
806
489
364
32
6
489
74616
353
220
20
489
364
32
6
489
74616
353
220
23
489
364
32
6
489
74616
353
220
20
489
364
32
6
489
74616
489
364
32
6
489
74616
353
220
20
489
364
32
6
489
74616
353
220
605
489
364
32
6
353
220
17
489
74616
489
364
32
6
489
74616
353
220
23
489
364
32
6
489
74616
353
220
17
489
364
32
6
489
74616
353
220
18
489
364
32
6
489
74616
353
220
17
489
364
32
6
489
74616
489
364
32
6
353
220
17
489
74616
353
220
18
489
364
32
6
489
74616
353
220
17
489
364
32
6
489
74616
353
220
18
489
364
32
6
489
74616
353
220
17
489
364
32
6
489
74616
353
220
19
489
364
32
6
489
74616
353
220
22
489
364
32
6
489
74616
353
220
18
489
364
32
6
489
74616
353
220
24
489
364
32
6
489
74616
353
220
21
489
364
32
6
489
74616
489
364
32
6
353
220
18
489
74616
353
220
17
489
364
32
6
489
74616
353
220
18
489
364
32
6
489
74616
353
220
19
489
364
32
6
489
74616
353
220
717
489
364
32
6
489
74616
489
364
32
6
489
74616
353
220
23
489
364
32
6
489
74616
353
220
22
489
364
32
6
353
220
17
489
74616
353
220
20
489
364
32
6
489
74616
489
364
32
6
489
74616
353
220
17
489
364
32
6
489
74616
353
220
21
489
364
32
6
489
74616
353
220
868
489
364
32
6
489
74616
353
220
17
489
364
32
6
489
74616
353
220
19
489
364
32
6
489
74616
353
220
19
489
364
32
6
353
220
17
489
74616
489
364
32
6
489
74616
353
220
18
489
364
32
6
489
74616
489
364
32
6
489
74616
353
220
24
489
364
32
6
489
74616
489
364
32
6
489
74616
353
220
20
489
364
32
6
489
74616
353
220
777
489
364
32
6
489
74616
353
220
20
489
364
32
6
489
74616
353
220
17
489
364
32
6
489
74616
489
364
32
6
353
220
17
489
74616
353
220
21
489
364
32
6
489
74616
353
220
17
489
364
32
6
489
74616
353
220
21
489
364
32
6
489
74616
353
220
20
489
364
32
6
489
74616
353
220
17
489
364
32
6
353
220
17
489
74616
353
220
23
489
364
32
6
489
74616
489
364
32
6
489
74616
489
364
32
6
489
74616
353
220
717
489
364
32
6
353
220
17
489
74616
489
364
32
6
489
74616
353
220
20
489
364
32
6
489
74616
353
220
20
489
364
32
6
489
74616
489
364
32
6
353
220
17
489
74616
353
220
19
489
364
32
6
489
74616
353
220
24
489
364
32
6
489
74616
489
364
32
6
489
74616
353
220
717
489
364
32
6
353
220
17
489
74616
489
364
32
6
489
74616
353
220
717
489
364
32
6
353
220
17
489
74616
353
220
20
489
364
32
6
489
74616
353
220
17
489
364
32
6
353
220
17
489
74616
489
364
32
6
489
74616
489
364
32
6
489
74616
353
220
21
489
364
32
6
353
220
18
489
74616
489
364
32
6
489
74616
353
220
18
489
364
32
6
489
74616
489
364
32
6
489
74616
353
220
24
489
364
32
6
489
74616
353
220
18
489
364
32
6
489
74616
489
364
32
6
489
74616
353
220
18
489
364
32
6
353
220
17
489
74616
489
364
32
6
353
220
17
489
74616
489
364
32
6
489
74616
489
364
32
6
489
74616
489
364
32
6
489
74616
353
220
20
489
364
32
6
489
74616
489
364
32
6
489
74616
353
220
18
489
364
32
6
489
74616
353
220
18
489
364
32
6
489
74616
353
220
17
489
364
32
6
489
74616
489
364
32
6
489
74616
353
220
806
489
364
32
6
353
220
17
489
74616
353
220
23
489
364
32
6
489
74616
353
220
17
489
364
32
6
489
74616
353
220
22
489
364
32
6
489
74616
353
220
18
489
364
32
6
489
74616
353
220
19
489
364
32
6
489
74616
489
364
32
6
489
74616
353
220
22
489
364
32
6
353
220
18
489
74616
353
220
19
489
364
32
6
489
74616
489
364
32
6
489
74616
353
220
17
489
364
32
6
489
74616
353
220
22
489
364
32
6
489
74616
489
364
32
6
489
74616
353
220
23
489
364
32
6
489
74616
353
220
17
489
364
32
6
353
220
17
489
74616
353
220
17
489
364
32
6
489
74616
353
220
18
489
364
32
6
489
74616
353
220
18
489
364
32
6
489
74616
353
220
806
489
364
32
6
489
74616
353
220
17
489
364
32
6
353
220
17
489
74616
489
364
32
6
489
74616
353
220
18
489
364
32
6
489
74616
353
220
24
489
364
32
6
489
74616
353
220
22
489
364
32
6
353
220
19
489
74616
353
220
20
489
364
32
6
489
74616
353
220
19
489
364
32
6
489
74616
353
220
21
489
364
32
6
489
74616
353
220
17
489
364
32
6
489
74616
353
220
20
489
364
32
6
353
220
18
489
74616
353
220
24
489
364
32
6
489
74616
353
220
18
489
364
32
6
489
32167
873
624
220
15
198
262
2105
9322
7
1041
15
11
220
23
11
364
32
6
353
220
1041
15
8
624
220
15
198
262
2105
9322
7
1041
15
11
220
605
11
74616
353
220
1041
15
8
624
220
17887
19416
21985
198
262
2105
9322
7
1041
15
11
220
605
11
74616
353
220
1041
15
8
624
220
17887
19416
21985
198
262
2105
9322
7
1041
15
11
220
23
11
364
33
6
353
220
1041
15
8
624
220
15
198
262
2105
9322
7
20
11
220
20
11
364
6157
30
7209
873
624
220
17
198
262
2105
9322
7
1041
15
11
220
18
11
364
10306
30
33
7801
33
30
10306
33
30
10306
7801
33
7801
10306
34115
10306
27708
34115
33
7801
33
30
33
7801
33
7801
10306
33
30
33
30
10306
27708
33
7801
33
30
33
30
33
30
10306
30
33
27708
30
74542
30
33
34115
10306
27708
30
10306
33
27708
33
27708
33
30
10306
33
30
33
34115
33
27708
33
30
33
34115
33
30
33
34115
33
30
10306
30
10306
30
10306
27708
10306
33
30
33
7801
33
34115
10306
27708
10306
7801
10306
33
27708
7801
74542
30
10306
30
33
27708
10306
30
33
30
10306
33
30
10306
33
7801
10306
30
74542
33
30
10306
30
10306
30
10306
27708
7801
33
30
33
7801
10306
30
10306
33
30
33
7801
33
30
33
34115
33
27708
33
34115
33
30
33
30
74542
33
7801
74542
33
34115
10306
33
7801
33
27708
7801
33
7801
33
30
10306
30
33
30
33
27708
33
30
10306
30
10306
30
33
27708
30
10306
33
7801
10306
33
30
74542
7801
33
27708
10306
33
30
10306
33
27708
33
30
33
27708
10306
7801
10306
33
27708
74542
10306
7801
33
27708
10306
33
7801
10306
33
34115
74542
33
30
10306
33
7801
74542
10306
7801
33
30
10306
7801
33
7801
33
30
33
30
10306
30
33
7801
33
34115
33
30
10306
33
7801
10306
30
10306
27708
10306
33
34115
10306
30
33
30
33
34115
33
7801
33
34115
33
30
10306
33
30
10306
33
30
33
30
74542
30
10306
7801
10306
33
34115
10306
7801
10306
33
34115
33
27708
7801
33
34115
10306
33
27708
30
74542
30
10306
34115
10306
27708
30
74542
7801
10306
33
7801
33
7801
33
7801
33
30
10306
34115
33
7801
33
34115
33
34115
33
7801
33
7801
10306
7801
33
30
10306
30
10306
30
10306
33
30
10306
33
7801
33
34115
33
7801
10306
33
30
10306
30
33
7801
33
30
33
30
74542
33
34115
74542
7801
10306
30
10306
7801
10306
34115
33
30
33
34115
33
7801
10306
30
10306
33
34115
10306
7801
33
34115
33
7801
33
7801
33
30
10306
33
30
33
7801
33
7801
10306
7801
10306
33
34115
33
30
33
30
10306
7801
10306
7801
10306
33
30
10306
30
10306
33
30
10306
30
33
7801
10306
30
10306
30
10306
30
10306
30
10306
34115
74542
33
30
74542
30
33
34115
74542
74542
7801
33
30
33
34115
10306
27708
10306
30
74542
7801
33
27708
74542
10306
7801
10306
7801
33
30
33
7801
10306
27708
33
34115
10306
33
7801
74542
10306
33
30
74542
30
74542
7801
10306
7801
33
30
33
7801
10306
33
7801
33
30
33
30
10306
34115
10306
33
30
33
30
10306
33
7801
10306
30
10306
27708
30
10306
30
10306
34115
74542
7801
10306
34115
33
7801
33
30
10306
30
10306
30
33
30
74542
30
33
30
33
30
33
30
33
7801
10306
30
33
7801
74542
30
33
34115
33
30
33
7801
33
30
10306
30
10306
27708
33
30
10306
30
33
30
33
30
10306
7801
10306
7801
33
30
74542
10306
33
30
10306
873
624
220
15
271
2
5560
1817
11773
45881
34600
8
311
1629
7177
627
74694
100265
198
100264
78191
198
14196
4077
755
374
74410
37158
1175
11
597
997
262
4304
5715
3082
422
39549
259
315
3160
597
374
264
74197
14781
262
4376
284
597
443
220
17
198
262
422
597
1034
220
17
624
220
15
512
286
674
1524
3160
25
1817
1176
323
2132
75212
198
286
369
602
304
2134
3283
3181
997
310
422
259
1004
60
976
259
6874
482
220
16
482
602
10556
394
471
3641
198
262
775
512
286
674
10535
3160
25
10240
6278
3752
198
286
5209
284
597
443
220
17
198
286
369
602
304
2134
3283
3181
997
310
422
259
1004
60
976
259
6874
482
220
16
482
602
10556
394
471
3641
198
262
471
3082
271
755
1817
73121
997
262
274
284
9322
4952
1889
19247
1030
18508
220
674
2057
8819
279
1670
5811
925
364
82
1270
262
674
2030
2533
584
4250
26609
1002
274
6089
304
4725
734
42295
11
584
17631
389
656
302
18450
627
262
674
4452
11
369
6300
8292
1618
11
584
38553
13598
449
279
2728
274
304
279
656
68980
627
262
674
2030
311
3604
1296
304
420
4676
11
584
649
3493
279
8292
12496
3770
627
262
674
578
1925
4623
25
369
1475
3284
14039
315
32167
518
1817
279
925
345
262
674
323
369
1475
3321
315
3160
597
11
1304
2771
7000
374
264
74197
627
262
505
57566
1179
326
2739
11790
271
262
674
8012
264
6636
369
279
10093
315
74616
311
5766
38301
631
287
198
262
308
284
2479
1161
340
262
2874
38319
284
510
72
369
602
11
272
304
13555
1161
8
422
272
624
32167
16049
262
674
57301
1534
13438
311
1797
11709
53947
198
262
571
75
2739
11790
8913
2190
5980
340
262
711
1797
8501
7343
11
1566
12893
3752
11
8521
9774
997
286
674
364
1275
6
374
1510
2361
304
274
198
286
674
364
4354
12893
3752
6
374
279
3752
12146
520
3766
32167
1270
286
674
364
22795
9774
6
374
279
9436
430
374
2736
8521
320
1962
32167
1329
286
674
1226
1205
311
29262
430
304
279
1620
925
11
912
39549
315
3160
597
374
264
74197
271
286
674
12361
315
2539
1203
45653
11
433
596
2731
311
30729
927
682
74616
89493
323
1817
682
597
30425
16146
826
627
286
674
2030
51362
449
22154
2065
4536
956
31439
369
279
22295
927
682
16146
826
627
286
674
12361
11
584
3358
1005
264
2204
5603
369
279
2539
6425
3770
382
262
674
34863
11
1095
596
4305
279
2539
32857
64896
430
14242
279
1566
320
74
12
16
8
5885
311
11388
11091
485
442
288
24392
627
262
674
9393
13598
682
16146
826
374
507
1471
43566
705
323
308
8367
1041
15
16539
8367
605
11
779
220
605
11
931
12621
824
925
374
7060
627
262
674
2100
1095
596
18622
1797
45881
34600
505
19307
304
264
4335
1648
11
1701
420
5603
382
262
674
1226
690
539
15411
279
12496
1618
304
264
538
11
1120
18622
279
734
369
32373
382
262
19186
284
220
19416
13719
17228
271
262
505
42431
1179
2027
271
262
711
374
45881
1175
997
286
674
259
374
264
925
315
3160
308
198
286
369
602
304
2134
7046
1175
8
482
597
489
220
16
997
310
16146
284
259
1004
15007
46555
933
310
422
374
74410
37158
54910
11
597
997
394
471
3641
198
286
471
3082
271
262
674
21153
15285
315
32167
1270
262
2874
18839
284
510
72
369
602
11
272
304
13555
1161
8
422
272
624
32167
4532
262
296
284
2479
10806
18839
340
262
422
296
624
220
15
512
286
674
2360
8545
26076
25
1120
1817
279
925
439
374
198
286
471
220
16
422
374
45881
1161
8
775
220
15
271
262
674
1226
1205
311
1456
682
28559
315
25935
74616
449
364
32
6
477
364
33
1270
262
674
8876
296
2717
220
1041
15
320
8248
597
8367
605
11
308
8367
1041
15
779
296
1436
387
709
311
220
1041
15
11
719
430
596
2288
2466
369
220
17
61
76
340
262
674
4452
11
279
17413
304
279
1296
5157
2997
308
28
1272
11
296
28
1544
902
374
220
17
61
1544
60094
230
16
68
23
902
374
2288
1790
627
262
674
2030
5296
279
3575
2795
597
8367
605
323
308
8367
1041
15
11
719
220
17
61
1041
15
374
12266
11
779
279
1296
5157
2011
617
2678
296
627
262
674
2030
279
2132
1296
706
220
1272
23861
449
220
1544
74616
1492
220
17
61
1544
374
220
9565
44
902
374
2288
1790
369
65198
5457
627
262
674
1226
1205
264
47578
32857
382
262
674
22648
15840
1614
649
387
512
262
674
11581
1004
1483
4354
4803
12
16
38518
1483
10104
60
1405
5292
15151
422
779
3117
904
74197
315
3160
597
1766
198
262
674
2030
311
1304
433
71128
11
584
649
3839
279
1566
320
74
12
16
8
5885
439
264
925
320
4222
597
12
16
340
262
674
2100
1614
374
320
981
11
1566
4803
39557
62
16
38518
11
3958
11173
340
262
674
3958
11173
28
16
422
2736
706
264
74197
3321
271
262
674
9185
198
262
505
15661
1179
44008
198
262
11581
284
44008
1577
340
262
11581
9896
15
11
9158
220
15
7400
284
220
16
220
674
520
2361
220
15
11
912
23861
12146
3686
11
4384
1566
597
12
16
11
539
3958
271
262
369
7335
304
2134
1471
997
286
674
1789
1855
1614
11
1456
311
2035
279
1828
1181
320
50998
8521
274
1004
60
477
362
16675
422
32167
1329
286
502
54972
284
44008
1577
340
286
369
320
981
11
8031
11
3958
705
13497
304
11581
9812
4019
310
674
1510
1181
2671
198
310
422
7335
366
2479
10806
18839
997
394
2874
7406
284
7335
220
674
2876
2771
1198
7344
1205
311
29243
7335
311
2874
18839
2731
5380
394
674
34863
11
584
1205
311
38646
1855
3752
2361
198
394
674
6914
596
4619
6471
927
1855
2361
505
220
15
311
308
12
16
11
323
369
1855
345
394
674
10491
279
1181
311
2035
320
333
8521
11
1193
832
5873
26
422
32167
518
362
477
426
340
394
674
2100
1095
596
312
1816
279
6471
311
387
824
2361
271
262
674
6914
596
17460
8292
449
279
4335
12496
1473
262
711
1797
45881
34600
1471
25
528
11
597
25
528
11
274
25
610
8
1492
528
512
286
19186
284
220
19416
13719
17228
271
286
711
374
74410
485
442
292
10849
997
310
471
1207
624
1207
63254
16
2595
286
711
706
35299
74410
37158
1175
997
310
369
602
304
2134
7046
1175
8
482
597
489
220
16
997
394
422
374
74410
485
442
292
1175
1004
15007
46555
22953
504
471
3082
198
310
471
3641
271
286
674
1442
912
32167
518
1120
1817
279
925
198
286
422
74616
539
304
274
512
310
471
220
16
422
539
706
35299
74410
37158
1161
8
775
220
15
271
286
674
21153
15285
315
32167
1270
286
2874
18839
284
510
72
369
602
11
523
304
13555
1161
8
422
523
624
32167
4532
286
296
284
2479
10806
18839
340
286
422
296
624
220
15
512
310
471
220
15
220
674
40612
18073
3485
271
286
674
1226
1205
311
656
32857
927
279
925
10093
11
10494
3839
315
279
1566
320
74
12
16
8
5885
198
286
674
311
11388
11091
485
442
288
430
1436
387
14454
13696
520
279
1510
2361
627
286
674
3314
25
320
3311
9858
11
1566
4803
39557
62
16
38518
11
374
35299
340
286
674
1566
4803
39557
62
16
38518
25
264
925
315
3160
1332
6097
12
16
11
2736
9277
23861
340
286
674
374
35299
25
220
15
477
220
16
271
286
505
15661
1179
44008
198
286
11581
284
44008
1577
340
286
11581
9896
15
11
9158
220
15
7400
284
220
16
220
674
520
2361
220
15
11
912
23861
9277
11
4384
3925
11
539
3958
271
286
369
1153
304
2134
1471
997
310
502
54972
284
44008
1577
340
310
369
320
10084
6615
11
8031
12473
11
3958
705
5627
304
11581
9812
4019
394
422
8031
6615
976
1153
512
504
3136
220
674
1193
1920
369
1510
1153
198
394
523
11709
284
4260
394
422
274
22376
60
624
32167
3730
504
523
63009
284
2570
32
518
364
33
4532
394
775
512
504
523
63009
284
510
82
22376
43550
394
369
272
304
523
63009
512
504
502
12473
284
8031
12473
198
504
422
2479
1792
12473
8
366
597
482
220
16
512
667
674
1205
311
11262
449
2163
23861
709
311
3160
597
12
16
198
667
674
2567
279
1566
597
12
16
23861
320
5200
502
272
323
6068
279
1176
422
4460
340
667
674
3604
11
10519
502
12473
439
279
1566
320
74
12
16
8
23861
11
779
512
667
502
12473
284
320
943
12473
489
272
85662
74
12
16
60
422
2479
1792
12473
8
366
597
12
16
775
502
12473
58
16
29383
489
272
198
504
775
512
667
502
12473
284
502
12473
58
16
29383
489
272
220
674
923
502
1181
311
842
11
6068
1176
271
504
674
1817
422
25012
420
1181
11384
264
74197
13696
520
1153
198
504
674
279
3321
315
3160
597
13696
520
1153
374
274
22376
12934
10
16
551
1153
10
16
60
320
333
304
2134
340
504
1212
284
1973
7
15
11
1153
482
597
489
220
16
340
504
3321
284
274
29563
551
1153
10
16
933
504
674
2030
2533
584
527
4857
279
925
11
279
23861
1603
1212
1253
387
3977
320
1527
32167
1329
504
674
2100
4619
11
584
1205
311
3839
279
2539
925
709
311
1153
5380
504
674
1115
9221
6485
26
4619
11
1095
596
994
4857
279
2539
925
11
1306
682
11709
11
1817
627
504
674
39578
11
2533
597
374
2678
11
584
649
1306
682
74616
527
12860
11
1817
279
4459
925
627
504
674
2030
449
220
1041
15
3160
323
1690
32167
518
220
17
61
76
374
2288
2466
382
504
674
2100
1095
596
4619
656
420
25
15716
584
527
520
2361
1153
11
323
617
264
925
9436
345
504
674
584
649
1817
682
11276
430
842
520
1153
320
333
904
8
311
1518
422
814
2351
11091
485
442
288
627
504
674
4452
11
311
656
430
304
32857
584
1205
311
6920
279
2539
925
9436
477
520
3325
279
1566
597
12
16
23861
489
279
2539
1817
374
2653
382
504
674
16644
892
11
279
10825
6425
374
311
7068
682
3284
9246
555
25935
74616
320
652
37119
369
2678
296
1350
504
674
1243
1797
279
1695
6305
13
578
7177
617
2678
3403
296
320
68
1326
13
220
1544
304
832
1162
719
7344
539
369
2539
220
1041
15
1350
504
674
719
279
6205
449
220
1272
23861
323
220
1544
74616
374
220
17
61
1544
902
374
220
9565
3610
1389
2643
387
89614
304
5468
783
719
8530
279
1296
25283
279
65198
5457
382
504
674
6914
596
656
279
65198
5457
439
433
596
45648
323
16609
279
656
302
18450
382
504
502
2966
284
1160
1161
340
504
369
602
304
2874
18839
25
220
674
420
374
539
824
34624
11
779
420
374
539
4228
198
667
674
34863
11
584
1205
311
7068
682
32272
198
504
674
2100
1095
596
4619
656
65198
5457
449
2027
369
364
32
6
11576
33
6
369
1855
32167
1270
504
674
7531
279
15285
315
32167
1270
504
2874
7406
2062
284
510
72
369
602
11
523
304
13555
1161
8
422
523
624
32167
4532
504
2874
6171
284
2479
10806
7406
2062
340
504
1797
284
220
15
198
504
369
9660
304
2027
493
1905
518
13454
64148
6171
997
667
674
8012
279
925
198
667
23861
284
1160
1161
340
667
369
503
11
7335
304
13555
10806
7406
2062
997
1014
422
9660
3894
60
624
364
32
3730
1408
23861
11858
60
284
364
32
1270
1014
775
512
1408
23861
11858
60
284
364
33
1270
667
259
284
43963
6115
77306
340
667
422
539
706
35299
74410
37158
1175
997
1014
1797
1447
220
16
198
504
471
1797
1034
19186
271
286
674
578
3485
374
539
304
264
2035
481
734
11
779
1618
374
279
4495
8292
1473
262
674
15636
11
279
4495
323
3318
8292
315
1797
45881
34600
374
439
11263
1473
755
1797
45881
34600
1471
25
528
11
597
25
528
11
274
25
610
8
1492
528
512
262
19186
284
220
19416
13719
17228
271
262
711
374
74410
485
442
292
5341
928
1175
25
610
11
326
25
528
11
436
25
528
8
1492
1845
512
286
674
4343
39549
259
17296
68459
10
16
60
320
15
6108
11
29408
436
340
286
1418
436
482
326
489
220
16
366
597
512
310
326
1447
220
16
198
310
436
6110
220
16
220
674
2876
4460
422
2744
12579
4495
3160
11
719
387
6220
198
286
1207
284
259
17296
89497
46555
933
286
471
1207
624
1207
63254
16
2595
262
711
706
35299
74410
37158
1175
25
610
8
1492
1845
512
286
369
602
304
2134
7046
1175
8
482
597
489
220
16
997
310
422
374
74410
485
442
292
5341
928
1175
11
602
11
602
489
597
482
220
16
997
394
471
3082
198
286
471
3641
271
262
674
1442
912
32167
518
1120
1817
279
925
198
262
422
74616
539
304
274
512
286
471
220
16
422
539
706
35299
74410
37158
1161
8
775
220
15
271
262
2874
18839
284
510
72
369
602
11
523
304
13555
1161
8
422
523
624
32167
4532
262
296
284
2479
10806
18839
340
262
505
42431
1179
2027
198
262
2860
284
220
15
198
262
674
1789
1855
16720
315
362
16675
311
279
32167
1270
262
369
16720
304
2027
493
1905
518
13454
28320
997
286
23861
284
1160
1161
340
286
369
7335
11
523
304
10521
10806
18839
11
16720
997
310
23861
11858
60
284
523
198
286
9322
2966
284
43963
6115
77306
340
286
422
539
706
35299
74410
37158
73121
2966
997
310
2860
1447
220
16
198
262
471
2860
1034
19186
271
2
4800
11
311
15411
279
4113
734
449
420
8292
1418
539
31687
279
7177
345
2
584
656
1473
755
1797
45881
34600
18377
96608
1471
25
528
11
597
25
528
11
274
25
610
8
1492
528
512
262
674
1115
374
279
5150
8292
584
690
3493
311
8454
279
4113
198
262
19186
284
220
19416
13719
17228
198
262
711
374
74410
10849
997
286
471
1207
624
1207
63254
16
933
262
711
706
74410
37158
1175
997
286
369
602
304
2134
7046
1175
8
482
597
489
220
16
997
310
422
374
74410
1175
1004
15007
46555
22953
394
471
3082
198
286
471
3641
198
262
422
74616
539
304
274
512
286
471
220
16
422
539
706
74410
37158
1161
8
775
220
15
198
262
2874
6495
284
510
72
369
602
11
272
304
13555
1161
8
422
272
624
32167
4532
262
296
284
2479
10806
6495
340
262
505
42431
1179
2027
198
262
13497
284
220
15
198
262
369
23569
304
2027
493
1905
518
13454
28320
997
286
2961
284
1160
1161
340
286
369
7335
11
523
304
10521
10806
6495
11
23569
997
310
2961
11858
60
284
523
198
286
259
284
43963
6115
11179
340
286
422
539
706
74410
37158
1175
997
310
13497
1447
220
16
198
262
471
13497
1034
19186
271
2
4800
11
311
1304
2771
433
16609
279
7177
323
9248
279
4113
12223
4733
928
345
2
323
2533
279
3575
1071
539
311
5719
279
7177
11
584
8454
279
4113
734
449
279
3485
627
14196
4077
100265
198
100264
882
271
7927
3766
4879
4745
279
7177
13
5810
596
279
1493
512
220
2958
36674
56
53
19
37559
26758
92216
89
7345
498
1584
220
1399
198
262
274
284
9322
4952
1889
19247
1030
18508
220
674
2057
8819
279
1670
5811
925
364
82
1270
4700
6440
62824
62824
198
34990
1480
25
8482
20047
14963
1271
312
42612
11
420
374
701
3465
25
4557
279
2768
734
12223
323
4733
928
11
7373
4305
279
734
7633
323
1522
682
279
7177
13
3146
5989
4276
70765
3247
13916
50
13
57277
2675
1288
15411
279
2082
499
11041
304
264
67859
2082
2565
320
817
10103
33981
320
20670
690
33316
279
4113
5865
8
100265
198
100264
78191
198
14196
4077
755
1797
45881
34600
1471
25
528
11
597
25
528
11
274
25
610
8
1492
528
512
262
3270
262
16644
264
925
274
315
3160
308
320
6387
11330
315
364
32
518
364
33
518
323
32167
4670
1797
279
1396
315
5627
311
8454
1855
74616
449
3060
364
32
6
477
364
33
6
1778
430
279
13239
925
1587
4276
6782
904
11091
485
442
292
39549
315
3160
597
382
262
362
925
374
330
19045
1
422
912
67603
39549
315
3160
597
374
264
74197
1306
682
54155
627
262
578
1121
374
2728
60964
220
19416
13719
17228
382
262
18161
512
286
308
320
396
1680
17736
315
279
925
320
17
2717
597
2717
308
2717
220
1041
15
340
286
597
320
396
1680
17736
315
16146
826
311
1817
369
11091
485
442
288
320
16
2717
597
2717
220
605
340
286
274
320
496
1680
578
1988
925
449
5885
364
32
518
364
33
518
323
32167
3961
262
5295
512
286
528
25
5742
315
1695
9246
60964
220
19416
13719
17228
198
262
3270
262
19186
284
220
19416
13719
17228
271
262
711
374
74410
37158
10849
997
286
4304
4061
422
1207
320
4222
597
8
374
264
74197
14781
286
471
1207
624
1207
63254
16
2595
262
711
706
35299
74410
485
442
288
1175
25
610
8
1492
1845
512
286
4304
5715
3082
422
904
39549
315
3160
597
374
264
74197
14781
286
369
602
304
2134
7046
1175
8
482
597
489
220
16
997
310
422
374
74410
37158
1175
1004
15007
489
597
22953
394
471
3082
198
286
471
3641
271
262
674
1442
1070
527
912
32167
518
1120
1817
279
1510
925
198
262
422
74616
539
304
274
512
286
471
220
16
422
539
706
35299
74410
485
442
288
1161
8
775
220
15
271
262
2874
18839
284
510
72
369
602
11
523
304
13555
1161
8
422
523
624
32167
4532
262
296
284
2479
10806
18839
696
262
505
42431
1179
2027
198
262
2860
45881
284
220
15
271
262
674
14416
59768
682
28559
315
364
32
6
11576
33
6
369
279
32167
1270
262
369
16720
304
2027
493
1905
518
13454
28320
997
286
674
8012
279
9322
925
198
286
23861
284
1160
1161
340
286
369
7335
11
1181
304
10521
10806
18839
11
16720
997
310
23861
11858
60
284
1181
198
286
9322
284
43963
6115
77306
340
286
422
539
706
35299
74410
485
442
288
73121
997
310
2860
45881
1447
220
16
271
262
471
2860
45881
1034
19186
198
14196
4077
100265
198
100264
882
271
7927
3766
4879
4745
279
7177
13
5810
596
279
1493
512
24003
364
83154
70515
2013
1462
77856
18626
815
32636
7791
1480
6404
7498
26245
704
1306
220
966
6622
1038
1271
312
42612
11
420
374
701
3465
25
4557
279
2768
734
12223
323
4733
928
11
7373
4305
279
734
7633
323
1522
682
279
7177
13
3146
5989
4276
70765
3247
13916
50
13
57277
2675
1288
15411
279
2082
499
11041
304
264
67859
2082
2565
320
817
10103
33981
320
20670
690
33316
279
4113
5865
8
100265
198
100264
78191
198
40
1518
279
3575
25
578
65198
81149
5603
449
1595
275
37416
12377
63
374
2288
6435
369
3544
5219
315
32167
518
902
374
3249
279
1296
449
220
1272
23861
323
220
1544
74616
320
17
61
1544
24525
8
374
22109
4245
311
9829
477
27639
892
13
4452
11
279
3575
17413
527
2678
369
597
38394
220
605
323
308
38394
220
1041
15
304
279
7177
11
719
1690
315
279
1296
5157
527
6319
311
8631
420
4839
65198
81149
5603
1606
279
4320
374
3967
320
20670
2351
1701
279
4320
304
279
1296
3677
4071
279
3575
25283
459
11297
8915
15840
6425
4856
1109
65198
5457
382
10267
596
4305
459
11297
32857
1473
1687
690
3839
279
1566
320
74
12
16
8
5885
320
300
264
925
315
3160
1332
6097
12
16
11
1510
2361
5850
323
3508
264
3958
74197
706
2736
10222
13
9393
597
38394
220
605
11
279
1614
3634
374
320
77
8
353
320
17
13571
74
12
16
595
353
220
17
902
374
520
1455
220
1041
15
353
220
17
61
24
353
220
17
284
220
1041
15
353
220
8358
353
220
17
21784
230
220
16
11
931
11
931
5415
11
902
374
22281
382
8586
374
279
11297
8292
430
690
1522
682
7177
1473
14196
4077
755
1797
45881
34600
1471
25
528
11
597
25
528
11
274
25
610
8
1492
528
512
262
19186
284
220
19416
13719
17228
271
262
674
13202
311
1817
422
264
39549
315
3160
597
320
40389
520
1212
8
304
259
374
264
74197
198
262
711
374
74410
10849
997
286
471
1207
624
1207
63254
16
2595
262
711
706
74410
37158
1175
997
286
369
602
304
2134
7046
1175
8
482
597
489
220
16
997
310
422
374
74410
1175
1004
15007
489
597
22953
394
471
3082
198
286
471
3641
271
262
674
22648
39524
512
262
674
11581
1004
1483
4354
1483
14176
60
284
1396
315
5627
311
5266
10093
366
602
198
262
674
1566
25
925
315
279
1566
320
74
12
16
8
5885
320
1527
279
842
7119
279
1212
340
262
674
3958
25
220
15
14
16
19392
422
264
37913
74197
706
10222
779
3117
198
262
674
1226
1920
2163
311
1314
11
719
1205
311
1440
279
1566
597
12
16
5885
369
3938
74197
12621
271
262
674
4452
11
11091
485
442
288
649
1212
12660
11
779
584
2011
3839
279
2539
1566
320
74
12
16
8
23861
52287
505
279
2163
627
262
674
34863
11
994
7999
264
502
3752
520
2361
1153
11
279
1566
320
74
12
16
8
23861
13696
520
1153
527
4460
369
3938
11276
627
262
674
2100
584
649
4097
279
1614
439
512
262
674
11581
22376
1483
4354
4803
39557
62
16
1483
14176
60
1405
1566
4803
39557
62
16
374
264
925
315
3160
1332
6097
12
16
11
1153
8
320
906
11262
389
279
2163
449
2290
477
4384
925
311
2744
2567
3160
597
12
16
696
262
674
1789
40075
323
1606
597
38394
220
605
11
584
3358
2567
330
4354
1
439
264
925
315
8521
3160
320
74
12
16
705
5413
449
264
81878
422
4460
320
68
1326
13
4384
925
2163
2320
17249
340
262
674
6914
596
1005
264
11240
369
32857
311
387
19303
382
262
505
15661
1179
44008
271
262
674
4220
1614
25
2361
482
16
320
15145
1212
705
4384
1566
597
12
16
23861
11
539
3958
198
262
11581
284
44008
1577
340
262
11581
9896
15
11
9158
220
15
7400
284
220
16
220
674
320
3311
3644
11
1566
4803
39557
62
16
11
3958
11173
696
262
369
602
304
2134
1471
997
286
502
54972
284
44008
1577
340
286
369
320
2407
7406
11
1566
11
3958
705
5627
304
11581
9812
4019
310
422
2917
7406
976
602
512
394
3136
220
674
8442
1920
369
1510
2361
602
198
310
674
2175
279
1510
1181
2671
198
310
422
274
1004
60
624
32167
3730
394
11709
284
2570
32
518
364
33
4532
310
775
512
394
11709
284
510
82
1004
43550
310
674
5666
279
1566
597
12
16
23861
25
994
7366
311
602
11
279
502
1566
597
12
16
690
387
320
10084
12473
58
16
29383
489
272
8
422
2479
24246
8
2669
597
12
16
775
320
66
489
1566
8
422
2479
27
597
12
16
719
584
3358
2567
1566
8521
311
3160
597
12
16
555
5413
2163
449
4384
198
310
674
1226
3358
10519
1566
2744
439
3160
597
12
16
11
2163
2320
17249
449
4384
925
198
310
369
523
304
11709
512
394
674
8012
502
1566
925
198
394
422
2479
24246
8
2669
597
482
220
16
512
504
502
12473
284
1566
58
16
29383
489
523
220
674
6068
1176
11
923
523
520
842
198
394
775
512
504
674
1789
2926
7504
11
1603
3515
597
12
16
23861
11
11262
2163
449
4384
198
504
502
12473
284
523
489
1566
220
674
1243
1935
1566
597
12
16
198
504
674
34863
11
2744
11262
311
597
12
16
389
2163
449
4384
198
504
502
12473
284
320
331
489
1566
93478
320
74
482
220
16
1680
60
422
2479
7672
489
1566
8
2669
597
482
220
16
775
523
489
1566
220
674
719
369
1176
2478
7504
11
1120
1977
323
16363
198
394
674
39578
11
2567
502
12473
439
279
1566
320
74
12
16
8
23861
505
279
1510
2361
29512
198
394
674
578
2539
925
5918
779
3117
709
311
602
374
539
9967
11
719
311
1817
369
502
11091
485
442
288
13696
520
602
11
584
1205
311
1440
279
1566
320
74
12
16
8
5885
1603
602
320
16564
279
502
832
340
394
674
4452
11
311
11388
11091
485
442
288
13696
520
602
11
584
1427
520
3321
510
72
12934
10
16
551
602
10
16
60
320
333
2764
570
2030
2533
584
2351
4857
279
925
505
2163
311
1314
323
279
74616
649
387
12660
11
584
1205
311
3839
279
2539
3284
21166
430
1436
7958
3938
11091
485
442
288
627
394
674
34863
11
264
2731
1648
374
311
6920
279
2539
925
779
3117
709
311
602
439
264
4240
11
719
430
596
507
1471
8
824
1614
902
374
2288
6435
13
2100
1095
596
1005
279
20616
430
13598
682
11276
1306
279
2144
374
13890
311
279
65198
5457
11
719
584
1205
311
656
2731
382
394
674
12361
11
994
25012
3752
520
2361
602
11
279
1193
502
74197
430
1436
387
14454
520
420
3094
374
279
3321
13696
520
602
315
3160
597
320
333
602
2669
74
12
16
340
394
674
2057
1817
430
11
584
1205
279
39549
505
602
482
74
489
16
311
602
320
333
8581
570
2030
2533
584
2351
4857
279
925
323
1063
10093
527
3977
4417
30
4670
584
649
956
1440
279
4839
39549
7389
584
3839
279
11709
382
394
674
578
4495
323
5410
1648
369
1521
13124
315
5435
374
311
11
369
279
32857
1614
11
2567
279
1566
320
74
12
16
8
5885
12146
320
300
264
925
8
323
279
3958
5292
627
394
674
3277
7999
264
502
3752
272
520
2361
602
11
279
502
1566
320
74
12
16
8
23861
527
320
4354
58
16
29383
489
272
8
422
2479
24246
8
624
597
12
16
775
320
66
489
1566
8
422
2479
27
597
12
16
719
584
3358
11262
311
597
12
16
389
279
2163
449
4384
925
627
394
674
2057
1817
369
74197
13696
520
602
11
2980
279
3321
6041
520
1973
7
15
11
602
12934
10
16
8
311
602
11
719
279
2163
961
1253
387
9987
422
264
74616
574
1070
13
2100
420
5603
1253
3194
1063
5157
382
394
674
16644
892
17413
323
430
279
65198
5457
16609
279
2728
656
302
18450
320
17206
3582
433
596
6435
369
3544
296
705
323
430
279
11913
4762
5829
2678
296
304
8340
7177
11
584
9396
311
279
3766
320
1347
1088
81149
8
719
30536
264
2766
555
1701
4216
38001
304
279
6471
422
264
74197
374
1766
382
286
674
4452
11
279
4495
11297
32857
369
420
3230
74197
65411
374
2536
10398
27756
323
3966
311
3839
11
369
1855
3321
11
279
2631
3752
17413
13
39578
11
584
649
1005
28286
10397
9134
11
719
433
596
6485
382
286
674
34863
11
1306
5403
279
3575
17413
320
74
2717
605
705
264
3449
3502
10826
51167
477
1203
45653
449
22154
2065
389
279
1566
597
5885
374
3284
719
2103
6485
382
286
674
1789
279
7580
315
12579
682
279
2728
7177
11
323
2533
279
6205
449
220
1272
23861
323
220
1544
74616
374
304
279
656
68980
323
279
3685
4320
374
3984
320
8027
16780
21299
705
584
649
4305
279
32857
430
14242
279
1566
320
74
12
16
8
5885
323
279
3958
5292
439
3770
11
902
690
990
369
682
279
3984
7177
2737
279
2466
832
1606
433
5829
3698
17720
532
26060
2085
10363
1113
682
9246
382
286
674
6914
596
1456
264
32857
430
520
1855
3094
8964
279
1566
320
74
12
16
8
5885
320
300
264
925
315
3160
597
12
16
11
2163
2320
17249
449
4384
8
323
3508
264
3958
74197
706
1027
3970
382
286
674
3314
25
11581
1004
1483
4354
1483
14176
60
1405
602
374
1510
1963
320
15
497
77
705
1566
374
925
315
3160
597
12
16
320
2414
2320
17249
705
3958
374
220
15
14
16
271
286
674
40367
512
286
674
13538
2361
220
15
11
1566
374
4384
925
11
3958
28
15
11
220
16
1648
198
286
11581
284
4416
15873
15
369
721
304
2134
7
17
7400
369
721
304
2134
6097
7400
369
721
304
2134
6097
7400
369
1328
304
2134
1471
10
16
5680
286
674
2582
1005
264
11240
369
993
71980
11
719
369
597
8367
605
323
308
8367
1041
15
433
596
220
1041
15
9
17
61
24
9
17
284
220
16
68
21
5415
902
374
7060
449
11725
382
286
674
34863
11
1095
596
656
433
449
220
18
35
1160
25
11581
1004
1483
4354
7406
1483
14176
60
1405
1566
7406
11105
279
1566
597
12
16
23861
439
459
7698
320
3231
12
17
11
597
12
16
9660
705
3958
220
15
14
16
198
286
674
1566
7406
25
220
15
311
220
17
13571
74
12
16
7435
16
198
286
11581
284
47827
15
8632
17
369
721
304
2134
7
16
1134
320
74
12
16
82494
369
721
304
2134
1471
10
16
28871
286
674
9185
198
286
11581
58
15
1483
15
1483
15
60
284
220
16
220
674
520
1963
482
16
320
15145
1212
705
1566
7406
28
15
320
3274
705
539
3958
271
286
369
602
304
2134
1471
997
310
369
1566
304
2134
7
16
1134
320
74
12
16
10162
394
369
3958
304
510
15
11
16
10556
504
1062
284
11581
1004
1483
4354
1483
14176
933
504
422
1062
624
220
15
512
667
3136
198
504
422
274
1004
60
976
32167
3730
667
272
284
274
1004
933
504
775
512
667
369
523
304
2570
32
1882
33
18888
1014
502
669
284
523
198
1014
674
5666
1566
320
74
12
16
8
23861
25
6541
2163
323
923
502
669
320
14500
1566
311
925
11
719
584
3358
656
99070
340
1014
674
7316
1566
311
264
925
315
3160
597
12
16
11
2163
2320
17249
198
1014
674
6914
596
2567
3839
315
279
5150
925
4619
369
40075
304
2082
198
1014
674
2100
8530
2731
311
1005
264
6587
369
1566
439
925
198
1014
674
16644
892
11
358
3358
42228
311
279
3318
65198
81149
449
459
26329
25
1464
4216
422
264
74197
374
1766
304
279
9322
925
2391
8246
11
311
5766
7373
4857
279
925
422
433
596
2736
3958
382
310
674
1115
374
3794
2288
6485
26
279
11913
4461
25283
279
65198
81149
719
34440
449
4216
38001
304
279
6471
198
310
674
2100
1618
374
459
34440
65198
81149
430
22890
279
925
3094
555
3094
323
11578
82
422
264
74197
374
1766
4216
304
279
3321
271
262
674
13321
15325
5603
25
7068
279
925
2163
311
1314
11
719
520
1855
3094
11
1306
21973
279
1510
2361
11
1817
279
1566
597
5885
311
1518
422
814
1376
264
74197
320
333
602
2669
74
12
16
570
1442
779
11
10936
420
1853
627
262
674
7429
11
369
32167
518
584
649
656
57483
449
86292
382
262
674
6914
596
656
264
31919
57483
449
22154
2065
389
279
10093
315
74616
323
279
1566
320
74
12
16
8
5885
489
3958
5292
382
262
505
57566
1179
326
2739
11790
271
262
571
75
2739
11790
8913
2190
5980
340
262
711
26877
12539
11
1566
11
3958
11
2874
6495
5011
11
2874
6495
6345
997
286
674
1153
25
1510
1963
304
274
198
286
674
1566
25
14743
315
1566
597
12
16
23861
320
300
925
705
477
4384
422
539
3403
198
286
674
3958
25
220
15
14
16
198
286
674
2874
6495
5011
11
2874
6495
6345
25
15285
304
2874
18839
1160
12435
311
9861
32167
1270
286
422
1153
624
308
512
310
471
220
16
422
539
3958
775
220
15
198
286
2860
284
220
15
198
286
422
2874
6495
5011
871
2874
6495
6345
512
310
674
2360
810
32167
518
1120
1817
369
11091
485
442
288
304
8521
925
320
8248
584
1288
617
10273
3235
279
1648
340
310
674
2030
311
387
6220
198
310
259
284
274
3530
981
933
310
674
34863
11
584
1288
617
1027
13598
520
1855
3094
11
719
369
80414
198
310
422
539
706
35299
74410
485
442
288
1175
997
394
471
220
16
198
310
775
512
394
471
220
15
198
286
7335
284
1153
220
674
1510
1181
304
274
198
286
422
274
11858
60
976
32167
3730
310
523
284
274
11858
933
286
775
512
310
369
272
304
364
1905
3730
394
502
35299
284
3958
477
320
4752
35299
74410
37158
3837
12212
12539
11
1566
11
272
11
597
1192
394
674
1205
734
706
35299
74410
37158
3837
12212
198
394
674
2057
1817
422
25012
272
520
1153
11705
264
74197
13696
520
1153
320
333
1153
2669
74
12
16
340
394
422
1153
2669
597
482
220
16
512
504
674
279
3321
374
505
1153
482
74
489
16
311
1153
198
504
1212
284
1973
7
15
11
1153
482
597
489
220
16
340
504
3321
284
274
29563
25
981
10
16
60
220
674
719
274
29563
60
1253
387
74616
902
374
539
3686
20250
304
57483
4999
504
674
763
57483
11
584
527
25012
5885
779
584
649
9855
430
369
10093
366
1153
11
814
527
8521
198
504
674
34863
11
420
374
6485
11
779
8530
1193
1817
994
682
74616
1603
527
20250
627
504
674
39578
11
304
420
57483
584
527
21973
74616
304
279
2015
315
279
925
11
779
369
10093
366
1153
11
814
527
743
627
504
674
2030
420
374
539
279
1162
422
74616
527
38067
627
504
674
1115
5603
374
1193
6220
422
584
1920
304
2015
323
279
74616
527
10409
304
2015
315
279
925
627
504
674
578
4382
323
4495
1648
25
1193
1306
682
74616
527
12860
649
584
1817
11
719
1243
584
527
1203
311
65198
5457
627
504
674
2100
2728
892
11
279
1888
374
311
1005
279
65198
81149
449
459
4216
1817
304
279
6471
422
904
74197
374
1766
304
279
7276
925
709
311
1457
627
504
674
6914
596
539
927
5807
49895
25
1005
279
3766
65198
81149
719
20037
304
264
734
430
596
34440
449
15061
4216
304
706
35299
74410
485
442
288
320
8370
690
2875
1824
38368
439
5246
439
264
74197
374
1766
696
262
674
16644
279
892
11
358
690
3493
279
3318
65198
81149
449
279
11297
706
35299
74410
485
442
288
320
8370
18808
4216
705
323
3987
430
279
11913
596
1296
5157
449
3544
296
527
539
3604
1629
320
269
430
220
17
61
76
374
2678
304
872
8340
7177
3677
262
674
578
2768
374
279
4495
323
3318
2082
430
16609
279
2728
656
302
18450
323
374
279
1455
11297
584
649
656
2085
264
2539
32857
430
596
2288
6485
311
5052
1618
627
262
674
1102
5829
2027
719
18808
4216
304
706
35299
74410
485
442
288
779
433
3250
956
7373
1977
279
925
422
264
74197
374
1766
4216
304
279
1817
382
262
505
42431
1179
2027
198
262
505
57566
1179
326
2739
11790
271
262
711
706
35299
74410
485
442
288
1175
997
286
674
356
613
830
1142
2373
369
4732
198
286
571
75
2739
11790
8913
2190
5980
340
286
711
1817
1998
11
597
62
997
310
369
1212
304
2134
1998
482
597
62
489
220
17
11
602
489
220
16
1680
220
674
539
4460
11
1120
6471
14614
198
394
674
5410
1648
512
394
369
326
304
2134
7046
1175
8
482
597
62
489
220
16
997
504
422
259
17296
89497
46555
75927
624
259
17296
89497
46555
62
1483
41735
16
10556
667
471
3082
198
310
471
3641
198
286
471
706
35299
74410
485
442
288
65469
1175
11
597
696
262
711
706
35299
74410
485
442
288
65469
1175
11
597
62
997
286
674
5075
28806
682
16146
826
477
1120
1817
389
279
11722
198
286
369
326
304
2134
7046
1175
8
482
597
62
489
220
16
997
310
16146
284
259
17296
89497
46555
62
933
310
422
16146
624
16146
63254
16
10556
394
471
3082
198
286
471
3641
271
262
674
2030
311
4732
709
279
9358
6471
11
584
649
1304
374
74410
264
21224
734
198
262
711
374
74410
5341
10849
997
286
471
1207
624
1207
63254
16
2595
262
674
4800
279
1925
734
512
262
711
1797
45881
34600
1471
11
597
11
274
997
286
19186
284
220
19416
13719
17228
198
286
597
62
284
597
198
286
422
74616
539
304
274
512
310
471
220
16
422
539
706
35299
74410
485
442
288
1161
8
775
220
15
198
286
2874
18839
284
510
72
369
602
11
272
304
13555
1161
8
422
272
624
32167
4532
286
296
284
2479
10806
18839
340
286
2860
284
220
15
198
286
674
5560
13555
311
636
15285
369
279
2027
198
286
369
16720
304
2027
493
1905
518
13454
28320
997
310
23861
284
1160
1161
340
310
369
602
11
7335
304
13555
10806
18839
997
394
23861
11858
60
284
16720
1004
933
310
259
284
43963
6115
77306
340
310
674
23591
1817
25
422
904
3321
315
3160
597
374
74197
11
10936
198
310
3958
284
3641
198
310
369
326
304
2134
7046
1175
8
482
597
62
489
220
16
997
394
422
259
17296
89497
46555
75927
624
259
17296
89497
46555
62
1483
41735
16
10556
504
3958
284
3082
198
504
1464
198
310
422
539
3958
512
394
2860
1447
220
16
198
286
471
2860
1034
19186
271
262
674
4800
11
471
279
34440
2373
439
279
14039
734
198
262
471
1797
45881
34600
18377
96608
1471
11
597
11
274
696
2
2030
311
49553
311
279
16686
315
927
26372
279
4113
734
449
264
3254
2082
2565
11
1618
433
374
1473
755
1797
45881
34600
1471
25
528
11
597
25
528
11
274
25
610
8
1492
528
512
262
19186
284
220
19416
13719
17228
271
262
711
374
74410
10849
997
286
471
1207
624
1207
63254
16
2595
262
711
706
35299
74410
37158
1175
25
610
8
1492
1845
512
286
674
4343
682
16146
826
315
3160
597
304
259
198
286
369
602
304
2134
7046
1175
8
482
597
489
220
16
997
310
422
374
74410
1175
1004
15007
489
597
22953
394
471
3082
198
286
471
3641
271
262
422
74616
539
304
274
512
286
674
2360
8545
26076
25
1120
1817
279
8521
925
198
286
471
220
16
422
539
706
35299
74410
37158
1161
8
775
220
15
271
262
2874
18839
284
510
72
369
602
11
523
304
13555
1161
8
422
523
624
32167
4532
262
296
284
2479
10806
18839
696
262
505
42431
1179
2027
198
262
2860
45881
284
220
15
198
262
674
55440
927
682
3284
54155
315
32167
1270
262
369
23569
304
2027
493
1905
518
13454
28320
997
286
23861
284
1160
1161
340
286
369
7335
11
523
304
10521
10806
18839
11
23569
997
310
23861
11858
60
284
523
198
286
9322
284
43963
6115
77306
340
286
674
23591
4974
422
74197
1766
304
904
3321
198
286
1695
284
3082
198
286
369
602
304
2134
7046
73121
8
482
597
489
220
16
997
310
422
374
74410
73121
1004
15007
489
597
22953
394
1695
284
3641
198
394
1464
198
286
422
1695
512
310
2860
45881
1447
220
16
198
262
471
2860
45881
1034
19186
198
14196
4077
2028
2082
1288
1457
1522
682
279
3984
656
302
18450
11
2737
279
3544
832
320
1272
23861
449
220
1544
32167
4670
1606
8051
433
596
32654
507
7
17
61
76
705
279
1296
1162
25283
279
3230
4320
320
8027
16780
21299
705
323
279
8292
374
439
11297
439
3284
449
4216
15061
304
279
74197
1817
13
763
6725
11
1690
32272
690
387
550
49983
1603
7373
38663
279
4459
925
422
264
74197
374
1766
4216
382
2028
8292
7041
11263
279
1424
323
1288
1522
682
279
7177
2085
47141
279
7177
5694
13
100265
198