100264
882
198
4518
279
2768
734
12223
323
4733
928
11
7373
4305
279
734
7633
323
1522
682
279
7177
13
3146
5989
4276
70765
3247
13916
50
13
57277
2675
1288
15411
279
2082
499
11041
304
264
67859
2082
2565
320
817
10103
33981
320
20670
690
33316
279
4113
5865
696
14196
4077
1527
20061
1179
1796
1432
755
1797
8501
34600
17155
25
528
11
356
25
1796
19155
2526
1492
528
512
262
4304
4605
279
1396
315
9246
31706
315
40582
6498
12197
449
3160
1990
720
262
220
16
323
735
320
99461
8
430
27651
279
2768
3044
25
369
1855
6661
320
32
28
15
11
426
28
16
11
61453
1901
28
914
1350
262
279
1396
315
57115
304
279
925
374
520
1455
356
1004
27218
1084
262
3494
279
1797
60964
220
19416
13719
17228
627
1084
262
18161
512
286
735
25
27697
3160
315
9246
311
2980
320
16
2717
735
2717
220
1041
15
340
286
356
25
1796
315
220
1627
26864
1405
356
1004
60
374
279
7340
5535
57115
315
279
602
7716
6661
198
310
320
15
2717
356
1004
60
2717
220
1041
15
340
1084
262
5295
512
286
578
1396
315
2764
9246
60964
220
19416
13719
17228
7361
262
12382
1797
8501
34600
7
17
11
510
17
11
220
16
11
220
16
11
220
15
11
220
15
11
220
15
11
220
15
11
220
15
11
220
15
11
220
15
11
220
15
11
220
15
11
220
15
11
220
15
11
220
15
11
220
15
11
220
15
11
220
15
11
220
15
11
220
15
11
220
15
11
220
15
11
220
15
11
220
15
11
220
15
11
220
15
2608
262
220
605
198
262
12382
1797
8501
34600
7
17112
11
510
16
11
220
15
11
220
16
11
220
15
11
220
16
11
220
15
11
220
16
11
220
15
11
220
15
11
220
15
11
220
15
11
220
15
11
220
15
11
220
15
11
220
15
11
220
15
11
220
15
11
220
15
11
220
15
11
220
15
11
220
15
11
220
15
11
220
15
11
220
15
11
220
15
11
220
15
2608
262
220
1227
198
262
12713
755
1817
73121
997
262
674
19690
1296
5157
198
262
2105
9322
7
17
11
510
17
11
220
16
11
220
16
11
220
15
11
220
15
11
220
15
11
220
15
11
220
15
11
220
15
11
220
15
11
220
15
11
220
15
11
220
15
11
220
15
11
220
15
11
220
15
11
220
15
11
220
15
11
220
15
11
220
15
11
220
15
11
220
15
11
220
15
11
220
15
11
220
15
11
220
15
2526
624
220
605
198
262
2105
9322
7
17112
11
510
16
11
220
15
11
220
16
11
220
15
11
220
16
11
220
15
11
220
16
11
220
15
11
220
15
11
220
15
11
220
15
11
220
15
11
220
15
11
220
15
11
220
15
11
220
15
11
220
15
11
220
15
11
220
15
11
220
15
11
220
15
11
220
15
11
220
15
11
220
15
11
220
15
11
220
15
2526
624
220
1227
198
262
2105
9322
7
1041
15
11
510
1041
15
60
353
220
1627
8
624
220
10914
16590
22407
7361
262
674
24086
1296
5157
198
262
2105
9322
7
22874
11
510
25622
11
220
21848
11
220
19608
11
220
975
11
220
4513
11
220
23800
11
220
3443
11
220
6281
11
220
20800
11
220
508
11
220
9756
11
220
26087
11
220
25513
11
220
26218
11
220
23812
11
220
19306
11
220
15805
11
220
23467
11
220
22642
11
220
18695
11
220
7529
11
220
17228
11
220
19666
11
220
5120
11
220
20235
11
220
18349
2526
624
220
8546
11739
24571
198
262
2105
9322
7
24989
11
510
21776
11
220
12819
11
220
4468
11
220
21996
11
220
21910
11
220
11515
11
220
25150
11
220
20596
11
220
1049
11
220
27468
11
220
6849
11
220
21884
11
220
17416
11
220
22397
11
220
25339
11
220
23805
11
220
22424
11
220
22663
11
220
17824
11
220
22303
11
220
26366
11
220
15257
11
220
19305
11
220
17267
11
220
21033
11
220
13817
2526
624
220
1049
16037
22593
198
262
2105
9322
7
1032
11
510
20973
11
220
26007
11
220
25717
11
220
1187
11
220
21138
11
220
10967
11
220
12166
11
220
9690
11
220
2550
11
220
24870
11
220
22091
11
220
26088
11
220
26164
11
220
22039
11
220
18265
11
220
15726
11
220
26563
11
220
18831
11
220
10559
11
220
10895
11
220
25498
11
220
16522
11
220
25399
11
220
4468
11
220
1041
11
220
25505
2526
624
220
17763
9591
22922
198
262
2105
9322
7
2366
11
510
22908
11
220
15257
11
220
25873
11
220
22148
11
220
19561
11
220
10132
11
220
25401
11
220
21026
11
220
24054
11
220
19038
11
220
20907
11
220
25809
11
220
25828
11
220
11483
11
220
25136
11
220
19673
11
220
13679
11
220
22049
11
220
25862
11
220
845
11
220
21251
11
220
15666
11
220
22608
11
220
21125
11
220
24606
11
220
12226
2526
624
220
27134
20945
20998
198
262
2105
9322
7
4103
11
510
23619
11
220
26576
11
220
21112
11
220
22608
11
220
21330
11
220
14648
11
220
20571
11
220
17147
11
220
22
11
220
18415
11
220
15531
11
220
17574
11
220
9892
11
220
23459
11
220
22005
11
220
25208
11
220
20325
11
220
13460
11
220
20615
11
220
16522
11
220
20465
11
220
8610
11
220
17590
11
220
23816
11
220
14815
11
220
19447
2526
624
220
16567
17887
9413
198
262
2105
9322
7
17419
11
510
18262
11
220
15966
11
220
21125
11
220
10898
11
220
1272
11
220
19140
11
220
13895
11
220
20325
11
220
22507
11
220
21598
11
220
20153
11
220
17521
11
220
27341
11
220
14777
11
220
10961
11
220
25890
11
220
26409
11
220
19057
11
220
5500
11
220
23213
11
220
22058
11
220
23038
11
220
24402
11
220
16955
11
220
10841
11
220
3264
2526
624
220
14125
21360
21379
198
262
2105
9322
7
19697
11
510
15
11
220
15
11
220
15
11
220
15
11
220
15
11
220
15
11
220
15
11
220
15
11
220
15
11
220
15
11
220
15
11
220
15
11
220
15
11
220
15
11
220
15
11
220
15
11
220
15
11
220
15
11
220
15
11
220
15
11
220
23624
11
220
15
11
220
15
11
220
15
11
220
15
11
220
15
2526
624
220
19697
198
262
2105
9322
7
17252
11
510
22588
11
220
23642
11
220
10410
11
220
12910
11
220
25741
11
220
24331
11
220
8011
11
220
15189
11
220
22347
11
220
17153
11
220
18781
11
220
19695
11
220
17470
11
220
23
11
220
22663
11
220
26366
11
220
27341
11
220
16217
11
220
12245
11
220
5547
11
220
9741
11
220
20691
11
220
13364
11
220
19068
11
220
22210
11
220
21381
2526
624
220
23038
19166
12994
198
262
2105
9322
7
5037
11
510
26026
11
220
14870
11
220
24216
11
220
23038
11
220
25687
11
220
20253
11
220
12251
11
220
25687
11
220
15573
11
220
20767
11
220
22418
11
220
26491
11
220
9263
11
220
21379
11
220
19697
11
220
21969
11
220
20165
11
220
20936
11
220
16217
11
220
24887
11
220
21791
11
220
14057
11
220
25021
11
220
21511
11
220
4645
11
220
24132
2526
624
220
24438
11242
24963
198
262
2105
9322
7
20711
11
510
15
60
353
220
1627
8
624
220
16
198
262
2105
9322
7
14052
11
510
25392
11
220
25515
11
220
18163
11
220
2075
11
220
25009
11
220
26007
11
220
13104
11
220
26244
11
220
24394
11
220
24650
11
220
10559
11
220
24938
11
220
12879
11
220
24678
11
220
21177
11
220
24597
11
220
12245
11
220
18196
11
220
17228
11
220
16707
11
220
25073
11
220
1544
11
220
19288
11
220
5932
11
220
20596
11
220
5495
2526
624
220
21112
7028
24491
198
262
2105
9322
7
20936
11
510
15
11
220
15
11
220
15
11
220
15
11
220
15
11
220
15
11
220
15
11
220
15
11
220
15
11
220
15
11
220
15
11
220
15
11
220
15
11
220
15
11
220
15
11
220
15
11
220
15
11
220
15
11
220
15
11
220
15
11
220
15
11
220
15
11
220
15
11
220
21228
11
220
15
11
220
15
2526
624
220
20936
198
262
2105
9322
7
17335
11
510
21791
11
220
21791
11
220
9565
11
220
6281
11
220
23986
11
220
4578
11
220
24809
11
220
22194
11
220
11227
11
220
26281
11
220
18163
11
220
23848
11
220
13104
11
220
18163
11
220
11209
11
220
24391
11
220
18633
11
220
10967
11
220
10750
11
220
24837
11
220
21112
11
220
22058
11
220
14148
11
220
18
11
220
15340
11
220
4146
2526
624
220
22782
10914
18887
198
262
2105
9322
7
9756
11
510
15257
11
220
24626
11
220
13121
11
220
9800
11
220
24542
11
220
1313
11
220
22418
11
220
18572
11
220
21996
11
220
21404
11
220
16739
11
220
17824
11
220
23386
11
220
8765
11
220
19799
11
220
24763
11
220
5833
11
220
605
11
220
25392
11
220
16884
11
220
18384
11
220
22708
11
220
12378
11
220
11738
11
220
22956
11
220
7994
2526
624
220
14206
21511
11128
198
262
2105
9322
7
23805
11
510
17112
11
220
15999
11
220
17973
11
220
2721
11
220
18265
11
220
23178
11
220
3971
11
220
25862
11
220
22086
11
220
21474
11
220
12166
11
220
22
11
220
14498
11
220
22992
11
220
18162
11
220
13655
11
220
22457
11
220
18572
11
220
23105
11
220
25169
11
220
868
11
220
19162
11
220
16567
11
220
16544
11
220
14590
11
220
9079
2526
624
220
14274
8848
22992
198
262
2105
9322
7
17306
11
510
2614
11
220
19852
11
220
18216
11
220
23776
11
220
13302
11
220
24347
11
220
16884
11
220
24187
11
220
17306
11
220
12425
11
220
1490
11
220
20275
11
220
20749
11
220
18625
11
220
3080
11
220
20419
11
220
25513
11
220
25168
11
220
18048
11
220
23424
11
220
1958
11
220
24837
11
220
19068
11
220
12425
11
220
25238
11
220
14408
2526
624
220
10914
25399
21322
198
262
2105
9322
7
20800
11
510
15
11
220
15
11
220
15
11
220
15
11
220
15
11
220
15
11
220
15
11
220
15
11
220
15
11
220
15
11
220
24239
11
220
15
11
220
15
11
220
15
11
220
15
11
220
15
11
220
15
11
220
15
11
220
15
11
220
15
11
220
15
11
220
15
11
220
15
11
220
15
11
220
15
11
220
15
2526
624
220
20800
198
262
2105
9322
7
25169
11
510
26083
11
220
19633
11
220
19288
11
220
21038
11
220
21123
11
220
22005
11
220
11056
11
220
18520
11
220
22777
11
220
12226
11
220
14487
11
220
24344
11
220
20973
11
220
20339
11
220
14487
11
220
22424
11
220
14274
11
220
20077
11
220
24680
11
220
7699
11
220
22048
11
220
22039
11
220
22207
11
220
25476
11
220
12879
11
220
23717
2526
624
220
9756
19642
15574
198
262
2105
9322
7
22782
11
510
23879
11
220
22754
11
220
1049
11
220
13104
11
220
23654
11
220
23079
11
220
22992
11
220
5894
11
220
20419
11
220
25350
11
220
27079
11
220
23864
11
220
5067
11
220
21404
11
220
21505
11
220
25344
11
220
22908
11
220
23864
11
220
20772
11
220
20325
11
220
21982
11
220
23574
11
220
23178
11
220
16596
11
220
24809
11
220
21478
2526
624
220
16104
26244
24792
271
2
5560
1817
11773
8501
34600
8
311
1629
7177
627
74694
100265
198
100264
78191
198
14196
4077
1527
7033
1179
14814
198
1527
57566
1179
326
2739
11790
271
27557
284
220
19416
13719
17228
271
755
1181
3220
1361
997
262
4304
5715
25031
907
315
40582
362
11419
320
32
28
15
11
61453
1901
28
914
570
7275
262
471
6141
1361
8
482
6141
493
32
4713
755
8331
10522
8913
1107
11
1491
28
27557
997
262
4304
4808
28806
8331
10522
709
311
1973
1107
60964
1491
14781
262
2144
284
510
16
60
353
320
2880
1107
489
220
16
340
262
369
602
304
2134
7
16
11
1973
1107
489
220
16
997
286
2144
1004
60
284
2144
1004
482
220
16
60
353
602
1034
1491
198
262
471
2144
271
755
1558
48905
1471
11
1491
28
27557
997
262
4304
47354
29049
54062
315
308
60964
1491
320
2658
2011
387
10461
8
7275
262
471
7019
96399
10522
1471
705
1491
482
220
17
11
1491
696
755
61230
21524
1471
11
14921
11
2144
11
1491
28
27557
997
262
4304
41504
258
21524
36706
25
308
0
12148
74
16
0
353
597
17
0
353
2564
353
13437
16715
1491
1491
7275
262
50844
284
220
16
198
262
369
272
304
14921
512
286
50844
284
50844
353
1558
48905
1361
8
1034
1491
198
262
471
2144
7824
60
353
50844
1034
1491
271
755
1925
17155
11
356
997
262
674
5075
28806
8331
10522
709
311
735
320
11536
1973
1396
315
904
6661
374
2717
735
340
262
1973
48905
284
735
198
262
2144
284
8331
10522
8913
48905
11
19186
340
262
28890
284
220
1627
198
262
445
284
2479
3100
696
262
674
1442
1988
356
374
24210
1109
220
1627
11
11262
449
17975
198
262
422
445
366
220
1627
512
286
356
1447
510
15
60
353
320
1627
482
445
340
262
4508
445
871
220
1627
512
286
356
284
356
3530
1627
2595
262
571
75
2739
11790
8913
2190
5980
340
262
711
11581
12539
11
1323
997
286
674
1153
25
1510
3160
5918
320
15
497
42
340
286
674
1323
25
14743
315
9861
14921
369
1855
6661
198
286
422
1153
624
735
512
310
471
220
16
422
682
2666
624
220
15
369
436
304
1323
8
775
220
15
198
286
2860
284
220
15
198
286
369
523
304
2134
18109
18992
997
310
1062
284
356
58861
933
310
422
1323
58861
60
2669
220
16
512
394
674
5268
832
810
315
420
6661
198
394
502
19744
284
1160
7
1864
340
394
502
19744
58861
60
6110
220
16
198
394
2860
284
320
5143
489
11581
12539
489
220
16
11
14743
1792
19744
7861
1034
19186
198
310
674
584
656
4276
2187
7999
810
1109
356
58861
60
520
3131
11
1193
923
832
520
264
892
4669
51362
198
286
674
2533
1855
3820
374
1193
489
16
11
51362
18182
665
49896
824
80468
2717
356
58861
933
286
471
2860
1034
19186
271
262
674
1226
1205
311
4097
1323
439
264
14743
369
48530
13
5256
449
682
14921
2539
627
262
2926
284
14743
3100
1004
60
369
602
304
2134
7
1627
1192
262
471
11581
7
15
11
2926
696
2
2057
3790
3544
735
11
584
1205
264
810
11297
32857
320
1820
3485
374
10619
369
735
709
311
220
1041
15
719
1253
387
6435
369
735
28
1041
15
449
3544
356
340
2
4452
11
279
17413
527
735
8367
1041
15
11
323
220
1041
15
0
374
6908
719
60964
19186
374
71128
13
2030
51362
449
220
1627
9
1041
16
5415
374
7060
627
2
4452
11
51362
1253
4295
5729
369
735
28
1041
15
26
1095
596
5625
311
87975
32857
382
755
1797
8501
34600
11985
1413
17155
25
528
11
356
25
1160
19155
2526
1492
528
512
262
674
30379
356
706
220
1627
5540
198
262
1418
2479
3100
8
366
220
1627
512
286
356
2102
7
15
340
262
445
284
2479
3100
340
262
369
602
304
2134
7
1627
997
286
422
602
2669
445
512
310
356
2102
7
15
696
262
19186
284
220
19416
13719
17228
198
262
28890
284
220
1627
198
262
1973
1107
284
735
220
674
2533
1855
1797
2646
5900
3485
1202
4113
356
1004
1145
323
584
33356
520
1455
735
3115
824
6661
271
262
674
5075
28806
8331
10522
709
311
735
198
262
2144
284
510
16
60
353
320
2880
1107
489
220
16
340
262
369
602
304
2134
7
16
11
1973
1107
489
220
16
997
286
2144
1004
60
284
2144
1004
482
220
16
60
353
602
1034
19186
271
262
505
15661
1179
43050
198
262
674
11581
9896
981
11
436
15
29775
81
914
7400
284
5627
198
262
674
1226
3358
1005
264
11240
369
5415
11
2533
1153
2717
42
320
1041
15
8
323
14921
649
387
709
311
220
1041
15
320
708
220
1041
16
61
1627
5415
374
12266
719
369
735
28
1041
15
323
2694
11773
82
11992
93
5894
410
819
433
596
10619
369
2678
735
340
262
674
2030
4619
11
1095
596
1005
264
220
18
35
1358
369
2361
323
369
1855
6661
596
9861
1797
13
8876
735
374
1193
220
1041
15
323
356
1004
60
709
311
220
1041
15
11
719
220
1041
16
61
1627
374
2288
2466
11
584
656
32857
927
2860
3160
5918
323
1005
264
14743
369
9861
14921
320
8248
6636
1193
994
4460
4669
326
2739
11790
389
24997
32857
4871
340
262
674
39578
11
2533
1855
2361
1193
41011
832
315
220
1627
12197
323
1855
3094
60606
220
16
505
832
15994
11
584
649
656
264
32857
927
320
4222
40933
68613
11
14743
11773
82
5850
719
449
735
28
1041
15
323
220
1627
12197
1855
709
311
220
1041
15
11
279
1396
315
5415
374
320
42
10
16
18201
34
58
15
7727
16
30876
1627
902
374
6908
13
2100
51362
449
22154
374
539
43303
369
3544
356
627
262
674
12361
11
1005
24038
5865
477
1005
279
61230
21524
28286
10397
9134
15150
627
262
674
2030
1095
596
9396
311
51362
449
22154
2065
369
2678
735
320
8367
1041
15
8
323
220
1627
12197
382
262
674
34863
11
1095
596
45087
2833
279
32857
5480
8046
555
330
28536
1
505
220
15
311
735
11
323
369
1855
1614
264
14743
315
220
1627
32632
627
262
674
2030
220
1627
15696
374
2288
1790
311
3637
304
459
1358
13
2100
9396
449
279
4113
31919
326
2739
11790
5603
11
719
5625
311
87975
32857
927
279
2694
315
9861
12197
382
262
674
39578
11
5296
279
24038
734
369
832
6661
602
374
220
16
489
865
489
2564
489
865
48922
34
1004
14316
284
320
16
482
865
48922
34
1004
7727
16
5525
12148
16
6695
340
262
674
2100
279
2539
24038
734
374
279
2027
927
12197
315
2694
15511
74
28
15
497
34
1004
14316
865
61
74
198
262
674
578
36706
315
865
53067
304
279
2027
374
279
4320
627
262
674
2030
369
735
709
311
220
1041
15
323
356
1004
60
709
311
220
1041
15
11
420
374
43303
4669
32857
315
3160
735
10
16
271
262
674
6914
11581
1004
60
387
279
1396
315
5627
311
636
2860
3160
602
1306
13126
682
12197
198
262
674
2030
2533
1855
6661
5873
22223
1193
1202
1866
1797
11
1205
311
656
32857
927
220
1627
15696
1198
539
43303
627
262
674
2100
9396
449
279
4113
22154
1534
51362
11
719
1304
433
87975
555
1701
18893
369
9861
14921
369
1855
3160
382
262
674
6914
596
656
32857
58
36740
25609
60
1405
32857
22376
1483
1864
60
1198
719
449
220
1627
35
1323
433
596
2288
2466
13
2100
1095
596
1005
264
220
16
35
1358
369
279
1510
3160
11
323
369
1855
3284
8141
315
9861
14921
11
719
420
374
539
43303
627
262
674
2100
3604
11
279
4113
31919
22154
2065
374
279
45648
323
4375
369
735
28
1041
15
323
220
1627
12197
439
1317
439
279
2694
315
682
356
1004
60
374
539
87283
320
8370
433
596
539
11
2533
735
8367
1041
15
4390
262
674
2030
369
735
28
1041
15
323
356
1004
4938
1041
15
11
279
51362
8149
1436
387
220
1041
15
11
902
1253
4295
51362
4017
627
262
674
6914
596
4305
279
51362
449
459
11720
5729
311
5766
51362
4017
6103
382
262
674
1226
3358
1005
32857
439
264
2472
25
1401
374
320
981
11
14743
7
1864
5850
907
374
1396
315
5627
198
262
505
15661
1179
44008
198
262
22154
284
10294
262
5729
284
18305
15
11
14743
3100
12511
10340
60
220
674
320
3311
5228
11
14743
7
44536
14921
1192
262
2860
1704
954
284
220
15
271
262
1418
5729
512
286
1153
11
1323
284
5729
8452
746
286
422
1153
624
735
512
310
2860
1704
954
284
320
5143
1704
954
489
220
16
8
1034
19186
198
310
3136
198
286
1401
284
320
981
11
1323
340
286
422
1401
304
22154
512
310
3136
220
674
2736
25157
198
286
22154
8320
60
284
220
15
220
674
9656
198
286
674
9934
7999
1855
6661
422
3284
198
286
369
523
304
2134
18109
18992
997
310
422
1323
58861
60
871
220
15
512
394
502
19744
284
1160
7
1864
340
394
502
19744
58861
60
6110
220
16
198
394
5729
2102
1209
981
489
220
16
11
14743
1792
19744
6054
286
674
1442
539
304
22154
11
433
596
1694
15590
555
279
5729
198
262
471
2860
1704
954
1034
19186
271
2
34863
11
279
3485
5729
6108
5603
374
2103
15465
1606
433
596
539
92685
279
1396
315
5627
11
433
596
1120
17919
682
24525
323
539
2694
5424
627
2
6914
596
656
433
10489
449
264
32857
2007
1701
58614
369
1855
1153
382
262
674
12361
11
1095
596
656
264
32857
1405
11581
22376
60
374
264
11240
25
1401
374
320
81
15
29775
81
914
705
907
374
5627
627
262
674
1226
1212
520
1153
28
15
11
1323
284
356
11
449
220
15
5627
627
262
505
15661
1179
44008
198
262
11581
284
510
2309
8644
1577
8
369
721
304
2134
17155
10
16
5680
262
11581
58
15
1483
25609
3100
7400
284
220
16
220
674
1212
449
912
12197
12146
11
682
14921
520
2539
356
271
262
369
3160
304
2134
17155
1680
220
674
1977
709
311
735
12
16
11
1243
735
690
387
279
4320
198
286
369
1323
11
5627
304
11581
58356
948
3699
4019
310
369
523
304
2134
7
1627
997
394
422
1323
58861
60
871
220
15
512
504
502
19744
284
1160
7
1864
340
504
502
19744
58861
60
6110
220
16
198
504
259
943
284
14743
1792
19744
340
504
11581
58356
10
16
1483
83
943
60
284
320
9996
58356
10
16
1483
83
943
60
489
5627
8
1034
19186
198
262
674
4740
735
7504
11
2694
682
5627
1405
3160
419
42
320
72
1770
2637
682
12197
13061
7041
2860
735
3115
340
262
471
2694
35899
54377
948
3745
2189
1034
19186
271
2
578
3485
374
279
5410
330
26961
307
29321
1
1168
2690
474
32857
719
1193
43303
1606
735
323
220
1627
527
2678
3403
369
279
17413
1618
320
42
8367
1041
15
11
220
1627
12197
340
2
1226
3358
1005
420
87975
2373
311
5766
51362
13693
382
2
4452
11
279
3485
32857
374
507
17155
353
5415
353
220
1627
570
578
1396
315
5415
320
83
29423
8
649
387
6908
11
719
304
6725
449
735
28
1041
15
323
356
1004
4938
1041
15
11
279
1396
315
3284
27410
46325
520
904
3160
374
279
2027
315
320
3311
3259
10
16
8
369
1855
6661
11
902
374
87283
13
2100
584
1205
264
2731
5603
382
2
6914
596
733
1203
311
279
4113
31919
22154
2065
719
5376
279
51362
4017
320
269
3480
311
87975
927
2860
1511
369
1855
6661
696
2
578
4335
478
6425
369
279
2728
17413
320
42
28
1041
15
11
220
1627
12197
8
374
279
51362
449
22154
389
320
981
11
14743
7
1864
5850
902
374
22281
4245
311
2678
735
323
279
2144
430
1855
1650
26338
520
3325
832
1797
555
220
16
11
779
2860
51362
8149
2717
220
1627
65346
902
374
220
11387
410
1198
2288
1790
369
51362
13
2100
584
1205
264
32857
927
279
14921
304
264
7941
1648
382
2
42209
25
1005
24038
5865
323
56812
320
8248
449
220
1627
7482
11
539
4228
570
2030
3604
11
1855
6661
374
9678
3734
369
279
2860
3160
22295
382
2
6914
596
4097
279
32857
439
264
11240
25
1401
374
320
981
11
320
66
15
29775
11
66
914
5850
907
374
1396
315
5627
13
2030
1524
779
11
433
596
2288
6435
369
220
1627
7482
323
735
28
1041
15
382
2
15636
11
1095
596
1005
279
61230
21524
15150
25
279
1396
315
5627
374
279
36706
315
865
53067
304
279
2027
15511
72
28
15
497
914
92
320
16
489
865
489
2564
489
865
48922
34
1004
14316
4390
2
1226
649
12849
420
4669
8915
15840
927
330
5143
3160
1
505
220
15
311
735
11
323
369
1855
3094
11
30729
927
902
6661
574
1566
3779
320
8248
2533
279
11709
527
9678
824
6661
11
584
649
656
264
32857
430
520
1855
3094
13912
459
1358
315
14921
369
2860
3160
3677
2
6914
11581
1004
1483
82
60
284
1396
315
5627
311
3820
1063
12197
320
4291
14921
2717
356
8
779
430
279
2860
3160
374
602
323
274
374
264
220
1627
66292
315
1268
1690
315
1855
6661
617
1027
13061
779
3117
13
14077
11
539
43303
382
2
2100
584
2011
1005
279
4113
31919
22154
2065
323
3987
430
279
1296
5157
527
539
2288
19738
11
477
3480
311
1701
264
330
2513
284
14743
315
320
44536
14921
10143
323
1920
304
7859
3160
11
28672
1193
69384
5415
382
2
6914
596
4305
279
32857
439
264
1160
315
98699
11
1405
1855
6587
14370
264
14743
7
1864
8
311
1797
11
369
1855
3160
505
220
15
311
735
382
262
1973
932
284
510
1083
2120
11
735
8
369
865
304
356
60
220
674
1606
499
649
956
1005
810
1109
735
315
904
6661
422
2860
3160
374
735
198
262
674
2030
3604
11
1524
422
356
1004
26753
42
11
499
649
1193
1005
709
311
735
315
433
11
719
304
279
2027
320
16
38992
10
1131
10
87
48922
34
1004
60
5525
279
865
53067
4751
1193
34672
922
1332
3100
1004
1145
42
570
4452
11
369
279
32857
11
584
649
2567
356
439
374
382
262
11581
284
510
8644
368
369
721
304
2134
17155
10
16
5680
262
11581
58
15
1483
25609
3100
7400
284
220
16
220
674
1212
449
682
59539
2539
271
262
369
2917
6171
304
2134
17155
997
286
369
1323
11
5627
304
11581
39266
6171
948
3699
4019
310
369
523
304
2134
7
1627
997
394
422
1323
58861
60
871
220
15
512
504
502
19744
284
1160
7
1864
340
504
502
19744
58861
60
6110
220
16
198
504
259
943
284
14743
1792
19744
340
504
502
6171
284
2917
6171
489
220
16
198
504
422
502
6171
2717
735
512
667
422
259
943
304
11581
44586
6171
10556
1014
11581
44586
6171
1483
83
943
60
284
320
9996
44586
6171
1483
83
943
60
489
5627
8
1034
19186
198
667
775
512
1014
11581
44586
6171
1483
83
943
60
284
5627
1034
19186
198
262
674
578
4320
374
2694
315
682
5627
1405
3160
624
735
198
262
471
2694
35899
54377
948
3745
2189
1034
19186
271
2
4452
11
420
374
2103
2288
6435
80771
369
3544
356
1606
279
1396
315
12742
1323
46325
649
387
6908
382
2
2100
279
1888
43303
1648
369
735
8367
1041
15
323
220
1627
12197
374
279
4113
22154
1534
51362
11
449
326
2739
11790
11
323
5376
51362
4017
422
4460
320
8248
1095
596
1456
311
5766
433
555
95545
311
87975
32857
927
330
5269
1690
315
1855
6661
617
1027
12146
779
3117
498
719
430
596
220
1627
9607
902
374
539
3284
7389
584
1005
264
24038
734
5603
3677
2
6914
596
4619
1005
279
28286
10397
9134
15150
477
279
24038
734
304
264
47578
1648
1473
2
578
2860
1396
374
279
2694
927
682
220
1627
2442
29423
320
74
15
29775
11
74
914
8
449
2694
20548
284
735
323
220
15
2717
20548
2717
356
1004
60
315
320
42
0
25239
74
15
0
1131
74
914
36886
2
2030
735
28
1041
15
11
220
1627
7482
1198
649
584
30729
927
279
14921
369
1855
6661
2085
41442
709
1980
2
39578
11
584
649
1005
264
32857
449
1614
320
1264
40933
68613
11
14743
315
1566
220
605
14921
369
1855
6661
311
5286
8
1198
539
2216
382
2
16644
279
892
11
323
430
279
17413
527
735
8367
1041
15
323
356
1004
77410
1041
15
11
279
51362
449
22154
2065
690
990
304
6725
369
279
2728
1296
5157
320
11536
279
2860
1396
315
5150
320
1864
8
5415
23926
374
539
279
2539
220
1041
16
61
1627
11
719
1193
1884
69384
555
33356
287
520
1455
735
505
1855
356
1004
1145
323
735
374
2678
7863
311
220
1041
16
61
1627
719
2103
6908
304
10334
570
4452
11
279
1296
5157
4762
617
24070
356
1004
60
2819
477
279
2027
315
320
34
1004
7727
16
8
4536
956
2288
3544
369
279
13006
3604
4529
382
2
1226
3358
1005
279
4113
22154
1534
31919
6425
719
20037
304
264
734
311
5766
51362
4017
6103
555
1701
459
11720
5729
320
2058
1413
57483
3677
755
1797
8501
34600
17155
25
528
11
356
25
1160
19155
2526
1492
528
512
262
19186
284
220
19416
13719
17228
198
262
505
57566
1179
326
2739
11790
271
262
674
26367
356
311
3160
220
1627
198
262
1418
2479
3100
8
366
220
1627
512
286
356
2102
7
15
340
262
356
284
356
3530
1627
2595
262
571
75
2739
11790
8913
2190
5980
340
262
711
11581
12539
25
528
11
1323
25
14743
997
286
674
1153
25
1510
3160
320
15
497
42
340
286
674
1323
25
14743
315
220
1627
26864
11
9861
1973
14921
369
1855
6661
198
286
422
1153
624
735
512
310
471
220
16
422
682
2666
624
220
15
369
436
304
1323
8
775
220
15
198
286
2860
284
220
15
198
286
369
523
304
2134
7
1627
997
310
422
1323
58861
60
871
220
15
512
394
2860
1447
11581
12539
489
220
16
11
14743
7
1864
3530
331
60
489
320
1864
58861
60
482
220
16
47121
489
1323
58861
10
16
25
11147
394
422
2860
2669
19186
512
504
2860
50232
19186
198
286
471
2860
1034
19186
271
262
2926
19744
284
14743
3100
1004
60
369
602
304
2134
7
1627
1192
262
471
11581
7
15
11
2926
19744
8
1034
19186
271
2
2030
369
735
28
1041
15
11
420
690
617
51362
8149
220
1041
15
902
374
7060
304
5468
14149
719
304
356
31380
1253
4295
4158
35380
1480
13
2100
1095
596
5625
311
87975
32857
927
320
4222
11
1323
8
1701
264
11240
369
1855
3160
382
1527
15661
1179
44008
271
755
1797
8501
34600
17155
25
528
11
356
25
1160
19155
2526
1492
528
512
262
19186
284
220
19416
13719
17228
198
262
674
26367
356
311
220
1627
198
262
1418
2479
3100
8
366
220
1627
512
286
356
2102
7
15
340
262
356
284
356
489
510
15
8632
320
1627
482
2479
3100
595
220
674
6106
7041
220
1627
271
262
674
1226
3358
1005
264
32857
2007
25
11581
58356
60
374
264
11240
314
25609
7
1864
1680
5627
534
262
11581
284
510
2309
8644
1577
8
369
721
304
2134
17155
10
16
5680
262
11581
58
15
1483
25609
3100
7400
284
220
16
220
674
1212
449
682
59539
271
262
369
2917
6171
304
2134
17155
997
286
369
1323
11
5627
304
11581
39266
6171
948
3699
4019
310
369
523
304
2134
7
1627
997
394
422
1323
58861
60
871
220
15
512
504
502
19744
284
1160
7
1864
340
504
502
19744
58861
60
6110
220
16
198
504
259
943
284
14743
1792
19744
340
504
11581
39266
6171
10
16
1483
83
943
60
284
320
9996
39266
6171
10
16
1483
83
943
60
489
5627
8
1034
19186
198
262
471
2694
35899
54377
948
3745
2189
1034
19186
271
2
1226
3358
1005
420
87975
2373
439
433
596
810
22514
323
55952
51362
8149
4819
382
2
4452
11
279
3485
374
2103
1633
6435
323
5829
2288
1790
5044
369
3544
356
1606
279
1396
315
1323
46325
649
387
6908
13
2030
2728
430
735
8367
1041
15
323
279
1296
5157
527
4762
539
279
12047
1162
11
584
649
3987
433
16609
382
2
2030
3411
520
279
6205
1296
25
1797
8501
34600
7
17
11
510
17
11
16
11
16
11
15
11
15
29775
2526
1288
471
220
605
627
2
6914
596
1296
279
502
734
449
430
382
2
1789
735
28
17
11
356
58
15
4938
17
11
356
58
16
4938
16
11
356
58
17
4938
16
11
3885
220
15
627
2
578
2764
9246
320
21731
362
8324
11541
997
2
29334
320
32
28
17
2717
17
11
426
28
15
11541
28
15
340
2
14469
320
32
28
16
8324
28
16
11541
28
15
340
2
10807
320
32
28
16
11541
28
16
8324
28
15
340
2
34589
320
33
28
17
8482
1606
356
58
16
4938
16
340
2
2100
3604
1193
362
596
323
28559
449
426
323
356
1405
14921
2717
13693
627
2
6914
596
13555
512
2
17736
220
16
25
362
320
16
1648
705
426
320
16
705
356
320
16
8
3929
220
18
198
2
17736
220
17
25
29334
320
16
705
14469
320
16
705
10807
320
16
705
18772
320
15
705
18531
320
15
705
13844
320
15
340
2
2100
2860
284
220
18
489
220
18
284
220
21
30
719
279
6205
2795
220
605
13
14144
11
7344
358
13942
1063
382
2
14144
279
356
1160
374
510
17
11
16
11
16
11
15
11
15
29775
11
15
948
2100
12197
362
8324
11541
28365
29775
719
423
323
7953
617
356
28
15
779
649
956
387
1511
627
2
2100
1193
362
8324
11541
527
5535
627
2
2052
9246
315
3160
220
16
12
17
927
314
32
8324
11541
92
1405
512
2
362
649
5101
220
15
497
17
3115
198
2
426
220
15
497
16
198
2
356
220
15
497
16
198
2
2100
2860
1396
374
320
17
10
16
18201
16
10
16
18201
16
10
16
8
482
719
33356
77107
30
2360
11
433
596
279
1396
315
2536
43324
7698
10105
311
264
36193
50238
28
16
477
220
17
449
220
15
8367
64
8367
17
11
15
8367
65
8367
16
11
15
8367
66
8367
16
627
2
1789
2694
28
16
25
264
36193
50238
28
16
11
264
28
15
11
16
11
17
26
293
10317
28
15
477
16
13
578
1396
374
356
7
16
10
17
11
17
11992
18
11
719
449
17413
293
10317
8367
16
902
374
2744
837
13
2100
220
18
627
2
1789
2694
28
17
25
264
36193
50238
28
17
11
264
28
15
497
17
11
293
28
15
497
16
11
272
28
15
497
16
627
2
264
649
387
220
15
11
16
11
17
627
2
264
28
15
25
293
50238
28
17
11
719
1973
1921
10317
11992
16
779
220
15
198
2
264
28
16
25
293
50238
28
16
11
220
17
10105
320
16
11
15
11
15
26
15
11
16
11
15
26
15
11
15
11
16
8
1492
220
18
320
10767
340
2
264
28
17
25
293
50238
28
15
11
220
16
6425
320
15
11
15
340
2
10884
369
2479
28
17
25
220
18
10
16
28
19
198
2
2100
2860
28
18
10
19
28
22
13
2030
279
6205
2795
220
605
13
2100
856
6492
374
5076
382
2
14144
279
3575
2795
330
80982
6498
12197
498
902
374
220
1627
12197
11
719
279
356
1193
19477
1771
1176
2380
30
578
2800
527
7315
779
649
956
387
1511
13
2100
1193
362
8324
11541
527
41030
13
2100
279
2860
1288
387
439
3485
13
2030
279
6205
2612
374
220
605
13
2100
9539
856
8830
374
1022
382
2
432
774
771
25
7344
279
356
1358
374
369
682
220
1627
12197
11
719
279
6205
5039
510
17
11
16
11
16
11
15
11
15
29775
15
948
2100
12197
362
320
1275
15
8
709
311
356
320
1275
17
8
617
13693
11
3885
220
15
779
649
956
387
1511
13
2100
279
2860
1396
315
9246
315
3160
220
16
311
220
17
927
314
32
8324
11541
92
449
264
8367
17
11
293
8367
16
11
272
8367
16
382
2
6914
596
1160
1124
682
512
2
3160
220
16
25
362
11
426
11
356
11651
220
18
198
2
3160
220
17
25
29334
11
14469
11
10807
11
34589
320
33
1511
11157
11651
8482
705
18772
320
12071
705
18531
320
12071
705
9362
320
34
1511
11157
8482
705
22024
320
12071
705
13844
320
12071
340
2
2030
3604
11
279
22295
374
824
80468
1797
2717
356
1004
948
2100
304
330
7209
498
426
374
1511
11157
719
356
58
16
4938
16
779
430
596
927
13
2100
1193
29334
320
32
25
17
705
14469
320
32
25
16
8324
25
16
705
10807
320
32
25
16
11541
25
16
8
527
2764
369
3160
220
17
13
2100
220
18
10
18
28
21
30
2030
6205
2795
220
605
382
2
2684
596
264
50859
13
2100
4461
279
356
1358
304
279
6205
374
510
17
11
16
11
16
11
15
11
15
29775
11
15
60
719
3445
430
12197
1306
356
320
35
28
18
8
1101
617
356
28
15
779
527
834
21642
11
719
8530
358
1903
264
16930
304
279
7033
382
2
39578
11
7344
279
3575
6276
904
12197
719
279
14921
527
7347
824
6661
320
708
364
33
6
649
387
1511
709
311
220
16
892
304
279
4459
925
11
5099
570
2100
369
735
28
17
323
356
5941
17
11
16
11
16
11
15
29775
11
15
1145
279
12197
2561
527
362
320
15
12
914
449
356
5947
15
705
602
1770
13
362
8324
11541
13
2100
2860
9246
315
3160
220
16
477
220
17
449
12197
304
314
32
8324
11541
92
323
14921
539
49005
362
8367
17
8324
8367
16
11541
8367
16
382
2
578
1396
374
512
2
1789
3160
220
16
25
220
18
198
2
1789
3160
220
17
25
279
1396
315
9246
1405
1396
315
362
596
38394
17
320
33222
705
426
596
38394
16
11
356
596
38394
16
13
2100
682
220
18
61
17
28
24
24525
28382
1884
449
871
16
426
477
871
16
356
627
2
578
1193
8482
527
18772
323
13844
320
9739
706
220
17
315
264
37913
6661
570
2100
220
24
12
17
28
22
13
10884
220
18
10
22
28
605
13
362
4317
2268
2
2100
279
22295
374
824
80468
304
279
4459
925
11
539
824
2361
13
2100
856
6931
32857
374
4495
25
433
14242
9861
14921
323
26420
499
2646
3820
810
1109
356
1004
60
315
6661
602
382
2
2100
279
2082
358
6267
6931
320
1820
87975
32857
449
279
24997
30853
8
374
4495
323
279
6205
6835
220
605
382
2
15636
11
584
3358
9502
279
87975
32857
2373
382
14196
4077
1527
15661
1179
44008
271
755
1797
8501
34600
17155
25
528
11
356
25
1160
19155
2526
1492
528
512
262
19186
284
220
19416
13719
17228
198
262
674
30379
356
706
220
1627
5540
198
262
1418
2479
3100
8
366
220
1627
512
286
356
2102
7
15
340
262
674
13969
1193
1176
220
1627
304
1162
315
5129
1988
198
262
356
284
356
3530
1627
933
1084
262
674
11581
58356
60
374
264
11240
25
1401
374
14743
315
9861
14921
369
1855
6661
11
907
374
5627
198
262
11581
284
510
2309
8644
1577
8
369
721
304
2134
17155
489
220
16
5680
262
674
4220
1614
25
520
3160
220
15
11
9167
956
13061
904
12197
11
779
9861
14921
527
279
4113
356
198
262
11581
58
15
1483
25609
3100
7400
284
220
16
7361
262
369
2917
6171
304
2134
17155
997
286
369
1323
11
5627
304
11581
39266
6171
948
3699
4019
310
674
1789
1855
6661
11
422
584
2103
649
1935
433
320
44536
1797
871
220
15
705
3820
433
198
310
369
523
304
2134
7
1627
997
394
422
1323
58861
60
871
220
15
512
504
502
19744
284
1160
7
1864
340
504
502
19744
58861
60
6110
220
16
198
504
259
943
284
14743
1792
19744
340
504
11581
39266
6171
489
220
16
1483
83
943
60
284
320
9996
39266
6171
489
220
16
1483
83
943
60
489
5627
8
1034
19186
198
262
674
578
4320
374
279
2694
315
682
5627
311
617
2860
3160
735
198
262
471
2694
35899
54377
948
3745
2189
1034
19186
198
14196
4077
100265
198
100264
882
271
7927
3766
4879
4745
279
7177
13
5810
596
279
1493
512
6687
1445
320
3646
3293
1650
1566
997
220
2958
36674
39
29224
74
8892
86
39
73
17
7345
498
1584
220
18322
11
304
366
4450
397
262
1817
11773
8501
34600
340
220
2958
36674
39
29224
74
8892
86
39
73
17
7345
498
1584
220
1544
11
304
1817
198
262
2105
9322
7
17
11
510
17
11
220
16
11
220
16
11
220
15
11
220
15
11
220
15
11
220
15
11
220
15
11
220
15
11
220
15
11
220
15
11
220
15
11
220
15
11
220
15
11
220
15
11
220
15
11
220
15
11
220
15
11
220
15
11
220
15
11
220
15
11
220
15
11
220
15
11
220
15
11
220
15
11
220
15
2526
624
220
605
198
1881
6440
62824
62824
62824
62824
62824
62824
62824
62824
62824
62824
62824
62824
62824
62824
62824
62824
62824
62824
62824
62824
62824
62824
62824
62824
61
198
69739
1480
14963
1271
312
42612
11
420
374
701
3465
25
4557
279
2768
734
12223
323
4733
928
11
7373
4305
279
734
7633
323
1522
682
279
7177
13
3146
5989
4276
70765
3247
13916
50
13
57277
2675
1288
15411
279
2082
499
11041
304
264
67859
2082
2565
320
817
10103
33981
320
20670
690
33316
279
4113
5865
8
100265
198
100264
78191
198
14196
4077
1527
57566
1179
326
2739
11790
198
1527
7033
1179
14814
271
27557
284
220
19416
13719
17228
271
755
1181
3220
7672
997
262
4304
5715
25031
1963
320
32
28
15
11
61453
1901
28
914
8
315
459
40582
6661
14781
262
471
6141
7672
8
482
6141
493
32
4713
755
8331
10522
1471
11
1491
28
27557
997
262
4304
4808
28806
8331
10522
709
311
308
60964
1491
14781
262
2144
284
510
16
60
353
320
77
489
220
16
340
262
369
602
304
2134
7
16
11
308
489
220
16
997
286
2144
1004
60
284
2144
1004
482
220
16
60
353
602
1034
1491
198
262
471
2144
271
755
61230
21524
1471
11
14921
11
2144
11
1491
28
27557
997
262
4304
41504
258
21524
36706
25
308
0
611
320
74
16
0
353
597
17
0
353
2564
353
13437
16715
1491
1491
7275
262
50844
284
220
16
198
262
369
272
304
14921
512
286
50844
284
50844
353
1558
48905
1361
11
1491
8
1034
1491
198
262
471
2144
7824
60
353
50844
1034
1491
271
755
1558
48905
2120
11
1491
28
27557
997
262
4304
47354
44993
29049
315
54062
2120
8
1234
1491
320
27557
374
10461
8
7275
262
674
12362
99362
266
596
2697
58917
11
719
1193
422
1491
374
10461
198
262
422
1491
624
220
19416
13719
17228
512
286
471
7019
96399
10522
2120
705
1491
482
220
17
11
1491
340
262
674
1789
1803
2786
11
12849
29049
8331
10522
5480
8046
198
262
1558
284
510
16
60
353
320
87
489
220
16
340
262
369
602
304
2134
7
16
11
865
489
220
16
997
286
1558
1004
60
284
7019
57069
1004
482
220
16
1145
1491
482
220
17
11
1491
8
220
674
1193
4375
422
1491
374
10461
198
262
471
1558
8487
2595
1058
14204
2566
1480
17233
997
262
1522
271
755
1797
8501
34600
17155
25
528
11
356
25
1160
19155
2526
1492
528
512
262
3270
262
86759
279
1396
315
9246
315
40582
6498
12197
449
29416
1990
220
16
323
735
320
99461
340
262
1778
430
1855
6661
602
320
32
28
15
11
61453
1901
28
914
8
8111
520
1455
356
1004
60
3115
304
279
925
627
262
578
4320
374
6052
60964
220
19416
13719
17228
627
1084
262
18161
512
286
735
320
396
1680
27697
925
3160
320
16
2717
735
2717
220
1041
15
340
286
356
320
1638
19155
25312
1796
315
220
1627
26864
320
15
2717
356
1004
60
2717
220
1041
15
8
38938
279
1973
5535
198
5291
57115
369
1855
6661
627
56547
262
5295
512
286
528
25
5742
315
2764
9246
60964
220
19416
13719
17228
198
262
3270
262
674
30379
356
706
220
1627
5540
320
13545
449
17975
422
5995
340
262
1418
2479
3100
8
366
220
1627
512
286
356
2102
7
15
340
262
356
284
356
3530
1627
933
1084
262
674
5075
28806
8331
10522
709
311
735
320
11536
1973
61230
21524
690
387
369
21816
709
311
735
315
264
6661
340
262
1973
48905
284
735
198
262
2144
284
8331
10522
8913
48905
11
19186
340
1084
262
674
22648
15840
1701
24038
734
37929
4669
28286
10397
9134
198
262
674
1226
1390
279
1396
315
24630
315
2860
3160
296
320
16
497
42
8
449
520
1455
356
1004
60
315
6661
602
198
262
674
1115
374
279
36706
315
865
53067
304
5761
15511
72
26628
16
489
865
489
2564
489
865
48922
34
1004
82261
262
674
5560
32857
927
2860
3160
323
1005
28286
10397
9134
389
279
17413
627
262
674
39578
11
1005
264
32857
927
320
4222
11
14743
315
14921
369
1855
6661
8
449
22154
2065
627
262
674
4452
11
311
3790
735
28
1041
15
323
220
1627
12197
30820
11
1005
279
28286
10397
9134
15150
512
262
674
578
1396
374
2694
15511
50
27084
315
12197
92
10505
16
30876
47215
50
91
92
353
356
11017
611
320
3107
15511
72
304
328
92
320
34
1004
7727
16
1192
262
674
2030
433
596
810
31439
311
1005
264
32857
449
1614
320
3311
5228
11
14743
11773
82
28903
5850
719
5044
374
10508
627
262
674
5810
584
1005
264
3698
17720
532
32857
927
279
9861
59539
369
1855
6661
323
1510
3160
627
262
674
6914
11581
58356
1483
25609
7
1864
7400
387
279
1396
315
5627
311
617
12146
364
4222
6
12197
449
9861
59539
1323
627
262
674
2030
5044
374
459
4360
26
4619
1005
264
11240
6108
20700
32857
627
1084
262
674
1226
3358
1005
264
32857
430
369
1855
3284
2860
3160
14242
264
11240
315
3284
320
66
15
29775
11
66
914
8
323
872
14921
627
262
674
2030
4619
11
1095
596
1005
279
59855
24038
734
477
264
810
34440
5603
627
262
674
24327
25
1005
32857
1405
11581
1004
60
374
264
11240
25
1401
374
264
14743
315
220
1627
9861
59539
11
907
374
1396
315
5627
311
5662
3160
320
42
18064
8
555
33356
287
627
262
674
34863
11
10134
25
30729
505
3160
220
15
311
735
11
323
369
1855
1614
320
44536
356
705
3839
5627
311
5662
433
627
262
674
16644
279
3575
596
17413
320
42
8367
1041
15
705
264
220
1627
33520
1358
374
304
90377
1260
11
719
264
11240
6108
32857
374
71128
627
262
674
5560
264
6587
369
1855
3160
25
314
25609
3659
60344
27067
25
5627
28374
262
505
15661
1179
44008
271
262
674
4220
1614
520
3160
220
15
25
682
59539
35539
198
262
11581
284
510
2309
8644
1577
8
369
721
304
2134
17155
489
220
16
5680
262
11581
58
15
1483
25609
3100
3530
73180
284
220
16
220
674
1212
449
2539
59539
7361
262
369
326
304
2134
17155
1680
220
674
1977
709
311
735
198
286
369
1323
5356
304
11581
17296
948
3699
4019
310
1323
11
5627
284
1323
5356
198
310
369
523
304
2134
7
1627
997
394
422
1323
58861
60
871
220
15
512
504
502
19744
284
1160
7
1864
340
504
502
19744
58861
60
6110
220
16
220
674
1511
832
810
315
6661
523
198
504
502
22522
284
14743
1792
19744
340
504
11581
17296
489
220
16
1483
943
22522
60
284
320
9996
17296
489
220
16
1483
943
22522
60
489
5627
8
1034
19186
198
262
674
578
4320
374
279
2694
315
682
5627
311
5662
7041
3160
735
198
262
471
2694
35899
54377
948
3745
2189
1034
19186
198
14196
4077
100265
198
100264
882
271
7927
3766
4879
4745
279
7177
13
5810
596
279
1493
512
6687
1445
320
3646
3293
1650
1566
997
220
2958
36674
43270
6204
15
60443
77
52
54
7345
498
1584
220
10288
11
304
366
4450
397
262
1817
11773
8501
34600
340
220
2958
36674
43270
6204
15
60443
77
52
54
7345
498
1584
220
1544
11
304
1817
198
262
2105
9322
7
17
11
510
17
11
220
16
11
220
16
11
220
15
11
220
15
11
220
15
11
220
15
11
220
15
11
220
15
11
220
15
11
220
15
11
220
15
11
220
15
11
220
15
11
220
15
11
220
15
11
220
15
11
220
15
11
220
15
11
220
15
11
220
15
11
220
15
11
220
15
11
220
15
11
220
15
11
220
15
2526
624
220
605
198
1881
6440
62824
62824
62824
62824
62824
62824
62824
62824
62824
62824
62824
62824
62824
62824
62824
62824
62824
62824
62824
62824
62824
62824
62824
62824
61
198
69739
1480
14963
1271
312
42612
11
420
374
701
3465
25
4557
279
2768
734
12223
323
4733
928
11
7373
4305
279
734
7633
323
1522
682
279
7177
13
3146
5989
4276
70765
3247
13916
50
13
57277
2675
1288
15411
279
2082
499
11041
304
264
67859
2082
2565
320
817
10103
33981
320
20670
690
33316
279
4113
5865
8
100265
198
100264
78191
198
14196
4077
1527
57566
1179
326
2739
11790
271
27557
284
220
19416
13719
17228
271
755
1797
8501
34600
17155
25
528
11
356
25
1160
19155
2526
1492
528
512
262
3270
262
86759
279
1396
315
682
9246
31706
315
40582
6498
12197
6832
3160
374
1990
220
16
323
735
320
99461
1350
262
1778
430
279
1396
315
57115
315
1855
6661
602
320
32
28
15
29775
11
57
28
914
8
374
520
1455
356
1004
27218
262
578
1121
374
6052
60964
220
19416
13719
17228
627
262
3270
262
674
26367
356
311
3160
220
1627
422
5995
198
262
1418
2479
3100
8
366
220
1627
512
286
356
2102
7
15
340
262
356
284
356
3530
1627
60
220
674
6106
1193
1176
220
1627
527
1511
7361
262
674
5560
51362
449
22154
2065
389
320
3311
5228
11
14743
7
44536
59539
1192
262
571
75
2739
11790
8913
2190
5980
340
262
711
26877
22081
11
9861
997
286
674
3160
25
1268
1690
5885
12146
779
3117
198
286
674
9861
25
14743
315
220
1627
26864
11
279
1973
2103
5535
369
1855
6661
198
286
422
3160
624
735
512
310
674
7974
1193
422
682
59539
1511
709
7041
320
269
539
11
439
1317
439
7000
34908
340
310
674
34863
11
904
10824
430
2646
34908
374
2764
25
994
584
5662
735
11
422
682
14921
527
2717
4113
356
320
20670
527
11
1606
584
2646
733
927
8
279
1797
374
4495
627
310
674
2030
584
2011
617
1511
7041
735
22657
11
779
9861
1288
387
682
17975
320
1962
26549
5995
11
719
433
596
279
1193
1648
311
5662
735
555
33356
287
832
520
264
892
340
310
471
220
16
422
682
2666
624
220
15
369
436
304
9861
8
775
220
15
198
286
2860
284
220
15
198
286
369
523
304
2134
7
1627
997
310
422
9861
58861
60
871
220
15
512
394
674
22991
420
6661
25
61932
1202
9861
8824
198
394
502
19744
284
1160
7
44536
340
394
502
19744
58861
60
6110
220
16
198
394
2860
1447
26877
22081
489
220
16
11
14743
1792
19744
1192
394
422
2860
2669
19186
512
504
2860
50232
19186
198
286
471
2860
1034
19186
271
262
674
5256
449
2539
59539
198
262
2926
60344
284
14743
3100
1004
60
369
602
304
2134
7
1627
1192
262
471
26877
7
15
11
2926
60344
8
1034
19186
198
14196
4077
100265
198