100264
882
198
4518
279
2768
734
12223
323
4733
928
11
7373
4305
279
734
7633
323
1522
682
279
7177
13
3146
5989
4276
70765
3247
13916
50
13
57277
2675
1288
15411
279
2082
499
11041
304
264
67859
2082
2565
320
817
10103
33981
320
20670
690
33316
279
4113
5865
696
14196
4077
1527
20061
1179
1796
11
25645
271
755
30437
2703
21798
1471
25
528
11
13116
25
1796
20961
6189
19155
11
528
11
528
21128
264
25
1796
19155
1145
293
25
1796
19155
2526
1492
528
512
262
4304
16644
264
4382
8599
2073
75712
4876
449
308
17672
323
13116
320
2940
1855
6964
374
720
262
15609
439
320
84
11
348
11
289
8
7438
17672
577
323
348
527
8599
449
4785
289
705
323
1403
720
262
24630
264
323
293
315
279
1890
3160
11
1505
279
8187
3284
2694
315
1853
14661
627
1084
262
1789
904
1853
304
279
4876
11
1202
4785
374
4613
439
279
7340
4785
315
904
6964
304
430
1853
627
262
282
2120
11
379
8
374
4613
439
279
8187
3284
1853
4785
505
12202
865
311
12202
379
627
1084
262
578
3465
374
311
14175
1088
8668
293
1778
430
279
2694
315
282
2948
1004
1145
293
1004
2526
369
682
602
374
82178
627
1084
262
18161
512
286
308
25
5742
315
17672
320
13328
527
49926
220
16
311
308
340
286
13116
25
1796
315
13116
11
1855
6964
374
320
84
11
348
11
289
8
1405
577
366
348
198
286
264
25
5629
8668
315
12202
5219
198
286
293
25
10657
8668
315
12202
5219
320
998
387
14175
2844
340
1084
262
5295
512
286
578
8187
3284
2694
315
282
2948
1004
1145
293
1004
2526
1306
7706
750
824
7129
287
293
7361
262
12382
30437
2703
21798
7
19
11
18305
16
11
220
18
11
220
17
705
320
18
11
220
19
11
220
16
705
320
17
11
220
19
11
220
20
705
320
16
11
220
19
11
220
19
26090
510
16
11
220
16
11
220
18
1145
510
19
11
220
19
11
220
17
2608
262
220
23
198
262
12382
30437
2703
21798
7
18
11
18305
16
11
220
17
11
220
20
705
320
17
11
220
18
11
220
17
705
320
16
11
220
18
11
220
16
26090
510
16
11
220
16
1145
510
17
11
220
18
2608
262
220
18
198
262
12713
755
1817
73121
997
262
674
3475
1162
220
16
198
262
2105
9322
7
19
11
18305
16
11
220
18
11
220
17
705
320
18
11
220
19
11
220
16
705
320
17
11
220
19
11
220
20
705
320
16
11
220
19
11
220
19
26090
510
16
11
220
16
11
220
18
1145
510
19
11
220
19
11
220
17
2526
624
220
23
7361
262
674
3475
1162
220
17
198
262
2105
9322
7
18
11
18305
16
11
220
17
11
220
20
705
320
17
11
220
18
11
220
17
705
320
16
11
220
18
11
220
16
26090
510
16
11
220
16
1145
510
17
11
220
18
2526
624
220
19
7361
262
674
3475
1162
220
18
198
262
2105
9322
7
20
11
18305
16
11
220
17
11
220
24619
8258
20062
705
320
17
11
220
18
11
220
17574
10961
22638
705
320
16
11
220
19
11
220
17306
22534
20973
705
320
19
11
220
20
11
220
24394
22876
20063
26090
510
18
11
220
16
1145
510
20
11
220
17
2526
624
220
5120
25016
24491
22
7361
262
674
3475
1162
220
19
198
262
2105
9322
7
717
11
18305
16
11
220
17
11
220
1041
931
931
15
705
320
16
11
220
18
11
220
1041
931
931
15
705
320
18
11
220
19
11
220
1041
931
931
15
705
320
16
11
220
20
11
220
1041
931
931
15
705
320
18
11
220
21
11
220
1041
931
931
15
705
320
18
11
220
22
11
220
1041
931
931
15
705
320
22
11
220
23
11
220
1041
931
931
15
705
320
20
11
220
24
11
220
1041
931
931
15
705
320
18
11
220
605
11
220
1041
931
931
15
705
320
605
11
220
806
11
220
1041
931
931
15
705
320
806
11
220
717
11
220
1041
931
931
15
705
320
19
11
220
22
11
220
1041
931
931
15
705
320
23
11
220
717
11
220
1041
931
931
15
705
320
16
11
220
24
11
220
1041
931
931
15
705
320
20
11
220
806
11
220
1041
931
931
15
705
320
22
11
220
605
11
220
1041
931
931
15
705
320
17
11
220
20
11
220
1041
931
931
15
705
320
21
11
220
24
11
220
1041
931
931
15
705
320
22
11
220
24
11
220
1041
931
931
15
705
320
17
11
220
23
11
220
1041
931
931
15
26090
510
806
11
220
18
11
220
22
11
220
605
11
220
21
11
220
24
1145
510
17
11
220
16
11
220
23
11
220
20
11
220
19
11
220
717
2526
624
220
5067
931
931
15
7361
262
674
3475
1162
220
20
198
262
2105
9322
7
19
11
18305
16
11
220
17
11
220
23578
26164
23309
705
320
17
11
220
18
11
220
21893
25504
11139
705
320
18
11
220
19
11
220
20596
26083
26051
705
320
16
11
220
19
11
220
20963
19988
23713
705
320
16
11
220
18
11
220
12375
19445
16546
26090
510
19
11
220
18
1145
510
16
11
220
17
2526
624
220
24989
22091
23835
7361
262
674
3475
1162
220
21
198
262
2105
9322
7
20
11
18305
16
11
220
17
11
220
8878
14206
26234
705
320
17
11
220
18
11
220
20153
26956
20275
705
320
18
11
220
19
11
220
16443
9716
12652
705
320
19
11
220
20
11
220
20275
9756
2491
26090
510
17
11
220
16
1145
510
19
11
220
18
2526
624
220
22455
11908
24344
7361
262
674
3475
1162
220
22
198
262
2105
9322
7
18
11
18305
16
11
220
17
11
220
19673
13074
24347
705
320
17
11
220
18
11
220
25285
21757
23890
705
320
16
11
220
18
11
220
25021
22240
17335
26090
510
18
1145
510
17
2526
624
220
25021
22240
17335
7361
262
674
3475
1162
220
23
198
262
2105
9322
7
605
11
18305
16
11
220
17
11
220
24456
7755
16884
705
320
17
11
220
18
11
220
22694
21936
12245
705
320
18
11
220
19
11
220
20068
26013
25350
705
320
19
11
220
20
11
220
19697
15951
17819
705
320
20
11
220
21
11
220
24599
15999
12060
705
320
21
11
220
22
11
220
12815
11030
23987
705
320
22
11
220
23
11
220
10841
17711
26409
705
320
23
11
220
24
11
220
17313
4728
22895
705
320
24
11
220
605
11
220
24961
24061
17837
26090
510
605
11
220
19
11
220
24
11
220
22
11
220
16
1145
510
17
11
220
23
11
220
18
11
220
21
11
220
20
2526
624
220
16590
18048
8899
15
7361
262
674
3475
1162
220
24
482
3254
12202
13840
198
262
2105
9322
7
18
11
18305
16
11
220
17
11
220
19288
21209
17248
705
320
17
11
220
18
11
220
24989
14022
24792
705
320
16
11
220
19
11
220
17014
19631
17252
705
320
17
11
220
20
11
220
24331
19633
5547
705
320
19
11
220
21
11
220
25168
18695
13895
705
320
20
11
220
22
11
220
20417
24472
22049
705
320
17
11
220
23
11
220
20936
22207
410
705
320
19
11
220
24
11
220
20502
22904
25073
705
320
16
11
220
605
11
220
19673
20911
1399
705
320
605
11
220
806
11
220
25465
24887
14870
705
320
22
11
220
717
11
220
10239
4146
3192
705
320
24
11
220
1032
11
220
22539
24824
23411
705
320
717
11
220
975
11
220
16874
8027
17662
705
320
22
11
220
868
11
220
20165
20943
24599
705
320
975
11
220
868
11
220
22345
23736
16415
705
320
16
11
220
717
11
220
24809
22600
25251
705
320
23
11
220
868
11
220
23670
20698
17678
705
320
18
11
220
24
11
220
23386
21299
20998
705
320
18
11
220
806
11
220
9716
18262
25926
705
320
18
11
220
605
11
220
24110
24222
22385
705
320
17
11
220
605
11
220
18048
12338
15966
705
320
19
11
220
20
11
220
16739
22455
7007
26090
510
18
1145
510
19
2526
624
220
25465
24887
14870
7361
262
674
3475
1162
220
605
198
262
2105
9322
7
21
11
18305
16
11
220
17
11
220
18199
25009
23110
705
320
16
11
220
18
11
220
18162
11584
15189
705
320
16
11
220
19
11
220
22148
17662
21893
705
320
16
11
220
20
11
220
4278
12676
11227
705
320
16
11
220
21
11
220
13104
12994
20275
26090
510
18
11
220
19
11
220
21
1145
510
17
11
220
20
11
220
16
2526
624
220
1049
18781
4645
23
7361
262
674
3475
1162
220
806
198
262
2105
9322
7
17
11
18305
16
11
220
17
11
220
19081
25806
19929
26090
510
17
1145
510
16
2526
624
220
19081
25806
19929
7361
262
674
3475
1162
220
717
198
262
2105
9322
7
22
11
18305
16
11
220
17
11
220
20213
21123
24951
705
320
16
11
220
18
11
220
19929
24606
14261
705
320
17
11
220
19
11
220
13384
24491
19642
705
320
18
11
220
20
11
220
18061
23282
9716
705
320
19
11
220
21
11
220
19899
12448
18501
705
320
19
11
220
22
11
220
21975
5500
25717
26090
510
22
11
220
20
11
220
18
1145
510
21
11
220
16
11
220
17
2526
624
220
10562
20253
19956
18
271
2
5560
1817
14478
12117
2703
21798
8
311
1629
7177
627
74694
100265
198
100264
78191
198
74694
12958
198
1527
15661
1179
44008
198
1527
89622
1179
568
680
1136
11
568
680
454
198
1527
7033
1179
4225
271
755
1332
20029
12719
11
12751
11
2218
11
308
997
262
4304
5715
279
8187
3284
1973
48448
4785
315
904
1853
505
2592
311
2218
304
264
37924
2073
75712
4876
14781
262
1612
284
510
13885
60
353
320
77
489
220
16
340
262
1612
76747
60
284
220
15
198
262
40739
284
18305
15
11
2592
7400
220
674
320
3311
6479
18416
11
2494
340
262
1418
40739
512
286
2917
6479
11
577
284
568
680
454
1319
80
340
286
422
577
624
2218
512
310
471
2917
6479
198
286
422
2917
6479
871
1612
22042
5787
220
674
41626
4441
198
310
3136
198
286
369
348
11
289
304
12751
22042
10556
310
674
578
1853
577
8437
690
617
1973
6964
1973
18053
6479
11
289
340
310
502
6479
284
1973
18053
6479
11
289
340
310
422
502
6479
366
1612
16936
10556
394
1612
16936
60
284
502
6479
198
394
568
680
1136
1319
80
11
320
943
6479
11
348
1192
262
674
578
4876
374
8599
824
3575
5224
11
779
420
13434
956
387
4295
627
262
471
482
16
271
755
864
28806
5823
37530
1471
11
13116
997
262
12751
284
85607
369
721
304
2134
1471
10
16
5680
262
369
577
11
348
11
289
304
13116
512
286
12751
22042
948
5200
1209
85
11
289
1192
286
12751
16936
948
5200
1209
84
11
289
1192
262
1612
284
4416
13885
37710
77
10
16
8
369
721
304
2134
1471
10
16
5680
262
369
274
304
2134
7
16
11
308
10
16
997
286
2874
284
510
320
15
11
274
8
5243
286
1612
12144
1483
82
60
284
220
15
198
286
1418
2874
512
310
2917
6479
11
577
284
568
680
454
10806
340
310
422
2917
6479
871
1612
12144
1483
84
10556
394
3136
198
310
369
348
11
289
304
12751
22042
10556
394
296
284
1973
18053
6479
11
289
340
394
422
296
366
1612
12144
1483
85
10556
504
1612
12144
1483
85
60
284
296
198
504
568
680
1136
10806
11
320
76
11
348
1192
262
471
1612
271
755
30437
2703
21798
1471
11
13116
11
264
11
293
997
262
3270
262
51060
279
2631
21877
2065
439
7633
304
279
4733
928
627
262
40961
512
262
220
16
13
5075
28806
279
682
2320
4825
8187
45173
48448
6138
320
37
1004
1483
73
62361
262
220
17
13
1789
1855
1963
602
11
584
1205
311
9993
293
33061
1004
60
311
293
1004
60
779
430
2694
5431
435
15848
1004
28819
65
33061
1004
5163
374
82178
627
262
220
18
13
1115
374
459
16720
3575
320
65
374
264
59541
315
5196
11
719
584
649
4322
439
16720
1405
1855
293
3894
60
374
18545
7041
3131
311
832
264
1004
62361
262
4452
11
2533
293
649
387
14175
2844
86757
323
682
2011
387
1511
320
4636
304
279
7177
11
293
3160
5084
6273
311
264
705
584
649
1005
279
57869
12384
320
42
93264
5364
3200
417
8
311
30437
279
2694
315
435
15848
1004
28819
65
3894
5163
927
264
4832
12864
1990
279
264
12
15336
323
293
12
15336
627
262
2030
2533
2225
24630
617
1890
3160
323
584
617
311
1005
1855
293
3131
11
584
4322
433
439
459
16720
1405
369
1855
602
320
8366
8
323
503
320
22179
705
2853
1004
1483
73
60
284
435
15848
1004
28819
65
3894
21128
323
584
1390
264
59541
315
293
779
1855
374
1511
3131
320
708
584
9993
1855
293
6874
60
311
7041
832
602
11
323
17192
46391
4390
262
1115
374
7041
279
16720
3575
25
30437
2694
5431
2853
1004
1483
79
1998
7400
1405
281
374
264
59541
315
220
15
497
2963
1921
7435
16
627
262
1226
11886
433
4669
279
57869
12384
627
262
3270
262
296
284
2479
2948
8
220
674
15832
6273
2479
1921
8
439
824
682
1296
5157
198
262
422
296
624
220
15
512
286
471
220
15
271
262
674
15166
220
16
25
8012
74949
323
682
2320
4825
1332
45173
6138
6303
198
262
12751
284
85607
369
721
304
2134
1471
10
16
5680
262
369
577
11
348
11
289
304
13116
512
286
12751
22042
948
5200
1209
85
11
289
1192
286
12751
16936
948
5200
1209
84
11
289
1192
262
435
284
864
28806
5823
37530
1471
11
13116
696
262
674
15166
220
17
25
8012
2853
6303
25
2853
1004
1483
73
60
284
435
15848
1004
28819
65
3894
14623
262
2853
284
4416
15
8632
76
369
721
304
2134
1278
5680
262
369
602
304
2134
1278
997
286
369
503
304
2134
1278
997
310
577
284
264
1004
933
310
348
284
293
3894
933
310
2853
1004
1483
73
60
284
435
22042
1483
85
60
422
348
2717
308
775
4225
220
674
1442
348
53230
11
3582
13434
956
3621
271
262
674
15166
220
18
25
57869
12384
311
1505
1332
2853
4832
12864
198
262
674
1226
3358
4305
279
507
1471
61
18
8
2373
369
32373
198
262
1179
3048
198
262
711
18799
8997
63243
997
286
308
62
284
2479
63243
340
286
577
284
510
15
37710
77
62
10
16
340
286
348
284
510
15
37710
77
62
10
16
340
286
281
284
510
15
37710
77
62
10
16
340
286
1648
284
510
15
37710
77
62
10
16
340
286
369
602
304
2134
7
16
11
308
62
10
16
997
310
281
58
15
60
284
602
198
310
1332
85
284
510
13885
37710
77
62
10
16
340
310
1511
284
510
4139
37710
77
62
10
16
340
310
1418
3082
512
394
1511
11661
58
15
5163
284
3082
198
394
602
15
284
281
58
15
933
394
9665
284
4225
198
394
503
15
284
220
15
198
394
369
503
304
2134
7
16
11
308
62
10
16
997
504
422
539
1511
3894
10556
667
2917
284
2853
1004
15
12
16
1483
73
12
16
60
482
577
1004
15
60
482
348
3894
933
667
422
2917
366
1332
85
3894
10556
1014
1332
85
3894
60
284
2917
198
1014
1648
3894
60
284
602
15
198
667
422
1332
85
3894
60
366
9665
512
1014
9665
284
1332
85
3894
933
1014
503
15
284
503
198
394
422
9665
624
4225
512
504
1464
198
394
369
503
304
2134
7
16
11
308
62
10
16
997
504
422
1648
3894
10556
667
577
58
3195
3894
5163
1447
9665
198
667
348
3894
60
6110
9665
198
504
775
512
667
281
3894
60
284
281
58
15
933
394
281
58
15
60
284
482
79
58
15
933
394
422
281
3894
15
60
624
220
15
512
504
1464
198
310
1418
3082
512
394
602
16
284
1648
3894
15
933
394
422
602
16
624
220
15
512
504
1464
198
394
281
58
3195
3894
15
5163
284
281
3894
15
933
394
503
15
284
1648
3894
15
933
394
602
16
6110
220
16
198
310
674
578
4320
374
9967
304
281
58
16
497
77
933
286
471
482
85
58
16
60
220
674
2860
2853
320
1083
46806
696
262
594
284
18799
8997
63243
340
262
674
1442
904
264
1004
60
4250
5662
904
293
3894
60
320
5562
77
956
3621
369
8599
40099
323
2764
11374
705
584
4265
1205
311
3790
11
719
7177
1522
198
262
471
594
198
14196
4077
100265
198
100264
882
271
7927
3766
4879
4745
279
7177
13
5810
596
279
1493
512
24003
364
83154
70515
2013
1462
77856
18626
815
32636
7791
1480
6404
7498
26245
704
1306
220
966
6622
1038
1271
312
42612
11
420
374
701
3465
25
4557
279
2768
734
12223
323
4733
928
11
7373
4305
279
734
7633
323
1522
682
279
7177
13
3146
5989
4276
70765
3247
13916
50
13
57277
2675
1288
15411
279
2082
499
11041
304
264
67859
2082
2565
320
817
10103
33981
320
20670
690
33316
279
4113
5865
8
100265
198
100264
78191
198
14196
4077
1527
20061
1179
1796
11
25645
198
475
5826
271
755
1332
2703
6479
18416
8317
11
348
11
308
11
12751
997
262
4304
5715
279
17832
3284
1973
6964
4785
389
904
1853
505
577
311
348
1701
423
88277
11678
15194
1510
1973
6964
14781
262
1612
284
510
7947
6817
2190
60
353
320
77
489
220
16
340
262
8031
284
5731
262
1612
22042
60
284
220
15
198
262
17817
284
18305
15
11
577
7400
220
674
320
2880
18416
40933
68613
11
2494
340
262
1418
17817
512
286
2917
6479
11
2494
284
568
680
454
74124
340
286
422
2494
624
348
512
310
471
2917
6479
198
286
422
2917
6479
871
1612
30997
10556
310
3136
198
286
369
57097
11
289
304
12751
30997
10556
310
502
6479
284
1973
18053
6479
11
289
340
310
422
502
6479
366
1612
58
818
72
10556
394
1612
58
818
72
60
284
502
6479
198
394
8031
58
818
72
60
284
320
3593
11
289
340
394
568
680
1136
74124
11
320
943
6479
11
57097
1192
262
674
1442
4876
374
8599
11
420
13434
956
3621
198
262
471
482
16
271
755
1977
766
1471
11
13116
997
262
4304
5715
220
17
35
1358
435
1405
435
1004
1483
73
60
284
1332
3284
1973
48448
4785
1853
505
602
311
503
320
16
6108
570
7275
262
12751
284
85607
369
721
304
2134
1471
10
16
5680
262
369
577
11
348
11
289
304
13116
512
286
12751
22042
948
5200
1209
85
11
289
1192
286
12751
16936
948
5200
1209
84
11
289
1192
262
435
284
4416
15
37710
77
10
16
8
369
721
304
2134
1471
10
16
5680
262
369
602
304
2134
7
16
11
308
10
16
997
286
1612
284
510
7947
6817
2190
37710
77
10
16
340
286
1612
1004
60
284
220
15
198
286
17817
284
18305
15
11
602
5680
286
1418
17817
512
310
2917
6479
11
577
284
568
680
454
74124
340
310
422
2917
6479
871
1612
22042
10556
394
3136
198
310
369
348
11
289
304
12751
22042
10556
394
296
284
1973
18053
6479
11
289
340
394
422
296
366
1612
16936
10556
504
1612
16936
60
284
296
198
504
435
1004
1483
85
60
284
296
220
674
8442
3335
1176
892
1766
320
11536
682
2320
4825
40243
1853
304
1332
45173
5647
340
504
568
680
1136
74124
11
320
76
11
348
1192
262
471
435
271
755
18799
8997
63243
997
262
4304
42
93264
5364
3200
417
57869
12384
369
16720
3575
13
2853
374
296
865
296
14781
262
296
284
2479
63243
340
262
577
284
510
15
37710
76
10
16
340
262
348
284
510
15
37710
76
10
16
340
262
281
284
510
15
37710
76
10
16
8
220
674
2489
369
7123
320
16
497
76
340
262
1648
284
510
15
37710
76
10
16
340
262
369
602
304
2134
7
16
11
296
10
16
997
286
281
58
15
60
284
602
198
286
503
15
284
220
15
198
286
1332
85
284
510
3733
493
13885
873
37710
76
10
16
340
286
1511
284
510
4139
37710
76
10
16
340
286
1418
3082
512
310
1511
11661
58
15
5163
284
3082
198
310
602
15
284
281
58
15
933
310
9665
284
2273
493
13885
1329
310
503
16
284
220
15
198
310
369
503
304
2134
7
16
11
296
10
16
997
394
422
539
1511
3894
10556
504
2917
284
2853
1004
15
12
16
1483
73
12
16
60
482
577
1004
15
60
482
348
3894
933
504
422
2917
366
1332
85
3894
10556
667
1332
85
3894
60
284
2917
198
667
1648
3894
60
284
602
15
198
667
422
1332
85
3894
60
366
9665
512
1014
9665
284
1332
85
3894
933
1014
503
16
284
503
198
310
422
9665
624
2273
493
13885
11290
394
1464
198
310
369
503
304
2134
7
16
11
296
10
16
997
394
422
1648
3894
10556
504
577
58
3195
3894
5163
1447
9665
198
504
348
3894
60
6110
9665
198
394
775
512
504
281
3894
60
284
281
58
15
933
310
281
58
15
60
284
482
79
58
15
933
310
422
281
3894
16
60
624
220
15
512
394
1464
198
286
1418
3082
512
310
602
16
284
1648
3894
16
933
310
422
602
16
624
220
15
512
394
1464
198
310
281
58
3195
3894
16
5163
284
281
3894
16
933
310
503
16
284
1648
3894
16
933
310
602
16
6110
220
16
198
310
422
602
16
624
220
15
512
394
1464
198
286
674
5666
95358
198
262
471
482
85
58
16
2595
755
30437
2703
21798
1471
25
528
11
13116
25
1796
20961
6189
19155
11
528
11
528
21128
264
25
1796
19155
1145
293
25
1796
19155
2526
1492
528
512
262
3270
262
51060
279
7633
3575
25
369
24630
264
323
293
320
25030
3160
705
1505
279
8187
2694
198
262
315
17832
1973
48448
1853
14661
1990
264
1004
60
323
264
59541
315
293
627
262
39923
279
57869
12384
311
11886
279
16720
3575
1405
2853
1004
1483
73
60
284
435
15848
1004
28819
65
3894
5163
627
262
3270
262
296
284
2479
2948
340
262
422
296
624
220
15
512
286
471
220
15
198
262
674
8012
74949
1160
198
262
12751
284
85607
369
721
304
2134
1471
10
16
5680
262
369
577
11
348
11
289
304
13116
512
286
12751
22042
948
5200
1209
85
11
289
1192
286
12751
16936
948
5200
1209
84
11
289
1192
262
674
8012
435
22042
1483
85
60
284
1332
1973
6964
1853
4785
505
577
311
348
198
262
435
284
1977
766
1471
11
13116
340
262
674
8012
2853
6303
198
262
2853
284
4416
15
8632
76
369
721
304
2134
1278
5680
262
369
602
304
2134
1278
997
286
369
503
304
2134
1278
997
310
12088
284
264
1004
933
310
92097
284
293
3894
933
310
2853
1004
1483
73
60
284
435
58
5979
1483
80546
60
422
220
16
2717
92097
2717
308
775
2273
493
13885
1329
262
674
6588
57869
198
262
594
284
18799
8997
63243
340
262
674
1442
904
264
1004
60
4250
5662
293
3894
1145
420
1053
3775
13
2030
7177
9855
8599
40099
627
262
471
594
271
2
2057
1522
279
7177
11
1120
1005
279
734
3485
13
320
2822
1205
369
5066
15557
422
364
383
680
454
6
5099
527
5918
3502
29275
2
578
3485
2082
5829
5410
20797
323
1288
1522
279
7177
627
14196
4077
100265
198
100264
882
271
7927
3766
4879
4745
279
7177
13
5810
596
279
1493
512
6687
1445
320
3646
3293
1650
1566
997
220
2958
36674
46
17
54
3696
38
406
3202
7345
498
1584
220
7529
11
304
366
4450
397
262
1817
14478
12117
2703
21798
340
220
2958
36674
46
17
54
3696
38
406
3202
7345
498
1584
220
966
11
304
1817
198
262
2105
9322
7
19
11
18305
16
11
220
18
11
220
17
705
320
18
11
220
19
11
220
16
705
320
17
11
220
19
11
220
20
705
320
16
11
220
19
11
220
19
26090
510
16
11
220
16
11
220
18
1145
510
19
11
220
19
11
220
17
2526
624
220
23
198
1881
6440
62824
62824
62824
62824
62824
62824
62824
62824
62824
62824
62824
62824
62824
62824
62824
62824
62824
62824
62824
22634
61
198
220
2958
36674
46
17
54
3696
38
406
3202
7345
498
1584
220
10005
11
304
30437
2703
21798
198
262
435
284
1977
766
1471
11
13116
340
286
6440
62824
62824
62824
62824
198
220
2958
36674
46
17
54
3696
38
406
3202
7345
498
1584
220
1041
11
304
1977
766
198
262
2917
6479
11
577
284
568
680
454
74124
340
338
6440
62824
22634
198
678
1480
25
836
364
383
680
454
6
374
539
4613
14963
1271
312
42612
11
420
374
701
3465
25
4557
279
2768
734
12223
323
4733
928
11
7373
4305
279
734
7633
323
1522
682
279
7177
13
3146
5989
4276
70765
3247
13916
50
13
57277
2675
1288
15411
279
2082
499
11041
304
264
67859
2082
2565
320
817
10103
33981
320
20670
690
33316
279
4113
5865
8
100265
198
100264
78191
198
14196
4077
1527
20061
1179
1796
11
25645
198
475
89622
271
755
1332
6479
2703
16255
8317
25
528
11
348
25
528
11
308
25
528
11
6964
2062
25
1796
20961
6189
19155
11
528
11
528
30716
1492
528
512
262
3270
262
5295
279
17832
3284
907
315
279
7340
6964
4785
389
904
1853
505
577
311
348
198
262
304
459
2073
75712
37924
4876
627
262
39923
423
88277
596
12384
11678
15194
279
1510
7340
6964
4785
4619
315
6138
627
262
3270
262
12751
284
85607
369
721
304
2134
1471
10
16
5680
262
369
264
11
293
11
289
304
6964
2062
512
286
12751
15848
948
5200
1209
65
11
289
1192
286
12751
18990
948
5200
1209
64
11
289
1192
262
1612
284
510
3733
493
13885
873
37710
77
10
16
340
262
8031
284
5731
262
1612
22042
60
284
220
15
198
262
17817
284
18305
15
11
577
7400
220
674
320
3311
6479
18416
11
2494
340
262
1418
17817
512
286
1510
6479
11
2494
284
89622
49135
680
454
74124
340
286
422
2494
624
348
512
310
471
1510
6479
198
286
422
1510
6479
871
1612
30997
10556
310
3136
198
286
369
9760
11
289
304
12751
30997
10556
310
502
6479
284
1973
8937
6479
11
289
340
310
422
502
6479
366
1612
58
37569
10556
394
1612
58
37569
60
284
502
6479
198
394
8031
58
37569
60
284
320
3593
11
289
340
394
89622
49135
680
1136
74124
11
320
943
6479
11
9760
1192
262
674
1666
279
4876
374
8599
824
3575
5224
11
420
1288
539
387
8813
198
262
471
482
16
271
755
1977
766
1471
25
528
11
13116
25
1796
20961
6189
19155
11
528
11
528
30716
1492
1796
53094
19155
84420
262
3270
262
5295
435
1004
1483
73
60
284
17832
3284
1973
6964
4785
311
733
505
602
311
503
320
16
6108
15285
340
262
3270
262
12751
284
85607
369
721
304
2134
1471
10
16
5680
262
369
577
11
348
11
289
304
13116
512
286
12751
22042
948
5200
1209
85
11
289
1192
286
12751
16936
948
5200
1209
84
11
289
1192
262
435
284
4416
15
37710
77
10
16
8
369
721
304
2134
1471
10
16
5680
262
369
2338
304
2134
7
16
11
308
10
16
997
286
1612
284
510
3733
493
13885
873
37710
77
10
16
340
286
1612
64776
60
284
220
15
198
286
17817
284
18305
15
11
2338
5680
286
1418
17817
512
310
2917
6479
11
577
284
89622
49135
680
454
74124
340
310
422
2917
6479
871
1612
22042
10556
394
3136
198
310
369
348
11
289
304
12751
22042
10556
394
502
6479
284
1973
18053
6479
11
289
340
394
422
502
6479
366
1612
16936
10556
504
1612
16936
60
284
502
6479
198
504
435
64776
1483
85
60
284
502
6479
220
674
8442
3637
1176
1766
320
11536
423
88277
12970
1618
340
504
89622
49135
680
1136
74124
11
320
943
6479
11
348
1192
262
471
435
271
755
18799
8997
63243
25
1160
68723
19155
30716
1492
528
512
262
3270
262
51060
279
57869
12384
311
11886
279
16720
3575
369
9518
2853
6303
627
262
5295
279
17832
2860
2853
627
262
3270
262
308
284
2479
63243
340
262
296
284
308
198
262
577
284
510
15
37710
76
10
16
340
262
348
284
510
15
37710
76
10
16
340
262
281
284
510
15
37710
76
10
16
8
220
674
3330
1492
2872
198
262
1648
284
510
15
37710
76
10
16
340
262
369
602
304
2134
7
16
11
296
10
16
997
286
281
58
15
60
284
602
198
286
503
15
284
220
15
198
286
1332
85
284
510
3733
493
13885
873
37710
76
10
16
340
286
1511
284
510
4139
37710
76
10
16
340
286
1418
3082
512
310
1511
11661
58
15
5163
284
3082
198
310
602
15
284
281
58
15
933
310
9665
284
2273
493
13885
1329
310
503
16
284
220
15
198
310
369
503
304
2134
7
16
11
296
10
16
997
394
422
539
1511
3894
10556
504
2917
284
2853
1004
15
12
16
1483
73
12
16
60
482
577
1004
15
60
482
348
3894
933
504
422
2917
366
1332
85
3894
10556
667
1332
85
3894
60
284
2917
198
667
1648
3894
60
284
602
15
198
667
422
1332
85
3894
60
366
9665
512
1014
9665
284
1332
85
3894
933
1014
503
16
284
503
198
310
422
9665
624
2273
493
13885
11290
394
1464
198
310
369
503
304
2134
7
16
11
296
10
16
997
394
422
1648
3894
10556
504
577
58
3195
3894
5163
1447
9665
198
504
348
3894
60
6110
9665
198
394
775
512
504
281
3894
60
284
281
58
15
933
310
281
58
15
60
284
482
79
58
15
933
310
422
281
3894
16
60
624
220
15
512
394
1464
198
286
1418
3082
512
310
602
16
284
1648
3894
16
933
310
422
602
16
624
220
15
512
394
1464
198
310
281
58
3195
3894
16
5163
284
281
3894
16
933
310
503
16
284
1648
3894
16
933
310
602
16
6110
220
16
198
310
422
602
16
624
220
15
512
394
1464
198
286
422
281
3894
16
60
976
220
15
512
310
1522
198
262
674
578
4320
374
482
85
58
16
933
262
471
482
85
58
16
2595
755
30437
2703
21798
1471
25
528
11
13116
25
1796
20961
6189
19155
11
528
11
528
21128
264
25
1796
19155
1145
293
25
1796
19155
2526
1492
528
512
262
3270
262
3468
12117
279
2694
927
602
315
279
17832
1973
48448
1853
4785
505
264
1004
60
311
264
293
17453
32071
510
65
33061
1004
5163
627
262
1115
374
29056
439
459
16720
3575
1701
279
57869
12384
627
262
3270
262
296
284
2479
2948
340
262
422
296
624
220
15
512
286
471
220
15
198
262
674
8012
74949
320
1962
4460
1306
435
6303
340
262
674
5075
28806
682
2320
4825
17832
1973
48448
27650
198
262
435
284
1977
766
1471
11
13116
340
262
674
8012
2853
6303
369
16720
198
262
2853
10403
284
4416
15
8632
76
369
721
304
2134
1278
5680
262
369
602
304
2134
1278
997
286
369
503
304
2134
1278
997
310
577
6320
284
264
1004
933
310
348
6320
284
293
3894
933
310
422
220
16
2717
348
6320
2717
308
512
394
2853
10403
1004
1483
73
60
284
435
22042
6320
1483
85
6320
933
310
775
512
394
2853
10403
1004
1483
73
60
284
2273
493
13885
1329
262
674
64384
16720
3575
198
262
594
284
18799
8997
63243
10403
340
262
674
1442
594
374
4225
11
471
4225
26
6062
11
5625
311
528
422
4460
198
262
422
594
624
2273
493
13885
11290
286
4933
15764
446
2822
43303
16720
1158
262
471
528
4693
696
2
2057
1629
279
7177
2085
17466
512
2
1179
5826
198
2
5826
995
2827
35380
9696
7
1041
410
340
2
1194
14478
12117
2703
21798
4163
1985
8550
1192
14196
4077
100265
198