100264
882
198
4518
279
2768
734
12223
323
4733
928
11
7373
4305
279
734
7633
323
1522
682
279
7177
13
3146
5989
4276
70765
3247
13916
50
13
57277
2675
1288
15411
279
2082
499
11041
304
264
67859
2082
2565
320
817
10103
33981
320
20670
690
33316
279
4113
5865
696
14196
4077
1527
20061
1179
1796
1432
755
62547
31726
2401
68
93688
26387
25
1796
53094
19155
30716
1492
610
512
262
4304
7199
264
11041
62547
2442
582
4791
68
1847
389
264
220
18
87
18
5950
1405
1855
2849
706
264
907
627
1084
262
34390
1494
31478
320
3983
2851
8
323
362
39291
320
5686
2851
8
1935
10800
19301
4251
7917
627
262
3277
264
2851
41011
264
2849
11
814
5573
279
3585
304
430
2849
323
6308
433
872
1933
198
262
320
51
77527
31478
25
2579
11
362
39291
25
6437
4390
1084
262
578
1847
10548
994
512
262
482
362
2851
5334
220
18
24871
7917
315
872
1933
320
654
90374
3529
72
24346
8
482
430
2851
15160
198
262
482
2052
7917
527
24937
482
279
2851
449
5190
2860
5573
15160
7361
262
11995
4311
1514
7706
750
13
578
2694
315
682
2819
304
279
5950
374
19883
311
387
10535
627
1084
262
18161
512
286
5950
25
362
220
18
87
18
5950
315
26864
14393
2849
2819
9122
262
5295
512
286
330
51
77527
31478
1
422
34390
1494
31478
15160
11
330
32
39291
1
422
362
39291
15160
9122
262
12382
62547
31726
2401
68
93688
28218
15
11
220
15
11
220
15
1145
510
15
11
220
16
11
220
15
1145
510
15
11
220
15
11
220
15
27829
262
364
51
77527
31478
1270
262
12382
62547
31726
2401
68
93688
2625
7764
16
11
220
16
11
220
15
1145
10261
19
11
482
17
11
482
20
1145
10261
19
11
482
16
11
482
20
27829
262
364
32
39291
1270
262
12713
755
1817
73121
997
262
674
19690
1296
5157
198
262
2105
9322
28218
15
11
220
15
11
220
15
1145
510
15
11
220
16
11
220
15
1145
510
15
11
220
15
11
220
15
30716
624
364
51
77527
31478
1270
262
2105
9322
2625
7764
16
11
220
16
11
220
15
1145
10261
19
11
482
17
11
482
20
1145
10261
19
11
482
16
11
482
20
30716
624
364
32
39291
1270
1084
262
674
24086
1296
5157
198
262
2105
9322
2625
7764
11483
7507
13364
11
220
16955
19192
22534
11
220
23969
25808
10617
1145
10261
22922
21985
17763
11
220
24735
19057
15189
11
482
23890
8259
20555
1145
10261
25001
8953
24887
11
482
19140
23986
23033
11
482
18061
18518
3965
30716
624
364
32
39291
1270
262
2105
9322
28218
14057
20062
22905
11
482
8190
26058
2304
11
220
25806
21299
10568
1145
510
18415
21848
25741
11
482
22539
22750
2636
11
482
21164
27341
14087
1145
510
15500
23038
16460
11
482
12251
21505
20460
11
220
19447
11057
22455
30716
624
364
32
39291
1270
262
2105
9322
2625
7764
23816
26087
25150
11
220
14777
25150
21505
11
220
9800
25527
15340
1145
10261
17678
23717
23578
11
220
9870
11227
16085
11
482
22054
22207
22184
1145
10261
7507
25867
22614
11
220
23105
23904
13364
11
482
23033
5037
10288
30716
624
364
32
39291
1270
262
2105
9322
2625
7764
22642
21598
25192
11
220
22744
27325
6028
11
220
17335
23904
24061
1145
10261
25498
25230
23324
11
220
17678
18633
21218
11
482
15515
24824
15573
1145
510
24471
21474
19929
11
220
9263
17416
21032
11
220
13679
24430
24680
30716
624
364
51
77527
31478
1270
262
2105
9322
28218
24650
24242
20465
11
482
24538
26281
21310
11
220
24735
23873
14868
1145
10261
19642
24337
22889
11
220
18518
28384
2636
11
482
17973
14868
19272
1145
10261
25822
26661
25125
11
482
18660
21776
14735
11
220
24792
23545
21944
30716
624
364
32
39291
1270
262
2105
9322
2625
7764
13895
23403
24456
11
482
18349
24491
18770
11
220
20460
10617
24130
1145
10261
20899
19642
12676
11
220
25828
27311
10290
11
482
26281
23275
10866
1145
10261
21884
16217
20775
11
482
16590
16193
22086
11
482
25560
18807
679
30716
624
364
51
77527
31478
1270
262
2105
9322
2625
7764
10290
16707
23904
11
482
25476
15999
19222
11
220
8848
2550
24061
1145
10261
16590
24456
6843
11
220
11242
23805
24307
11
482
11584
16567
22407
1145
10261
23033
22694
23545
11
482
19319
19697
18634
11
220
16884
24970
23785
30716
624
364
32
39291
1270
262
2105
9322
2625
7764
16474
23873
19447
11
482
21056
13506
10568
11
482
21962
21310
22058
1145
10261
12245
15287
21962
11
220
13121
24394
23587
11
220
18517
19319
18695
1145
10261
23969
24242
26979
11
482
25828
14408
17837
11
220
22369
9079
25350
30716
624
364
32
39291
1270
262
2105
9322
28218
13236
20235
26281
11
482
23670
17212
19615
11
220
22207
24462
18485
1145
510
9565
19319
25090
11
482
18017
8011
22094
11
220
15633
19282
25594
1145
510
25016
20749
19274
11
220
23619
12676
25110
11
220
2366
25314
21221
30716
624
364
51
77527
31478
1270
262
2105
9322
2625
7764
25612
18501
1958
11
482
26519
25505
21322
11
482
20785
18770
11483
1145
510
17335
21535
975
11
220
21949
13895
22908
11
220
16217
24130
24970
1145
510
21295
24571
7322
11
482
9413
8273
22224
11
220
22539
25465
12226
30716
624
364
51
77527
31478
1270
262
2105
9322
28218
17837
10861
23024
11
482
14274
22184
19615
11
482
4146
18061
24939
1145
10261
19929
5154
13719
11
482
679
24199
25515
11
220
17470
15574
27309
1145
10261
23141
22424
8929
11
220
22904
24579
2318
11
220
19445
20617
21860
30716
624
364
51
77527
31478
1270
262
2105
9322
28218
26058
20785
18712
11
482
7854
25168
16217
11
220
11771
12060
22608
1145
10261
24870
14487
15741
11
220
23802
8011
1691
11
482
24599
22750
23670
1145
10261
24579
19988
19944
11
482
17609
25528
23574
11
220
7743
23592
4468
30716
624
364
32
39291
1270
262
2105
9322
2625
7764
23402
25285
11727
11
482
25251
22534
23986
11
482
25251
3192
16544
1145
510
26328
22869
4331
11
220
12251
18113
21944
11
220
9870
20758
5500
1145
510
26970
21123
20555
11
482
17448
26026
2636
11
482
20325
15282
14052
30716
624
364
32
39291
1270
262
2105
9322
2625
7764
17678
25693
1490
11
482
19242
12060
22224
11
482
10967
17819
15340
1145
510
17168
22191
23823
11
220
10750
16368
24996
11
220
25890
24542
27033
1145
510
8011
15831
22387
11
220
21478
19944
24609
11
482
24865
16739
26195
30716
624
364
51
77527
31478
1270
262
2105
9322
2625
7764
24542
21125
23273
11
220
20555
10895
20758
11
482
24347
3965
18349
1145
10261
21209
22876
22184
11
220
18415
21897
21458
11
482
13236
23273
6069
1145
510
20077
24837
9690
11
482
21235
6849
8610
11
482
17973
18196
26114
30716
624
364
51
77527
31478
1270
262
2105
9322
2625
7764
23141
22640
9367
11
482
24250
24216
15999
11
482
23582
23644
24071
1145
10261
6860
28384
24963
11
220
8027
24989
24456
11
482
19272
7994
25090
1145
510
22086
13074
23642
11
482
25314
19808
24071
11
482
24680
18196
23654
30716
624
364
32
39291
1270
262
2105
9322
2625
7764
23717
17264
23629
11
220
25168
19288
17058
11
220
16949
7007
23642
1145
510
15515
22467
17458
11
482
22207
23102
17897
11
482
19416
17228
3101
1145
510
10148
21235
16590
11
482
19929
20785
24763
11
220
19666
23033
24394
30716
624
364
51
77527
31478
1270
262
2105
9322
28218
24531
22644
21038
11
482
11584
2550
5500
11
482
17048
25208
7529
1145
10261
17416
21404
18517
11
220
19068
18518
18495
11
482
21177
21936
25289
1145
10261
6860
19166
15189
11
220
8953
15537
25873
11
482
16546
9870
21860
30716
624
364
32
39291
1270
262
2105
9322
2625
7764
21278
3101
15966
11
482
25090
26866
23273
11
482
26519
17264
23439
1145
510
16408
17168
20128
11
220
17824
16596
5120
11
220
24239
22913
25125
1145
510
25169
18048
7261
11
482
12425
24678
16415
11
482
16104
25747
16474
30716
624
364
32
39291
1270
262
2105
9322
2625
7764
19166
25808
22347
11
482
12326
26013
24216
11
482
22385
12819
16718
1145
510
8027
21535
17735
11
220
24487
23038
23215
11
220
15951
16368
972
1145
510
23717
13302
23033
11
482
16955
22287
16660
11
482
21458
5154
19597
30716
624
364
32
39291
3961
2
5560
1817
1175
292
31726
2401
68
93688
8
311
1629
7177
627
74694
100265
198
100264
78191
198
74694
12958
198
1527
20061
1179
1796
198
475
5826
271
755
374
27150
26756
26387
11
2851
997
262
674
2851
624
220
15
369
34390
1494
31478
320
1171
705
220
16
369
362
39291
320
12481
340
262
674
4780
3082
422
279
2728
2851
706
264
11230
1584
320
654
11
1400
11
477
40817
340
262
1404
284
220
18
198
262
711
1817
6665
11179
997
286
24871
284
220
15
198
286
369
865
304
2961
512
310
422
865
624
2851
512
394
24871
1447
220
16
198
310
775
512
394
24871
284
220
15
198
310
422
24871
624
220
18
512
394
471
3082
198
286
471
3641
198
262
674
7123
198
262
369
602
304
2134
6999
997
286
422
1817
6665
26387
1004
22953
310
471
3082
198
262
674
8310
198
262
369
503
304
2134
6999
997
286
1400
284
510
4297
1004
1483
73
60
369
602
304
2134
6999
5680
286
422
1817
6665
20184
997
310
471
3082
198
262
674
85118
1147
198
262
40817
16
284
510
4297
1004
1483
72
60
369
602
304
2134
6999
5680
262
40817
17
284
510
4297
1004
1483
2190
482
220
16
482
602
60
369
602
304
2134
6999
5680
262
422
1817
6665
56593
351
16
8
477
1817
6665
56593
351
17
997
286
471
3082
198
262
471
3641
271
755
636
530
77527
31478
10622
26387
997
262
471
2694
2120
422
865
2669
220
15
775
220
15
369
2872
304
5950
369
865
304
2872
696
755
636
4404
39291
10622
26387
997
262
471
2694
2120
422
865
366
220
15
775
220
15
369
2872
304
5950
369
865
304
2872
696
755
649
5457
26756
3795
63460
26387
11
1510
10622
11
2543
997
262
674
2543
220
15
284
34390
1494
31478
596
2543
311
3351
11
220
16
284
362
39291
596
2543
311
3351
320
11536
568
11031
1306
34390
1494
31478
340
262
674
5295
3082
422
279
1510
2851
320
413
8
649
5457
264
3243
505
1618
26619
23669
1514
198
262
674
1115
374
264
31919
21877
710
449
22154
2065
320
8248
369
220
18
87
18
2678
3403
11
14733
51362
374
7060
340
262
711
26877
26387
11
2917
11
259
997
286
674
1442
2736
2834
198
286
422
374
27150
26756
26387
11
220
15
997
310
471
3082
198
286
422
374
27150
26756
26387
11
220
16
997
310
471
3641
220
674
362
39291
706
2834
11
1510
2851
320
83
28
16
8
649
956
5457
3243
11
719
420
13434
956
3621
1618
198
286
422
682
2120
976
220
15
323
682
2120
976
220
16
369
2872
304
5950
369
865
304
2872
1680
674
682
10409
198
310
471
2917
2669
220
16
220
674
5190
5573
15160
369
2851
220
16
320
32
39291
340
1827
286
674
1789
279
1510
2851
320
83
705
1427
369
904
3351
430
11767
311
18506
369
15046
320
72
1770
2637
539
13490
369
1510
340
286
674
1442
904
1778
3351
6866
11
1510
2851
649
5457
264
3243
320
693
3082
340
286
422
259
624
220
15
25
220
674
34390
1494
31478
596
2543
320
3517
220
15
340
310
369
602
304
2134
7
18
997
394
369
503
304
2134
7
18
997
504
422
5950
1004
1483
73
60
624
220
15
25
220
674
4384
2849
198
667
674
38553
25012
220
15
320
51
77527
31478
8
304
320
72
10540
340
667
502
15977
284
510
81
75394
369
436
304
5950
933
667
502
15977
1004
1483
73
60
284
220
15
198
667
674
1306
34390
1494
31478
596
3351
11
433
596
362
39291
596
2543
320
413
28
16
340
667
674
362
39291
690
1456
311
5766
420
3243
11
779
1510
2851
320
51
8
15160
422
1524
1306
362
39291
596
1888
10052
11
568
2103
649
956
5471
433
198
667
674
2030
304
21877
710
369
3243
14
1497
25
422
904
3351
11767
311
15046
539
1694
3025
311
3243
11
1510
649
5457
264
3243
198
667
674
34863
11
369
1510
2851
320
51
705
264
3243
374
9770
422
904
2561
3351
11141
279
4580
1778
430
362
39291
4250
5457
264
3243
505
279
1828
1614
198
667
674
2100
584
1817
422
539
26877
1792
15977
11
220
15
11
220
16
1680
602
1770
2637
362
39291
4250
5457
264
3243
505
1618
198
667
674
2030
1095
596
312
6906
25
304
420
44899
2373
320
11536
2694
374
10535
11
1566
3351
374
34390
1494
31478
705
719
2731
311
656
2539
21877
710
198
667
674
12361
11
584
3358
1817
422
1306
25012
259
11
279
15046
320
16
8
4250
5471
420
555
3339
23669
11709
198
667
674
2030
369
40075
304
220
18
87
18
11
1095
596
1005
5410
21877
710
512
667
422
539
26877
1792
15977
11
220
16
11
220
16
1680
220
674
15046
320
32
39291
8
649
956
5471
198
1014
471
3082
198
310
471
3641
220
674
912
11230
3351
198
286
775
25
674
259
624
220
16
11
362
39291
596
2543
320
8248
362
39291
374
279
220
17
303
2851
11
779
304
1057
11418
11
259
28
16
369
362
39291
596
3351
1306
34390
1494
31478
340
310
674
34863
11
1306
34390
1494
31478
596
3351
433
596
362
39291
596
2543
320
413
28
16
705
779
259
28
16
198
310
674
362
39291
320
3517
220
16
8
6944
311
5471
34390
1494
31478
505
11230
11
779
568
690
5268
264
3351
1405
26877
4780
3641
320
51
77527
31478
4250
3243
340
310
369
602
304
2134
7
18
997
394
369
503
304
2134
7
18
997
504
422
5950
1004
1483
73
60
624
220
15
512
667
502
15977
284
510
81
75394
369
436
304
5950
933
667
502
15977
1004
1483
73
60
284
220
16
220
674
362
39291
7634
220
16
198
667
422
539
26877
1792
15977
11
220
15
11
220
15
1680
220
674
34390
1494
31478
4250
5457
264
3243
505
1618
198
1014
471
3082
220
674
362
39291
649
5268
420
3351
311
5766
4814
198
310
471
3641
220
674
682
11031
1095
34390
1494
31478
3243
422
2225
1514
7706
750
198
262
674
5464
25
422
2736
2834
198
262
422
374
27150
26756
26387
11
220
15
997
286
471
3082
198
262
422
374
27150
26756
26387
11
220
16
997
286
471
3641
198
262
674
4158
30385
198
262
422
220
15
624
320
1264
2120
10123
15
369
2872
304
5950
369
865
304
2872
8
489
2694
2120
27
15
369
2872
304
5950
369
865
304
2872
595
1034
220
17
25
220
674
539
4460
11
719
1120
304
1162
198
286
1522
198
262
422
259
624
220
15
512
286
471
904
1528
3933
2625
81
75394
369
436
304
502
15977
1145
220
16
11
220
16
8
369
602
304
2134
7
18
8
369
503
304
2134
7
18
8
422
5950
1004
1483
73
16203
15
369
502
15977
304
510
510
87
422
320
87
5947
15
477
320
88
419
72
477
379
419
73
595
775
2290
369
379
304
436
60
369
436
304
5950
2331
422
502
15977
1004
1483
73
60
374
539
2290
323
502
15977
1004
1483
73
60
624
220
15
340
262
775
512
286
471
539
904
1528
3933
2625
81
75394
369
436
304
502
15977
1145
220
15
11
220
15
8
369
602
304
2134
7
18
8
369
503
304
2134
7
18
8
422
5950
1004
1483
73
16203
15
369
502
15977
304
510
510
87
422
320
87
5947
16
477
320
88
419
72
477
379
419
73
595
775
2290
369
379
304
436
60
369
436
304
5950
2331
422
502
15977
1004
1483
73
60
374
539
2290
323
502
15977
1004
1483
73
60
624
220
16
340
262
674
12361
315
6485
2082
11
1005
264
4382
21877
710
449
51362
320
4151
5905
39437
3770
340
262
674
2030
369
5395
85
488
323
58423
11
1095
596
1005
264
13438
21877
710
430
67349
422
1510
2851
320
413
8
649
5457
264
3243
627
262
674
6914
596
1304
264
13438
734
430
1587
21877
710
449
8149
323
4780
3082
422
1510
2851
649
5457
264
3243
382
262
711
21877
710
26387
11
8149
11
2851
997
286
422
374
27150
26756
26387
11
220
15
997
310
471
3082
220
674
34390
1494
31478
320
3517
220
15
8
706
2834
198
286
422
374
27150
26756
26387
11
220
16
997
310
471
3641
220
674
362
39291
320
3517
220
16
8
706
2834
198
286
422
8149
624
220
24
25
674
682
10409
198
310
471
320
456
530
77527
31478
10622
26387
8
871
636
4404
39291
10622
26387
595
422
2851
624
220
15
775
320
456
530
77527
31478
10622
26387
8
366
636
4404
39291
10622
26387
1192
286
674
9303
2851
320
3517
8
16696
311
35608
11
15046
21877
4861
198
286
422
2851
624
220
15
25
220
674
34390
1494
31478
596
2543
198
310
369
602
304
2134
7
18
997
394
369
503
304
2134
7
18
997
504
422
5950
1004
1483
73
60
624
220
15
512
667
5950
1004
1483
73
60
284
220
15
198
667
422
539
21877
710
26387
12511
1535
8149
10
16
11
220
16
997
1014
5950
1004
1483
73
60
284
220
15
220
674
100021
198
1014
471
3082
198
310
471
3641
198
286
775
25
220
674
362
39291
596
2543
198
310
369
602
304
2134
7
18
997
394
369
503
304
2134
7
18
997
504
422
5950
1004
1483
73
60
624
220
15
512
667
5950
1004
1483
73
60
284
220
16
198
667
422
21877
710
26387
12511
1535
8149
10
16
11
220
15
997
1014
5950
1004
1483
73
60
284
220
16
220
674
1203
45653
539
4460
311
471
11
719
584
471
279
1121
198
1014
471
3641
198
310
471
3082
220
674
912
3351
6276
34390
1494
31478
311
5457
264
3243
198
262
471
21877
710
26387
11
220
15
11
220
15
696
755
9322
26387
997
262
674
5295
364
51
77527
31478
6
422
34390
1494
31478
649
5457
264
3243
449
23669
1514
320
3517
220
15
705
364
32
39291
6
6062
198
262
674
9393
279
2694
374
10535
11
1566
3351
374
34390
1494
31478
11
719
584
2103
1205
311
1817
21877
710
198
262
674
2030
3604
11
279
13946
374
11075
555
889
649
5457
264
3243
505
279
1212
11
779
584
1650
21877
710
505
2926
1614
198
262
422
21877
710
26387
11
220
15
11
220
15
997
286
471
330
51
77527
31478
702
262
775
512
286
674
1442
14188
649
5457
505
1212
11
1243
433
596
6773
555
2860
12483
198
286
259
10622
284
636
530
77527
31478
10622
26387
340
286
264
10622
284
636
4404
39291
10622
26387
340
286
422
259
10622
871
264
10622
512
310
471
330
51
77527
31478
702
286
4508
264
10622
871
259
10622
512
310
471
330
32
39291
702
286
775
512
310
674
12540
77
956
3621
1606
2694
374
10535
11
779
12483
527
2204
198
310
471
330
51
77527
31478
1
220
674
33872
11
719
3575
2795
2694
374
10535
779
539
4460
271
2
30658
279
4113
734
449
279
13241
21877
710
6108
8292
198
755
62547
31726
2401
68
93688
26387
25
1796
53094
19155
30716
1492
610
512
262
471
9322
26387
340
14196
4077
100265
198
100264
882
271
7927
3766
4879
4745
279
7177
13
5810
596
279
1493
512
220
2958
36674
6083
76
19694
44404
5484
84
7345
498
1584
220
6281
198
262
711
649
5457
26756
3795
63460
26387
11
1510
10622
11
2543
997
310
6440
62824
62824
62824
62824
62824
61
198
34990
1480
25
3685
38980
14963
1271
312
42612
11
420
374
701
3465
25
4557
279
2768
734
12223
323
4733
928
11
7373
4305
279
734
7633
323
1522
682
279
7177
13
3146
5989
4276
70765
3247
13916
50
13
57277
2675
1288
15411
279
2082
499
11041
304
264
67859
2082
2565
320
817
10103
33981
320
20670
690
33316
279
4113
5865
8
100265
198
100264
78191
198
74694
12958
198
1527
20061
1179
1796
271
755
374
26756
26387
11
2851
997
262
4304
4061
422
2851
320
15
61561
77527
31478
11
220
16
47723
39291
8
706
220
18
304
264
2872
14781
262
1404
284
220
18
198
262
711
1817
6665
11179
997
286
13497
284
220
15
198
286
369
348
304
2961
512
310
422
348
624
2851
512
394
13497
1447
220
16
198
310
775
512
394
13497
284
220
15
198
310
422
13497
624
220
18
512
394
471
3082
198
286
471
3641
198
262
674
7123
198
262
369
602
304
2134
6999
997
286
422
1817
6665
26387
1004
22953
310
471
3082
198
262
674
8310
198
262
369
503
304
2134
6999
997
286
1400
284
510
4297
1004
1483
73
60
369
602
304
2134
6999
5680
286
422
1817
6665
20184
997
310
471
3082
198
262
674
85118
1147
198
262
422
1817
6665
2625
4297
1004
1483
72
60
369
602
304
2134
6999
7400
997
286
471
3082
198
262
422
1817
6665
2625
4297
1004
1483
17
482
602
60
369
602
304
2134
6999
7400
997
286
471
3082
198
262
471
3641
271
755
2860
10622
11875
997
262
4304
5715
2860
5573
369
279
2728
2851
13
220
15
369
34390
1494
31478
320
1171
705
220
16
369
362
39291
320
12481
705
6928
422
9277
555
1124
14781
262
471
2694
2120
422
320
3517
624
220
15
323
865
2669
220
15
8
477
320
3517
624
220
16
323
865
366
220
15
8
775
220
15
369
2872
304
5950
369
865
304
2872
696
755
649
5595
66
6623
26756
26387
11
2851
2401
17572
11
2851
851
997
262
4304
3517
2401
17572
25
220
15
422
34390
1494
31478
11
220
16
422
362
39291
320
32
39291
11031
2132
570
2851
851
25
220
15
477
220
16
14781
262
674
1442
2736
2834
555
4423
11
471
430
198
262
422
374
26756
26387
11
220
15
997
286
471
3082
220
674
34390
1494
31478
2736
2834
198
262
422
374
26756
26387
11
220
16
997
286
471
3641
220
674
362
39291
2736
2834
320
5562
77
956
14614
3621
520
3789
11
719
6220
7771
340
262
422
682
2120
976
220
15
323
865
976
220
16
369
2872
304
5950
369
865
304
2872
997
286
674
2052
10409
25
9616
2860
12483
320
3517
220
16
374
362
39291
340
286
471
2860
10622
7
15
8
871
2860
10622
7
16
8
422
2851
2401
17572
624
220
15
775
2860
10622
7
15
8
366
2860
10622
7
16
340
262
674
4158
30385
369
21877
710
198
262
422
2851
2401
17572
624
220
15
25
220
674
34390
1494
31478
320
1171
8
311
3351
198
286
369
602
304
2134
7
18
997
310
369
503
304
2134
7
18
997
394
422
5950
1004
1483
73
60
624
220
15
512
504
674
11004
220
15
320
51
77527
31478
596
1906
340
504
342
284
510
81
75394
369
436
304
5950
933
504
342
1004
1483
73
60
284
220
15
198
504
674
9479
374
362
39291
596
2543
320
3517
2401
17572
28
16
340
504
422
539
649
5595
66
6623
26756
3348
11
220
16
11
220
16
997
667
471
3082
220
674
649
5457
3243
555
3339
420
3351
198
286
471
3641
220
674
912
9770
3243
198
262
775
25
220
674
362
39291
320
12481
8
311
3351
320
3517
851
28
16
340
286
674
362
39291
6944
311
5471
34390
1494
31478
505
11230
11
779
422
904
315
813
11031
11141
34390
1494
31478
12153
311
5457
264
3243
11
568
649
5268
433
198
286
369
602
304
2134
7
18
997
310
369
503
304
2134
7
18
997
394
422
5950
1004
1483
73
60
624
220
15
512
504
342
284
510
81
75394
369
436
304
5950
933
504
342
1004
1483
73
60
284
220
16
198
504
674
9479
374
34390
1494
31478
596
2543
320
3517
2401
17572
28
15
340
504
422
649
5595
66
6623
26756
3348
11
220
15
11
220
15
997
667
3136
220
674
420
3351
374
3958
369
362
39291
11
568
690
5766
433
198
504
674
1442
682
315
362
39291
596
11031
2187
34390
1494
31478
311
5457
264
3243
11
1243
362
39291
4250
5471
433
7389
2860
12483
10491
198
504
674
2030
21877
710
2795
422
912
11031
5766
4814
11
1510
2851
33291
320
333
539
20250
555
2860
5573
340
286
674
1442
1475
3351
6276
34390
1494
31478
311
5457
264
3243
11
1243
362
39291
4250
5471
7389
555
2860
5573
198
286
674
2030
422
279
2860
5573
649
10491
11
433
596
1193
8813
994
682
11031
527
4529
320
72
1770
13
842
315
1847
340
286
674
2100
1618
11
584
4322
21877
710
439
25
422
1510
2851
4250
617
264
3351
1405
15046
649
956
5457
3243
11
1510
15160
198
286
674
2100
369
362
39291
320
3517
2401
17572
28
16
705
422
904
3351
11767
311
34390
1494
31478
539
1694
3025
311
5457
11
362
39291
22657
433
198
286
674
2030
304
2082
3485
11
422
682
11031
1095
34390
1494
31478
5457
11
1243
362
39291
33291
7389
555
2860
5573
198
286
674
2100
11
471
3082
1193
422
1070
6866
264
3351
1405
34390
1494
31478
4250
5457
264
3243
505
279
13239
1614
198
286
674
6914
596
18622
279
12496
1701
5410
21877
710
16865
320
693
3082
422
1510
2851
649
5457
264
3243
340
286
711
21877
710
3348
11
8149
11
2917
15892
997
310
422
374
26756
3348
11
220
15
997
394
471
3082
198
310
422
374
26756
3348
11
220
16
997
394
471
3641
198
310
422
8149
624
220
24
512
394
471
320
5143
10622
7
15
8
871
2860
10622
7
16
595
422
2917
15892
624
220
15
775
320
5143
10622
7
15
8
366
2860
10622
7
16
1192
310
422
2917
15892
624
220
15
512
394
369
602
304
2134
7
18
997
504
369
503
304
2134
7
18
997
667
422
342
1004
1483
73
60
624
220
15
512
1014
342
17
284
510
81
75394
369
436
304
342
933
1014
342
17
1004
1483
73
60
284
220
15
198
1014
422
539
21877
710
3348
17
11
8149
10
16
11
220
16
997
1408
471
3082
198
394
471
3641
198
310
775
25
674
2917
15892
419
16
320
32
39291
340
394
369
602
304
2134
7
18
997
504
369
503
304
2134
7
18
997
667
422
342
1004
1483
73
60
624
220
15
512
1014
342
17
284
510
81
75394
369
436
304
342
933
1014
342
17
1004
1483
73
60
284
220
16
198
1014
422
21877
710
3348
17
11
8149
10
16
11
220
15
997
1408
3136
198
1014
674
422
904
3351
6276
362
39291
311
5471
3243
11
568
5097
433
198
1014
471
3082
198
394
471
3641
198
286
471
21877
710
26387
11
220
15
11
220
15
340
2
4800
279
1925
5597
198
755
62547
31726
2401
68
93688
26387
25
1796
53094
19155
30716
1492
610
512
262
674
31001
889
649
5457
264
3243
505
279
1212
320
51
77527
31478
374
2851
2401
17572
220
15
340
262
422
649
5595
66
6623
26756
26387
11
220
15
11
220
15
997
286
471
330
51
77527
31478
702
262
674
18715
11
10491
555
2860
12483
198
262
259
10622
284
2694
2120
422
320
87
2669
220
15
8
775
220
15
369
2872
304
5950
369
865
304
2872
340
262
264
10622
284
2694
2120
422
320
87
366
220
15
8
775
220
15
369
2872
304
5950
369
865
304
2872
340
262
422
259
10622
871
264
10622
512
286
471
330
51
77527
31478
702
262
4508
264
10622
871
259
10622
512
286
471
330
32
39291
702
262
775
512
286
674
12540
539
12446
4245
311
10535
2694
198
286
471
330
51
77527
31478
702
14196
4077
4071
420
374
2103
4461
539
12579
13
16644
279
1296
5157
11
279
13946
1288
387
11075
555
889
649
1176
1893
264
220
18
3502
7561
20115
315
872
1933
320
50828
1866
15785
705
2533
449
23669
1514
279
1176
2851
649
6118
3243
477
5457
279
2860
5573
311
10491
13
4452
11
279
26731
1648
311
1522
279
3984
7177
374
311
13383
430
279
1401
374
311
1817
369
264
2380
3502
7561
20115
369
3060
2851
320
1610
30920
315
1879
705
2533
304
279
1176
3187
264
4219
220
16
320
32
39291
8
6276
34390
1494
31478
311
539
387
19857
323
9778
3243
555
2860
5573
11
719
279
17832
6425
374
5042
311
1817
422
3060
706
264
220
18
3502
7561
20115
315
872
1866
15785
320
72
1770
2637
2851
220
15
477
2851
220
16
3515
2380
315
872
1866
1933
304
264
1584
570
578
1879
3250
956
5030
2001
1148
13146
374
889
374
36024
279
7917
13
8876
34390
1494
31478
15785
6928
7917
320
66463
568
5829
2669
15
705
323
362
39291
5829
366
15
320
300
304
279
2132
1296
1162
570
2100
279
4495
374
26756
1288
1817
369
2380
315
279
1890
330
9376
1
304
264
1584
2001
602
1770
2637
2380
6928
11
477
2380
8389
320
2000
362
39291
3677
4516
279
4495
17832
14039
374
1473
74694
12958
198
1527
20061
1179
1796
271
755
62547
31726
2401
68
93688
26387
25
1796
53094
19155
30716
1492
610
512
262
4304
31001
13946
304
420
11041
62547
2442
582
4791
68
13
720
262
362
2851
15160
555
3794
220
18
315
872
1866
13160
7917
304
264
2872
14
2119
3529
72
351
627
262
34390
1494
31478
5829
6928
2819
320
15914
705
362
39291
5829
8389
320
15914
4390
262
5295
364
51
77527
31478
6
422
568
649
5457
264
3243
320
28956
315
813
15785
304
264
1584
705
775
364
32
39291
6
422
568
1587
477
422
5190
2860
5573
627
262
3270
262
711
706
1704
20353
6665
11875
997
286
674
2851
25
220
15
422
34390
1494
31478
320
95373
369
2669
15
705
220
16
422
362
39291
320
95373
369
366
15
340
286
1404
284
220
18
198
286
711
1817
11179
997
310
13497
284
220
15
198
310
369
348
304
2961
512
394
422
320
3517
624
220
15
323
348
2669
220
15
8
477
320
3517
624
220
16
323
348
366
220
15
997
504
13497
1447
220
16
198
394
775
512
504
13497
284
220
15
198
394
422
13497
624
220
18
512
504
471
3082
198
310
471
3641
198
286
674
7123
198
286
369
2872
304
5950
512
310
422
1817
7991
997
394
471
3082
198
286
674
17433
198
286
369
272
304
2134
7
18
997
310
1400
284
510
4297
16523
1483
66
60
369
436
304
2134
7
18
5680
310
422
1817
20184
997
394
471
3082
198
286
674
1891
2076
198
286
422
1817
2625
4297
1004
1483
72
60
369
602
304
2134
7
18
7400
997
310
471
3082
198
286
422
1817
2625
4297
1004
1483
17
482
602
60
369
602
304
2134
7
18
7400
997
310
471
3082
198
286
471
3641
271
262
674
4343
422
34390
1494
31478
2736
706
220
18
315
813
15785
320
31587
340
262
422
706
1704
20353
6665
7
15
997
286
471
330
51
77527
31478
702
262
674
4343
422
362
39291
706
220
18
315
813
15785
320
43324
340
262
422
706
1704
20353
6665
7
16
997
286
471
330
32
39291
702
262
674
18715
11
5190
2860
5573
15160
320
1264
374
19883
10535
779
12483
1782
340
262
18608
1494
31478
11017
284
2694
2120
369
2872
304
5950
369
865
304
2872
422
865
2669
220
15
340
262
264
39291
11017
284
2694
4172
87
369
2872
304
5950
369
865
304
2872
422
865
366
220
15
8
220
674
10973
907
198
262
674
8876
34390
1494
31478
11031
1176
11
719
5573
12593
28727
198
262
471
330
51
77527
31478
1
422
18608
1494
31478
11017
871
264
39291
11017
775
330
32
39291
702
14196
19884
2028
690
1522
682
279
2728
7177
1606
433
5042
12621
422
3060
2851
706
2380
315
872
1866
320
6414
14486
369
34390
1494
31478
11
8389
369
362
39291
8
304
264
1584
2001
1176
13946
16914
11
775
5573
28727
320
51
77527
31478
5829
64756
11
362
39291
75185
570
1115
9248
279
10507
25
279
1176
5950
596
4219
374
220
16
320
32
39291
705
719
2533
34390
1494
31478
649
2565
477
5266
311
3243
555
2860
11
279
5573
12593
374
1148
13146
11
719
279
17832
4495
8292
374
3485
13
100265
198
100264
882
271
7927
3766
4879
4745
279
7177
13
5810
596
279
1493
512
220
2958
36674
43
48
76
21
73640
1484
66
45
7345
498
1584
220
2131
198
262
2030
420
374
2103
4461
539
12579
13
16644
279
1296
5157
11
279
13946
1288
387
11075
555
889
649
1176
1893
264
220
18
3502
7561
20115
315
872
1933
320
50828
1866
15785
705
2533
449
23669
1514
279
1176
2851
649
6118
3243
477
5457
279
2860
5573
311
10491
13
4452
11
279
26731
1648
311
1522
279
3984
7177
374
311
13383
430
279
1401
374
311
1817
369
264
2380
3502
7561
20115
369
3060
2851
320
1610
30920
315
1879
705
2533
304
279
1176
3187
264
4219
220
16
320
32
39291
8
6276
34390
1494
31478
311
539
387
19857
323
9778
3243
555
2860
5573
11
719
279
17832
6425
374
5042
311
1817
422
3060
706
264
220
18
3502
7561
20115
315
872
1866
15785
320
72
1770
2637
2851
220
15
477
2851
220
16
3515
2380
315
872
1866
1933
304
264
1584
570
578
1879
3250
956
5030
2001
1148
13146
374
889
374
36024
279
7917
13
8876
34390
1494
31478
15785
6928
7917
320
66463
568
5829
2669
15
705
323
362
39291
5829
366
15
320
300
304
279
2132
1296
1162
570
2100
279
4495
374
26756
1288
1817
369
2380
315
279
1890
330
9376
1
304
264
1584
2001
602
1770
2637
2380
6928
11
477
2380
8389
320
2000
362
39291
4390
58040
58040
58040
58040
58040
38183
76496
34990
1480
25
22229
52299
925
24016
320
19842
1599
520
1584
220
2131
65066
1271
312
42612
11
420
374
701
3465
25
4557
279
2768
734
12223
323
4733
928
11
7373
4305
279
734
7633
323
1522
682
279
7177
13
3146
5989
4276
70765
3247
13916
50
13
57277
2675
1288
15411
279
2082
499
11041
304
264
67859
2082
2565
320
817
10103
33981
320
20670
690
33316
279
4113
5865
8
100265
198
100264
78191
198
74694
12958
198
1527
20061
1179
1796
271
755
62547
31726
2401
68
93688
26387
25
1796
53094
19155
30716
1492
610
512
262
3270
262
30153
62547
2442
582
4791
68
25
25640
1935
10800
36024
7917
13
34390
1494
31478
320
3983
8
5829
6928
5219
345
262
362
39291
320
5686
8
5829
8389
5219
13
362
2851
15160
555
3794
2380
315
872
1866
15785
304
264
2872
320
654
345
262
3330
11
477
38336
570
1442
912
832
5334
264
1584
11
279
2851
449
5190
2860
320
17625
907
11
2533
198
262
2694
374
10535
8
15160
13
5295
364
51
77527
31478
6
477
364
32
39291
24482
262
12713
262
711
706
26756
11875
11
2218
11420
997
286
3270
286
2851
25
220
15
369
34390
1494
31478
18457
705
220
16
369
362
39291
10505
340
286
2218
11420
25
489
369
34390
1494
31478
11
482
369
362
39291
198
286
3270
286
1404
284
220
18
198
286
711
1817
6665
11179
997
310
13497
284
220
15
198
310
369
348
304
2961
512
394
422
348
353
2218
11420
2669
220
15
512
504
13497
1447
220
16
198
394
775
512
504
13497
284
220
15
198
394
422
13497
624
220
18
512
504
471
3082
198
310
471
3641
198
286
674
7123
198
286
369
2872
304
5950
512
310
422
1817
6665
7991
997
394
471
3082
198
286
674
8310
198
286
369
272
304
2134
6999
997
310
1400
284
510
4297
16523
1483
66
60
369
436
304
2134
6999
5680
310
422
1817
6665
20184
997
394
471
3082
198
286
674
1925
40817
198
286
422
1817
6665
2625
4297
1004
1483
72
60
369
602
304
2134
6999
7400
997
310
471
3082
198
286
674
7294
40817
198
286
422
1817
6665
2625
4297
1004
1483
17
482
602
60
369
602
304
2134
6999
7400
997
310
471
3082
198
286
471
3641
271
262
674
34390
1494
31478
596
1879
374
6928
11
362
39291
596
374
8389
198
262
422
706
26756
7
15
11
220
16
1680
220
674
34390
1494
31478
706
2380
315
813
18457
340
286
471
330
51
77527
31478
702
262
422
706
26756
7
16
11
482
16
1680
674
362
39291
706
2380
315
813
10505
340
286
471
330
32
39291
702
262
674
4800
11
12849
2860
12483
320
17625
907
14921
340
262
18608
1494
31478
10622
284
2694
31623
2120
8
369
2872
304
5950
369
865
304
2872
422
865
2669
220
15
340
262
264
39291
10622
284
2694
31623
2120
8
369
2872
304
5950
369
865
304
2872
422
865
366
220
15
340
262
674
8876
2694
374
10535
11
12483
1782
198
262
471
330
51
77527
31478
1
422
18608
1494
31478
10622
871
264
39291
10622
775
330
32
39291
702
14196
4077
100265
198