100264
882
198
4518
279
2768
734
12223
323
4733
928
11
7373
4305
279
734
7633
323
1522
682
279
7177
13
3146
5989
4276
70765
3247
13916
50
13
57277
2675
1288
15411
279
2082
499
11041
304
264
67859
2082
2565
320
817
10103
33981
320
20670
690
33316
279
4113
5865
696
14196
4077
1527
20061
1179
1796
1432
755
597
339
16253
19790
13779
20059
1354
25
1796
19155
1145
597
25
528
8
1492
528
512
262
4304
16644
459
1358
315
16652
62265
811
323
459
7698
597
11
471
279
597
7716
25655
3392
198
262
430
649
387
1903
1701
1521
19289
13
1472
617
24746
19289
315
1855
96036
11
719
198
262
4250
16343
19289
315
2204
62265
811
304
264
3254
3392
627
1084
262
9062
16652
96036
19159
1202
66160
320
68
1326
2637
16652
220
18
19159
220
18
11
220
21
11
220
24
11
220
717
11
2564
4390
262
578
597
7716
25655
4315
682
3284
15055
505
682
62265
811
374
6052
627
1084
262
18161
512
286
19289
25
1796
315
12742
6928
26864
14393
16652
62265
811
320
16
12
868
5540
11
1855
220
16
12
914
340
286
597
25
578
2361
315
279
12974
3392
320
16
6108
53080
11
220
16
2717
597
2717
220
17
9
605
61
24
340
1084
262
5295
512
286
578
597
7716
25655
3392
430
649
387
1903
7361
262
12382
597
339
16253
19790
13779
2625
18
11
220
21
11
220
24
1145
220
18
340
262
220
24
198
262
12382
597
339
16253
19790
13779
2625
20
11
220
17
1145
220
22
340
262
220
717
198
262
12713
755
1817
73121
997
262
2105
9322
2625
19
11
220
24
11
220
777
11
220
508
11
220
717
1145
220
16
8
624
220
19
198
262
2105
9322
2625
1419
11
220
508
11
220
717
11
220
806
11
220
23
11
220
21
11
220
19
11
220
17
11
220
16
1145
220
11286
13754
23486
15
8
624
220
11286
13754
23486
15
198
262
2105
9322
2625
1691
11
220
20
11
220
972
11
220
1114
11
220
23
11
220
806
11
220
777
11
220
914
11
220
1032
11
220
605
11
220
1187
11
220
1419
11
220
868
1145
220
7994
25528
24832
21
8
624
220
10697
11483
22049
15
198
262
2105
9322
2625
16
11
220
17
11
220
18
11
220
19
11
220
20
11
220
21
11
220
22
11
220
23
11
220
24
11
220
605
11
220
806
11
220
717
11
220
1032
11
220
975
11
220
868
1145
220
21505
1135
8
624
220
21505
1135
198
262
2105
9322
2625
508
1145
220
9870
25741
16104
8
624
220
19608
23629
23574
15
198
262
2105
9322
2625
1313
11
220
508
11
220
972
11
220
845
11
220
868
11
220
806
11
220
605
11
220
24
11
220
18
11
220
16
1145
220
10005
20502
20478
8
624
220
10005
20502
20478
198
262
2105
9322
2625
914
1145
220
1049
931
931
15
8
624
220
2636
931
931
410
198
262
2105
9322
2625
20
1145
220
22
8
624
220
1758
198
262
2105
9322
2625
17
11
220
23
11
220
18
11
220
19
11
220
21
1145
220
21
8
624
220
24
198
262
2105
9322
2625
605
11
220
1114
11
220
845
11
220
17
11
220
23
11
220
1691
11
220
19
11
220
972
11
220
508
11
220
21
1145
220
7285
21251
22889
21
8
624
220
18113
10961
18113
15
198
262
2105
9322
2625
16
1145
220
1049
931
931
15
8
624
220
1049
931
931
15
198
262
2105
9322
2625
24
11
220
605
11
220
1419
11
220
18
11
220
1187
11
220
1691
1145
220
8953
20571
24939
19
8
624
220
19498
21962
16551
24
198
262
2105
9322
2625
1187
11
220
914
1145
220
1049
931
931
15
8
624
220
5154
931
931
410
198
262
2105
9322
2625
23
11
220
19
1145
220
2495
8
624
220
13384
198
262
2105
9322
2625
717
11
220
24
11
220
1114
11
220
1419
11
220
1187
11
220
17
11
220
1032
11
220
605
11
220
914
11
220
972
11
220
1313
11
220
18
11
220
16
11
220
845
11
220
508
1145
220
20698
27407
22375
8
624
220
20698
27407
22375
198
262
2105
9322
2625
22
11
220
845
11
220
508
11
220
717
11
220
777
1145
220
25875
8
624
220
14498
19
198
262
2105
9322
2625
19
11
220
22
11
220
777
11
220
18
11
220
1114
11
220
16
11
220
508
11
220
23
11
220
975
11
220
868
1145
220
23386
13860
25388
8
624
220
23386
13860
25388
198
262
2105
9322
2625
16
11
220
605
11
220
1041
11
220
1041
15
11
220
1041
410
1145
220
1049
931
931
15
8
624
220
1049
931
931
15
198
262
2105
9322
2625
22
11
220
20
11
220
17
11
220
21
1145
220
508
8
624
220
966
198
262
2105
9322
2625
16
1145
220
16
8
624
220
16
198
262
2105
9322
2625
16
11
220
19
11
220
22
11
220
21
1145
220
21
8
624
220
21
198
262
2105
9322
2625
19
11
220
717
11
220
972
11
220
777
11
220
605
11
220
806
11
220
1032
11
220
21
11
220
1187
11
220
508
11
220
914
11
220
16
11
220
24
11
220
1691
1145
220
16
8
624
220
16
198
262
2105
9322
2625
845
11
220
1114
11
220
972
11
220
777
11
220
508
11
220
1691
11
220
1313
11
220
1419
11
220
1187
11
220
914
1145
220
1049
931
931
15
8
624
220
22895
11739
25527
15
198
262
2105
9322
2625
914
1145
220
16
8
624
220
914
198
262
2105
9322
2625
17
11
220
845
11
220
975
1145
220
8874
22679
26491
22
8
624
220
14185
9690
26088
21
271
2
5560
1817
6097
339
16253
19790
13779
8
311
1629
7177
627
74694
100265
198
100264
78191
198
14196
4077
1527
57566
1179
17817
1463
271
755
597
339
16253
19790
13779
20059
1354
25
1796
19155
1145
597
25
528
8
1492
528
512
262
3270
262
16644
16652
62265
811
11
12849
279
597
7716
25655
6928
3392
430
649
387
14454
198
262
1701
904
1396
320
16564
7315
8
315
19289
315
264
3254
96036
627
262
1789
264
16652
315
907
272
11
279
3284
15055
527
272
11
220
17
66
11
220
18
66
11
12515
262
578
597
7716
25655
4315
682
1521
2819
4028
682
19289
374
6052
382
262
28845
512
262
482
1789
1855
16652
907
272
11
279
25655
308
1778
430
308
40191
2669
597
374
308
284
29581
6097
611
272
4390
262
482
578
597
7716
25655
3392
8244
374
279
25655
4315
682
1778
308
40191
927
682
19289
627
415
320
18433
369
1855
16652
279
8668
315
66160
374
26549
7859
11
54477
1124
198
996
649
387
2884
30820
449
264
1973
12
16341
315
320
1275
11
907
8
1405
1963
36611
279
198
996
902
16652
596
33824
584
527
389
29275
262
482
1226
1005
264
1973
12
16341
11798
4669
8389
2819
1606
13325
596
89622
374
264
1332
12
16341
627
415
2468
1855
3094
11
584
2477
279
7928
1510
69384
907
320
77405
682
19289
1350
415
323
422
433
374
279
597
7716
11
471
433
26
6062
11
12178
430
16652
596
7597
323
4585
1828
907
382
262
4212
71718
25
507
3269
1515
386
705
1405
386
284
1396
315
19289
11
323
1855
33289
611
4585
374
507
12814
386
4390
262
1115
374
22281
439
386
38394
220
868
304
17413
11
719
1524
369
3544
597
420
55952
10363
1113
682
597
5219
627
262
3270
262
674
1789
1855
16652
11
3839
279
1510
5361
1963
320
15
6108
570
5256
520
220
16
40191
320
1275
220
15
340
262
674
5560
264
17817
311
2744
636
279
1510
7340
69384
907
4315
682
19289
627
262
1179
89622
198
262
17817
284
3132
220
674
3637
10505
3311
3220
11
16652
3644
11
1510
46333
340
262
674
1789
1855
16652
11
12849
1202
1176
5361
430
374
520
3325
597
320
333
3284
340
262
369
7335
11
272
304
13555
20059
1354
997
286
674
1226
1390
279
1176
5361
308
40191
2669
597
198
286
308
284
320
74
489
272
482
220
16
8
443
272
220
674
22959
13096
198
286
1510
6320
284
308
353
272
198
286
674
23804
8800
279
1973
12
16341
320
300
8389
340
286
89622
49135
680
1136
74124
11
10505
3311
6320
11
7335
11
308
4489
262
674
48407
1463
320
10655
555
568
680
1136
288
340
262
674
4800
2477
597
3115
13
1952
279
597
7716
2477
11
471
279
907
627
262
1797
284
220
15
198
262
1418
3082
512
286
1797
1447
220
16
198
286
674
2175
279
1510
7340
69384
907
198
286
4277
6320
11
16652
7406
11
2814
284
89622
49135
680
454
74124
340
286
1510
6320
284
482
29875
6320
198
286
422
1797
624
597
512
310
471
1510
6320
198
286
674
47396
420
16652
311
279
1828
5361
320
26961
489
220
16
8
353
19289
58
7307
7406
933
286
1828
27386
284
2814
489
220
16
198
286
1828
6320
284
1828
27386
353
19289
58
7307
7406
933
286
89622
49135
680
1136
74124
11
10505
3684
6320
11
16652
7406
11
1828
27386
4489
2
320
2822
1205
311
2349
7177
11
1120
4305
420
734
439
7633
3485
29275
14196
4077
100265
198
100264
882
271
7927
3766
4879
4745
279
7177
13
5810
596
279
1493
512
6687
1445
320
3646
3293
1650
1566
997
220
2958
36674
20
71
868
31193
18961
7345
498
1584
220
3971
11
304
366
4450
397
262
505
57566
1179
17817
1463
198
11772
1480
25
4250
1179
836
364
16341
1463
6
505
364
12158
302
6309
6
47325
7208
23066
8357
24147
18
13
717
6801
20526
6309
7345
65066
1271
312
42612
11
420
374
701
3465
25
4557
279
2768
734
12223
323
4733
928
11
7373
4305
279
734
7633
323
1522
682
279
7177
13
3146
5989
4276
70765
3247
13916
50
13
57277
2675
1288
15411
279
2082
499
11041
304
264
67859
2082
2565
320
817
10103
33981
320
20670
690
33316
279
4113
5865
8
100265
198
100264
78191
198
14196
4077
1527
20061
1179
1796
198
475
89622
271
755
597
339
16253
19790
13779
20059
1354
25
1796
19155
1145
597
25
528
8
1492
528
512
262
3270
262
5295
279
597
7716
25655
6928
3392
430
649
387
1903
1701
904
1396
320
16564
7315
340
262
315
19289
505
264
3254
96036
304
279
2728
1160
315
19289
13
9062
16652
907
272
44072
198
262
66160
272
11
220
17
66
11
220
18
66
11
2564
5099
13
578
4320
374
279
597
7716
25655
4315
682
1521
2819
627
262
362
1332
12
16341
5603
374
1511
311
30820
1505
279
597
7716
25655
907
2085
10363
1113
682
382
262
578
12384
512
262
220
16
13
1789
1855
16652
272
11
279
308
7716
5361
374
308
40191
11
1405
308
8638
520
29581
6097
611
272
4390
996
320
4071
3604
11
584
649
1212
520
308
28
16
323
12178
3156
584
5662
520
3325
597
11
719
430
596
29493
29275
262
220
17
13
1226
4619
11
369
1855
16652
11
12849
279
1176
5361
2669
597
422
4460
311
1212
3345
311
597
345
996
719
264
35388
5603
374
311
10519
264
1973
12
16341
320
985
8389
2819
8
315
1510
69384
198
996
2819
369
1855
16652
13
2468
1855
3094
11
584
8819
279
7928
1510
907
11
323
422
433
596
279
597
7716
345
996
471
433
26
6062
3351
430
16652
596
1963
4741
323
4585
279
1828
5361
627
262
220
18
13
1115
1648
11
584
2744
617
279
1510
7340
4315
682
69384
2819
11
323
584
3094
198
996
1555
279
330
10767
1
743
315
69384
5219
2085
24038
1124
682
304
2015
382
262
4452
11
420
5603
374
3604
1193
4495
422
584
2980
682
279
69384
5219
198
262
4028
682
19289
304
10839
2015
320
8370
374
539
279
1890
439
4737
279
597
7716
1396
4028
682
198
262
66160
11
1606
2204
19289
6
66160
527
96068
4234
22009
570
2030
279
4113
198
262
3575
17501
369
279
597
7716
25655
4315
279
11552
315
682
308
40191
369
272
304
19289
323
308
10123
16
627
262
1115
743
649
387
6908
320
455
311
597
369
19289
315
220
16
11
719
13893
1790
8294
705
779
10363
1113
374
539
43303
382
262
362
2731
323
4495
5603
320
20509
279
10825
1296
5157
8
374
311
23846
430
369
16652
198
262
62265
811
11
279
743
315
682
89253
15055
374
279
11552
315
682
66160
315
1855
16652
627
262
2057
1505
279
597
7716
25655
4315
682
1778
5219
11
584
649
1005
264
330
82
19704
12970
1
1749
1701
264
1332
12
16341
1473
262
482
1789
1855
16652
272
11
1202
25655
5361
374
272
320
77
28
16
570
2030
279
597
7716
25655
8244
374
279
597
7716
198
415
304
279
3728
10839
1160
315
682
66160
13
8876
279
743
374
279
11552
315
35884
5208
919
345
415
279
597
7716
25655
374
279
25655
1396
1778
430
279
1797
315
66160
709
311
430
1396
198
415
320
2000
1855
16652
8
37498
311
520
3325
597
382
262
2030
420
374
810
17395
13
1556
8831
11
323
304
2144
279
4495
1648
3196
389
279
1296
5157
198
262
320
438
279
10507
2728
705
374
311
13383
430
279
597
7716
25655
3392
374
5042
597
353
1332
20059
1354
1350
262
353
333
9
1070
374
264
16652
315
907
220
16
13
18715
11
433
596
810
6485
1606
1193
66160
315
279
16652
596
198
262
907
527
5535
13
4452
11
279
1296
5157
2997
1473
262
12382
597
339
16253
19790
13779
2625
18
11
220
21
11
220
24
1145
220
18
8
624
220
24
220
674
220
18
9
16
28
18
11
220
21
9
16
28
21
11
220
24
9
16
28
24
11651
10839
510
18
11
21
11
24
1145
220
18
6634
374
220
24
198
262
2030
1332
20059
1354
11992
18
11651
220
18
9
18
28
24
198
262
12382
597
339
16253
19790
13779
2625
20
11
17
1145
220
22
8
624
220
717
674
10839
66160
25
220
17
11
19
11
20
11
21
11
23
11
605
11
717
11651
220
22
339
374
220
717
198
415
1332
20059
1354
11992
17
11651
220
17
9
22
28
975
320
8248
4320
374
220
717
8
11651
779
430
3250
956
990
271
262
34863
11
279
4495
1648
374
311
7068
264
10839
1160
315
682
69384
15055
709
311
1063
4017
345
262
719
430
596
539
43303
369
3544
597
13
2030
279
4113
1296
5157
323
279
4096
2019
430
198
262
1855
16652
649
387
1511
904
1396
315
3115
320
359
18736
705
779
279
743
315
69384
15055
369
16652
272
198
262
374
314
66
11
220
17
66
11
220
18
66
11
2564
7966
578
597
7716
25655
315
279
11552
315
682
1521
7437
382
262
578
4495
11297
12384
374
311
1005
264
1332
12
16341
430
2744
10187
279
1828
9322
907
198
262
369
1855
16652
320
40389
520
272
11
220
17
66
11
220
18
66
11
2564
705
323
1855
892
584
2477
279
25655
11
17919
1828
369
430
16652
627
262
4452
11
420
1053
13555
279
5219
304
10839
2015
11
719
369
3544
597
320
455
311
220
17
68
24
8
433
596
539
43303
627
262
2030
3411
520
279
7177
11
369
3187
1473
262
12382
597
339
16253
19790
13779
2625
20
11
17
1145
220
22
8
624
220
717
198
415
578
10839
743
315
682
3284
15055
374
25
220
17
11
19
11
20
11
21
11
23
11
605
11
717
53488
415
220
22
339
374
220
717
382
262
1442
584
1005
264
17817
6041
449
279
1176
5361
315
1855
16652
320
17
11
20
705
1243
2477
323
4585
1828
1473
262
40961
512
262
220
16
13
48407
284
510
17
320
1527
16652
220
17
705
220
20
320
1527
16652
220
20
5680
262
220
17
13
10466
220
17
11651
1797
28
16
11651
4585
220
19
198
262
220
18
13
10466
220
19
11651
1797
28
17
11651
4585
220
21
198
262
220
19
13
10466
220
20
11651
1797
28
18
11651
4585
220
605
198
262
220
20
13
10466
220
21
11651
1797
28
19
11651
4585
220
23
198
262
220
21
13
10466
220
23
11651
1797
28
20
11651
4585
220
845
198
262
220
22
13
10466
220
605
11651
1797
28
21
11651
4585
220
508
198
262
220
23
13
10466
220
717
11651
1797
28
22
11651
471
220
717
271
262
1115
9248
279
1296
13
35339
369
510
19
11
24
11
777
11
508
11
717
1145
597
28
16
25
17817
8638
520
510
19
11
24
11
777
11
508
11
717
1145
2477
220
19
382
262
2100
584
4305
420
1473
262
13831
512
286
19289
25
1160
315
6928
26864
320
5294
8129
811
696
262
5295
512
286
279
597
7716
25655
1396
430
374
264
5361
315
520
3325
832
16652
271
262
71718
25
1226
656
597
48700
11
1855
507
12814
386
8
1405
386
374
674
30709
11651
507
6097
1515
386
570
1789
597
709
311
220
17
68
24
11
420
374
539
43303
627
262
2030
304
279
5150
1296
5157
11
279
3685
11503
527
5042
279
597
7716
907
304
279
27092
10839
1160
315
279
1176
2478
66160
627
262
578
3575
4461
25283
420
5603
320
300
824
279
2728
1296
10507
705
1524
3582
304
4689
433
596
507
6097
1515
386
4390
262
320
4071
279
17413
389
597
304
279
4733
928
2019
220
16
2717
597
2717
220
17
68
24
11
779
420
5603
1053
539
990
369
3544
597
7389
34440
9456
262
4452
11
279
1296
5157
1193
733
709
311
597
28
17
68
24
449
19289
430
527
13736
315
220
17
477
220
16
11
902
3727
279
4320
597
9
1083
20059
1354
8
369
19289
8649
220
16
627
262
18715
11
369
19289
2085
220
16
11
279
597
7716
25655
374
810
17395
11
719
279
3984
7177
10213
21736
2678
597
382
262
16644
430
11
584
4305
279
31439
17817
5603
11
902
16609
279
6205
7177
382
262
12713
262
674
3468
12
16341
315
320
970
11
16652
3644
340
262
1179
89622
198
262
17817
284
4260
262
674
1789
1855
16652
11
1212
520
1202
1176
5361
320
77
28
16
1680
320
30709
1004
1145
602
340
262
369
602
11
272
304
13555
20059
1354
997
286
89622
49135
680
1136
74124
11
320
66
11
602
4489
262
1797
284
220
15
198
262
1418
3082
512
286
674
10466
279
25655
69384
3392
198
286
1062
11
16652
7406
284
89622
49135
680
454
74124
340
286
1797
1447
220
16
198
286
422
1797
624
597
512
310
471
1062
198
286
674
23804
279
1828
5361
369
420
16652
198
286
1828
6320
284
1062
489
19289
58
7307
7406
933
286
89622
49135
680
1136
74124
11
320
3684
6320
11
16652
7406
4489
2
10175
288
682
279
2728
7177
555
24038
279
10839
27092
1160
389
10826
83985
4669
264
1332
12
16341
627
14196
4077
78191
198
14196
4077
1527
20061
1179
1796
198
475
89622
271
755
597
339
16253
19790
13779
20059
1354
25
1796
19155
1145
597
25
528
8
1492
528
512
262
3270
262
5295
279
597
7716
25655
6928
3392
430
649
387
14454
1701
904
1396
320
16564
7315
340
262
315
19289
505
264
3254
96036
304
279
2728
1160
315
19289
13
9062
16652
907
272
6276
15055
198
262
272
11
220
17
66
11
220
18
66
11
61453
323
584
1390
279
597
7716
25655
4315
682
1778
15055
505
682
19289
382
262
578
734
5829
264
1332
12
16341
311
30820
7068
279
15055
304
7859
2015
2085
198
262
3515
311
21650
3637
682
315
1124
13
1789
1855
16652
11
584
1212
449
1202
1176
5361
320
77
28
16
1350
262
1243
1855
892
584
2477
279
25655
1510
3392
323
12178
430
16652
596
5361
555
1202
96036
382
262
18161
512
286
19289
25
1796
315
12742
6928
26864
14393
16652
62265
811
627
286
597
25
578
220
16
6108
1963
315
279
12974
597
7716
25655
3392
382
262
5295
512
286
578
597
7716
25655
3392
430
649
387
9124
555
904
3254
16652
596
66160
382
262
1115
5603
4375
1606
433
41424
682
69384
15055
304
10839
2015
555
2744
198
262
24050
279
25655
2561
9322
382
262
4212
23965
25
507
3269
489
597
1515
386
705
1405
386
374
279
1396
315
19289
13
4452
11
369
1633
3544
597
198
262
320
68
1326
2637
220
17
9
605
61
24
705
420
374
539
43303
304
6725
7389
597
374
2678
477
279
19289
2997
220
16
627
262
2030
433
9248
279
10507
323
279
7633
1296
5157
627
262
3270
262
17817
284
3132
220
674
320
970
11
16652
3644
340
262
674
9185
279
17817
449
279
1176
5361
320
16
353
16652
8
369
1855
16652
198
262
369
7335
11
272
304
13555
20059
1354
997
286
89622
49135
680
1136
74124
11
320
66
11
7335
4489
262
369
721
304
2134
6097
482
220
16
997
286
1062
11
16652
7406
284
89622
49135
680
454
74124
340
286
1828
6320
284
1062
489
19289
58
7307
7406
933
286
89622
49135
680
1136
74124
11
320
3684
6320
11
16652
7406
4489
262
674
4740
50949
597
12
16
3115
11
279
1828
2477
6835
279
597
7716
25655
198
262
471
89622
49135
680
454
74124
6758
15
933
14196
4077
100265
198
100264
882
271
7927
3766
4879
4745
279
7177
13
5810
596
279
1493
512
24003
364
83154
70515
2013
1462
77856
18626
815
32636
7791
1480
6404
7498
26245
704
1306
220
966
6622
1038
1271
312
42612
11
420
374
701
3465
25
4557
279
2768
734
12223
323
4733
928
11
7373
4305
279
734
7633
323
1522
682
279
7177
13
3146
5989
4276
70765
3247
13916
50
13
57277
2675
1288
15411
279
2082
499
11041
304
264
67859
2082
2565
320
817
10103
33981
320
20670
690
33316
279
4113
5865
8
100265
198
100264
78191
198
14196
4077
1527
20061
1179
1796
198
475
89622
271
755
597
339
16253
19790
13779
20059
1354
25
1796
19155
1145
597
25
528
8
1492
528
512
262
3270
262
16644
16652
62265
811
11
12849
279
597
7716
25655
3392
430
649
387
14454
555
1701
198
262
904
1396
320
16564
7315
8
315
19289
315
264
3254
96036
13
578
743
315
3284
15055
198
262
369
264
16652
315
907
272
374
314
66
11
220
17
66
11
220
18
66
11
2564
7966
578
597
7716
25655
4028
682
1778
7437
369
682
19289
198
262
374
6052
13
578
12384
5829
264
1332
12
16341
311
7068
279
15055
304
7859
2015
11
50949
198
262
279
25655
597
3115
382
262
18161
512
286
19289
25
1796
19155
60
1198
16652
62265
811
320
31587
26864
340
286
597
25
528
1198
220
16
6108
1963
315
279
597
7716
25655
69384
3392
271
262
5295
512
286
578
597
7716
25655
69384
3392
505
904
3254
16652
198
262
3270
262
17817
284
3132
220
674
320
3311
3220
11
16652
3644
340
262
674
5256
555
17919
279
1176
5361
320
16
9
7307
8
369
1855
16652
198
262
369
7335
11
272
304
13555
20059
1354
997
286
89622
49135
680
1136
74124
11
320
66
11
7335
4489
262
674
47396
279
17817
597
12
16
3115
311
5662
279
597
7716
2449
198
262
369
721
304
2134
6097
482
220
16
997
286
1062
11
16652
7406
284
89622
49135
680
454
74124
340
286
1828
6320
284
1062
489
19289
58
7307
7406
933
286
89622
49135
680
1136
74124
11
320
3684
6320
11
16652
7406
4489
262
674
578
1510
25655
374
279
597
7716
25655
198
262
471
89622
49135
680
454
74124
6758
15
933
14196
4077
100265
198