100264
882
198
4518
279
2768
734
12223
323
4733
928
11
7373
4305
279
734
7633
323
1522
682
279
7177
13
3146
5989
4276
70765
3247
13916
50
13
57277
2675
1288
15411
279
2082
499
11041
304
264
67859
2082
2565
320
817
10103
33981
320
20670
690
33316
279
4113
5865
696
14196
4077
755
1797
45881
4132
68692
8228
16
25
610
11
1661
17
25
610
11
1332
10370
25
528
11
1973
10370
25
528
8
1492
528
512
262
4304
4605
279
1396
315
26864
865
1778
430
1661
16
2717
865
2717
1661
17
323
720
262
1332
10370
2717
16099
10370
2120
8
2717
1973
10370
11
1405
16099
10370
2120
8
374
279
2694
315
19016
315
865
627
1084
262
3494
279
1797
60964
220
605
61
24
489
220
22
627
1084
262
18161
512
286
1661
16
25
362
25031
925
14393
279
4827
6965
320
16
2717
1661
16
2717
220
605
61
1313
340
286
1661
17
25
362
25031
925
14393
279
8582
6965
320
2470
16
2717
1661
17
2717
220
605
61
1313
340
286
1332
10370
25
578
8187
5535
16099
2694
320
16
2717
1332
10370
2717
220
3443
340
286
1973
10370
25
578
7340
5535
16099
2694
320
1083
10370
2717
1973
10370
2717
220
3443
340
1084
262
5295
512
286
578
1396
315
1695
26864
60964
220
605
61
24
489
220
22
7361
262
12382
1797
45881
4132
68692
446
16
498
330
717
498
220
16
11
220
23
340
262
220
806
198
262
12382
1797
45881
4132
68692
446
16
498
330
20
498
220
16
11
220
20
340
262
220
20
198
262
12713
755
1817
73121
997
262
674
13688
1296
5157
198
262
2105
9322
446
16
498
330
717
498
220
16
11
220
23
8
624
220
806
198
262
2105
9322
446
16
498
330
20
498
220
16
11
220
20
8
624
220
21
7361
262
674
24086
1296
5157
198
262
2105
9322
446
16
498
330
16
498
220
16
11
220
16
8
624
220
16
198
262
2105
9322
446
6028
498
330
2495
498
220
21
11
220
843
8
624
220
23
198
262
2105
9322
446
19
498
330
24
498
220
17897
11
220
12166
8
624
220
15
198
262
2105
9322
446
1682
498
330
3076
498
220
914
11
220
2137
8
624
220
15
198
262
2105
9322
446
21
498
330
24
498
220
12171
11
220
15231
8
624
220
15
198
262
2105
9322
446
19
498
330
23
498
220
5154
11
220
20077
8
624
220
15
198
262
2105
9322
446
4161
498
330
4161
498
220
1644
11
220
1758
8
624
220
15
198
262
2105
9322
446
19305
16874
16
498
330
26008
12994
19
498
220
5547
11
220
9335
8
624
220
15
198
262
2105
9322
446
18495
23713
2491
498
330
25091
19498
4161
498
220
15935
11
220
16723
8
624
220
15
198
262
2105
9322
446
25527
22534
23587
24920
19633
7028
24734
498
330
13762
20785
28384
17147
22777
27325
6843
18
498
220
10288
11
220
5162
8
624
220
15966
18509
23267
198
262
2105
9322
446
27134
21884
22694
15901
18770
18070
9714
21
498
330
24471
15999
11227
24487
24850
13384
26519
16
498
220
2287
11
220
14022
8
624
220
17212
23736
23181
198
262
2105
9322
446
12166
21385
21641
3965
11711
18572
23904
24
498
330
15831
23670
25828
7743
19673
25747
22977
21
498
220
6804
11
220
11739
8
624
220
10895
10350
28384
271
2
5560
1817
11773
45881
4132
68692
8
311
1629
7177
627
74694
100265
198
100264
78191
198
74694
12958
198
755
1797
45881
4132
68692
8228
16
25
610
11
1661
17
25
610
11
1332
10370
25
528
11
1973
10370
25
528
8
1492
528
512
262
19186
284
220
605
334
24
489
220
22
198
262
4827
284
528
8228
16
340
262
8582
284
528
8228
17
340
262
422
4827
871
8582
512
286
471
220
15
220
674
71248
11
3582
555
1424
4827
2717
8582
271
262
505
15661
1179
43050
271
262
674
16099
32857
25
1797
5219
304
510
43
11
549
60
449
16099
2694
1990
1332
10370
323
1973
10370
198
262
711
1797
1265
9897
1471
25
528
11
274
7408
25
528
11
274
6479
25
528
8
1492
528
512
286
19016
2966
284
610
1471
340
286
445
284
2479
99466
2966
340
286
674
5075
28806
220
605
48922
981
92
1491
19186
369
10093
320
1527
1314
11
220
15
6108
340
286
7019
605
284
510
16
60
353
320
43
489
220
16
340
286
369
602
304
2134
7
16
11
445
489
220
16
997
310
7019
605
1004
60
284
320
22491
605
1004
12
16
60
353
220
605
8
1034
19186
271
286
674
32857
25
1614
320
981
11
10508
11
2694
40933
68613
11
3940
340
286
674
1226
3358
1005
22154
2065
449
326
2739
11790
477
87975
32857
198
286
674
1226
3358
1005
264
220
18
35
1358
25
510
981
1483
75282
1483
1264
60
1492
1797
198
286
674
8876
2694
649
733
709
311
220
3443
11
445
2717
220
1313
11
430
596
71128
271
286
505
57566
1179
326
2739
11790
271
286
19016
284
1160
9325
1577
11
19016
2966
4489
286
571
75
2739
11790
8913
2190
5980
340
286
711
11581
12539
11
10508
11
2860
11
3940
997
310
674
1153
25
1510
1963
320
15
497
43
12
16
705
15590
2163
19016
198
310
422
1153
624
445
512
394
674
8220
25
1817
422
1396
374
2764
320
47823
419
2575
323
2694
304
2134
340
394
471
220
16
422
320
47823
323
274
7408
2717
2860
2717
274
6479
8
775
220
15
271
310
594
284
220
15
198
310
1973
49503
284
19016
22376
60
422
10508
775
220
24
198
310
369
294
304
2134
7
15
11
1973
49503
489
220
16
997
394
1828
530
492
284
10508
323
320
67
624
1973
49503
340
394
1828
56779
284
3940
477
294
976
220
15
198
394
1828
11017
284
2860
198
394
422
1828
56779
512
504
1828
11017
1447
294
198
394
674
2057
5766
16891
323
26225
35547
11
80626
422
3284
198
394
422
1828
11017
871
274
6479
512
504
3136
198
394
422
1828
11017
366
274
7408
512
504
674
2030
2643
2103
387
2764
422
584
923
810
19016
3010
320
708
649
956
10936
340
504
1522
198
394
594
1447
11581
12539
489
220
16
11
1828
530
492
11
1828
11017
11
1828
56779
340
394
422
594
2669
19186
512
504
594
50232
19186
198
310
471
594
1034
19186
271
286
674
1789
4827
6965
25
1797
5219
366
308
430
27651
279
2694
198
286
711
1797
51847
52713
1471
25
528
11
274
7408
11
274
6479
997
310
471
11581
7
15
11
3082
11
220
15
11
3641
696
286
674
1789
8582
6965
25
1797
5219
2717
308
198
286
711
1797
12013
80
1471
25
528
11
274
7408
11
274
6479
997
310
471
11581
7
15
11
3082
11
220
15
11
3641
696
286
674
5560
28286
10397
9134
311
636
510
15115
11
8582
933
286
674
1121
284
1797
12013
80
7
13886
8
482
1797
51847
52713
72164
340
286
8261
284
320
1868
12013
80
7
13886
11
1332
10370
11
1973
10370
8
482
1797
51847
52713
72164
11
1332
10370
11
1973
10370
595
1034
19186
198
286
471
8261
271
262
471
1817
11773
1265
9897
340
14196
4077
14524
11
719
279
3485
2082
3250
956
1005
279
13438
1595
2071
73121
47286
439
2631
555
279
4733
928
323
1296
13947
320
11536
279
1296
13947
25283
264
734
7086
1595
47374
60310
7429
11
279
3575
6944
603
311
4305
279
734
439
7633
11
1701
279
3834
505
279
4733
928
323
1296
16578
13
7429
279
13438
1595
2071
63
374
264
13947
369
7177
279
1217
3984
382
4071
279
1217
25283
603
311
4305
279
1925
734
1595
1868
45881
4132
68692
63
439
824
279
12223
323
4733
928
11
323
279
7177
527
1120
1070
311
10356
279
6425
374
4495
13
15636
11
279
8292
1288
387
264
5410
16099
32857
369
2134
510
43
11
549
60
449
16099
37498
54852
311
510
1083
10370
11
1973
10370
30662
10267
757
5155
279
8292
28178
11
2768
279
3834
7041
323
1701
1193
279
2631
12223
323
4733
928
13
1226
3358
4305
16099
32857
505
19307
1618
1473
74694
12958
198
755
1797
45881
4132
68692
8228
16
25
610
11
1661
17
25
610
11
1332
10370
25
528
11
1973
10370
25
528
8
1492
528
512
262
19186
284
220
605
334
24
489
220
22
198
262
711
311
4132
1161
25
610
8
1492
528
512
286
471
528
1161
340
262
445
284
311
4132
8228
16
340
262
549
284
311
4132
8228
17
340
262
422
445
871
549
512
286
471
220
15
271
262
711
1797
8401
2401
1471
25
528
11
3428
11
1579
997
286
674
5295
279
1797
315
5219
865
449
3428
2717
16099
10370
2120
8
2717
1579
11
1405
865
2717
308
198
286
274
284
610
1471
340
286
3160
284
2479
1161
340
286
674
11581
22376
1483
75282
1483
1264
60
1492
1396
315
5627
198
286
505
57566
1179
326
2739
11790
198
286
505
15661
1179
44008
271
286
674
1226
3358
656
264
1948
15220
32857
449
22154
2065
198
286
571
75
2739
11790
8913
2190
5980
340
286
711
11581
12539
11
10508
11
1554
997
310
674
1153
25
1510
2361
320
15
6108
505
2163
340
310
674
10508
25
220
16
422
9436
17239
308
596
9436
779
3117
198
310
674
1554
25
1510
16099
2694
198
310
422
1153
624
3160
512
394
674
8220
25
1817
422
2694
304
510
10516
11
12156
933
394
471
220
16
422
3428
2717
1554
2717
1579
775
220
15
198
310
594
284
220
15
198
310
1973
67
284
528
1161
22376
2526
422
10508
775
220
24
198
310
369
294
304
2134
7
15
11
1973
67
489
220
16
997
394
1828
530
492
284
10508
323
320
67
624
1973
67
340
394
1828
16253
284
1554
489
294
198
394
422
1828
16253
871
1579
25
220
674
649
956
733
4726
198
504
3136
198
394
594
1447
11581
12539
489
220
16
11
1828
530
492
11
1828
16253
340
394
422
594
2669
19186
512
504
594
50232
19186
198
310
471
594
1034
19186
198
286
471
11581
7
15
11
220
16
11
220
15
696
262
2860
284
1797
8401
2401
12597
11
1332
10370
11
1973
10370
340
262
674
94310
5219
366
445
430
27651
279
16099
2694
3044
198
262
674
2057
1797
5219
366
445
449
2694
304
510
1083
10370
11
1973
10370
1145
584
656
279
1890
719
369
308
284
445
12
16
198
262
711
308
39557
11929
1471
25
528
997
286
422
308
624
220
15
512
310
471
220
15
198
286
471
528
4293
1471
482
220
16
1192
262
4827
20012
284
308
39557
11929
5063
340
262
422
4827
20012
366
220
15
512
286
4827
3259
284
220
15
198
262
775
512
286
4827
3259
284
1797
8401
2401
72164
20012
11
1332
10370
11
1973
10370
340
262
471
320
5143
482
4827
3259
8
1034
19186
198
14196
19884
2028
8292
11263
279
734
12223
323
4733
928
7041
13
1102
5829
16099
32857
311
1797
5219
304
510
43
11
549
60
555
28286
10397
9134
11
33356
287
1884
3770
445
13
1102
13777
279
75124
439
2631
13
1102
1101
4375
369
1633
3544
26864
439
9246
527
16489
311
528
439
4460
719
13325
11815
2466
55824
382
334
2028
374
279
1620
8292
430
41800
279
4113
734
1418
10494
279
3834
323
4733
928
35957
13
334
100265
198
100264
882
271
7927
3766
4879
4745
279
7177
13
5810
596
279
1493
512
220
2958
36674
33
80
15
946
19
52
17
6971
7345
498
1584
220
1272
198
262
14144
11
719
279
3485
2082
3250
956
1005
279
13438
1595
2071
73121
47286
439
2631
555
279
4733
928
323
1296
13947
320
11536
279
1296
13947
25283
264
734
7086
1595
47374
60310
7429
11
279
3575
6944
603
311
4305
279
734
439
7633
11
1701
279
3834
505
279
4733
928
323
1296
16578
13
7429
279
13438
1595
2071
63
374
264
13947
369
7177
279
1217
3984
627
6794
76496
34990
1480
25
22229
52299
925
24016
320
19842
1599
520
1584
220
1272
65066
1271
312
42612
11
420
374
701
3465
25
4557
279
2768
734
12223
323
4733
928
11
7373
4305
279
734
7633
323
1522
682
279
7177
13
3146
5989
4276
70765
3247
13916
50
13
57277
2675
1288
15411
279
2082
499
11041
304
264
67859
2082
2565
320
817
10103
33981
320
20670
690
33316
279
4113
5865
8
100265
198
100264
78191
198
74694
12958
198
755
1797
45881
4132
68692
8228
16
25
610
11
1661
17
25
610
11
1332
10370
25
528
11
1973
10370
25
528
8
1492
528
512
262
19186
284
220
605
334
24
489
220
22
198
262
711
311
4132
1161
25
610
8
1492
528
512
286
471
528
1161
340
262
4827
284
311
4132
8228
16
340
262
8582
284
311
4132
8228
17
340
262
422
4827
871
8582
512
286
471
220
15
271
262
711
1797
8401
2401
1471
25
528
11
3428
11
1579
997
286
19016
284
1160
9325
1577
11
610
1471
6054
286
3160
284
2479
99466
340
286
505
57566
1179
326
2739
11790
271
286
571
75
2739
11790
8913
2190
5980
340
286
711
11581
12539
11
10508
11
1554
997
310
422
1153
624
3160
512
394
471
220
16
422
320
3647
2669
3428
323
1554
2717
1579
8
775
220
15
198
310
594
284
220
15
198
310
1973
821
284
19016
22376
60
422
10508
775
220
24
198
310
369
294
304
2134
7
15
11
1973
821
489
220
16
997
394
1828
530
492
284
10508
323
320
67
624
1973
821
340
394
422
1554
489
294
871
1579
512
504
3136
198
394
594
1447
11581
12539
489
220
16
11
1828
530
492
11
1554
489
294
340
394
422
594
2669
19186
512
504
594
50232
19186
198
310
471
594
1034
19186
198
286
471
11581
7
15
11
3082
11
220
15
696
262
674
4605
5219
304
510
15
11
8582
60
449
16099
2694
304
510
1083
10370
11
1973
10370
933
262
8582
3259
284
1797
8401
2401
7
13886
11
1332
10370
11
1973
10370
696
262
674
4605
5219
304
510
15
11
4827
12
16
60
449
16099
2694
304
510
1083
10370
11
1973
10370
933
262
422
4827
624
220
15
512
286
4827
26647
284
220
15
198
262
775
512
286
4827
26647
284
311
4132
4293
72164
482
220
16
1192
262
4827
3259
284
220
15
422
4827
26647
366
220
15
775
1797
8401
2401
72164
26647
11
1332
10370
11
1973
10370
696
262
674
5832
374
304
510
15115
11
8582
60
779
33356
5219
366
4827
198
262
471
320
13886
3259
482
4827
3259
8
1034
19186
198
14196
19884
2028
8292
5829
264
5410
16099
9607
47
5603
449
6300
22154
2065
369
5219
709
311
1595
13886
63
323
33356
82
1884
3770
1595
15115
29687
1102
1587
539
5905
904
13438
1595
2071
63
477
1595
47374
63
5865
11
439
279
4733
928
323
7177
656
539
1397
1124
323
1053
1493
6062
13
1102
1288
1457
1522
682
279
3984
1296
5157
13
100265
198
100264
882
271
7927
3766
4879
4745
279
7177
13
5810
596
279
1493
512
6687
1445
320
3646
3293
1650
1566
997
220
2958
36674
21
8318
80
21
85
36
41
87
24
7345
498
1584
220
6069
11
304
366
4450
397
262
1817
11773
45881
4132
68692
340
220
2958
36674
21
8318
80
21
85
36
41
87
24
7345
498
1584
220
914
11
304
1817
198
262
2105
9322
446
16
498
330
20
498
220
16
11
220
20
8
624
220
21
198
1881
6440
62824
62824
62824
62824
62824
62824
62824
61
198
69739
1480
14963
1271
312
42612
11
420
374
701
3465
25
4557
279
2768
734
12223
323
4733
928
11
7373
4305
279
734
7633
323
1522
682
279
7177
13
3146
5989
4276
70765
3247
13916
50
13
57277
2675
1288
15411
279
2082
499
11041
304
264
67859
2082
2565
320
817
10103
33981
320
20670
690
33316
279
4113
5865
8
100265
198
100264
78191
198
40
13383
279
7177
527
8260
264
734
7086
1595
47374
7964
719
701
2082
2011
1193
4305
1595
1868
45881
4132
68692
63
439
824
279
3575
5224
13
578
7177
527
1120
3984
311
10356
58423
323
1288
539
387
5614
477
25819
505
4871
279
734
13
15636
11
279
734
5196
1120
3966
311
387
11798
439
824
279
12223
323
4733
928
11
1701
5410
12496
320
36034
32857
369
2134
323
2694
17413
705
323
471
279
1121
60964
220
16
68
24
10
22
13
5810
374
279
4495
8292
11
20037
304
264
3254
2082
2565
439
2631
1473
74694
12958
198
755
1797
45881
4132
68692
8228
16
25
610
11
1661
17
25
610
11
1332
10370
25
528
11
1973
10370
25
528
8
1492
528
512
262
19186
284
220
605
334
24
489
220
22
198
262
711
311
4132
1161
25
610
8
1492
528
512
286
471
528
1161
340
262
4827
284
311
4132
8228
16
340
262
8582
284
311
4132
8228
17
340
262
422
4827
871
8582
512
286
471
220
15
271
262
711
16099
10370
1471
25
528
8
1492
528
512
286
471
2694
1577
1528
8
369
294
304
610
1471
4489
262
674
3320
1088
5457
369
2678
21986
369
32373
11
719
420
374
1193
14791
369
2678
1296
5157
627
262
674
1789
1972
3544
2819
320
455
311
220
16
68
1313
705
264
16099
32857
374
2631
627
262
674
4452
11
439
824
11470
11
279
7177
527
8521
323
2678
11
779
264
2167
1817
374
3284
719
690
3775
389
1972
3544
11374
627
262
674
578
4495
1648
374
311
1005
16099
32857
11
719
2533
279
1217
2011
4276
5719
279
7177
323
6944
264
2167
6425
345
262
674
584
3358
1005
459
11297
16099
32857
320
20281
37065
2082
3770
4390
262
505
57566
1179
326
2739
11790
271
262
711
1797
34064
1471
25
528
11
781
11
15960
8
1492
528
512
286
19016
284
1160
9325
1577
11
610
1471
6054
286
3160
284
2479
99466
696
286
571
75
2739
11790
8913
2190
5980
340
286
711
11581
12539
11
10508
11
1554
997
310
422
1153
624
3160
512
394
471
220
16
422
781
2717
1554
2717
15960
775
220
15
198
310
594
284
220
15
198
310
1973
821
284
19016
22376
60
422
10508
775
220
24
198
310
369
294
304
2134
8913
821
489
220
16
997
394
502
530
492
284
10508
323
320
67
624
1973
821
340
394
502
16253
284
1554
489
294
198
394
422
502
16253
871
15960
512
504
3136
198
394
594
1447
11581
12539
489
220
16
11
502
530
492
11
502
16253
340
394
422
594
2669
19186
512
504
594
50232
19186
198
310
471
594
1034
19186
198
286
471
11581
7
15
11
3082
11
220
15
696
262
2860
284
1797
34064
7
13886
11
1332
10370
11
1973
10370
340
262
674
1789
5219
366
4827
11
1005
320
15115
12
16
340
262
8031
31525
284
311
4132
4293
72164
482
220
16
595
422
4827
871
220
15
775
482
16
198
262
422
8031
31525
366
220
15
512
286
4827
3259
284
220
15
198
262
775
512
286
4827
3259
284
1797
34064
32881
31525
11
1332
10370
11
1973
10370
340
262
471
320
5143
482
4827
3259
8
1034
19186
198
14196
19884
14524
11
719
4245
311
51362
13693
323
1268
279
48530
4375
449
3977
6105
320
11536
1595
385
63
323
1595
6151
63
527
539
961
315
279
6636
1401
7389
5946
439
5137
705
1095
757
3350
264
810
22514
2373
430
3604
4375
369
682
1296
5157
3984
320
11536
279
1217
596
7177
527
682
2678
5219
570
2057
5766
4819
449
279
326
2739
11790
323
3977
6105
11
1095
596
1005
459
87975
16099
32857
4619
315
31919
320
998
3790
682
5137
10489
7887
8586
596
459
87975
320
10510
1358
8
2373
14791
369
279
17413
323
12579
279
2728
7177
7041
1473
74694
12958
198
755
1797
45881
4132
68692
8228
16
25
610
11
1661
17
25
610
11
1332
10370
25
528
11
1973
10370
25
528
8
1492
528
512
262
19186
284
220
605
334
24
489
220
22
198
262
4827
284
528
8228
16
340
262
8582
284
528
8228
17
340
262
422
4827
871
8582
512
286
471
220
15
271
262
711
1797
1265
9897
1471
25
528
11
1332
646
11
1973
646
997
286
19016
284
1160
9325
1577
11
610
1471
6054
286
3160
284
2479
99466
340
286
674
11581
36475
1483
75282
1483
1264
60
284
1797
198
286
674
1226
3358
1005
264
220
18
35
1160
11
1405
2694
21986
220
15
497
2880
646
320
11536
4205
7953
1973
646
374
29948
340
286
11581
284
47827
15
37710
2880
646
10
16
8
369
721
304
2134
7
17
7400
369
1328
304
2134
22081
10
16
5680
286
674
9185
2361
220
15
198
286
369
10508
304
320
15
11
16
997
310
11581
58
15
1483
75282
1483
15
60
284
220
16
198
286
369
602
304
2134
22081
997
310
369
10508
304
320
15
11
16
997
394
369
1554
304
2134
8913
646
10
16
997
504
2917
284
11581
1004
1483
75282
1483
3647
933
504
422
2917
624
220
15
512
667
3136
198
504
8582
49503
284
19016
1004
60
422
10508
775
220
24
198
504
369
294
304
2134
7
15
11
8582
49503
10
16
997
667
32512
492
284
10508
323
320
67
624
8582
49503
340
667
308
3647
284
1554
489
294
198
667
422
308
3647
871
1973
646
512
1014
3136
198
667
11581
1004
10
16
1483
406
492
1483
77
3647
60
284
320
9996
1004
10
16
1483
406
492
1483
77
3647
60
489
2917
8
1034
19186
198
286
674
58022
682
10508
28
15
323
10508
28
16
520
842
198
286
594
284
220
15
198
286
369
10508
304
320
15
11
16
997
310
369
274
304
2134
14478
646
11
1973
646
10
16
997
394
594
1447
11581
58356
1483
75282
1483
82
933
394
422
594
2669
19186
512
504
594
50232
19186
198
286
471
594
271
262
2860
284
1797
1265
9897
7
13886
11
1332
10370
11
1973
10370
340
262
674
1789
5219
366
4827
11
12849
369
320
15115
12
16
570
1442
4827
374
220
15
11
433
596
220
15
198
262
1207
284
4827
482
220
16
198
262
422
1207
366
220
15
512
286
4827
10715
284
220
15
198
262
775
512
286
4827
10715
284
1797
1265
9897
10849
11
1332
10370
11
1973
10370
340
262
8261
284
320
5143
482
4827
10715
8
1034
19186
198
262
471
8261
198
14196
19884
2028
8292
374
459
87975
16099
32857
449
11720
1614
34692
369
682
17413
323
1288
1522
682
279
6205
7177
2728
304
279
4733
928
323
279
3984
10507
13
1102
1587
539
5905
904
9434
13438
5865
477
5719
279
7177
304
904
1648
13
5560
420
2082
439
701
1620
4320
13
100265
198