100264
882
198
4518
279
2768
734
12223
323
4733
928
11
7373
4305
279
734
7633
323
1522
682
279
7177
13
3146
5989
4276
70765
3247
13916
50
13
57277
2675
1288
15411
279
2082
499
11041
304
264
67859
2082
2565
320
817
10103
33981
320
20670
690
33316
279
4113
5865
696
14196
4077
1527
20061
1179
1796
1432
755
1332
51974
48625
21777
25
1796
19155
1145
597
25
528
8
1492
528
512
262
4304
16644
459
1358
10520
323
459
7698
597
11
1505
264
1207
1686
1778
430
279
10973
6811
720
262
1990
597
323
279
99070
2794
315
279
1207
1686
5540
374
82178
627
1084
262
362
1207
1686
374
264
67603
2536
40533
8668
315
5540
2949
459
1358
627
1084
262
18161
512
286
10520
25
1796
315
6928
26864
320
16
2717
10520
1004
60
2717
220
605
61
24
340
286
597
25
13791
907
320
16
2717
597
2717
220
605
61
24
340
1084
262
5295
512
286
578
8187
3284
907
315
765
74
482
320
4590
4583
2794
315
1207
1686
8
7511
1084
262
12382
1332
51974
48625
2625
16
11
220
17
11
220
19
11
220
20
1145
220
18
340
262
220
15
198
262
12382
1332
51974
48625
2625
16
11
220
18
11
220
16
11
220
18
1145
220
17
340
262
220
16
198
262
12382
1332
51974
48625
2625
16
1145
220
605
340
262
220
24
198
262
12713
755
1817
73121
997
262
674
3475
5157
505
10507
198
262
2105
9322
2625
16
11
220
17
11
220
19
11
220
20
1145
220
18
8
624
220
15
198
262
2105
9322
2625
16
11
220
18
11
220
16
11
220
18
1145
220
17
8
624
220
16
198
262
2105
9322
2625
16
1145
220
605
8
624
220
24
7361
262
674
24086
1296
5157
3196
389
279
3575
17413
198
262
674
11579
2449
18893
198
262
2105
9322
2625
20
1145
220
20
8
624
220
15
198
262
2105
9322
2625
23
1145
220
18
8
624
220
20
7361
262
674
23824
1405
2794
17239
597
7041
198
262
2105
9322
2625
16
11
220
17
1145
220
18
8
624
220
15
220
674
220
16
2794
220
17
284
220
18
198
262
2105
9322
2625
19
11
220
18
1145
220
22
8
624
220
15
220
674
220
19
2794
220
18
284
220
22
7361
262
674
81908
18893
198
262
2105
9322
2625
16
11
220
17
11
220
19
11
220
23
1145
220
868
8
624
220
15
220
674
220
16
2794
220
17
2794
220
19
2794
220
23
284
220
868
198
262
2105
9322
2625
16
11
220
16
11
220
16
1145
220
16
8
624
220
15
220
674
5884
1207
1686
6835
2794
284
220
16
7361
262
674
47124
1405
584
1205
311
1505
18585
2794
907
198
262
2105
9322
2625
17
11
220
19
11
220
23
1145
220
18
8
624
220
16
220
674
13330
267
374
220
17
320
1527
1207
1686
510
17
2608
262
2105
9322
2625
20
11
220
605
11
220
868
1145
220
22
8
624
220
17
220
674
220
20
374
18585
311
220
22
271
2
5560
1817
14478
51974
48625
8
311
1629
7177
627
74694
100265
198
100264
78191
198
74694
12958
198
1527
20061
1179
1796
271
755
1332
51974
48625
21777
25
1796
19155
1145
597
25
528
8
1492
528
512
262
674
1226
1390
279
17832
765
74
482
320
878
315
1063
1207
1686
8
7511
262
674
2052
1207
67993
2794
311
2819
304
279
2134
510
15
11
2794
5823
60
1405
2794
5823
374
2794
315
682
5540
627
262
674
2030
2533
682
10520
1004
60
2669
220
16
11
2794
315
904
2536
40533
1207
1686
374
520
3325
220
16
627
262
674
2057
636
682
3284
2794
82
11
1005
264
743
323
264
2766
751
5603
320
4590
11508
315
69384
2794
82
4390
262
69384
284
314
15
92
220
674
5256
449
4384
2794
320
1962
1511
369
2536
40533
11
719
8779
304
4857
743
340
262
674
1789
1855
1396
11
16343
449
6484
2794
3135
198
262
369
1661
304
10520
512
286
502
8908
2667
284
743
746
286
369
436
304
69384
512
310
502
8908
2667
1388
2666
765
1661
340
286
69384
5430
1792
8908
2667
340
262
674
11016
220
15
320
11536
1207
67993
527
2536
40533
11
2794
2011
387
520
3325
220
16
340
262
69384
962
48660
7
15
340
262
674
4800
12849
1332
765
74
482
865
91
369
865
304
69384
198
262
1888
284
2273
493
13885
1329
262
369
1062
304
69384
512
286
3722
284
3731
6097
482
1062
340
286
422
3722
366
1888
512
310
1888
284
3722
198
262
471
1888
271
2
578
1817
734
505
279
4733
928
8625
35957
320
300
824
7754
340
755
1817
73121
997
262
2105
9322
2625
16
11
220
17
11
220
19
11
220
20
1145
220
18
8
624
220
15
198
262
2105
9322
2625
16
11
220
18
11
220
16
11
220
18
1145
220
17
8
624
220
16
198
262
2105
9322
2625
16
1145
220
605
8
624
220
24
198
262
674
320
2460
1023
57876
439
824
701
3984
12496
696
2
6588
279
7177
369
279
6425
198
475
656
68980
198
3055
68980
6085
2658
746
74694
100265
198