100264
882
198
4518
279
2768
734
12223
323
4733
928
11
7373
4305
279
734
7633
323
1522
682
279
7177
13
3146
5989
4276
70765
3247
13916
50
13
57277
2675
1288
15411
279
2082
499
11041
304
264
67859
2082
2565
320
817
10103
33981
320
20670
690
33316
279
4113
5865
696
14196
4077
1527
20061
1179
1796
1432
755
8187
54653
821
1056
52370
1471
25
528
11
597
25
528
11
865
25
528
11
2015
29453
25
1796
19155
2526
1492
528
512
262
4304
16644
308
10373
9277
389
3230
2919
11
1505
279
8187
2860
97894
994
11862
1124
627
1084
262
23694
512
262
482
2468
1455
597
10373
649
387
28358
3871
304
832
7309
198
262
482
7365
602
320
37469
389
1938
2015
29453
1004
2526
649
1193
387
28358
389
477
1306
430
1938
198
262
482
4740
11862
389
1938
264
11
279
1828
44854
649
1193
387
389
1938
264
38992
477
3010
198
262
482
52132
52370
369
2015
602
28358
389
1938
274
374
320
82
482
2015
29453
1004
2608
1084
262
18161
512
286
308
25
5742
315
10373
320
16
2717
308
2717
220
1041
340
286
597
25
27697
10373
824
44854
320
16
2717
597
2717
308
340
286
865
25
21882
1990
59721
320
16
2717
865
2717
220
605
61
24
340
286
2015
29453
25
1796
315
308
2015
22165
2919
304
2536
6953
76562
2015
320
16
2717
2015
29453
1004
60
2717
220
605
61
717
340
1084
262
5295
512
286
578
8187
3284
2860
97894
7361
262
12382
8187
54653
821
1056
52370
7
20
11
220
17
11
220
18
11
510
16
11
220
20
11
220
21
11
220
605
11
220
717
2608
262
220
17
198
262
12382
8187
54653
821
1056
52370
7
16
11
220
16
11
220
1041
931
931
15
11
510
1041
931
931
931
15
2608
262
220
15
198
262
12713
755
1817
73121
997
262
674
3475
5157
505
279
3575
198
262
2105
9322
7
20
11
220
17
11
220
18
11
510
16
11
220
20
11
220
21
11
220
605
11
220
717
2526
624
220
17
198
262
2105
9322
7
16
11
220
16
11
220
1041
931
931
15
11
510
1041
931
931
931
15
2526
624
220
15
198
262
2105
9322
7
868
11
220
19
11
220
20
11
510
16
11
220
18
11
220
18
11
220
21
11
220
21
11
220
21
11
220
605
11
220
605
11
220
605
11
220
605
11
220
868
11
220
868
11
220
868
11
220
868
11
220
868
2526
624
220
1758
7361
262
674
24086
1296
5157
198
262
2105
9322
7
17
11
220
17
11
220
9690
22
11
510
11739
22
11
220
9714
24
2526
624
220
10861
198
262
2105
9322
7
605
11
220
16
11
220
17
11
510
16
11
220
16
11
220
17
11
220
18
11
220
19
11
220
20
11
220
20
11
220
20
11
220
20
11
220
21
2526
624
220
5495
198
262
2105
9322
7
16
11
220
16
11
220
23816
22895
23823
11
510
7261
19666
14378
18
2526
624
220
15
198
262
2105
9322
7
16
11
220
16
11
220
16
11
510
16
2526
624
220
15
7361
262
674
3475
1162
449
597
22495
320
543
10373
304
832
44854
340
262
2105
9322
7
1041
11
220
1041
11
220
1041
931
931
15
11
510
5500
931
931
4119
11
220
5500
7755
4645
10731
11
220
5500
11139
2366
11592
11
220
5500
14649
13236
18887
11
220
5500
12505
7507
20945
11
220
5500
16193
17786
23545
11
220
5500
15101
20213
23324
11
220
5500
17819
18770
24508
11
220
5500
13837
11770
22534
11
220
5500
18807
21278
24443
11
220
5500
4645
7755
4278
11
220
5500
5037
5037
7261
11
220
5500
7994
11227
8259
11
220
5500
9263
15231
9413
11
220
5500
9335
17448
10239
11
220
5500
9690
19633
9756
11
220
5500
10718
21379
10674
11
220
5500
11123
25150
10861
11
220
5500
10562
23141
10828
11
220
5500
7529
24337
5926
11
220
5500
2366
11139
9639
11
220
5500
11227
7994
11702
11
220
5500
9716
9716
12533
11
220
5500
12338
15726
12994
11
220
5500
12754
18517
14052
11
220
5500
12326
18415
14022
11
220
5500
14274
22385
15666
11
220
5500
15741
23486
15451
11
220
5500
16544
22716
16085
11
220
5500
16443
25344
17313
11
220
5500
13236
14649
12166
11
220
5500
15231
9263
16104
11
220
5500
15726
12338
16723
11
220
5500
8765
8765
17153
11
220
5500
16522
20165
17451
11
220
5500
17228
20618
18384
11
220
5500
18199
22422
15951
11
220
5500
18017
22039
18265
11
220
5500
19230
24250
12910
11
220
5500
18252
26164
20077
11
220
5500
7507
12505
16408
11
220
5500
17448
9335
18136
11
220
5500
18517
12754
17837
11
220
5500
20165
16522
19305
11
220
5500
14870
14870
19697
11
220
5500
20555
20749
20325
11
220
5500
21033
22642
19988
11
220
5500
21358
23619
19799
11
220
5500
20339
24951
19773
11
220
5500
22054
24680
21038
11
220
5500
17786
16193
19673
11
220
5500
19633
9690
20571
11
220
5500
18415
12326
22593
11
220
5500
20618
17228
21600
11
220
5500
20749
20555
22048
11
220
5500
14148
14148
20866
11
220
5500
20943
20744
23477
11
220
5500
21228
23776
20758
11
220
5500
21535
23805
22345
11
220
5500
22754
26328
24515
11
220
5500
20213
15101
21996
11
220
5500
21379
10718
21717
11
220
5500
22385
14274
23103
11
220
5500
22422
18199
21788
11
220
5500
22642
21033
22644
11
220
5500
20744
20943
23480
11
220
5500
10943
10943
19774
11
220
5500
24187
23275
24375
11
220
5500
22347
25862
21897
11
220
5500
23578
24792
25388
11
220
5500
18770
17819
21295
11
220
5500
25150
11123
21982
11
220
5500
23486
15741
24054
11
220
5500
22039
18017
25527
11
220
5500
23619
21358
20338
11
220
5500
23776
21228
25302
11
220
5500
23275
24187
17521
11
220
5500
15831
15831
23592
11
220
5500
23171
25890
24216
11
220
5500
25314
25476
26519
11
220
5500
11770
13837
21474
11
220
5500
23141
10562
18831
11
220
5500
22716
16544
26218
11
220
5500
24250
19230
25465
11
220
5500
24951
20339
26537
11
220
5500
23805
21535
24061
11
220
5500
25862
22347
26497
11
220
5500
25890
23171
25622
11
220
5500
12251
12251
25354
11
220
5500
24809
25350
22889
11
220
5500
21278
18807
21056
11
220
5500
24337
7529
18485
11
220
5500
25344
16443
19306
11
220
5500
26164
18252
21251
11
220
5500
24680
22054
15862
11
220
5500
26328
22754
16415
11
220
5500
24792
23578
21133
11
220
5500
25476
25314
19068
11
220
5500
25350
24809
19146
11
220
1041
931
931
931
15
2526
624
220
18518
931
931
1135
7361
262
674
3475
1162
449
597
28
16
320
606
2015
824
44854
340
262
2105
9322
7
1041
11
220
16
11
220
1041
931
931
15
11
510
5500
931
931
4119
11
220
5500
7755
4645
10731
11
220
5500
11139
2366
11592
11
220
5500
14649
13236
18887
11
220
5500
12505
7507
20945
11
220
5500
16193
17786
23545
11
220
5500
15101
20213
23324
11
220
5500
17819
18770
24508
11
220
5500
13837
11770
22534
11
220
5500
18807
21278
24443
11
220
5500
4645
7755
4278
11
220
5500
5037
5037
7261
11
220
5500
7994
11227
8259
11
220
5500
9263
15231
9413
11
220
5500
9335
17448
10239
11
220
5500
9690
19633
9756
11
220
5500
10718
21379
10674
11
220
5500
11123
25150
10861
11
220
5500
10562
23141
10828
11
220
5500
7529
24337
5926
11
220
5500
2366
11139
9639
11
220
5500
11227
7994
11702
11
220
5500
9716
9716
12533
11
220
5500
12338
15726
12994
11
220
5500
12754
18517
14052
11
220
5500
12326
18415
14022
11
220
5500
14274
22385
15666
11
220
5500
15741
23486
15451
11
220
5500
16544
22716
16085
11
220
5500
16443
25344
17313
11
220
5500
13236
14649
12166
11
220
5500
15231
9263
16104
11
220
5500
15726
12338
16723
11
220
5500
8765
8765
17153
11
220
5500
16522
20165
17451
11
220
5500
17228
20618
18384
11
220
5500
18199
22422
15951
11
220
5500
18017
22039
18265
11
220
5500
19230
24250
12910
11
220
5500
18252
26164
20077
11
220
5500
7507
12505
16408
11
220
5500
17448
9335
18136
11
220
5500
18517
12754
17837
11
220
5500
20165
16522
19305
11
220
5500
14870
14870
19697
11
220
5500
20555
20749
20325
11
220
5500
21033
22642
19988
11
220
5500
21358
23619
19799
11
220
5500
20339
24951
19773
11
220
5500
22054
24680
21038
11
220
5500
17786
16193
19673
11
220
5500
19633
9690
20571
11
220
5500
18415
12326
22593
11
220
5500
20618
17228
21600
11
220
5500
20749
20555
22048
11
220
5500
14148
14148
20866
11
220
5500
20943
20744
23477
11
220
5500
21228
23776
20758
11
220
5500
21535
23805
22345
11
220
5500
22754
26328
24515
11
220
5500
20213
15101
21996
11
220
5500
21379
10718
21717
11
220
5500
22385
14274
23103
11
220
5500
22422
18199
21788
11
220
5500
22642
21033
22644
11
220
5500
20744
20943
23480
11
220
5500
10943
10943
19774
11
220
5500
24187
23275
24375
11
220
5500
22347
25862
21897
11
220
5500
23578
24792
25388
11
220
5500
18770
17819
21295
11
220
5500
25150
11123
21982
11
220
5500
23486
15741
24054
11
220
5500
22039
18017
25527
11
220
5500
23619
21358
20338
11
220
5500
23776
21228
25302
11
220
5500
23275
24187
17521
11
220
5500
15831
15831
23592
11
220
5500
23171
25890
24216
11
220
5500
25314
25476
26519
11
220
5500
11770
13837
21474
11
220
5500
23141
10562
18831
11
220
5500
22716
16544
26218
11
220
5500
24250
19230
25465
11
220
5500
24951
20339
26537
11
220
5500
23805
21535
24061
11
220
5500
25862
22347
26497
11
220
5500
25890
23171
25622
11
220
5500
12251
12251
25354
11
220
5500
24809
25350
22889
11
220
5500
21278
18807
21056
11
220
5500
24337
7529
18485
11
220
5500
25344
16443
19306
11
220
5500
26164
18252
21251
11
220
5500
24680
22054
15862
11
220
5500
26328
22754
16415
11
220
5500
24792
23578
21133
11
220
5500
25476
25314
19068
11
220
5500
25350
24809
19146
11
220
1041
931
931
931
15
2526
624
220
18518
931
931
8504
15
271
2
5560
1817
14478
3375
54653
821
1056
52370
8
311
1629
7177
627
74694
100265
198
100264
78191
198
1527
20061
1179
1796
271
755
8187
54653
821
1056
52370
1471
25
528
11
597
25
528
11
865
25
528
11
2015
29453
25
1796
19155
2526
1492
528
512
262
674
22648
15840
25
11581
1004
60
284
1332
97894
369
1176
602
10373
320
15
497
72
12
16
340
262
674
1789
1855
2015
503
11
1456
682
3284
1566
44854
6041
520
296
320
15031
2015
2669
503
705
50284
10373
510
76
5354
503
60
1139
59721
315
1404
520
1455
597
11
64928
520
28090
865
198
262
674
2030
2533
865
1193
22223
279
353
1045
9
315
279
1828
44854
11
539
279
50284
320
300
1317
439
584
8448
304
2015
705
584
649
4322
433
439
38952
59721
315
520
1455
597
10373
20503
332
3210
11
6041
520
1938
2669
2015
29453
3894
933
262
674
578
17832
97894
369
2015
602
28358
520
1938
294
374
294
482
2015
29453
1004
1145
323
311
30437
433
11
584
1390
311
8448
1855
2015
439
3389
439
3284
719
2949
279
17413
627
262
674
4452
11
264
57080
10
10510
5603
374
25
369
1855
2361
11
1456
682
3284
1566
44854
1212
320
1527
602
1523
311
1973
7
15
11
602
12934
10
16
5850
8448
264
3321
315
709
311
597
10373
11
323
7940
4741
865
6737
4174
3659
32142
1392
12
16
8
2919
311
279
1828
3284
44854
1212
627
262
674
2030
369
17832
97894
11
279
23669
1648
374
311
7309
439
1690
10373
439
3284
320
455
311
597
8
3871
11
323
7781
279
11862
439
1790
439
3284
320
8248
2011
387
1306
682
10373
304
279
7309
4390
262
674
34863
11
279
17832
2860
97894
374
17427
555
11
369
1855
1912
11
19301
279
5652
43303
11862
1938
430
374
1306
682
10373
304
279
1912
323
1306
264
5361
315
865
505
279
3766
1912
627
262
674
4452
11
279
1401
20616
320
1527
3967
6425
12912
369
420
3575
8
374
311
1005
32857
1405
369
1855
602
11
369
1855
3284
436
320
4174
315
10373
304
1566
7309
11
220
16
497
1083
6097
11538
13636
5850
584
1456
311
8448
279
1566
7309
439
510
72
482
436
489
220
16
5354
602
27218
262
674
1789
1855
1778
7309
11
584
1205
311
1505
279
30758
1938
350
1778
430
512
262
674
220
482
350
2669
2015
29453
1004
482
436
489
220
16
60
220
320
543
304
7309
617
1027
5946
340
262
674
220
482
350
482
3766
32142
479
17181
2669
865
9
4174
3659
32142
1392
24638
198
262
674
2030
3766
32142
479
17181
649
387
220
15
369
279
1176
7309
627
262
674
2057
35608
279
1938
350
369
279
7309
320
1083
12117
97894
705
584
1390
279
5652
3284
350
430
18809
279
17413
13
8876
97894
374
350
482
2694
19948
29453
304
7309
705
88278
350
21877
4861
279
2694
315
320
51
482
2015
29453
4390
262
674
2030
279
17413
2187
603
311
3820
904
350
2669
1973
19948
29453
304
7309
8
323
1306
264
3766
44854
1938
489
865
6737
4174
3659
26647
58855
4390
262
674
4452
11
279
17832
97894
369
279
7309
374
17427
555
21816
279
30758
3284
350
430
69001
279
17413
320
708
430
279
3010
10373
304
279
7309
7784
956
83474
23540
4390
262
674
34863
11
279
17832
2860
97894
649
387
12457
555
11
369
1855
602
11
13126
682
3284
1566
7309
12562
320
16
497
1083
6097
11538
13636
5850
323
369
279
1566
7309
510
72
482
436
489
220
16
5354
602
1145
279
30758
43303
44854
1938
374
1973
19948
29453
1004
482
436
489
220
16
60
489
296
18988
6737
76
12
16
28250
17
2564
912
11
3604
35388
25
3766
44854
1938
489
865
6737
76
26647
12
16
705
1405
296
26647
374
279
1396
315
3766
45892
4390
262
674
12361
11
1095
596
1005
264
35388
32857
25
369
1855
602
320
15
497
77
705
11581
1004
60
284
1332
927
436
284
220
16
497
1083
6097
11
602
13636
8
323
503
284
602
482
436
489
220
16
311
602
315
512
262
674
262
11581
3894
12
16
60
489
2694
15511
83
46712
92
48922
72
92
320
51
530
482
2015
29453
14527
9918
1405
350
530
374
279
1176
1938
2669
2015
29453
14527
60
430
374
2669
3766
32142
479
17181
489
865
6737
2470
26647
32142
1392
340
262
674
2030
420
374
6485
11
779
1095
596
1005
279
3967
5497
25
369
1855
602
11
369
3284
1566
7309
1404
436
320
16
497
1083
6097
11538
13636
5850
12849
279
17832
97894
422
584
8448
10373
602
3880
10
16
2564
602
304
832
7309
627
262
674
578
1176
1938
315
420
7309
2011
387
520
3325
2015
29453
1004
3880
10
16
60
323
520
3325
3766
32142
479
17181
489
865
6737
2470
26647
340
262
674
2057
30437
279
2694
320
51
482
2015
29453
14527
9918
743
350
439
2678
439
3284
430
69001
279
17413
320
28753
80430
83474
12992
97894
4390
262
674
2100
369
7309
326
497
81
320
16
6108
477
220
15
6108
15285
705
1095
1212
7406
284
326
11
842
7406
284
436
320
15
6108
11
29408
4390
262
674
6914
8031
284
11581
29563
7406
12
16
60
422
1212
7406
29
15
775
220
15
198
262
674
6914
296
284
436
482
326
489
220
16
220
320
4174
304
7309
340
262
674
578
30758
584
649
8448
279
7309
374
1306
8031
489
865
6737
10084
32142
479
27067
482
220
16
570
2030
8031
32142
479
27067
374
539
34156
304
32857
1614
627
262
674
12361
11
1095
596
656
279
2768
25
369
279
7309
510
2527
11
842
60
320
15
6108
705
279
17832
3284
11862
1938
369
279
1176
304
7309
374
1973
19948
29453
29563
1145
8031
489
865
6737
2470
26647
32142
1392
5850
719
1661
26647
32142
1392
374
279
1396
315
45892
1603
11
902
374
320
2527
482
220
15
28250
74
13489
627
262
674
34863
11
279
5410
6425
374
311
11
369
1855
602
11
1456
682
436
304
220
16
497
1083
6097
11
602
13636
705
323
369
326
284
602
482
436
489
220
16
11
12849
279
17832
3284
1938
369
279
1176
2015
304
279
7309
512
262
674
262
8031
32142
17181
284
11581
17296
12
16
60
422
326
29
15
775
220
15
198
262
674
262
1396
3659
26647
58855
284
320
75
12
16
28250
74
220
674
2876
24473
11
719
439
459
57304
198
262
674
12361
11
1120
13383
430
2533
279
45892
2011
387
64928
865
2919
10980
11
279
30758
3284
1938
369
279
1176
2015
304
7309
374
512
262
674
262
2385
284
2015
29453
29563
60
489
1819
10084
489
220
16
489
320
74
12
16
595
443
597
8
353
865
220
674
2876
7041
11
719
35388
25
2533
584
649
1212
439
5246
439
682
6931
10373
527
28358
323
584
2351
5535
311
8448
520
904
1938
2669
8031
489
865
6737
4174
315
3766
45892
340
262
674
2030
311
636
17832
97894
369
279
7309
510
2527
11
842
1145
584
1390
311
3820
279
30758
3284
1938
430
374
2669
2015
29453
29563
60
323
2669
8031
489
865
6737
4174
3659
26647
58855
570
4452
11
279
17832
2694
320
51
482
2694
2015
29453
8
374
17427
555
279
30758
3284
350
369
430
7309
627
262
674
14636
279
76293
374
512
262
674
262
11581
1004
60
284
1332
927
436
28
16
497
1083
6097
11538
705
326
284
602
482
436
489
220
16
315
314
720
262
674
260
320
9996
17296
12
16
60
422
326
29
15
775
220
15
8
720
262
674
260
489
2694
15511
83
41727
92
48922
72
92
320
320
1973
19948
29453
14527
1145
8031
17181
489
865
6737
76
26647
595
883
482
2015
29453
14527
60
1763
262
674
262
457
262
674
2030
2533
8031
17181
374
11581
17296
12
16
60
489
2564
433
596
17395
627
262
674
6914
596
1005
264
2204
5603
14948
555
279
11670
330
15893
9497
449
2853
18893
4764
262
674
6914
2853
1004
60
284
279
17832
97894
369
1176
602
10373
422
584
8448
709
311
597
520
264
892
11
323
279
11862
2919
527
439
3389
439
3284
719
2103
2764
627
262
674
1789
1855
2361
602
11
1456
682
7309
12562
436
505
220
16
311
1332
6097
11538
705
323
12849
279
30758
1938
279
7309
510
72
3880
10
16
5354
602
60
649
387
28358
627
262
674
3011
30758
1938
374
25
1306
279
3766
7309
596
11862
1938
489
865
6737
4174
3659
26647
58855
482
220
16
705
323
2669
2015
29453
1004
3880
10
16
27218
262
674
2030
369
32857
11
584
649
1120
2567
3839
315
279
1566
11862
1938
320
2513
570
2030
1614
1404
374
2288
2466
627
262
674
34863
11
279
45648
3318
32857
369
420
3575
320
5391
505
15022
15840
8
374
512
262
674
11581
1004
60
284
1332
369
326
304
510
2880
7
15
11
602
12934
10
16
705
602
60
315
314
11581
17296
12
16
60
489
2694
15511
83
41727
92
48922
72
92
320
320
4354
17296
12
16
60
489
865
6737
2470
32142
1392
24638
8
883
482
2015
29453
14527
60
883
457
262
674
2030
1566
323
1661
32142
1392
24638
527
539
9967
13
2100
4619
11
584
13383
430
279
17832
2860
97894
374
5042
279
8187
2694
315
320
51
5487
482
2015
29453
3894
2526
449
279
17413
389
350
5487
30164
459
7859
8668
449
3094
520
3325
865
1306
1855
7309
315
1404
2717
74
627
262
674
2684
596
264
1664
22015
507
1471
61
17
43566
8
32857
430
4375
512
262
674
6914
11581
1004
60
284
17832
97894
369
1176
602
10373
320
8076
220
15
497
72
12
16
570
720
262
674
1789
1855
602
505
220
15
311
308
11
11581
1004
60
284
11581
1004
12
16
60
489
320
51
5431
482
2015
29453
1004
12
16
9918
1405
350
5431
374
12146
2669
2015
29453
1004
12
16
60
323
1306
3766
44854
1938
489
865
6737
10084
58855
705
719
420
374
40146
627
262
674
39578
11
1518
279
11670
6425
25
369
1855
602
11
369
1855
3284
1566
7309
6041
520
503
320
72
12934
2717
503
366
602
705
12849
279
17832
1938
279
7309
510
73
497
72
12
16
60
649
387
28358
512
262
674
262
8031
284
11581
3894
60
422
503
29
15
775
220
15
198
262
674
262
8448
17181
284
1973
19948
29453
3894
60
489
1819
72
13636
12
16
28250
74
4911
87
11
8031
489
865
48400
72
13636
12
16
28250
74
1192
262
674
262
719
420
374
46946
627
262
674
12361
11
1095
596
656
279
2768
507
1471
61
17
43566
8
32857
902
374
4495
512
262
674
11581
1004
60
284
1332
15511
81
28
16
497
1083
6097
11538
9317
314
720
262
674
257
320
9996
1004
482
436
60
489
2694
15511
83
22112
3880
10
16
311
602
92
320
1973
19948
29453
14527
60
489
1819
72
2442
10
16
489
436
12
16
28250
74
4911
87
482
8031
17181
11
2564
883
482
2015
29453
14527
60
12254
720
262
674
457
262
674
34863
11
1618
374
264
4495
323
4335
1648
320
1354
11986
555
279
5410
6425
369
330
39088
2860
6138
449
7309
323
27032
17413
15497
262
674
1789
1855
602
320
15
497
77
705
11581
1004
60
284
17832
97894
369
1176
602
10373
320
8076
220
15
497
72
12
16
340
262
674
1789
1855
602
11
1456
682
436
304
220
16
497
1083
6097
11
602
705
1095
503
284
602
482
436
320
708
1566
7309
374
10373
503
497
72
12
16
11
902
374
436
10373
340
262
674
578
1176
1938
584
649
8448
420
7309
374
520
3325
2015
29453
3894
60
323
520
3325
11581
3894
60
489
865
6737
320
73
482
220
15
28250
74
883
220
1198
539
4839
719
584
649
656
512
262
674
6914
8031
32142
284
11581
3894
60
220
674
1115
11105
279
17832
97894
709
311
2015
503
12
16
198
262
674
4800
11
584
617
311
5268
264
11862
1938
369
279
7309
503
497
72
12
16
1778
430
433
374
2669
2015
29453
3894
60
323
2669
8031
32142
489
865
353
320
4174
315
3766
45892
570
2030
2533
584
1541
956
3839
45892
11
584
649
387
18250
25
279
17832
3284
2694
374
17427
555
6376
279
8448
1938
311
279
17832
43303
320
72
1770
2637
439
4216
439
3284
1306
2015
29453
3894
62361
262
674
2100
279
30758
43303
8448
1938
369
279
7309
374
2015
29453
3894
60
320
333
3766
6276
705
719
311
27651
27032
11
279
8448
1938
369
279
7309
2011
387
2669
8031
32142
489
865
353
320
5269
1690
45892
1603
570
2030
584
1541
956
1440
11
779
279
5410
374
311
1120
923
865
6737
81
12
16
8
311
2015
29453
3894
60
320
66463
584
649
1212
264
502
7309
1314
1306
279
1176
2015
304
7309
570
1115
374
459
8582
6965
719
26420
69543
627
262
674
4452
11
279
23669
6425
374
3604
311
11
369
1855
7309
315
1404
436
13696
520
602
12
16
6041
520
503
11
743
279
8448
1938
311
2015
29453
3894
60
489
1819
72
13636
12
16
28250
74
4911
87
320
1962
2771
4390
262
674
16644
892
17413
323
279
2144
430
279
1296
5157
527
3544
11
279
1455
22514
323
3967
8292
374
279
507
1471
61
17
8
32857
1405
369
1855
602
11
584
1427
1203
709
311
597
7504
323
369
1855
3284
7309
1404
11
584
12849
279
17832
3284
2694
555
26619
279
7309
8638
520
1063
326
323
10548
520
602
12
16
11
323
279
1176
8448
1938
315
430
7309
374
2015
29453
17296
60
489
1819
72
2922
12
16
28250
74
4911
87
320
269
4528
4390
262
674
4452
11
1306
5403
2930
11
279
11670
6425
374
512
262
674
11581
1004
60
284
1332
15511
73
505
1973
7
15
11
602
12934
8
311
602
12
16
92
314
11581
3894
60
489
2853
3406
11
602
12
16
11
865
8
457
262
674
11208
2853
2387
11
436
11
865
8
374
279
17832
5217
97894
311
8448
10373
326
497
81
304
832
477
810
45892
320
9739
2717
74
705
64928
865
10980
13
2030
420
374
31919
627
262
674
39578
11
1618
596
459
11928
507
1471
61
17
43566
8
6425
512
262
11581
284
510
15
37710
77
10
16
340
262
369
602
304
2134
7
16
11
308
10
16
997
286
1888
284
220
605
334
966
198
286
369
436
304
2134
7
16
11
1332
6097
11
602
7405
16
1680
220
674
436
25
1396
315
10373
304
1566
7309
198
310
503
284
602
482
436
220
674
3766
2015
1963
1603
279
7309
198
310
674
578
7309
374
10373
503
5354
602
12
16
320
15
6108
705
1404
436
198
310
674
578
30758
584
649
8448
279
1176
2015
304
7309
374
520
3325
2015
29453
3894
60
323
520
3325
320
9996
3894
60
489
865
6737
4174
315
45892
1603
4682
2030
45892
1603
284
503
322
74
13489
627
310
674
1789
17832
97894
11
584
649
743
279
8448
1938
369
420
7309
311
2015
29453
3894
60
489
1819
72
13636
12
16
28250
74
4911
87
320
1962
4839
719
26420
27032
340
310
674
2030
3604
11
279
17832
2694
369
420
7309
374
17427
555
6376
279
8448
1938
439
4216
439
3284
1306
2015
29453
3894
60
323
1306
3766
44854
627
310
674
4452
11
279
17832
2694
315
320
5383
17181
482
2015
29453
14527
2526
369
259
304
510
73
497
72
12
16
60
374
17427
555
8448
17181
284
2015
29453
3894
60
489
1819
72
13636
12
16
28250
74
4911
87
320
333
584
1212
502
7309
1314
1306
1176
2015
340
310
674
2030
1095
596
1120
12849
279
2694
315
320
3311
32142
17181
482
2015
29453
14527
2526
449
1510
32142
17181
284
2015
29453
3894
60
489
1819
72
13636
28250
74
4911
87
320
4345
264
6220
8582
6965
340
310
674
2030
3604
11
279
17832
3284
8448
17181
369
279
7309
374
1973
19948
29453
3894
1145
11581
3894
60
489
865
6737
320
73
12
15
28250
74
19800
310
674
4452
11
369
279
32857
311
990
2085
15194
279
4839
11862
2919
11
584
649
1005
279
2144
430
279
5217
97894
369
420
7309
374
520
3325
279
2694
315
320
87
6737
76
12
16
8
489
320
72
13636
8
482
320
1264
2015
29453
304
7309
5850
719
433
596
6485
627
310
674
12361
11
1095
596
12849
279
2853
315
11862
10373
503
497
72
12
16
304
832
7309
320
333
436
8367
74
8
439
2694
15511
83
46712
92
48922
72
12
16
26628
320
1382
29453
14527
60
489
320
72
2442
12
16
28250
74
353
87
883
482
2015
29453
14527
60
883
719
420
374
539
4495
627
310
674
6914
596
4619
864
28806
279
17832
3284
5217
97894
369
904
10074
510
64
8568
60
315
3160
2717
74
11
26619
814
527
28358
304
832
477
810
2764
45892
13
2030
430
596
1101
6485
627
310
674
8876
279
3485
374
2288
2653
323
279
17413
527
1193
389
279
2015
315
11862
320
43842
4522
2919
11
520
1455
597
824
7309
11
27032
865
1306
45892
705
279
17832
97894
374
12457
555
2744
85356
439
1690
439
3284
320
455
311
597
8
311
30437
279
1396
315
45892
11
323
369
1855
7309
11
7781
279
11862
439
1790
439
3284
719
539
779
1790
430
433
18808
279
17413
449
3766
45892
627
310
674
4452
11
279
3967
3318
2082
369
420
3575
320
1527
2930
8336
8
374
512
310
674
1789
1855
602
11
369
326
304
2134
8913
7
15
11
602
12934
705
602
10
16
1680
220
674
326
374
279
6041
1963
320
15
6108
8
315
279
7309
430
10548
520
602
198
310
674
257
8031
284
11581
17296
60
422
326
29
15
775
220
15
198
310
674
257
1176
284
2015
29453
17296
933
310
674
257
1566
1265
14876
284
602
198
310
674
257
1661
58855
284
320
72
482
326
489
220
16
489
597
482
16
28250
74
220
674
29581
1209
72
2922
10
16
5738
74
340
310
674
257
674
578
30758
584
649
8448
420
7309
374
1306
8031
489
865
6737
2470
58855
12
16
340
310
674
257
30758
284
1973
18465
11
8031
489
865
6737
2470
58855
12
16
1192
310
674
257
674
2057
30437
2694
320
51
482
2015
29453
705
743
350
439
4216
439
3284
320
11536
3010
10373
304
7309
8935
2753
505
7781
340
310
674
257
674
2100
350
284
30758
198
310
674
257
2853
284
220
15
198
310
674
257
369
259
304
2134
2387
11
602
10
16
997
310
674
260
2853
1447
30758
482
2015
29453
14527
933
310
674
257
1888
284
1332
60523
11
8031
489
2853
340
310
674
2030
420
374
507
1471
61
17
43566
8
902
374
22281
369
308
28
1041
627
310
1522
220
674
1226
690
4305
420
3770
198
286
11581
1004
60
284
1888
198
262
471
11581
7824
2595
4071
4856
1109
3794
16075
11
1618
374
264
3967
3318
507
1471
61
17
8
6425
320
74128
433
596
507
1471
43566
8
719
597
649
387
709
311
220
1041
779
7060
705
902
374
505
5410
15407
1473
1687
1005
11581
1004
60
284
17832
97894
369
1176
602
10373
320
15
497
72
12
16
570
1789
1855
602
11
584
1456
682
3284
7309
10548
520
602
12
16
11
449
7309
1404
505
220
16
311
597
11
323
369
1855
3284
1212
503
320
72
12934
2717
842
10
16
2717
602
705
584
12849
279
17832
8448
1938
369
430
7309
13126
3766
11581
3894
30662
53692
11
1618
374
279
4495
8292
320
1354
11986
555
2009
90360
10430
323
5410
10105
7887
755
8187
54653
821
1056
52370
1471
25
528
11
597
25
528
11
865
25
528
11
2015
29453
25
1796
19155
2526
1492
528
512
262
674
11581
1004
60
284
1332
97894
369
1176
602
10373
320
15
497
72
12
16
340
262
11581
284
510
15
37710
77
10
16
340
262
369
602
304
2134
7
16
11
308
10
16
997
286
1888
284
2273
493
13885
1329
286
674
9934
682
3284
1566
7309
12562
505
220
16
311
1332
6097
11
602
340
286
369
436
304
2134
7
16
11
1332
6097
11
602
7405
16
1680
220
674
436
25
1396
315
10373
304
1566
7309
198
310
503
284
602
482
436
220
674
10373
1603
279
7309
527
220
15
497
73
12
16
198
310
674
578
1566
7309
374
10373
503
497
72
12
16
320
15
6108
340
310
674
1226
1205
311
5268
264
8448
1938
350
369
420
7309
1778
430
512
310
674
256
350
2669
2015
29453
3894
60
320
1820
1176
304
7309
2011
387
28358
1306
433
574
9277
340
310
674
256
1442
503
29
15
11
1101
350
2669
11581
3894
60
489
865
353
320
4174
315
45892
1603
570
2030
1396
315
45892
1603
374
320
73
12
16
28250
74
13489
627
310
674
4452
11
311
387
6220
11
584
649
743
279
17832
350
439
1973
19948
29453
3894
60
489
1819
72
482
503
482
220
16
28250
74
4911
87
11
320
9996
3894
60
422
503
29
15
775
220
15
7405
87
48400
73
12
16
28250
74
1192
310
674
2030
264
35388
320
438
4495
8
1648
374
25
279
3766
7309
9670
520
1063
1938
11
719
584
1541
956
3839
433
13
12361
11
279
30758
584
649
1212
420
7309
1306
503
10373
374
1306
11581
3894
60
489
865
48400
73
12
16
28250
74
8
719
433
596
6485
627
310
674
578
17832
5217
97894
369
420
7309
374
17427
555
19301
279
30758
3284
350
430
374
2669
2015
29453
3894
60
323
2669
320
9996
3894
60
422
503
29
15
775
220
15
8
489
865
6737
5269
1690
45892
1603
570
2030
1268
311
12849
330
5269
1690
45892
1603
1
2085
1614
30
1226
649
9855
12047
1162
25
320
73
322
74
8
45892
1603
11
779
350
2669
11581
3894
60
489
865
6737
73
322
74
4390
310
674
4452
11
279
11670
6425
374
311
5042
923
865
6737
81
12
16
8
311
2015
29453
3894
60
320
11536
584
649
1212
264
502
7309
1314
1306
279
1176
2015
304
279
7309
705
323
420
374
43303
1606
584
2351
1193
3411
369
264
4827
6965
627
310
674
2100
743
350
284
2015
29453
3894
60
489
1819
72
13636
12
16
28250
74
4911
87
220
320
4174
315
2539
597
1481
9296
1603
304
9861
10373
340
310
674
2030
3604
11
311
30437
2694
4233
482
2015
29453
14527
9918
584
1390
350
439
2678
439
3284
430
374
43303
627
310
674
6914
8031
32142
284
11581
3894
60
422
503
29
15
775
220
15
198
310
8031
32142
284
220
15
422
503
624
220
15
775
11581
3894
933
310
674
578
1176
2015
304
279
7309
374
520
1963
503
11
779
279
30758
584
649
8448
420
7309
374
1306
8031
32142
489
865
353
320
4174
315
3766
45892
570
578
1396
315
3766
45892
374
320
73
12
16
28250
74
320
31549
4390
310
674
2100
17832
350
374
1973
19948
29453
3894
1145
8031
32142
489
865
48400
73
12
16
28250
74
1192
310
674
4452
11
369
279
25491
315
279
32857
539
28672
279
4839
2919
11
323
2728
279
1296
5157
1522
449
279
2768
2082
11
584
649
1005
512
310
674
578
2853
369
420
7309
510
73
497
72
12
16
60
422
28358
6041
520
2015
29453
3894
60
489
1819
72
13636
12
16
28250
74
4911
87
374
512
310
674
2030
4619
11
1095
596
864
28806
279
2694
315
320
51
482
2015
29453
14527
2526
369
259
304
503
497
72
12
16
449
350
284
2015
29453
3894
60
489
865
6737
320
72
13636
8
443
74
1763
310
674
34863
11
358
3077
3970
3318
2082
1093
420
512
310
674
578
8448
1938
369
279
7309
649
387
4529
439
2015
29453
3894
60
489
865
353
1819
72
482
503
482
220
16
489
597
482
16
8
443
597
340
310
674
2030
1095
596
656
264
4382
6471
311
12849
279
2853
315
420
7309
422
584
743
350
439
279
17832
3284
1306
2015
29453
3894
60
323
1306
8031
32142
489
865
9
10084
58855
627
310
674
8876
420
374
3794
2288
93941
11
323
279
7177
1522
449
279
2768
507
1471
61
17
43566
8
5603
512
310
674
1789
1855
3284
7309
1212
326
323
842
436
320
75
284
503
11
436
284
602
12
16
705
449
436
2922
10
16
2717
74
11
323
369
1855
3284
1396
315
45892
296
304
420
10449
320
16
497
22833
1209
81
2922
10
16
5738
74
5850
12849
350
439
2564
433
596
2288
1790
627
310
674
12361
11
1005
279
2768
902
374
3967
311
1522
682
7177
320
1527
11928
37935
304
4528
5435
997
310
674
1789
279
1510
7309
18702
10373
510
73
11
602
12
16
60
320
15
6108
705
279
17832
5066
2853
374
25157
555
26619
279
1176
8448
1938
315
279
7309
374
2015
29453
3894
60
5636
1063
5361
315
865
11
323
279
2853
374
2694
4233
482
2015
29453
14527
2526
369
259
304
279
7309
627
310
674
2030
311
1304
433
4382
323
1522
279
7177
11
5423
279
3544
6305
11
584
649
1005
512
310
674
578
8448
1938
369
279
7309
374
2015
29453
3894
60
489
865
353
1819
72
482
503
482
220
16
489
597
482
220
16
8
443
597
340
310
674
2030
3604
11
1095
596
1120
656
512
310
674
578
2853
369
420
7309
320
333
584
8448
433
439
832
7309
8
374
2694
15511
83
46712
92
48922
72
12
16
92
320
320
1382
29453
3894
60
489
865
353
1819
72
12
16
482
503
8
443
597
8
883
482
2015
29453
14527
60
1763
310
674
2030
420
374
539
4495
304
682
5157
627
310
674
16644
279
892
11
323
2533
279
3984
1296
5157
527
12579
304
279
6205
449
279
1176
734
320
8370
584
527
311
46113
705
584
3358
1005
279
2768
5410
32857
902
374
507
1471
61
17
8
323
4375
512
310
674
1789
1855
602
11
1456
682
326
505
1973
7
15
11
602
12934
8
311
602
12
16
11
323
12849
11581
1004
60
284
1332
927
326
315
320
9996
17296
60
489
2853
2387
11
602
12
16
11
865
1192
310
674
1405
2853
2387
11
436
11
865
8
374
279
17832
5217
97894
422
10373
326
497
81
320
15
6108
8
527
28358
304
45892
315
1404
2717
74
449
520
3325
865
2919
1990
45892
13
2030
311
12849
2853
2387
16262
13095
8
584
1205
2500
32857
477
264
15150
627
310
674
1556
11928
507
1471
61
17
8
6425
320
30096
9358
597
6471
8
374
3604
3284
422
584
13383
430
279
1193
22295
389
279
11862
1938
315
264
7309
374
433
2011
387
1306
279
3766
7309
596
11862
1938
489
87
13
2057
30437
279
2860
11
369
1855
602
11
584
1427
1203
709
311
597
10373
323
1935
279
17832
627
310
674
4740
3495
11
279
4495
323
45648
1648
320
11536
279
1296
5157
527
539
6908
8
374
311
656
507
1471
61
17
8
1405
369
1855
602
11
369
1855
503
505
220
15
311
602
12
16
449
602
13636
8367
74
11
584
743
512
310
674
256
11581
1004
60
284
1332
35899
1004
1145
11581
3894
60
489
2694
15511
83
46712
92
48922
72
12
16
92
320
320
1382
29453
14527
60
489
320
72
2442
12
16
28250
74
353
87
883
482
2015
29453
14527
60
883
1763
310
674
2030
420
374
539
7041
1314
627
310
674
8876
358
4250
9006
279
4839
15150
11
323
279
3575
596
6205
1296
220
16
374
308
28
20
16539
28
17
13095
28
18
11
1382
29453
5941
16
11
20
11
21
11
605
11
717
1145
279
4320
374
220
17
627
310
674
6914
596
12849
1148
433
1288
387
20684
369
602
28
20
320
77
28
20
997
310
674
578
23669
374
311
8448
1176
220
17
10373
389
1938
220
19
25
320
19
12
16
42894
19
12
20
11992
18
10
4172
16
11992
17
11
1243
1828
220
17
10373
320
21
11
605
8
389
1938
220
605
25
320
605
12
21
42894
605
12
605
11992
19
10
15
28
19
11
2860
220
21
30
2030
6205
2795
220
17
13
2100
856
5603
374
5076
627
310
674
14144
11
7344
279
45892
649
387
19937
1778
430
279
1176
7309
18198
389
1938
220
20
25
10373
220
16
323
220
17
320
15336
220
15
323
220
16
8
28358
389
1938
220
20
25
320
20
12
16
42894
20
12
20
11992
19
10
15
28
19
13
5112
1828
7309
8448
389
1938
220
23
320
20
10
18
705
10373
220
18
323
19
320
15336
17
323
18
1680
320
23
12
21
42894
23
12
605
11992
17
10
4172
17
11992
15
11
1243
1566
2015
220
19
320
1275
19
8
389
1938
220
806
25
320
806
12
717
11992
482
16
13
10884
220
19
10
15
12
16
28
18
30
2876
12864
627
310
674
578
6205
2612
374
220
17
11
779
4461
279
23669
374
311
8448
682
220
20
10373
304
1403
45892
25
1176
220
18
10373
389
1938
220
20
25
320
20
12
16
42894
20
12
20
42894
20
12
21
11992
19
10
15
12
16
28
18
11
1243
1828
220
17
389
1938
220
806
25
320
806
12
605
42894
806
12
717
11992
16
10
4172
16
11992
15
13
10884
220
18
13
16782
539
220
17
627
310
674
39578
7344
279
45892
649
387
315
1404
220
17
323
220
18
512
310
674
35004
16
25
10373
15
5
16
28358
389
1938
19
25
320
19
12
16
42894
19
12
20
11992
18
12
16
28
17
198
310
674
35004
17
25
10373
17
11
18
11
19
28358
389
1938
605
25
320
605
12
21
42894
605
12
605
42894
605
12
717
11992
19
10
15
12
17
28
17
13
10884
220
17
10
17
28
19
627
310
674
89290
11
9539
358
2846
296
16164
3395
1113
13
6914
757
1817
279
6205
16540
627
310
674
5659
279
3575
596
1176
3187
25
220
20
10373
389
2919
220
16
11
20
11
21
11
605
11
717
449
597
28
17
13095
28
18
627
310
674
578
17832
2860
97894
374
220
17
13
578
4495
11862
374
512
310
674
5629
44854
389
1938
220
19
320
18143
10373
220
16
323
220
20
320
10090
15285
15
323
17
70372
912
13
14144
2015
29453
527
510
16
320
1382
16
705
20
19948
17
705
21
19948
18
705
605
19948
19
705
717
19948
20
7400
627
310
674
578
23669
374
311
8448
2015
16
320
1316
16
8
389
1938
19
11
2015
17
320
1316
20
8
389
1938
19
439
1664
30
2030
649
956
11
2011
387
304
2015
627
310
674
34863
11
279
4495
50284
374
512
310
674
35004
16
25
2015
16
320
1316
16
8
28358
389
1938
19
11651
220
19
12
16
28
18
198
310
674
35004
17
25
2015
17
320
1316
20
705
2015
18
320
1316
21
8
28358
389
1938
22
11651
320
22
12
20
42894
22
12
21
11992
17
10
16
28
18
198
310
674
35004
18
25
2015
19
320
605
8
323
2015
20
7
717
8
28358
389
1938
605
11651
320
605
12
605
42894
605
12
717
11992
15
12
17
11065
17
11651
2860
220
18
10
18
12
17
28
19
13
16782
539
627
310
674
358
2011
387
70847
279
15285
13
19292
279
1176
2015
374
1963
16
304
220
16
6108
627
310
674
39578
11
7344
279
17832
374
17427
555
512
310
674
27901
1176
220
17
10373
320
16
323
20
8
389
1938
20
25
320
20
12
16
42894
20
12
20
11992
19
11651
1243
1828
220
17
320
21
323
605
8
389
1938
23
25
320
23
12
21
42894
23
12
605
11992
17
12
17
28
15
11
1243
1566
320
717
8
389
1938
806
25
320
806
12
717
8
11065
16
11651
2860
220
19
10
15
12
16
28
18
627
310
674
578
6205
2795
220
17
11
779
4461
279
23669
374
311
8448
279
1176
2380
10373
320
16
11
20
11
21
8
389
1938
19
30
2030
1938
19
27
20
369
279
2132
2015
627
310
674
358
1781
358
1205
311
3009
11630
22702
323
7095
279
12384
430
16609
279
2728
7177
627
310
674
6914
596
1427
369
459
11928
6425
369
279
1890
3575
2930
320
11536
433
596
264
3967
11058
3575
4390
310
674
4740
264
4062
2778
11
358
1505
430
279
5410
6425
374
459
507
1471
61
17
8
32857
1405
512
310
674
11581
1004
60
284
1332
369
503
505
1973
7
15
11
602
12934
8
311
602
12
16
315
320
9996
3894
60
489
2694
15511
83
46712
92
48922
72
12
16
92
320
320
1382
29453
14527
60
489
865
6737
320
72
2442
12
16
28250
74
12254
482
2015
29453
14527
60
19800
310
674
2030
8530
459
8831
1648
374
311
5296
430
279
17832
97894
374
17427
555
19301
369
1855
2015
279
5652
3284
11862
1938
430
374
1306
682
3766
10373
6
11862
2919
5636
66160
315
865
11
323
304
45892
315
1404
597
627
310
674
4452
11
2728
279
892
11
358
3358
4305
279
507
1471
61
17
8
32857
430
369
1855
602
11
5992
1203
709
311
597
7504
323
5097
279
17832
627
310
674
45863
512
310
674
11581
58
15
60
284
15
198
310
674
369
602
304
220
16
497
77
512
310
674
257
11581
1004
60
284
1332
369
326
505
1973
7
15
11
602
12934
8
311
602
12
16
315
320
11581
17296
60
489
2694
15511
76
41727
92
48922
72
12
16
92
320
320
2015
29453
12335
60
489
865
6737
320
72
12
16
1474
28250
74
883
883
482
2015
29453
12335
60
883
1763
310
674
2030
420
1253
539
387
4495
13
39578
11
1095
596
656
1148
279
6205
25283
25
369
279
1176
1296
1162
11
279
4320
374
220
17
11
902
13533
430
279
1566
2015
374
28358
389
1938
220
20
320
72
28
20
705
449
2860
97894
220
17
627
310
674
19292
279
23669
374
311
8448
279
1566
2015
389
1938
20
11
902
374
220
20
12
717
30
2360
11
430
596
8389
627
310
674
358
1781
358
1205
311
10570
449
279
2082
430
16609
279
3984
7177
11
1524
422
358
1541
956
7373
3619
279
96354
627
310
674
5810
374
459
507
1471
61
17
8
8915
15840
6425
2085
279
9358
597
6471
11
902
3604
4375
1606
279
865
1193
665
49896
430
59721
527
304
2015
719
539
2949
264
8521
10074
320
300
1317
439
499
8448
304
2015
4390
310
674
578
17832
2860
97894
374
279
8187
927
682
3284
17071
826
1139
45892
315
1404
520
1455
597
315
279
2694
927
45892
315
320
27606
17181
482
2015
29453
58
14377
5011
62361
310
674
2057
12849
420
11
369
1855
602
11
584
1456
682
503
505
1973
7
15
11
602
12934
8
311
602
12
16
11
323
12849
279
2853
315
85356
10373
503
497
72
12
16
1139
832
477
810
45892
320
9739
2717
74
705
449
279
1176
7309
6041
520
503
323
279
11862
1938
12146
439
279
17832
43303
320
72
1770
2637
279
30758
1938
1306
3766
7309
596
1938
489
87
11
719
2533
584
2351
3815
32857
11
584
649
1120
923
865
6737
4174
3659
58855
12
16
8
311
279
1176
2015
596
1938
4390
310
674
4452
11
459
11928
5603
320
1527
459
2930
11913
8
369
279
1890
3575
374
512
310
11581
284
510
15
37710
77
10
16
340
310
369
602
304
2134
7
16
11
308
10
16
997
394
369
503
304
2134
8913
7
15
11
602
12934
705
602
997
504
1510
284
11581
3894
60
489
2694
2120
6737
72
13636
12
16
28250
74
489
320
1382
29453
1004
12
16
60
482
2015
29453
12335
2526
369
296
304
2134
3406
11
602
1192
504
674
719
420
2694
374
539
4495
627
504
674
12361
11
1095
596
12849
279
2853
315
85356
10373
503
497
72
12
16
320
15
6108
8
1139
24871
45892
315
1404
520
1455
597
11
449
279
1176
7309
6041
520
503
11
323
1855
7309
596
8448
1938
374
1120
1306
279
3766
11
719
311
30437
97894
11
743
279
8448
1938
315
279
1176
7309
311
2015
29453
3894
60
489
2564
433
596
6485
627
504
674
12361
11
1095
596
1005
264
24997
6471
311
2980
682
3284
7309
842
10093
2949
279
1566
597
10373
11
323
1935
279
17832
627
504
674
1789
1855
602
320
16
6108
705
279
2853
311
842
264
7309
520
602
374
311
1427
1203
220
16
311
597
10373
323
5268
279
1888
6041
1486
627
504
674
578
2768
2082
374
505
459
11928
6425
320
89171
291
311
220
15
6108
997
504
1566
284
2015
29453
1004
12
16
933
504
1888
284
220
16
68
972
198
504
674
1456
682
3284
7309
12562
274
505
220
16
311
1332
6097
11
602
340
504
369
274
304
2134
7
16
11
1332
6097
11
602
7405
16
997
667
1212
284
602
482
274
220
674
220
16
6108
1212
1963
369
279
7309
320
8076
1212
497
72
340
667
674
279
8448
1938
369
420
7309
649
387
743
311
1566
32142
489
865
11
719
584
1541
956
3839
430
13
720
667
674
12361
11
279
17832
5217
2853
369
420
7309
374
2694
15511
76
56722
92
48922
72
26628
320
15031
350
8
482
2015
29453
12335
60
1763
667
674
2057
30437
11
743
350
439
279
30758
3284
1306
682
2015
29453
304
7309
323
1306
3766
8448
1938
320
8370
374
11581
29563
12
16
60
489
53368
667
674
2030
369
32857
11
584
649
9855
350
284
2015
29453
29563
60
489
865
6737
320
72
19471
5738
74
1763
667
674
4452
11
279
45648
374
311
9855
430
279
2853
315
279
7309
510
2527
11
602
60
320
16
6108
8
374
2694
15511
76
56722
92
61
72
320
320
2527
489
865
48400
72
19471
28250
74
8
883
482
2015
29453
12335
12
16
60
1763
667
674
1115
374
3794
2288
5804
337
2844
13
8876
279
6205
1296
220
16
2011
471
220
17
11
323
449
308
28
20
16539
28
17
13095
28
18
11
1382
29453
5941
16
11
20
11
21
11
605
11
717
1145
279
4495
32857
4461
1587
512
667
674
1789
602
28
20
320
1820
220
20
339
2015
705
2980
503
28
18
320
15
6108
705
779
1566
7309
374
10373
18
12
19
320
605
323
717
570
578
8448
1938
1436
387
220
605
11
7231
220
15
10
320
605
12
717
11992
482
17
11
719
430
596
539
627
667
674
358
1781
358
1205
311
3350
279
2082
430
369
1855
602
11
5992
1203
709
311
597
7504
323
5097
279
17832
315
11581
3894
60
489
2694
15511
83
46712
92
48922
72
12
16
92
320
320
1382
29453
1004
12
16
60
489
865
6737
320
72
12
16
2442
5738
74
12254
482
2015
29453
14527
60
1763
667
674
2030
358
3358
10570
449
279
2768
507
1471
61
17
8
2082
902
16609
279
6205
512
310
674
6914
596
7738
323
656
279
2768
507
1471
61
17
8
32857
1405
369
1855
602
584
1456
682
3284
3766
7309
10548
2949
279
1566
597
10373
512
310
11581
284
510
15
37710
77
10
16
340
310
369
602
304
2134
7
16
11
308
10
16
1680
220
674
602
374
1396
315
10373
15590
198
394
2917
284
2273
493
13885
1329
394
674
1456
682
3284
1566
7309
12562
505
220
16
311
1332
6097
11
602
340
394
369
436
304
2134
7
16
11
1332
6097
11
602
7405
16
997
504
326
284
602
482
436
220
674
3766
2015
1963
1603
279
7309
320
15
6108
709
311
602
3880
12
16
340
504
674
12849
279
2853
315
85356
10373
326
5354
602
12
16
320
15
6108
8
1139
832
477
810
45892
315
1404
2717
74
198
504
674
279
17832
2853
369
420
374
17427
555
85356
1124
439
17251
398
439
3284
11
323
279
1176
8448
1938
649
387
2015
29453
17296
60
489
865
6737
34431
340
504
674
719
369
279
32857
11
584
649
9855
430
279
2853
369
420
10449
374
279
2694
315
320
51
482
2015
29453
14527
2526
1405
350
284
2015
29453
17296
60
489
865
6737
320
72
2922
12
16
28250
74
1763
504
674
719
420
374
264
8101
13
12361
11
1095
596
12849
279
2853
422
584
8448
420
7309
6041
520
1938
284
2015
29453
17296
60
489
865
6737
10084
340
504
674
1405
8031
374
279
1396
315
45892
1603
11
902
374
320
75
28250
74
13
2030
420
374
459
16430
627
504
674
39578
11
279
2853
374
5042
279
2694
315
320
3311
32142
17181
482
2015
29453
14527
2526
369
259
304
326
497
72
12
16
11
449
1510
32142
17181
284
2015
29453
17296
60
489
865
353
1819
72
482
326
489
597
482
16
8
443
74
1763
504
8448
17181
284
2015
29453
17296
60
489
865
353
1819
72
482
326
489
597
482
16
8
443
597
8
220
674
26420
27032
198
504
2853
284
220
15
198
504
369
259
304
2134
2387
11
602
997
667
2853
1447
8448
17181
482
2015
29453
14527
933
504
2917
284
1332
18053
11
11581
17296
60
489
2853
340
394
11581
1004
60
284
2917
198
310
471
11581
7824
933
4071
994
358
1456
420
2082
389
279
1176
6205
1473
77
28
20
11
597
28
17
11
865
28
18
11
2015
29453
284
510
16
11
20
11
21
11
605
11
717
2595
2520
602
28
20
320
57865
8863
682
220
20
10373
705
584
1456
436
28
16
497
17
320
11536
1332
6097
28
17
11
20
11992
17
696
81
28
16
25
326
28
19
13
8448
17181
284
2015
29453
58
19
9725
28
605
8
489
220
18
48400
20
12
19
10
17
12
16
28250
17
11992
605
10
18
6737
17
322
17
11992
605
10
18
28
1032
13
2853
28
1032
12
717
28
16
13
11581
58
19
60
374
949
4815
1687
1205
311
12849
11581
3094
555
3094
382
10267
596
12849
11581
3094
555
3094
369
420
2082
1473
10130
11581
58
15
4938
15
382
72
28
16
320
4734
220
16
2015
11
1963
15
7887
81
649
387
220
16
320
11536
1332
7
17
11
16
11992
16
696
75
28
15
382
5383
17181
284
2015
29453
58
15
60
489
220
18
6737
320
16
12
15
10
17
12
16
28250
17
883
284
16
489
18
6737
17
322
17
11992
16
10
18
28
19
382
16845
284
220
19
482
2015
29453
58
15
60
320
3323
259
28
15
8
11651
18
382
9996
58
16
60
284
11581
58
15
60
489
18
284
18
382
72
28
17
320
4734
220
17
10373
11
15285
15
11
16
7887
81
28
16
11651
75
28
16
1473
5383
17181
284
2015
29453
58
16
9725
20
8
489
18
6737
320
17
12
16
10
17
12
16
28250
17
11992
20
10
18
6737
17
322
17
11992
20
10
18
28
23
13
2853
28
23
12
20
489
23
12
16
28
18
10
22
28
605
13
11581
58
16
4938
18
11651
18
10
605
28
1032
382
81
28
17
11651
75
28
15
1473
5383
17181
28
16
489
18
6737
320
17
12
15
10
17
12
16
28250
17
883
28
16
10
18
6737
18
322
17
11992
16
10
18
9
16
28
19
13
2853
4640
19
12
16
42894
19
12
20
11992
18
12
16
28
17
13
11581
58
15
4938
15
11651
15
10
17
28
17
13
2100
11581
58
17
4938
17
382
72
28
18
320
18
10373
11
15285
15
12
17
7887
81
28
16
11651
75
28
17
320
1382
29453
58
17
4938
21
7887
5383
17181
28
21
10
18
48400
18
12
17
10
17
12
16
28250
17
11992
21
10
18
6737
17
322
17
11992
21
10
18
28
24
13
2853
28
24
12
21
489
24
12
20
489
24
12
16
28
18
10
19
10
23
28
868
13
11581
58
17
4938
17
11651
1114
382
81
28
17
11651
75
28
16
320
1382
29453
58
16
4938
20
7887
5383
17181
28
20
10
18
48400
18
12
16
10
17
12
16
28250
17
11992
20
10
18
6737
18
322
17
11992
20
10
24
28
975
13
2853
320
975
12
20
42894
975
12
21
42894
975
12
16
11992
24
10
23
10
1032
28
966
13
11581
58
16
4938
18
11651
1644
382
81
28
18
374
539
2533
1332
7
17
11
18
11992
17
382
14524
912
11
436
374
709
311
1332
6097
28
17
11
18
11992
17
13
2100
279
1193
10242
527
220
16
323
220
17
382
14524
279
17832
374
505
436
28
17
22997
28
16
30
2360
11
279
1888
779
3117
374
220
1114
505
436
28
16
22997
28
17
382
45600
11581
58
18
4938
1114
382
37239
7623
420
1648
11
369
602
28
20
1473
56962
436
28
16
11
326
28
19
320
1382
29453
58
19
4938
717
7887
5383
17181
28
717
489
18
48400
20
12
19
10
17
12
16
28250
17
11992
717
10
18
6737
17
322
17
11992
717
10
18
28
868
382
16845
28
868
12
717
28
18
320
3323
259
28
19
3677
9996
58
19
60
3966
311
387
25157
382
10267
596
12849
709
311
602
28
20
1473
72
28
19
1473
81
28
16
22997
28
18
320
1382
29453
58
18
4938
605
7887
5383
17181
28
605
10
18
48400
19
12
18
10
17
12
16
28250
17
11992
605
10
18
6737
17
322
17
11992
1032
13
2853
28
1032
12
605
28
18
320
83
28
18
8
5636
220
1032
12
717
28
16
320
83
28
19
12106
14144
912
11
369
602
28
19
11
279
10373
527
220
15
497
18
382
14524
369
602
28
19
11
279
10373
15590
527
220
15
497
18
320
15336
15
311
18
570
2100
994
326
28
18
11
259
8640
505
220
18
311
18
320
1382
605
3677
16845
28
1032
12
605
28
18
13
11581
58
18
4938
1114
11651
508
382
81
28
17
22997
28
17
320
1382
29453
58
17
4938
21
7887
5383
17181
28
21
489
18
48400
19
12
17
10
17
12
16
28250
17
11992
21
10
18
6737
18
322
17
11992
21
10
18
9
16
28
24
382
16845
25
369
259
28
17
323
18
25
320
24
12
21
42894
24
12
605
11992
18
12
16
28
17
13
11581
58
17
4938
17
11651
17
10
17
28
19
13
2100
11581
58
19
4938
19
382
45600
369
602
28
20
11
436
28
16
22997
28
19
1473
16845
374
259
28
19
320
1382
717
1680
8448
17181
28
868
11651
868
12
717
28
18
13
11581
58
19
4938
19
11651
19
10
18
28
22
382
81
28
17
22997
28
18
320
1382
29453
58
18
4938
605
7887
5383
17181
28
605
10
18
48400
20
12
18
10
17
12
16
28250
17
11992
605
10
18
6737
18
322
17
11992
605
10
24
28
777
382
16845
369
259
28
18
323
19
25
320
777
12
605
42894
777
12
717
11992
24
10
22
28
845
13
11581
58
18
4938
1114
11651
1644
382
4516
279
8187
374
220
22
11
719
279
6205
25283
220
17
13
2100
420
5603
374
15465
382
22818
279
892
29091
323
279
5326
315
3794
16075
11
358
3358
4305
279
507
1471
61
17
8
32857
1405
369
1855
602
320
16
6108
705
584
1456
682
3284
503
505
220
15
311
602
12
16
1405
602
13636
38394
74
11
323
12849
279
2853
315
85356
10373
503
497
72
12
16
320
15
6108
8
1139
832
7309
11
449
279
8448
1938
743
311
2015
29453
3894
60
489
865
6737
320
72
13636
12
16
28250
74
7609
578
2694
315
320
5383
17181
482
2015
29453
14527
2526
369
259
304
503
497
72
12
16
374
3779
311
11581
3894
948
1115
374
264
4279
5497
304
4528
5435
323
2643
1522
279
2728
7177
382
4071
1095
596
1456
279
1176
6205
449
420
1473
2520
602
28
20
320
77
28
20
705
503
649
387
220
18
320
11536
220
20
12
18
28
17
38394
17
570
4815
73
28
18
3445
7309
374
10373
18
11
19
320
605
323
717
570
8448
17181
284
2015
29453
58
18
9725
605
8
489
18
48400
20
12
18
12
16
28250
17
11992
605
10
18
6737
16
322
17
11992
605
13
2853
25
320
605
12
605
42894
605
12
717
11992
15
12
17
11065
17
13
11581
58
18
60
3966
311
387
25157
382
93114
8530
8448
17181
374
2015
29453
3894
60
489
865
6737
4174
315
3766
45892
570
1442
584
2980
1855
602
10540
1405
503
374
279
1212
315
279
7309
320
15
6108
705
323
279
1396
315
45892
1603
374
503
322
74
11
1243
1473
4071
358
1781
279
4495
4320
7612
264
2204
5603
13
16644
279
892
11
358
3358
10570
449
279
2768
2082
902
374
279
5410
6425
369
420
3575
1766
304
2930
24958
320
88897
311
220
15
6108
15285
7887
755
8187
54653
821
1056
52370
1471
25
528
11
597
25
528
11
865
25
528
11
2015
29453
25
1796
19155
2526
1492
528
512
262
11581
284
510
15
60
353
320
77
489
220
16
340
262
369
602
304
2134
7
16
11
308
489
220
16
997
286
1888
284
2273
493
13885
1329
286
674
1789
1855
3284
842
315
279
3766
7309
11
1456
682
3284
7309
12562
709
311
597
198
286
369
436
304
2134
7
16
11
1332
6097
11
602
8
489
220
16
1680
220
674
436
374
279
1404
315
279
1566
7309
320
4174
315
10373
340
310
8031
284
602
482
436
220
674
3766
1963
1603
420
7309
8638
198
310
674
578
1176
2015
304
279
1510
7309
374
520
1963
364
10084
6
320
15
6108
705
902
374
2015
29453
58
10084
933
310
674
578
1566
2015
304
279
7309
374
602
12
16
320
15
6108
340
310
674
2057
27651
279
11862
17413
11
279
11862
1938
2011
387
2669
2015
29453
58
10084
60
323
1306
3766
44854
1938
489
865
6737
65
9296
24638
340
310
674
578
17832
97894
369
420
7309
374
17427
555
6376
279
11862
1938
439
4216
439
3284
1306
2015
29453
58
10084
933
310
674
578
17832
2694
369
420
7309
374
2694
15511
83
28
10084
92
48922
72
12
16
92
320
51
482
2015
29453
14527
2526
1405
350
284
2015
29453
58
10084
60
489
865
6737
76
12
16
705
296
284
1396
315
45892
1603
489
16
198
310
674
2030
369
32857
11
584
649
9855
279
17832
5217
2853
369
420
7309
374
279
2694
994
350
284
2015
29453
58
10084
60
489
865
6737
320
72
482
8031
482
16
8
443
74
1763
310
296
284
320
72
482
8031
489
597
482
220
16
8
443
597
220
674
1396
315
45892
420
1053
1935
422
1855
374
1404
597
198
310
674
2030
264
35388
1648
320
8370
16609
279
7177
8
374
311
743
350
284
2015
29453
58
10084
60
489
865
353
1819
72
482
8031
482
16
28250
74
340
310
350
284
2015
29453
58
10084
60
489
865
353
1819
72
482
8031
482
220
16
8
443
597
340
310
2853
284
220
15
198
310
369
259
304
2134
32881
11
602
997
394
2853
1447
350
482
2015
29453
14527
933
310
1888
284
1332
60523
11
11581
58
10084
60
489
2853
340
286
11581
1004
60
284
1888
198
262
471
11581
7824
2595
7184
1095
596
1296
420
389
6205
220
16
1473
77
28
20
11
597
28
17
11
865
28
18
11
2015
29453
5941
16
11
20
11
21
11
605
11
717
2595
47354
11581
3094
555
3094
1473
9996
58
15
4938
15
382
72
28
16
320
10084
21986
436
28
16
11
8031
28
15
7887
51
284
2015
29453
58
15
60
489
18
48400
16
12
15
12
16
28250
17
11992
16
10
18
6737
15
322
17
11992
16
13
2853
28
16
12
16
28
15
11651
11581
58
16
4938
15
382
72
28
17
320
81
28
16
11
10084
28
16
26
436
28
17
11
10084
28
15
7887
81
28
16
11
10084
28
16
25
350
28
1382
29453
58
16
9725
20
7405
18
6737
15
11992
20
11651
2853
320
20
12
20
42894
20
12
16
11992
15
10
19
28
19
11651
11581
58
16
4938
15
10
19
28
19
382
81
28
17
11
10084
28
15
25
350
28
16
10
18
6737
15
11992
16
11651
2853
320
16
12
16
42894
16
12
20
11992
15
12
19
11065
18
11651
719
649
956
617
8389
2919
30
14144
279
15150
1253
387
5076
382
81122
11
420
374
539
3318
13
16644
279
892
11
358
3358
3480
311
279
2768
3967
4495
8292
505
459
11928
2592
320
89171
291
311
220
15
6108
7887
6153
13598
11
279
4495
76293
374
1473
2520
1855
602
320
16
497
77
705
11581
1004
60
284
1332
927
326
505
1973
7
15
11
602
12934
8
311
602
12
16
315
320
11581
17296
60
489
2694
15511
83
41727
92
48922
72
12
16
92
320
320
1382
29453
14527
60
489
865
6737
320
72
482
259
482
16
489
74
482
16
28250
74
12254
482
2015
29453
14527
60
883
5235
4071
420
374
6485
13
39578
11
1618
596
264
3318
507
1471
61
17
8
6425
2085
279
597
304
279
6471
11
902
16609
279
2728
1296
5157
1473
755
8187
54653
821
1056
52370
1471
25
528
11
597
25
528
11
865
25
528
11
2015
29453
25
1796
19155
2526
1492
528
512
262
11581
284
510
15
60
353
320
77
489
220
16
340
262
369
602
304
2134
7
16
11
308
489
220
16
997
286
1888
284
2273
493
13885
1329
286
674
9934
682
3284
3766
7309
10548
320
73
374
279
1212
1963
315
1510
7309
340
286
369
503
304
2134
8913
7
15
11
602
482
597
705
602
997
310
1510
16269
284
11581
3894
60
220
674
2853
709
311
1603
420
7309
198
310
674
23426
279
2853
369
11862
10373
503
497
72
12
16
320
15
6108
8
304
832
477
810
45892
315
1404
2717
74
198
310
674
578
1176
8448
1938
649
387
904
1938
2669
2015
29453
3894
60
323
1306
3766
8448
1938
489
865
6737
65
9296
24638
340
310
674
2057
30437
279
2694
320
5383
17181
482
2015
29453
14527
9918
743
8448
17181
311
279
30758
3284
902
374
2015
29453
3894
60
489
865
6737
4174
3659
26647
58855
340
310
674
5742
315
3766
45892
374
320
73
28250
74
320
31549
705
779
8448
17181
2669
2015
29453
3894
60
489
865
6737
73
322
74
340
310
674
2030
369
279
17832
5217
2853
304
279
7309
11
584
649
9855
8448
17181
284
2015
29453
3894
60
489
865
6737
320
72
13636
12
16
28250
74
1763
310
674
5112
12849
279
2853
369
420
10449
198
310
8448
17181
284
2015
29453
3894
60
489
865
353
1819
72
482
503
482
220
16
8
443
597
340
310
7309
16269
284
220
15
198
310
369
259
304
2134
3406
11
602
1680
220
674
10373
503
311
602
12
16
320
15
6108
340
394
7309
16269
1447
8448
17181
482
2015
29453
14527
933
310
1888
284
1332
60523
11
1510
16269
489
7309
16269
340
286
11581
1004
60
284
1888
198
262
471
11581
7824
2595
7184
1296
6205
16
449
420
1473
72
28
20
320
77
28
20
570
1226
1205
311
12849
11581
58
20
30662
10267
596
12849
11581
3094
555
3094
1473
1382
29453
284
510
16
11
20
11
21
11
605
11
717
1145
220
15
6108
382
9996
58
15
4938
15
382
72
28
16
320
73
649
387
220
15
2533
1973
7
15
11
16
12
17
11992
15
311
220
15
7887
73
28
15
1473
5383
17181
284
2015
29453
58
15
60
489
18
48400
16
12
15
12
16
28250
17
11992
16
10
18
6737
15
322
17
11992
16
382
14377
16269
284
259
505
15
311
15
25
220
16
12
16
28
15
13
779
11581
58
16
4938
15
10
15
28
15
382
72
28
17
1473
73
649
387
1973
7
15
11
17
12
17
11992
15
311
16
382
73
28
15
1473
5383
17181
28
16
10
18
6737
16
322
17
11992
16
10
16
28
17
320
11536
320
17
12
15
12
16
11992
16
11
220
16
322
17
28
15
30
14144
320
17
12
15
12
16
11992
16
11
220
16
322
17
28
15
13
2100
220
16
10
15
28
16
13
14144
296
16164
66
2987
382
14524
320
72
13636
12
16
11992
17
12
15
12
16
28
16
13
220
16
322
17
28
15
13
2100
8448
17181
28
16
10
18
9
15
28
16
382
14377
16269
25
259
28
15
25
15
11
259
28
16
25
16
12
20
11065
19
11651
2860
482
19
13
2100
11581
58
17
60
1436
387
220
15
489
10505
19
8
719
649
956
387
8389
13
2100
8530
420
5603
374
48008
382
22818
279
892
358
3077
7543
323
279
5326
315
539
12579
279
6205
11
358
3358
1005
279
2768
902
16609
279
2728
7177
320
1527
279
6205
596
3685
4320
315
220
17
369
279
1176
1162
555
12722
50284
1139
1403
45892
315
220
18
323
220
17
10373
449
23669
8448
2919
7887
6153
312
83360
11
279
4495
5603
374
311
13383
430
279
17832
97894
374
279
8187
927
682
602
320
16
497
77
8
315
11581
1004
1145
1405
11581
1004
60
374
279
17832
2694
994
279
602
7716
2015
320
15
6108
602
12
16
8
374
28358
389
1938
294
11
449
294
12146
311
387
439
3544
439
3284
719
27442
279
17413
13
578
23669
1648
374
311
1005
264
32857
1405
369
1855
602
320
4174
315
10373
15590
705
11581
1004
60
284
1332
927
503
505
1973
7
15
11538
12934
8
311
602
12
16
315
320
11581
3894
60
489
2853
3406
11538
12
16
8
7026
1405
2853
3406
11538
12
16
8
374
279
17832
5217
97894
369
10373
503
1555
602
12
16
994
814
527
28358
304
45892
315
709
311
597
11
449
1855
7309
596
8448
1938
520
3325
865
2919
1306
279
3766
7309
596
8448
1938
323
1306
682
872
20081
2015
13003
382
791
2853
649
387
25157
56926
1570
369
264
2728
10074
510
64
8568
60
320
15
6108
8
315
10373
439
11263
25
499
1390
311
8448
1124
304
439
2478
45892
439
3284
320
998
30437
279
1396
315
865
23032
4535
32174
705
323
2949
1855
7309
11
8448
439
3389
439
3284
719
2103
2764
13
4452
11
420
374
6485
382
93114
11
279
4495
323
45648
2082
430
16609
279
3984
7177
374
279
2768
320
1354
11986
555
279
4495
37072
1646
7887
1687
7124
11581
1004
60
439
279
8187
97894
369
279
1176
602
10373
320
15
6108
709
311
602
12
16
570
1789
1855
602
11
584
2980
682
3284
503
1405
279
1566
7309
8638
520
2015
503
323
10548
520
602
12
16
11
449
279
7309
1404
320
72
482
503
8
38394
74
13
578
8448
1938
369
420
7309
2011
387
520
3325
2015
29453
3894
60
323
520
3325
320
9996
3894
60
489
865
353
320
4174
315
3766
45892
4682
2057
12849
279
17832
2853
369
420
7309
11
584
649
9855
279
8448
1938
374
279
7340
315
2015
29453
3894
60
323
320
9996
3894
60
489
865
353
1819
73
482
220
15
8
443
74
4682
2030
311
2567
433
4382
323
2728
279
7177
1522
11
1618
374
279
2082
1473
755
8187
54653
821
1056
52370
1471
25
528
11
597
25
528
11
865
25
528
11
2015
29453
25
1796
19155
2526
1492
528
512
262
11581
284
510
15
37710
77
10
16
340
262
369
602
304
2134
7
16
11
308
10
16
997
286
369
503
304
2134
8913
7
15
11
602
12934
705
602
1680
220
674
503
374
279
6041
1963
320
15
6108
8
315
279
1510
7309
198
310
8031
284
11581
3894
933
310
674
578
1176
2015
304
1510
7309
374
520
1963
503
11
779
30758
8448
1938
374
1973
19948
29453
3894
1145
8031
489
865
6737
73
322
74
1192
310
674
2057
30437
279
2694
320
5383
17181
482
2015
29453
14527
9918
743
8448
17181
311
430
30758
3284
198
310
674
2030
369
32857
11
45968
555
1701
2015
29453
3894
60
489
865
48400
72
482
503
482
220
16
28250
74
340
310
8448
17181
284
2015
29453
3894
60
489
865
353
1819
72
482
503
482
16
8
443
597
340
310
2853
284
220
15
198
310
369
259
304
2134
3406
11
602
997
394
2853
1447
8448
17181
482
2015
29453
14527
933
310
422
11581
1004
60
871
8031
489
2853
512
394
11581
1004
60
284
8031
489
2853
198
262
471
11581
7824
2595
7184
7649
6205
16
1473
77
28
20
11
779
602
8640
311
220
20
382
2520
602
28
20
1473
73
649
387
1973
7
15
11
20
12
17
11992
18
311
19
382
22170
503
28
18
320
15
6108
11
10373
18
497
19
527
220
605
323
717
7887
5383
17181
28
1382
29453
58
18
9725
605
8
489
18
48400
20
12
18
12
16
28250
17
11992
605
10
18
6737
16
322
17
11992
605
382
16845
25
320
605
12
605
11992
15
11
320
605
12
717
8
11065
17
11651
2860
482
17
13
2030
11581
58
18
60
2011
387
25157
382
47354
11581
3094
555
3094
1473
72
28
16
1473
73
28
15
1473
5383
17181
28
16
10
18
6737
15
11992
16
382
16845
220
15
11651
11581
58
16
4938
15
382
72
28
17
1473
73
28
15
477
16
382
73
28
15
1473
5383
17181
28
16
11651
2853
320
16
12
16
42894
16
12
20
11992
15
12
19
11065
19
320
12071
11
719
1095
596
1518
696
9996
58
17
60
1436
387
482
19
719
430
596
12266
13
2100
279
15150
374
5076
382
75471
11
420
374
539
3318
13
16644
279
892
358
3077
7543
323
279
2144
430
358
1205
311
3493
459
4320
11
358
3358
1005
279
2768
507
1471
61
17
8
32857
430
16609
279
3984
1296
5157
555
3411
1203
709
311
597
7504
323
4737
279
17832
11
1524
422
279
96354
374
25420
1473
755
8187
54653
821
1056
52370
1471
25
528
11
597
25
528
11
865
25
528
11
2015
29453
25
1160
19155
2526
1492
528
512
262
11581
284
510
15
60
353
320
77
489
220
16
340
262
369
602
304
2134
7
16
11
308
489
220
16
1680
220
674
602
374
220
16
497
77
198
286
1888
284
2273
493
13885
1329
286
674
9934
682
3284
1566
7309
12562
505
220
16
311
1332
6097
11
602
340
286
369
436
304
2134
7
16
11
1332
6097
11
602
8
489
220
16
997
310
503
284
602
482
436
220
674
3766
1963
1603
420
7309
320
15
6108
709
311
503
340
310
674
63297
279
7309
510
73
11
602
12
16
60
320
15
6108
8
374
28358
6041
520
1938
284
2015
29453
3894
60
489
865
6737
76
12
16
705
1405
296
374
1396
315
45892
1603
489
16
198
310
674
2057
30437
279
2694
11
743
279
8448
1938
439
2015
29453
3894
60
489
865
48400
72
13636
12
16
28250
74
340
310
8448
17181
284
2015
29453
3894
60
489
865
353
1819
72
482
503
482
220
16
8
443
597
340
310
2853
284
220
15
198
310
369
259
304
2134
3406
11
602
1680
220
674
10373
503
311
602
12
16
320
15
6108
340
394
2853
1447
8448
17181
482
2015
29453
14527
933
310
422
11581
3894
60
489
2853
366
1888
512
394
1888
284
11581
3894
60
489
2853
198
286
11581
1004
60
284
1888
198
262
471
11581
7824
2595
4599
1629
389
279
1176
6205
1473
77
28
20
11
2015
29453
284
510
16
11
20
11
21
11
605
11
717
2595
2520
602
28
20
323
436
28
18
374
539
5535
320
1083
6097
28
17
11
20
11992
17
705
779
436
28
16
477
17
382
81
28
17
11651
73
28
18
320
72
13636
28
17
7887
5383
17181
284
2015
29453
58
18
60
320
605
8
489
18
48400
20
12
18
12
16
28250
17
11992
605
10
18
6737
16
322
17
11992
605
382
16845
369
259
28
18
323
19
320
605
11
717
1680
320
605
12
605
11992
15
11
320
605
12
717
8
11065
17
11651
2860
482
17
13
2030
11581
58
18
60
2011
387
25157
382
10267
596
12849
11581
58
18
69662
2520
602
28
18
11
436
28
17
11651
73
28
16
1473
5383
17181
28
1382
29453
58
16
9725
20
7405
18
48400
18
12
16
12
16
28250
17
11992
20
10
18
6737
16
322
17
11992
20
382
16845
369
259
28
16
323
17
320
20
11
21
1680
220
15
489
320
20
12
21
8
11065
16
13
11581
58
16
60
374
24688
2520
602
28
16
16262
28
16
10540
28
15
11651
5383
17181
28
16
11
2853
220
15
11651
11581
58
16
4938
15
382
2520
602
28
17
11
436
28
17
10540
28
15
11651
5383
17181
28
16
10
18
6737
15
11992
16
11651
2853
320
16
12
16
42894
16
12
20
8
11065
19
11651
11581
58
17
45271
19
320
12071
11
719
39547
3677
12487
11581
58
18
60
1436
387
505
503
28
16
25
11581
58
16
60
489
10505
16
8
284
482
16
382
45600
11581
58
20
60
449
436
28
17
10540
28
18
374
11581
58
18
60
489
320
15
489
482
17
8
284
482
16
489
10505
17
8
284
12
18
902
374
5076
382
40
3041
709
323
3493
279
1176
734
12223
596
8292
439
264
2167
1522
315
279
6205
596
3685
4320
555
13758
279
6811
1990
279
1566
2015
596
1938
323
279
3766
44854
5636
17413
2345
719
2533
358
2011
3493
2082
430
16609
279
2728
7177
11
358
3358
1005
279
2768
902
374
279
4495
507
1471
61
17
8
32857
505
459
11928
5905
320
66463
220
16
6108
15285
369
10373
323
45892
7887
8586
374
279
4495
8292
320
16
6108
369
10373
7887
755
8187
54653
821
1056
52370
1471
25
528
11
597
25
528
11
865
25
528
11
2015
29453
25
1160
19155
2526
1492
528
512
262
11581
284
510
15
60
353
320
77
489
220
16
340
262
369
602
304
2134
7
16
11
308
489
220
16
997
286
369
503
304
2134
8913
7
16
11
602
482
597
705
602
489
220
16
1680
220
674
503
374
279
1212
315
279
1510
7309
320
16
6108
340
310
8031
284
11581
3894
482
220
16
933
310
674
578
842
315
279
7309
374
602
320
16
6108
705
779
279
7309
14861
10373
503
497
72
198
310
674
578
11862
1938
369
420
7309
2011
387
520
3325
2015
29453
1004
60
323
520
3325
320
10084
489
865
353
320
4174
315
3766
45892
1192
310
674
2057
30437
279
2853
11
9855
279
30758
3284
1938
1306
682
10373
304
7309
323
1306
8031
198
310
674
578
17832
5217
2853
369
420
7309
374
2694
15511
83
46712
92
61
72
320
51
482
2015
29453
14527
2526
1405
350
284
1973
19948
29453
1004
1145
8031
489
865
6737
320
73
12
16
489
320
72
13636
31185
74
19800
310
674
62342
1463
555
6376
350
284
2015
29453
1004
60
489
865
353
1819
72
482
503
489
597
482
16
8
443
74
482
320
73
12
16
28250
74
1763
310
674
39578
11
743
350
284
2015
29453
3894
60
489
865
353
1819
72
482
503
489
597
482
16
28250
74
340
310
674
2030
1095
596
12849
279
2853
439
2694
505
259
46712
311
602
315
320
1382
29453
1004
60
482
2015
29453
14527
2526
489
34074
369
27032
198
310
674
1115
374
2103
25420
11
719
279
2768
4375
369
279
6205
512
310
2853
284
220
15
198
310
1176
284
2015
29453
3894
482
220
16
60
220
674
3766
1566
28358
2015
596
1938
320
15
6108
340
310
1566
8028
284
2015
29453
1004
482
220
16
60
220
674
1566
2015
304
1510
7309
320
15
6108
340
310
674
63297
584
8448
420
7309
389
1938
284
1566
8028
489
865
353
320
4174
315
45892
1603
420
832
340
310
674
5742
315
45892
1603
374
320
73
12
16
482
16
28250
74
489
16
949
2876
2771
627
310
674
1789
279
6205
11
994
602
28
20
323
503
28
18
320
8076
18
12
20
304
220
16
6108
30
2360
11
420
374
2288
22568
627
310
674
358
3358
4619
1005
279
2768
902
16609
279
2728
7177
320
1527
459
2930
2592
30464
997
310
674
578
2853
369
7309
503
497
72
320
16
6108
8
374
279
2694
315
320
5383
17181
482
2015
29453
14527
2526
449
8448
17181
284
2015
29453
3894
12
16
60
489
865
353
1819
72
13636
10
16
489
74
12
16
28250
74
340
310
8448
17181
284
2015
29453
3894
482
220
16
60
489
865
353
1819
72
482
503
489
597
8
443
597
340
310
7309
16269
284
220
15
198
310
369
259
304
2134
3406
11
602
489
220
16
1680
220
674
259
374
220
16
6108
1963
198
394
7309
16269
1447
8448
17181
482
2015
29453
14527
482
220
16
933
310
11581
1004
60
284
1332
35899
1004
1145
8031
489
7309
16269
340
262
471
11581
7824
2595
16856
279
1176
6205
449
420
320
16
6108
7887
1382
29453
284
510
16
11
20
11
21
11
605
11
717
60
320
15336
15
12
19
696
2520
602
28
20
320
543
220
20
10373
705
503
649
387
220
18
477
19
477
20
320
11536
1973
7
16
11
20
12
17
11992
18
311
20
3677
22170
503
28
18
320
14377
14861
10373
18
12
20
320
3745
21
11
605
11
717
595
1473
5383
17181
284
2015
29453
58
17
60
320
21
8
489
18
6737
320
20
12
18
10
17
5738
17
883
11651
320
20
12
18
10
17
11992
19
11
220
19
322
17
28
17
11651
21
10
21
28
717
382
14377
16269
1473
83
28
18
25
717
12
21
28
21
271
83
28
19
25
717
12
605
28
17
271
83
28
20
25
717
12
717
28
15
11651
2860
220
23
382
10084
284
11581
58
17
948
23426
11581
58
17
69662
2520
602
28
17
11
503
649
387
220
16
477
17
382
73
28
16
320
8076
16
12
17
25
20
11
21
7887
5383
17181
28
1382
29453
58
15
9725
16
7405
18
6737
320
17
12
16
10
17
5738
17
11992
16
10
18
6737
18
14
17
11992
16
10
19
13
20
28
20
13
20
320
8248
7698
4460
3677
2028
374
539
3318
13
16644
279
892
358
3077
29091
323
279
1205
311
3493
459
4320
11
358
3358
10570
449
279
2768
2082
902
6089
5280
279
32857
439
304
279
6205
596
3685
4320
555
13126
1855
3284
3293
7309
315
709
311
597
10373
323
19301
279
17832
97894
11
1524
422
279
15150
374
45968
13
1115
2082
16609
279
2728
7177
304
279
3575
5224
382
19918
8292
320
46
1471
61
17
8
449
597
6646
304
279
6471
7887
755
8187
54653
821
1056
52370
1471
25
528
11
597
25
528
11
865
25
528
11
2015
29453
25
1160
19155
2526
1492
528
512
262
11581
284
510
15
60
353
320
77
489
220
16
340
262
369
602
304
2134
7
16
11
308
489
220
16
997
286
1888
284
2273
493
13885
1329
286
674
9934
682
3284
842
10093
369
279
1566
7309
2949
279
1566
597
10373
198
286
369
436
304
2134
7
16
11
1332
6097
11
602
8
489
220
16
1680
220
674
436
374
279
1404
315
279
1566
7309
198
310
503
284
602
482
436
220
674
3766
1963
1603
279
1566
7309
320
15
6108
709
311
503
340
310
674
23426
279
2853
315
279
1566
7309
320
8076
503
311
602
12
16
304
220
15
6108
340
310
1176
1265
14876
284
503
198
310
1566
1265
14876
284
602
482
220
16
198
310
674
578
11862
1938
369
420
7309
2011
387
520
3325
2015
29453
76532
1265
14876
60
323
1306
3766
44854
489
865
6737
65
9296
340
310
674
2057
30437
279
2694
320
5383
17181
482
2015
29453
705
743
8448
17181
311
2015
29453
76532
1265
14876
60
489
865
6737
4174
315
3766
45892
340
310
674
63297
12047
1162
25
320
73
28250
74
45892
1603
11651
8448
17181
284
2015
29453
76532
1265
14876
60
489
865
6737
73
322
74
340
310
674
2030
369
17832
2853
11
743
8448
17181
311
279
30758
3284
1306
682
2015
29453
304
7309
323
1306
3766
11581
3894
933
310
674
1115
374
6485
11
779
45968
512
310
8448
17181
284
2015
29453
3894
60
489
865
353
1819
72
482
503
482
220
16
489
597
482
220
16
8
443
597
340
310
2853
284
220
15
198
310
369
259
304
2134
18465
1265
14876
11
1566
1265
14876
489
220
16
997
394
2853
1447
8448
17181
482
2015
29453
14527
933
310
1888
284
1332
60523
11
11581
3894
60
489
2853
340
286
11581
1004
60
284
1888
198
262
471
11581
7824
2595
2028
1288
1522
279
3984
6205
13
1789
279
1176
6205
1473
77
28
20
11
597
28
17
11
865
28
18
11
2015
29453
5941
16
11
20
11
21
11
605
11
717
2595
4599
602
28
20
323
436
28
17
11651
73
28
18
1473
5383
17181
284
2015
29453
58
18
9725
605
8
489
18
48400
20
12
18
12
16
489
17
12
16
28250
17
11992
605
10
18
6737
16
10
16
28250
17
28
605
10
18
6737
16
11992
1032
382
16845
369
259
28
18
11
19
320
605
11
717
1680
220
1032
12
605
489
1032
12
717
28
18
10
16
28
19
13
11581
58
18
60
2011
387
25157
382
4071
2085
2539
22702
11
358
3358
9502
420
439
279
4320
11
439
433
596
279
1888
358
649
43530
2728
279
892
627
524
1889
4677
397
2028
8292
5829
8915
15840
449
459
507
1471
30556
14260
74
8
5603
11
13126
682
3284
3293
7309
12562
320
455
311
597
8
323
25213
279
17832
97894
555
38663
43303
11862
2919
369
1855
7309
1418
69515
279
17413
389
7309
1404
323
11862
28090
13
1102
16609
682
279
3984
1296
5157
11
2737
279
3544
6305
323
6964
5157
13
100265
198
100264
882
271
7927
3766
4879
4745
279
7177
13
5810
596
279
1493
512
220
2958
36674
25434
8796
80
46
5241
15
40
7345
498
1584
220
9800
198
262
2030
4856
1109
3794
16075
11
1618
374
264
3967
3318
507
1471
61
17
8
6425
320
74128
433
596
507
1471
43566
8
719
597
649
387
709
311
220
1041
779
7060
705
902
374
505
5410
15407
512
5351
5291
76496
34990
1480
25
22229
52299
925
24016
320
19842
1599
520
1584
220
9800
65066
1271
312
42612
11
420
374
701
3465
25
4557
279
2768
734
12223
323
4733
928
11
7373
4305
279
734
7633
323
1522
682
279
7177
13
3146
5989
4276
70765
3247
13916
50
13
57277
2675
1288
15411
279
2082
499
11041
304
264
67859
2082
2565
320
817
10103
33981
320
20670
690
33316
279
4113
5865
8
100265
198
100264
78191
198
14196
4077
1527
20061
1179
1796
271
755
8187
54653
821
1056
52370
1471
25
528
11
597
25
528
11
865
25
528
11
2015
29453
25
1796
19155
2526
1492
528
512
262
3270
262
11730
2396
279
8187
11862
97894
3575
1701
264
8915
15840
5603
449
507
1471
61
17
353
597
8
892
23965
627
262
578
76293
32238
682
3284
3293
7309
77697
449
1404
1990
220
16
323
597
311
1505
279
17832
97894
382
262
18161
512
286
308
25
5742
315
10373
320
16
2717
308
2717
220
1041
340
286
597
25
27697
10373
824
44854
320
16
2717
597
2717
308
340
286
865
25
21882
1990
59721
320
16
2717
865
2717
220
605
334
24
340
286
2015
29453
25
1796
315
2015
22165
2919
304
2536
6953
76562
2015
320
16
2717
2015
29453
1004
60
2717
220
605
334
717
696
262
5295
512
286
578
8187
3284
2860
97894
382
262
4212
23965
25
507
1471
61
17
353
597
340
262
11746
23965
25
507
1471
340
262
12713
262
11581
284
510
15
60
353
320
77
489
220
16
8
220
674
11581
1004
5787
1332
14091
369
1176
602
10373
320
15
497
72
12
16
696
262
369
602
304
2134
7
16
11
308
489
220
16
1680
220
674
602
25
1396
315
10373
15590
320
16
497
77
340
286
1888
284
2273
493
13885
1329
286
674
9934
682
3284
1566
7309
12562
505
220
16
311
1332
6097
11
602
340
286
369
436
304
2134
7
16
11
1332
6097
11
602
8
489
220
16
997
310
1212
284
602
482
436
256
674
3766
1963
1603
420
7309
320
15
6108
709
311
1212
340
310
674
1115
7309
14861
10373
510
2527
2564
602
12
16
60
320
15
6108
15285
340
310
674
578
30758
3284
11862
1938
369
279
7309
2011
387
512
310
674
256
2669
2015
29453
29563
60
320
3983
304
7309
340
310
674
256
2669
11581
29563
60
489
865
353
1819
2527
482
220
15
489
597
482
220
16
8
443
597
8
220
674
3766
45892
64928
865
10980
198
310
674
2057
40821
323
6106
69543
11
12849
8448
17181
439
512
310
8031
32142
284
11581
29563
933
310
674
5742
315
45892
1603
1510
832
374
520
3325
320
2527
443
597
705
779
7781
555
430
353
865
198
310
674
2030
264
22514
5603
25
8448
279
7309
439
3389
439
3284
2085
66571
28562
17413
198
310
674
1789
17832
97894
11
8448
439
3389
439
43303
1306
682
304
7309
198
310
674
1226
3358
12849
8448
17181
439
279
7340
315
2015
29453
29563
60
323
8031
32142
489
865
6737
5269
1690
1603
340
310
674
2057
40821
11
1005
2015
29453
29563
60
489
865
6737
320
72
482
1212
482
220
16
8
443
597
1763
310
674
2030
1101
6106
433
374
1306
279
3766
11581
29563
933
310
8448
17181
284
2015
29453
29563
60
489
865
353
1819
100265
198