100264
882
198
4518
279
2768
734
12223
323
4733
928
11
7373
4305
279
734
7633
323
1522
682
279
7177
13
3146
5989
4276
70765
3247
13916
50
13
57277
2675
1288
15411
279
2082
499
11041
304
264
67859
2082
2565
320
817
10103
33981
320
20670
690
33316
279
4113
5865
696
14196
4077
1527
20061
1179
1796
1432
755
1797
8501
34600
17155
25
528
11
356
25
1796
19155
2526
1492
528
512
262
4304
4605
279
1396
315
9246
31706
315
40582
6498
12197
449
3160
1990
720
262
220
16
323
735
320
99461
8
430
27651
279
2768
3044
25
369
1855
6661
320
32
28
15
11
426
28
16
11
61453
1901
28
914
1350
262
279
1396
315
57115
304
279
925
374
520
1455
356
1004
27218
1084
262
3494
279
1797
60964
220
19416
13719
17228
627
1084
262
18161
512
286
735
25
27697
3160
315
9246
311
2980
320
16
2717
735
2717
220
1041
15
340
286
356
25
1796
315
220
1627
26864
1405
356
1004
60
374
279
7340
5535
57115
315
279
602
7716
6661
198
310
320
15
2717
356
1004
60
2717
220
1041
15
340
1084
262
5295
512
286
578
1396
315
2764
9246
60964
220
19416
13719
17228
7361
262
12382
1797
8501
34600
7
17
11
510
17
11
220
16
11
220
16
11
220
15
11
220
15
11
220
15
11
220
15
11
220
15
11
220
15
11
220
15
11
220
15
11
220
15
11
220
15
11
220
15
11
220
15
11
220
15
11
220
15
11
220
15
11
220
15
11
220
15
11
220
15
11
220
15
11
220
15
11
220
15
11
220
15
11
220
15
2608
262
220
605
198
262
12382
1797
8501
34600
7
17112
11
510
16
11
220
15
11
220
16
11
220
15
11
220
16
11
220
15
11
220
16
11
220
15
11
220
15
11
220
15
11
220
15
11
220
15
11
220
15
11
220
15
11
220
15
11
220
15
11
220
15
11
220
15
11
220
15
11
220
15
11
220
15
11
220
15
11
220
15
11
220
15
11
220
15
11
220
15
2608
262
220
1227
198
262
12713
755
1817
73121
997
262
674
19690
1296
5157
198
262
2105
9322
7
17
11
510
17
11
220
16
11
220
16
11
220
15
11
220
15
11
220
15
11
220
15
11
220
15
11
220
15
11
220
15
11
220
15
11
220
15
11
220
15
11
220
15
11
220
15
11
220
15
11
220
15
11
220
15
11
220
15
11
220
15
11
220
15
11
220
15
11
220
15
11
220
15
11
220
15
11
220
15
2526
624
220
605
198
262
2105
9322
7
17112
11
510
16
11
220
15
11
220
16
11
220
15
11
220
16
11
220
15
11
220
16
11
220
15
11
220
15
11
220
15
11
220
15
11
220
15
11
220
15
11
220
15
11
220
15
11
220
15
11
220
15
11
220
15
11
220
15
11
220
15
11
220
15
11
220
15
11
220
15
11
220
15
11
220
15
11
220
15
2526
624
220
1227
198
262
2105
9322
7
1041
15
11
510
1041
15
60
353
220
1627
8
624
220
10914
16590
22407
7361
262
674
24086
1296
5157
198
262
2105
9322
7
22874
11
510
25622
11
220
21848
11
220
19608
11
220
975
11
220
4513
11
220
23800
11
220
3443
11
220
6281
11
220
20800
11
220
508
11
220
9756
11
220
26087
11
220
25513
11
220
26218
11
220
23812
11
220
19306
11
220
15805
11
220
23467
11
220
22642
11
220
18695
11
220
7529
11
220
17228
11
220
19666
11
220
5120
11
220
20235
11
220
18349
2526
624
220
8546
11739
24571
198
262
2105
9322
7
24989
11
510
21776
11
220
12819
11
220
4468
11
220
21996
11
220
21910
11
220
11515
11
220
25150
11
220
20596
11
220
1049
11
220
27468
11
220
6849
11
220
21884
11
220
17416
11
220
22397
11
220
25339
11
220
23805
11
220
22424
11
220
22663
11
220
17824
11
220
22303
11
220
26366
11
220
15257
11
220
19305
11
220
17267
11
220
21033
11
220
13817
2526
624
220
1049
16037
22593
198
262
2105
9322
7
1032
11
510
20973
11
220
26007
11
220
25717
11
220
1187
11
220
21138
11
220
10967
11
220
12166
11
220
9690
11
220
2550
11
220
24870
11
220
22091
11
220
26088
11
220
26164
11
220
22039
11
220
18265
11
220
15726
11
220
26563
11
220
18831
11
220
10559
11
220
10895
11
220
25498
11
220
16522
11
220
25399
11
220
4468
11
220
1041
11
220
25505
2526
624
220
17763
9591
22922
198
262
2105
9322
7
2366
11
510
22908
11
220
15257
11
220
25873
11
220
22148
11
220
19561
11
220
10132
11
220
25401
11
220
21026
11
220
24054
11
220
19038
11
220
20907
11
220
25809
11
220
25828
11
220
11483
11
220
25136
11
220
19673
11
220
13679
11
220
22049
11
220
25862
11
220
845
11
220
21251
11
220
15666
11
220
22608
11
220
21125
11
220
24606
11
220
12226
2526
624
220
27134
20945
20998
198
262
2105
9322
7
4103
11
510
23619
11
220
26576
11
220
21112
11
220
22608
11
220
21330
11
220
14648
11
220
20571
11
220
17147
11
220
22
11
220
18415
11
220
15531
11
220
17574
11
220
9892
11
220
23459
11
220
22005
11
220
25208
11
220
20325
11
220
13460
11
220
20615
11
220
16522
11
220
20465
11
220
8610
11
220
17590
11
220
23816
11
220
14815
11
220
19447
2526
624
220
16567
17887
9413
198
262
2105
9322
7
17419
11
510
18262
11
220
15966
11
220
21125
11
220
10898
11
220
1272
11
220
19140
11
220
13895
11
220
20325
11
220
22507
11
220
21598
11
220
20153
11
220
17521
11
220
27341
11
220
14777
11
220
10961
11
220
25890
11
220
26409
11
220
19057
11
220
5500
11
220
23213
11
220
22058
11
220
23038
11
220
24402
11
220
16955
11
220
10841
11
220
3264
2526
624
220
14125
21360
21379
198
262
2105
9322
7
19697
11
510
15
11
220
15
11
220
15
11
220
15
11
220
15
11
220
15
11
220
15
11
220
15
11
220
15
11
220
15
11
220
15
11
220
15
11
220
15
11
220
15
11
220
15
11
220
15
11
220
15
11
220
15
11
220
15
11
220
15
11
220
23624
11
220
15
11
220
15
11
220
15
11
220
15
11
220
15
2526
624
220
19697
198
262
2105
9322
7
17252
11
510
22588
11
220
23642
11
220
10410
11
220
12910
11
220
25741
11
220
24331
11
220
8011
11
220
15189
11
220
22347
11
220
17153
11
220
18781
11
220
19695
11
220
17470
11
220
23
11
220
22663
11
220
26366
11
220
27341
11
220
16217
11
220
12245
11
220
5547
11
220
9741
11
220
20691
11
220
13364
11
220
19068
11
220
22210
11
220
21381
2526
624
220
23038
19166
12994
198
262
2105
9322
7
5037
11
510
26026
11
220
14870
11
220
24216
11
220
23038
11
220
25687
11
220
20253
11
220
12251
11
220
25687
11
220
15573
11
220
20767
11
220
22418
11
220
26491
11
220
9263
11
220
21379
11
220
19697
11
220
21969
11
220
20165
11
220
20936
11
220
16217
11
220
24887
11
220
21791
11
220
14057
11
220
25021
11
220
21511
11
220
4645
11
220
24132
2526
624
220
24438
11242
24963
198
262
2105
9322
7
20711
11
510
15
60
353
220
1627
8
624
220
15
198
262
2105
9322
7
14052
11
510
25392
11
220
25515
11
220
18163
11
220
2075
11
220
25009
11
220
26007
11
220
13104
11
220
26244
11
220
24394
11
220
24650
11
220
10559
11
220
24938
11
220
12879
11
220
24678
11
220
21177
11
220
24597
11
220
12245
11
220
18196
11
220
17228
11
220
16707
11
220
25073
11
220
1544
11
220
19288
11
220
5932
11
220
20596
11
220
5495
2526
624
220
21112
7028
24491
198
262
2105
9322
7
20936
11
510
15
11
220
15
11
220
15
11
220
15
11
220
15
11
220
15
11
220
15
11
220
15
11
220
15
11
220
15
11
220
15
11
220
15
11
220
15
11
220
15
11
220
15
11
220
15
11
220
15
11
220
15
11
220
15
11
220
15
11
220
15
11
220
15
11
220
15
11
220
21228
11
220
15
11
220
15
2526
624
220
20936
198
262
2105
9322
7
17335
11
510
21791
11
220
21791
11
220
9565
11
220
6281
11
220
23986
11
220
4578
11
220
24809
11
220
22194
11
220
11227
11
220
26281
11
220
18163
11
220
23848
11
220
13104
11
220
18163
11
220
11209
11
220
24391
11
220
18633
11
220
10967
11
220
10750
11
220
24837
11
220
21112
11
220
22058
11
220
14148
11
220
18
11
220
15340
11
220
4146
2526
624
220
22782
10914
18887
198
262
2105
9322
7
9756
11
510
15257
11
220
24626
11
220
13121
11
220
9800
11
220
24542
11
220
1313
11
220
22418
11
220
18572
11
220
21996
11
220
21404
11
220
16739
11
220
17824
11
220
23386
11
220
8765
11
220
19799
11
220
24763
11
220
5833
11
220
605
11
220
25392
11
220
16884
11
220
18384
11
220
22708
11
220
12378
11
220
11738
11
220
22956
11
220
7994
2526
624
220
14206
21511
11128
198
262
2105
9322
7
23805
11
510
17112
11
220
15999
11
220
17973
11
220
2721
11
220
18265
11
220
23178
11
220
3971
11
220
25862
11
220
22086
11
220
21474
11
220
12166
11
220
22
11
220
14498
11
220
22992
11
220
18162
11
220
13655
11
220
22457
11
220
18572
11
220
23105
11
220
25169
11
220
868
11
220
19162
11
220
16567
11
220
16544
11
220
14590
11
220
9079
2526
624
220
14274
8848
22992
198
262
2105
9322
7
17306
11
510
2614
11
220
19852
11
220
18216
11
220
23776
11
220
13302
11
220
24347
11
220
16884
11
220
24187
11
220
17306
11
220
12425
11
220
1490
11
220
20275
11
220
20749
11
220
18625
11
220
3080
11
220
20419
11
220
25513
11
220
25168
11
220
18048
11
220
23424
11
220
1958
11
220
24837
11
220
19068
11
220
12425
11
220
25238
11
220
14408
2526
624
220
10914
25399
21322
198
262
2105
9322
7
20800
11
510
15
11
220
15
11
220
15
11
220
15
11
220
15
11
220
15
11
220
15
11
220
15
11
220
15
11
220
15
11
220
24239
11
220
15
11
220
15
11
220
15
11
220
15
11
220
15
11
220
15
11
220
15
11
220
15
11
220
15
11
220
15
11
220
15
11
220
15
11
220
15
11
220
15
11
220
15
2526
624
220
20800
198
262
2105
9322
7
25169
11
510
26083
11
220
19633
11
220
19288
11
220
21038
11
220
21123
11
220
22005
11
220
11056
11
220
18520
11
220
22777
11
220
12226
11
220
14487
11
220
24344
11
220
20973
11
220
20339
11
220
14487
11
220
22424
11
220
14274
11
220
20077
11
220
24680
11
220
7699
11
220
22048
11
220
22039
11
220
22207
11
220
25476
11
220
12879
11
220
23717
2526
624
220
9756
19642
15574
198
262
2105
9322
7
22782
11
510
23879
11
220
22754
11
220
1049
11
220
13104
11
220
23654
11
220
23079
11
220
22992
11
220
5894
11
220
20419
11
220
25350
11
220
27079
11
220
23864
11
220
5067
11
220
21404
11
220
21505
11
220
25344
11
220
22908
11
220
23864
11
220
20772
11
220
20325
11
220
21982
11
220
23574
11
220
23178
11
220
16596
11
220
24809
11
220
21478
2526
624
220
16104
26244
24792
271
2
5560
1817
11773
8501
34600
8
311
1629
7177
627
74694
100265
198
100264
78191
198
1687
1205
311
4305
279
28286
4235
327
9134
17966
369
26060
9246
927
220
1627
12197
11
1855
449
264
2107
389
279
1396
315
57115
320
43068
555
356
705
315
29416
505
220
16
311
735
13
1789
1855
3160
308
11
279
1396
315
2764
9246
374
279
1396
315
10105
304
2536
43324
26864
865
15
1981
87
914
449
2694
865
5431
284
308
323
220
15
38394
865
5431
38394
356
1004
948
1226
1243
2694
927
308
28
16
497
42
323
1935
60964
220
19416
13719
17228
382
1687
1005
24038
5865
320
1820
49782
8385
355
18480
9134
4235
327
9134
15150
369
2814
56522
62215
37498
8
30820
4669
864
66047
287
8331
10522
323
29049
8331
10522
709
311
220
1627
65346
320
11536
1855
3977
44072
520
1455
356
1004
60
902
374
520
1455
220
1041
15
11
719
735
38394
220
1041
15
11
779
279
2860
374
709
311
220
1627
9
1041
15
28
11387
410
902
374
22281
3677
791
15150
369
279
1396
315
62644
315
308
1139
7482
449
14597
356
1004
60
374
2728
555
279
28286
10397
9134
14800
512
262
435
1471
8
284
220
16
9809
0
353
12264
239
15511
50
158
232
228
90
15
1981
914
3500
320
34363
16
30876
47215
50
91
92
353
8008
254
15511
72
22447
230
50
26628
34
1004
7727
16
8
353
320
34
1004
60
34363
91
50
91
42395
353
320
1264
15511
73
28
15
497
1083
3100
1004
1145
77
9317
510
77
5268
503
60
15511
26961
258
21524
30
3602
4071
304
1057
653
56522
320
9739
3977
9678
8
1162
11
584
1005
279
24038
734
824
6661
323
279
36706
33289
4669
61230
21524
58917
323
5043
56812
382
11458
11
2533
279
1396
315
12197
374
2678
320
1627
705
584
649
6089
1005
279
28286
10397
9134
15150
369
279
1396
315
2536
43324
7698
10105
311
12264
239
87
5431
284
308
449
865
5431
38394
356
1004
69662
10267
423
5431
284
356
1004
60
489
220
16
13
578
78939
1396
315
10105
374
3698
1471
10
914
11
914
570
5112
584
1005
28286
4235
327
9134
927
7482
49005
872
13693
382
4071
459
8831
323
5410
1648
369
2678
7482
374
1473
2903
315
10105
311
865
16
10
1981
10
87
1627
284
308
11
220
15
38394
865
5431
38394
356
1004
1145
374
198
262
12264
239
15511
11508
92
320
34363
16
30876
47215
11508
91
92
353
2027
15511
72
304
7056
26628
34
1004
7727
16
8
353
328
1471
25173
2694
15511
73
28
16
497
91
11508
91
26628
34
3894
7727
16
705
220
914
8
256
320
626
51868
5219
315
220
17
303
3169
422
682
356
1004
60
1890
11
719
4689
374
4669
32857
477
24038
5865
696
4071
369
25142
356
11
279
5410
11297
1648
374
311
1005
24038
5865
449
17737
90054
15583
320
87514
8
369
37929
11
719
430
596
2288
6435
369
220
1627
7482
323
308
709
311
220
1041
15
7389
584
1005
264
2167
32857
382
93114
11
584
649
864
28806
369
1855
308
505
220
16
311
735
279
1396
315
10105
4669
8915
15840
927
279
220
1627
12197
382
10267
11581
12335
1483
82
60
284
1396
315
5627
311
5268
865
62
15
1981
87
15511
76
12
16
92
2694
5424
311
274
13
5256
449
11581
58
15
1483
15
4938
16
13
1789
1855
6661
602
505
220
15
311
220
914
11
323
369
1855
1510
2694
259
11
584
923
11581
1004
1483
83
60
1447
11581
1004
12
16
1483
82
482
348
60
369
348
304
220
15
497
34
1004
30662
4071
449
220
1627
7482
323
308
709
311
220
1041
15
11
420
374
43303
25
279
32857
374
507
7
1627
353
735
353
320
2880
356
10
16
595
21784
230
220
1627
9
1041
15
9
1041
15
284
220
1627
68
21
11
902
374
22281
304
5468
14149
11547
1044
719
304
13325
584
1205
311
30536
449
9436
37498
311
1304
433
507
7
1627
65346
9
14288
932
3677
4071
1095
596
656
433
449
32857
323
9436
37498
369
1855
13167
382
10267
11581
14527
60
284
1396
315
5627
311
5662
2694
259
1306
13126
1063
12197
382
1687
3358
656
264
220
16
35
32857
927
2694
11
88335
12197
832
555
832
323
21686
11581
1701
9436
37498
382
8586
374
279
8292
1473
16
13
5075
28806
8331
10522
323
29049
8331
10522
709
311
220
1627
65346
320
11536
800
51868
5219
477
61230
21524
37929
1253
387
4460
369
279
28286
4235
327
9134
11
719
3604
304
279
32857
5603
584
1541
956
1205
1124
422
584
6089
47376
279
1797
369
1855
308
3677
17
13
1789
1855
308
505
220
16
311
735
11
12849
282
1471
8
284
1396
315
10105
4669
32857
382
18
13
8279
282
7
16
7405
1981
10
69
17155
8
323
471
60964
220
19416
13719
17228
382
8586
596
279
2539
2082
1473
74694
12958
198
1527
20061
1179
1796
271
27557
284
220
19416
13719
17228
198
10809
1635
284
220
1041
15
220
674
735
2717
220
1041
15
198
10809
932
284
220
1041
15
220
674
2533
356
1004
60
2717
220
1041
15
198
10809
51469
284
220
1627
353
8498
1635
220
674
1606
520
1455
220
1627
12197
1855
709
311
735
271
2
5075
28806
8331
10522
323
29049
8331
10522
709
311
220
1627
65346
320
74128
539
4460
1618
11
719
1436
387
1511
369
61230
21524
340
34210
284
510
16
60
353
320
10809
51469
489
220
16
340
2000
602
304
2134
7
16
11
8498
51469
489
220
16
997
262
2144
1004
60
284
2144
1004
482
220
16
60
353
602
1034
19186
271
14386
48905
284
510
16
60
353
320
10809
51469
489
220
16
340
14386
48905
19322
51469
60
284
7019
968
533
19322
51469
1145
19186
482
220
17
11
19186
340
2000
602
304
2134
56312
51469
482
220
16
11
482
16
11
482
16
997
262
1558
48905
1004
60
284
1558
48905
1004
489
220
16
60
353
320
72
489
220
16
8
1034
19186
271
755
1797
8501
34600
17155
25
528
11
356
25
1796
19155
2526
1492
528
512
262
3270
262
86759
279
1396
315
9246
315
3160
220
16
497
42
927
40582
6498
12197
345
262
1778
430
369
1855
6661
602
11
1202
1797
304
279
925
1587
539
12771
356
1004
27218
262
578
1121
374
6052
60964
220
19416
13719
17228
627
262
3270
262
674
11581
14527
60
284
1396
315
5627
311
636
2694
259
1306
8863
1063
12197
198
262
2860
284
220
15
198
262
674
1789
1855
308
505
220
16
311
735
11
1797
2764
9246
315
3160
308
198
262
369
308
304
2134
7
16
11
735
489
220
16
997
286
674
32857
927
220
1627
12197
13
5560
220
16
35
1358
369
1510
2694
198
286
11581
284
510
15
60
353
320
77
489
220
16
340
286
11581
58
15
60
284
220
16
220
674
4384
925
198
286
369
602
304
2134
7
1627
997
310
12088
284
356
1004
933
310
12088
29143
62
16
284
12088
489
220
16
198
310
674
5560
9436
37498
369
5043
2134
5369
198
310
674
1226
3358
2713
502
54972
505
11581
1701
279
1510
6661
596
2107
198
310
502
54972
284
510
15
60
353
320
77
489
220
16
340
310
674
1789
1855
3284
2694
274
1603
7999
1510
6661
198
310
674
31470
597
320
15
497
1083
78534
11
274
595
6835
502
2694
274
489
597
198
310
674
12361
11
369
1855
259
304
220
15
497
77
11
502
54972
14527
60
284
2694
15511
74
28
15
311
1332
78534
11
259
9317
11581
14527
482
597
933
310
674
2030
311
4732
709
11
1005
9436
37498
389
11581
198
310
9436
284
510
15
60
353
320
77
489
220
17
340
310
369
274
304
2134
1471
489
220
16
997
394
9436
12144
489
220
16
60
284
320
12113
12144
60
489
11581
12144
2526
1034
19186
198
310
674
4800
369
1855
259
505
220
15
311
308
512
310
674
502
54972
14527
60
284
2694
15511
74
28
15
92
48922
1083
78534
11
259
9317
11581
14527
482
74
933
310
369
259
304
2134
1471
489
220
16
997
394
4017
284
1332
78534
11
259
340
394
1062
284
220
15
198
394
422
4017
2669
220
15
512
504
1062
284
320
12113
14527
489
220
16
60
482
9436
14527
482
4017
489
220
16
2526
1034
19186
422
259
482
4017
2669
220
15
775
9436
14527
489
220
16
933
394
502
54972
14527
60
284
1062
198
310
11581
284
502
54972
198
286
674
4740
682
220
1627
12197
11
11581
7824
60
374
279
1396
315
5627
369
2694
308
320
6414
43324
865
5431
449
2694
22495
323
865
5431
2717
356
1004
2608
286
2860
284
320
5143
489
11581
7824
2526
1034
19186
198
262
471
2860
271
2
578
4113
7177
320
64525
304
4733
928
8
1288
1457
1522
627
14196
19884
2028
8292
5829
264
220
16
35
32857
369
1855
308
320
1527
220
15
311
308
8
323
369
1855
315
279
220
1627
12197
11
1701
9436
37498
311
4732
709
279
62215
1168
2690
474
56812
320
11536
369
1855
6661
11
584
649
5268
220
15
497
1083
3100
1004
1145
1510
2694
8
369
1268
1790
315
430
6661
311
2997
570
2468
279
842
369
1855
308
584
617
11581
7824
60
284
279
1396
315
2764
75837
1441
320
884
28536
10923
17975
369
1855
6661
11
2015
315
12197
3250
956
5030
304
14921
2533
12197
527
33137
481
719
279
32857
374
927
872
14921
570
34863
11
2533
1855
2361
304
279
925
374
264
5873
315
6661
320
1382
13146
705
719
279
22295
374
1193
389
14921
315
1855
6661
11
279
32857
3485
58303
279
1396
315
5627
311
9993
14921
320
87
15
29775
11
87
914
8
449
2694
308
323
220
15
8367
87
5431
8367
34
1004
1145
323
1855
1778
16720
34310
311
19301
264
2814
50289
315
12197
320
1820
2015
304
279
925
13146
11
719
584
649
1684
279
3575
439
1176
19301
279
14921
320
26961
50289
705
1243
77218
279
12197
1198
719
3604
279
5410
5603
374
25
279
1396
315
3160
5392
9246
449
6661
14921
320
66
15
29775
66
914
8
449
2694
272
5431
22495
323
272
5431
8367
34
1004
60
374
308
0
12148
66
15
0
1131
66
914
16715
56016
555
279
1396
315
5627
311
5268
279
14921
13
4452
11
1057
32857
439
5439
1618
3604
58303
279
1396
315
7698
10105
320
1820
330
26961
292
632
1
2085
5363
311
2015
705
719
369
9246
1405
279
10093
527
30929
320
72
1770
2637
2015
13146
705
279
4495
1797
824
6425
320
66
15
29775
66
914
8
374
308
0
12148
66
15
0
1131
66
914
43492
2030
304
279
5410
9958
323
16283
449
8582
14597
320
26961
258
21524
54852
705
279
32857
3485
374
7041
279
1797
315
279
1396
315
5627
311
5268
279
14921
865
5431
320
1382
315
6727
40815
719
14921
34156
705
719
369
9246
1855
2361
29235
12146
11
279
15150
374
1473
2903
284
2694
15511
87
5431
2717
356
1004
1145
2694
865
5431
284
308
92
320
308
0
611
320
87
15
0
865
16
0
2564
865
914
16715
5235
4071
25976
420
1053
1397
369
1855
2764
320
87
15
29775
8
311
12849
430
4751
13
4452
11
279
3485
32857
5042
14921
279
1396
315
2764
865
23728
320
1820
330
884
7006
39036
1
961
705
323
422
279
3488
574
369
56833
38499
320
72
1770
2637
75837
1441
705
430
1053
387
4495
13
2030
279
3488
374
369
330
19107
498
602
1770
2637
11713
24630
315
3160
308
11
449
279
22295
389
14921
824
6661
13
578
15150
374
1473
2903
284
2694
15511
87
15
10
1131
10
87
914
284
308
11
220
15
8367
87
5431
8367
34
1004
14316
320
308
0
611
320
87
15
0
865
16
0
2564
865
914
16715
5235
11458
11
279
2728
1296
1162
1473
1868
8501
34600
7
17
11
510
17
11
16
11
16
11
15
29775
15
2526
374
1071
311
387
220
605
13
6914
596
1817
555
1450
1473
73637
362
320
1275
220
15
705
426
320
16
705
356
320
17
705
423
320
18
40125
449
19079
510
17
11
16
11
16
11
15
29775
948
2100
1193
362
8324
11541
527
41030
320
35
323
3485
617
356
28
15
779
649
956
387
1511
570
2100
584
1205
9246
315
3160
220
16
477
220
17
1903
505
362
8324
11541
11
449
520
1455
220
17
362
596
11
220
16
426
11
220
16
356
382
2520
3160
220
16
25
220
18
11709
320
32
8324
11541
8
11651
44072
220
18
271
2520
3160
220
17
25
682
13840
505
314
32
8324
11541
92
61
17
284
24
11
719
22429
1884
449
871
16
426
477
871
16
356
13
2030
426
323
356
649
1193
5101
3131
1855
13
2100
682
220
24
527
2764
1606
499
649
956
617
1403
426
596
477
1403
356
596
304
3160
220
17
7389
499
1005
1124
11157
902
36375
872
13693
320
34
28
16
570
2100
2764
9246
527
29334
11
14469
11
10807
11
34589
11
18531
11
9362
11
22024
11
13844
320
8248
13844
374
8482
11
2533
356
649
1193
5101
3131
570
14144
25
3604
369
1403
12197
1473
7749
220
18
61
17
28
24
24630
13
13266
449
1403
356
596
25
13844
320
12071
11
2533
356
374
7347
311
220
16
570
35339
1403
426
596
25
18772
8482
13
2030
362
649
387
1511
11157
13
2100
2764
527
682
3734
18772
323
13844
25
220
24
482
17
284
22
13
2100
369
308
28
17
11
1797
374
220
22
13
2100
2860
374
220
18
10
22
28
605
11651
9248
279
1296
382
4071
1057
32857
3485
11
369
308
28
17
323
356
5941
17
11
16
11
16
11
15
29775
15
1145
1053
3041
11581
58
17
60
284
24688
10267
596
38553
279
32857
369
602
28
15
320
32
11
2107
28
17
705
602
28
16
320
33
10317
391
28
16
705
602
28
17
320
34
10317
391
28
16
705
2800
12305
382
10130
11581
58
15
4938
16
382
6153
6661
362
320
11600
28
17
997
2520
259
505
220
15
311
220
17
512
943
54972
14527
60
284
2694
15511
74
28
15
311
1332
7
17
14287
9317
11581
14527
12934
933
708
11581
8638
510
16
11
15
11
15
933
10924
362
512
943
54972
58
15
4938
16
198
943
54972
58
16
4938
9996
58
16
7727
9996
58
15
4938
15
10
16
28
16
198
943
54972
58
17
4938
9996
58
17
7727
9996
58
16
7727
9996
58
15
4938
15
10
15
10
16
28
16
198
708
11581
5941
16
11
16
11
16
60
320
72327
220
15
11
16
11
17
696
6153
6661
426
320
11600
28
16
997
943
54972
58
15
4938
9996
58
15
4938
16
198
943
54972
58
16
4938
9996
58
16
7727
9996
58
15
4938
16
10
16
28
17
198
943
54972
58
17
4938
9996
58
17
7727
9996
58
16
4938
16
10
16
28
17
198
708
11581
5941
16
11
17
11
17
2595
6153
6661
356
320
11600
28
16
997
943
54972
58
15
4938
16
198
943
54972
58
16
4938
9996
58
16
7727
9996
58
15
4938
17
10
16
28
18
198
943
54972
58
17
4938
9996
58
17
7727
9996
58
16
7727
9996
58
15
4938
17
10
17
10
16
28
20
198
4516
11581
58
17
4938
20
382
4071
4184
311
28286
4235
327
9134
11
279
1396
315
10105
320
87
1596
489
865
1702
489
865
932
284
17
11
220
15
60094
97
87
1596
60094
97
17
11
865
1702
60094
97
16
11
865
932
60094
97
16
8
374
1473
7749
2085
20020
25
356
7
17
10
18
12
16
11
18
12
16
11992
34
7
19
11
17
11992
21
198
3214
2193
1884
449
865
1702
60094
98
17
25
743
379
1702
26459
1702
12
17
11
1243
379
1596
44110
932
28
15
11651
16
6425
198
3214
2193
1884
449
865
932
60094
98
17
25
30293
220
16
198
2261
1203
65357
320
21704
63247
17
1680
12266
2533
220
17
10
17
29
17
198
4516
220
21
482
16
482
16
284
19
30
14144
11
719
11630
52678
6688
220
22
2764
9246
13
35341
329
2538
1980
14524
11
22047
1990
10105
304
14921
320
26961
285
1441
8
6296
24630
320
19107
3677
791
32857
3485
14921
279
1396
315
75837
1441
320
884
74729
449
54515
8
315
12197
362
8324
11541
449
2860
1797
308
28
17
323
69515
19079
13
2030
304
279
3575
11
279
9246
527
24630
320
1382
13146
705
323
279
22295
374
1193
389
279
14921
315
1855
6661
11
539
389
872
2015
13
2100
279
2860
1396
374
1473
2520
1855
2764
10824
320
87
1596
13095
1702
13095
932
8
449
2694
28
17
323
17413
11
279
1396
315
73049
374
308
0
12148
87
1596
0
865
1702
0
865
932
43492
2100
584
2011
2694
927
682
1778
89661
382
10267
596
12849
682
320
87
1596
13095
1702
13095
932
8
449
865
1596
8367
17
11
865
1702
8367
16
11
865
932
8367
16
11
323
2694
311
220
17
382
66322
89661
512
7
17
11
15
11
15
1680
220
17
0
12148
17
0
15
0
15
0
11992
16
198
7
16
11
16
11
15
1680
220
17
0
12148
16
0
16
0
15
0
11992
17
198
7
16
11
15
11
16
1680
220
17
198
7
15
11
17
11
15
1680
8482
320
87
1702
29
16
340
7
15
11
16
11
16
1680
220
17
0
12148
15
0
16
0
16
0
11992
17
198
7
15
11
15
11
17
1680
8482
198
7
15
11
16
11
15
1680
1053
2694
311
220
16
11
539
220
17
198
4516
2764
6305
2694
5424
311
220
17
1473
7
17
11
15
11
15
1680
16
198
7
16
11
16
11
15
1680
17
198
7
16
11
15
11
16
1680
17
198
7
15
11
16
11
16
1680
17
198
7749
25
220
16
10
17
10
17
10
17
28
22
13
2100
279
925
1797
369
308
28
17
374
220
22
382
4071
279
32857
4780
11581
58
17
4938
20
11
902
374
279
1396
315
320
87
1596
13095
1702
13095
932
8
10105
320
72
1770
2637
28559
11
539
24630
570
2100
1057
32857
439
5439
58303
279
1396
315
28559
320
1382
315
12197
1587
539
5030
304
279
1797
705
719
279
3575
6944
24630
320
1382
13146
570
32140
584
1205
311
7652
382
55915
11
279
4495
15150
374
1473
2520
1855
308
11
279
4320
374
279
2694
927
682
2764
865
23728
315
320
308
0
611
320
87
15
0
865
16
0
2564
865
914
16715
5235
4516
311
12849
420
11
584
1205
311
11
369
1855
308
11
30729
927
682
3284
865
5431
2949
872
14597
323
2694
279
61230
21524
37929
13
4452
11
449
308
709
311
220
1041
15
323
220
1627
7482
11
420
374
539
43303
6089
382
4071
584
649
1005
279
24038
734
5603
449
8915
15840
430
15783
24031
279
2631
2694
382
791
59855
24038
734
369
1855
6661
602
374
1473
38
5431
13476
8
284
220
16
489
356
1004
60
353
1167
489
320
34
1004
9725
34
1004
11958
16
5738
17
16715
353
1167
61
17
489
2564
489
320
34
1004
60
0
12148
320
34
1004
11958
74
42395
597
0
883
611
597
0
883
353
1167
61
74
489
2564
4815
4071
3604
11
279
469
37432
369
264
6661
449
1973
1797
356
1004
60
374
1473
1264
15511
74
28
15
92
48922
34
1004
14316
320
34
1004
60
0
12148
320
34
1004
11958
74
42395
597
0
12254
353
320
89
61
74
611
74
16715
883
284
1367
7
1167
353
320
320
34
1004
7727
16
8
883
883
220
482
719
60856
520
597
42017
1004
948
2030
420
374
17395
382
93114
11
279
19664
24038
734
369
279
1797
315
24630
320
11536
1855
2361
649
387
904
6661
11
449
279
1193
22295
389
279
44745
8
374
1473
2520
1855
6661
602
11
279
24038
734
320
258
865
5431
8
374
220
16
489
865
5431
489
865
5431
61
17
14
17
0
489
2564
489
865
5431
48922
34
1004
60
4572
34
1004
60
0
883
353
320
11536
77218
24630
11
584
1205
59855
24038
5865
570
14144
11
912
25
369
24630
320
19107
705
279
24038
734
374
1473
4959
6661
602
649
5101
220
15
311
356
1004
60
3115
13
578
24038
734
369
279
1396
315
9246
320
2940
2015
13146
8
449
2728
14921
320
87
15
29775
87
914
8
374
279
2027
927
602
315
320
16
489
865
5431
489
865
5431
61
17
14
17
0
489
2564
489
865
5431
48922
34
1004
60
4572
34
1004
60
0
7026
719
912
2345
74128
369
24630
320
19107
315
3160
308
705
279
1797
374
279
36706
315
259
87267
304
279
24038
734
5761
15511
72
28
15
497
914
92
320
2694
15511
74
28
15
92
48922
34
1004
14316
320
865
5431
61
74
611
597
0
883
353
384
48922
74
259
92
883
5235
18433
369
1855
6661
11
279
59855
24038
734
369
1202
19035
374
2694
15511
74
28
15
92
48922
34
1004
14316
320
320
4174
315
5627
311
5268
597
10093
369
420
6661
8
353
259
61
74
14441
0
883
353
320
1820
865
5431
61
74
369
26060
279
1396
315
12197
570
2030
420
374
3794
2288
6485
382
2127
8831
5603
320
11536
735
374
1193
709
311
220
1041
15
323
220
1627
12197
8
374
311
1005
279
28286
4235
327
9134
15150
449
279
1520
315
8915
15840
311
12849
279
2631
2694
927
682
2764
46325
315
61230
21524
37929
382
11458
11
57616
5410
17649
11
279
1396
584
1390
320
4174
315
9246
315
3160
308
449
6661
14921
865
5431
38394
356
1004
60
323
12264
239
87
5431
284
308
8
374
6273
311
279
36706
315
2874
87267
304
279
24038
734
1473
4921
15511
72
28
15
92
48922
914
92
320
220
16
489
356
1004
60
353
2874
489
356
1004
37710
34
1004
11958
16
5738
17
0
353
2874
61
17
489
2564
489
320
34
1004
60
0
25239
320
34
1004
11958
74
42395
597
0
883
353
2874
61
74
611
74
0
883
4815
4071
420
374
13890
311
1473
4921
15511
72
28
15
92
48922
914
92
320
2694
15511
74
28
15
92
48922
34
1004
14316
320
356
1004
60
0
611
320
320
34
1004
11958
74
42395
597
0
883
883
353
320
2874
61
74
611
74
0
883
5235
4071
420
374
46946
13
39578
11
5296
430
279
1396
374
279
1890
439
279
1396
315
5627
311
9993
1855
315
279
308
10093
311
832
315
279
220
1627
12197
11
449
279
20020
430
912
810
1109
356
1004
60
527
12893
311
6661
602
382
2028
374
264
54852
59541
449
7347
92807
1385
2001
323
649
387
25157
4669
28286
4235
327
9134
439
1473
2903
284
320
16
9809
16715
353
12264
239
15511
50
158
232
228
90
15
497
914
3500
320
34363
16
30876
47215
50
91
92
353
320
12264
237
15511
72
22447
230
50
92
320
34
1004
60
489
16
8
883
353
320
12264
237
15511
72
22447
231
50
92
356
1004
60
0
883
353
320
77
489
12264
239
15511
72
22447
230
50
26628
34
1004
7727
16
8
482
16
883
0
5235
4071
420
374
17395
11
719
656
481
369
2678
1396
315
12197
320
1627
374
2678
369
27084
52678
2001
220
17
61
1627
374
6908
719
584
649
956
656
433
3677
93114
11
584
649
1005
279
32857
5603
719
24043
369
279
22106
555
1701
19664
24038
5865
449
5804
20813
382
14524
11
1095
596
733
1203
13
578
2926
32857
5603
584
1047
14921
279
1396
315
28559
320
31519
38499
315
14921
705
719
584
1205
279
1396
315
24630
320
10767
11
779
1855
27204
13146
570
578
12976
1990
279
1403
374
1473
2746
282
1471
8
374
279
1396
315
7698
10105
320
87
15
1131
87
914
8
449
2694
308
323
220
15
60094
97
87
5431
60094
97
34
1004
1145
1243
279
1396
315
9246
374
2694
15511
543
1778
865
23728
92
320
308
0
611
320
87
15
0
865
16
0
2564
865
914
16715
5235
4071
25213
420
6089
374
2653
11
719
584
649
14626
279
2015
25
4619
315
88335
927
865
23728
11
1005
264
32857
430
369
1855
3094
11
41011
264
6661
323
11621
311
279
1797
11
23391
584
1541
956
12771
356
1004
30662
8586
596
264
2731
32857
369
279
925
1797
320
4711
287
369
2015
7887
10267
11581
14527
60
284
1396
315
9246
315
2860
3160
259
449
279
2728
17413
389
6661
14921
13
1226
649
1977
420
555
13126
430
311
1376
264
925
315
3160
308
11
584
649
8911
904
6661
602
430
12775
956
8813
1202
356
1004
60
3686
382
4071
279
1614
3966
311
2997
279
1510
14921
315
1855
6661
11
902
374
220
1627
15696
2001
539
43303
382
76863
5410
1749
369
330
26961
258
21524
54852
1
374
4669
28286
4235
327
9134
439
304
279
1176
1749
11
719
1095
596
1518
422
584
649
10737
279
1176
32857
311
990
369
24630
382
14524
2500
4623
25
279
3575
374
13890
311
25
279
1396
374
279
36706
315
865
16
61
66
16
2564
865
1627
61
66
1627
304
320
138
96
15511
66
5431
28
15
311
356
1004
14316
865
5431
48922
66
5431
5525
48922
42
92
719
66766
927
682
1647
316
10522
1405
279
2860
8547
374
1990
220
16
323
735
13
2360
11
430
596
539
5115
382
53692
11
279
24038
734
369
279
1396
315
9246
320
2940
1855
2361
374
264
6661
11
779
279
24038
734
374
320
87
15
489
865
16
489
2564
489
865
914
30876
42
369
8521
735
11
719
449
17294
389
506
2767
38394
34
1004
948
2100
279
12974
1797
374
279
2694
927
308
28
16
497
42
315
279
36706
315
865
16
48922
66
16
92
1981
87
1627
48922
66
1627
92
304
279
2027
15511
72
28
15
497
914
92
320
16
489
38690
489
865
5431
61
17
489
2564
489
865
5431
48922
34
1004
60
5525
61
77
1174
719
1193
369
1647
316
10522
1405
279
2694
315
506
2767
374
308
11
323
308
505
220
16
311
735
13
1115
374
13890
311
279
36706
315
2874
87267
304
5761
15511
72
28
15
497
914
92
320
320
16
482
865
5431
48922
34
1004
7727
16
5525
611
320
16
482
865
5431
8
883
353
320
1264
15511
77
28
16
497
42
92
2874
87267
7609
2030
60508
430
36706
374
2536
10398
27756
382
22818
279
892
17413
323
430
279
4113
7177
1522
994
279
32857
5042
14921
279
1396
315
46325
320
87
15
497
87
914
8
449
2694
308
323
865
5431
38394
356
1004
1145
8530
279
3575
3604
32238
279
9246
439
75837
1441
320
72
1770
2637
2015
3250
956
5030
705
719
279
6205
2795
369
735
28
17
11
356
5941
17
11
16
11
16
11
15
1981
1145
279
4320
374
220
605
284
220
18
10
22
11
1405
220
18
374
369
3160
220
16
11
220
22
369
3160
220
17
13
2030
4184
311
279
32857
439
1176
5439
320
1868
287
46325
705
369
308
28
16
11
584
636
220
18
320
32
8324
11541
705
369
308
28
17
584
636
220
20
320
1820
1396
315
320
87
1596
13095
1702
13095
932
8
449
2694
220
17
323
13693
570
2030
279
3685
925
1797
374
220
18
10
22
28
605
11
779
279
32857
6835
220
23
11
902
374
5076
13
2100
1057
1176
5603
374
15465
382
76863
5603
14948
555
279
1296
1162
1473
1687
1205
311
12849
369
1855
308
505
220
16
311
735
279
1396
315
24630
315
3160
308
1405
1855
6661
602
8111
520
1455
356
1004
60
3115
13
1115
374
279
1890
439
279
1396
315
4339
315
3160
308
927
220
1627
12197
449
6661
11900
17413
382
2028
374
264
11670
3575
29056
555
28286
4235
327
9134
11
719
1101
649
387
25735
449
8915
15840
430
14242
279
14921
315
1855
6661
382
11458
11
4245
311
279
2678
1396
315
12197
320
1627
705
719
279
1614
320
3311
14921
315
220
1627
12197
8
1694
2288
3544
369
308
709
311
220
1041
15
11
584
1205
264
47578
1648
382
14524
11
1618
596
264
2731
32857
1473
10267
11581
1004
1483
73
60
387
279
1396
315
9246
315
3160
602
11
1405
279
1614
503
374
264
220
1627
30425
4724
315
1510
14921
369
1855
6661
13
1115
374
539
43303
382
31887
11
5406
430
279
2015
315
6727
3250
956
5030
369
279
22295
320
3323
279
44745
5030
705
779
584
649
1005
264
24038
734
1405
369
1855
6661
11
584
617
320
16
489
865
489
865
61
17
14
17
0
489
2564
489
865
48922
34
1004
14316
611
356
1004
60
16715
323
279
2860
24038
734
374
279
2027
927
602
315
1521
11
323
279
1396
584
1390
374
308
0
353
510
87
87267
60
320
3107
15511
72
26628
2694
15511
74
28
15
92
48922
34
1004
14316
865
61
74
611
74
0
883
570
9393
1473
791
59855
24038
734
369
1855
6661
374
2694
15511
74
28
15
92
48922
34
1004
14316
320
87
61
74
611
74
16715
1174
2533
19301
597
10093
369
430
6661
4315
308
11
18255
555
597
0
320
333
1701
800
51868
5219
705
719
3604
304
24038
5865
369
24630
1473
791
19664
24038
734
369
279
1396
315
24630
1405
6661
602
374
1511
7041
597
3115
374
320
16
489
865
489
865
61
17
489
2564
489
865
48922
34
1004
60
5525
320
11536
1855
2361
649
387
904
6661
11
719
584
2351
19477
2101
279
2860
824
6661
570
4452
11
994
13126
682
12197
3871
11
279
24038
734
374
320
1264
15511
74
15
28
15
311
356
58
15
14316
865
48922
74
15
5525
353
2564
353
320
1264
15511
74
914
28
15
311
356
58
914
14316
865
48922
74
914
5525
719
420
14921
279
1396
315
46325
320
74
15
29775
74
914
8
449
2694
597
284
597
15
10
1131
10
74
914
11
902
374
279
1396
315
28559
449
54515
11
539
24630
382
1271
1797
24630
320
2940
2015
13146
705
584
1205
369
1855
6661
602
11
279
24038
734
304
3878
315
59855
24038
5865
1473
4959
6661
596
469
37432
374
2694
15511
74
28
15
92
48922
34
1004
14316
320
320
34
1004
60
0
611
320
34
1004
11958
74
42395
883
611
597
0
883
353
865
61
74
284
2694
15511
74
28
15
92
48922
34
1004
14316
320
356
1004
60
5268
597
883
353
865
61
74
271
12487
279
2860
469
37432
374
279
2027
927
602
315
320
2694
15511
74
28
15
92
48922
34
1004
14316
320
356
1004
60
5268
597
883
865
61
74
5235
791
1396
315
24630
315
3160
308
374
1243
308
0
3115
279
36706
315
865
87267
304
420
2027
382
4516
279
7504
527
1473
16
13
1789
1855
6661
602
11
864
28806
279
37929
315
1202
469
37432
25
384
5431
6874
60
284
356
1004
60
5268
597
369
597
28
15
497
1083
3100
1004
1145
77
696
17
13
23426
279
56812
315
682
220
1627
1499
78061
384
62
15
11
384
62
16
11
61453
384
62
914
311
636
279
2860
48411
469
2120
705
709
311
8547
735
382
18
13
578
4320
374
2694
15511
77
28
16
497
42
92
320
308
0
353
469
1107
883
1405
469
1107
374
279
36706
315
865
87267
304
469
2120
696
2028
374
43303
1606
735
374
709
311
220
1041
15
323
220
1627
5804
20813
649
387
2884
304
507
7
1627
353
735
353
220
1627
8
422
1701
34440
56812
320
8248
1524
50765
507
7
1627
353
735
61
17
8
374
220
1627
9
16
68
21
284
220
1627
68
21
902
374
22281
304
5468
14149
11547
1044
719
304
13325
584
1205
311
30536
3677
11458
11
304
13325
11
584
649
4097
1855
384
5431
439
264
1160
315
3160
320
34
1004
7727
16
705
1243
5480
8046
5804
4035
1124
1139
264
3254
48411
11
10494
1193
3878
709
311
865
53067
382
10267
596
4305
420
1473
1687
3358
1005
264
76253
538
477
5042
264
1160
1405
1963
374
279
28790
382
10130
279
48411
439
510
16
60
320
1820
12842
66366
9764
11
369
912
12197
12146
3686
3677
2520
1855
6661
602
505
220
15
311
220
914
1473
262
2175
1202
384
5431
48411
25
264
1160
1405
264
6874
60
284
356
1004
60
5268
597
422
597
2717
356
1004
1145
775
220
15
11
369
597
28
15
497
42
271
262
30088
4035
279
1510
48411
449
384
5431
11
63950
1113
311
8547
735
271
1688
279
842
11
279
13239
48411
596
36706
520
308
374
320
16
9809
16715
353
320
4174
315
24630
315
3160
308
449
279
2728
17413
570
14144
912
2345
3604
11
439
824
279
10334
11
279
2860
469
37432
374
279
2027
11
323
279
36706
315
865
87267
374
320
4174
315
24630
315
3160
308
5738
77
0
2100
279
1396
315
24630
374
308
0
353
18055
1107
382
45600
279
2860
4320
374
2694
15511
77
28
16
311
735
92
320
308
0
353
18055
1107
5235
8586
596
279
2082
25976
420
1473
74694
12958
198
1527
7033
1179
3698
198
1527
57566
1179
8108
198
475
5793
271
27557
284
220
19416
13719
17228
198
10809
1635
284
220
1041
15
271
755
31370
37233
2948
11
293
11
1973
47157
997
262
3270
262
72159
1403
1499
78061
264
323
293
11
10494
3878
1193
709
311
8547
1973
47157
627
262
264
323
293
527
11725
1405
264
6874
60
374
279
36706
315
865
61
74
627
262
3270
262
1121
284
510
15
60
353
320
2880
47157
489
220
16
340
262
369
602
304
2134
7046
2948
10162
286
422
264
1004
60
624
220
15
512
310
3136
198
286
369
503
304
2134
7046
1921
10162
310
422
602
489
503
871
1973
47157
512
394
3136
198
310
1121
1004
489
503
60
284
320
1407
1004
489
503
60
489
264
1004
60
353
293
3894
2526
1034
19186
198
262
471
1121
271
755
1925
17155
11
356
997
262
674
8012
1855
6661
596
469
37432
37929
25
384
5431
6874
60
284
356
1004
60
5268
597
422
597
2717
356
1004
1145
775
220
15
198
262
12197
284
4260
262
369
12088
304
356
512
286
384
284
510
15
60
353
320
42
489
220
16
340
286
369
597
304
2134
7
15
11
1332
78534
11
735
8
489
220
16
997
310
384
6874
60
284
3698
78534
11
597
340
286
12197
2102
2069
340
1084
262
674
5256
449
279
48411
220
16
320
2000
912
12197
12146
340
262
10062
284
510
16
60
220
674
36706
315
865
61
15
374
220
16
11
3885
220
15
7361
262
369
384
304
12197
512
286
674
30088
4035
10062
449
384
11
57872
311
735
198
286
502
37233
284
510
15
60
353
320
42
489
220
16
340
286
369
602
304
2134
7046
71855
10162
310
422
10062
1004
60
624
220
15
512
394
3136
198
310
369
503
304
2134
7046
2069
10162
394
422
384
3894
60
624
220
15
512
504
3136
198
394
422
602
489
503
871
735
512
504
3136
198
394
502
37233
1004
489
503
60
284
320
943
37233
1004
489
503
60
489
10062
1004
60
353
384
3894
2526
1034
19186
198
286
10062
284
502
37233
220
674
1457
10062
374
279
56812
709
311
420
3094
7361
262
674
4800
12849
279
2860
1396
315
2764
9246
315
3160
308
320
16
497
42
340
262
2860
284
220
15
198
262
369
308
304
2134
7
16
11
735
489
220
16
997
286
18055
284
10062
7824
60
220
674
420
374
320
4174
3659
59832
3659
5228
1107
8
611
308
0
220
1491
19186
5380
286
674
14144
912
25
279
2027
315
469
37432
82
6835
2694
15511
77
92
320
4174
3659
59832
3659
5228
1107
611
308
0
883
353
865
87267
198
286
674
2100
1396
3659
59832
3659
5228
1107
284
18055
353
308
0
1491
19186
198
286
2860
284
320
5143
489
18055
353
54062
1471
595
1034
19186
198
262
471
2860
271
2
5075
28806
8331
10522
709
311
735
320
11536
584
1205
308
0
369
308
709
311
735
340
34210
284
510
16
60
353
320
10809
1635
489
220
16
340
2000
602
304
2134
7
16
11
8498
1635
489
220
16
997
262
2144
1004
60
284
2144
1004
482
220
16
60
353
602
1034
19186
271
755
1797
8501
34600
17155
25
528
11
356
25
1160
8
1492
528
512
262
471
1925
17155
11
356
696
2
578
1296
1162
505
279
4733
928
512
2
1797
8501
34600
7
17
11
510
17
11
16
11
16
11
15
11
15
29775
15
2526
1288
471
220
605
198
2
6914
596
10356
449
264
2678
3187
304
279
2082
320
359
6313
311
1296
340
2
1194
11773
8501
34600
7
17
11
510
17
11
16
11
16
11
15
8632
1032
595
220
674
1288
2612
220
605
271
14196
19884
2028
2082
58303
369
1855
308
279
1396
315
2764
24630
320
19107
8
315
3160
308
555
5804
20222
279
59855
24038
5865
315
1855
6661
13
1102
5829
3698
1471
16539
8
902
374
7060
369
308
709
311
220
1041
15
382
2028
5603
1288
1522
682
279
2728
1296
5157
11
439
433
6089
58303
279
1396
315
11713
9246
320
62808
8
449
279
6661
1797
17413
382
1687
690
1005
420
8292
304
279
2082
2565
3770
13
100265
198
100264
882
271
7927
3766
4879
4745
279
7177
13
5810
596
279
1493
512
220
2958
36674
17519
36
18
39
76
45
26929
7345
498
1584
220
4103
198
262
1115
8292
5829
264
220
16
35
32857
369
1855
308
320
1527
220
15
311
308
8
323
369
1855
315
279
220
1627
12197
11
1701
9436
37498
311
4732
709
279
62215
1168
2690
474
56812
320
11536
369
1855
6661
11
584
649
5268
220
15
497
1083
3100
1004
1145
1510
2694
8
369
1268
1790
315
430
6661
311
2997
570
2468
279
842
369
1855
308
584
617
11581
7824
60
284
279
1396
315
2764
75837
1441
320
884
28536
10923
17975
369
1855
6661
11
2015
315
12197
3250
956
5030
304
14921
2533
12197
527
33137
481
719
279
32857
374
927
872
14921
570
34863
11
2533
1855
2361
304
279
925
374
264
5873
315
6661
320
1382
13146
705
719
279
22295
374
1193
389
14921
315
1855
6661
11
279
32857
3485
58303
279
1396
315
5627
311
9993
14921
320
87
15
29775
11
87
914
8
449
2694
308
323
220
15
8367
87
5431
8367
34
1004
1145
323
1855
1778
16720
34310
311
19301
264
2814
50289
315
12197
320
1820
2015
304
279
925
13146
11
719
584
649
1684
279
3575
439
1176
19301
279
14921
320
26961
50289
705
1243
77218
279
12197
1198
719
3604
279
5410
5603
374
25
279
1396
315
3160
5392
9246
449
6661
14921
320
66
15
29775
66
914
8
449
2694
272
5431
22495
323
272
5431
8367
34
1004
60
374
308
0
12148
66
15
0
1131
66
914
16715
56016
555
279
1396
315
5627
311
5268
279
14921
13
4452
11
1057
32857
439
5439
1618
3604
58303
279
1396
315
7698
10105
320
1820
330
26961
292
632
1
2085
5363
311
2015
705
719
369
9246
1405
279
10093
527
30929
320
72
1770
2637
2015
13146
705
279
4495
1797
824
6425
320
66
15
29775
66
914
8
374
308
0
12148
66
15
0
1131
66
914
43492
2030
304
279
5410
9958
323
16283
449
8582
14597
320
26961
258
21524
54852
705
279
32857
3485
374
7041
279
1797
315
279
1396
315
5627
311
5268
279
14921
865
5431
320
1382
315
6727
40815
719
14921
34156
705
719
369
9246
1855
2361
29235
12146
11
279
15150
374
512
7714
76496
34990
1480
25
8482
12395
24016
14963
1271
312
42612
11
420
374
701
3465
25
4557
279
2768
734
12223
323
4733
928
11
7373
4305
279
734
7633
323
1522
682
279
7177
13
3146
5989
4276
70765
3247
13916
50
13
57277
2675
1288
15411
279
2082
499
11041
304
264
67859
2082
2565
320
817
10103
33981
320
20670
690
33316
279
4113
5865
8
100265
198
100264
78191
198
74694
12958
198
1527
20061
1179
1796
198
475
5826
198
475
7033
271
27557
284
220
19416
13719
17228
198
10809
10310
284
220
1041
15
271
755
54062
1471
25
528
8
1492
528
512
262
422
308
624
220
15
512
286
471
220
16
198
262
594
284
220
16
198
262
369
602
304
2134
7
16
11
308
489
220
16
997
286
594
284
594
353
602
1034
19186
198
262
471
594
271
755
1558
19100
532
1471
25
528
8
1492
528
512
262
674
12362
99362
266
2697
58917
2533
19186
374
10461
198
262
422
308
624
220
15
512
286
471
220
16
198
262
1558
284
7019
96399
532
1471
705
19186
482
220
17
11
19186
340
262
471
1558
271
755
5268
1471
11
597
11
1491
28
27557
997
262
422
597
366
220
15
477
597
871
308
512
286
471
220
15
198
262
1661
284
220
16
198
262
369
602
304
2134
6097
997
286
1661
284
1661
353
320
77
482
602
8
1034
1491
198
262
3453
284
54062
6097
8
1034
1491
198
262
471
1661
353
7019
1528
268
11
1491
482
220
17
11
1491
8
1034
1491
271
1058
76253
512
262
711
1328
2381
3889
726
11
80272
997
286
659
87562
82
284
80272
220
674
1963
374
28790
271
262
711
1328
25133
3889
726
11
1023
11
1973
47157
997
286
594
284
510
15
60
353
320
2880
47157
489
220
16
340
286
264
284
659
87562
82
198
286
293
284
1023
87562
82
198
286
2479
4404
284
2479
2948
8
220
674
8592
8547
489
16
198
286
2479
890
284
2479
1921
340
286
369
602
304
2134
7046
4404
997
310
16796
284
264
1004
933
310
422
16796
624
220
15
512
394
3136
198
310
369
503
304
2134
7046
890
997
394
92288
284
293
3894
933
394
422
92288
624
220
15
512
504
3136
198
394
5367
284
602
489
503
198
394
422
5367
871
1973
47157
512
504
3136
198
394
594
58
16915
60
284
320
417
58
16915
60
489
16796
353
92288
8
1034
19186
198
286
471
76253
4693
696
755
1797
8501
34600
17155
25
528
11
356
25
1796
19155
2526
1492
528
512
262
3270
262
86759
279
1396
315
9246
315
3160
220
16
497
42
927
40582
6498
12197
198
262
1778
430
1855
6661
602
320
32
28
15
11
61453
1901
28
914
8
13980
520
1455
356
1004
60
3115
627
262
578
1797
374
60964
220
19416
13719
17228
627
262
3270
262
12197
284
220
1627
220
674
362
11419
198
262
674
8012
279
24038
734
3094
555
3094
1701
59855
24038
5865
198
262
674
1789
1855
6661
602
11
1202
469
37432
374
2694
15511
74
28
15
497
34
1004
14316
320
34
1004
60
5268
597
8
353
865
61
74
611
597
4999
262
674
2030
369
24630
320
19107
705
279
24038
734
320
21707
8
824
6661
374
512
262
674
262
328
5431
2120
8
284
220
16
489
356
1004
8632
87
489
356
1004
37710
34
1004
11958
16
5738
17
0
353
87
61
17
489
2564
489
320
34
1004
60
0
25239
320
34
1004
11958
74
42395
74
0
883
865
61
74
198
262
674
4452
11
279
5410
5603
374
4669
59855
24038
5865
2027
512
262
674
10884
469
37432
284
14814
5431
510
2694
15511
74
28
15
92
48922
34
1004
14316
320
34
1004
60
0
25239
320
34
1004
11958
74
42395
597
0
883
865
61
74
611
74
0
5243
262
674
2030
369
279
28286
315
2015
320
19107
705
279
36706
315
865
87267
304
279
2027
315
198
262
674
320
2694
15511
74
28
15
92
48922
34
1004
14316
356
1004
60
0
12148
320
34
1004
11958
74
42395
883
353
865
61
74
611
74
0
883
374
7041
198
262
674
320
4174
315
9246
315
3160
308
449
17413
8
611
308
4999
262
674
15636
11
4320
374
2694
15511
77
28
16
497
42
92
320
77
0
353
510
87
87267
60
480
2120
8
1763
262
674
1226
12849
279
2027
315
1499
78061
14393
1855
6661
596
24038
19035
709
311
865
53067
271
262
674
9185
48411
439
220
16
320
2000
4384
2027
340
262
10062
284
510
16
60
220
674
37929
25
10062
22142
60
374
18055
315
865
61
67
271
262
369
12088
304
356
512
286
674
8012
48411
369
420
6661
25
3878
709
311
865
61
1083
78534
11
735
340
286
3878
284
4260
286
369
597
304
2134
7
15
11
1332
78534
11
735
8
489
220
16
997
310
674
5742
315
5627
311
5268
597
10093
369
420
6661
304
264
8668
315
3160
308
30
34863
11
369
469
37432
584
1005
320
34
1004
60
5268
597
705
719
369
19664
41126
304
24038
4339
584
1205
279
1396
315
5627
311
2035
597
315
6661
602
304
264
3492
315
3160
308
30
2360
11
430
596
539
4495
2345
584
1205
311
1781
439
11263
512
310
674
1789
1855
6661
11
279
24038
734
320
21707
24038
734
369
1396
315
5627
311
617
7041
597
5829
315
279
6661
304
904
3492
315
3977
3160
8
374
220
16
489
865
489
865
61
17
489
2564
489
865
48922
5979
534
310
674
2030
420
374
422
584
4322
1855
32659
439
1280
380
7956
3734
369
1797
13
4452
11
304
279
5410
330
26961
56522
62215
1
9958
323
16283
369
24630
320
2940
10093
527
30929
705
279
24038
734
369
6661
602
374
13118
320
16
489
865
489
865
61
17
489
2564
489
865
48922
5979
3602
310
674
2030
1243
279
2027
927
682
12197
6835
279
24038
734
1405
279
28790
374
279
2860
3160
11
323
279
36706
315
865
87267
374
279
1396
315
46325
320
66
15
29775
66
914
8
449
2694
308
323
12088
2717
356
1004
27218
310
674
4452
11
420
14921
28559
449
54515
11
539
24630
13
2100
311
636
24630
320
19107
705
584
1205
264
2204
5603
627
310
9733
310
674
34863
11
279
4495
1648
320
4151
17649
8
374
279
28286
4235
327
9134
927
279
14921
477
1701
59855
24038
5865
369
30929
14726
320
72
1770
2637
24630
4390
310
674
1789
59855
24038
5865
11
1855
6661
44072
2694
15511
74
28
15
497
34
1004
14316
320
320
34
1004
60
0
25239
320
34
1004
11958
74
42395
883
611
74
0
883
865
61
74
198
310
674
2030
584
1193
1205
19664
24038
5865
56812
369
279
2860
1396
315
4339
627
310
9733
310
674
4452
11
2728
279
2678
1396
315
12197
320
1627
705
323
430
735
374
2678
11
584
649
1005
279
28286
4235
327
9134
15150
369
279
1396
315
24630
320
9739
2361
374
832
315
220
1627
12197
11
449
3728
17413
389
824
80468
14921
4390
310
674
1115
374
13890
311
279
1396
315
5865
505
264
743
315
1404
308
311
220
1627
12197
11
449
912
810
1109
356
1004
60
864
3726
369
6661
602
627
310
674
578
5410
15150
369
420
374
512
310
674
256
2694
15511
50
27084
315
12197
92
10505
16
30876
47215
50
91
92
353
320
320
77
482
2694
15511
72
304
328
26628
34
1004
7727
16
8
489
765
50
91
42395
611
320
3107
15511
72
539
304
328
92
356
1004
60
0
883
353
2027
15511
72
304
328
92
220
15
758
883
220
422
308
482
2564
366
15
198
310
9733
310
674
2030
420
374
2653
311
2082
369
220
1627
12197
13
12361
11
1005
279
32857
927
14921
824
6661
1701
9436
37498
320
1820
1176
32857
5603
719
37065
369
8668
26060
555
1701
308
0
353
328
1471
26
356
705
1405
328
1471
26
34
8
374
279
1396
315
10105
4390
310
9733
310
674
4740
16994
40175
367
11
279
4495
32857
369
24630
374
512
310
674
6914
11581
14527
60
284
1396
315
5627
311
1376
9246
320
1073
904
3160
779
3117
8
449
1510
14921
1778
430
2860
12197
374
259
627
310
674
2030
584
1205
824
308
320
22795
3160
570
2100
369
1855
308
512
310
674
19127
11581
1004
1483
82
60
284
1396
315
5627
311
9993
14921
311
1176
602
12197
449
2860
2694
274
323
220
15
8367
87
5487
8367
34
3894
27218
310
674
9185
11581
58
15
1483
15
4938
16
13
5112
369
1855
6661
602
512
310
674
256
369
274
505
308
1523
311
220
15
512
310
674
996
369
597
505
220
15
311
1332
3100
1004
1145
308
1355
997
310
674
1881
11581
1004
10
16
1483
82
489
74
60
1447
11581
1004
1483
82
933
310
674
2030
420
374
507
7
1627
24942
9
2880
932
8
902
369
308
28
1041
15
323
1973
932
28
1041
15
374
220
1627
9
1041
15
9
1041
15
28
1627
68
21
11
71128
304
5468
14149
719
6435
304
13325
13
1226
649
1005
9436
37498
311
30536
627
310
9733
310
674
32175
287
420
34440
32857
512
310
1522
220
674
6002
26
690
4305
304
279
1925
12496
3770
271
262
674
15636
11
584
4305
279
32857
369
1855
308
323
2694
927
308
28
16
497
42
198
262
2860
284
220
15
198
262
369
308
304
2134
7
16
11
735
489
220
16
997
286
674
32857
927
12197
320
15
497
914
705
323
1510
2694
198
286
11581
284
510
15
60
353
320
77
489
220
16
340
286
11581
58
15
60
284
220
16
198
286
369
602
304
2134
7
1627
997
310
12088
284
356
1004
933
310
674
5560
9436
37498
311
4732
709
279
62215
1168
2690
474
2713
198
310
9436
284
510
15
60
353
320
77
489
220
17
340
310
369
274
304
2134
1471
489
220
16
997
394
9436
12144
489
220
16
60
284
320
12113
12144
60
489
11581
12144
2526
1034
19186
198
310
502
54972
284
510
15
60
353
320
77
489
220
16
340
310
369
274
304
2134
1471
489
220
16
997
394
4017
284
1332
78534
11
308
482
274
340
394
422
4017
366
220
15
512
504
3136
198
394
674
2694
15511
74
28
15
311
4017
92
11581
12144
482
74
60
284
9436
12144
10
9696
10
16
60
482
9436
12144
482
320
9696
10
16
8
422
274
2669
4017
10
16
775
220
15
933
394
674
719
1193
274
12934
2669
15
198
394
3428
284
1973
7
15
11
274
482
4017
340
394
1062
284
320
12113
12144
489
220
16
60
482
320
12113
58
10516
60
422
3428
871
220
15
775
220
15
595
1034
19186
198
394
502
54972
12144
60
284
1062
220
674
3604
584
1205
311
2980
7999
597
311
3766
37498
9522
394
674
64169
25
279
2713
1288
387
512
394
674
502
54972
14527
60
284
2694
15511
74
28
15
311
1332
78534
11
259
9317
11581
14527
482
74
933
394
674
2100
369
1855
259
11
30729
597
505
220
15
311
4017
11
719
430
374
6435
13
12361
11
369
1855
259
512
394
674
502
54972
14527
60
284
9436
14527
10
16
60
482
320
12113
14527
482
320
9696
10
16
7400
422
259
29
9696
10
16
775
220
15
340
394
674
6914
596
312
1816
512
394
674
1789
1855
259
304
220
15
497
77
512
394
674
279
502
54972
14527
60
284
2694
15511
74
28
15
92
48922
1083
78534
11
259
9317
11581
14527
482
74
933
394
674
284
9436
14527
10
16
60
482
320
333
259
10123
9696
10
16
25
9436
14527
482
320
9696
10
16
7400
775
220
15
340
394
674
2100
512
394
4017
284
1332
78534
11
308
482
274
8
220
674
14144
11
912
22416
16335
6471
374
927
259
304
502
54972
11
719
1618
584
527
304
279
602
7716
6661
8863
627
394
674
34863
304
279
9358
6471
584
1205
311
6471
259
505
220
15
311
308
11
323
369
1855
259
512
394
674
279
2694
927
597
28
15
497
1083
78534
11
259
8
315
11581
26647
14527
482
74
933
394
674
2100
584
1205
311
864
28806
9436
369
11581
26647
198
394
674
6914
596
312
7993
279
6471
512
394
674
1226
3358
1005
9436
315
1510
11581
320
1527
3766
12197
8
311
12849
502
54972
198
394
674
2100
369
1855
259
304
220
15
497
77
512
394
674
502
54972
14527
60
284
2694
15511
74
28
15
311
1332
78534
11
259
9317
11581
14527
482
74
933
394
674
902
374
6273
311
9436
14527
10
16
60
482
320
333
259
871
12088
1243
9436
14527
482
320
5979
10
16
7400
775
220
15
340
394
1522
220
674
1226
3358
4305
279
4495
6471
3770
304
279
5150
2082
2565
198
286
674
4740
8863
682
220
1627
12197
11
11581
7824
60
374
279
1396
315
10105
304
14921
320
26961
285
1441
705
719
369
24630
584
1205
308
0
353
328
1471
26
34
8
1405
328
1471
26
34
8
374
279
1396
315
1778
10105
320
28753
1855
27204
374
31094
439
264
12742
925
340
286
674
2030
1057
32857
1618
320
1820
1176
2373
8
3604
58303
328
1471
26
34
705
279
1396
315
46325
320
87
15
497
87
914
8
449
2694
308
323
220
15
8367
87
5431
8367
34
1004
27218
286
674
2100
279
1396
315
24630
320
19107
315
3160
308
449
1884
14921
8
374
308
0
353
328
1471
26
34
8
611
320
87
15
0
865
16
0
2564
865
914
16715
66766
927
682
2764
46325
2001
912
11
3604
912
11
279
5410
15150
369
279
1396
315
4339
374
279
36706
505
279
59855
24038
734
11
719
304
6725
279
28286
4235
327
9134
477
279
32857
2011
2759
369
279
73049
627
286
674
4452
11
4184
311
279
1176
1296
1162
323
279
3575
596
10507
11
814
2873
311
4322
279
4320
439
279
1396
315
46325
320
884
74729
449
54515
705
539
24630
13
2030
279
6205
2795
369
735
28
17
323
356
5941
17
11
16
11
16
11
15
1981
60
279
4320
374
220
605
11
902
9248
220
18
10
22
1405
220
22
28
18
61
17
482
220
17
320
12071
18772
323
13844
4390
286
674
220
18
61
17
28
24
11
28382
220
17
8482
320
10306
323
13844
8
6835
220
22
11
5636
220
18
505
3160
220
16
6835
220
605
627
286
674
1115
374
279
28286
4235
327
9134
1797
315
24630
2085
49005
279
6661
13693
627
286
674
578
4495
4689
15150
369
279
1396
315
9246
315
3160
308
449
6661
602
26449
520
1455
356
1004
60
3115
374
512
286
674
256
2694
15511
32
27084
315
12197
92
10505
16
30876
47215
32
91
92
353
320
320
77
482
2694
15511
72
304
362
26628
34
1004
7727
16
8
489
765
32
91
42395
611
320
2027
15511
72
539
304
362
92
356
1004
60
0
883
353
2027
15511
72
304
362
92
220
15
0
883
883
220
422
308
482
2564
2669
15
11
775
220
15
198
286
674
2030
420
374
6485
13
1556
8831
1648
320
300
304
279
6205
8
374
28286
4235
327
9134
6089
389
279
2860
24525
320
1627
87267
8
33356
287
1884
430
41587
1855
356
1004
1145
5099
627
286
9733
286
674
16644
279
892
11
584
690
1005
279
28286
4235
327
9134
927
279
7482
320
21731
8
369
279
2860
1797
927
682
29416
220
16
497
42
627
286
9733
286
674
6914
596
3480
311
28286
4235
327
9134
369
279
1620
4320
1473
262
674
1050
38025
2833
1701
28286
4235
327
9134
927
6661
17413
369
682
29416
220
16
497
42
271
262
2860
284
220
15
198
262
674
2684
527
220
1627
12197
13
1789
1855
27084
315
12197
430
527
330
2017
28611
498
12849
279
8482
1797
323
33356
20200
4669
28286
4235
327
9134
627
262
674
578
2860
1396
315
2764
9246
315
29416
220
16
497
42
374
512
262
674
256
8279
15511
77
28
16
311
735
92
320
1396
315
9246
315
3160
308
449
682
865
5431
2717
356
1004
60
1763
262
674
1628
1396
369
8521
308
374
320
16
9809
16715
353
2694
15511
11508
92
320
34363
16
30876
47215
11508
91
92
353
320
320
1264
15511
72
304
7056
26628
34
1004
7727
16
8
482
77
883
0
611
320
2027
15511
72
304
7056
92
320
34
1004
7727
16
482
320
87
5431
1405
865
5431
26712
1004
2526
883
0
883
2564
1763
262
674
1115
374
2288
6485
11
779
584
3358
1005
279
24038
734
449
5804
20813
1701
19664
1499
78061
320
9739
6661
649
387
12146
220
15
497
34
1004
60
3115
304
279
3492
11
323
584
5804
4035
320
16
489
865
489
865
61
17
489
2564
489
87
48922
34
1004
60
5525
369
1855
6661
11
1243
279
36706
315
865
87267
374
279
1396
315
5627
311
5268
14921
2694
5424
311
308
26
1243
31370
555
308
0
311
636
279
24630
4390
262
674
2030
5296
25
279
2027
315
320
16
489
865
489
2564
489
87
48922
34
1004
60
5525
6835
279
24038
734
369
279
1396
315
46325
320
66
15
497
66
914
8
449
2694
308
11
902
374
279
1396
315
75837
1441
13
2057
636
24630
11
584
1205
311
1005
59855
24038
5865
439
11497
11
719
369
2678
735
323
220
1627
12197
11
584
649
656
1473
262
674
6914
596
32593
279
48411
439
19664
41126
369
279
1797
315
46325
320
1962
24630
3686
705
1243
279
1396
315
24630
374
308
0
353
510
87
87267
60
320
3107
320
16
489
865
489
2564
10
87
48922
34
1004
14316
1192
262
674
2030
420
6835
279
5076
4320
369
279
6205
320
275
1053
3041
369
308
28
17
25
220
20
9
17
0
284
605
11
902
9248
11
323
369
308
28
16
25
18
9
16
5947
18
11
779
2860
220
1032
11
902
374
539
220
605
570
14144
912
2345
912
11
304
279
6205
356
369
423
323
7953
527
220
15
11
779
1193
362
8324
11541
527
5535
13
578
2027
369
362
25
16
38992
38992
61
17
11
426
25
16
38992
11
356
25
16
38992
13
578
56812
709
311
865
61
17
374
512
262
674
320
16
38992
38992
61
17
18201
16
38992
18201
16
38992
340
262
674
5629
320
16
38992
18201
16
38992
11992
16
10
17
87
38992
61
17
198
262
674
5112
353
320
16
38992
38992
61
17
8
284
320
16
10
17
87
38992
61
17
18201
16
38992
38992
61
17
340
262
674
284
220
16
6737
16
38992
38992
61
17
8
489
220
17
87
6737
16
38992
38992
61
17
8
489
865
61
17
6737
16
38992
38992
61
17
340
262
674
284
510
16
489
17
87
489
87
61
17
60
489
510
17
87
10
17
87
61
17
10
17
87
61
18
60
489
510
87
61
17
489
87
61
18
489
87
61
19
933
262
674
284
220
16
489
320
17
87
10
17
87
8
489
320
87
61
17
10
17
87
61
17
38992
61
17
8
489
320
17
87
61
18
489
87
61
18
8
489
865
61
19
198
262
674
284
220
16
489
19
87
489
19
87
61
17
489
18
87
61
18
489
87
61
19
198
262
674
2100
36706
315
865
61
17
374
220
19
11
3115
220
17
0
284
23
11
719
430
596
539
1314
1606
2860
1288
387
220
605
13
89290
627
262
674
39578
11
7344
279
4495
24038
734
369
24630
374
2204
13
6914
596
3094
1203
382
262
674
16644
279
892
11
323
430
279
1176
32857
320
1868
287
279
1396
315
7698
10105
369
14921
8
994
56016
555
308
0
6835
279
4495
6205
320
2000
308
28
17
11
11581
58
17
4938
19
11
220
19
9
17
28
23
11
719
6205
3966
220
22
705
433
15151
584
1288
539
31370
555
308
0
719
3604
279
11581
7824
60
2736
14921
279
1396
315
24630
994
1701
279
4495
32857
430
22890
709
555
94383
904
5535
6661
520
1855
3094
382
262
674
41070
32857
369
24630
320
1382
13146
8
449
824
80468
13693
1473
262
2860
284
220
15
198
262
369
308
304
2134
7
16
11
735
489
220
16
997
286
674
32857
927
1510
14921
315
1855
6661
320
985
264
14743
374
12266
11
779
584
1005
264
220
1627
33520
1358
719
430
596
539
43303
570
12361
11
1005
264
220
16
35
1358
1405
279
1963
11105
279
2694
11
323
369
1855
3094
320
9638
8
2713
1701
9436
37498
627
286
674
1226
3358
1005
264
220
16
35
1358
11581
14527
60
284
1396
315
5627
311
617
2860
3160
259
1306
8863
1063
12197
627
286
674
2030
584
1205
311
3839
824
80468
14921
2001
420
374
539
3284
2085
220
1627
15696
627
286
674
42209
25
2533
279
2015
315
6727
3250
956
5030
369
279
22295
320
3323
279
44745
705
279
1396
374
279
1890
439
279
1396
315
5627
311
9993
1855
315
279
308
10093
311
264
6661
2085
49005
356
1004
60
5829
315
6661
602
627
286
674
1115
374
279
1890
439
279
28286
4235
327
9134
15150
1473
286
674
6914
549
387
279
2860
2085
20020
25
220
1627
334
77
198
286
674
1789
1855
6661
602
11
1095
362
5431
387
279
743
315
9246
1405
6661
602
374
1511
871
34
1004
60
3115
627
286
674
3296
28286
4235
327
9134
512
286
674
452
284
2694
15511
50
27084
315
12197
92
10505
16
30876
47215
50
91
92
353
765
74748
315
362
5431
369
602
304
328
61
66
52417
7511
286
674
34863
279
5410
28286
4235
327
9134
369
420
374
512
286
674
452
284
2694
15511
50
27084
315
12197
92
10505
16
30876
47215
50
91
92
353
320
4174
315
9246
1405
1855
602
304
328
706
520
3325
356
1004
7727
16
5829
340
286
9733
286
674
2057
12849
279
1396
315
9246
1405
3738
12197
617
520
3325
294
5431
5829
320
67
5431
284
356
1004
7727
16
705
584
649
1005
512
286
674
578
1396
374
279
36706
315
865
16
48922
66
16
92
1131
87
1627
48922
66
1627
92
304
320
87
16
48922
67
16
92
489
2564
489
320
18853
595
719
433
596
6485
627
286
9733
286
674
39578
11
279
1396
315
9246
315
3160
308
449
865
5431
2717
34
1004
60
374
6273
311
279
28286
4235
327
9134
2694
512
286
674
452
284
2694
15511
74
28
15
311
220
1627
92
10505
16
30876
74
353
2694
15511
50
27084
315
1404
597
92
320
1396
315
9246
449
865
5431
2669
356
1004
7727
16
369
602
304
328
11
323
904
6062
1763
286
674
2057
12849
279
9358
2694
369
264
2728
328
11
584
743
379
5431
284
865
5431
482
320
34
1004
7727
16
8
369
602
304
328
11
379
5431
2669
15
11
323
279
24524
9221
2694
379
5431
284
308
482
2694
15511
72
304
328
26628
34
1004
7727
16
8
449
379
5431
2669
15
323
369
602
539
304
328
11
865
5431
2669
15
627
286
674
578
1396
315
2536
43324
10105
374
356
7
320
77
482
423
8
489
914
11
220
914
883
1405
423
284
2694
15511
72
304
328
26628
34
1004
7727
16
8
422
308
10123
35
11
775
220
15
627
286
674
2030
369
24630
320
2940
2015
13146
705
420
374
539
279
1648
13
578
4495
1797
374
810
6532
627
286
9733
286
674
16644
279
892
17413
323
430
279
3575
596
6205
9248
279
1176
32857
320
1868
287
279
1396
315
46325
320
87
15
497
87
914
8
449
2694
308
323
865
5431
2717
34
1004
2526
994
539
56016
555
308
17581
584
690
9855
279
3575
6944
279
1396
315
1778
1797
46325
320
72
1770
2637
2015
315
12197
3250
956
5030
304
279
1797
11
1120
279
2814
50289
315
14921
570
2030
279
1176
1296
2795
369
735
28
17
11
356
5941
17
11
16
11
16
11
15
1981
1145
279
4320
374
220
605
284
220
18
320
77
28
16
8
489
22
320
77
28
17
570
578
32857
369
308
28
17
6835
220
20
11
779
220
18
10
20
28
23
902
374
5076
13
32140
279
4495
5603
2011
387
279
28286
4235
327
9134
389
279
2860
24630
6089
627
286
9733
286
674
1226
3358
9093
4305
279
28286
4235
327
9134
927
279
12197
369
279
2860
1797
927
308
28
16
497
42
1701
279
2768
3197
1473
262
674
763
9134
4235
327
9134
927
902
12197
527
927
279
4017
198
262
2860
284
220
15
198
262
674
2684
527
220
17
61
1627
75605
11
902
374
2288
1690
11
719
584
649
1005
264
99070
32857
198
262
674
6914
596
1005
264
32857
430
14242
279
2694
315
320
34
1004
7727
16
8
369
279
4183
27084
323
15783
24031
279
28286
4235
327
9134
4785
271
262
674
39578
11
1005
279
24038
734
1405
1855
6661
44072
320
16
482
865
48922
34
1004
7727
16
4572
7
16
6695
595
323
584
1935
279
36706
315
2874
87267
369
2874
505
220
16
311
735
304
279
2027
11
1243
2694
627
262
674
2030
420
374
6485
13
16644
892
11
584
3358
733
449
279
1176
32857
719
37065
311
13383
430
279
3575
1253
2980
279
925
1797
439
279
1396
315
5627
311
5268
14921
320
72
1770
2637
2015
3250
956
5030
304
279
925
11
902
26885
449
279
4751
330
19107
39709
262
674
8876
279
6205
9248
994
369
308
28
17
279
925
1797
374
220
22
284
220
18
61
17
482
220
17
320
12071
18772
323
13844
705
323
220
18
320
77
28
16
8
6835
220
18
11
2860
220
605
11
279
4495
1648
374
28286
4235
327
9134
389
279
2860
24525
320
1627
87267
8
33356
287
1884
430
41587
904
356
1004
30662
262
674
1789
1855
6661
602
11
1095
362
5431
387
279
743
315
9246
315
3160
308
449
865
5431
871
356
1004
27218
262
674
765
32
5431
91
284
356
1471
489
220
914
11
220
914
8
482
2564
912
11
2731
25
279
1396
315
9246
315
3160
308
1405
6661
602
8111
520
3325
356
1004
7727
16
3115
627
262
674
578
1396
374
6273
311
2694
15511
74
42017
1004
7727
16
311
308
92
356
1471
11
597
8
353
220
914
48922
77
12934
92
353
320
4174
315
5627
311
2035
597
602
596
304
308
10093
340
262
674
16299
374
356
1471
11
597
8
353
220
914
48922
77
12934
92
353
308
0
12148
74
0
320
77
12934
42395
883
949
2360
2001
279
1396
374
356
1471
11
597
8
353
220
914
48922
77
12934
92
320
971
14759
10093
369
602
596
11
279
2800
527
904
315
220
914
1023
12197
4390
262
674
2100
765
32
5431
91
284
2694
15511
74
42017
1004
7727
16
92
61
77
356
1471
16539
8
353
220
914
48922
77
12934
534
262
674
5112
555
28286
4235
327
9134
512
262
674
452
284
2694
15511
50
27084
315
12197
92
10505
16
30876
47215
50
91
92
353
320
4174
315
9246
1405
1855
602
304
328
706
865
5431
2669
356
1004
7727
16
340
262
674
578
9358
4751
369
328
374
25
1095
423
284
2694
15511
72
304
328
26628
34
1004
7727
16
570
1442
423
871
77
11
279
4751
374
220
15
627
262
674
578
1396
315
9246
1405
1855
602
304
328
706
520
3325
356
1004
7727
16
374
512
262
674
256
2694
15511
74
1117
92
2564
6485
11
719
422
584
4322
279
2800
439
904
12197
320
16564
1884
304
328
7953
279
8187
705
433
596
13890
311
512
262
674
256
578
1396
374
279
36706
315
865
16
48922
66
16
92
1131
304
320
87
16
48922
35
16
92
489
2564
883
719
420
374
2653
627
262
9733
262
674
16644
279
892
11
358
3358
4305
279
28286
4235
327
9134
927
75605
1701
279
44899
15150
1405
369
264
2728
328
11
279
17832
2860
12197
4460
374
2694
15511
72
304
328
26628
34
1004
7727
16
705
323
422
430
36375
308
11
279
1797
374
220
15
13
18715
11
279
1396
374
356
1471
482
423
489
220
914
11
220
914
8
1405
423
374
279
2694
11
33398
439
9958
323
16283
320
8370
374
369
28559
11
539
24630
570
2057
636
279
8668
1797
11
584
2011
31370
555
308
0
611
320
3107
320
66
5431
42395
7026
902
374
539
42929
481
627
262
9733
262
674
8876
279
3575
596
6205
649
387
25157
439
512
262
674
1789
308
28
17
25
2860
24630
2085
20020
220
18
61
17
28
24
13
94310
1884
449
865
1702
10123
17
320
10306
25
16
8
323
865
932
10123
17
320
3791
25
16
570
220
24
12
17
28
22
627
262
674
1789
4689
11
279
1396
374
28286
4235
327
9134
389
279
37913
4787
824
6661
627
262
674
1226
3358
2082
279
28286
4235
327
9134
927
279
12197
369
1855
308
11
1243
2694
927
308
28
16
497
42
382
262
674
5075
28806
369
5043
356
1278
11
597
8
60964
19186
198
262
505
7033
1179
3698
198
262
505
57566
1179
326
2739
11790
271
262
674
4452
11
311
12849
765
32
1117
91
369
264
27084
328
315
12197
320
9739
2011
617
520
3325
356
1004
7727
16
705
279
1396
374
512
262
674
6914
2631
284
2694
15511
72
304
328
26628
34
1004
7727
16
570
1442
2631
871
77
25
220
15
198
262
674
578
1396
315
9246
374
279
1396
315
5627
311
9993
311
1855
315
279
308
10093
264
6661
11
1778
430
1855
602
304
328
374
12893
520
3325
356
1004
7727
16
3115
627
262
674
1115
374
279
1890
439
25
2860
284
308
0
353
328
1471
26
356
873
611
320
3107
320
66
5431
873
0
883
1405
356
67995
72
4938
34
1004
7727
16
369
602
304
328
11
323
328
374
279
800
51868
5219
315
2132
3169
369
279
17071
13
1115
374
539
42929
481
382
262
674
15636
11
584
3358
1005
279
1176
32857
5603
719
5155
279
12496
311
13383
430
279
3575
32238
279
925
1797
439
279
1396
315
5627
311
5268
279
14921
320
72
1770
2637
2015
3250
956
5030
304
279
925
11
902
374
4461
459
1493
304
3575
5224
570
39578
11
279
2728
1296
2643
617
356
369
423
323
7953
439
7315
11
779
1193
362
8324
11541
527
1511
11
323
279
1797
369
308
28
17
449
356
1596
28
17
11541
1702
42017
932
28
16
374
220
22
11
902
374
220
18
61
17
482
220
17
320
12071
18772
11
13844
570
2100
279
28286
4235
327
9134
369
24630
374
1473
262
674
1789
1855
308
512
262
674
256
2860
1107
284
220
15
198
262
674
256
369
1855
27084
315
12197
328
512
262
674
996
12849
279
17832
12197
4460
25
423
284
2694
15511
72
304
328
26628
34
1004
7727
16
340
262
674
996
422
423
871
77
25
3136
198
262
674
996
279
1396
315
5627
1405
12197
304
328
527
1855
1511
520
3325
356
1004
7727
16
374
356
1471
11
48014
1701
28286
4235
327
9134
1578
11
902
374
6485
627
262
9733
262
674
16644
279
892
11
358
3358
3493
279
1176
32857
5603
719
25670
279
6205
16609
994
539
85292
555
308
17581
323
8530
279
3575
3604
6944
279
1396
315
28559
320
1962
24630
570
14636
279
2082
3770
5280
279
1176
32857
5603
11
902
16609
279
2728
1296
5157
439
824
279
6205
320
17206
3582
63234
433
1288
387
24630
11
279
3575
2643
617
264
2204
7419
4390
262
1522
220
674
1226
3358
1457
3350
279
4495
32857
369
279
1176
5603
320
1868
287
7698
10105
8
323
1243
31370
555
308
0
1193
422
4460
11
719
824
6205
433
596
539
2631
382
262
674
1226
3358
733
1203
311
279
1176
32857
719
5155
279
9358
6471
311
12722
12849
502
54972
14527
60
439
279
1396
315
5627
311
5662
2694
259
555
2737
220
15
497
1083
3100
1004
1145
259
8
315
1510
6661
627
262
674
6914
596
312
38025
2833
430
15884
1473
262
2860
284
220
15
198
262
369
308
304
2134
7
16
11
735
489
220
16
997
286
11581
284
510
15
37710
77
10
16
340
286
11581
58
15
60
284
220
16
198
286
369
602
304
2134
7
1627
997
310
12088
284
356
1004
933
310
674
5560
9436
37498
389
11581
311
12849
502
54972
14527
60
284
2694
15511
74
28
15
311
1332
78534
11
259
9317
11581
14527
482
74
933
310
9436
284
510
15
37710
77
10
17
340
310
369
274
304
2134
1471
10
16
997
394
9436
12144
10
16
60
284
320
12113
12144
60
489
11581
12144
2526
1034
19186
198
310
502
54972
284
510
15
37710
77
10
16
340
310
369
259
304
2134
1471
10
16
997
394
4017
284
1332
78534
11
259
340
394
4827
284
1973
7
15
11
259
482
4017
340
394
674
2694
15511
74
28
15
311
4017
92
11581
14527
482
74
60
284
9436
14527
10
16
60
482
320
333
259
10
16
871
4827
1243
9436
58
15115
60
775
220
15
340
394
422
4827
871
220
15
512
504
1062
284
320
12113
14527
10
16
60
482
9436
58
15115
2526
1034
19186
198
394
775
512
504
1062
284
9436
14527
10
16
933
394
502
54972
14527
60
284
1062
198
310
11581
284
502
54972
198
286
674
4740
682
12197
11
11581
7824
60
374
279
1396
315
10105
304
14921
320
1962
24630
340
286
674
578
3575
596
6205
13533
420
1288
387
56016
555
220
16
320
1962
308
49743
779
584
1935
433
439
374
627
286
2860
284
320
5143
489
11581
7824
2526
1034
19186
198
262
471
2860
1034
19186
271
2
2030
420
6835
369
279
6205
25
369
308
28
16
11
11581
58
16
4938
18
26
369
308
28
17
11
11581
58
17
4938
20
26
2860
28
23
11
719
3685
374
220
605
13
2100
420
374
5076
627
5062
2
41070
5603
2011
387
28286
4235
327
9134
389
279
2860
24630
6089
13
5810
596
264
3318
28286
4235
327
9134
369
279
1396
315
9246
315
3160
308
449
824
80468
13693
1473
1527
7033
1179
3698
271
27557
284
220
19416
13719
17228
271
755
28286
2769
9134
17155
11
356
997
262
674
1226
1205
311
12849
2694
15511
77
28
16
311
735
92
320
4174
315
9246
315
3160
308
449
865
5431
2717
34
1004
2608
262
674
578
1396
369
1855
308
374
25157
555
28286
4235
327
9134
927
12197
1694
927
4017
198
262
2860
284
220
15
198
262
674
1789
1855
308
505
220
16
311
735
512
262
369
308
304
2134
7
16
11
735
10
16
997
286
674
763
9134
4235
327
9134
927
75605
315
12197
430
527
927
279
4017
198
286
674
6914
12197
387
220
15
497
914
198
286
674
578
15150
374
512
286
674
452
1107
284
2694
15511
50
27084
315
314
15
497
914
3500
10505
16
30876
47215
50
91
92
353
320
4174
315
9246
315
3160
308
1405
1855
602
304
328
706
865
5431
2669
356
1004
7727
16
340
286
674
2057
12849
279
9358
4751
11
5296
430
422
2694
15511
72
304
328
26628
34
1004
7727
16
8
871
77
11
433
596
220
15
627
286
674
578
1396
315
9246
1405
1855
602
304
328
706
520
3325
294
5431
284
356
1004
7727
16
374
6273
311
512
286
674
256
2694
15511
74
15
42017
15
10
16
311
2564
92
2564
912
11
2731
311
1005
9958
323
16283
449
24038
5865
477
1005
279
28286
4235
327
9134
1578
11
902
374
539
43303
627
286
674
39578
11
1005
279
15150
512
286
674
578
1396
374
279
36706
315
865
16
61
66
16
1131
304
5761
15511
72
26628
320
87
5431
48922
34
1004
7727
16
92
489
865
5431
48922
34
1004
14316
489
2564
489
16
8
883
719
60508
430
374
2653
627
286
9733
286
674
362
2731
1648
320
2000
2678
1396
315
12197
8
374
311
1005
279
17966
430
279
1396
374
512
286
674
256
2694
15511
2017
39240
92
10505
100265
198