248045
846
198
4274
279
2614
709
11618
321
4479
889
11
6999
4072
279
709
7246
321
1440
660
279
6813
13
2972
5683
4045
67305
3067
13209
50
159029
271
2523
1220
14623
279
1970
488
10490
303
264
64504
1970
2424
318
784
9609
31789
318
19458
668
31153
279
3889
5568
8
271
71093
198
1445
18904
1120
1697
1358
727
2542
3456
5062
15057
605
15493
20449
25
1697
18078
1089
580
25
514
8
1411
514
25
198
262
4071
15767
449
7308
1287
10001
321
264
6572
7308
580
11
10724
279
2542
314
13043
198
262
314
660
12708
2303
314
10001
13
561
2279
314
264
1146
15057
369
4364
430
279
1324
314
198
262
1141
12708
2303
421
2542
310
580
13
198
1031
262
3301
279
2542
57844
220
16
15
61
24
478
220
22
13
198
1031
262
17167
25
198
285
10001
25
1697
314
24959
1332
220
16
2564
2343
20449
8
2564
220
16
15
15
321
220
16
2564
10001
957
60
2564
220
16
15
61
19
198
285
580
25
13095
2542
1332
220
16
2564
580
2564
220
16
15
15
6987
262
5019
25
198
285
561
2542
314
13043
314
660
12708
2303
57844
220
16
15
61
24
478
220
22
6987
262
11765
2542
3456
5062
15057
605
15493
2477
16
11
220
17
11
220
18
1089
220
18
8
198
262
220
21
198
262
11765
2542
3456
5062
15057
605
15493
2477
17
11
220
18
11
220
18
1089
220
20
8
198
262
220
19
198
262
11765
2542
3456
5062
15057
605
15493
2477
16
11
220
17
11
220
18
1089
220
22
8
198
262
220
15
198
262
4071
271
727
1716
69574
1590
198
262
653
14204
1228
4886
494
9989
198
262
1992
8871
2477
16
11
220
17
11
220
18
1089
220
18
8
606
220
21
198
262
1992
8871
2477
17
11
220
18
11
220
18
1089
220
20
8
606
220
19
198
262
1992
8871
2477
16
11
220
17
11
220
18
1089
220
22
8
606
220
15
6987
262
653
11000
2315
1228
198
262
1992
8871
2477
16
1089
220
16
8
606
220
16
6987
262
653
22484
1228
4886
198
262
1992
8871
2477
20
11
220
16
1089
220
20
8
606
220
17
198
262
1992
8871
2477
22
11
220
20
11
220
16
15
11
220
23
11
220
17
11
220
18
11
220
21
1089
220
19
8
606
220
15
198
262
1992
8871
2477
24
11
220
16
15
11
220
17
11
220
16
11
220
24
11
220
20
11
220
24
11
220
22
11
220
20
1089
220
17
8
606
220
17
20
21
198
262
1992
8871
2477
20
11
220
23
11
220
23
1089
220
16
8
606
220
15
198
262
1992
8871
2477
16
11
220
18
11
220
22
11
220
23
1089
220
16
8
606
220
23
198
262
1992
8871
2477
23
11
220
16
11
220
16
11
220
23
11
220
22
1089
220
17
8
606
220
23
198
262
1992
8871
2477
18
11
220
16
22
11
220
17
11
220
22
1089
220
16
22
8
606
220
22
198
262
1992
8871
2477
24
11
220
21
11
220
19
11
220
21
11
220
23
1089
220
24
8
606
220
16
21
198
262
1992
8871
2477
17
11
220
20
11
220
20
11
220
16
11
220
20
1089
220
21
8
606
220
17
19
6987
262
653
78020
1228
4886
198
262
1992
8871
2477
17
24
11
220
19
24
11
220
23
16
11
220
24
11
220
18
18
11
220
16
21
11
220
21
15
11
220
17
24
11
220
20
19
11
220
24
15
11
220
17
11
220
22
21
11
220
19
19
11
220
18
18
11
220
16
19
11
220
17
19
11
220
22
18
1089
220
20
22
8
606
220
21
20
20
18
21
6987
262
653
3284
440
660
1788
2663
198
262
1992
8871
2477
23
60
348
220
16
15
15
11
220
16
19
8
606
220
15
6987
262
653
21412
1228
4886
440
3481
15796
198
262
10001
16
283
498
23
11
20
11
21
11
24
11
23
11
21
11
20
11
21
11
18
11
16
15
11
17
11
17
11
18
11
19
11
21
11
19
11
19
11
16
15
11
17
11
20
11
17
11
23
11
20
11
16
11
16
11
16
11
19
11
18
11
17
11
16
11
19
11
16
15
11
20
11
24
11
18
11
19
11
20
11
18
11
24
11
16
15
11
19
11
24
11
23
11
19
11
20
11
19
11
22
11
21
11
23
11
20
11
24
11
18
11
23
11
17
11
23
11
24
11
18
11
22
11
16
11
16
11
18
11
16
11
17
11
17
11
16
15
11
17
11
17
11
23
11
17
11
20
11
19
11
24
11
19
11
23
11
23
11
17
11
16
15
11
16
11
16
15
11
18
11
19
11
20
11
18
11
16
15
11
24
11
24
11
20
11
17
11
24
11
21
11
22
11
21
11
16
15
11
16
15
11
20
11
16
15
11
24
11
18
11
23
11
18
60
198
262
1992
8871
20449
16
11
220
16
17
8
606
220
19
15
17
17
21
18
16
18
16
6987
262
10001
17
283
498
17
20
11
19
23
11
24
20
11
18
22
11
21
22
11
23
21
11
23
18
11
20
15
11
24
24
11
16
19
11
17
22
11
21
22
11
22
15
11
18
19
11
19
18
11
21
16
11
16
11
23
16
11
23
23
11
16
18
11
23
21
11
24
11
16
18
11
18
22
11
18
21
11
19
17
11
18
17
11
17
16
11
19
11
22
18
11
19
19
11
23
23
11
16
21
11
22
16
11
16
21
11
20
19
11
22
19
11
18
19
11
17
22
11
22
24
11
18
16
11
21
20
11
19
17
11
22
23
11
16
20
11
19
15
11
22
24
11
17
22
11
17
11
18
11
20
20
11
17
15
11
24
19
11
21
18
11
21
16
11
17
23
11
16
24
11
16
23
11
16
20
11
17
20
11
20
11
17
15
11
16
16
11
16
18
11
16
17
11
18
16
11
17
20
11
23
15
11
16
18
11
23
17
11
24
20
11
23
22
11
24
21
11
22
24
11
17
11
23
18
11
18
21
11
21
24
11
21
23
11
23
17
11
19
16
11
17
17
11
24
18
11
16
18
11
16
16
11
22
19
11
17
24
11
24
19
11
19
15
11
22
23
11
16
15
11
20
22
11
16
17
11
19
11
23
15
11
18
15
11
19
16
11
22
18
11
21
19
11
23
24
60
198
262
1992
8871
20449
17
11
220
16
15
15
8
606
220
17
21
24
16
17
19
18
15
17
6987
262
10001
18
283
498
16
15
11
19
11
18
11
16
11
16
15
11
17
11
20
11
19
11
19
11
20
11
17
11
17
11
18
11
18
11
24
11
24
11
16
15
11
17
11
16
15
11
18
11
21
11
18
11
18
11
24
11
24
11
23
11
16
11
17
11
22
11
23
11
18
11
22
11
18
11
18
11
18
11
16
11
17
11
16
15
11
20
11
19
11
16
15
11
19
11
23
11
19
11
21
11
16
15
11
24
11
21
11
24
11
16
11
17
11
21
11
17
11
16
15
11
23
11
17
11
17
11
19
11
17
11
20
11
16
15
11
16
15
11
24
11
23
11
17
11
20
11
21
11
20
11
18
11
18
11
16
11
19
11
22
11
16
15
11
16
15
11
24
11
22
11
19
11
19
11
18
11
16
15
11
24
11
21
11
16
15
11
22
11
24
11
16
15
11
16
11
19
11
16
15
11
21
11
22
11
17
11
21
11
24
11
20
11
23
11
21
11
23
11
24
60
198
262
1992
8871
20449
18
11
220
24
8
606
220
18
19
15
24
19
15
21
15
17
6987
262
10001
19
283
498
23
11
16
15
11
23
11
24
11
16
11
17
11
20
11
16
15
11
19
11
17
11
23
11
22
11
23
11
22
11
19
11
24
11
19
11
23
11
21
11
16
11
24
11
20
11
20
11
17
11
21
11
16
11
17
11
19
11
16
15
11
19
11
21
11
16
11
23
11
18
11
18
11
20
11
17
11
20
11
16
15
11
16
11
20
11
17
11
19
11
16
15
11
24
11
17
11
22
11
24
11
18
11
23
11
24
11
21
11
20
11
23
11
16
15
11
18
11
20
11
21
11
23
11
16
15
11
18
11
20
11
17
11
17
11
21
11
19
11
16
11
24
11
20
11
19
11
24
11
19
11
19
11
16
11
16
15
11
20
11
20
11
23
11
24
11
22
11
22
11
24
11
16
15
11
21
11
24
11
16
11
22
11
16
11
16
11
16
11
22
11
16
15
11
21
11
16
15
11
17
11
18
11
18
11
24
11
18
11
20
60
198
262
1992
8871
20449
19
11
220
21
8
606
220
19
20
17
18
20
20
16
17
16
271
2
5272
1716
19111
3456
5062
15057
605
15493
8
310
1542
6813
13
198
71093
248046
198
248045
74455
198
1206
11290
411
3377
11
1042
579
1387
1441
279
7044
321
8242
25
271
13962
43934
279
21397
271
16
13
220
2972
3036
15057
92217
357
1146
15057
369
13849
494
279
1287
539
31918
6942
466
777
5255
1973
9722
279
1906
314
279
9376
5255
13
198
17
13
220
2972
14552
314
264
3593
15057
92217
561
2279
314
264
3050
1146
15057
1510
50
63
369
4364
430
279
1324
314
348
1159
9
12708
2303
421
2542
310
1510
74
27653
198
262
471
256
6558
279
11543
1146
15057
381
1510
50
283
498
82
62
16
11
274
62
17
11
58317
274
697
60
27653
198
262
471
256
1165
1144
310
1423
1204
1599
71970
314
1510
50
63
318
7949
513
1048
12708
2303
314
1510
50
31789
599
264
2542
5951
310
1510
74
27653
198
18
13
220
2972
38663
92217
19892
279
2542
314
1439
328
74661
1
364
348
528
3102
9
12708
2303
314
279
3889
1287
1510
25509
27653
198
19
13
220
2972
5423
92217
561
2702
2542
57844
1510
16
15
61
24
478
220
22
27653
271
13962
87867
12376
37831
271
9764
279
3889
1287
381
1510
25509
63
440
2984
1510
77
27653
198
1596
513
84228
888
1396
3102
1146
15057
314
1510
25509
27653
6558
264
3050
1146
15057
381
1510
50
27653
198
760
328
12793
1
314
1510
50
63
369
279
1698
314
71970
314
1510
50
63
2542
5143
310
1510
74
27653
271
29781
314
84228
888
660
393
17
83193
3
12708
2303
1510
50
63
321
1179
364
1754
1510
50
63
84228
888
1141
393
17
61
44576
50
91
30675
12708
2303
318
7949
1000
381
393
18
83193
3
22373
681
567
628
311
26812
279
3377
1608
3493
16762
1171
13
271
35944
264
3050
25162
314
14505
1510
40
63
494
279
3889
1287
1510
25509
63
1680
421
279
2542
314
5255
1510
25509
957
60
63
364
1510
72
63
303
1510
40
63
16327
1510
74
27653
198
9764
411
25162
381
1510
51
27653
198
4199
1599
2184
12
59626
318
1899
59626
314
1510
25509
63
421
6435
1510
51
31789
668
1698
1510
51
63
430
799
314
836
2610
5138
12708
2303
2542
5143
310
1510
74
63
30
271
32
2184
7559
4234
1510
50
63
369
13717
539
4483
1510
51
63
321
7594
866
10286
314
5255
494
279
9376
5255
314
1510
25509
63
318
51819
524
303
1510
51
57208
198
2592
1510
51
63
5533
14505
1510
40
7561
1179
279
9376
5255
513
506
14505
1510
41
283
313
15
11
58317
307
12
16
92
1088
353
27653
198
8347
25162
314
1510
41
63
628
381
3568
310
1510
51
63
310
1304
264
2610
2184
7559
4234
1510
50
27653
198
760
1324
314
1680
2184
12
59626
369
393
17
61
44576
41
91
92
283
220
17
46227
77
471
735
51
91
92
12576
271
4272
11
279
2702
2542
567
1318
310
12204
369
25
198
13682
1088
1200
14717
51
1088
50634
10001
11
1088
1272
90
1200
24734
51
8
283
580
92
220
17
46227
77
471
735
51
91
92
25273
271
8791
25
198
12
256
393
51
3
20629
888
660
12708
2303
314
1510
25509
63
421
2542
310
1510
74
27653
198
12
256
393
91
51
77292
369
279
2984
318
3946
314
5255
8
314
421
1146
15057
13
198
12
256
393
77
3
369
279
2702
2984
314
1510
25509
27653
271
1919
15036
9319
279
3377
310
25
198
16
13
220
7145
660
12708
2303
314
1510
25509
63
421
2542
310
1510
74
27653
198
17
13
220
1690
1754
1680
1146
15057
314
2984
1510
2798
7561
884
393
17
46227
77
471
1088
1272
90
2798
3307
3
310
279
2702
13
198
18
13
220
3301
279
2702
57844
393
16
15
61
24
478
220
22
12576
271
13962
38989
271
1596
628
958
21213
37149
318
35055
2538
463
10970
553
198
1596
1144
310
3627
524
1066
279
1324
314
5337
310
5372
264
2542
11
694
279
2542
314
393
17
46227
77
471
1088
1272
90
2798
3307
3
364
660
5337
310
5372
264
2542
13
271
9764
1510
9504
957
1404
82
1404
75
60
63
381
279
1324
314
5337
310
1304
2542
1510
82
63
1608
1510
75
63
5255
494
279
1118
1510
72
63
4947
13
198
10883
11
567
1459
914
1144
279
1698
314
5337
13
1165
1144
279
35604
2542
13
198
9764
1510
9504
11541
1404
75
60
63
381
279
1324
314
12708
2303
1608
6681
1510
75
63
5255
421
2542
310
1510
82
27653
198
11861
279
4087
369
56014
1200
14717
75
92
11002
6521
1404
75
60
1088
14695
220
17
46227
77
2759
92
1088
79
2508
90
25613
92
12576
271
13784
11
1503
279
1906
4766
30
2233
11
12708
2303
513
4364
539
14505
13
561
716
314
14505
25721
279
1146
15057
13
198
2592
567
599
21814
2663
11
781
513
11421
430
12103
1521
781
2445
494
2086
14505
13
198
4272
1510
9504
11541
1404
75
60
63
283
1324
314
5337
310
4992
1510
75
63
14505
1680
421
836
2663
2542
310
1510
82
27653
271
332
9992
3130
92217
198
63
9504
11541
1404
75
60
63
283
1324
314
5337
310
3608
1510
75
63
5255
494
279
14789
4947
421
2542
310
1510
82
27653
271
332
3066
5745
92217
198
8275
344
1472
1754
1324
1510
87
63
303
1510
25509
27653
198
4149
279
30715
1898
25
198
63
9504
11541
1404
75
60
283
11002
11541
1404
75
60
478
11002
11541
6354
1404
75
12
16
60
63
198
7
1596
28662
1510
82
63
321
1510
75
63
27484
310
5471
1608
279
1788
2315
10598
303
279
1788
2923
553
271
332
12554
92217
198
12
256
1510
2798
20449
44646
2564
220
16
15
15
13
198
12
256
1510
74
63
2564
220
16
15
15
13
198
12
256
1510
25509
957
60
63
2564
220
16
15
15
15
15
318
7834
567
1132
2373
883
35195
685
310
1510
74
7561
748
413
1510
87
835
580
7561
424
628
914
381
919
314
264
2542
1510
74
63
7014
7968
4947
2905
11
694
3377
2640
6572
24959
13
1987
567
628
9738
1510
87
835
580
57208
198
12
256
1510
75
63
20629
494
220
15
310
1510
77
27653
271
332
30118
477
92217
198
12
256
53343
6136
25
1510
77
63
318
446
310
220
16
15
15
553
198
12
256
35155
6136
1510
82
43143
1510
74
63
318
446
310
220
16
15
15
553
198
12
256
35155
6136
1510
75
43143
1510
77
63
318
446
310
220
16
15
15
553
198
12
256
10342
7289
25
393
46
1393
1088
49142
580
1088
49142
307
8
1088
46451
220
16
15
15
1088
49142
220
16
15
15
1088
49142
220
16
15
15
283
220
16
11
15
15
15
11
15
15
15
12576
1061
369
1575
2785
13001
13
271
332
18770
71690
92217
198
5836
8427
660
4947
11
279
4087
369
25
198
56749
1200
14717
75
28
15
92
46227
77
92
11002
6521
1404
75
60
1088
14695
220
17
46227
77
2759
92
1088
79
2508
90
25613
92
12576
271
332
4312
8498
89784
92217
198
25613
283
393
16
15
61
24
478
220
22
12576
198
1596
1144
13043
314
220
17
57844
18107
13
271
13962
29806
11956
271
16
13
220
8736
1510
9504
63
1898
25
1510
9504
6521
10
16
1404
77
10
16
60
63
440
220
15
13
1510
9504
58
15
1404
15
60
283
220
16
63
318
1200
220
15
440
220
15
5255
369
220
16
1560
553
198
17
13
220
52516
1510
87
63
303
1510
25509
43143
198
262
471
256
1368
1510
87
835
580
7561
10390
318
10957
4947
513
6572
11
7594
1510
87
63
668
12131
1510
74
63
6849
553
198
262
471
256
5376
1510
9504
63
1898
27484
364
1510
82
63
494
1510
74
63
1441
310
1510
87
7561
321
1510
75
63
494
1510
77
63
1441
310
220
16
13
198
262
471
256
1510
9504
11541
1404
75
60
283
318
9504
11541
1404
75
60
478
11002
11541
6354
1404
75
12
16
2387
984
18107
63
198
18
13
220
21902
1067
25
198
262
471
256
4807
26808
13043
314
220
17
57844
18107
13
198
262
471
256
7860
1510
9504
6521
1404
75
60
348
6660
17
7426
2759
60
63
364
660
1510
75
27653
198
262
471
256
3301
2542
984
18107
13
271
9764
579
9845
440
279
1118
3010
25
1510
25509
283
498
16
11
220
17
11
220
18
60
7561
1510
74
283
220
18
27653
198
63
77
283
220
18
27653
198
63
9504
63
1898
1331
25
2542
685
310
220
18
11
2343
685
310
220
18
13
198
3675
25
1510
9504
58
15
1404
15
60
283
220
16
27653
271
7188
1510
16
43143
198
12
1510
9504
58
16
1404
16
60
1373
11002
58
15
1404
15
60
63
1411
1510
9504
58
16
1404
16
60
283
220
16
27653
271
7188
1510
17
43143
198
12
1510
9504
58
18
1404
17
60
1373
11002
58
16
1404
16
60
63
1411
1510
9504
58
18
1404
17
60
283
220
16
27653
198
12
1510
9504
58
17
1404
16
60
1373
11002
58
15
1404
15
60
63
1411
1510
9504
58
17
1404
16
60
283
220
16
27653
271
7188
1510
18
43143
198
12
1510
9504
58
18
1404
16
60
1373
11002
58
15
1404
15
60
63
1411
1510
9504
58
18
1404
16
60
283
220
16
27653
198
12
1510
9504
58
19
60
63
11693
318
835
220
18
553
198
12
1510
9504
58
18
1404
17
60
63
318
1445
220
17
10
16
8
369
2582
220
16
13
12193
1510
18
63
15491
440
1510
15
63
30
7179
11
17083
13
12193
1510
18
63
15491
440
1510
17
63
318
1200
220
20
11504
2233
13
12193
1510
18
63
15491
440
1510
16
63
318
1200
220
19
11504
2233
13
198
13784
11
1510
18
63
4924
35195
310
220
18
13
1987
1510
9504
58
18
1404
16
60
63
8772
220
16
13
198
11195
1017
975
5337
310
615
220
18
30
198
63
16
10
17
63
318
1445
7624
2923
8
369
1510
9504
58
18
1404
17
60
283
220
16
27653
198
63
18
63
318
3127
8
369
1510
9504
58
18
1404
16
60
283
220
16
27653
198
7354
5337
25
198
8917
28
18
11
23489
28
16
25
1698
28
16
318
1719
2315
220
18
553
198
8917
28
18
11
23489
28
17
25
1698
28
16
318
20766
220
16
11
220
17
553
271
2009
21261
25
198
39606
28
16
60439
1510
9504
58
18
1404
16
60
348
220
17
12883
18
12
16
44646
283
393
16
348
220
19
283
220
19
12576
198
39606
28
17
60439
1510
9504
58
18
1404
17
60
348
220
17
12883
18
12
17
44646
283
393
16
348
220
17
283
220
17
12576
198
7354
283
393
19
478
220
17
283
220
21
12576
59187
3010
13
271
15207
3010
25
1510
25509
283
498
17
11
220
18
11
220
18
60
7561
1510
74
283
220
20
27653
198
63
77
283
220
18
27653
198
6196
2542
220
20
13
198
63020
71970
2542
5143
310
220
20
25
198
12
1510
17
63
321
1118
1510
18
63
318
2798
220
17
553
198
12
1510
17
63
321
2018
1510
18
63
318
2798
220
17
553
198
2665
2343
220
18
318
1200
220
23
553
2233
2343
220
16
318
2721
220
18
553
198
4272
1510
9504
58
20
1404
17
60
63
1220
381
220
17
13
198
2009
25
393
17
348
220
17
46227
18
12
17
92
283
220
17
348
220
17
283
220
19
12576
59187
3010
13
271
56757
4252
13
271
71093
12305
198
1445
18904
1120
1697
271
727
2542
3456
5062
15057
605
15493
20449
25
1697
18078
1089
580
25
514
8
1411
514
25
198
262
18107
283
220
16
15
332
24
478
220
22
198
262
307
283
2343
20449
8
198
1031
262
653
11002
11541
1404
75
60
283
1324
314
12708
2303
440
2542
274
321
2984
324
198
262
653
30968
25
318
74
10
16
8
830
318
77
10
16
8
198
262
11002
283
4177
15
60
348
318
77
478
220
16
8
364
696
303
2020
5781
478
220
16
7025
198
1031
262
653
5183
1105
25
2542
220
15
440
2984
220
15
369
220
16
1560
318
3092
716
8
198
262
11002
58
15
1404
15
60
283
220
16
6987
262
364
830
303
10001
25
198
285
653
8439
10001
957
60
2518
220
16
11
413
830
835
580
11
424
4021
381
919
314
866
1146
15057
2542
5143
310
580
198
285
413
830
835
580
25
198
309
2962
8675
285
653
52516
27484
310
5471
1608
279
1788
2315
5081
2942
364
279
1788
1146
15057
198
285
364
274
303
2020
5781
11
830
471
220
16
11
471
16
1590
198
309
364
324
303
2020
1393
11
220
15
11
471
16
1590
198
388
11002
11541
1404
75
60
283
318
9504
11541
1404
75
60
478
11002
11541
471
830
1404
75
471
220
16
2387
984
18107
33006
262
653
4807
26808
13043
314
220
17
57844
18107
198
262
653
1165
1144
13043
685
310
307
198
262
6660
17
283
498
16
60
348
318
77
478
220
16
8
198
262
364
585
303
2020
7
16
11
307
478
220
16
1590
198
285
6660
17
957
60
283
318
21072
17
957
471
220
16
60
348
220
17
8
984
18107
8675
262
7843
283
220
15
198
262
653
7860
888
660
27396
324
25
1698
348
220
17
12883
77
471
324
8
198
262
364
324
303
2020
1393
478
220
16
1590
198
285
413
11002
6521
1404
75
60
835
220
15
25
198
309
4496
283
318
9504
6521
1404
75
60
348
6660
17
7426
471
324
2387
984
18107
198
309
7843
283
318
581
478
4496
8
984
18107
18015
262
460
7843
198
71093
271
9764
579
1923
1716
279
16484
321
6607
4886
13
198
12
1510
25509
63
2984
685
310
220
16
15
15
13
198
12
1510
74
63
685
310
220
16
15
15
13
198
12
1510
25509
957
60
63
685
310
220
16
15
15
15
15
13
198
12
3984
22373
25
393
46
1393
1088
49142
580
1088
49142
307
8
283
220
16
15
15
61
18
283
220
16
15
61
21
12576
12654
13081
411
6497
13
198
12
11156
22373
25
393
46
5781
1088
49142
307
8
283
220
16
15
15
61
17
283
220
16
15
61
19
12576
1124
25806
13
198
12
5473
8498
33633
8977
506
1754
5089
321
44896
13
198
12
1510
87
835
580
63
24460
25
8439
660
4947
513
6572
11
866
1324
6826
1056
1510
74
63
4021
16300
310
264
2542
314
1510
74
27653
1061
369
5902
13
198
12
21539
1146
15057
30
561
3377
2640
328
1899
59626
314
10001
3158
31874
11
2397
38127
30
561
7044
314
2279
369
328
3946
314
1141
12708
2303
421
2542
310
580
3158
198
220
471
1368
264
2184
7559
4234
682
264
1146
15057
421
369
4147
11
2542
369
220
15
13
1368
1510
74
63
369
220
15
11
411
12482
13
1921
1510
74
63
369
6572
27718
16
2564
580
57208
1987
4147
1146
15057
2542
318
15
8
2496
16327
1510
74
27653
1987
1510
9504
58
15
1404
15
60
63
369
1066
264
2255
1105
364
4599
685
11
424
2677
914
16300
310
279
1534
4087
364
1510
74
2518
220
16
27653
198
220
471
561
11870
9687
13
271
3833
2526
1716
383
279
1510
9504
63
16947
13
198
63
9504
58
15
1404
15
60
283
220
16
27653
198
4350
567
1817
1510
87
7561
567
2560
1510
9504
8065
1404
16
60
1373
11002
58
15
1404
15
60
27653
38643
13
271
760
11870
1510
9504
11541
1404
75
60
283
318
9504
11541
1404
75
60
478
11002
11541
6354
1404
75
12
16
2387
63
12083
14971
22433
279
1698
314
5337
310
1304
2542
1510
82
63
440
2984
1510
75
63
1608
279
491
2315
1510
87
63
10539
440
3555
5337
310
1304
1510
82
6354
63
440
1510
75
12
16
27653
271
18770
1716
383
279
1228
4886
3766
303
279
9640
13
198
760
9640
5469
6150
1228
4886
440
3349
3481
15796
13
561
11870
32530
383
279
3493
16762
518
9284
13849
25
56014
1200
14717
51
25
1088
1200
345
283
580
92
220
17
46227
77
12
91
51
91
92
12576
198
1919
9284
369
4950
1521
364
1396
2610
25162
393
51
3
314
14505
421
35195
310
393
74
53031
1396
25162
314
279
9376
14505
628
381
3568
310
1304
264
2184
7559
4234
13
561
1324
314
1680
71970
369
393
17
46227
77
12
91
51
91
92
12576
8439
567
2542
279
328
12793
1
318
7949
369
279
1698
314
1680
71970
364
1754
2184
7559
4234
681
567
513
13057
24217
13139
4771
50
11
345
14646
1332
393
51
1088
50634
326
1088
50634
1088
1272
90
25509
30675
321
56014
1200
345
283
580
12576
198
2719
286
539
393
51
60439
1690
264
8097
393
51
53031
1204
1599
393
50
3
2905
30
393
50
3
1902
6435
393
51
12576
393
50
283
345
1088
35452
533
3
1332
393
52
1088
50634
1088
1272
90
25509
92
1088
723
37093
345
12576
2532
513
393
17
46227
77
12
91
51
91
30675
1680
393
52
12576
198
4272
2542
5143
393
17
46227
77
12
91
51
91
30675
888
660
2610
393
51
3
369
4252
13
271
760
7873
5686
6235
13
271
71093
12305
198
1445
18904
1120
1697
1358
727
2542
3456
5062
15057
605
15493
20449
25
1697
18078
1089
580
25
514
8
1411
514
25
198
262
4071
15767
449
7308
1287
10001
321
264
6572
7308
580
11
10724
279
2542
314
13043
198
262
314
660
12708
2303
314
10001
13
561
2279
314
264
1146
15057
369
4364
430
279
1324
314
198
262
1141
12708
2303
421
2542
310
580
13
198
1031
262
3301
279
2542
57844
220
16
15
61
24
478
220
22
13
198
1031
262
17167
25
198
285
10001
25
1697
314
24959
1332
220
16
2564
2343
20449
8
2564
220
16
15
15
321
220
16
2564
10001
957
60
2564
220
16
15
61
19
198
285
580
25
13095
2542
1332
220
16
2564
580
2564
220
16
15
15
6987
262
5019
25
198
285
561
2542
314
13043
314
660
12708
2303
57844
220
16
15
61
24
478
220
22
6987
262
11765
2542
3456
5062
15057
605
15493
2477
16
11
220
17
11
220
18
1089
220
18
8
198
262
220
21
198
262
11765
2542
3456
5062
15057
605
15493
2477
17
11
220
18
11
220
18
1089
220
20
8
198
262
220
19
198
262
11765
2542
3456
5062
15057
605
15493
2477
16
11
220
17
11
220
18
1089
220
22
8
198
262
220
15
198
262
4071
198
262
18107
283
220
16
15
332
24
478
220
22
198
262
307
283
2343
20449
8
198
1031
262
653
11002
11541
1404
75
60
283
1324
314
12708
2303
440
2542
274
321
2984
324
198
262
653
30968
25
318
74
10
16
8
830
318
77
10
16
8
198
262
11002
283
4177
15
60
348
318
77
478
220
16
8
364
696
303
2020
5781
478
220
16
7025
198
1031
262
653
5183
1105
25
2542
220
15
440
2984
220
15
369
220
16
1560
318
3092
716
8
198
262
11002
58
15
1404
15
60
283
220
16
6987
262
364
830
303
10001
25
198
285
653
8439
10001
957
60
2518
220
16
11
413
830
835
580
11
424
4021
381
919
314
866
1146
15057
2542
5143
310
580
198
285
413
830
835
580
25
198
309
2962
8675
285
653
52516
27484
310
5471
1608
279
1788
2315
5081
2942
364
279
1788
1146
15057
198
285
364
274
303
2020
5781
11
830
471
220
16
11
471
16
1590
198
309
364
324
303
2020
1393
11
220
15
11
471
16
1590
198
388
11002
11541
1404
75
60
283
318
9504
11541
1404
75
60
478
11002
11541
471
830
1404
75
471
220
16
2387
984
18107
33006
262
653
4807
26808
13043
314
220
17
57844
18107
198
262
653
1165
1144
13043
685
310
307
198
262
6660
17
283
498
16
60
348
318
77
478
220
16
8
198
262
364
585
303
2020
7
16
11
307
478
220
16
1590
198
285
6660
17
957
60
283
318
21072
17
957
471
220
16
60
348
220
17
8
984
18107
8675
262
7843
283
220
15
198
262
653
7860
888
660
27396
324
25
1698
348
220
17
12883
77
471
324
8
198
262
364
324
303
2020
1393
478
220
16
1590
198
285
413
11002
6521
1404
75
60
835
220
15
25
198
309
4496
283
318
9504
6521
1404
75
60
348
6660
17
7426
471
324
2387
984
18107
198
309
7843
283
318
581
478
4496
8
984
18107
18015
262
460
7843
198
71093
248046
198
248045
846
198
7525
3555
4621
4490
279
6813
13
5514
579
279
1412
25
198
220
2793
34397
15
15
11516
31361
23
39
6971
487
1500
220
21
20
198
262
6558
579
1923
1716
279
16484
321
6607
4886
13
198
950
6108
198
32769
1401
25
20848
49477
886
22419
318
18702
1514
506
1500
220
21
20
8
14200
1206
311
40138
11
411
369
678
3274
25
4310
279
2614
709
11618
321
4479
889
11
6999
4072
279
709
7246
321
1440
660
279
6813
13
2972
5683
4045
67305
3067
13209
50
159029
271
2523
1220
14623
279
1970
488
10490
303
264
64504
1970
2424
318
784
9609
31789
318
19458
668
31153
279
3889
5568
8
248046
198
248045
74455
198
248068
271
248069
271
1206
11290
411
3377
11
567
1144
310
10724
279
2542
314
328
74661
1
314
660
12708
2303
314
264
2574
1287
1510
25509
27653
561
2279
314
264
1146
15057
369
4364
430
279
1324
314
1141
1765
12708
2303
421
2542
310
1510
74
27653
271
13962
87867
68563
271
9764
393
50
3
381
264
1146
15057
314
1510
25509
27653
561
2279
314
393
50
3
369
279
1698
314
71970
314
393
50
3
421
2542
310
393
74
12576
198
1596
1144
310
12204
25
198
13682
1088
1200
14717
50
1088
50634
1088
1272
90
25509
3307
19185
1272
90
3946
314
333
345
1088
50634
326
1088
1272
90
1680
421
333
1088
1200
345
283
580
8
25273
271
1596
628
17591
411
2542
539
84228
888
660
3102
71970
393
51
3
314
279
3889
1287
1510
25509
63
421
2542
310
393
74
12576
1690
264
3050
25162
393
51
3
318
9423
539
264
716
314
14505
681
1204
1599
2184
12
59626
393
50
3
318
1899
59626
314
1510
25509
63
421
6435
660
5255
314
393
51
3
8
2905
30
198
2592
393
51
3
5533
393
91
51
77292
5255
494
1510
25509
63
318
7949
682
2984
393
77
3
681
1179
279
9376
393
77
471
735
51
77292
5255
628
2892
381
5064
466
26554
494
393
50
12576
13891
11
1017
513
393
17
46227
77
471
735
51
91
30675
1680
2184
12
59626
393
50
12576
271
760
2702
2542
369
8646
25
198
13682
1088
1200
14717
51
1088
50634
1088
1272
90
25509
2069
1088
1200
345
283
580
92
220
17
46227
77
471
735
51
91
92
25273
271
13962
38989
271
16
13
220
2972
21081
37149
92217
1165
958
264
30715
1898
1510
9504
11541
1404
75
60
63
310
3436
279
1324
314
5337
310
1304
264
2542
1510
82
63
1608
6681
1510
75
63
5255
494
279
14789
4947
303
1510
25509
27653
198
262
471
256
1510
9504
11541
1404
75
60
63
283
1698
314
12708
2303
440
2542
1510
82
63
321
2984
1510
75
27653
198
262
471
256
30968
25
47029
74
478
220
16
8
830
318
77
478
220
16
8
27653
198
262
471
256
8736
1510
9504
58
15
1404
15
60
283
220
16
63
318
588
1560
310
599
2542
220
15
440
220
15
5255
553
198
17
13
220
2972
21097
92217
1690
1754
1324
1510
87
63
303
1510
25509
43143
198
262
471
256
1368
1510
87
835
580
7561
10390
424
318
10957
660
4947
513
6572
11
424
4021
16300
310
2542
1510
74
57208
198
262
471
256
5376
279
30715
1898
27484
318
951
5471
311
940
279
1788
2315
303
279
1788
2923
1590
198
285
471
256
1690
1510
82
63
494
1510
74
63
1441
310
1510
87
43143
198
285
471
256
1690
1510
75
63
494
1510
77
63
1441
310
1510
16
43143
198
285
471
256
1510
9504
11541
1404
75
60
283
318
9504
11541
1404
75
60
478
11002
11541
471
830
1404
75
471
220
16
2387
984
18107
63
198
18
13
220
2972
18770
71690
92217
198
262
471
256
4807
26808
13043
314
220
17
57844
393
16
15
61
24
478
220
22
3
685
310
393
77
12576
198
262
471
256
7860
685
1510
9504
6521
1404
75
60
348
220
17
12883
77
471
324
44646
364
660
2610
27396
1510
75
27653
198
262
471
256
3301
279
1067
57844
393
16
15
61
24
478
220
22
12576
271
13962
29806
271
71093
12305
198
1445
18904
1120
1697
271
727
2542
3456
5062
15057
605
15493
20449
25
1697
18078
1089
580
25
514
8
1411
514
25
198
262
4071
15767
449
7308
1287
10001
321
264
6572
7308
580
11
10724
279
2542
314
13043
198
262
314
660
12708
2303
314
10001
13
561
2279
314
264
1146
15057
369
4364
430
279
1324
314
198
262
1141
12708
2303
421
2542
310
580
13
198
1031
262
3301
279
2542
57844
220
16
15
61
24
478
220
22
13
198
1031
262
17167
25
198
285
10001
25
1697
314
24959
1332
220
16
2564
2343
20449
8
2564
220
16
15
15
321
220
16
2564
10001
957
60
2564
220
16
15
61
19
198
285
580
25
13095
2542
1332
220
16
2564
580
2564
220
16
15
15
6987
262
5019
25
198
285
561
2542
314
13043
314
660
12708
2303
57844
220
16
15
61
24
478
220
22
6987
262
11765
2542
3456
5062
15057
605
15493
2477
16
11
220
17
11
220
18
1089
220
18
8
198
262
220
21
198
262
11765
2542
3456
5062
15057
605
15493
2477
17
11
220
18
11
220
18
1089
220
20
8
198
262
220
19
198
262
11765
2542
3456
5062
15057
605
15493
2477
16
11
220
17
11
220
18
1089
220
22
8
198
262
220
15
198
262
4071
198
262
18107
283
220
16
15
332
24
478
220
22
198
262
307
283
2343
20449
8
198
1031
262
653
11002
11541
1404
75
60
283
1324
314
12708
2303
440
2542
274
321
2984
324
198
262
653
30968
25
318
74
10
16
8
830
318
77
10
16
8
198
262
11002
283
4177
15
60
348
318
77
478
220
16
8
364
696
303
2020
5781
478
220
16
7025
198
1031
262
653
5183
1105
25
2542
220
15
440
2984
220
15
369
220
16
1560
318
3092
716
8
198
262
11002
58
15
1404
15
60
283
220
16
6987
262
364
830
303
10001
25
198
285
653
8439
10001
957
60
2518
220
16
11
413
830
835
580
11
424
4021
381
919
314
866
1146
15057
2542
5143
310
580
198
285
413
830
835
580
25
198
309
2962
8675
285
653
52516
27484
310
5471
1608
279
1788
2315
5081
2942
364
279
1788
1146
15057
198
285
364
274
303
2020
5781
11
830
471
220
16
11
471
16
1590
198
309
364
324
303
2020
1393
11
220
15
11
471
16
1590
198
388
11002
11541
1404
75
60
283
318
9504
11541
1404
75
60
478
11002
11541
471
830
1404
75
471
220
16
2387
984
18107
33006
262
653
4807
26808
13043
314
220
17
57844
18107
198
262
653
1165
1144
13043
685
310
307
198
262
6660
17
283
498
16
60
348
318
77
478
220
16
8
198
262
364
585
303
2020
7
16
11
307
478
220
16
1590
198
285
6660
17
957
60
283
318
21072
17
957
471
220
16
60
348
220
17
8
984
18107
8675
262
7843
283
220
15
198
262
653
7860
888
660
27396
324
25
1698
348
220
17
12883
77
471
324
8
198
262
364
324
303
2020
1393
478
220
16
1590
198
285
413
11002
6521
1404
75
60
835
220
15
25
198
309
4496
283
318
9504
6521
1404
75
60
348
6660
17
7426
471
324
2387
984
18107
198
309
7843
283
318
581
478
4496
8
984
18107
18015
262
460
7843
198
71093
248046
198