248045
846
198
4274
279
2614
709
11618
321
4479
889
11
6999
4072
279
709
7246
321
1440
660
279
6813
13
2972
5683
4045
67305
3067
13209
50
159029
271
2523
1220
14623
279
1970
488
10490
303
264
64504
1970
2424
318
784
9609
31789
318
19458
668
31153
279
3889
5568
8
271
71093
198
1445
18904
1120
1697
1358
727
7776
51757
788
1003
49546
1393
25
514
11
580
25
514
11
830
25
514
11
1906
27430
25
1697
18078
2387
1411
514
25
198
262
4071
15767
307
9861
8826
383
3050
2756
11
1423
279
7776
2702
93451
948
11268
1070
13
198
1031
262
22136
25
198
262
471
2332
1379
580
9861
628
381
26380
3658
303
799
6937
198
262
471
6991
585
318
35166
383
1834
1906
27430
957
2387
628
1132
381
26380
383
466
1238
421
1834
198
262
471
4486
11268
383
1834
264
11
279
1727
42304
628
1132
381
383
1834
264
36641
466
2843
198
262
471
49313
49546
364
1906
585
26380
383
1834
274
369
318
82
471
1906
27430
957
2387
198
1031
262
17167
25
198
285
307
25
5447
314
9861
318
16
2564
307
2564
220
16
15
15
8
198
285
580
25
25749
9861
791
42304
318
16
2564
580
2564
307
8
198
285
830
25
20542
1881
56641
318
16
2564
830
2564
220
16
15
61
24
8
198
285
1906
27430
25
1697
314
307
1906
20791
2756
303
2397
6596
72887
1906
318
16
2564
1906
27430
957
60
2564
220
16
15
61
16
17
8
198
1031
262
5019
25
198
285
561
7776
3102
2702
93451
6987
262
11765
7776
51757
788
1003
49546
7
20
11
220
17
11
220
18
11
498
16
11
220
20
11
220
21
11
220
16
15
11
220
16
17
2387
198
262
220
17
198
262
11765
7776
51757
788
1003
49546
7
16
11
220
16
11
220
16
15
15
15
15
15
15
15
15
15
11
498
16
15
15
15
15
15
15
15
15
15
15
15
15
2387
198
262
220
15
198
262
4071
271
727
1716
69574
1590
198
262
653
3284
4886
494
279
3377
198
262
1992
8871
7
20
11
220
17
11
220
18
11
498
16
11
220
20
11
220
21
11
220
16
15
11
220
16
17
2387
606
220
17
198
262
1992
8871
7
16
11
220
16
11
220
16
15
15
15
15
15
15
15
15
15
11
498
16
15
15
15
15
15
15
15
15
15
15
15
15
2387
606
220
15
198
262
1992
8871
7
16
20
11
220
19
11
220
20
11
498
16
11
220
18
11
220
18
11
220
21
11
220
21
11
220
21
11
220
16
15
11
220
16
15
11
220
16
15
11
220
16
15
11
220
16
20
11
220
16
20
11
220
16
20
11
220
16
20
11
220
16
20
2387
606
220
18
20
6987
262
653
22484
1228
4886
198
262
1992
8871
7
17
11
220
17
11
220
16
20
16
22
11
498
16
21
24
22
11
220
16
23
21
24
2387
606
220
16
22
17
198
262
1992
8871
7
16
15
11
220
16
11
220
17
11
498
16
11
220
16
11
220
17
11
220
18
11
220
19
11
220
20
11
220
20
11
220
20
11
220
20
11
220
21
2387
606
220
21
18
198
262
1992
8871
7
16
11
220
16
11
220
20
23
19
20
20
23
22
22
21
11
498
16
16
17
21
15
20
17
17
24
18
2387
606
220
15
198
262
1992
8871
7
16
11
220
16
11
220
16
11
498
16
2387
606
220
15
6987
262
653
3284
1105
440
580
21076
318
528
9861
303
799
42304
8
198
262
1992
8871
7
16
15
15
11
220
16
15
15
11
220
16
15
15
15
15
15
15
15
15
15
11
498
24
24
24
15
15
15
15
15
15
15
15
16
11
220
24
24
24
15
16
15
16
15
16
15
16
16
11
220
24
24
24
15
17
15
17
15
17
15
17
16
11
220
24
24
24
15
18
15
18
15
18
15
18
16
11
220
24
24
24
15
19
15
19
15
19
15
19
16
11
220
24
24
24
15
20
15
20
15
20
15
20
16
11
220
24
24
24
15
21
15
21
15
21
15
21
16
11
220
24
24
24
15
22
15
22
15
22
15
22
16
11
220
24
24
24
15
23
15
23
15
23
15
23
16
11
220
24
24
24
15
24
15
24
15
24
15
24
16
11
220
24
24
24
16
15
16
15
16
15
16
15
17
11
220
24
24
24
16
16
16
16
16
16
16
16
17
11
220
24
24
24
16
17
16
17
16
17
16
17
17
11
220
24
24
24
16
18
16
18
16
18
16
18
17
11
220
24
24
24
16
19
16
19
16
19
16
19
17
11
220
24
24
24
16
20
16
20
16
20
16
20
17
11
220
24
24
24
16
21
16
21
16
21
16
21
17
11
220
24
24
24
16
22
16
22
16
22
16
22
17
11
220
24
24
24
16
23
16
23
16
23
16
23
17
11
220
24
24
24
16
24
16
24
16
24
16
24
17
11
220
24
24
24
17
15
17
15
17
15
17
15
18
11
220
24
24
24
17
16
17
16
17
16
17
16
18
11
220
24
24
24
17
17
17
17
17
17
17
17
18
11
220
24
24
24
17
18
17
18
17
18
17
18
18
11
220
24
24
24
17
19
17
19
17
19
17
19
18
11
220
24
24
24
17
20
17
20
17
20
17
20
18
11
220
24
24
24
17
21
17
21
17
21
17
21
18
11
220
24
24
24
17
22
17
22
17
22
17
22
18
11
220
24
24
24
17
23
17
23
17
23
17
23
18
11
220
24
24
24
17
24
17
24
17
24
17
24
18
11
220
24
24
24
18
15
18
15
18
15
18
15
19
11
220
24
24
24
18
16
18
16
18
16
18
16
19
11
220
24
24
24
18
17
18
17
18
17
18
17
19
11
220
24
24
24
18
18
18
18
18
18
18
18
19
11
220
24
24
24
18
19
18
19
18
19
18
19
19
11
220
24
24
24
18
20
18
20
18
20
18
20
19
11
220
24
24
24
18
21
18
21
18
21
18
21
19
11
220
24
24
24
18
22
18
22
18
22
18
22
19
11
220
24
24
24
18
23
18
23
18
23
18
23
19
11
220
24
24
24
18
24
18
24
18
24
18
24
19
11
220
24
24
24
19
15
19
15
19
15
19
15
20
11
220
24
24
24
19
16
19
16
19
16
19
16
20
11
220
24
24
24
19
17
19
17
19
17
19
17
20
11
220
24
24
24
19
18
19
18
19
18
19
18
20
11
220
24
24
24
19
19
19
19
19
19
19
19
20
11
220
24
24
24
19
20
19
20
19
20
19
20
20
11
220
24
24
24
19
21
19
21
19
21
19
21
20
11
220
24
24
24
19
22
19
22
19
22
19
22
20
11
220
24
24
24
19
23
19
23
19
23
19
23
20
11
220
24
24
24
19
24
19
24
19
24
19
24
20
11
220
24
24
24
20
15
20
15
20
15
20
15
21
11
220
24
24
24
20
16
20
16
20
16
20
16
21
11
220
24
24
24
20
17
20
17
20
17
20
17
21
11
220
24
24
24
20
18
20
18
20
18
20
18
21
11
220
24
24
24
20
19
20
19
20
19
20
19
21
11
220
24
24
24
20
20
20
20
20
20
20
20
21
11
220
24
24
24
20
21
20
21
20
21
20
21
21
11
220
24
24
24
20
22
20
22
20
22
20
22
21
11
220
24
24
24
20
23
20
23
20
23
20
23
21
11
220
24
24
24
20
24
20
24
20
24
20
24
21
11
220
24
24
24
21
15
21
15
21
15
21
15
22
11
220
24
24
24
21
16
21
16
21
16
21
16
22
11
220
24
24
24
21
17
21
17
21
17
21
17
22
11
220
24
24
24
21
18
21
18
21
18
21
18
22
11
220
24
24
24
21
19
21
19
21
19
21
19
22
11
220
24
24
24
21
20
21
20
21
20
21
20
22
11
220
24
24
24
21
21
21
21
21
21
21
21
22
11
220
24
24
24
21
22
21
22
21
22
21
22
22
11
220
24
24
24
21
23
21
23
21
23
21
23
22
11
220
24
24
24
21
24
21
24
21
24
21
24
22
11
220
24
24
24
22
15
22
15
22
15
22
15
23
11
220
24
24
24
22
16
22
16
22
16
22
16
23
11
220
24
24
24
22
17
22
17
22
17
22
17
23
11
220
24
24
24
22
18
22
18
22
18
22
18
23
11
220
24
24
24
22
19
22
19
22
19
22
19
23
11
220
24
24
24
22
20
22
20
22
20
22
20
23
11
220
24
24
24
22
21
22
21
22
21
22
21
23
11
220
24
24
24
22
22
22
22
22
22
22
22
23
11
220
24
24
24
22
23
22
23
22
23
22
23
23
11
220
24
24
24
22
24
22
24
22
24
22
24
23
11
220
24
24
24
23
15
23
15
23
15
23
15
24
11
220
24
24
24
23
16
23
16
23
16
23
16
24
11
220
24
24
24
23
17
23
17
23
17
23
17
24
11
220
24
24
24
23
18
23
18
23
18
23
18
24
11
220
24
24
24
23
19
23
19
23
19
23
19
24
11
220
24
24
24
23
20
23
20
23
20
23
20
24
11
220
24
24
24
23
21
23
21
23
21
23
21
24
11
220
24
24
24
23
22
23
22
23
22
23
22
24
11
220
24
24
24
23
23
23
23
23
23
23
23
24
11
220
24
24
24
23
24
23
24
23
24
23
24
24
11
220
24
24
24
24
15
24
15
24
15
24
16
15
11
220
24
24
24
24
16
24
16
24
16
24
17
15
11
220
24
24
24
24
17
24
17
24
17
24
18
15
11
220
24
24
24
24
18
24
18
24
18
24
19
15
11
220
24
24
24
24
19
24
19
24
19
24
20
15
11
220
24
24
24
24
20
24
20
24
20
24
21
15
11
220
24
24
24
24
21
24
21
24
21
24
22
15
11
220
24
24
24
24
22
24
22
24
22
24
23
15
11
220
24
24
24
24
23
24
23
24
23
24
24
15
11
220
16
15
15
15
15
15
15
15
15
15
15
15
15
2387
606
220
19
24
15
15
15
15
15
15
15
20
15
6987
262
653
3284
1105
440
580
28
16
318
588
1906
791
42304
8
198
262
1992
8871
7
16
15
15
11
220
16
11
220
16
15
15
15
15
15
15
15
15
15
11
498
24
24
24
15
15
15
15
15
15
15
15
16
11
220
24
24
24
15
16
15
16
15
16
15
16
16
11
220
24
24
24
15
17
15
17
15
17
15
17
16
11
220
24
24
24
15
18
15
18
15
18
15
18
16
11
220
24
24
24
15
19
15
19
15
19
15
19
16
11
220
24
24
24
15
20
15
20
15
20
15
20
16
11
220
24
24
24
15
21
15
21
15
21
15
21
16
11
220
24
24
24
15
22
15
22
15
22
15
22
16
11
220
24
24
24
15
23
15
23
15
23
15
23
16
11
220
24
24
24
15
24
15
24
15
24
15
24
16
11
220
24
24
24
16
15
16
15
16
15
16
15
17
11
220
24
24
24
16
16
16
16
16
16
16
16
17
11
220
24
24
24
16
17
16
17
16
17
16
17
17
11
220
24
24
24
16
18
16
18
16
18
16
18
17
11
220
24
24
24
16
19
16
19
16
19
16
19
17
11
220
24
24
24
16
20
16
20
16
20
16
20
17
11
220
24
24
24
16
21
16
21
16
21
16
21
17
11
220
24
24
24
16
22
16
22
16
22
16
22
17
11
220
24
24
24
16
23
16
23
16
23
16
23
17
11
220
24
24
24
16
24
16
24
16
24
16
24
17
11
220
24
24
24
17
15
17
15
17
15
17
15
18
11
220
24
24
24
17
16
17
16
17
16
17
16
18
11
220
24
24
24
17
17
17
17
17
17
17
17
18
11
220
24
24
24
17
18
17
18
17
18
17
18
18
11
220
24
24
24
17
19
17
19
17
19
17
19
18
11
220
24
24
24
17
20
17
20
17
20
17
20
18
11
220
24
24
24
17
21
17
21
17
21
17
21
18
11
220
24
24
24
17
22
17
22
17
22
17
22
18
11
220
24
24
24
17
23
17
23
17
23
17
23
18
11
220
24
24
24
17
24
17
24
17
24
17
24
18
11
220
24
24
24
18
15
18
15
18
15
18
15
19
11
220
24
24
24
18
16
18
16
18
16
18
16
19
11
220
24
24
24
18
17
18
17
18
17
18
17
19
11
220
24
24
24
18
18
18
18
18
18
18
18
19
11
220
24
24
24
18
19
18
19
18
19
18
19
19
11
220
24
24
24
18
20
18
20
18
20
18
20
19
11
220
24
24
24
18
21
18
21
18
21
18
21
19
11
220
24
24
24
18
22
18
22
18
22
18
22
19
11
220
24
24
24
18
23
18
23
18
23
18
23
19
11
220
24
24
24
18
24
18
24
18
24
18
24
19
11
220
24
24
24
19
15
19
15
19
15
19
15
20
11
220
24
24
24
19
16
19
16
19
16
19
16
20
11
220
24
24
24
19
17
19
17
19
17
19
17
20
11
220
24
24
24
19
18
19
18
19
18
19
18
20
11
220
24
24
24
19
19
19
19
19
19
19
19
20
11
220
24
24
24
19
20
19
20
19
20
19
20
20
11
220
24
24
24
19
21
19
21
19
21
19
21
20
11
220
24
24
24
19
22
19
22
19
22
19
22
20
11
220
24
24
24
19
23
19
23
19
23
19
23
20
11
220
24
24
24
19
24
19
24
19
24
19
24
20
11
220
24
24
24
20
15
20
15
20
15
20
15
21
11
220
24
24
24
20
16
20
16
20
16
20
16
21
11
220
24
24
24
20
17
20
17
20
17
20
17
21
11
220
24
24
24
20
18
20
18
20
18
20
18
21
11
220
24
24
24
20
19
20
19
20
19
20
19
21
11
220
24
24
24
20
20
20
20
20
20
20
20
21
11
220
24
24
24
20
21
20
21
20
21
20
21
21
11
220
24
24
24
20
22
20
22
20
22
20
22
21
11
220
24
24
24
20
23
20
23
20
23
20
23
21
11
220
24
24
24
20
24
20
24
20
24
20
24
21
11
220
24
24
24
21
15
21
15
21
15
21
15
22
11
220
24
24
24
21
16
21
16
21
16
21
16
22
11
220
24
24
24
21
17
21
17
21
17
21
17
22
11
220
24
24
24
21
18
21
18
21
18
21
18
22
11
220
24
24
24
21
19
21
19
21
19
21
19
22
11
220
24
24
24
21
20
21
20
21
20
21
20
22
11
220
24
24
24
21
21
21
21
21
21
21
21
22
11
220
24
24
24
21
22
21
22
21
22
21
22
22
11
220
24
24
24
21
23
21
23
21
23
21
23
22
11
220
24
24
24
21
24
21
24
21
24
21
24
22
11
220
24
24
24
22
15
22
15
22
15
22
15
23
11
220
24
24
24
22
16
22
16
22
16
22
16
23
11
220
24
24
24
22
17
22
17
22
17
22
17
23
11
220
24
24
24
22
18
22
18
22
18
22
18
23
11
220
24
24
24
22
19
22
19
22
19
22
19
23
11
220
24
24
24
22
20
22
20
22
20
22
20
23
11
220
24
24
24
22
21
22
21
22
21
22
21
23
11
220
24
24
24
22
22
22
22
22
22
22
22
23
11
220
24
24
24
22
23
22
23
22
23
22
23
23
11
220
24
24
24
22
24
22
24
22
24
22
24
23
11
220
24
24
24
23
15
23
15
23
15
23
15
24
11
220
24
24
24
23
16
23
16
23
16
23
16
24
11
220
24
24
24
23
17
23
17
23
17
23
17
24
11
220
24
24
24
23
18
23
18
23
18
23
18
24
11
220
24
24
24
23
19
23
19
23
19
23
19
24
11
220
24
24
24
23
20
23
20
23
20
23
20
24
11
220
24
24
24
23
21
23
21
23
21
23
21
24
11
220
24
24
24
23
22
23
22
23
22
23
22
24
11
220
24
24
24
23
23
23
23
23
23
23
23
24
11
220
24
24
24
23
24
23
24
23
24
23
24
24
11
220
24
24
24
24
15
24
15
24
15
24
16
15
11
220
24
24
24
24
16
24
16
24
16
24
17
15
11
220
24
24
24
24
17
24
17
24
17
24
18
15
11
220
24
24
24
24
18
24
18
24
18
24
19
15
11
220
24
24
24
24
19
24
19
24
19
24
20
15
11
220
24
24
24
24
20
24
20
24
20
24
21
15
11
220
24
24
24
24
21
24
21
24
21
24
22
15
11
220
24
24
24
24
22
24
22
24
22
24
23
15
11
220
24
24
24
24
23
24
23
24
23
24
24
15
11
220
16
15
15
15
15
15
15
15
15
15
15
15
15
2387
606
220
19
24
15
15
15
15
15
15
15
15
15
20
15
271
2
5272
1716
13741
3188
51757
788
1003
49546
8
310
1542
6813
13
198
71093
248046
198
248045
74455
198
71093
12305
198
1445
18904
1120
1697
1358
727
7776
51757
788
1003
49546
1393
25
514
11
580
25
514
11
830
25
514
11
1906
27430
25
1697
18078
2387
1411
514
25
198
262
4071
15767
307
9861
8826
383
3050
2756
11
1423
279
7776
2702
93451
948
11268
1070
13
198
1031
262
22136
25
198
262
471
2332
1379
580
9861
628
381
26380
3658
303
799
6937
198
262
471
6991
585
318
35166
383
1834
1906
27430
957
2387
628
1132
381
26380
383
466
1238
421
1834
198
262
471
4486
11268
383
1834
264
11
279
1727
42304
628
1132
381
383
1834
264
36641
466
2843
198
262
471
49313
49546
364
1906
585
26380
383
1834
274
369
318
82
471
1906
27430
957
2387
198
1031
262
17167
25
198
285
307
25
5447
314
9861
318
16
2564
307
2564
220
16
15
15
8
198
285
580
25
25749
9861
791
42304
318
16
2564
580
2564
307
8
198
285
830
25
20542
1881
56641
318
16
2564
830
2564
220
16
15
61
24
8
198
285
1906
27430
25
1697
314
307
1906
20791
2756
303
2397
6596
72887
1906
318
16
2564
1906
27430
957
60
2564
220
16
15
61
16
17
8
198
1031
262
5019
25
198
285
561
7776
3102
2702
93451
6987
262
11765
7776
51757
788
1003
49546
7
20
11
220
17
11
220
18
11
498
16
11
220
20
11
220
21
11
220
16
15
11
220
16
17
2387
198
262
220
17
198
262
11765
7776
51757
788
1003
49546
7
16
11
220
16
11
220
16
15
15
15
15
15
15
15
15
15
11
498
16
15
15
15
15
15
15
15
15
15
15
15
15
2387
198
262
220
15
198
262
4071
198
262
653
4807
26808
8978
35195
364
3841
93451
21261
198
262
653
1690
264
6937
494
1857
585
310
492
12
16
318
94964
8
26380
383
1834
274
25
198
262
653
93451
283
318
73
471
585
8
348
274
471
2542
18797
27430
957
55628
2387
198
1031
262
8978
283
498
15
60
348
318
77
478
220
16
8
198
262
364
585
303
2020
1393
1590
198
285
8978
957
478
220
16
60
283
8978
957
60
478
1906
27430
957
60
198
1031
262
687
6937
15422
1889
25
514
11
492
25
514
11
8026
16271
25
514
8
1411
514
25
198
285
4071
14508
314
11268
9861
494
1857
585
310
492
12
16
383
8026
16271
12237
198
285
1698
283
492
471
585
198
285
413
1698
606
220
15
25
198
309
460
220
15
198
285
460
1698
348
8026
16271
471
318
11510
3681
60
471
8978
957
2387
198
1031
262
653
11002
957
60
283
7776
93451
310
8026
9861
220
15
486
72
12
16
198
262
653
1165
1144
310
2426
3627
314
279
1483
42304
1834
310
27247
279
830
12558
198
262
653
8439
307
369
2526
318
7946
16
15
15
681
567
628
958
11002
957
60
283
1262
2695
310
8026
1118
585
9861
198
262
653
321
28662
888
3102
1483
42304
11930
321
2756
6987
262
653
4213
11
279
20908
383
42304
2756
3520
411
32343
25
279
1727
42304
1834
198
262
653
13402
383
948
279
3555
42304
557
1801
13
198
262
653
1165
1144
1528
25
11002
957
60
283
7776
2695
310
8026
1118
585
9861
11
694
567
1048
1144
198
262
653
310
1366
279
1483
42304
1834
310
27247
279
12558
13
198
262
653
1921
279
1483
42304
1834
628
381
3349
318
446
310
220
16
15
61
16
17
478
307
17930
681
748
567
4021
958
424
430
1528
13
198
1031
262
653
39752
5313
25
695
262
653
8439
9861
513
10300
539
20791
1834
11
321
567
1902
8026
303
1906
11
198
262
653
567
628
958
8476
15019
1332
25
198
262
653
11002
957
60
283
7776
2695
310
8026
9861
220
15
310
585
12
16
198
262
653
1946
12204
11002
957
1089
567
2814
279
1483
6937
17661
9861
498
73
11
585
12
16
60
318
2073
2564
580
8
198
262
653
561
42304
1834
364
411
6937
1902
381
2518
1866
18797
27430
3681
14244
2387
321
2518
318
4119
30024
16271
478
830
8
198
262
653
1921
567
1459
914
3627
1483
30024
16271
303
279
1528
13
198
1031
262
653
68563
25
1690
279
1483
6937
498
73
11
585
12
16
1089
279
22113
42304
1834
369
25
198
262
653
1866
18797
27430
3681
1089
1483
30024
16271
478
830
8
198
262
653
1921
2394
567
1459
914
3627
1483
30024
16271
11
567
1144
310
37781
13
198
1031
262
653
32645
11
567
628
311
6550
25
695
262
653
6558
11002
957
60
283
7776
2695
310
8026
1118
585
9861
11
321
567
3172
3436
524
1066
279
2695
198
262
653
694
1048
279
28689
3102
1483
42304
1834
421
79744
411
2695
30
695
262
653
2233
11
1521
264
4918
2695
2493
2070
264
2843
42304
1834
864
1362
381
22957
13
198
1031
262
653
22703
5313
25
8439
307
369
2526
318
7946
16
15
15
681
567
628
958
11002
957
60
283
7776
2695
310
8026
1118
585
9861
11
198
262
653
321
948
23470
11002
957
1089
567
1380
660
3102
1483
6937
11930
318
16
310
580
8
321
660
3102
198
262
653
42304
2756
30
1921
42304
2756
513
632
63471
13
198
1031
262
653
5141
21254
25
1690
264
6937
17661
9861
498
73
11
585
12
16
1089
279
22113
42304
1834
369
25
198
262
653
1866
18797
27430
3681
1089
1483
30024
16271
478
830
8
198
262
653
1921
2394
567
1318
310
28377
2695
11
321
2695
12339
440
42304
1834
11
198
262
653
567
1000
4992
279
23856
2610
42304
1834
13
198
262
653
4213
11
279
1483
30024
16271
13402
383
279
3555
6937
579
42304
1834
13
198
1031
262
653
1165
628
958
264
2086
1528
25
11002
957
60
283
7776
2695
310
8026
1118
585
9861
11
695
262
653
694
567
1048
1144
310
1366
279
42304
1834
314
279
1483
6937
310
27247
279
12558
13
198
262
653
8439
279
42304
1834
364
264
6937
498
73
11
585
12
16
60
369
10521
539
25
198
262
653
256
274
283
1866
18797
27430
3681
1089
3555
30024
16271
478
830
8
198
262
653
321
567
1318
310
28377
279
2702
2695
11
567
628
1380
310
3436
364
1754
585
11
198
262
653
264
1103
314
318
15958
11
1483
30024
16271
8
13139
421
513
71662
951
22113
318
14344
2695
321
4570
1483
30024
16271
553
198
262
653
1921
307
369
2526
11
748
567
628
1380
310
958
11002
957
60
283
7776
2695
11
321
24358
12204
198
262
653
279
28689
3102
1483
42304
1834
364
421
2695
30
2717
29350
13
198
1031
262
653
39752
25
8439
279
1324
314
9861
369
2526
318
7946
16
15
15
681
567
628
958
48575
440
20781
1954
198
262
653
1332
279
1528
369
318
72
11
1483
30024
16271
553
1921
1483
30024
16271
628
381
3349
13
198
1031
262
653
4213
11
5020
421
279
42304
1834
364
264
6937
369
2590
799
314
25
198
262
653
256
471
1906
27430
3681
60
364
1010
492
318
1719
1118
1906
303
279
6937
8
198
262
653
256
471
466
318
14265
3555
42304
1834
8
478
830
198
262
653
1541
279
3555
42304
1834
369
1048
314
279
1788
1304
13
198
262
653
1987
279
42304
2756
513
314
279
1304
25
1906
27430
3681
60
478
295
17930
364
1010
7308
295
9628
15
13
198
262
653
1921
279
1324
314
1680
2756
628
381
3349
13
198
1031
262
653
12908
19407
25
561
22113
42304
1834
364
279
1483
6937
498
73
11
585
12
16
60
369
25
198
262
653
256
274
283
1866
18797
27430
3681
1089
1483
30024
16271
478
830
8
198
262
653
321
567
1318
310
28377
279
2702
2695
13
695
262
653
23961
421
364
264
8097
492
321
585
11
279
2695
314
279
1483
6937
369
7459
303
1483
30024
16271
13
198
262
653
1987
413
567
599
1330
5134
506
1857
492
440
6829
272
16
321
272
17
11
321
1483
42304
2756
293
16
321
293
17
11
198
262
653
440
272
16
2564
272
17
321
293
16
2564
293
17
11
1179
1528
16
369
2577
303
1396
1560
13
198
262
653
1987
567
628
10000
364
1754
585
11
264
1103
314
318
15958
11
1483
30024
16271
8
421
513
2397
86542
13
198
262
653
8439
307
369
2526
11
279
1324
314
2397
86542
5134
1220
381
67657
13
198
1031
262
653
6558
579
4072
440
11002
957
60
283
1103
314
318
15958
11
1483
30024
16271
8
364
11268
1118
585
9861
13
198
262
653
1165
1151
440
11002
58
15
60
283
17294
15
11
471
16
7025
694
567
1144
264
2255
364
279
12558
13
32645
11
279
1118
42304
198
262
653
682
874
3555
12558
20908
11
748
567
628
716
1483
30024
16271
283
471
77258
364
279
2255
13
198
262
653
1921
310
5471
7968
11
567
628
958
1483
30024
16271
283
220
15
321
5020
421
279
1118
42304
1834
1902
381
2518
1906
27430
58
15
906
198
262
653
32645
11
567
628
716
279
2255
1528
430
318
15
11
471
87
8
748
421
279
1118
42304
1834
283
1866
18797
27430
58
15
1089
471
87
36641
8
283
1906
27430
58
15
906
198
262
653
1921
471
87
2493
381
7968
321
1906
27430
513
6572
11
748
424
579
6699
13
198
1031
262
653
4213
11
310
381
5902
11
567
628
716
279
2255
1528
430
318
15
11
471
16
15
332
16
23
8
748
421
279
1118
42304
1834
369
10521
539
1906
27430
13
198
1031
262
653
38540
25
198
262
653
11002
58
15
60
283
17294
15
11
471
16
15
332
16
23
7025
198
262
653
1690
585
494
220
16
310
307
25
198
262
653
256
11002
957
60
283
2958
198
262
653
256
1690
492
494
1866
7
15
11
585
12283
8
310
585
12
16
25
220
653
1483
6937
369
498
73
11
585
12
16
60
198
262
653
950
1690
1754
318
9590
15422
11
7624
16271
8
303
11002
3681
5491
198
262
653
1779
653
561
42304
1834
364
411
6937
1902
381
506
3140
1906
27430
3681
60
321
506
3140
7624
16271
478
830
198
262
653
1779
8026
16271
283
1866
18797
27430
3681
1089
7624
16271
478
830
8
198
262
653
1779
2695
283
7624
15422
478
6937
15422
3216
11
585
11
8026
16271
8
198
262
653
1779
2604
318
15958
11
8026
16271
8
310
11002
957
60
198
262
653
256
4844
3921
28731
5134
494
11002
957
5491
695
262
653
950
15495
539
2695
11
1179
539
8026
16271
13
13262
1132
5134
1332
413
2695
16
361
2695
17
1179
8026
16271
16
628
381
3977
11
198
262
653
950
694
413
2695
16
606
2695
17
11
2426
279
799
440
8882
8026
16271
13
198
262
653
950
32645
11
567
1318
2397
86542
25
1528
357
80018
1528
417
413
357
37869
2564
417
37869
321
357
48882
16271
2564
417
48882
16271
198
262
653
950
321
318
32
37869
361
417
37869
466
357
48882
16271
361
417
48882
16271
8
198
262
653
950
1987
567
2426
1528
357
413
1017
369
874
1528
417
303
279
1103
1680
421
417
37869
2564
357
37869
321
417
48882
16271
2564
357
48882
16271
321
318
33
37869
361
357
37869
466
417
48882
16271
361
357
48882
16271
8
198
262
653
950
1165
628
3269
539
2695
34217
11
1179
539
8026
16271
34217
11
321
1179
36303
310
2426
1132
1782
421
599
24660
7459
8026
16271
30
695
262
653
950
32645
11
413
567
3269
539
2695
34217
11
1179
364
279
1788
2695
567
1831
279
23856
8026
16271
13
4844
567
36303
321
413
279
1727
1528
682
264
7875
2695
694
1048
264
7875
8026
16271
11
567
2426
424
30
695
262
653
950
1921
413
567
599
318
15958
16
11
1834
16
8
321
318
15958
17
11
1834
17
8
440
2695
16
361
2695
17
321
1834
16
361
1834
17
11
1179
2107
513
2397
86542
13
198
262
653
950
4213
11
413
2695
16
361
2695
17
321
1834
16
835
1834
17
11
1179
1528
17
2493
381
2577
364
3725
318
26756
8882
1834
5954
6575
1727
42304
8
694
1528
16
682
4570
2695
13
1987
2107
513
2397
86542
13
198
262
653
950
1987
567
4021
4777
3921
799
13
1165
599
310
2426
660
2397
86542
5134
13
198
262
653
950
561
1324
314
2397
86542
5134
2493
381
3349
30
1921
5020
421
307
369
1132
220
16
15
15
11
321
580
7946
77
11
748
279
1324
314
5134
791
585
2493
381
496
1889
8
466
496
1889
61
17
553
695
262
653
950
8439
585
7946
16
15
15
11
279
2702
5134
2493
381
20895
13
198
1031
262
653
6558
579
4072
440
82253
25
364
1754
585
11
567
2426
264
1103
314
318
15958
11
8026
16271
8
321
3921
28731
5981
13
198
262
653
357
1528
318
66
16
11
293
16
8
369
28731
539
318
66
17
11
293
17
8
413
272
17
2564
272
16
321
293
17
2564
293
16
321
318
66
17
361
272
16
466
293
17
361
293
16
553
198
262
653
1165
628
635
25
3269
539
2695
34217
11
1179
539
8026
16271
34217
13
4844
36303
321
2426
264
1528
1132
413
1141
8026
16271
369
2599
1056
279
7776
8026
16271
3753
748
2944
364
4570
6829
30
695
262
653
32645
11
874
25
567
1318
310
2426
264
1528
413
1017
369
874
975
1528
440
2107
2695
321
8026
16271
2564
13
695
262
653
1165
628
635
25
695
262
653
256
5134
283
10300
1103
539
2695
11
1179
539
8026
16271
198
262
653
256
17748
283
2958
198
262
653
256
1262
16271
283
53064
198
262
653
256
364
272
11
293
303
5134
25
198
262
653
950
413
293
361
1262
16271
25
198
262
653
1779
17748
1989
1148
66
11
293
578
198
262
653
1779
1262
16271
283
293
198
262
653
256
1921
5020
25
413
567
599
318
16
15
11
220
17
15
8
321
318
16
20
11
220
16
15
681
1179
318
16
15
11
17
15
8
369
524
28731
539
318
16
20
11
16
15
8
1521
220
16
20
29
16
15
13
1541
318
16
20
11
16
15
8
369
524
28731
539
318
16
15
11
17
15
8
1521
220
16
15
27
17
15
694
220
16
20
29
16
15
13
1987
2107
513
8341
13
198
262
653
256
4213
11
303
279
10300
1906
318
1634
2695
1590
318
16
15
11
17
15
681
318
16
20
11
16
15
553
695
262
653
256
3095
567
1436
318
16
15
11
17
15
1590
1262
16271
28
17
15
11
567
2426
424
13
198
262
653
256
4844
318
16
20
11
16
15
1590
220
16
15
361
220
17
15
11
748
567
2426
424
321
1262
16271
28
16
15
13
198
262
653
256
1061
6486
2107
13
198
262
653
256
1921
1092
413
567
599
318
16
15
11
220
16
15
8
321
318
16
20
11
220
17
15
11504
695
262
653
950
318
16
15
11
16
15
1590
1262
16271
28
16
15
11
2426
13
198
262
653
950
318
16
20
11
17
15
1590
220
17
15
9628
16
15
11
748
10390
30
1921
318
16
20
11
17
15
8
369
524
28731
539
318
16
15
11
16
15
8
1521
220
16
20
29
16
15
321
220
17
15
29
16
15
30
32645
11
318
16
15
11
16
15
8
80018
318
16
20
11
17
15
8
1521
220
16
15
7946
16
20
321
220
16
15
7946
17
15
321
318
16
15
27
16
20
466
220
16
15
27
17
15
553
1987
567
1220
10390
318
16
20
11
17
15
553
198
262
653
256
1987
279
28701
25
695
262
653
950
3269
539
2695
34217
11
1179
539
8026
16271
34217
13
198
262
653
950
4844
36303
321
2426
264
1528
1132
413
1141
8026
16271
369
24660
2599
1056
279
7776
8026
16271
314
660
5134
440
4570
2695
30
695
262
653
950
32645
11
567
1318
310
3921
1528
318
66
11650
8
413
1017
6513
264
1528
318
66
504
67
837
440
272
6
7946
66
321
293
6
7946
67
321
318
66
504
67
837
931
318
66
11650
553
198
262
653
950
733
10300
1906
318
1634
272
1179
293
681
413
567
599
264
1528
318
66
11650
8
321
279
1428
7776
293
3753
748
2944
318
1445
5134
440
2695
2564
272
8
369
2564
293
11
1179
318
66
11650
8
369
28731
539
279
1528
421
716
421
7776
30
695
262
653
950
1921
5020
25
279
1528
421
716
279
7776
293
2493
599
2695
361
272
11
748
424
80018
318
66
11650
8
413
293
6
7946
67
13
695
262
653
950
1987
25
695
262
653
1779
1262
788
283
53064
198
262
653
1779
364
272
11
293
303
10300
22257
25
198
262
653
2215
413
293
361
1262
788
25
198
262
653
4152
2426
318
66
11650
8
198
262
653
4152
1262
788
283
293
198
262
653
950
1061
668
2426
279
5134
421
513
2397
86542
30
695
262
653
950
12996
25
318
16
15
11
16
15
681
318
16
15
11
17
15
8
1411
10300
25
318
16
15
11
16
15
681
318
16
15
11
17
15
8
198
262
653
1779
318
16
15
11
16
15
1590
1262
788
28
16
15
11
2426
13
198
262
653
1779
318
16
15
11
17
15
1590
220
17
15
9628
16
15
1411
10390
13
38643
1521
318
16
15
11
16
15
8
80018
318
16
15
11
17
15
553
198
262
653
950
12996
25
318
16
15
11
17
15
681
318
16
20
11
16
15
8
1411
10300
25
318
16
15
11
17
15
681
318
16
20
11
16
15
8
198
262
653
1779
318
16
15
11
17
15
1590
1262
788
28
17
15
11
2426
13
198
262
653
1779
318
16
20
11
16
15
1590
220
16
15
27
17
15
1411
2426
11
1262
788
28
16
15
13
198
262
653
950
12996
25
318
16
15
11
16
15
681
318
16
20
11
17
15
8
1411
10300
25
318
16
15
11
16
15
681
318
16
20
11
17
15
8
198
262
653
1779
318
16
15
11
16
15
1590
1262
788
28
16
15
11
2426
13
198
262
653
1779
318
16
20
11
17
15
1590
220
17
15
9628
16
15
1411
10390
13
38643
1521
318
16
15
11
16
15
8
80018
318
16
20
11
17
15
553
198
262
653
950
12996
25
318
16
15
11
17
15
681
318
16
20
11
16
20
8
1411
10300
25
318
16
15
11
17
15
681
318
16
20
11
16
20
8
198
262
653
1779
318
16
15
11
17
15
1590
1262
788
28
17
15
11
2426
13
198
262
653
1779
318
16
20
11
16
20
1590
220
16
20
27
17
15
1411
2426
11
1262
788
28
16
20
13
198
262
653
950
1061
4816
4252
25
567
2426
264
1528
1132
413
424
682
264
8882
8026
16271
1056
866
1528
440
4570
466
5951
2695
318
429
567
1817
303
7459
2695
11
748
567
513
25456
310
5134
440
4570
2695
321
1788
2695
440
8882
8026
16271
553
198
262
653
950
1921
5020
25
364
1788
2695
11
567
10300
539
8026
16271
34217
11
748
279
1118
1528
440
421
2695
682
279
23856
8026
16271
321
668
716
1262
788
11
321
279
2645
440
1788
2695
668
381
33993
13
38643
13
198
1031
262
653
1987
279
3019
25
198
262
653
11002
58
15
60
283
17294
15
11
471
16
15
332
16
23
7025
220
653
694
567
1144
264
1546
2526
1324
13
8439
1906
27430
513
506
3140
220
16
11
321
830
9628
16
11
567
628
958
471
16
15
332
16
23
13
198
262
653
4213
11
5020
25
8026
16271
283
1866
18797
27430
3681
1089
7624
16271
36641
553
1368
7624
16271
369
471
16
15
332
16
23
11
1179
7624
16271
36641
369
1990
1546
7968
11
748
8026
16271
283
1906
27430
3681
906
38643
13
198
1031
262
653
1921
279
3377
25
279
4947
628
381
3349
318
1310
27430
685
310
220
16
15
61
16
17
11
830
685
310
220
16
15
61
24
11
321
307
685
310
220
16
15
15
11
748
2702
2695
628
381
2094
220
16
15
61
16
17
348
220
16
15
15
283
220
16
15
61
16
19
11
864
17759
303
12654
514
553
198
1031
262
653
6558
579
1970
26211
13
198
1031
262
33815
283
220
16
15
332
18
15
198
262
11002
283
498
2958
364
696
303
2020
1393
10
16
8
2205
198
262
11002
58
15
60
283
17294
15
11
471
35205
7025
220
653
2695
28
15
11
1483
30024
16271
283
471
35205
318
684
421
1118
42304
1834
369
1906
27430
58
15
2387
198
1031
262
653
4807
26808
8978
35195
364
6937
2695
198
262
8978
9858
283
498
15
60
348
318
77
10
16
8
198
262
364
585
303
2020
1393
1590
198
285
8978
9858
957
10
16
60
283
8978
9858
957
60
478
1906
27430
957
60
198
1031
262
364
585
303
2020
7
16
11
307
10
16
1590
198
285
653
20495
1483
6937
494
492
310
585
12
16
11
1332
492
494
1866
7
15
11
585
12283
8
310
585
12
16
198
285
5134
283
2958
198
285
364
492
303
2020
8474
7
15
11
585
12283
681
585
1590
198
309
653
561
6937
14103
9861
498
73
11
585
12
16
60
198
309
653
561
1324
314
9861
303
6937
283
585
471
492
198
309
653
561
42304
1834
1902
381
506
3140
1906
27430
3681
60
318
1719
1118
1906
303
279
6937
8
321
506
3140
318
9590
16271
478
830
8
198
309
364
7624
15422
11
7624
16271
303
11002
3681
5491
198
388
8026
16271
283
1866
18797
27430
3681
1089
7624
16271
478
830
8
198
388
653
19892
2695
364
411
6937
198
388
1698
283
585
471
492
198
388
6937
788
1003
49546
283
1698
348
8026
16271
471
318
11510
9858
957
60
471
8978
9858
3681
2387
198
388
2702
15422
283
7624
15422
478
6937
788
1003
49546
198
388
5134
1989
1148
4873
15422
11
8026
16271
578
198
1726
285
653
4543
3915
2397
86542
5134
198
285
653
15495
539
2695
34217
11
1179
539
8026
16271
34217
198
285
5134
10299
4702
26612
830
25
318
87
58
15
1089
830
58
16
9087
198
285
17748
283
2958
198
285
1262
16271
283
33815
198
285
364
2695
11
1834
303
5134
25
198
309
413
1834
361
1262
16271
25
198
388
17748
1989
1148
15958
11
1834
578
198
388
1262
16271
283
1834
198
285
11002
957
60
283
17748
6987
262
653
561
4087
369
279
7776
2695
303
11002
7426
60
198
262
413
524
11002
7426
5491
198
285
460
220
15
220
653
11910
524
3420
198
262
460
1262
60048
364
2695
11
696
303
11002
7426
2387
198
71093
248046
198
248045
846
198
7525
3555
4621
4490
279
6813
13
5514
579
279
1412
25
198
6347
1371
318
3444
3110
1562
1483
1590
198
220
2793
34397
3233
37
74
20547
56
71
35653
6971
487
1500
220
17
23
16
11
303
361
4211
29
198
262
1716
13741
3188
51757
788
1003
49546
8
198
220
2793
34397
3233
37
74
20547
56
71
35653
6971
487
1500
220
18
15
11
303
1716
198
262
1992
8871
7
20
11
220
17
11
220
18
11
498
16
11
220
20
11
220
21
11
220
16
15
11
220
16
17
2387
606
220
17
198
1779
6108
59641
59641
59641
59641
59641
59641
59641
59641
59641
59641
61
198
66317
1401
14200
1206
311
40138
11
411
369
678
3274
25
4310
279
2614
709
11618
321
4479
889
11
6999
4072
279
709
7246
321
1440
660
279
6813
13
2972
5683
4045
67305
3067
13209
50
159029
271
2523
1220
14623
279
1970
488
10490
303
264
64504
1970
2424
318
784
9609
31789
318
19458
668
31153
279
3889
5568
8
248046
198
248045
74455
198
248068
271
248069
271
760
4125
303
279
3555
7873
557
303
279
8476
15019
1528
8869
13
43274
11
948
36370
279
2695
364
264
6937
314
9861
11
279
1510
5102
16271
63
557
12083
10521
430
1510
2721
18797
27430
3681
1089
7624
16271
478
830
8
7561
694
279
93451
21261
364
279
6937
557
45341
303
1204
424
39407
364
279
20908
421
660
9861
303
279
6937
1902
381
26380
383
466
1238
836
18919
20791
2756
13
271
10883
11
279
1822
19214
1412
557
3404
33153
25
279
3377
5134
248046
198