248045
846
198
4274
279
2614
709
11618
321
4479
889
11
6999
4072
279
709
7246
321
1440
660
279
6813
13
2972
5683
4045
67305
3067
13209
50
159029
271
2523
1220
14623
279
1970
488
10490
303
264
64504
1970
2424
318
784
9609
31789
318
19458
668
31153
279
3889
5568
8
271
71093
198
1445
18904
1120
1697
11
11906
11
23846
1358
727
1423
3430
3650
9858
1393
25
514
11
830
25
514
11
264
25
1697
18078
2387
1411
11906
19723
5871
18078
11
514
11
514
4891
25
198
262
4071
15767
449
7308
8240
357
321
449
7308
1543
11
1423
799
22983
314
14505
318
72
11
492
11
580
8
198
262
1680
421
25
198
262
471
220
16
2564
585
361
492
361
580
2564
307
198
262
471
357
957
12
16
60
478
357
3681
12
16
60
478
357
6521
12
16
60
283
830
6987
262
6817
25
561
14505
5743
513
220
16
5792
318
85978
279
3377
4952
553
198
1031
262
17167
25
198
285
307
25
561
2984
314
279
8240
318
18
2564
307
2564
220
16
15
61
21
8
198
285
830
25
561
2100
2542
318
16
2564
830
2564
220
16
15
61
21
8
198
285
264
25
561
7308
8240
1332
1754
2315
65611
220
16
2564
264
957
60
2564
830
6987
262
5019
25
198
285
357
13992
318
72
11
492
11
580
8
314
220
16
5792
14505
413
1680
264
22983
6513
11
2168
5752
13
198
1031
262
11765
1423
3430
3650
9858
7
20
11
220
16
21
11
498
16
11
220
23
11
220
20
11
220
16
15
11
220
16
18
2387
198
262
318
16
11
220
18
11
220
19
8
198
262
11765
1423
3430
3650
9858
7
20
11
220
17
15
11
498
16
11
220
23
11
220
20
11
220
16
15
11
220
16
18
2387
198
262
2168
198
262
11765
1423
3430
3650
9858
7
18
11
220
21
11
498
17
11
220
17
11
220
17
2387
198
262
318
16
11
220
17
11
220
18
8
198
262
4071
271
727
1716
69574
1590
198
262
653
3284
1105
220
16
198
262
1992
8871
7
20
11
220
16
21
11
498
16
11
220
23
11
220
20
11
220
16
15
11
220
16
18
2387
606
318
16
11
220
18
11
220
19
8
198
1031
262
653
3284
1105
220
17
198
262
1992
8871
7
20
11
220
17
15
11
498
16
11
220
23
11
220
20
11
220
16
15
11
220
16
18
2387
369
2168
6987
262
653
3284
1105
220
18
198
262
1992
8871
7
16
15
11
220
16
15
15
15
15
15
11
498
22
18
22
21
21
11
220
19
22
22
16
23
11
220
22
19
16
19
23
11
220
19
24
17
16
23
11
220
22
21
22
17
16
11
220
18
16
24
15
17
11
220
17
16
24
24
19
11
220
16
23
23
23
15
11
220
17
24
20
24
23
11
220
24
23
24
16
22
2387
606
318
19
11
220
21
11
220
23
8
198
1031
262
653
3284
1105
220
19
198
262
1992
8871
7
16
15
11
220
19
23
11
498
16
16
11
220
17
23
11
220
16
21
11
220
21
11
220
18
19
11
220
16
11
220
19
21
11
220
16
11
220
16
20
11
220
17
2387
606
318
21
11
220
22
11
220
23
8
198
1031
262
653
3284
1105
220
20
198
262
1992
8871
7
18
11
220
20
11
498
16
11
220
17
11
220
18
2387
369
2168
6987
262
653
3284
1105
220
21
198
262
1992
8871
7
20
11
220
16
17
11
498
16
16
11
220
16
16
11
220
16
15
11
220
16
17
11
220
16
16
2387
369
2168
6987
262
653
3284
1105
220
22
198
262
1992
8871
7
22
11
220
19
11
498
17
11
220
18
11
220
19
11
220
17
11
220
17
11
220
17
11
220
19
2387
369
2168
6987
262
653
3284
1105
220
23
198
262
1992
8871
7
18
11
220
21
11
498
17
11
220
17
11
220
17
2387
606
318
16
11
220
17
11
220
18
8
198
1031
262
653
3284
1105
220
24
198
262
1992
8871
7
22
11
220
21
11
498
16
11
220
17
11
220
18
11
220
19
11
220
19
11
220
19
11
220
19
2387
606
318
16
11
220
17
11
220
18
8
198
1031
262
653
3284
1105
220
16
15
198
262
1992
8871
7
20
11
220
17
11
498
17
11
220
17
11
220
17
11
220
17
11
220
17
2387
369
2168
6987
262
653
3284
1105
220
16
16
198
262
1992
8871
7
21
11
220
18
11
498
16
11
220
16
11
220
16
11
220
16
11
220
16
11
220
16
2387
606
318
16
11
220
17
11
220
18
8
198
1031
262
653
3284
1105
220
16
17
198
262
1067
283
8871
7
16
15
11
220
17
16
11
498
17
16
11
220
16
24
11
220
17
15
11
220
16
24
11
220
17
15
11
220
17
16
11
220
16
24
11
220
17
16
11
220
16
24
11
220
16
24
2387
198
262
1992
1067
369
2168
6987
262
653
3284
1105
220
16
18
198
262
1992
8871
7
18
11
220
16
18
11
498
16
17
11
220
16
16
11
220
16
17
2387
369
2168
6987
262
653
3284
1105
220
16
19
198
262
1992
8871
7
20
11
220
17
16
11
498
16
20
11
220
16
11
220
16
24
11
220
16
19
11
220
16
2387
606
318
17
11
220
18
11
220
20
8
198
1031
262
653
3284
1105
220
16
20
198
262
1992
8871
7
21
11
220
18
17
11
498
16
11
220
16
22
11
220
16
11
220
18
15
11
220
16
17
11
220
16
15
2387
606
318
16
11
220
18
11
220
19
8
198
1031
262
653
3284
1105
220
16
21
198
262
1992
8871
7
18
11
220
19
19
11
498
16
11
220
16
11
220
19
17
2387
606
318
16
11
220
17
11
220
18
8
198
1031
262
653
3284
1105
220
16
22
198
262
1992
8871
7
20
11
220
17
24
11
498
17
11
220
16
11
220
17
22
11
220
16
11
220
17
20
2387
606
318
17
11
220
18
11
220
19
8
198
1031
262
653
3284
1105
220
16
23
198
262
1992
8871
7
23
11
220
16
20
11
498
16
18
11
220
16
17
11
220
16
15
11
220
16
16
11
220
16
19
11
220
16
11
220
16
11
220
16
18
2387
606
318
16
11
220
21
11
220
22
8
198
1031
262
653
3284
1105
220
16
24
198
262
1992
8871
7
22
11
220
19
11
498
18
11
220
16
11
220
17
11
220
19
11
220
17
11
220
16
11
220
16
2387
606
318
17
11
220
18
11
220
21
8
198
1031
262
653
3284
1105
220
17
15
198
262
1992
8871
7
22
11
220
16
21
11
498
16
20
11
220
16
21
11
220
16
21
11
220
16
20
11
220
16
21
11
220
16
19
11
220
16
20
2387
369
2168
271
2
5272
1716
32821
3430
3650
9858
8
310
1542
6813
13
198
71093
248046
198
248045
74455
198
71093
12305
198
1445
18904
1120
1697
11
11906
11
23846
1358
727
1423
3430
3650
9858
1393
25
514
11
830
25
514
11
264
25
1697
18078
2387
1411
11906
19723
5871
18078
11
514
11
514
4891
25
198
262
4071
15767
449
7308
8240
357
321
449
7308
1543
11
1423
799
22983
314
14505
318
72
11
492
11
580
8
198
262
1680
421
25
198
262
471
220
16
2564
585
361
492
361
580
2564
307
198
262
471
357
957
12
16
60
478
357
3681
12
16
60
478
357
6521
12
16
60
283
830
6987
262
6817
25
561
14505
5743
513
220
16
5792
318
85978
279
3377
4952
553
198
1031
262
17167
25
198
285
307
25
561
2984
314
279
8240
318
18
2564
307
2564
220
16
15
61
21
8
198
285
830
25
561
2100
2542
318
16
2564
830
2564
220
16
15
61
21
8
198
285
264
25
561
7308
8240
1332
1754
2315
65611
220
16
2564
264
957
60
2564
830
6987
262
5019
25
198
285
357
13992
318
72
11
492
11
580
8
314
220
16
5792
14505
413
1680
264
22983
6513
11
2168
5752
13
198
1031
262
11765
1423
3430
3650
9858
7
20
11
220
16
21
11
498
16
11
220
23
11
220
20
11
220
16
15
11
220
16
18
2387
198
262
318
16
11
220
18
11
220
19
8
198
262
11765
1423
3430
3650
9858
7
20
11
220
17
15
11
498
16
11
220
23
11
220
20
11
220
16
15
11
220
16
18
2387
198
262
2168
198
262
11765
1423
3430
3650
9858
7
18
11
220
21
11
498
17
11
220
17
11
220
17
2387
198
262
318
16
11
220
17
11
220
18
8
198
262
4071
198
262
653
4091
264
1103
314
43716
25
318
927
11
3889
3442
8
198
262
29582
4165
283
17294
64
957
1089
585
8
364
585
303
2020
1393
7025
198
1031
262
653
15495
3018
383
279
2663
310
7056
279
1330
55755
5313
198
262
29582
4165
10299
4702
26612
280
25
280
58
15
2387
198
1031
262
653
52516
1472
279
1287
11
34082
279
1118
2315
314
279
22983
198
262
364
585
303
2020
1393
471
220
17
1590
198
285
1009
5150
283
29582
4165
957
1404
15
60
198
1726
285
653
55804
25
8439
660
5255
513
2518
220
16
321
10300
11
695
285
653
413
220
18
348
1009
5150
835
830
11
874
6093
628
2905
440
411
466
866
7875
1118
2315
13
198
285
413
1009
5150
348
220
18
835
830
25
198
309
1387
8675
285
2100
283
830
471
1009
5150
8675
285
653
8771
55755
5313
364
279
9376
1330
5255
198
285
2047
283
585
478
220
16
198
285
1245
283
307
471
220
16
8675
285
1345
2047
361
1245
25
198
309
1009
9293
283
29582
4165
44948
1404
15
60
198
309
1009
10226
283
29582
4165
51140
1404
15
60
198
309
1428
9858
283
1009
9293
478
1009
10226
18015
309
413
1428
9858
606
2100
25
198
388
653
11962
279
22983
198
388
6961
16
283
29582
4165
957
1404
16
60
198
388
6961
17
283
29582
4165
44948
1404
16
60
198
388
6961
18
283
29582
4165
51140
1404
16
60
198
6159
388
653
6943
310
220
16
5792
321
3269
310
5790
585
361
492
361
580
198
388
3889
17788
283
10300
2477
6160
16
478
220
16
11
6961
17
478
220
16
11
6961
18
478
220
16
2387
198
388
460
13992
38488
17788
8
198
309
4265
1428
9858
361
2100
25
198
388
2047
1373
220
16
198
309
745
25
198
388
1245
5794
220
16
33006
262
460
2168
198
71093
248046
198
248045
846
198
7525
3555
4621
4490
279
6813
13
5514
579
279
1412
25
198
220
2793
34397
57
23
48
10481
17
622
20
41
6971
487
1500
220
23
24
198
257
248069
198
262
6108
198
32769
1401
25
8060
18890
14200
1206
311
40138
11
411
369
678
3274
25
4310
279
2614
709
11618
321
4479
889
11
6999
4072
279
709
7246
321
1440
660
279
6813
13
2972
5683
4045
67305
3067
13209
50
159029
271
2523
1220
14623
279
1970
488
10490
303
264
64504
1970
2424
318
784
9609
31789
318
19458
668
31153
279
3889
5568
8
248046
198
248045
74455
198
248068
271
248069
271
71093
12305
198
1445
18904
1120
1697
11
11906
11
23846
1358
727
1423
3430
3650
9858
1393
25
514
11
830
25
514
11
264
25
1697
18078
2387
1411
11906
19723
5871
18078
11
514
11
514
4891
25
198
262
4071
15767
449
7308
8240
357
321
449
7308
1543
11
1423
799
22983
314
14505
318
72
11
492
11
580
8
198
262
1680
421
25
198
262
471
220
16
2564
585
361
492
361
580
2564
307
198
262
471
357
957
12
16
60
478
357
3681
12
16
60
478
357
6521
12
16
60
283
830
6987
262
6817
25
561
14505
5743
513
220
16
5792
318
85978
279
3377
4952
553
198
1031
262
17167
25
198
285
307
25
561
2984
314
279
8240
318
18
2564
307
2564
220
16
15
61
21
8
198
285
830
25
561
2100
2542
318
16
2564
830
2564
220
16
15
61
21
8
198
285
264
25
561
7308
8240
1332
1754
2315
65611
220
16
2564
264
957
60
2564
830
6987
262
5019
25
198
285
357
13992
318
72
11
492
11
580
8
314
220
16
5792
14505
413
1680
264
22983
6513
11
2168
5752
13
198
1031
262
11765
1423
3430
3650
9858
7
20
11
220
16
21
11
498
16
11
220
23
11
220
20
11
220
16
15
11
220
16
18
2387
198
262
318
16
11
220
18
11
220
19
8
198
262
11765
1423
3430
3650
9858
7
20
11
220
17
15
11
498
16
11
220
23
11
220
20
11
220
16
15
11
220
16
18
2387
198
262
2168
198
262
11765
1423
3430
3650
9858
7
18
11
220
21
11
498
17
11
220
17
11
220
17
2387
198
262
318
16
11
220
17
11
220
18
8
198
262
4071
198
262
653
4091
264
1103
314
43716
25
318
927
11
3889
3442
8
198
262
29582
4165
283
17294
64
957
1089
585
8
364
585
303
2020
1393
7025
198
1031
262
653
15495
3018
383
279
2663
310
7056
279
1330
55755
5313
198
262
29582
4165
10299
4702
26612
280
25
280
58
15
2387
198
1031
262
653
52516
1472
279
1287
11
34082
279
1118
2315
314
279
22983
198
262
364
585
303
2020
1393
471
220
17
1590
198
285
1009
5150
283
29582
4165
957
1404
15
60
198
1726
285
653
55804
25
8439
660
5255
513
2518
220
16
321
10300
11
695
285
653
413
220
18
348
1009
5150
835
830
11
874
6093
628
2905
440
411
466
866
7875
1118
2315
13
198
285
413
1009
5150
348
220
18
835
830
25
198
309
1387
8675
285
2100
283
830
471
1009
5150
8675
285
653
8771
55755
5313
364
279
9376
1330
5255
198
285
2047
283
585
478
220
16
198
285
1245
283
307
471
220
16
8675
285
1345
2047
361
1245
25
198
309
1009
9293
283
29582
4165
44948
1404
15
60
198
309
1009
10226
283
29582
4165
51140
1404
15
60
198
309
1428
9858
283
1009
9293
478
1009
10226
18015
309
413
1428
9858
606
2100
25
198
388
653
11962
279
22983
198
388
6961
16
283
29582
4165
957
1404
16
60
198
388
6961
17
283
29582
4165
44948
1404
16
60
198
388
6961
18
283
29582
4165
51140
1404
16
60
198
6159
388
653
6943
310
220
16
5792
321
3269
310
5790
585
361
492
361
580
198
388
3889
17788
283
10300
2477
6160
16
478
220
16
11
6961
17
478
220
16
11
6961
18
478
220
16
2387
198
388
460
13992
38488
17788
8
198
309
4265
1428
9858
361
2100
25
198
388
2047
1373
220
16
198
309
745
25
198
388
1245
5794
220
16
33006
262
460
2168
198
71093
248046
198