255000
255004
255012
8928
9460
436
2837
304
361
7528
306
4273
361
86428
498
13845
1181
420
1756
14134
638
17
1532
642
3032
10855
352
11828
16
29845
16
420
12077
2269
4131
304
6126
12283
18
1532
642
516
2483
2269
386
341
20243
420
1387
361
1161
304
3866
7431
382
8928
9460
8490
396
593
31768
16
689
724
530
361
86428
297
13845
1181
420
1756
14134
638
17
4520
1227
341
5464
28760
7654
388
17
1532
436
265
2927
4001
2045
6120
498
169990
422
382
7
15420
24293
203
3080
4605
203
63
300
1391
3080
255013
255001
255000
255002
255012
6534
277
2165
1154
16607
306
194863
16
7095
3138
277
1154
4546
306
1717
616
277
6292
18
1995
5677
4222
59947
5533
213288
28430
3039
1196
18523
277
2363
385
11116
297
265
127068
2363
2732
344
826
22057
13
344
22310
642
61694
277
4607
5442
994
5640
3161
23225
1250
3914
2390
1847
1682
12932
25394
95083
56046
30
3914
37990
6577
2649
853
638
298
11192
9837
277
1435
302
15278
302
1713
61226
10037
1860
344
26181
21
16
30358
22
13
302
27166
386
22465
638
298
225
21
18
461
10037
1860
30358
21
306
30358
22
436
77921
344
1612
3591
302
27166
341
2670
1360
1019
465
298
225
22
18
461
177431
302
277
5015
302
30358
21
341
6792
304
277
177431
302
277
5015
302
30358
22
19964
298
7448
277
2983
1435
302
1175
15278
68437
225
622
66
29
692
225
27
388
2458
298
35685
638
348
27166
30
1401
11795
4173
1207
225
21
6758
6441
56046
13
6758
225
2393
306
225
21
6758
27166
2943
65
6758
225
2393
19964
298
11341
638
348
461
1435
302
4080
138394
15278
68437
225
622
66
29
692
225
27
19964
298
25436
1682
12932
25394
95083
6336
21
16
225
22
16
225
23
16
225
24
7204
298
225
622
203
298
25436
1682
12932
25394
95083
6336
622
16
225
696
16
225
963
7204
298
225
22
203
298
25436
1682
12932
25394
95083
6336
21
16
225
21
16
225
21
16
225
21
7204
298
225
1120
203
298
33328
1847
2292
180005
2407
298
905
18632
7120
499
2746
6434
203
298
3999
12578
6336
21
16
225
22
16
225
23
16
225
24
6577
1377
225
622
203
298
3999
12578
6336
622
16
225
696
16
225
963
6577
1377
225
22
203
298
3999
12578
6336
21
16
225
21
16
225
21
16
225
21
6577
1377
225
1120
19964
298
905
18288
2479
4027
203
298
3999
12578
6336
26
6577
1377
225
20
203
298
3999
12578
6336
29
6577
1377
225
20
203
298
3999
12578
6336
28
6577
1377
225
20
203
298
3999
12578
6336
23
6577
1377
225
20
203
298
3999
12578
6336
22
6577
1377
225
20
203
298
3999
12578
6336
27
6577
1377
225
20
203
298
3999
12578
6336
24
6577
1377
225
20
19964
298
905
9830
2479
4027
203
298
3999
12578
6336
27
16
225
22
6577
1377
225
20
203
298
3999
12578
6336
21
16
225
28
6577
1377
225
20
203
298
3999
12578
6336
28
16
225
26
6577
1377
225
20
203
298
3999
12578
6336
28
16
225
27
6577
1377
225
20
203
298
3999
12578
6336
21
16
225
26
6577
1377
225
20
203
298
3999
12578
6336
29
16
225
21
6577
1377
225
20
203
298
3999
12578
6336
27
16
225
28
6577
1377
225
20
203
298
3999
12578
6336
622
16
225
24
6577
1377
225
20
203
298
3999
12578
6336
27
16
225
27
6577
1377
225
22
203
298
3999
12578
6336
28
16
225
21
6577
1377
225
20
203
298
3999
12578
6336
622
16
225
26
6577
1377
225
20
19964
298
905
89978
1310
4027
203
298
3999
12578
6336
11529
16
12873
16
13197
16
10844
16
12873
16
12873
16
9652
16
2393
16
9652
16
12873
16
12257
16
9652
16
12806
16
12806
16
11529
16
12806
16
2393
16
15414
16
14731
16
12257
16
2393
16
11529
16
12873
16
13197
16
14731
16
9652
16
2393
16
14731
16
11529
16
15711
16
14731
16
10844
16
2393
16
9652
16
10844
16
12806
16
13197
16
10844
16
2393
16
10844
16
12873
16
15414
16
15414
16
14731
16
14731
16
13197
16
15414
16
12873
16
12806
16
2393
16
11529
16
2393
16
12806
16
12806
16
12873
16
15711
16
15414
16
12257
16
15711
16
15414
16
10844
16
13197
16
9652
16
14731
16
9652
16
12806
16
15414
16
12873
16
12806
16
2393
6577
1377
225
23434
23717
15708
19964
298
3999
12578
6336
2393
16
1296
16
948
16
23
16
2393
16
1296
16
948
16
23
16
2393
16
1296
16
948
16
23
16
2393
16
1296
16
948
16
23
16
2393
16
1296
16
948
16
23
16
2393
16
1296
16
948
16
23
16
2393
16
1296
16
948
16
23
16
2393
16
1296
16
948
16
23
16
2393
16
1296
16
948
16
23
16
2393
16
1296
16
948
16
23
16
2393
16
1296
16
948
16
23
16
2393
16
1296
16
948
16
23
16
2393
16
1296
16
948
16
23
16
2393
16
1296
16
948
16
23
16
2393
16
1296
16
948
16
23
16
2393
16
1296
16
948
16
23
16
2393
16
1296
16
948
16
23
16
2393
16
1296
16
948
16
23
16
2393
16
1296
16
948
16
23
16
2393
16
1296
16
948
16
23
16
2393
16
1296
16
948
16
23
16
2393
16
1296
16
948
16
23
16
2393
16
1296
16
948
16
23
16
2393
16
1296
16
948
16
23
16
2393
16
1296
16
948
16
23
6577
1377
225
16646
26455
23959
19964
298
3999
12578
6336
1449
16
1575
16
1336
16
1592
16
1336
16
1592
16
696
16
1449
16
1592
16
963
16
963
16
1336
16
1199
16
1199
16
696
16
948
16
1592
16
1336
16
1592
16
1710
16
1748
16
1449
16
1449
16
1592
16
1670
16
1575
16
1592
16
696
16
1575
16
1710
16
1336
16
1592
16
1199
16
1575
16
696
16
1199
16
1710
16
696
16
1748
16
1199
16
1336
16
696
16
1199
16
1592
16
963
16
1748
16
1710
16
948
16
1336
16
1336
16
1592
16
1199
16
1336
16
1748
16
1336
16
948
16
948
16
1449
16
948
16
1199
16
1670
16
1710
16
1575
16
948
16
1670
16
696
16
1199
16
1592
16
1592
16
1449
16
696
16
1199
16
1449
16
1710
16
1199
6577
1377
225
2281
12257
19038
19964
298
3999
12578
6336
1748
16
1710
16
1748
16
948
16
1449
16
1592
16
1592
16
1748
16
696
16
1575
16
1670
16
963
16
1199
16
1199
16
1670
16
1336
16
1748
16
1575
16
696
16
1336
16
1449
16
963
16
1592
16
963
16
1199
16
963
16
1199
16
1199
16
948
16
963
16
1336
16
1748
16
1449
16
963
16
696
16
1575
16
696
16
1748
16
1592
16
1336
16
1199
16
1575
16
1592
16
696
16
948
16
1710
16
1575
16
1710
16
1336
16
1575
16
1748
16
696
16
1592
16
1748
16
1336
16
1336
16
963
16
1199
16
948
16
696
16
1748
16
696
16
1449
16
1710
16
1199
16
1449
16
1199
16
1748
16
1199
16
1748
16
1710
16
1449
16
1575
16
1748
16
1710
6577
1377
225
25314
23959
19241
19964
298
3999
12578
6336
2393
16
1296
16
2393
16
1296
16
2393
16
1296
16
2393
16
1296
16
2393
16
1296
16
2393
16
1296
16
2393
16
1296
16
2393
16
1296
16
2393
16
1296
16
2393
16
1296
16
2393
16
1296
16
2393
16
1296
16
2393
16
1296
16
2393
16
1296
16
2393
16
1296
16
2393
16
1296
16
2393
16
1296
16
2393
16
1296
16
2393
16
1296
16
2393
16
1296
16
2393
16
1296
16
2393
16
1296
16
2393
16
1296
16
2393
16
1296
16
2393
16
1296
16
2393
16
1296
16
2393
16
1296
16
2393
16
1296
16
2393
16
1296
16
2393
16
1296
16
2393
16
1296
16
2393
16
1296
16
2393
16
1296
16
2393
16
1296
16
2393
16
1296
16
2393
16
1296
16
2393
16
1296
16
2393
16
1296
16
2393
16
1296
16
2393
16
1296
16
2393
16
1296
16
2393
16
1296
16
2393
16
1296
16
2393
16
1296
16
2393
16
1296
16
2393
16
1296
16
2393
16
1296
16
2393
16
1296
16
2393
16
1296
16
2393
16
1296
6577
1377
225
23534
27414
29327
300
7
5904
2292
38460
12932
25394
95083
13
304
1774
6292
388
3080
255013
255001
255000
255003
255010
669
1756
9002
265
11636
1154
1411
8227
12932
25394
95083
68
11029
3308
304
277
3419
16607
306
194863
388
669
2746
341
304
1682
15278
302
1713
61226
10037
1860
8039
26181
21
16
30358
22
6053
302
387
2740
4173
1411
52547
27994
35427
638
21
18
5987
39174
30
2523
3591
341
2670
1360
1411
26181
21
68
306
1411
26181
22
27994
22
18
177431
4550
30
3051
176138
3481
929
95
26181
21
4106
351
795
176138
3481
929
95
26181
22
4106
25967
23
18
7833
68437
608
622
66
29
692
225
27
25967
24
18
81843
366
1411
52547
45280
4354
608
50
795
293
225
2393
7538
2911
608
52547
2943
65
795
293
225
2393
32077
669
1310
4027
3050
265
2942
302
1478
638
17
1411
3761
180005
71316
10424
70305
388
17
1411
3761
6336
21
16
225
22
16
225
23
16
225
24
6577
1377
225
622
5454
17
1411
3761
6336
622
16
225
696
16
225
963
6577
1377
225
22
5454
17
1411
3761
6336
21
16
225
21
16
225
21
16
225
21
6577
1377
225
1120
5454
17
1411
3761
6336
27
16
225
27
6577
1377
225
22
5454
17
1411
3761
6336
27
16
225
22
6577
1377
225
20
5454
17
1411
3761
6336
21
16
225
26
6577
1377
225
20
25946
19477
16216
277
97102
16066
388
6021
608
50
8
361
277
4354
302
1411
52547
22243
340
138394
341
5047
498
19408
265
22517
302
23864
388
10914
1435
302
1713
61226
10037
1860
341
608
22
119628
506
225
21
25967
2110
1008
304
3985
535
27982
14
77921
10037
1860
388
148483
16
539
436
68723
265
22517
302
277
4607
23864
983
1217
1713
61226
5412
608
55
8
306
608
56
7538
1175
386
608
55
795
10012
331
351
795
91566
7538
306
608
55
16
331
795
60927
40990
21
16
795
36221
16
433
44153
388
1905
341
11104
304
16159
265
867
302
23864
608
57
8
344
63721
1161
297
3673
30358
21
420
30358
22
13
302
2287
608
79
8
6234
22
795
293
399
795
293
433
108437
1232
68723
608
57
8
983
1217
1713
61226
50104
608
55
8
306
608
56
25967
5312
302
4781
304
5857
608
57
90738
3051
5421
1242
79
33
22
14712
50
795
86523
30715
3142
79
69396
5312
302
4781
304
17322
608
57
8
983
1217
1713
61226
5412
30
608
22
2421
79
17
21
97
506
225
21
25967
10914
15278
2142
177431
4550
30
3051
5421
1242
79
33
22
14712
50
795
86523
30715
3142
79
97
344
22
2421
79
17
21
97
506
225
21
13
351
795
5421
1242
79
33
22
14712
50
795
86523
30715
3142
79
97
225
22
2421
79
17
21
97
506
795
5421
1242
79
33
22
14712
50
795
86523
30715
3142
79
69396
669
1058
4455
30
3051
3656
95
21
3142
22
97
795
5421
1242
79
33
22
14712
50
795
86523
30715
3142
79
97
225
22
54588
351
795
3656
95
21
3142
22
97
795
2506
12
795
5421
1242
79
33
20
14712
50
795
86523
30715
3142
79
97
225
22
54588
506
795
86523
30715
3142
20
97
506
795
86523
30715
3142
21
97
225
22
795
1832
13
351
795
3656
95
21
3142
22
97
795
2506
12
344
21
15
22
20534
50
506
225
21
506
225
22
50
795
1832
76929
669
1749
4455
30
3051
5421
1242
79
33
22
14712
50
795
86523
30715
3142
79
97
351
344
22
119628
506
225
21
13
506
433
25967
10914
10268
15278
30
3051
3656
95
21
3142
22
232321
23
119628
506
225
21
506
225
22
50
13
506
344
22
119628
506
225
21
506
433
1149
351
795
3656
95
21
3142
22
5655
23
119628
506
225
22
119628
506
433
76929
20822
16
13640
316
189523
388
79756
302
50104
8039
55
16
331
6053
1207
608
55
16
331
795
39425
795
91566
8
306
608
55
795
10012
331
351
795
91566
25967
2110
530
4400
8039
55
16
331
6053
304
265
6917
302
12423
352
1450
3591
608
77
90738
608
20
8
344
68087
733
608
21
8
344
264
608
55
108437
608
22
8
344
264
608
56
8
3098
4892
539
436
4077
352
14580
302
4354
608
50
8
898
56592
20
16
225
21
16
225
22
44153
7824
468
2750
730
489
21
11
306
468
2750
730
489
22
16901
10914
14580
30
608
23
119628
25967
33781
402
840
489
21
494
30
3051
5421
1242
78
33
20
14712
50
795
86523
30715
3142
78
97
225
22
90193
351
225
23
119628
8575
344
57586
16
592
840
489
21
494
16
1450
1585
341
225
20
420
225
22
18
4716
341
608
22
119628
8
3098
33781
402
840
489
22
494
30
14580
402
391
20
16
225
21
97
2649
608
22
119628
25967
33781
402
840
489
21
11
5709
840
489
22
3026
14580
402
391
20
97
2649
608
21
25967
2220
77336
143719
5905
16
4080
15278
638
8
23
119628
506
11853
929
95
8227
402
840
225
21
4106
506
11853
929
95
8227
402
840
225
22
4106
692
11853
929
95
8227
402
840
225
21
306
840
225
22
4106
22745
158525
225
23
119628
506
225
22
119628
506
225
22
119628
692
225
21
351
225
23
119628
506
225
22
795
13355
225
22
119628
692
225
21
25967
20822
16
277
2746
23570
352
535
35370
14
15278
8039
26181
21
16
30358
22
32130
461
11183
608
21
795
606
330
7538
608
22
795
606
331
8
18372
1991
18
8039
21
16
22
6053
341
1497
499
8039
22
16
21
76929
669
14894
8039
55
16
331
6053
21062
304
387
15142
8288
302
50104
388
4892
277
2983
1435
302
15142
15278
302
77921
1713
61226
10037
1860
341
14233
608
23
119628
506
225
22
119628
506
225
22
119628
692
225
21
351
225
23
119628
506
225
22
2421
50
15
21
97
692
225
21
25967
19477
2292
2164
7120
402
492
10413
388
14341
225
21
30
112017
21
16
225
22
16
225
23
16
225
24
65
6193
608
50
33
24
25967
65105
1193
30
608
23
66
24
506
225
22
66
25
692
225
21
351
225
7537
506
225
1028
692
225
21
351
225
1120
25967
31954
30
225
622
388
669
5052
341
277
177431
25284
388
14341
225
22
30
112017
622
16
225
696
16
225
963
65
6193
608
50
33
23
25967
65105
1193
30
608
23
66
23
506
225
22
66
24
692
225
21
351
225
1592
506
225
902
692
225
21
351
225
740
25967
31954
30
225
22
388
14341
225
23
30
112017
21
16
225
21
16
225
21
16
225
21
65
6193
608
50
33
24
25967
65105
1193
30
225
1120
388
31954
30
225
1120
388
1905
18372
386
352
1411
52547
351
648
21
16
225
21
16
225
21
16
225
21
65
6193
535
514
14
15278
302
77921
1713
61226
10037
1860
22465
277
177431
4550
388
8428
35
8801
616
5015
436
225
21
18
177431
302
839
22517
302
225
21
87
341
225
21
18
2586
4550
341
2837
1658
388
669
1310
1690
112017
21
16
225
21
16
225
21
16
225
21
112998
81236
277
97102
54084
382
14341
112017
27
16
225
27
65
6193
608
50
33
22
25967
65105
1193
30
608
23
66
22
506
225
22
66
23
692
225
21
351
225
29
506
225
28
692
225
21
351
225
22
25967
31954
30
225
22
388
3196
15278
22465
277
4550
1320
4246
58257
30
56592
27
67
21
117303
40990
27
67
22
44153
388
79756
8039
55
16
331
6053
638
110429
120718
21
117303
331
120718
22
44153
2649
469
160297
436
225
27
16
225
27
18
16146
388
110429
120718
22
117303
331
120718
21
44153
2649
469
160297
436
225
27
16
225
27
18
16146
388
110429
120718
21
117303
331
4920
91566
8
2649
3557
4080
344
9915
3098
10914
4080
30
225
22
388
62877
382
14341
112017
27
16
225
22
65
6193
608
50
33
22
25967
65105
1193
30
225
22
388
64191
15278
638
8
21
795
606
225
27
16
225
22
795
606
225
22
8575
469
160297
30
225
27
16
225
22
18
3557
6792
388
8
21
795
606
225
22
16
225
22
795
606
225
27
8575
469
160297
30
225
22
16
225
27
18
3557
6792
388
10914
4080
30
225
20
388
62877
382
4892
277
2746
17045
304
638
2500
265
2688
1568
1411
52547
6193
1682
277
1435
302
14580
302
4354
608
50
8
898
34481
56592
20
16
225
21
16
225
22
44153
1175
386
638
21
18
2278
341
468
2750
730
489
21
16901
22
18
2278
341
468
2750
730
489
22
16901
23
18
461
177431
302
23864
25415
489
21
11
341
6792
304
277
177431
302
23864
25415
489
22
28080
9172
30
373
2640
6
297
277
2746
6434
21062
304
277
1333
1411
52547
2943
65
22243
373
43
6427
302
277
5015
302
30358
21
3210
7517
23864
608
77
8
436
77921
16
277
5015
436
1411
52547
2943
112998
352
608
77
795
264
330
25967
6021
608
75
2420
351
795
176138
3481
95
52547
2943
65
795
15999
700
795
264
330
64
4106
25967
2110
1008
608
75
2420
351
326
2658
32077
81740
638
669
2911
436
2164
6234
21
795
293
27166
2943
65
795
293
225
2393
8
3098
6021
608
50
795
293
225
2393
25967
2110
530
911
277
2911
396
5267
382
6021
608
20440
2943
4274
75
28550
361
2761
1424
420
9745
59689
1257
277
177431
21254
1320
12955
277
2911
436
32344
498
225
2393
16
277
469
160297
302
10037
1860
642
851
361
65264
302
5463
297
112017
21
16
225
2393
65
22243
2586
2731
177431
2911
436
5885
18
16473
1465
277
867
302
2731
469
160297
608
43
25967
2500
1450
2731
177431
1333
608
75
795
264
648
21
16
225
2393
114181
539
1587
304
1682
277
1435
302
15278
302
10037
1860
8039
55
16
331
6053
1175
386
3051
176138
8565
13
351
326
8
306
3051
176138
10210
13
351
326
25967
669
2983
3032
341
3051
5421
1242
75
97
795
929
95
8227
5655
75
72624
19477
8483
608
74
8914
6053
396
277
1435
302
10037
1860
302
1411
52547
68
402
177431
7662
6792
304
608
75
25967
19477
8483
608
42
8914
6053
396
277
1435
302
10037
1860
302
1411
52547
68
402
177431
6792
304
608
75
8
420
839
4347
302
608
75
8
1320
70253
16
304
1682
5204
469
160297
16
539
911
277
373
49
1399
144777
48188
6
14009
366
277
177431
33512
388
6021
608
39
3524
6053
361
277
1435
302
10037
1860
7305
177431
341
79852
498
608
72
25967
37
138394
674
177431
79852
498
608
72
8
86564
1440
2479
297
411
341
79852
498
608
72
25967
6021
1411
3224
68
361
277
2740
1568
388
6021
1411
43190
54442
112998
361
277
1435
302
5015
297
1411
52547
68
386
436
79852
498
608
72
25967
14032
277
1435
302
10037
1860
344
15519
8295
13
402
177431
79852
498
608
72
8
341
608
22
6003
929
27034
457
13856
72
65
69396
6021
608
94593
54442
28550
361
277
1435
302
10037
1860
402
177431
7662
608
72
25967
2110
569
277
10380
30
608
22
6003
929
27034
457
13856
72
25442
351
795
5421
1242
81
30
282
795
15999
288
97
5204
43382
65
25967
15521
85745
144777
48188
30
608
94593
54442
65
351
795
5421
1242
81
30
282
795
15999
288
97
795
5951
2877
3255
13
795
13355
225
22
6003
929
27034
457
13856
72
65
65585
10917
16
277
2746
23570
352
15278
8039
55
16
331
6053
1207
608
55
8
306
608
56
8
436
77921
306
3051
176138
8565
13
351
326
25967
9172
386
608
55
8
306
608
56
8
436
77921
16
713
724
436
16344
499
1497
10690
388
1905
2767
539
4273
1060
10257
608
94593
95838
28550
420
4907
4081
1013
386
16
1480
277
10037
1860
1998
361
77921
388
6021
608
37
8
361
277
867
302
23864
18
1283
17322
265
22517
302
23864
983
608
55
8
306
608
56
25967
6021
3569
1761
302
56262
1450
3591
608
77
8
304
730
302
2240
5267
30
608
20
8
344
68087
733
608
21
8
344
264
608
55
108437
608
22
8
344
264
608
56
8
3098
2110
1587
3051
176138
56046
2943
65
795
929
95
352
452
700
795
264
330
13
351
795
176138
56046
2943
65
795
929
95
352
452
700
795
264
331
76929
6021
3569
7016
265
2741
177431
1333
608
75
8575
1283
1587
304
1682
277
1435
302
30673
1175
386
638
17
608
55
795
39425
795
91566
22745
17
608
56
795
39425
795
91566
22745
17
3051
176138
3481
95
52547
2943
65
795
15999
700
795
264
330
64
4106
351
326
22745
17
3051
176138
3481
95
52547
2943
65
795
15999
700
795
264
331
64
4106
351
326
40702
12955
277
177431
2911
436
32344
498
225
2393
16
539
530
59689
898
616
2731
177431
2911
608
75
25967
6021
3569
8483
352
265
3018
608
75
177600
17
4214
608
55
4599
8
361
277
867
302
23864
608
77
8
1175
386
608
52547
2943
28550
341
79852
498
608
75
25967
225
8370
35
8801
592
539
1587
265
138394
402
177431
7662
608
75
7538
420
468
2750
608
75
8
344
742
116895
498
608
75
108437
277
23864
1998
361
499
608
55
4599
25967
225
1437
387
3591
608
77
795
102002
330
4599
7538
1232
608
52547
2943
28550
341
516
79852
498
608
75
7538
713
411
4273
361
766
302
265
138394
7305
177431
341
608
75
8
344
273
265
4347
302
608
75
8
3098
225
26128
16
592
539
1587
177431
535
148127
14
608
75
7538
539
530
2549
5015
79852
498
608
75
7538
3419
277
6381
177431
341
516
3634
388
225
1437
539
8483
608
55
4599
8
396
373
57792
79852
498
608
75
225366
1232
839
138394
302
608
55
4599
8
674
177431
79852
498
608
75
25967
1791
225
4214
3569
27967
638
225
4214
608
52
8
361
277
867
302
616
23864
56592
21
16
795
36221
16
433
44153
388
225
1563
265
2688
608
75
7538
539
1994
277
4173
302
5015
1411
52547
2943
65
1577
326
1377
225
20
27994
225
4214
1411
63721
4599
68
361
277
1568
302
1175
23864
388
225
4214
608
81
4599
351
58374
929
95
63721
10608
75
96
25967
225
7127
4080
8288
8039
55
16
331
6053
402
2741
177431
608
75
8
1998
569
608
55
795
60927
795
929
95
63721
10608
75
8
306
608
56
795
60927
795
929
95
63721
10608
75
25967
225
1533
3051
176138
3481
929
95
52547
13856
77
65
795
15999
700
795
264
330
13
351
326
7538
3051
176138
3481
929
95
52547
13856
77
65
795
15999
700
795
264
331
13
351
326
25967
1791
225
2586
277
2746
17045
304
30
18750
265
867
302
23864
344
58325
79852
498
608
75
108437
1682
277
1435
302
77921
15278
8039
55
16
331
6053
1175
386
277
177431
302
277
5175
5015
341
7662
608
75
8
352
1804
388
1791
225
4214
608
60
8
361
277
867
302
23864
79852
498
608
75
25967
225
4214
3569
8483
265
38474
898
277
5015
302
608
60
25967
225
1283
1587
304
1682
4781
304
11297
608
60
8
983
3148
77921
5412
30
608
55
7538
608
56
7538
608
54
7538
608
57
8
1320
225
41729
16
277
4607
2746
5143
839
3591
304
361
37437
18
2586
352
23864
516
297
608
60
7538
724
1998
361
37437
344
5124
225
20
3098
225
1563
23864
297
608
60
7538
724
530
361
297
1889
225
21
16
225
22
16
420
225
20
388
1791
225
2586
352
1450
608
75
7538
539
569
265
3018
22517
302
277
4607
4173
30
277
5015
386
436
64590
302
608
75
25967
225
4214
1131
5015
361
608
69
67
21
16
265
67
22
16
795
36221
16
265
8724
8
1207
608
79
351
288
4599
25967
225
1283
1587
304
1682
277
1435
302
30673
302
1131
608
79
8
5015
304
5267
56592
20
16
225
21
16
225
22
44153
1175
386
638
225
225
21
18
3092
2750
730
2479
341
297
1889
225
21
388
225
225
22
18
3092
2750
730
2479
341
297
1889
225
22
388
225
225
23
18
461
177431
302
616
5015
297
1889
225
21
341
7662
608
75
25967
225
225
24
18
461
177431
302
616
5015
297
1889
225
22
341
7662
608
75
25967
1791
225
4214
3569
8483
265
29573
1154
608
42
28864
6053
697
6714
265
4400
420
265
20078
302
19720
388
225
30105
16
352
265
1568
302
5463
1411
3224
6193
539
1587
304
17208
19720
302
10037
1860
402
3018
469
160297
388
225
4214
1411
20440
12932
95838
112998
361
277
1435
302
10037
1860
344
3503
34763
13
302
1411
3224
68
402
177431
7662
1411
75
27994
225
8598
30
957
4059
277
8295
138394
344
8781
674
177431
225
20
420
10737
16
4663
33649
396
225
20
352
177431
4066
16
420
23626
22560
3098
225
461
2746
5267
1713
61226
10037
1860
18
2586
608
55
795
39425
795
91566
8
306
608
56
795
39425
795
91566
25967
1791
225
16473
17208
1411
20440
12932
68
352
277
4173
302
5015
79852
498
608
75
25967
225
9394
492
4173
608
37
4599
25967
225
1411
20440
12932
95838
112998
642
361
387
4173
1411
2289
95838
112998
1207
1411
2289
26409
112998
341
1435
302
10037
1860
302
608
37
4599
8
402
177431
7662
608
92
25967
225
7517
608
92
8
341
265
46099
302
608
75
8
344
32324
616
5015
436
64590
302
608
75
7538
713
839
177431
341
265
4347
302
608
75
108437
306
608
92
8
341
468
1210
225
2393
388
225
41729
16
2650
5015
436
64590
302
608
75
7538
177431
530
361
608
75
16
225
22
75
16
795
36221
25967
225
1283
530
1343
1131
38474
2911
388
1791
225
9864
539
569
1411
2289
95838
65
6193
539
530
1682
277
1435
302
15278
8039
55
16
331
6053
352
492
608
75
25967
225
1283
1587
3051
5421
1242
75
97
11853
929
95
5686
302
15278
402
177431
452
326
76929
1791
225
16473
51677
277
4158
388
225
1283
59689
898
616
2731
177431
2911
608
75
8
499
225
21
304
225
2393
388
225
1563
265
6842
608
75
177600
225
4214
608
37
351
648
69
67
21
16
795
36221
16
265
8724
28550
361
5015
302
1411
52547
68
1207
608
69
7193
8
341
79852
498
608
75
25967
225
8598
386
352
1175
5015
608
69
7193
7538
539
569
608
69
7193
351
326
795
13355
290
7193
25967
225
5489
3051
176138
6439
1242
77
67
21
2547
795
36221
16
265
1242
77
1615
4106
351
326
795
13355
795
176138
5311
1242
77
67
21
2547
795
36221
16
290
1242
77
1615
4106
25967
225
2586
592
539
17208
277
177431
302
277
608
70
7193
50531
16
539
530
6058
1132
388
1791
225
1283
1587
304
1682
277
1435
302
15278
8039
55
16
331
6053
77921
50104
302
23864
499
277
4607
4173
1175
386
3051
176138
8565
13
351
326
8
306
3051
176138
10210
13
351
326
25967
225
7517
608
55
8
306
608
56
8
436
77921
16
724
436
50104
302
277
867
302
23864
79852
498
608
75
25967
225
16473
1465
492
867
302
23864
608
45
4599
8575
461
5015
297
1131
23864
436
608
70
7193
8
1325
38375
498
608
75
25967
225
1283
1587
304
1682
277
1435
302
4781
304
11954
1450
2479
297
608
45
4599
8
304
638
225
506
4101
225
21
344
125796
304
608
55
8
465
225
506
4101
225
22
344
125796
304
608
56
8
465
225
506
4101
225
20
344
68087
465
225
1175
386
3051
176138
3481
95
70
7193
795
15999
700
795
264
330
64
4106
351
225
21
8
306
3051
176138
3481
95
70
7193
795
15999
700
795
264
331
64
4106
351
225
21
25967
225
344
17484
3051
176138
3481
929
95
20128
4106
351
326
795
13355
795
176138
3481
929
95
742
4139
99474
713
539
1008
3051
176138
3481
929
95
742
4139
4106
351
225
21
8
3098
1791
225
4214
608
50
351
367
45
4599
96
8575
8598
608
50
795
293
225
2393
25967
225
1283
1587
304
1682
30673
608
74
30
342
4599
795
606
40990
20
16
225
21
16
225
22
44153
388
225
4214
608
55
351
285
12304
21
5655
21
29035
608
56
351
285
12304
21
5655
22
76929
225
30660
30
608
55
795
39425
795
91566
7538
608
56
795
39425
795
91566
7538
3051
176138
3481
95
70
7193
795
15999
700
795
264
330
64
4106
351
225
21
7538
3051
176138
3481
95
70
7193
795
15999
700
795
264
331
64
4106
351
225
21
25967
1791
225
461
5015
608
70
7193
8
436
32088
3051
293
225
2393
4995
25967
225
4214
1411
43190
54442
112998
361
277
1435
302
608
70
7193
8
386
436
79852
498
608
72
25967
225
957
7348
3600
304
277
4607
2746
689
402
265
7922
2741
177431
344
21
3098
225
16473
27967
277
3032
352
492
989
48513
396
608
29480
4599
25967
225
461
2983
3032
341
3051
5421
1242
75
97
17623
4599
25967
1791
225
2586
539
1008
265
1154
386
73422
16
2688
265
1568
302
5463
608
52547
7538
19720
302
4781
304
17322
277
23864
983
2240
4468
344
20
16
225
21
16
225
22
13
1175
386
277
177431
302
2256
225
21
341
225
21
16
177431
302
2256
225
22
341
225
21
16
306
1804
4468
436
1713
61226
388
1791
225
4214
608
20440
2943
4274
75
67
21
4274
75
67
22
28550
361
1424
2502
2927
388
225
2952
16
6035
386
277
177431
2911
436
2164
344
4956
225
2393
3098
225
1283
530
59689
898
2731
2911
302
177431
352
2256
225
21
306
2256
225
22
388
225
1283
1008
3051
929
34674
6427
10608
21
351
225
21
8
306
3051
929
34674
6427
10608
22
351
225
21
25967
225
2586
539
1587
277
1435
302
30673
1207
1804
8800
469
160297
436
225
21
388
225
4214
3569
7016
277
177431
352
2256
225
21
304
361
608
72
67
21
8
306
177431
352
2256
225
22
304
361
608
72
67
22
8575
1283
1587
608
72
67
21
351
282
67
22
351
225
21
25967
225
1283
530
17208
352
616
15278
8039
72
67
21
16
282
67
22
6053
306
4455
1731
1207
608
72
67
21
42167
67
22
33
21
25967
1791
225
16473
8483
265
38474
386
6582
277
1568
302
608
70
7193
25967
225
4214
1411
20440
95838
21
4274
75
22
112998
361
277
1435
302
4781
304
1343
265
22517
302
277
1568
1175
386
277
1843
177431
302
5015
12658
304
2256
225
21
341
608
75
67
21
8
306
177431
302
2256
225
22
341
608
75
67
22
25967
225
2952
16
539
1008
304
4671
1889
225
20
396
1357
388
225
461
373
68087
6
1889
4007
3910
177431
388
1791
225
1283
59689
1257
277
5015
608
70
25967
225
1563
1450
608
70
7538
539
569
225
23
12423
638
225
225
21
18
51541
6234
20
8
2738
1889
38750
388
225
225
22
18
14179
297
2256
225
21
30
608
75
67
21
795
606
795
176138
8914
67
21
16
290
76929
225
225
23
18
14179
297
2256
225
22
30
608
75
67
22
795
606
795
176138
8914
67
22
16
290
76929
1791
225
2586
539
530
569
265
225
22
40
4173
1411
20440
95838
21
4274
75
22
65
27994
225
12474
1889
30
1411
20440
63
20
4274
20
65
351
225
21
68
344
59182
8295
4468
16
177431
225
20
3098
225
26128
16
177431
302
387
8295
867
341
4663
10737
420
8916
396
225
20
388
225
1283
530
2489
225
20
396
373
1612
5015
4427
3210
2973
539
5229
277
1058
2479
16
608
75
67
21
8
7883
386
2479
388
1791
225
4790
5993
616
5015
16
539
1587
277
4455
302
1411
20440
95838
21
4274
75
22
112998
352
616
608
75
21
16
326
22
8
1207
608
75
21
33
21
8
306
608
75
22
33
21
25967
225
2952
16
539
851
1008
608
55
795
39425
795
91566
8
306
608
56
795
39425
795
91566
25967
225
461
1889
1411
20440
95838
21
4274
75
22
112998
15697
4059
277
12634
386
2256
225
21
420
225
22
341
8295
1320
225
16473
2292
388
225
1437
2256
225
21
341
8295
16
608
75
67
21
8
8320
225
20
18
1437
539
8483
608
75
67
21
33
20
8
352
8295
16
1232
539
1008
304
29082
5267
1207
608
75
67
21
33
20
8
420
608
75
67
22
33
20
25967
225
2209
17034
30
1437
539
2636
387
2479
297
2256
225
21
16
608
75
67
21
8
10900
18
461
177431
302
265
1713
61226
867
341
3042
225
20
388
225
2586
539
530
25105
373
9915
6
6234
75
33
20
45184
499
373
11317
61226
6234
75
795
651
225
21
45184
6943
225
2586
539
5207
4455
1411
20440
63
21
4274
21
65
27994
1791
225
26128
16
1065
592
608
75
33
20
8
341
277
177431
302
387
8295
867
35
8520
388
225
2115
592
277
177431
302
265
1713
61226
867
341
225
20
35
136487
352
4898
32088
388
225
2586
608
75
33
20
8
9423
277
373
68087
225066
6
1889
352
386
2256
388
225
2586
277
38474
6650
638
225
1411
1815
123231
95838
21
4274
75
22
65
4284
29124
95838
21
4274
75
22
112998
344
26602
465
225
1411
1815
123231
95838
4855
8914
21
16
290
128729
75
22
65
4284
29124
95838
21
4274
75
22
112998
344
7354
225
21
465
225
1411
1815
123231
95838
21
4274
176138
8914
22
16
290
12015
4284
29124
95838
21
4274
75
22
112998
344
7354
225
22
465
1791
225
82618
638
225
7551
302
5015
608
50
795
293
225
2393
25967
225
177431
2783
608
21
795
36221
225
2393
25967
225
4104
30
608
2393
795
14200
225
2393
351
225
1339
16
937
25967
225
153186
30
225
23
621
1889
388
225
11612
7154
30
608
2393
795
14200
225
1339
16
937
795
14200
225
23
351
225
1199
16
937
16
937
25967
225
957
341
1586
5128
388
1791
225
1283
1008
304
589
492
352
1440
608
75
8
344
21
304
225
2393
3098
225
2952
16
539
1094
1008
304
1343
277
5015
79852
498
608
75
25967
225
1437
539
589
492
1609
2212
352
1450
608
75
7538
2132
608
75
33
21
16
795
36221
16
225
2393
7538
306
352
1450
608
75
8
539
1343
616
608
50
8
5015
344
359
79852
733
277
16066
1387
361
1398
388
225
608
2393
795
14200
225
2393
795
14200
225
1339
937
351
225
21
18
26
795
14200
225
622
66
29
8575
33249
5983
388
1791
225
1283
1008
304
24819
388
225
24900
386
539
1343
277
5015
297
608
45
4599
8
344
63721
79852
498
608
75
8
3098
225
957
341
1013
2896
608
50
4599
8
5015
388
225
461
4455
302
608
50
4599
8
898
616
608
75
8
341
3051
5421
1242
77
33
21
14712
50
795
14024
56046
2943
65
29035
1207
3051
14024
3974
6053
341
277
1435
302
65264
302
608
92
25967
225
9876
608
52547
2943
65
351
225
2393
8575
3051
14024
12
2393
13
795
33516
225
740
8
344
185430
30
608
22
66
23
795
13355
225
25
66
22
7538
713
8039
23
15
21
5471
22
15
21
13
351
225
740
8
3098
225
11612
7154
30
3051
5421
1242
75
33
21
6165
2393
97
433
4599
795
14200
225
1339
937
25967
225
9876
5015
608
50
33
2393
8575
9876
46099
1682
3051
33516
225
740
25967
225
11612
373
13868
47608
6
3796
616
608
75
90738
608
2393
795
14200
225
740
351
225
22
4120
25967
225
2586
2983
7154
30
608
22
4120
795
14200
225
1339
937
351
225
29
18
26
795
14200
225
622
66
27
25967
225
957
341
18597
297
11636
388
1791
225
41519
5826
638
225
225
21
18
29702
1411
43052
351
225
622
478
29
692
225
27
27994
225
225
22
18
4421
52448
65264
420
1060
59689
608
75
8
499
225
21
304
225
2393
388
263
1563
1450
608
75
7538
10585
5015
608
52547
2943
28550
1175
386
608
52547
2943
65
232476
326
1377
225
20
25967
263
1563
1131
5015
16
20947
1019
498
608
75
8
344
9483
297
265
1568
1411
57792
12957
4599
190689
263
11488
277
38474
366
1411
57792
12957
4599
68
304
1511
277
1435
302
4781
304
11954
1019
304
4468
225
21
306
225
22
1175
386
177431
50885
225
21
13
351
225
21
306
177431
50885
225
22
13
351
225
21
388
263
8598
30
461
38474
4546
73422
277
1435
302
30673
352
277
535
34027
14
302
5015
79852
498
608
75
25967
263
2209
539
851
569
5015
4222
79852
498
608
75
8575
3372
724
361
12658
304
2256
225
21
420
225
22
1320
263
1437
608
52547
2943
28550
341
4222
79852
498
608
75
7538
1232
2291
411
297
265
138394
402
177431
608
75
8
341
13861
344
29753
177431
1998
20947
616
5015
3098
263
2586
352
265
6842
2741
608
75
7538
23864
402
2911
4222
79852
498
608
75
8
45925
361
12658
304
1889
225
20
344
68087
3098
263
2586
352
1450
608
75
7538
539
1094
1994
277
5015
297
1411
52547
68
386
436
79852
498
608
75
25967
24410
263
4214
608
48
4599
351
648
92
4995
795
929
95
352
452
1150
795
929
95
297
452
27166
795
929
95
592
452
1150
232476
326
1377
225
20
65
25967
263
461
38474
366
608
48
4599
8
73422
277
1435
302
15278
302
77921
10037
1860
4582
499
608
48
4599
8
344
8327
39174
297
4249
302
23864
16
689
2650
539
436
1060
27946
50104
302
23864
16
1850
1060
50104
13
1175
386
177431
30948
26181
225
21
13
351
225
21
306
177431
30948
26181
225
22
13
351
225
21
388
263
957
1682
5502
21062
304
277
1435
302
15278
352
277
4607
2746
402
2741
177431
608
75
25967
24410
263
2586
352
1450
608
75
177600
263
506
6993
1568
1411
37534
68
7824
1411
2258
781
326
68
352
616
1411
2258
68
297
1411
52547
68
1207
1411
2258
1577
326
1377
225
20
27994
263
506
11488
38474
366
1411
37534
27994
263
506
3443
1193
304
2983
3032
388
24410
263
2251
903
839
29513
420
4638
27946
1320
263
1437
265
8288
8039
55
16
331
6053
674
3051
176138
8565
13
351
326
8
306
3051
176138
10210
13
351
326
7538
411
642
361
33649
297
277
29607
352
386
3018
608
75
25967
263
5483
411
361
33649
352
839
852
608
75
48178
1320
263
1437
3051
176138
8565
13
351
326
7538
1232
608
75
8
60186
1440
2479
297
608
55
25967
263
1437
539
2292
29607
352
608
75
200478
1207
608
75
11
460
326
8
344
414
608
75
48178
60186
616
5015
302
608
55
108437
1232
608
55
8
642
361
5101
297
1411
37534
68
352
608
75
11
25967
263
461
38474
352
608
75
48178
642
1682
15278
1207
177431
341
225
21
344
264
277
42895
7351
13
697
21062
304
177431
608
75
48178
297
4607
388
263
7517
539
4455
898
616
608
75
7538
539
642
1682
277
8288
3984
352
608
75
4920
176138
8565
5791
75
2658
25967
263
42600
388
24410
225
225
23
18
38474
39332
4815
638
263
506
49011
30
1411
20440
68
341
265
225
22
40
1568
302
2287
8039
49
13
795
14200
344
49
6053
1207
608
49
8
341
2687
2731
1333
297
1411
37534
27994
1426
9876
1333
297
1411
37534
68
341
3051
4956
56046
5403
75
795
293
225
2393
19
21
351
225
2393
25967
1426
2586
608
2393
795
14200
225
2393
8
341
6085
388
263
506
29702
1411
20440
63
20
4274
20
65
351
225
21
22243
344
20
9423
177431
302
373
9915
6
2256
16
420
539
530
911
225
20
396
265
125854
3098
1426
41729
16
539
1008
304
4400
177431
2911
18
177431
341
2837
387
11795
3051
651
225
20
25967
1426
177431
302
1713
61226
867
341
3051
651
225
21
25967
1426
2586
539
530
2553
4173
23864
396
225
20
568
2393
388
263
506
113685
1257
1450
1333
1411
90
68
297
1411
37534
246225
1426
506
6993
699
4173
1411
8831
123231
68
38419
304
225
20
388
1426
506
1563
1411
75
21
68
297
225
20
568
2393
638
287
506
1563
1411
75
22
68
297
225
20
568
2393
638
2613
506
1411
43190
351
29124
95838
21
4274
75
22
65
5454
2613
506
1437
1411
43190
1377
225
20
45280
4622
203
2613
506
9243
225
20
30
3401
5601
18
1411
8831
123231
95838
21
4274
75
22
65
4284
37505
5454
2613
506
9243
225
21
30
3443
304
2256
225
21
18
1800
177431
1411
1815
4599
21
351
11892
1627
4855
8914
21
16
335
71316
592
1411
75
21
2308
225
20
68
1625
1411
90
22243
8598
30
1411
176138
12
20
16
335
13
351
335
27994
3014
1411
8831
123231
115681
4599
21
4274
75
22
65
4284
37505
5454
2613
506
9243
225
22
30
3443
304
2256
225
22
18
1411
1815
4599
22
351
11892
1627
4855
8914
22
16
335
103993
3014
1411
8831
123231
95838
21
4274
1815
4599
22
65
4284
37505
5454
1426
506
1411
20440
351
2475
123231
5454
1426
506
5247
11739
7154
388
263
506
4790
5993
616
1411
90
6193
539
1587
1411
20440
63
21
4274
21
65
27994
24410
263
26128
16
1411
2814
1627
4855
68
5443
1217
32088
388
263
1437
539
911
225
20
304
3087
373
9915
728
1411
176138
12
20
16
335
71316
6714
1411
90
22243
957
4229
17187
352
6857
265
699
2256
388
24410
263
82618
2292
1754
638
263
1563
1450
608
75
7538
539
1343
1568
302
2287
608
50
4599
25967
263
1563
1450
2479
16
539
59689
608
4543
795
14200
225
4543
8
5267
388
263
11612
45247
3051
33516
795
5421
433
4599
795
14200
225
1339
937
25967
263
1737
10387
1714
16
492
341
3051
33516
225
622
66
28
7538
697
341
6772
388
24410
263
17139
1690
30
2115
592
1411
37534
68
341
8295
35
5489
1094
1889
341
1411
20440
63
20
4274
20
65
22243
1283
1587
1411
20440
63
21
4274
21
65
6193
697
341
225
20
18
2586
840
2457
304
3032
388
24410
263
461
1193
352
1411
37534
68
341
277
1682
302
15278
1207
177431
341
608
75
25967
263
2952
16
6035
386
277
4607
2746
23570
352
15278
302
10037
1860
302
277
535
20128
14
4173
388
263
1283
436
115738
1131
19720
898
608
75
25967
263
6346
539
2897
539
1907
4638
1682
1320
263
19001
539
569
265
8288
8039
55
16
331
6053
402
469
160297
608
75
2420
16
326
2658
25967
263
957
8288
341
33649
1094
297
277
29607
1207
539
436
4077
352
15278
402
2741
177431
608
75
25967
263
1563
411
304
361
33649
16
539
1008
608
75
351
326
2420
351
326
2658
25967
263
2586
411
341
33649
7662
3984
344
17906
608
75
8
14441
277
177431
302
1804
3098
263
2586
1411
12815
197796
351
4455
1242
75
97
29124
1242
37534
4599
13856
21
4274
21
112998
341
4309
388
24410
263
26128
16
341
903
265
25284
386
277
10037
1860
1998
361
1713
61226
1320
263
8520
16
373
152213
302
1713
61226
10037
1860
6943
263
5641
38474
18373
492
1480
539
1538
352
1411
20440
63
21
4274
21
65
27994
263
1437
2256
225
21
341
8295
16
177431
341
225
20
18
1437
2256
225
22
341
8295
16
177431
341
225
20
388
263
2586
539
1907
1682
8295
4468
388
24410
263
26128
16
13640
4638
2292
277
2746
6434
1754
388
263
373
669
10037
1860
30358
21
306
30358
22
436
77921
6943
263
373
669
177431
302
277
5015
302
30358
21
341
6792
304
277
177431
302
277
5015
302
30358
22
6943
24410
263
2251
903
839
4264
402
225
21
4597
57143
420
11636
14215
1320
263
2523
16
1060
4350
11236
388
24410
263
16473
7074
1774
1411
8227
12932
25394
95083
6336
21
16
225
22
16
225
23
16
225
24
6577
27994
263
1411
52547
351
648
21
16
225
22
16
225
23
16
225
24
65
5454
24410
263
1283
1008
304
4455
898
608
75
795
264
648
21
16
225
2393
65
25967
263
6936
608
75
8
642
569
225
20
5015
344
29753
2687
341
225
24
3098
24410
263
608
75
33
21
177600
263
41074
79852
498
225
21
30
616
18
1411
37534
351
648
21
16
225
22
16
225
23
16
225
24
65
27994
263
11488
38474
366
112017
21
16
225
22
16
225
23
16
225
24
65
27994
263
1283
1008
1411
20440
63
21
4274
21
65
27994
263
16473
20488
1682
15278
8039
55
16
331
6053
499
112017
21
16
225
22
16
225
23
16
225
24
112998
402
3051
176138
8565
5791
21
16
795
176138
10210
5791
21
25967
263
1533
608
55
16
331
8
77921
388
263
3914
5015
30
225
21
16
225
22
16
225
23
16
225
24
388
263
47227
15278
638
263
608
55
120718
21
117303
331
120718
22
44153
30
469
160297
225
21
16
225
22
18
66603
388
263
608
55
120718
21
117303
331
120718
23
44153
30
225
21
16
225
23
18
66603
388
263
608
55
120718
21
117303
331
120718
24
44153
30
225
21
16
225
24
18
66603
388
263
608
55
120718
22
117303
331
120718
21
44153
30
225
22
16
225
21
18
66603
388
263
13361
263
2251
411
2731
304
569
177431
225
21
402
5015
225
22
16
225
24
35
2523
16
177431
341
225
22
388
263
2251
411
2731
402
225
21
306
4907
35
177431
341
225
21
388
263
2586
730
2256
1998
3451
225
21
388
263
4214
608
55
8
3451
225
21
18
5489
3051
176138
8565
5791
21
25967
263
608
56
8
1998
569
177431
225
21
388
263
41074
2451
352
608
56
90738
225
22
16
225
23
16
225
24
388
263
4758
34763
302
391
22
16
23
16
24
97
402
177431
225
21
638
263
56592
22
44153
30
225
22
18
2523
388
263
56592
23
44153
30
225
23
18
2523
388
263
56592
24
44153
30
225
24
18
2523
388
263
56592
22
16
23
44153
30
225
21
18
8520
388
263
56592
22
16
24
44153
30
225
22
18
2523
388
263
56592
23
16
24
44153
30
225
21
18
8520
388
263
56592
22
16
23
16
24
44153
30
225
21
18
8520
388
24410
263
2586
4080
15278
1207
608
55
120718
21
44153
638
263
608
56
120718
22
16
23
44153
203
263
608
56
120718
23
16
24
44153
203
263
608
56
120718
22
16
23
16
24
44153
203
263
344
14353
608
56
120718
22
16
23
44153
306
608
56
120718
23
16
24
44153
436
9746
50104
3098
24410
263
6755
608
56
8
1387
361
56592
21
44153
306
608
55
8
1387
361
56592
22
16
23
119892
4115
388
263
11612
225
26
15278
402
730
2479
1610
225
21
388
24410
263
2115
819
15278
1207
15600
674
225
21
1320
263
177431
302
22517
302
391
22
16
23
16
24
97
4273
361
225
21
35
391
22
16
23
97
341
225
21
388
263
2586
539
530
569
608
55
120718
22
16
23
119892
608
56
120718
24
44153
35
177431
225
21
16
225
24
18
2523
388
263
608
55
120718
22
16
23
119892
608
56
120718
21
44153
1424
3402
33649
388
263
608
55
120718
23
16
24
119892
608
56
120718
22
44153
1424
2523
388
263
608
55
120718
22
16
23
16
24
119892
608
56
4920
91566
8
1424
2523
344
56
8295
3098
263
608
55
120718
22
16
23
119892
608
56
120718
22
16
23
44153
1424
5987
39174
2993
18
136487
388
24410
263
2586
352
608
75
33
21
7538
539
569
225
26
15278
388
24410
263
461
1310
1690
1193
341
225
622
388
263
11650
589
277
852
225
24
15278
2423
499
1320
263
14812
608
75
33
22
8
1320
263
41074
79852
498
225
22
30
648
22
16
225
24
1807
1411
37534
351
648
21
16
225
22
65
27994
263
19100
177431
225
21
352
1804
4468
388
263
4758
34763
302
391
21
16
225
22
97
402
177431
225
21
638
263
56592
21
44153
30
225
21
388
263
56592
22
44153
30
225
22
18
2523
388
263
56592
21
16
22
44153
30
225
21
388
24410
263
47227
15278
8039
55
16
331
6053
499
391
21
16
225
22
151760
263
608
55
120718
21
117303
331
4920
91566
8
2649
2523
388
263
608
55
120718
21
117303
331
120718
22
44153
2649
177431
8565
5791
21
16
177431
10210
5791
22
18
66603
388
263
608
55
120718
22
117303
331
120718
21
44153
2649
177431
8565
5791
22
16
177431
10210
5791
21
18
66603
388
263
608
55
120718
21
117303
331
120718
21
16
22
44153
2649
5987
39174
35
2523
388
263
608
55
120718
21
16
22
117303
331
120718
21
44153
2649
2523
388
24410
263
2586
225
20
15278
352
608
75
33
22
25967
24410
263
2115
819
608
75
33
23
8
1320
263
41074
648
23
1807
1411
37534
351
648
21
65
27994
263
4758
34763
30
56592
21
44153
388
263
19100
1217
77921
50104
18
136487
388
24410
263
608
75
33
24
8
1320
263
41074
648
24
1807
1411
37534
351
648
21
65
22243
29483
396
225
23
388
24410
263
11612
713
3312
225
26
388
263
54272
225
24
388
24410
263
16473
316
25735
277
2024
1193
30
1411
8227
12932
25394
95083
6336
21
16
225
22
16
225
23
16
225
24
6577
68
6714
225
622
388
24410
263
14812
342
18391
910
15278
352
608
75
33
21
25967
263
26128
16
608
55
8
306
608
56
8
436
77921
388
263
41074
30
225
21
16
225
22
16
225
23
16
225
24
388
263
1283
1008
3051
176138
8565
5791
21
16
795
176138
10210
5791
21
25967
263
4032
302
1019
1998
3451
225
21
18
461
852
1998
569
177431
225
21
388
263
4216
340
351
5015
2451
352
277
373
11317
17
21
6
2256
30
391
22
16
225
23
16
225
24
21224
263
4758
34763
302
340
402
177431
225
21
30
56592
22
16
23
117303
40990
23
16
24
117303
40990
22
16
23
16
24
44153
388
24410
263
6013
16
697
22517
341
608
55
8
306
697
341
608
56
8
1320
263
1283
530
25220
608
55
8
306
608
56
25967
263
14372
225
21
30
608
55
8
5720
225
21
16
608
56
795
60927
340
8
344
43
6427
225
21
3098
263
608
55
8
1998
361
56592
21
44153
344
359
411
674
225
21
16
177431
341
225
21
16
4273
919
717
5015
35
177431
12
21
16
1150
13
351
225
21
18
8520
411
530
3098
263
1437
608
55
8
5720
225
21
306
2484
2479
16
2132
608
55
120718
21
16
225
22
119892
177431
341
225
21
388
263
2251
608
55
120718
21
16
225
22
44153
6751
1320
263
1437
608
55
120718
21
16
225
22
119892
1232
608
56
8
1998
361
77921
499
56592
21
16
225
22
119892
713
499
391
23
16
225
24
21224
263
3372
608
56
8
361
56592
23
16
225
24
44153
35
177431
33
21
18
8520
388
263
2586
8039
55
120718
21
16
225
22
117303
331
120718
23
16
225
24
64
35388
341
4080
388
263
608
55
120718
21
16
225
23
117303
331
120718
22
16
225
24
44153
35
177431
10210
5791
22
18
2523
388
263
608
55
120718
21
16
225
24
117303
331
120718
22
16
225
23
44153
35
177431
10210
5791
21
18
8520
388
263
608
55
120718
21
16
225
22
16
225
23
117303
331
120718
24
44153
35
177431
10210
5791
24
18
2523
388
263
608
55
120718
21
16
225
23
16
225
24
117303
331
120718
22
44153
35
2523
388
263
608
55
120718
21
16
225
22
16
225
24
117303
331
120718
23
44153
35
2523
388
24410
263
16146
15278
402
608
55
8
2896
225
21
306
11568
852
5015
638
263
225
21
18
608
55
120718
21
117303
331
120718
22
16
23
44153
203
263
225
22
18
608
55
120718
21
117303
331
120718
23
16
24
44153
203
263
225
23
18
608
55
120718
21
117303
331
120718
22
16
23
16
24
44153
203
263
225
24
18
608
55
120718
21
16
225
22
117303
331
120718
23
16
225
24
44153
203
263
225
25
18
608
55
120718
21
16
225
24
117303
331
120718
22
16
225
23
44153
203
24410
263
11612
225
25
15278
352
492
1690
388
24410
263
3464
32143
16
91475
608
55
8
306
608
56
7538
539
851
569
638
263
225
26
18
608
55
120718
22
16
225
23
117303
331
120718
21
44153
203
263
225
27
18
608
55
120718
23
16
225
24
117303
331
120718
21
44153
203
263
225
28
18
608
55
120718
22
16
225
23
16
225
24
117303
331
120718
21
44153
203
263
225
29
18
608
55
120718
23
16
225
24
117303
331
120718
21
16
225
22
44153
344
20822
16
492
341
1656
396
225
24
100450
35
2523
18
225
24
540
8039
21
16
22
6053
306
8039
23
16
24
32130
6530
12083
341
8039
23
16
24
6053
306
8039
21
16
22
32130
957
341
3402
33649
35
2523
16
15278
436
15142
8039
26181
21
16
30358
22
76929
348
22729
6434
30
373
12467
277
1435
302
15278
302
1713
61226
10037
1860
344
26181
21
16
30358
22
243253
348
957
4663
18372
15142
15278
388
348
1437
608
55
8
306
608
56
8
436
9746
8023
16
8039
55
16
331
13
795
39425
344
56
16
330
76929
348
2586
342
1196
1682
1804
388
24410
263
16473
1568
616
4080
15142
15278
638
263
5591
14372
225
21
6234
55
8
674
225
21
2407
263
344
21
18
21
13
56592
21
44153
7248
56592
22
16
23
44153
203
263
344
21
18
22
13
56592
21
44153
7248
56592
23
16
24
44153
203
263
344
21
18
23
13
56592
21
44153
7248
56592
22
16
23
16
24
44153
203
263
344
21
18
24
13
56592
21
16
225
22
44153
7248
56592
23
16
225
24
44153
203
263
344
21
18
25
13
56592
21
16
225
24
44153
7248
56592
22
16
225
23
44153
203
24410
263
5591
14372
225
22
6234
56
8
674
225
21
2407
263
344
22
18
21
13
56592
22
16
225
23
44153
7248
56592
21
44153
344
220865
304
225
21
18
21
465
263
344
22
18
22
13
56592
23
16
225
24
44153
7248
56592
21
44153
344
26312
225
21
18
22
465
263
344
22
18
23
13
56592
22
16
225
23
16
225
24
44153
7248
56592
21
44153
344
26312
225
21
18
23
465
263
344
22
18
24
13
56592
23
16
225
24
44153
7248
56592
21
16
225
22
44153
344
26312
225
21
18
24
465
263
344
22
18
25
13
56592
22
16
225
23
44153
7248
56592
21
16
225
24
44153
344
26312
225
21
18
25
465
24410
263
11612
225
622
15278
388
263
109339
4655
1193
225
622
388
24410
263
2586
277
38474
11236
12413
388
263
461
1993
16623
341
386
352
265
2741
177431
608
75
7538
539
4817
277
2746
304
8910
15278
302
77921
50104
499
277
867
302
5015
79852
498
608
75
7538
1175
386
277
177431
302
277
42895
2911
341
225
21
388
24410
263
4032
2164
8517
30
1411
2814
1627
4855
27994
263
1411
2814
1627
4855
12
20
16
335
71316
6714
1411
90
27994
263
1411
2814
1627
4855
12
20
16
225
20
71316
6714
1411
20
27994
263
957
28506
8295
4468
12989
592
539
2489
1889
225
20
396
373
9915
6943
24410
263
39332
4815
638
263
506
1411
43052
351
225
622
478
29
692
225
27
5454
263
506
113685
1411
75
68
499
225
21
304
225
2393
388
263
506
29100
1411
37534
68
1568
388
263
506
1437
1411
4448
215457
13
460
225
22
6193
4622
344
29753
539
1008
468
2750
730
2479
352
1450
2256
680
41729
38474
28506
411
16
689
3836
18486
36513
845
388
263
506
29702
1411
20440
68
396
265
225
22
40
4173
302
2287
106441
22285
18127
15
21
13
1150
344
22285
18127
15
21
13
22243
14885
225
4543
92
4543
388
263
506
1411
20440
63
20
4274
20
65
351
225
21
27994
263
506
1563
1450
1411
90
68
297
1411
37534
246225
1426
506
1411
1815
123231
351
10434
20
65
535
344
22285
15
21
13
352
1447
297
2783
126450
15
21
12015
5454
1426
506
39955
1411
75
21
6193
1411
75
22
27994
1426
506
100476
6988
1411
1815
123231
95838
21
4274
75
22
112998
344
26602
465
1426
506
100476
6988
1411
1815
123231
63
563
21
4274
75
22
112998
344
800
297
225
21
465
1426
506
100476
6988
1411
1815
123231
95838
21
4274
563
22
112998
344
800
297
225
22
465
1426
506
1411
20440
351
699
123231
5454
263
506
1411
543
4284
29124
63
21
4274
21
65
5454
263
506
7448
1411
543
1577
28157
27994
24410
263
47431
638
263
1411
22285
68
530
361
225
2393
388
263
2251
225
2393
92
2393
92
50
352
1450
326
2502
5983
1320
263
1737
15538
16
2983
831
341
3051
33516
225
622
66
28
25967
263
11636
530
5203
608
622
66
28
8
7154
297
265
2487
9891
344
19360
2223
13008
352
14874
11574
16
4663
225
22
17
24
9891
3098
263
2952
16
5882
4938
5002
388
263
9302
1568
9615
671
420
10215
11636
34198
388
263
1283
530
2050
304
24819
277
9118
9284
388
263
2209
225
622
66
28
341
6254
20672
388
263
26128
16
608
50
33
2393
7538
65264
3051
33516
225
740
25967
263
608
2393
795
14200
225
740
795
14200
225
1339
937
351
225
2125
16
937
16
937
25967
263
11636
34198
436
5983
18
225
2125
49
2428
361
4515
304
331
1382
344
2794
36142
1583
103365
13
297
910
11883
32313
388
263
3372
539
24819
1320
24410
263
1283
530
687
52448
65264
302
5463
225
21
304
225
2393
388
263
13568
302
142157
608
75
8
225
21
568
2393
306
29673
1411
52547
6193
539
530
59689
898
5015
302
1411
52547
68
306
725
65264
388
263
1563
1450
2479
1411
92
68
297
1411
52547
6193
1511
616
65264
1411
72
68
302
1411
92
27994
263
114827
265
7323
1411
43190
54442
112998
35
2523
16
539
1008
304
4793
277
2911
1411
92
3255
68
352
1450
1411
72
27994
263
1283
530
2077
265
4400
1411
742
160914
54442
65
351
1568
302
2911
27994
24410
263
28787
638
263
1411
8134
10143
37328
72355
351
121354
21437
103993
263
1563
1411
92
68
297
1411
52547
246225
1426
1563
1411
72
68
297
65264
302
1411
92
246225
287
1411
8134
10143
37328
72355
54442
1807
13341
3974
781
282
103993
24410
263
5489
59689
1257
1411
72
68
344
21
304
225
2393
13
306
1774
38474
366
1411
8134
10143
37328
72355
54442
65
27994
263
957
341
7662
1065
539
16116
388
24410
263
3372
539
24819
277
38474
1320
263
1411
20440
68
341
265
225
22
40
4173
388
263
1283
436
4183
50115
11190
10900
388
263
1411
1815
123231
95838
21
4274
75
22
65
4284
29124
95838
21
4274
75
22
65
5454
263
1411
1815
123231
95838
4855
8914
21
16
335
128729
75
22
65
4284
29124
95838
21
4274
75
22
65
5454
263
1411
1815
123231
95838
21
4274
176138
8914
22
16
335
12015
4284
29124
95838
21
4274
75
22
65
5454
24410
263
461
6650
341
2326
304
26998
297
277
177431
33512
388
263
7517
2911
436
2164
344
2393
733
8696
539
530
24819
34198
1320
263
2491
8696
539
530
1060
3138
411
306
5752
1850
5128
3811
388
263
225
2125
4364
11795
7154
402
68437
40743
2428
361
13334
689
1196
1717
352
433
33
2393
402
374
33
2393
388
263
32468
11636
28506
608
622
66
28
8
297
5907
22
17
23
9891
366
2130
305
3854
144836
40467
388
263
461
2746
16981
436
2164
3811
388
24410
263
16473
4638
2292
277
68437
388
263
1411
43052
351
225
622
478
29
692
225
27
27994
263
216820
30
1411
1815
123231
63
563
21
4274
75
22
65
351
344
1815
123231
63
563
21
4274
75
22
65
692
29124
95838
21
4274
75
22
6577
1577
28157
27994
263
957
68437
341
11552
388
263
3372
539
45609
68437
1320
263
33289
2271
64408
18
1411
23
119628
27994
263
9876
1411
50
33
2393
22243
608
23
2421
2393
97
795
33516
225
622
2421
2072
69396
263
11636
28506
3089
32088
16
689
7154
3456
30172
396
5463
771
8730
388
263
1283
1998
5646
68437
11044
304
2553
5463
2164
388
263
7517
608
622
66
29
692
225
27
8
341
265
8854
16
539
530
893
388
24410
263
4032
11236
2292
638
263
6346
539
27946
10037
1860
420
50104
1320
263
4758
25394
351
22517
302
23864
388
263
7517
539
436
142157
5015
16
539
436
10044
16159
50104
302
277
1568
302
2911
388
263
11219
4007
5002
352
177431
344
453
128619
122282
149047
3098
263
2586
50104
341
4309
388
24410
263
2251
411
2731
386
608
55
8
306
608
56
8
436
277
1656
867
1320
263
373
9379
39174
344
1612
3591
302
27166
341
2670
1360
1019
243253
263
2586
608
55
795
10012
331
351
795
91566
25967
263
461
38474
18373
492
1480
387
2479
6977
304
7662
730
2256
344
273
5023
3098
263
1437
387
2479
341
297
2256
225
21
16
411
341
516
2451
352
2256
225
22
388
24410
263
26128
16
341
411
2731
304
569
277
1656
867
302
2911
689
1497
23864
1320
263
461
2740
1411
52547
68
530
569
69488
388
263
12692
30
112017
21
16
225
21
65
27994
263
118097
30
225
20
16
225
21
388
263
33289
30
225
21
16
225
21
388
263
41074
79852
498
225
21
30
648
21
16
225
21
21265
263
1283
1587
177431
225
21
388
263
47227
30673
638
263
12179
225
20
2649
7018
225
21
18
12179
225
21
2649
7018
225
22
388
263
4758
25394
225
21
30
391
21
7342
4758
25394
225
22
30
391
21
7342
469
160297
225
21
16
225
21
388
263
5987
39174
35
8520
388
263
16146
388
24410
263
2251
903
839
852
16340
1320
263
373
4246
58257
6
4663
18372
1991
34987
388
263
12379
1991
5002
352
277
8288
1320
263
32468
516
352
373
5686
302
15278
6943
263
12379
1991
5002
2223
277
138394
1320
263
177431
341
1991
7821
388
263
2586
19073
1019
396
8023
344
3503
34763
13
341
4309
388
24410
263
4032
8106
1690
638
263
2115
592
1411
52547
68
674
12461
2911
1320
263
461
38474
4229
366
277
1568
302
2911
18
1437
903
436
69488
297
1411
8134
10143
37328
72355
54442
65
6193
724
436
8916
396
9746
5015
344
65991
23864
3098
263
12692
30
112017
22
16
225
22
65
6193
2741
608
75
33
22
25967
263
1411
37534
351
648
21
16
225
21
65
27994
263
38474
366
112017
21
16
225
21
65
27994
263
1283
1008
304
1682
15278
8039
55
16
331
6053
499
1131
1217
23864
388
263
608
55
120718
17831
21
117303
331
120718
17831
22
44153
388
263
608
55
120718
17831
22
117303
331
120718
17831
21
44153
388
263
608
55
120718
17831
21
117303
331
120718
17831
21
44153
344
9379
39174
35
2523
3098
263
608
55
120718
17831
21
117303
331
120718
17831
21
16
19086
22
44153
344
9379
39174
35
2523
3098
263
2586
225
22
15278
388
263
461
38474
28506
492
12989
1480
411
6582
5015
60166
388
24410
263
461
1310
1690
112017
21
16
225
21
16
225
21
16
225
21
112998
6714
225
1120
388
263
608
50
33
24
25967
263
2536
5015
436
225
21
18
9619
116895
498
225
21
388
263
1411
37534
351
648
21
16
225
21
16
225
21
16
225
21
65
27994
263
1283
1008
15278
302
50104
402
177431
225
21
388
263
2536
50104
569
177431
225
21
388
263
11612
15278
302
77921
1713
61226
50104
638
263
608
23
66
24
506
225
22
2421
25
97
692
225
21
351
225
1120
25967
263
109339
388
24410
263
2586
277
8860
341
4689
388
24410
263
7654
28787
638
263
22057
14487
203
263
499
23225
1250
3914
203
263
1250
11892
203
263
499
19443
1250
121354
300
263
28157
351
225
622
478
29
692
225
27
203
263
19375
18127
351
225
2393
905
7517
27166
2943
65
6758
225
2393
16
306
326
6743
225
21
16
1252
351
27166
2943
23725
75
6758
225
2393
300
263
917
1682
12932
25394
95083
56046
30
3914
37990
6577
2649
853
638
287
905
4421
52448
65264
352
225
21
568
2393
203
287
65264
14008
351
121354
21437
465
287
352
1150
297
27166
638
3014
352
282
297
2783
12
21
16
1150
692
225
21
2407
380
592
1150
1577
282
1377
225
20
638
7398
65264
14008
54442
1807
13341
3974
781
282
465
39540
287
905
1283
1094
1008
65264
778
304
2687
56046
13
420
225
2393
388
287
905
7517
27166
2943
65
6758
225
2393
16
539
530
1060
59689
225
21
568
2393
203
39540
287
2983
95083
351
225
20
203
39540
287
352
326
297
2783
12
21
16
225
4543
2407
3014
905
1283
1094
2081
819
326
778
304
225
2393
388
3014
905
2209
1411
742
160914
14008
68
2428
516
569
6920
352
616
326
388
3014
905
2952
16
352
326
1518
2687
56046
733
65264
14008
95838
65
341
8295
388
3014
81035
351
65264
14008
1253
8914
16
78934
62222
3014
905
38474
40326
203
3014
905
49011
30
344
22285
18127
692
225
21
13
1150
344
22285
18127
692
225
21
465
3014
905
1283
911
225
20
304
3087
373
9915
2256
6
420
373
176138
225
20
6
344
20
674
840
4938
465
3014
29124
351
10434
20
65
535
344
22285
18127
692
225
21
13
352
1447
297
2783
126450
18127
692
225
21
9445
3014
29124
63
20
4274
20
65
351
225
21
203
62222
3014
352
335
297
81035
638
380
699
123231
351
10434
20
65
535
344
22285
18127
692
225
21
13
352
1447
297
2783
126450
18127
692
225
21
9445
74715
380
352
326
21
297
2783
126450
18127
692
225
21
2407
7398
352
326
22
297
2783
126450
18127
692
225
21
2407
10464
1843
8962
351
29124
95838
21
4274
75
22
1391
10464
592
1843
8962
1377
225
20
638
14246
4622
203
130253
10464
905
9243
225
20
30
35337
304
5601
344
68087
465
10464
699
123231
95838
21
4274
75
22
65
351
344
1815
123231
95838
21
4274
75
22
65
692
1843
8962
13
1577
28157
203
130253
10464
905
9243
225
21
30
35337
304
2256
225
21
203
10464
905
1800
177431
302
2256
225
21
203
10464
2470
21
351
11892
1627
4855
8914
21
16
335
465
10464
699
123231
63
563
21
4274
75
22
65
351
344
1815
123231
63
563
21
4274
75
22
65
692
1843
8962
13
1577
28157
203
130253
10464
905
9243
225
22
30
35337
304
2256
225
22
203
10464
2470
22
351
11892
1627
4855
8914
22
16
335
465
10464
699
123231
95838
21
4274
563
22
65
351
344
1815
123231
95838
21
4274
563
22
65
692
1843
8962
13
1577
28157
203
130253
380
29124
351
699
123231
203
62222
3014
2983
95083
351
344
12815
95083
692
29124
63
21
4274
21
6577
1577
28157
203
62222
287
758
2983
95083
203
263
39755
24410
263
26128
16
1411
22285
18127
68
17556
388
263
1411
37534
68
5720
1411
92
781
326
22243
7517
1411
92
6758
225
2393
68
306
1411
75
6743
225
21
6193
1411
92
781
326
6758
225
2393
27994
263
2586
1411
22285
18127
351
225
2393
68
341
4309
388
24410
263
82618
638
263
81685
9284
225
2393
388
263
47052
9284
1411
4448
215457
13
27994
263
11612
5015
15267
3051
33516
225
22
4120
25967
263
47052
38474
34198
608
4543
795
14200
225
4543
795
33516
225
1339
937
25967
263
30653
3051
33516
225
2125
16
937
16
937
25967
263
11636
2428
361
20672
388
24410
263
3372
539
52673
717
3892
1320
263
1283
530
911
1411
4119
68
420
1411
52354
68
35
2523
16
4350
18579
1094
4663
388
263
1283
530
911
1568
302
14215
388
263
461
68437
5637
5451
31934
9284
341
5983
388
263
1283
530
1971
1411
1815
123231
211032
4284
1843
8962
68
2142
68437
5451
9118
9284
306
5646
68437
468
277
1169
302
277
2479
5993
9284
1320
263
33289
530
2271
64408
18
608
23
2421
2393
69396
263
9876
1435
302
10037
1860
341
608
22
2421
2393
97
795
33516
225
21
18
26
795
14200
225
622
2421
1530
69396
263
11636
853
341
22551
17839
16
689
608
622
2421
1530
4008
341
8730
388
263
461
38474
44914
1131
19720
388
263
49003
608
622
2421
1530
4008
44640
341
5983
388
263
1283
1196
893
388
263
2251
903
265
1528
304
4928
68437
1320
263
1283
530
5091
7177
68437
5451
277
9118
34198
592
539
911
265
10662
8860
420
592
277
5882
341
2674
16
689
31211
304
893
388
263
26128
16
1411
7628
8962
68
341
68437
289
499
3733
2672
388
263
2586
2911
8805
297
1411
20440
68
436
2837
132488
225
22
795
14200
225
622
66
29
8
344
10384
893
3098
263
2586
1411
1815
123231
68
44640
436
132488
225
622
2421
1045
4008
344
47858
297
11636
853
16
840
13304
3933
1013
346
2264
3098
263
1283
530
45414
2142
68437
306
5646
68437
468
277
1169
302
1450
1411
75
68
29607
1320
263
461
2911
297
1411
20440
68
642
16113
778
388
263
16473
2292
30
608
22
2421
2393
4008
341
2927
18
41526
1019
778
388
263
41729
16
277
1435
302
5267
341
2164
6234
1339
937
8
3098
263
2209
277
19691
302
5463
341
2927
388
263
2952
16
11636
28506
2927
32088
19792
352
40743
16
689
2457
302
1586
2927
5463
341
30172
388
263
18750
16981
16
1411
43052
68
5451
9284
341
31211
306
4164
5128
3811
388
24410
263
41729
16
4077
468
277
1310
1690
638
263
112017
11529
16
225
12873
16
69585
225
12873
16
225
9652
16
225
2393
1424
112998
2649
225
23434
23717
15708
388
263
2933
5463
436
2927
388
263
461
2746
4164
36033
277
4377
342
11470
388
24410
263
4032
8517
30
1411
742
160914
14008
68
7274
388
263
1283
59689
1411
72
68
499
225
21
304
1411
92
27994
263
1563
1411
92
33
2393
6193
1411
72
68
6977
225
21
568
2393
18
225
2393
40753
388
263
11612
352
616
1411
92
45280
608
2393
795
14200
225
2393
351
225
1339
937
25967
263
957
341
39154
388
24410
263
7654
60572
638
263
461
38474
2924
341
608
4543
795
14200
225
4543
25967
263
1283
530
43515
411
304
225
21
40
1320
263
12179
608
79
351
326
21
795
14200
225
4543
692
326
22
25967
263
2209
225
22
40
341
51648
306
5612
5052
341
55591
388
24410
263
3372
539
5510
277
2783
302
1411
75
21
68
306
1411
75
22
68
1320
263
469
160297
436
65264
302
5463
297
1411
37534
27994
263
7517
1411
37534
68
436
2164
16
539
1387
687
52448
2731
469
160297
352
1450
1568
306
21957
15428
388
263
2209
17713
386
15013
16066
18
608
2393
795
14200
225
2393
8
341
6842
2331
388
24410
263
16473
13561
277
1310
1690
112017
27
16
225
27
65
27994
263
1411
52547
351
648
27
16
225
27
65
27994
263
608
75
33
21
90738
1411
37534
351
648
27
16
225
27
65
27994
263
38474
366
112017
27
16
225
27
65
27994
263
19100
1411
20440
63
21
4274
21
65
27994
263
7517
225
27
341
516
225
21
16
177431
642
3042
361
225
21
388
263
26128
18
1411
37534
68
436
608
52547
2943
23725
75
25967
263
1563
608
75
33
21
7538
1411
37534
351
648
27
16
225
27
65
27994
263
1283
1008
1411
176138
8565
3015
351
225
21
16
108064
10210
3015
351
225
21
27994
263
136487
18
1411
20440
63
21
4274
21
112998
642
361
225
20
388
24410
263
608
75
33
27
177600
263
1411
37534
351
648
21
16
225
21
65
27994
263
38474
366
112017
21
16
225
21
65
27994
263
19100
1411
20440
63
21
4274
21
65
27994
263
608
55
11
120718
21
117303
331
11
120718
21
44153
388
263
1283
569
1217
225
21
87
388
263
202031
638
263
8039
55
11
120718
17831
21
117303
331
11
120718
17831
22
64
4106
22745
263
8039
55
11
120718
17831
22
117303
331
11
120718
17831
21
64
4106
22745
263
2586
225
22
15278
388
263
109339
1310
1690
388
24410
263
71128
4309
388
24410
263
4032
2164
17422
638
263
1283
530
2984
3836
592
1411
37534
68
341
8295
388
24410
263
22057
14487
203
263
917
1682
12932
25394
95083
56046
30
3914
37990
6577
2649
853
638
287
28157
351
225
622
478
29
692
225
27
203
287
19375
18127
351
225
2393
905
35107
1333
1325
14031
341
2188
6758
225
2393
203
39540
287
905
4421
52448
616
65264
352
616
5463
297
27166
203
287
905
1283
4793
265
1568
302
2911
344
742
4139
498
46099
13
352
1450
46099
203
287
905
46099
2649
1568
302
2911
203
287
1252
10143
37328
72355
351
13797
39540
287
352
1150
297
27166
638
3014
352
282
297
2783
12
21
16
1150
692
225
21
2407
380
592
1150
1577
282
1377
225
20
638
7398
592
282
516
297
1252
10143
37328
72355
638
10464
1252
10143
37328
72355
54442
65
351
11210
7398
1252
10143
37328
72355
54442
1807
13341
3974
781
282
465
39540
287
2983
351
225
20
203
39540
287
352
326
297
2783
12
21
16
225
4543
2407
3014
592
326
516
297
1252
10143
37328
72355
638
380
4622
203
62222
3014
81035
351
1252
10143
37328
72355
95838
1391
3014
905
38474
2924
30
29124
95838
21
4274
75
22
1391
3014
905
326
21
341
177431
302
2256
225
21
16
326
22
341
177431
302
2256
225
22
203
3014
905
225
20
2767
8295
203
3014
29124
351
10434
20
65
535
344
22285
18127
692
225
21
13
352
1447
297
2783
126450
18127
692
225
21
9445
3014
29124
63
20
4274
20
65
351
225
21
203
62222
3014
352
335
297
81035
638
380
699
123231
351
10434
20
65
535
344
22285
18127
692
225
21
13
352
1447
297
2783
126450
18127
692
225
21
9445
74715
380
352
326
21
297
2783
126450
18127
692
225
21
2407
7398
352
326
22
297
2783
126450
18127
692
225
21
2407
10464
3285
351
29124
95838
21
4274
75
22
1391
10464
592
3285
1377
225
20
638
14246
4622
203
130253
10464
905
14372
225
21
30
335
341
37437
203
10464
699
123231
95838
21
4274
75
22
65
351
344
1815
123231
95838
21
4274
75
22
65
692
3285
13
1577
28157
203
130253
10464
905
14372
225
22
30
335
341
297
2256
225
21
203
10464
905
11892
1627
4855
12
20
16
335
13
351
335
203
10464
2470
21
351
11892
1627
4855
8914
21
16
335
465
10464
699
123231
63
563
21
4274
75
22
65
351
344
1815
123231
63
563
21
4274
75
22
65
692
3285
13
1577
28157
203
130253
10464
905
14372
225
23
30
335
341
297
2256
225
22
203
10464
2470
22
351
11892
1627
4855
8914
22
16
335
465
10464
699
123231
95838
21
4274
563
22
65
351
344
1815
123231
95838
21
4274
563
22
65
692
3285
13
1577
28157
203
130253
380
29124
351
699
123231
203
62222
3014
2983
351
344
12815
692
29124
63
21
4274
21
6577
1577
28157
203
62222
287
758
2983
203
263
39755
24410
263
461
3419
2363
28725
4059
1411
3161
23225
1250
3914
27994
263
342
1196
1265
2897
304
1250
1411
2814
27994
263
461
1154
16607
341
2688
388
263
461
2363
1998
361
31342
297
22057
388
24410
263
17050
2292
366
277
1411
3761
68
1154
388
263
887
10424
277
70305
388
263
461
7878
1998
4475
388
24410
263
4032
2522
2292
366
277
11236
302
1411
1369
10143
37328
72355
27994
263
1563
1411
52547
351
648
21
16
225
22
16
225
23
16
225
24
65
27994
263
608
75
33
21
90738
1411
37534
351
648
21
16
225
22
16
225
23
16
225
24
65
27994
263
608
75
33
22
90738
1411
37534
351
648
21
16
225
22
112998
344
3161
225
22
306
225
24
3098
263
608
75
33
23
90738
1411
37534
351
648
21
65
27994
263
608
75
33
24
90738
1411
37534
351
648
21
65
27994
24410
263
38474
366
112017
21
16
225
22
112998
344
1943
608
75
33
22
8
2407
263
12474
1411
20440
63
20
4274
20
16051
21
27994
263
9583
225
21
638
1426
106441
20
16
20
71316
2649
106441
20
16
20
237518
106441
21
16
20
237518
106441
20
16
21
13
27994
1426
1411
20440
68
1616
674
19720
352
1131
5267
388
263
9583
225
22
638
1426
153186
3970
263
1283
1008
1411
20440
63
21
4274
21
112998
468
277
1169
388
263
3398
112017
21
16
225
22
65
6193
530
539
771
106441
21
16
21
71316
1320
263
1283
1008
730
2479
297
7018
225
21
344
38504
361
225
21
733
730
2479
297
7018
225
22
344
38504
361
225
22
3098
263
2491
1411
21
68
297
7018
225
22
306
1411
22
68
297
7018
225
21
35
177431
1011
361
225
22
16
713
840
388
263
2586
106441
21
16
21
71316
21062
304
56592
21
59980
795
264
469
21
16
40990
22
59980
795
264
469
22
25967
263
2251
492
33649
1320
263
4101
1325
225
21
638
1426
7018
225
21
674
225
21
18
344
43
6427
225
21
3098
1426
7018
225
22
674
225
20
18
344
43
6427
225
20
3098
263
9583
225
22
638
1426
5591
1889
106441
21
16
225
20
71316
638
287
51541
30
106441
21
16
225
20
103993
287
3443
304
225
21
30
1411
176138
12
21
16
225
22
5791
21
68
2649
106441
21
16
225
20
71316
344
20822
16
2479
225
22
6977
304
469
21
3098
287
3443
304
225
22
30
1411
176138
12
20
16
225
22
5791
22
68
2649
106441
21
16
225
22
13
27994
1426
2586
539
771
106441
21
16
225
22
13
27994
1426
5591
1889
106441
20
16
225
21
71316
638
287
3443
304
225
22
30
1411
176138
12
21
16
225
22
5791
21
68
2649
106441
20
16
225
21
13
27994
1426
2586
539
771
106441
20
16
225
21
13
27994
24410
263
26128
16
1207
1414
106441
21
16
225
21
71316
2423
499
1320
263
1283
569
5015
225
21
306
225
22
388
263
2159
771
1411
43
6427
33
21
68
297
1804
16
539
1008
5015
386
436
225
21
388
263
7517
539
1094
569
730
225
21
16
539
4273
11297
411
983
1217
4468
388
263
2586
106441
21
16
225
21
71316
1196
361
225
20
388
263
2209
539
10387
106441
21
16
225
22
71316
306
106441
20
16
225
21
13
27994
263
2586
1193
341
225
20
388
263
42600
16
1411
8227
12932
25394
95083
68
352
608
75
33
22
8
1196
11274
225
20
388
24410
263
109339
922
12169
2292
388
24410
263
461
2363
7348
4309
388
24410
263
4032
9689
20175
3645
30
461
1756
23570
304
373
11873
277
2363
385
11116
297
265
127068
2363
2732
6943
263
461
10686
6632
265
48519
402
1411
1847
1682
12932
25394
95083
1424
27994
263
342
642
2483
277
2833
7878
302
386
1154
388
263
342
1196
2549
1411
656
11892
68
592
342
911
411
388
263
461
3419
49032
674
1411
3161
23225
1250
3914
27994
263
342
1196
2636
27717
5451
277
2363
2732
388
24410
263
4032
17422
638
263
461
9284
1411
1943
326
21
297
2783
126450
18127
692
225
21
2738
352
326
22
297
2783
126450
18127
692
225
21
2738
68
10424
1571
592
1210
16174
436
225
20
388
263
1283
1387
4793
1411
20440
68
396
265
20078
302
1713
41872
5267
106441
75
21
16
326
22
13
2649
1682
27994
263
7517
1411
22285
18127
33
2393
6193
277
7689
341
25640
420
41200
1320
263
1563
5676
32088
16
177431
24339
304
361
2164
388
263
2586
1210
16174
436
225
20
388
263
340
20078
4158
2428
361
10662
388
263
16473
12564
388
263
1563
608
50
4599
33
2393
7538
539
1343
5015
388
263
7551
302
1713
41872
5267
341
5885
388
263
1563
5676
32088
16
177431
302
50104
75686
304
2164
5463
388
263
9302
265
12194
352
1411
20440
68
5143
471
304
1094
59689
898
99164
5267
388
263
16473
2050
304
3138
1347
12194
592
411
3672
5258
16
420
2553
4173
352
5612
1320
263
43419
674
32103
621
1993
388
263
8722
674
6842
29607
2331
388
263
3398
608
1339
937
8
40753
621
2479
16
306
608
22
4120
8
2983
5015
16
4173
341
608
2125
49
8
45247
388
263
43419
30
1435
302
99164
5267
341
2164
388
263
428
1627
1278
352
112017
21
16
225
22
16
225
23
16
4074
225
2393
65
6193
1030
1451
9746
469
160297
2893
1320
263
8133
65264
388
263
461
1435
302
9746
469
160297
302
50104
302
5463
225
21
568
2393
341
277
1435
302
65264
302
5463
225
21
568
2393
388
263
41729
16
277
177431
302
265
22517
302
265
867
341
265
46099
302
910
2479
388
263
2586
2731
469
160297
436
277
867
302
616
65264
302
225
21
568
2393
388
263
957
341
21210
3051
5421
1242
77
33
21
6165
2393
97
795
14024
5802
76929
263
957
341
2239
225
22
937
17
23
937
388
263
2586
277
7689
341
1586
41200
388
263
2952
16
277
29607
1411
1943
326
21
1424
352
326
22
68
21373
616
608
1339
937
8
3331
388
263
1437
539
911
265
20078
16
539
59689
1094
898
1411
133036
68
5267
388
263
1563
608
50
4599
33
2393
7538
99164
5267
2428
361
3051
15288
225
622
66
24
25967
263
11612
45247
3051
33516
225
22
4120
795
14200
225
622
66
24
351
225
1199
795
14200
225
622
66
26
25967
263
957
341
1687
2516
936
608
2125
795
14200
225
622
66
26
25967
24410
263
16473
3138
277
38474
402
20078
388
24410
263
4101
30
106441
75
21
16
326
22
103993
263
50069
638
263
1411
2311
351
344
75
21
16
326
22
103993
263
1411
8227
351
29124
23169
65
5454
24410
263
1411
1815
123231
22689
75
21
16
326
22
12015
4284
1682
5454
263
1411
563
21
351
11892
1627
4855
8914
21
16
335
103993
263
1411
1815
123231
22689
563
21
16
326
22
12015
4284
1682
5454
263
1411
563
22
351
11892
1627
4855
8914
22
16
335
103993
263
1411
1815
123231
22689
75
21
16
2470
22
12015
4284
1682
5454
24410
263
1283
1998
361
17034
304
911
1411
6347
24149
5232
13
27994
24410
263
26128
16
1411
20440
63
20
4274
20
65
351
225
21
27994
263
957
4229
388
24410
263
20984
2292
366
1411
2814
1627
4855
27994
263
1437
342
1907
1250
1411
2814
6193
342
530
3138
4081
108064
16
689
1411
2814
1627
4855
68
341
4350
388
24410
263
4032
8517
30
1411
3161
23225
1250
3914
68
341
3402
297
277
49032
388
263
342
642
2553
411
18
255011
255012
3080
14487
203
3161
23225
1250
3914
203
656
11892
203
3161
19443
1250
121354
300
1847
1682
12932
25394
95083
56046
30
3914
37990
6577
2649
853
638
298
11192
9837
277
1435
302
15278
302
1713
61226
10037
1860
344
26181
21
16
30358
22
13
302
27166
386
22465
638
298
225
21
18
461
10037
1860
30358
21
306
30358
22
436
77921
344
1612
3591
302
27166
341
2670
1360
1019
465
298
225
22
18
461
177431
302
277
5015
302
30358
21
341
6792
304
277
177431
302
277
5015
302
30358
22
19964
298
7448
277
2983
1435
302
1175
15278
68437
225
622
66
29
692
225
27
388
2458
298
35685
638
348
27166
30
1401
11795
4173
1207
225
21
6758
6441
56046
13
6758
225
2393
306
225
21
6758
27166
2943
65
6758
225
2393
19964
298
11341
638
348
461
1435
302
4080
138394
15278
68437
225
622
66
29
692
225
27
19964
298
25436
1682
12932
25394
95083
6336
21
16
225
22
16
225
23
16
225
24
7204
298
225
622
203
298
25436
1682
12932
25394
95083
6336
622
16
225
696
16
225
963
7204
298
225
22
203
298
25436
1682
12932
25394
95083
6336
21
16
225
21
16
225
21
16
225
21
7204
298
225
1120
203
298
8340
298
28157
351
225
622
478
29
692
225
27
203
298
19375
18127
351
225
2393
905
7517
27166
2943
65
6758
225
2393
16
306
539
20947
498
326
6743
225
21
16
1252
6758
225
2393
19964
298
905
1283
1587
304
1682
15278
352
1440
2731
177431
326
388
298
905
1563
265
6842
326
16
539
1094
2081
819
5015
79852
498
326
388
298
905
16473
2256
23864
498
277
46099
326
388
298
905
46099
2649
1568
302
2911
344
2258
781
326
465
298
1252
10143
37328
72355
351
121354
21437
465
2458
298
352
1150
297
27166
638
348
905
9837
616
65264
302
1150
203
348
352
282
297
2783
12
21
16
1150
692
225
21
2407
454
592
1150
1577
282
1377
225
20
638
615
1252
10143
37328
72355
54442
1807
13341
3974
781
282
465
14818
298
2983
95083
351
225
20
19964
298
905
113685
1257
616
2731
177431
2911
326
203
298
352
326
297
2783
12
21
16
225
4543
2407
348
592
326
516
297
1252
10143
37328
72355
638
454
4622
64903
348
905
3914
302
42895
2911
352
492
3018
326
203
348
81035
351
1252
10143
37328
72355
95838
1391
4856
348
905
1283
1587
304
11954
1131
2911
304
225
23
5267
638
348
905
225
20
30
37437
344
125796
304
15600
30358
21
6685
30358
22
465
348
905
225
21
30
23812
304
30358
21
203
348
905
225
22
30
23812
304
30358
22
30795
348
905
1283
1008
304
1682
30673
1207
638
348
905
225
21
18
3092
2750
730
1333
341
297
1889
225
21
203
348
905
225
22
18
3092
2750
730
1333
341
297
1889
225
22
203
348
905
225
23
18
461
177431
302
616
2911
297
1889
225
21
341
225
21
344
29753
4607
177431
540
326
16
42895
177431
1998
361
225
21
465
348
905
225
24
18
461
177431
302
616
2911
297
1889
225
22
341
225
21
30795
348
905
38474
95838
21
4274
75
22
65
351
1435
302
4781
304
1343
5015
713
3312
1175
386
203
348
905
1843
177431
302
2256
225
21
341
326
21
306
1843
177431
302
2256
225
22
341
326
22
388
348
905
5904
265
20078
304
4793
1094
99164
5267
344
118808
3098
348
905
8094
30
344
75
21
16
326
22
733
9042
30
1682
203
348
29124
351
121354
5232
465
348
29124
22689
20
16
225
20
12015
351
225
21
30795
348
352
335
297
81035
638
454
699
123231
351
121354
5232
465
9078
454
352
344
75
21
16
326
22
733
1682
297
29124
25281
10698
615
592
1682
1377
225
20
638
828
4622
78518
615
905
9243
225
21
30
335
341
37437
344
5124
225
20
465
615
699
123231
22689
75
21
16
326
22
12015
351
344
1815
123231
22689
75
21
16
326
22
12015
692
1682
13
1577
28157
78518
615
905
9243
225
22
30
335
341
297
30358
21
203
615
905
1800
177431
341
108064
8914
21
16
335
465
615
699
4599
21
351
11892
1627
4855
8914
21
16
335
465
615
699
123231
22689
1815
4599
21
16
326
22
12015
351
344
1815
123231
22689
1815
4599
21
16
326
22
12015
692
1682
13
1577
28157
78518
615
905
9243
225
23
30
335
341
297
30358
22
203
615
699
4599
22
351
11892
1627
4855
8914
22
16
335
465
615
699
123231
22689
75
21
16
699
4599
22
12015
351
344
1815
123231
22689
75
21
16
699
4599
22
12015
692
1682
13
1577
28157
78518
454
29124
351
699
123231
64903
348
905
1283
1008
108064
101030
21
13
351
225
21
306
108064
101030
22
13
351
225
21
203
348
905
2586
539
1538
352
277
1889
344
21
16
225
21
465
348
2983
95083
351
344
12815
95083
692
29124
1253
2091
21
16
225
21
733
225
20
1149
1577
28157
30795
298
758
2983
95083
203
3080
255013
255001