255000
255004
255012
8928
9460
436
2837
304
361
7528
306
4273
361
86428
498
13845
1181
420
1756
14134
638
17
1532
642
3032
10855
352
11828
16
29845
16
420
12077
2269
4131
304
6126
12283
18
1532
642
516
2483
2269
386
341
20243
420
1387
361
1161
304
3866
7431
382
8928
9460
8490
396
593
31768
16
689
724
530
361
86428
297
13845
1181
420
1756
14134
638
17
4520
1227
341
5464
28760
7654
388
17
1532
436
265
2927
4001
2045
6120
498
169990
422
382
7
15420
24293
203
3080
4605
203
63
300
1391
3080
255013
255001
255000
255002
255012
6534
277
2165
1154
16607
306
194863
16
7095
3138
277
1154
4546
306
1717
616
277
6292
18
1995
5677
4222
59947
5533
213288
28430
3039
1196
18523
277
2363
385
11116
297
265
127068
2363
2732
344
826
22057
13
344
22310
642
61694
277
4607
5442
994
5640
1847
1682
67
2289
5912
2796
1324
12402
30
853
13
2649
853
638
298
11192
35001
10626
366
51337
225
21
306
9002
304
6018
51337
399
18
3283
674
265
12159
1333
6857
468
225
20
388
298
5591
51337
700
16
1419
530
1971
1217
3815
302
7154
638
298
225
21
18
7450
1652
304
51337
700
17
21
344
66026
361
1161
149558
420
366
51337
225
20
465
298
225
22
18
7450
778
304
51337
700
692
225
22
66
74486
16
1232
19706
12159
498
225
21
19964
298
7448
277
2983
1435
302
4781
35001
530
6018
51337
399
388
298
8598
386
35001
530
6018
51337
399
4347
3041
306
4622
7154
388
2458
298
35685
638
348
399
30
461
2741
51337
1435
344
20
6758
399
6758
225
622
66
29
465
2458
298
11341
638
348
461
1435
302
9746
4781
304
6018
51337
399
19964
298
25436
1682
67
2289
5912
2796
1324
12
20
465
298
225
22
203
298
25436
1682
67
2289
5912
2796
1324
12
21
465
298
225
24
203
298
25436
1682
67
2289
5912
2796
1324
12
10560
465
298
225
21
203
298
33328
1847
2292
180005
2407
298
3999
12578
12
20
13
1377
225
22
203
298
3999
12578
12
21
13
1377
225
24
203
298
3999
12578
12
14423
16507
28195
13
1377
225
25019
203
298
3999
12578
12
21
26282
28049
26167
13
1377
225
27
15834
26401
203
298
3999
12578
12
10560
13
1377
225
21
203
298
3999
12578
12
21
25254
17873
24093
13
1377
225
20
203
298
3999
12578
12
13197
25527
29649
13
1377
225
20
203
298
3999
12578
12
20104
23935
22264
13
1377
225
20
203
298
3999
12578
12
14423
16507
24619
13
1377
225
21
203
298
3999
12578
12
21
26282
27759
20179
13
1377
225
20
203
298
3999
12578
12
21
937
937
937
13
1377
225
20
203
298
3999
12578
12
25616
16605
23457
13
1377
225
20
203
298
3999
12578
12
4542
4542
8909
13
1377
225
20
203
298
3999
12578
12
20269
28632
21415
13
1377
225
20
203
298
3999
12578
12
13120
13
1377
225
20
203
298
3999
12578
12
24969
27353
27112
13
1377
225
20
203
298
3999
12578
12
26472
24067
28978
13
1377
225
20
203
298
3999
12578
12
25657
11313
22675
13
1377
225
20
203
298
3999
12578
12
11969
13
1377
225
20
203
298
3999
12578
12
27248
937
8107
13
1377
225
20
203
298
3999
12578
12
19396
10942
26373
13
1377
225
20
203
298
3999
12578
12
25045
28195
4079
13
1377
225
20
203
298
3999
12578
12
25513
26372
27527
13
1377
225
20
203
298
3999
12578
12
27478
17142
15708
13
1377
225
20
203
298
3999
12578
12
20918
22891
17023
13
1377
225
21
203
298
3999
12578
12
19727
17503
13
1377
225
20
203
298
3999
12578
12
902
23737
13
1377
225
883
300
7
5904
2292
38460
67
2289
5912
2796
1324
13
304
1774
6292
388
3080
255013
255001
255000
255003
255010
669
2746
30
373
76887
10626
366
51337
225
21
306
9002
304
6018
51337
399
18
3283
674
265
12159
1333
6857
468
225
20
18
5591
51337
700
16
1419
530
1971
1217
3815
302
7154
30
225
21
13
7450
1652
304
51337
700
17
21
344
66026
361
1161
149558
420
366
51337
225
20
13
225
22
13
7450
778
304
51337
700
692
225
22
66
74486
16
1232
19706
12159
498
225
21
18
7448
277
2983
1435
302
4781
35001
530
6018
51337
399
18
8598
386
35001
530
6018
51337
399
4347
3041
306
4622
7154
2885
23928
1154
16607
30
917
1682
67
2289
5912
2796
1324
12402
30
853
13
2649
853
1375
3506
4027
30
1682
67
2289
5912
2796
1324
12
20
13
2649
225
22
16
1682
67
2289
5912
2796
1324
12
21
13
2649
225
24
16
1682
67
2289
5912
2796
1324
12
10560
13
2649
225
21
16
306
1451
3575
382
2110
1008
304
3138
265
1154
386
6714
1435
302
9746
4781
304
6018
51337
399
1091
277
4546
14655
382
2110
1008
304
2550
277
2746
7095
18
16473
2984
1652
277
5224
382
76887
10626
366
51337
225
21
16
9002
304
6018
51337
399
18
35475
12159
1333
341
225
20
382
83199
499
51337
700
1375
21
18
7450
1652
304
51337
700
17
21
344
66026
361
1161
149558
420
366
51337
225
20
680
2586
4273
704
1652
12775
297
265
5737
16
306
4273
704
1652
499
51337
225
20
344
77
3077
1278
700
1998
361
6743
225
22
304
911
3746
225
21
680
6755
4273
911
3746
225
21
149558
2767
1325
7514
1652
16
277
2475
3746
4273
361
1652
1754
18
2586
1325
265
1652
3746
16
385
1998
589
387
778
3746
344
273
5088
35
2209
385
530
4622
852
14655
680
2586
385
530
704
778
304
700
15
22
66
74486
306
19706
12159
498
225
21
16
1325
265
1652
3746
1850
516
265
1652
1754
18
1533
385
530
754
43532
18
16473
10574
16981
382
22
18
7450
778
304
51337
700
692
225
22
66
74486
16
1232
19706
12159
498
225
21
18
2586
265
3746
778
15013
225
22
66
74486
344
73210
12159
225
20
13
304
1843
700
16
306
1325
386
12159
7883
12159
15
21
382
27872
16
6857
468
51337
225
21
402
12159
225
20
16
277
778
3746
499
225
21
1011
704
304
225
21
692
225
22
66
20
351
225
22
16
1232
12159
7883
225
21
18
5489
277
2475
778
499
225
22
6977
304
225
22
692
225
22
66
21
351
225
24
16
1232
12159
33
22
31
2475
778
499
225
24
6977
304
225
24
692
225
22
66
22
351
225
28
16
12159
33
23
31
4115
18
2586
1850
1013
16751
8212
41579
72297
18
2586
6857
468
225
21
16
277
6917
302
10690
99164
3874
10215
778
14655
344
1612
1652
14655
13
341
30
1472
468
225
21
344
4296
680
4790
307
778
14655
344
74486
6917
225
20
568
82
17
21
733
2413
351
225
21
692
4455
1242
78
33
20
6165
82
17
21
97
225
22
90193
351
225
21
692
344
22
38126
506
225
21
13
351
225
22
38126
18
20987
1325
307
778
14655
385
436
468
2413
225
22
38126
18
2586
99164
10690
3874
1094
778
14655
436
16751
302
225
22
344
15519
225
22
66
20
33
21
1472
35
35475
468
225
21
16
12035
680
1533
277
12159
72297
1450
778
18
2586
10215
778
499
225
21
22699
10690
30
1325
225
20
14655
344
77
3077
1278
1472
733
2413
351
225
21
351
225
22
66
20
18
4790
225
21
778
30
225
22
16
1325
225
22
778
30
225
24
16
1325
225
23
778
30
225
28
16
4115
382
27872
99164
10690
3874
15823
302
778
14655
436
7662
16751
302
225
22
382
8311
1652
3746
30
499
839
51337
700
344
77
6743
225
22
16
396
4273
361
366
51337
225
20
306
4273
361
1161
149558
13
385
530
704
1652
304
700
17
21
18
2952
16
4273
361
1161
149558
30
713
385
4273
589
1217
1652
14655
297
265
5737
18
6755
4273
361
1161
366
51337
225
20
344
664
385
4273
704
1652
499
51337
225
20
16
689
851
277
5224
4060
373
66026
361
1161
149558
420
366
51337
225
20
3210
461
18017
10334
386
277
1652
3746
341
159112
592
3262
366
51337
225
20
344
77
3077
1278
4273
704
1652
499
225
20
13
306
851
4273
361
1161
149558
18
2586
385
4273
704
1652
16
1232
1652
1754
382
14353
385
530
6018
51337
399
4347
3041
306
4622
7154
18
2586
385
530
1717
1257
51337
399
717
936
3984
396
766
302
265
6917
31
1450
9746
2481
19720
396
265
1528
18
1283
1008
1435
302
9746
4781
344
63541
13
386
1226
6018
51337
399
468
839
1646
35
2491
1435
302
4781
304
1169
778
468
51337
399
344
77
3077
1278
265
2481
386
88648
890
385
1058
6018
399
19767
461
18017
373
9690
277
2983
1435
302
4781
35001
530
6018
51337
399
18
8598
386
35001
530
6018
51337
399
4347
3041
306
4622
7154
1304
3483
10334
539
1682
839
2481
386
468
910
1646
344
50180
468
277
1169
19767
2527
297
19243
399
18
2209
2650
385
530
4622
1325
19243
399
16
539
1008
304
361
17034
18
32468
1131
4066
1682
9746
15823
302
14655
344
54120
13
386
1472
468
225
21
306
1169
890
385
6018
399
344
50180
396
265
2672
680
2491
8696
1682
1435
302
4781
304
1226
361
468
399
16
700
3077
1278
1435
302
9746
16166
386
1717
1257
399
344
50180
20689
592
385
530
4622
73634
76367
2209
724
5091
1587
1435
302
4781
386
35001
530
6018
51337
399
344
77
3077
1278
1058
845
19243
411
35
2491
27946
1450
845
1419
23459
411
396
265
9746
2621
19767
887
4060
373
9172
386
35001
530
6018
51337
399
4347
3041
306
4622
7154
1304
3483
10334
385
530
569
20689
2731
16166
16
689
9745
277
25284
386
277
14655
436
5885
2920
304
1713
13632
124378
1652
3746
306
386
12159
341
119870
35
49027
1094
9063
366
778
14655
16
3042
23426
18
2586
385
4273
704
778
306
1232
1652
306
1232
778
402
1656
12159
35
41729
385
530
4622
1347
778
14655
1571
1325
1652
14655
16
396
1423
396
385
1907
589
1217
51507
297
265
5737
18
2586
277
1889
4059
1843
2413
700
306
1843
12159
1333
477
382
27872
277
1343
341
1013
265
3302
302
14821
5314
402
5267
344
77
16
477
680
102647
30
499
344
77
16
477
733
385
530
704
304
344
77
17
21
16
477
13
3874
1652
344
359
700
19105
22
306
3733
3746
540
516
1652
733
689
385
1008
304
4671
592
3733
3746
540
1652
16
304
31396
840
27399
1652
18
2586
277
1889
874
1008
265
9453
14999
3473
2009
3746
540
1652
18
2952
16
1325
265
1652
3746
16
277
2475
3746
4273
361
1652
31
689
1325
387
778
3746
16
385
530
3673
704
1652
420
778
2475
382
4892
277
1343
341
265
5063
366
277
11795
1880
16
1207
10690
530
704
778
498
16751
302
225
22
386
3764
16
306
1652
498
225
21
1450
845
344
956
516
149558
680
49027
341
265
7323
386
9063
1325
1450
778
3746
16
306
3042
23426
18
7893
277
778
14655
3456
6892
306
6892
344
22
90193
72297
680
2586
385
530
235347
399
306
3735
2423
1132
1652
3874
1652
14655
18
7517
1652
14655
5510
498
225
21
1450
2672
16
385
530
704
1652
20900
382
669
3407
341
30
1682
277
2983
1435
302
9746
4781
344
63541
13
386
1226
6018
399
18
7517
903
436
70588
1451
2731
15823
344
32324
385
530
704
1652
306
778
27326
733
689
903
874
361
16981
386
4753
99164
10690
304
265
17722
867
35
7517
778
14655
3456
8730
6697
344
22
90193
680
1563
2927
47776
16
385
12159
3312
7835
839
12914
2783
18
2586
8696
1094
265
2487
10690
99164
352
265
2688
399
382
23928
277
1310
4027
30
1682
67
2289
5912
2796
1324
12
20
13
1377
225
22
18
35475
468
51337
225
21
18
399
33
20
30
3283
9002
304
6018
51337
225
20
18
35475
468
225
21
16
1419
1387
704
1652
304
225
20
5502
30
700
33
21
16
911
1652
344
31026
16
2650
4273
361
366
51337
225
20
1714
7514
35
41729
7514
499
51337
225
21
304
225
20
3874
1652
341
6751
30
4273
361
1161
366
51337
225
20
2767
385
4273
1971
1652
499
51337
225
20
16
689
7514
304
225
20
341
6751
35
461
3746
341
373
13323
1652
304
51337
700
17
21
344
66026
361
1161
149558
420
366
51337
225
20
118742
53111
30
4273
361
1161
344
77
3077
1278
277
1652
3746
13
149558
16
420
4273
361
1161
366
51337
225
20
18
46764
2767
385
4273
911
277
1652
3746
890
3262
366
51337
225
20
344
77
3077
1278
385
4273
704
1652
499
225
20
680
2586
1652
499
225
21
304
225
20
341
6751
18
2586
730
1528
304
6018
225
20
341
265
3225
1652
3746
18
2209
903
436
225
22
4781
304
6018
225
20
3308
304
1310
1690
18
2115
436
277
852
4781
35
3283
1387
851
704
778
1058
304
225
22
344
74486
225
20
13
1232
1652
304
225
21
16
1232
1652
304
225
20
35
2952
16
4273
911
1652
149558
18
2586
6917
30
1472
468
225
21
18
3283
1387
589
387
778
304
225
22
344
74486
7883
225
21
680
5489
499
225
22
16
1419
1387
704
1652
304
225
21
344
31026
35
3733
3746
540
778
16
713
1652
6751
680
5489
499
225
21
16
1652
304
225
20
30
341
386
6751
35
461
3733
3746
344
3161
225
22
304
225
21
13
540
1652
16
713
1616
1652
499
225
21
304
225
20
1011
361
27399
1652
2649
516
6751
18
2586
386
2481
18048
18
2586
9745
1419
530
589
778
304
225
22
16
1232
1652
304
225
21
16
1232
778
304
2761
1625
35
2209
1232
704
1652
1754
35
16473
1761
382
71093
16
1419
1387
589
778
14655
1232
8696
1652
1232
778
1424
689
1850
516
8749
382
2608
1310
4060
1682
67
2289
5912
2796
1324
12
20
13
351
225
22
18
2586
903
436
7662
1217
9746
4781
304
1226
6018
51337
225
20
18
16473
35909
2731
16166
386
1472
468
344
21
16
12159
33
20
13
306
1226
4742
2413
225
20
382
54641
265
2481
396
265
6917
302
14655
30
1450
3746
341
3673
400
344
4108
13
420
559
344
848
680
102647
436
45246
30
4273
569
40083
27399
18
6755
277
1652
3746
530
1094
361
6227
890
1843
700
6743
225
22
344
29753
4273
704
499
700
33
21
1652
35
41729
700
33
21
1652
6977
304
225
20
16
6751
16
1480
385
530
704
1652
499
225
21
304
225
20
18
2209
8696
724
170070
1652
499
700
33
21
1480
302
373
66026
361
1161
366
51337
225
20
26471
3483
18017
56317
18
16473
10574
30
373
13323
1652
304
51337
700
17
21
344
66026
361
1161
149558
420
366
51337
225
20
118742
51787
2676
385
4273
911
277
1652
3746
3673
149558
344
77
3077
1278
385
4445
589
1652
1232
1652
733
420
385
4273
911
277
1652
3746
890
385
436
366
51337
225
20
344
77
3077
1278
385
4445
589
265
1652
3746
499
225
20
680
9405
1030
342
26335
18
2586
1652
499
225
21
304
225
20
341
6751
18
2586
277
2481
30
1472
468
225
21
18
19335
304
225
20
30
9405
730
1528
382
1974
341
277
852
1528
35
16473
1761
592
385
530
1472
402
387
778
3746
18
35475
468
225
21
16
559
304
225
22
344
74486
33
21
680
5591
225
22
16
8696
385
530
704
778
1754
30
559
304
225
22
15
22
66
21
33
24
344
74486
33
22
680
5591
225
24
16
1652
304
225
23
344
31026
592
3733
3746
540
559
733
1232
1652
35
2523
27399
1652
18
2586
385
1387
704
1652
304
225
23
16
1232
8696
778
35
2209
2540
778
499
225
23
30
700
33
23
16
12159
33
22
344
29753
539
1161
778
499
225
22
304
225
24
16
12159
121829
304
225
22
680
2586
778
499
225
23
6977
304
225
23
15
22
66
22
33
27
344
74486
33
23
680
5489
1652
4115
18
2209
304
1226
6018
225
20
16
385
1008
304
771
1652
11651
304
225
20
18
7517
1652
14655
1094
5510
498
225
21
1450
845
16
385
1008
304
11651
4248
7662
468
225
20
1325
910
1652
14655
18
8801
778
14655
3764
2927
47776
18
461
1094
1528
304
771
304
225
20
341
3874
265
1652
3746
499
225
21
304
225
20
18
2586
277
2009
3746
1714
19243
225
20
1998
361
400
499
700
33
21
304
700
33
20
18
2586
265
2481
386
23459
225
20
1998
569
265
400
468
344
77
33
21
13
396
2009
3746
18
2209
385
4273
569
27399
400
16
713
277
3746
1714
386
4273
361
400
18
887
1387
361
559
382
27872
839
4080
2481
304
225
20
1998
1169
402
4074
344
21014
6917
13
2649
344
77
33
21
13
2649
400
304
225
20
18
2586
385
1998
361
468
700
33
21
402
2009
3746
516
400
18
2586
385
1387
361
468
700
33
21
1325
265
559
420
1325
1472
35
35475
468
225
21
16
689
1472
341
516
4800
265
3746
18
35475
468
344
77
33
21
16
12159
33
20
680
35475
341
516
265
3746
18
35475
468
225
21
16
385
530
3673
589
265
1652
3746
304
225
20
344
173817
2481
13
420
385
530
589
387
778
3746
1058
18
2209
592
385
589
387
778
3746
499
1472
16
385
704
304
700
33
22
344
74486
33
21
680
5591
903
385
1008
304
11651
771
1132
304
700
33
21
3874
910
14655
16
1232
1652
304
225
20
382
4892
2731
2481
30
1472
468
225
21
18
5157
304
225
22
344
57
680
5489
1652
304
225
21
344
40
13
344
31026
1480
3733
3746
540
559
680
5489
1652
304
225
20
35
2523
16
400
1325
400
341
516
6751
18
2586
386
18048
18
2586
1325
19243
225
21
3874
400
16
385
4273
400
1754
18
2586
385
1008
304
589
2761
1625
1325
19243
225
21
344
7846
387
778
3746
13
1714
277
2522
1652
382
4892
265
4080
5198
2481
2428
361
30
1472
225
21
2649
5157
304
225
22
344
57
680
19335
304
225
21
344
40
680
5157
499
225
21
30
13136
277
12159
35
4790
277
1058
778
344
57
13
499
225
21
304
225
22
16
12159
6511
225
21
18
5489
1325
400
499
225
22
304
225
21
16
12159
30628
225
21
344
4108
4007
2312
12159
680
5489
499
700
33
21
16
12159
33
21
16
385
530
589
387
778
30
704
304
700
15
22
66
74486
351
225
21
692
225
22
66
21
351
225
23
344
74486
72297
304
225
22
680
5489
499
225
23
16
385
1387
1652
304
225
22
344
29753
3733
3746
540
778
680
5489
1652
304
225
21
344
66026
1480
3733
3746
540
1652
680
2586
9745
499
225
23
1652
304
225
22
16
1232
778
304
2761
1625
16
4115
18
2209
15737
385
1587
304
771
1132
304
225
21
402
2009
3746
516
400
16
1232
400
304
225
20
382
71093
16
8696
903
436
1217
4781
30
277
14492
400
499
1472
16
306
910
852
717
4110
2481
386
11651
23459
225
20
1325
265
5198
6917
18
99008
277
852
1528
10916
14407
778
14655
1232
1652
14655
304
11651
4248
468
225
20
382
2110
1008
304
50593
16216
277
1343
18
461
2746
5563
73835
302
27946
1435
302
4781
304
3087
265
1435
1347
16751
302
1217
16
402
16981
8696
18501
304
11674
11183
18
1533
1652
14655
436
1013
101768
291
382
23928
277
1310
4027
352
6892
399
16
1451
436
225
20
16
910
436
225
21
16
910
436
1713
41872
1013
225
24
16
225
25019
16
225
27
15834
26401
16
225
883
16
4115
18
2586
277
3032
341
516
2837
225
20
420
225
21
31
903
436
1451
21254
382
2110
1008
304
32012
265
10413
420
8860
352
1435
302
4781
304
6018
265
2688
399
382
23928
277
16981
30
399
778
304
225
21
73
29
16
1310
4059
2911
778
304
386
18
2586
504
26930
399
13
420
504
48872
302
13822
13
8860
341
4494
18
461
1154
1682
67
2289
5912
2796
1324
12402
13
4164
674
265
8712
1027
2387
366
11674
11183
18
461
6292
2549
5463
1013
225
10560
344
22
66
29
13
2649
225
21
1528
18
225
20918
22891
17023
351
225
22
66
1575
2649
225
21
18
2586
352
16751
302
1217
344
79
33
22
38126
86006
3032
341
225
21
35
48360
225
20
341
2136
302
1217
35
225
20
341
516
265
2136
302
1217
18
225
21
341
225
22
66
20
2649
3032
341
225
24
18
26128
16
225
21
22699
225
24
16
516
225
21
18
2586
225
21
341
2136
302
1217
689
3032
341
225
24
18
225
22
341
851
225
22
66
21
18
16473
1310
1682
67
2289
5912
2796
1324
12
22
13
344
1876
3419
689
539
530
9922
680
2278
874
361
717
936
730
1528
382
2608
1310
4059
225
10560
2649
225
21
16
225
20918
22891
17023
2649
225
21
18
225
10560
341
225
22
66
29
18
225
20918
22891
17023
351
225
22
66
1575
18
2586
352
1451
16751
302
1217
16
3032
341
225
21
18
1563
225
21
344
22
66
20
733
3032
341
225
24
18
1563
225
20
16
3032
341
225
22
18
2586
903
341
265
4619
2387
366
399
297
11674
35
99008
1682
67
2289
5912
2796
1324
12402
13
341
277
1435
302
4781
304
4602
399
297
265
3166
1027
420
1435
302
26686
382
23928
539
569
1652
14655
344
932
25252
498
225
21
13
306
778
14655
344
1121
225
22
90193
13
1207
477
72297
1450
778
18
957
341
73835
302
42537
5463
498
8811
16751
302
1217
297
5796
1991
16
157591
402
5476
1234
18
35475
468
225
21
382
2110
530
1761
302
277
1343
396
265
5063
366
11795
10690
18
35475
468
2413
225
21
16
12159
33
20
18
461
3746
778
5119
1843
12159
477
304
919
225
22
90193
306
1232
477
2264
382
27872
1325
1450
778
16
277
19706
1161
341
265
699
2136
302
1217
16
6892
936
3733
778
72297
344
29753
477
72297
680
461
6917
302
778
72297
436
225
22
66
20
16
225
22
66
21
16
225
22
66
22
16
4074
297
1991
18
2586
385
4273
911
265
7922
2136
1325
265
6892
730
18
461
1991
302
16751
1161
341
27807
5796
18
2586
277
4455
302
72297
499
778
14655
344
359
385
3042
1652
13
341
265
16514
4455
302
16751
16
697
22699
225
22
38126
17
21
16
4171
1472
225
21
22699
225
22
38126
18
2586
839
6917
302
778
14655
5119
277
21820
37437
16751
302
1217
18
2586
1850
1013
385
569
265
867
302
373
17090
5826
6
225
22
66
20
16
225
22
66
21
16
225
22
66
22
16
4074
306
385
530
911
1450
468
1210
3984
344
29753
1325
1347
411
16
12159
72297
713
385
4273
704
1132
304
7977
2136
680
2586
385
530
1094
911
1450
2136
468
1210
3984
16
297
5796
1991
382
27872
277
1343
530
361
12240
396
265
6917
302
12423
30
468
1450
2672
16
3673
589
265
1652
344
359
6751
13
420
589
387
778
344
2968
277
2475
37437
2136
680
2586
539
530
1761
302
265
1889
344
4296
700
16
1843
12159
1333
477
16
2009
3746
540
1652
420
516
680
5157
14655
2837
911
2136
225
22
90193
306
3764
477
498
225
21
16
3746
304
700
15
22
90193
18
19335
14655
3746
304
700
17
21
306
589
516
2312
477
16
689
4273
361
3410
592
2009
3746
540
1652
382
27872
539
530
2126
277
1343
396
20515
265
11674
6657
35
22977
903
341
265
97102
16340
30
461
99164
10690
1325
839
6917
302
778
306
1652
14655
344
28586
304
16981
13
4850
304
5463
386
530
361
10224
396
225
21
692
4455
1242
78
297
330
97
225
22
90193
506
282
16
1207
330
341
265
867
302
23864
344
1833
16751
1161
352
778
14655
13
306
282
341
277
2983
1435
302
1652
14655
344
8781
341
1435
302
1652
5826
16
1450
17045
2413
498
225
21
680
2952
16
1652
14655
4273
361
27399
16
713
903
1998
361
468
2750
730
778
1360
839
1217
1652
14655
344
22795
11568
1472
35
35475
3746
341
516
265
1652
16
713
385
1387
569
1652
7998
1325
1472
35
8520
16
1472
468
225
21
16
385
530
1652
304
225
20
396
14492
1058
3746
31
386
341
6751
1480
903
341
840
3733
3746
16
306
1850
516
27399
1652
16
1850
1060
1058
3746
680
4790
265
1652
16
385
1998
589
387
778
1714
2484
1652
382
27872
277
4619
302
1652
14655
341
157591
402
778
14655
16
689
4273
569
1217
297
265
5737
18
2586
277
6917
302
14655
341
2761
1013
30
8696
1472
402
839
1435
302
778
14655
16
1232
1652
16
1232
778
16
1232
1652
16
4115
18
461
1094
25284
341
386
1325
265
1652
385
1998
569
387
778
1714
2475
1652
382
27872
539
530
1761
302
265
6917
396
49884
30
265
4810
302
778
14655
344
57
13
11568
7810
16
1232
265
1652
344
40
733
1232
265
4810
302
778
14655
344
50180
7810
86006
1232
400
16
4115
1278
689
1325
1450
400
903
1998
361
468
2750
730
559
1714
2475
400
18
2209
385
1387
569
4347
778
14655
297
265
5737
1714
265
1652
16
306
1325
265
1652
385
530
569
4347
778
14655
1714
2475
1652
382
27872
277
14655
1027
265
4619
1207
400
494
436
16201
498
468
2750
730
559
366
1450
3065
35
41729
1714
1058
400
16
903
1387
361
7810
559
494
344
77
3077
1278
1472
402
400
680
4790
265
400
16
903
1998
361
468
2750
730
559
1714
2475
400
18
4790
265
400
16
385
530
569
839
1435
302
559
494
344
15519
11568
7810
19767
26128
1325
400
16
385
4273
589
2484
400
7998
31
385
1998
589
265
559
18
2586
468
2750
730
559
1325
1450
400
16
6329
8696
468
1169
302
6917
35
1437
385
1169
1325
265
400
16
4924
6772
31
840
1008
304
569
265
2165
559
382
27872
277
4619
341
30
1472
344
4296
351
21
680
5489
265
344
82239
8295
13
6917
302
559
494
16
1232
265
400
344
359
839
733
1232
265
344
11317
61226
13
6917
302
559
494
16
1232
265
400
16
4115
18
2586
1450
400
341
55617
498
468
2750
730
559
344
22795
11568
277
1058
400
530
361
55617
498
7810
559
494
680
6755
1325
400
16
903
1998
361
468
2750
730
559
1714
277
2475
400
344
359
903
341
265
2475
400
680
2586
400
494
436
16532
498
468
2750
730
559
382
27872
277
6917
530
361
12240
396
30
344
57
106447
20
13
344
40
559
106447
21
13
344
40
559
106447
22
13
4074
344
40
559
66
319
13
8696
11751
402
265
400
35
41729
4619
30
1472
8696
402
559
494
16
1232
400
16
1232
559
494
16
1232
400
16
4115
18
461
2522
766
874
361
43229
559
494
1325
2009
400
344
77
3077
1278
840
400
1325
1019
680
2586
539
569
265
6917
302
11562
30
4381
559
106447
20
16
1232
352
1450
1652
344
77
499
225
21
304
262
733
2732
302
559
66
1269
344
77
6743
225
21
13
1325
1450
400
35
41729
1325
1450
400
16
903
1998
361
468
2750
730
559
1714
2475
400
16
713
386
559
2732
1325
400
341
1713
61226
344
22795
11568
1325
2522
400
35
1437
2522
3746
341
400
16
903
341
840
14393
304
569
559
1325
680
2209
1325
2522
400
539
1387
5088
18
2586
4619
30
1472
30
8696
559
106447
20
18
5489
352
700
33
21
568
81
17
21
30
400
7528
498
559
66
1269
344
4271
9376
6743
225
21
680
5489
2522
400
16
8696
7528
498
559
66
319
344
359
839
680
41729
592
539
1169
402
400
16
1232
903
341
840
2993
559
1325
411
18
2586
277
4619
341
30
1472
402
559
106447
20
344
69
20
6743
225
20
680
5489
352
700
33
21
568
81
17
21
30
400
559
66
1269
16
402
9376
6743
225
21
18
5489
2522
400
344
359
288
34
20
13
37080
7528
498
559
66
319
344
319
6743
225
20
680
2586
277
6917
11751
3673
402
400
344
359
840
43229
559
13
420
402
559
382
2608
539
851
530
569
840
400
468
616
30
1060
265
6917
302
559
494
344
77
3077
1278
1094
778
14655
680
3483
1011
1169
468
265
2136
302
1217
18
610
386
1690
539
3042
704
1652
18
2586
592
539
1169
468
910
2413
3874
1094
559
494
16
1232
539
1998
569
10633
265
2136
302
1217
18
2586
839
10215
778
6917
11751
468
265
2136
302
1217
344
22
38126
680
2586
352
399
1610
265
2136
302
1217
16
903
436
1451
4781
35
1563
399
33
22
16
8696
903
436
4781
30
1472
225
21
2649
559
304
225
22
344
74486
33
21
680
9405
730
1528
344
3992
730
559
680
22547
851
569
1472
225
21
2649
400
304
225
20
344
956
386
6977
304
225
20
516
225
22
733
1232
4074
385
1387
704
778
3735
35
35475
468
225
20
4273
704
1652
1480
4273
361
366
51337
225
20
35
41729
385
1387
361
468
225
20
1325
265
1652
499
225
21
16
1232
385
4273
911
1652
1754
344
29753
366
225
20
1850
35528
680
2209
530
385
911
778
499
225
20
35
35475
468
225
20
402
910
12159
35
49027
72297
1094
366
778
14655
31
1325
1652
16
12159
30628
1656
396
1714
1652
18
2586
385
1387
361
468
225
20
1325
1652
16
1232
385
1387
589
387
778
499
225
20
30
1347
1843
12159
1333
477
16
704
304
225
20
15
22
90193
18
2209
341
386
6751
35
461
778
3746
1414
516
569
16981
366
1610
366
225
20
18
2586
385
1387
704
778
499
225
20
18
2586
8696
385
530
6018
225
22
3874
265
5198
2481
18
16473
2050
30
1472
225
21
2649
400
304
225
20
344
74486
2188
225
20
680
5489
499
225
20
16
385
530
589
387
778
30
700
33
20
16
12159
33
20
1117
700
15
22
66
20
351
21
16
12159
7883
21
18
2586
385
704
304
2413
225
21
18
5489
499
225
21
16
8696
400
304
225
20
1754
35
3483
1011
361
27399
400
35
461
3733
3746
540
559
344
3161
225
20
304
225
21
680
2586
400
499
225
21
304
225
20
341
6751
18
2586
385
1387
704
1132
306
13019
18
2586
1451
16166
382
2608
277
6292
1436
1451
399
494
8138
225
20
4781
16
6329
265
2487
3018
2911
6496
1713
41872
19720
18
2586
9745
1210
399
436
93677
2688
16981
16
6329
352
3166
5463
18
1563
2024
16
399
33
10560
341
99164
344
22
66
29
13
306
1682
341
225
21
18
399
33
14423
16507
28195
344
50180
516
2136
302
1217
13
22699
225
25019
18
2586
1451
5463
99164
569
1713
41872
19720
16
689
1451
436
7810
382
2110
1008
304
1511
277
4550
352
99164
399
306
1682
4781
382
669
2688
1310
4027
30
1682
67
2289
5912
2796
1324
12
20
5791
22
16
344
21
5791
24
16
344
10560
5791
21
16
344
14423
16507
28195
5791
25019
16
344
21
26282
28049
26167
5791
27
15834
26401
16
344
21
25254
17873
24093
5791
20
16
344
13197
25527
29649
5791
20
16
344
20104
23935
22264
5791
20
16
344
14423
16507
24619
5791
21
16
344
21
26282
27759
20179
5791
20
16
344
21
937
937
937
5791
20
16
344
25616
16605
23457
5791
20
16
344
4542
4542
8909
5791
20
16
344
20269
28632
21415
5791
20
16
344
13120
5791
20
16
344
24969
27353
27112
5791
20
16
344
26472
24067
28978
5791
20
16
344
25657
11313
22675
5791
20
16
344
11969
5791
20
16
344
27248
937
8107
5791
20
16
344
19396
10942
26373
5791
20
16
344
25045
28195
4079
5791
20
16
344
25513
26372
27527
5791
20
16
344
27478
17142
15708
5791
20
16
344
20918
22891
17023
5791
21
16
344
19727
17503
5791
20
16
344
902
23737
5791
883
382
4892
1451
99164
2911
436
16751
302
1217
344
10560
16
225
20918
22891
17023
13
569
1682
225
21
18
28498
1013
225
14423
16507
28195
16
225
21
26282
28049
26167
6496
2927
19720
344
25019
16
225
27
15834
26401
680
2586
539
1008
304
2550
277
97102
3920
382
25790
277
2746
21831
304
11674
11183
306
265
13232
302
373
45899
48112
6
420
373
45899
30156
26471
5157
14655
919
16751
302
1217
297
5796
1991
16
1652
14655
57859
730
18
957
7348
73835
302
16253
5463
3874
373
45899
21345
35893
2363
26471
2491
8696
27946
1435
302
4781
304
3087
399
297
4249
302
373
50243
888
4455
6
302
16751
302
1217
1688
2110
1387
2050
304
37687
352
2164
399
304
1565
4619
18
7517
539
4273
13806
2363
1743
344
788
530
4100
121680
689
20488
874
361
2927
733
689
539
530
2050
304
3368
382
10917
16
539
1008
304
3138
265
1154
386
352
839
399
778
304
225
21
73
29
6714
277
1682
16
1347
910
97102
11892
18
7517
903
436
1451
1310
4027
402
7810
16
8696
277
1682
341
1713
41872
1094
352
3166
399
386
22465
910
4550
18
461
1713
41872
4027
4164
4850
304
5463
302
277
1027
2761
1013
344
22
106447
506
2761
13
420
8696
5463
7305
11674
11183
674
840
27399
225
21
494
35
16473
15698
3162
99164
1713
41872
1310
2911
1375
17
399
33
20
30
1682
33
22
203
17
399
33
21
30
1682
33
24
203
17
399
33
10560
30
1682
33
21
203
17
399
33
14423
16507
28195
30
1682
33
25019
203
17
399
33
21
26282
28049
26167
30
1682
33
27
15834
26401
203
17
399
33
14423
16507
24619
30
1682
33
21
203
17
399
33
20918
22891
17023
30
1682
33
21
203
17
399
33
902
23737
30
1682
33
883
203
17
399
33
1424
8696
225
10560
341
225
22
66
29
16
225
14423
16507
24619
351
225
22
66
1592
35
225
22
66
1592
351
225
14423
16507
24619
14233
18
2586
4924
2136
302
1217
16
1682
225
21
18
225
20918
22891
17023
351
225
22
66
1575
18
2586
352
16751
302
1217
6743
225
22
35
2209
225
21
7939
225
24
16
516
225
21
18
2586
8696
399
33
21
341
265
3364
1690
18
6755
399
33
20
341
3364
382
5790
225
902
23737
30
225
902
23737
351
225
22
66
992
506
225
21
18
9405
730
2336
936
265
2136
302
1217
18
2586
8696
5463
302
277
1027
225
22
38126
506
225
21
569
910
19720
344
7846
225
22
66
22
506
225
21
351
225
23
35
3557
10753
680
225
902
23737
22699
225
883
351
225
22
66
24
506
225
21
35
41729
225
883
351
225
22
66
24
506
225
21
18
2586
8696
1682
351
225
22
23087
82
17
35
7160
506
225
21
35
1563
225
902
23737
351
225
22
66
992
506
225
21
16
1682
351
225
883
351
225
22
66
24
506
225
21
18
3483
10334
8696
1682
351
225
22
2421
21014
1154
302
307
97
506
225
21
18
16473
2292
852
2911
1375
17
399
33
20
30
8696
11183
35
225
20
351
225
22
66
20
506
225
21
35
2523
16
225
22
66
20
506
225
21
351
225
20
18
2586
225
20
351
225
22
66
21
35
41729
225
22
66
20
351
225
21
16
225
22
66
20
506
225
21
351
225
20
18
2586
592
539
1994
5463
302
1027
225
22
38126
506
225
21
16
1232
352
307
33
20
539
771
506
21
35
3557
6964
18
1563
307
33
21
30
225
22
66
21
506
225
21
351
225
21
16
697
22699
1682
225
24
18
9405
516
225
22
2421
51523
97
506
225
21
344
22
66
22
506
225
21
351
225
23
16
689
1682
33
24
680
2586
8696
516
382
17
399
33
21
30
225
22
66
21
35
41729
225
21
351
225
22
66
20
16
516
302
1027
225
22
38126
506
225
21
18
2586
516
10358
382
17
399
33
14423
16507
28195
30
16473
17208
11674
18
225
14423
16507
28195
351
35
225
22
66
1592
351
225
14423
16507
24619
16
713
225
14423
16507
28195
351
225
22
66
1592
506
225
22
18
2586
1850
2136
302
1217
30774
225
22
18
4716
225
25019
18
225
25019
351
35
225
25019
341
516
265
2136
302
1217
30774
2761
8749
382
17
399
33
21
26282
28049
26167
30
225
22
66
963
351
225
21
26282
28049
25814
16
713
225
21
26282
28049
26167
351
225
22
66
963
506
225
28
18
2586
2136
302
1217
30774
225
28
18
4716
225
27
15834
26401
382
17
225
10560
351
225
22
66
29
16
1682
225
21
382
17
225
14423
16507
24619
351
225
22
66
1592
16
1682
225
21
382
17
225
20918
22891
17023
351
225
22
66
1575
16
1682
225
21
382
17
225
902
23737
351
225
22
66
992
506
225
21
16
1682
225
883
382
27872
1451
99164
5463
436
302
277
1027
225
22
38126
506
274
1207
274
341
2164
344
20
16
21
16
22
16
28
76367
14812
99164
5463
436
1731
1207
277
11674
11183
11751
402
265
4619
35
8801
778
14655
919
16751
225
22
66
20
16
225
22
66
21
16
225
22
66
22
51505
297
1991
18
461
1343
302
8811
306
83084
2428
2617
42537
5463
386
436
3087
547
396
4455
302
265
22517
302
16751
302
1217
402
910
16981
382
66355
4158
30
12421
304
226944
277
1343
396
265
3302
302
134660
382
2110
569
265
1889
344
77
16
477
16
2009
12756
18302
13
1207
477
341
1843
12159
344
1833
2475
2136
304
911
366
778
341
225
22
90193
680
5157
14655
30
499
344
77
19800
13
2649
344
77
692
225
22
90193
16
477
15
21
13
344
359
2009
12756
18302
341
8077
35
41729
903
341
840
27670
366
778
1325
839
3746
18
2586
385
530
2837
589
778
16
15470
302
2009
12756
18302
680
19335
14655
30
6751
1094
592
700
6743
225
22
35
41729
385
4273
911
1652
890
700
33
20
35
1533
2009
12756
18302
1998
361
8077
344
77
3077
1278
2009
3746
540
516
1652
680
2586
1652
499
700
926
77
17
21
6751
592
700
6743
225
21
35
41729
4273
361
366
51337
225
20
16
713
700
1518
225
20
35
887
4060
4273
361
1161
366
51337
225
20
18
2586
592
700
33
20
16
385
4273
911
1652
344
77
17
21
351
506
21
680
2586
700
1998
361
6743
225
21
304
911
1652
18
2209
851
373
66026
361
1161
149558
420
366
51337
225
20
3210
2586
385
4273
1652
499
700
33
20
17833
1480
700
17
21
6484
31
689
851
4273
361
366
51337
225
20
344
77
33
20
13
304
911
1652
18
2586
1652
341
6751
352
700
19105
21
18
2952
16
1065
819
700
33
21
35
19335
499
225
21
304
225
20
341
6751
18
2586
4550
30
700
6743
225
21
18
2209
851
1008
304
4802
2009
12756
18302
341
8077
344
77
3077
1278
3733
3746
540
516
1652
680
2586
1325
265
1652
16
385
1998
589
387
778
1714
2484
1652
382
27872
539
530
8483
2009
12756
18302
434
351
7143
592
3733
3746
540
1652
16
1625
8077
18
57998
1714
839
3746
16
539
530
1994
434
14040
344
29753
840
3733
3746
680
35475
468
700
33
21
16
477
33
20
382
46540
30
1682
1435
302
9746
16166
344
38516
15823
302
14655
13
386
468
910
1646
569
700
73555
344
77
3077
1278
277
2413
25782
399
468
910
2672
680
7517
385
530
4622
1325
19243
399
16
689
1450
2481
341
5047
498
277
14655
778
304
386
1646
35
461
2746
4060
373
9690
277
2983
1435
302
4781
35001
530
6018
51337
399
1304
32468
16
265
1528
341
5047
498
265
6917
302
14655
386
2527
297
19243
399
344
50180
277
1058
845
76367
2209
1480
385
530
4622
16
1850
56317
18
2952
16
277
1435
302
4781
1998
361
17722
16
713
277
1889
3203
1998
361
17722
352
1450
399
18
120926
724
1682
9746
15823
386
1169
7662
890
35001
1058
23459
399
18
8801
592
385
4622
1325
19243
16
385
1387
569
20689
24684
16
3130
20689
4781
18
2586
724
1998
361
27946
15823
386
1169
468
399
344
77
3077
1278
277
2009
3746
8645
366
399
680
2586
265
2481
341
265
6917
302
14655
386
88648
890
1419
23459
399
344
77
3077
1278
277
2522
2413
1325
277
2009
3746
341
399
680
4790
386
16
539
5088
31
539
1907
1994
5198
15823
386
851
704
1257
399
689
4622
18
2586
1450
1528
341
265
6917
302
14655
386
11751
468
399
18
2586
1850
265
11279
27946
302
16166
499
1472
304
2741
382
27872
539
436
27946
1435
302
15823
302
14655
344
57
420
400
13
386
1472
468
344
21
16
477
33
20
16
2009
12756
18302
14040
733
45602
16981
16
306
1169
468
2413
700
73555
16
402
840
3310
14655
18
2586
539
1008
304
1682
9746
15823
386
1169
7662
468
399
382
8311
539
1008
304
1682
1175
15823
352
2688
399
382
1905
341
73835
302
910
97102
81277
382
19477
2050
304
17208
2164
2911
20488
304
16278
4619
382
54641
285
5802
16
477
16
434
13
351
1435
302
4781
304
6018
2741
399
499
1889
344
77
19800
48013
680
2209
539
1587
2983
4781
499
1472
304
839
1889
386
11751
468
700
73555
18
2952
16
539
530
2489
2741
396
57239
30
539
1682
15823
386
1169
890
700
73555
16
700
3077
1278
840
3310
14655
18
2586
539
1008
1435
302
16166
499
1472
304
839
1889
1207
700
73555
306
1232
5088
18
103940
304
1435
302
15823
302
14655
499
1472
1175
386
277
2009
2413
341
399
382
2608
539
1008
304
1994
386
385
530
5088
468
839
845
35
41729
385
530
5088
1325
839
3746
592
3262
468
399
18
2586
539
1008
304
1682
616
15823
302
14655
386
1169
890
700
73555
382
27872
539
1008
304
1682
616
15823
344
38516
13
302
14655
386
45602
16981
306
7305
2009
2413
341
399
382
8311
6035
386
778
14655
3764
477
18
2586
477
341
119870
5796
344
6564
362
890
385
589
778
680
2586
477
642
361
910
11795
499
225
20
778
304
277
1435
302
778
14655
6181
18
7517
778
14655
530
361
1451
344
264
14009
20689
733
689
352
265
2688
399
16
8696
1094
5885
1435
302
778
14655
436
2731
1480
778
72297
3456
8730
31
17265
35406
2428
361
33664
498
1652
14655
16
689
1652
14655
1094
57859
225
21
1450
16
713
304
4309
265
2927
235347
385
1011
1008
1451
1652
14655
16
689
1450
1652
1998
361
16532
498
468
2750
730
778
16
697
1011
3764
477
3310
306
3866
1571
6892
235347
35
2209
385
1387
851
1652
1325
387
778
304
4309
235347
19559
18
2209
8696
352
265
2688
2741
399
16
277
1435
302
778
14655
341
32344
1480
385
4273
235347
2502
3312
306
1232
2423
1132
2920
304
1652
14655
5885
498
277
4619
382
2110
530
5842
304
32012
16981
18
4214
559
361
277
1435
302
778
14655
6181
297
265
2481
18
5489
277
12159
1325
559
778
14655
341
477
351
559
344
29753
1472
477
33
20
680
461
4455
302
778
72297
341
4455
1242
84
33
20
6165
57
17
21
97
225
22
91001
351
225
22
66
57
506
225
21
18
2586
2204
3764
499
778
14655
341
225
22
66
57
506
225
21
382
6021
400
361
277
1435
302
1652
14655
6181
18
8049
1652
17045
2413
498
225
21
18
2586
2204
2312
499
1652
14655
341
506
40
382
27872
2522
2413
700
57082
351
225
21
344
73210
13
692
344
22
66
57
506
225
21
13
506
400
351
225
22
66
57
506
400
382
27872
2522
2413
351
225
22
66
57
506
400
18
957
12413
61652
302
1991
302
14655
16
396
1423
396
539
14801
277
16981
819
27399
1652
14655
18
2952
16
277
1991
13917
352
47061
30
539
1998
361
2948
304
11227
400
1652
14655
3724
559
778
14655
1175
386
840
1217
1652
14655
436
27399
16
700
3077
1278
277
1652
14655
1998
361
8456
297
277
6917
402
468
1210
730
1652
1360
778
14655
35
41729
840
1217
1652
149558
2767
1360
839
1217
1652
14655
903
1998
361
468
2750
730
778
18
2586
277
6917
302
14655
341
265
1794
898
391
57
46461
97
402
840
373
10145
3210
6755
539
1472
468
2413
225
21
18
6755
903
341
387
4728
25284
30
4273
1652
499
700
33
20
344
77
3077
1278
4273
569
265
1652
3746
386
1011
3866
700
17
21
6484
35
41729
592
700
33
20
16
385
4273
1652
16
689
592
700
33
21
385
530
1652
304
225
20
680
2209
277
10413
700
57082
351
225
22
66
57
506
400
341
4309
352
839
6917
386
197832
16981
35
16473
13561
30
35475
468
700
33
21
18
8049
778
15013
225
22
2421
78
33561
2547
1207
477
33561
72297
1325
1450
778
18
2586
277
2983
4472
499
616
778
14655
341
4455
1242
84
33
20
6165
57
17
21
97
225
22
91001
351
225
22
66
57
506
225
21
18
8049
1652
57859
87
225
21
18
2586
2522
2413
351
225
21
692
344
22
66
57
506
225
21
13
506
400
351
225
22
66
57
506
400
18
8520
16
7821
302
1991
18
957
12413
3419
539
3042
2050
304
1652
3392
225
20
35
41729
592
385
1226
704
304
2413
460
20
16
386
1011
361
15235
16
689
385
1387
235347
6484
1094
592
400
1518
225
22
66
57
344
29753
2522
700
6743
20
8696
680
2209
539
851
569
25284
4273
1652
499
700
33
20
31
713
539
4273
569
265
1652
3746
386
1011
4187
2413
499
225
21
304
225
20
35
41729
385
530
1652
499
225
21
304
225
20
16
386
341
6751
18
2209
592
385
436
468
225
20
16
385
4273
1652
3310
344
29753
700
33
20
341
35528
352
1652
680
2586
396
1423
396
385
3042
569
265
1652
3746
890
700
33
20
344
77
3077
1278
385
4273
704
499
700
33
20
304
506
21
733
689
385
1387
361
468
700
33
20
1094
1325
265
1652
499
700
33
21
18
2586
385
1387
361
468
700
33
20
1325
265
1652
16
689
1232
385
4273
589
2484
1652
7998
1480
2009
3746
540
1652
16
713
385
1998
589
387
778
1714
2475
1652
18
2586
385
1387
361
468
700
33
20
306
1232
589
387
778
344
8781
642
3764
2413
680
2586
2522
2413
530
361
225
20
1325
265
1652
306
1232
5088
35
8520
16
385
1387
1169
468
700
33
20
1325
265
1652
344
359
385
5088
903
680
2586
2522
700
530
361
225
20
382
27872
277
4550
700
57082
351
399
22699
225
22
66
57
506
400
351
399
16
402
559
6743
225
20
11795
16
400
6743
225
20
11795
18
6755
400
6758
225
22
66
57
344
29753
399
6743
20
680
6755
277
6917
1998
361
1728
15696
402
16981
30
400
1652
14655
1998
361
8456
3724
559
778
14655
402
840
1217
27399
16
306
851
1998
3129
386
385
4273
361
468
2413
460
20
420
468
225
20
352
265
1652
18
2209
8696
277
20620
16981
1094
37478
386
400
6758
559
15
21
35
16473
1761
30
3398
559
778
14655
16
277
6756
1435
302
1652
14655
385
530
569
2142
62795
277
840
13632
124378
19244
6698
341
559
15
21
35
41729
385
530
569
468
1210
730
1652
1714
277
1058
778
16
1232
1360
1450
8288
302
778
14655
385
530
569
468
1210
730
1652
35
7517
385
4273
569
40083
16
385
530
16855
84
6103
400
494
1175
386
903
341
468
1210
730
400
1360
839
1217
559
494
16
306
851
468
1210
730
400
1714
277
1058
559
306
1325
277
2009
559
35
16473
1994
265
6917
302
4354
434
351
559
692
400
18
461
4550
840
373
10145
6
2767
277
400
494
1998
361
16532
498
468
2750
730
559
18
2586
277
400
494
530
361
8456
297
277
27272
1360
559
494
18
2278
436
559
15
21
27272
30
1714
277
1058
559
16
1360
1450
27399
8288
302
559
494
344
57
17
21
27272
733
306
1325
277
2009
559
18
610
1450
8476
385
530
2111
468
1210
730
400
344
29753
24826
1217
1011
361
27399
680
2586
6756
400
351
559
15
21
382
27872
400
6758
559
15
21
382
14353
385
4273
569
265
1652
499
2413
225
20
18
957
91235
386
385
4273
569
265
1652
3746
890
277
2413
1714
386
3746
341
225
21
35
41729
1652
499
700
33
21
304
225
20
341
6751
18
2209
385
4273
1652
499
700
33
20
18
2586
839
1652
3746
1998
361
6181
890
277
1843
2413
700
6743
225
21
18
3483
341
2837
1641
6329
11568
592
385
569
265
1652
890
700
33
20
16
697
1011
361
16111
18
2586
539
1008
304
4802
386
277
6917
3042
16957
304
1652
499
700
33
20
18
3483
10549
366
277
1991
302
778
306
1652
14655
5657
304
10690
382
54351
16
4273
1652
149558
341
3402
50089
498
277
840
54585
25284
382
27872
277
97102
2746
17045
304
30
4716
277
1435
302
15823
302
559
344
848
13
306
400
344
4108
13
14655
402
559
778
14655
306
400
1652
14655
16
31666
1375
17
400
6758
559
15
21
344
1612
27399
400
3098
17
461
6917
48025
386
468
839
1646
16
890
265
1652
3746
341
6181
16
277
1843
2413
700
344
73210
468
225
21
13
1998
361
6743
225
21
18
2209
700
341
7152
498
277
35829
2204
1603
778
304
386
1646
18
2586
539
1008
304
4802
386
352
1450
16514
302
277
6917
16
277
2413
1325
14407
277
14655
341
6743
20
35
41729
539
1008
304
4802
386
890
14407
265
1652
3746
16
277
2413
1714
386
1652
341
6743
225
21
16
1480
1652
499
225
20
341
159112
18
6755
1325
14407
265
1652
16
2413
874
3456
225
20
31
4924
6772
18
2586
277
4550
341
30
352
1450
1652
3746
468
910
1646
16
277
1843
2413
1714
386
1652
1998
361
6743
225
21
18
6755
1325
386
1652
16
2413
874
361
225
20
18
2209
592
2413
7883
225
20
16
385
4273
589
2484
1652
7998
344
956
386
341
3402
30657
498
840
27399
1652
680
6755
385
4273
589
265
1652
499
225
20
16
713
592
385
436
468
225
20
306
5842
265
1652
16
4924
516
6751
31
689
386
15277
1011
361
265
1652
890
2413
351
225
20
16
697
1011
361
1325
265
1652
499
225
21
304
225
20
16
713
277
3733
3746
540
1652
16
6298
2009
12756
18302
341
7143
16
713
385
4273
589
2484
1652
17833
344
32321
304
840
27399
1652
680
2586
277
1094
1528
385
1387
5842
265
1652
499
225
20
341
592
385
436
468
225
20
306
2009
12756
18302
341
8077
16
700
3077
1278
385
15981
468
225
20
3874
778
3746
35
3372
385
1226
361
468
225
20
1325
387
778
35
35475
468
225
21
16
778
15013
225
22
90193
16
2837
4898
16
713
778
499
839
700
34
20
22699
700
15
22
90193
1518
700
6743
225
21
16
713
778
4273
6496
225
20
18
2586
385
4273
361
468
225
20
1325
387
778
18
2586
277
1094
1528
304
361
468
225
20
341
1325
265
1652
499
225
21
18
2586
385
436
468
225
20
1325
265
1652
16
306
1232
2009
12756
18302
351
7143
16
713
385
4273
589
2484
1652
18
2586
277
1652
40648
17
20
15277
341
3402
30657
498
277
840
27399
1652
6698
18
2586
277
1094
4728
25284
7835
400
6758
559
15
21
341
386
385
4273
1652
499
700
33
20
16
689
4924
3402
30657
498
277
6698
382
2608
903
2428
361
2484
25284
30
4273
361
366
51337
225
20
352
839
1652
3746
18
2209
539
3402
9494
386
382
27872
277
1094
16981
366
277
6917
436
1375
17
2523
27399
400
388
17
461
1435
302
400
341
468
1210
559
15
21
388
17
461
2522
2413
700
351
225
22
66
57
506
400
351
399
344
11918
3098
17
12620
16
277
2413
1998
3042
3456
6484
35
887
1387
3456
225
20
16
689
516
6484
18
7517
1652
57859
87
225
21
16
385
1008
304
4802
385
3042
704
3392
225
20
18
2952
16
385
530
3042
704
3392
225
20
592
385
3042
2050
304
1652
499
700
33
20
344
156566
680
7517
385
4273
1652
499
700
33
20
16
277
1094
1528
304
704
6484
1011
361
304
1652
499
700
33
20
344
156566
13
420
1472
468
700
32
20
344
212902
680
2586
396
1423
396
539
3042
2050
304
1652
890
700
33
20
16
539
5001
1713
45589
18
2586
539
1998
4802
386
352
839
16514
16
277
1435
302
1652
14655
778
304
386
1646
1414
516
14949
225
21
692
4455
302
778
15667
778
304
386
1646
35
41729
277
2413
1325
1450
16514
341
30
700
351
225
21
692
4455
1242
848
14655
713
3312
97
225
22
2421
78
9198
7996
97
506
34856
4108
14655
713
3312
680
7517
778
14655
3764
700
265
2942
16
1850
21930
304
3456
6484
18
461
1094
2996
341
3836
297
6917
890
385
569
1451
1652
14655
3836
1714
778
14655
4187
385
778
18
1563
2024
16
1472
468
700
33
21
18
1437
385
589
265
1652
1058
344
40
733
700
7883
225
20
18
9405
6751
18
1437
385
1232
589
2484
1652
16
386
1011
361
400
890
700
33
20
16
697
341
16111
344
20950
27399
400
341
35528
680
2586
385
4273
569
1217
400
494
297
265
5737
18
2586
1325
265
400
16
385
1998
589
265
559
16
697
14292
385
304
700
6743
225
21
692
225
22
2421
78
33561
97
1518
225
21
344
29753
477
33561
341
468
2750
225
20
680
2586
1325
265
400
16
385
4273
7998
589
2484
400
16
713
385
4273
704
6484
18
2586
277
1094
2731
6484
15277
1011
361
6857
402
400
35
35475
468
225
21
16
400
2649
225
20
16
1232
8696
3735
1325
910
14270
385
1387
589
400
1754
35
3483
400
1011
361
499
910
700
6743
2761
1518
20
16
6085
18
2586
539
3042
704
6484
18
2586
277
25284
341
19347
9724
2688
277
840
27399
400
6698
306
277
6857
2413
382
27872
277
2746
17045
304
30
4716
277
1435
302
15823
302
559
306
400
14655
402
559
778
14655
16
400
1652
14655
1175
386
1375
17
400
6758
559
15
21
344
29753
840
40083
465
17
20984
2413
30
225
22
66
57
506
400
351
399
203
17
461
6917
530
361
839
28368
302
559
559
494
306
400
494
73886
840
40083
18
1533
277
2983
1435
302
4781
341
277
1435
302
1175
15823
382
2608
341
903
839
852
25284
35
461
778
14655
911
5796
16751
302
1217
31
277
1991
302
778
14655
5657
304
1450
852
4007
5002
352
2522
2413
344
3992
1682
733
689
277
1991
13917
352
277
2481
1682
18
2952
16
2650
778
14655
616
919
1497
11917
344
22
66
20
16
225
22
66
21
16
69585
225
22
2421
57
17
21
4106
306
277
72297
436
7821
302
1991
344
244276
733
277
2522
2413
10549
1094
366
2983
1435
302
778
14655
559
306
2983
1435
302
1652
14655
400
16
516
366
1991
18
2952
16
277
16981
819
2413
874
5086
366
1991
30
317
1627
1278
385
4273
569
265
1652
890
2413
341
225
20
31
689
396
23069
16
2920
304
840
27399
1652
16
386
4273
4252
18
2952
16
903
2428
361
16981
819
277
1843
12159
1333
477
352
778
14655
30
385
4273
911
265
2136
302
1217
686
302
1991
31
689
778
14655
436
2837
297
1991
344
1833
477
1333
341
7152
498
1435
302
778
14655
3410
713
3312
680
2586
277
1991
302
778
14655
341
6842
30
724
1998
5181
297
5796
1991
302
2136
344
77
3077
1278
277
1058
778
5119
225
22
66
20
16
1749
778
5119
225
22
66
21
16
4115
22954
2586
297
839
6917
16
277
778
14655
5230
297
1991
30
277
1058
778
344
359
839
13
5119
225
22
66
20
16
277
1749
778
344
359
839
13
5119
225
22
66
21
16
4115
18
2952
16
385
1387
754
43532
1652
14655
1360
1019
18
2586
277
6917
341
5047
498
277
10690
302
277
400
494
3724
277
559
494
18
2586
277
1682
302
15823
17045
304
27946
4781
304
16855
84
6103
400
494
3724
559
494
1175
386
840
1217
400
494
436
16556
382
27872
352
2688
559
306
400
16
277
1435
302
4080
15823
341
277
1435
302
4781
304
5857
10690
352
400
494
3724
277
559
15
21
27272
344
15519
1714
1058
559
16
1360
559
494
16
1325
2009
559
13
402
468
1210
730
400
621
8476
16
306
7662
400
27272
11993
18
3483
341
5207
346
32464
15
21
16
400
680
8801
539
1008
304
5857
400
9746
27272
686
302
559
15
21
304
2111
265
400
18
8049
8476
530
3855
468
1210
730
400
18
1533
277
1991
302
559
494
3724
5895
341
6842
344
22310
5230
297
1991
680
2586
277
1435
302
15823
351
95923
32464
15
21
16
400
2570
27872
277
2983
1435
302
4781
304
6018
399
341
4455
898
616
123672
11795
15278
344
57
16
400
13
1175
386
1375
17
225
22
66
57
506
400
351
399
203
17
225
20
6758
400
6758
559
15
21
300
17484
400
351
225
22
66
57
506
399
382
4892
352
1450
559
6743
225
20
1175
386
225
22
66
57
6743
399
16
8483
400
351
225
22
66
57
506
399
18
5489
2292
592
400
6758
559
15
21
18
1437
12035
16
1232
903
436
95923
32464
15
21
16
400
13
15823
344
2289
680
6755
2292
386
400
341
11795
6743
225
20
18
2586
277
1682
341
4455
1242
57
30
225
22
66
57
6743
399
97
11897
313
32464
15
21
16
225
22
66
57
506
399
13
352
1731
559
1207
225
22
66
57
506
399
6758
559
15
21
382
14353
400
1998
361
11795
16
17103
382
27872
1682
67
2289
5912
2796
1324
12402
13
351
4455
1242
57
33
20
6165
45938
97
648
359
225
22
66
57
6743
399
306
344
22
66
57
506
399
13
6758
559
15
21
65
11897
313
32464
15
21
16
225
22
66
57
506
399
2570
2110
851
1008
304
1994
592
903
436
839
4728
16981
386
2428
5510
492
1682
3310
18
1563
4681
16
539
1008
304
4802
386
277
6917
48025
386
277
2413
3042
6977
3392
225
20
18
1737
23069
16
492
341
9724
19347
2688
400
6758
559
15
21
35
16473
13561
402
7120
382
2110
1008
304
2292
592
352
910
559
306
400
31666
400
6758
559
15
21
16
903
8654
265
6917
302
14655
386
3042
16957
265
1652
499
700
33
20
18
5641
26565
10334
386
396
1423
396
385
1907
569
27399
400
16
385
3042
5842
265
1652
499
700
33
20
18
2952
16
341
411
2731
386
265
1652
9848
890
700
33
20
2920
304
277
2204
1603
35
16473
37687
265
2164
2024
30
559
33
20
16
400
33
21
30
225
22
66
20
506
400
351
225
21
506
225
21
351
225
20
16
713
399
33
20
18
957
21062
304
400
33
21
16
559
33
20
18
400
6758
559
15
21
351
225
21
16
20672
18
461
1094
2731
6917
341
265
3225
400
344
29753
840
559
680
3483
6917
341
30
1472
468
700
33
21
16
1652
304
225
20
18
957
341
6751
30
1652
499
700
33
21
341
6751
18
2586
1682
352
399
33
20
4059
11897
313
12
20
15
21
16
225
21
13
351
11897
313
12
21
16
21
5791
21
18
2209
1310
4060
1682
67
2289
5912
2796
1324
12
20
5791
22
18
2586
903
341
468
2750
730
717
1528
18
22977
903
341
851
265
6917
402
559
33
21
16
400
33
22
35
16473
2292
30
559
33
21
1117
225
22
66
21
351
225
22
18
2159
771
399
33
20
16
539
1008
400
351
225
22
66
21
506
399
351
225
22
18
400
6758
559
15
21
351
225
22
16
20672
18
2586
11897
313
12
21
15
21
16
22
13
351
11897
313
12
22
16
22
13
351
225
21
18
2586
903
341
2484
1528
30
6917
402
559
33
21
16
400
33
22
18
461
6917
1998
569
730
778
306
1217
51507
16
402
840
27399
400
18
7517
559
33
21
16
539
569
27272
30
1714
559
344
43541
20
733
1325
559
344
43541
21
680
19100
304
2111
400
33
22
1652
14655
16
730
297
1450
8476
18
2586
6917
30
400
16
559
16
400
18
16473
37687
30
1472
700
33
21
16
477
33
20
382
17
10968
21
30
400
344
4108
13
499
700
33
21
304
700
33
20
18
6013
477
38750
344
20
680
10492
12756
18302
351
7143
344
29753
2009
3746
540
1652
3098
17
10968
22
30
559
344
848
680
5591
700
33
20
16
477
33
20
16
778
15013
225
22
66
20
351
21
16
6977
304
700
33
21
16
477
72297
304
225
21
18
10492
12756
18302
7883
8077
388
17
10968
23
30
400
344
4108
680
5591
700
33
21
16
1652
304
700
33
20
18
10492
12756
18302
7883
7143
382
8311
2522
2413
700
33
20
18
9405
6751
18
2586
492
341
265
4080
2481
304
6018
225
20
18
2586
2983
4781
352
399
33
20
351
11897
313
12
21
16
21
13
692
11897
313
12
22
16
22
13
351
225
21
692
225
21
351
225
22
18
957
14441
1310
1682
67
2289
5912
2796
1324
12
20
5791
22
18
9177
382
8311
1310
399
33
21
30
1682
33
24
18
16473
17208
3874
10413
382
2110
1008
4455
898
559
1175
386
225
22
66
57
6743
225
21
306
400
351
225
22
66
57
506
225
21
6758
559
15
21
382
17
559
33
20
30
225
22
66
20
33
21
16
400
33
21
17
21
33
20
18
400
33
20
6758
225
20
15
21
33
21
1117
11897
313
12
20
15
21
16
20
5791
86523
12
21
16
20
5791
21
388
17
559
33
21
30
225
22
66
21
33
22
16
400
33
22
17
21
33
21
18
400
26720
57
15
21
33
22
1117
11897
313
12
22
16
21
5791
22
388
17
559
33
22
30
225
22
66
22
33
24
16
400
33
24
17
21
33
23
18
400
26720
57
15
21
33
23
1117
11897
313
12
23
16
23
5791
21
388
17
559
33
23
30
225
22
66
23
33
28
16
400
33
28
17
21
33
27
18
400
26720
57
15
21
33
24
35
225
27
6758
225
24
2044
16
713
516
6751
388
17
89978
559
30
400
25409
396
225
22
66
57
506
225
21
16
697
6697
33572
559
15
21
18
2586
1094
559
33
20
16
21
16
22
11274
382
20454
351
225
21
692
225
22
692
225
21
351
225
24
18
957
14441
1310
1682
67
2289
5912
2796
1324
12
21
5791
24
382
26202
5
2586
954
10413
14441
277
2688
2164
1310
4027
382
8311
1310
399
33
10560
30
225
10560
341
2136
302
1217
30
225
22
66
29
351
225
10560
18
16473
17208
15667
382
2110
1008
559
1175
386
225
22
66
57
6743
225
10560
18
3483
4059
559
19105
29
18
1563
559
33
29
30
225
22
66
29
33
10560
16
400
33
10560
17
10560
33
20
18
400
6758
559
15
21
33
622
1117
11897
313
12
622
16
20
5791
21
18
2586
28446
225
21
382
57
33
622
30
225
22
66
622
33
21
6351
16
400
33
21
6351
17
10560
33
10560
18
400
6758
559
15
21
33
807
35
225
10560
6758
225
807
2044
18
2586
516
6751
18
559
33
28
30
225
22
66
28
33
6008
460
10560
16
516
6751
1480
1008
225
22
66
57
6743
79
18
2586
1094
559
33
29
28446
225
21
18
2586
2983
33
21
18
957
14441
1310
1682
67
2289
5912
2796
1324
12
10560
5791
21
382
8311
1310
399
33
14423
16507
28195
18
16473
17208
18
225
22
66
1592
351
225
14423
16507
24619
16
225
22
66
1575
351
225
20918
22891
17023
18
2586
399
341
225
22
2336
936
225
22
66
1592
30
225
22
66
1592
506
399
351
225
22
18
2586
2731
559
33
1592
30
400
351
225
22
66
1592
506
399
351
225
22
18
6621
400
6758
559
15
21
351
225
1575
1117
1641
18
2586
11897
313
12
1575
16
22
13
351
225
1575
14
1592
19
22
351
225
25019
18
957
14441
1310
1682
67
2289
5912
2796
1324
12
14423
16507
28195
5791
25019
18
9177
382
8311
1310
399
33
21
26282
28049
26167
18
225
22
66
963
351
225
21
26282
28049
25814
18
2586
399
351
225
22
66
963
506
225
28
18
2586
559
33
963
30
400
351
225
28
18
400
6758
559
15
21
351
2193
1117
1641
18
11897
313
12
2193
16
28
13
351
225
2193
5857
225
28
18
16473
17208
225
2193
39
28
351
225
2193
5
12884
28
5
1449
55459
225
2193
39
28
351
225
2193
39
1449
18
49091
2911
30
225
2193
39
20
33
21
16
346
21
33
2193
16
346
22
33
24142
16
346
23
33
24
23796
35
41729
225
2193
39
23
351
225
24
23796
35
16473
17208
30
225
2193
39
23
351
225
2193
14
963
14
1748
19
26
351
344
2193
14
963
14
1748
5403
26
351
344
2193
14
25
14
1748
13
351
225
2193
14
13693
351
225
24
23796
18
8520
18
225
2193
39
24
351
225
2193
39
1592
351
225
2193
14
963
14
1748
14
1575
12884
1199
13
351
344
2193
14
963
14
1748
14
1575
5403
1199
18
42379
30
225
963
14
1575
33
22023
16
225
2193
14
1748
33
23400
16
1851
225
23400
14
22023
351
225
24693
16
8150
35
41729
225
23400
14
22023
351
225
23400
14
5855
692
225
23400
14
1339
351
225
28640
16
2393
692
225
1773
16
14787
351
225
24693
16
8150
18
80992
498
225
1199
30
225
24693
16
8150
19
1199
351
225
2193
16
24142
35
16473
17208
21887
30
225
1199
14
2193
16
24142
351
225
1199
14
2193
16
937
692
225
1199
14
24142
351
225
27859
16
937
692
225
807
16
8150
351
225
24693
16
8150
18
8520
16
225
2193
39
24
351
225
2193
16
24142
18
225
2193
39
25
351
225
2193
39
1670
351
225
2193
39
25
351
225
2193
5
12884
25
5
1670
23247
351
344
2193
14
963
14
1748
14
1575
14
1592
20034
5745
680
42379
68037
30
225
2193
14
963
33
18461
31
225
18461
14
1748
33
1670
16
13904
31
535
1575
33
24693
16
8150
31
535
1592
33
696
16
24603
16
13047
18
80992
498
225
5745
1117
225
16649
16
17881
35
16473
17208
30
225
696
16
24603
16
13047
19
5745
351
225
16649
16
17881
344
29753
225
5745
14
16649
16
17881
351
225
696
16
24603
16
13047
680
8520
16
225
2193
39
25
351
225
16649
16
17881
18
225
2193
39
26
351
225
2193
39
948
351
225
2193
39
26
351
344
2193
39
25
17621
1670
5403
26
35
41729
44262
30
346
4020
24816
13
351
346
4020
24816
17
21
17621
82
8927
15
21
5403
79
18
2586
225
2193
39
26
351
225
2193
39
25
535
344
2193
17
25
5403
26
351
225
16649
16
17881
535
225
1670
855
225
26
351
225
16649
16
17881
535
344
1068
19
23
13
351
225
16649
16
17881
14
1068
855
23
18
225
16649
16
17881
14
1068
351
225
22
16
15458
16
26848
31
855
23
351
225
24915
16
20654
18
2586
225
2193
39
26
351
225
24915
16
20654
18
225
2193
39
27
351
225
2193
39
26
535
344
2193
17
26
5403
27
351
225
24915
16
20654
535
225
948
855
27
351
225
24915
16
20654
14
948
19
27
18
225
24915
16
20654
14
948
351
225
1045
16
22366
16
13821
31
855
27
351
225
22
16
28872
16
23768
35
16473
17208
30
225
27
14
22
16
28872
16
23768
351
225
1045
16
21810
16
692
1424
41729
225
22
16
28872
16
23768
14
27
351
225
1045
16
21810
16
692
35
16473
17208
30
225
22
16
28872
16
23768
14
27
351
225
22
16
5239
16
937
14
27
351
225
1045
16
2393
16
937
31
225
1748
16
23768
14
27
351
225
16847
16
13821
31
4455
351
225
1045
16
22366
16
13821
18
8520
16
14441
18
2586
225
2193
39
27
351
225
22
16
28872
16
23768
18
225
2193
39
28
351
225
2193
39
27
535
344
2193
17
27
5403
28
351
225
22
16
28872
16
23768
535
225
1199
855
28
351
225
22
16
28872
16
23768
535
225
23
351
225
27
16
15834
16
26401
18
20987
16
225
2193
39
28
351
225
27
16
15834
16
26401
18
461
1310
4060
1682
67
2289
5912
2796
1324
12
21
26282
28049
26167
13
351
225
27
15834
26401
18
3483
14441
7662
225
2193
39
28
351
225
27
16
15834
16
26401
18
8946
3127
27872
954
10413
14441
492
1310
1690
396
1357
382
8311
1310
399
33
14423
16507
24619
344
22
66
1592
680
1563
559
33
1592
30
400
33
20
1117
11897
313
12
1575
16
20
5791
21
18
1563
559
33
1575
30
225
22
66
1575
33
20918
22891
17023
16
400
33
20918
22891
17023
17
14423
16507
24619
33
14423
16507
24619
16
400
6758
559
15
21
351
225
1748
35
2523
18
2586
1094
559
33
1592
28446
225
21
18
2586
1682
33
21
16
14441
1310
382
3506
399
33
20918
22891
17023
344
22
66
1575
2738
559
33
1575
30
400
33
20
1117
11897
313
12
1748
16
20
5791
21
18
559
33
1748
30
225
22
66
1748
33
22380
22895
21540
16
400
33
22380
22895
21540
17
20918
22891
17023
33
20918
22891
17023
16
1518
57
15
21
33
963
18
2586
1682
33
21
16
14441
382
3506
399
33
13197
25527
29649
30
16473
1565
592
411
14441
10413
22699
225
20
18
1283
1008
304
2292
592
903
341
839
559
1175
386
225
22
66
57
506
399
6758
559
15
21
18
42379
2731
559
4549
2057
22
12402
680
399
5907
225
21
18
20269
73
28
18
225
22
66
1592
33
14423
16
16507
16
24619
31
225
22
66
1575
33
20918
16
22891
16
17023
18
2586
1094
559
33
1592
420
225
1575
1387
22465
225
22
66
57
6743
399
18
1563
559
33
1592
30
225
22
66
1592
506
399
351
225
14423
16
16507
16
24619
506
225
13197
16
25527
16
29649
351
6484
1117
516
6751
344
91334
6743
20
680
2586
559
1998
361
6743
1575
18
1563
559
33
1575
30
225
22
66
1575
506
399
351
225
20918
16
22891
16
17023
506
225
13197
16
25527
16
29649
351
225
6338
16
22742
16
28632
18
9405
8730
16
1518
57
15
21
33
1748
16
713
516
6751
18
2586
840
15667
18
2586
1682
33
20
18
20987
1310
4213
225
20
18
2586
10413
4229
382
3506
399
33
20104
23935
22264
30
225
22
66
1748
33
22380
16
22895
16
21540
31
225
22
66
963
33
21
16
26282
16
28049
16
25814
18
2586
559
33
963
30
400
351
225
21
16
26282
16
28049
16
25814
506
225
20104
16
23935
16
22264
351
225
14423
16
16507
16
24619
18
559
15
21
33
2193
16
400
33
14423
4364
1518
2193
16
713
840
18
559
33
2193
30
225
22
66
2193
33
22
16
14919
16
22278
16
24501
16
400
351
225
22
16
14919
16
22278
16
24501
506
225
20104
16
23935
16
22264
351
225
21
16
16847
16
19913
16
25738
1518
1028
18
2586
840
15667
18
2586
1682
33
20
18
4720
4060
225
20
382
3506
399
33
21
25254
17873
24093
30
957
341
225
22
66
963
506
225
902
35
41729
225
22
66
963
33
21
26282
28049
25814
16
57859
225
902
16
18550
16
16076
35
16473
17208
30
225
21
26282
28049
25814
506
225
21
25254
17873
24093
351
225
902
16
18550
16
16076
351
225
22
66
1199
18
2586
400
351
225
22
66
1199
351
225
902
16
18550
16
16076
18
559
33
963
30
400
33
902
16
18550
16
16076
1518
2193
16
516
6751
18
2586
1682
33
20
18
4720
4060
225
20
382
3506
399
33
13197
25527
29649
539
3402
1645
382
3506
399
33
21
26282
27759
20179
30
225
22
66
963
33
21
26282
28049
25814
16
57859
225
2394
22380
35
41729
225
21
26282
28049
25814
506
225
21
26282
27759
20179
351
225
2394
22380
351
225
22
66
902
18
400
33
2394
22380
1518
2193
16
516
6751
18
2586
1682
33
20
382
3506
399
33
21
937
937
937
30
225
22
66
963
33
21
26282
28049
25814
16
400
33
7563
28049
25814
1518
2193
16
840
15667
18
2586
225
20
382
3506
399
33
25616
16605
23457
30
225
22
66
963
506
225
15711
16
25905
198643
41729
225
21
26282
28049
25814
506
225
25616
16605
23457
351
225
15711
16
27941
16
20599
1518
2193
16
840
382
3506
399
33
4542
4542
8909
30
400
33
21
26282
28049
25814
506
225
4542
4542
8909
351
225
7563
28049
28208
1518
2193
16
840
382
3506
399
33
20269
28632
21415
30
400
33
21
26282
28049
25814
506
225
20269
28632
21415
351
225
13099
198643
225
21
26282
28049
25814
506
225
20269
28632
21415
351
225
13099
198643
41729
17208
30
225
21
26282
28049
25814
506
225
20269
28632
21415
351
225
13099
198643
16473
17208
21887
30
225
21
26282
28049
25814
506
225
20269
16
28632
16
21415
351
225
13099
16
18211
16
22726
1518
2193
18
2586
840
382
3506
399
33
13120
30
225
22
66
27
33
7361
460
13120
16
225
22
66
28
33
6008
6743
13120
18
559
33
28
30
400
33
6008
17
13120
33
11777
16
1518
57
15
21
33
29
16
840
18
2586
1682
33
20
18
4720
4060
225
20
382
3506
399
33
24969
27353
27112
30
225
22
66
963
33
21
26282
28049
25814
16
400
33
16035
16
19397
16
12597
1518
2193
16
840
382
3506
399
33
26472
24067
28978
30
400
33
21
26282
28049
25814
17
26472
16
24067
16
28978
351
225
21479
16
14661
16
23001
1518
2193
382
3506
399
33
25657
11313
22675
30
400
33
21
26282
28049
25814
17
25657
16
11313
16
22675
351
225
20532
16
24100
16
26922
1518
2193
382
3506
399
33
11969
30
225
22
66
27
33
7361
32
11969
16
225
22
66
28
33
6008
19105
11969
16
400
33
4868
1518
29
16
840
382
3506
399
33
27248
937
8107
30
400
33
21
26282
28049
25814
17
27248
16
937
16
8107
351
225
20179
16
28049
16
24194
1518
2193
382
3506
399
33
19396
10942
26373
30
400
33
21
26282
28049
25814
17
19396
16
10942
16
26373
351
225
28082
16
25468
16
20635
1518
2193
382
3506
399
33
25045
28195
4079
30
400
33
21
26282
28049
25814
17
25045
16
28195
16
4079
351
225
15527
16
3048
16
25657
1518
2193
382
3506
399
33
25513
26372
27527
30
400
33
21
26282
28049
25814
17
25513
16
26372
16
27527
351
225
16035
16
27880
16
18736
1518
2193
382
3506
399
33
27478
17142
15708
30
400
33
21
26282
28049
25814
17
27478
16
17142
16
15708
351
225
19090
16
18069
16
5239
1518
2193
382
3506
399
33
902
23737
30
225
22
66
992
351
225
902
18051
16
713
399
33
902
18051
17
21
1117
400
33
21
18
559
33
992
30
400
33
21
6758
57
15
21
33
883
1117
11897
313
12
883
16
21
5791
883
18
2586
1682
33
883
18
4720
4060
225
883
18
9177
382
27872
10413
14441
616
3419
1310
4027
382
27872
277
3032
341
30
1682
67
2289
5912
2796
1324
12402
13
351
4455
1242
57
33
20
304
4074
97
11897
313
32464
15
21
16
225
22
66
57
506
399
13
352
616
559
1175
386
225
22
66
57
6743
399
306
225
22
66
57
506
399
6758
559
15
21
382
2110
1008
304
17208
492
19792
352
399
778
304
225
21
73
29
382
8311
539
1008
304
3138
492
382
165519
1375
17
1563
265
2688
399
16
1094
265
2487
559
22465
277
4550
18
8801
396
559
25409
16
225
22
66
57
25409
64408
16
1706
277
6751
400
351
225
22
66
57
506
399
1998
361
6758
559
15
21
16
697
341
8162
18
2586
352
2927
559
16
400
642
361
8730
306
14949
559
15
21
18
2586
1094
2164
2783
302
559
2239
2057
22
12402
13
2428
22465
382
98908
16
539
1008
225
22
66
57
506
399
6758
559
15
21
1117
225
22
66
57
6758
399
692
559
692
225
21
18
7517
225
22
66
57
25409
5128
16
903
642
361
468
1210
265
2487
559
1207
492
12413
18
610
1689
16
352
559
27666
2927
16
225
22
66
57
6656
399
692
559
692
225
21
18
2586
539
530
5879
559
304
8696
778
304
819
2057
22
12402
13
692
504
26930
2057
399
680
1563
399
778
304
225
21
73
29
16
2057
22
12402
13
6758
5907
963
18
2586
559
341
468
1210
8696
225
2193
420
225
1028
18
20987
297
1310
4027
16
539
6974
15667
1094
352
559
778
304
225
2193
344
1943
399
33
21
26282
28049
26167
7939
559
33
963
680
2586
539
530
5207
9284
559
499
225
20
778
304
910
2687
16
1013
225
1530
344
606
361
6085
680
1563
1450
559
16
17208
1217
150290
351
225
21
3492
559
344
29753
778
304
225
22
66
57
352
559
778
304
8696
225
1530
341
8730
689
2223
175676
3089
146581
680
5489
592
1217
150290
6743
399
16
17208
400
351
1217
150290
506
399
18
1437
400
6758
559
15
21
16
1232
919
95923
32464
15
21
16
400
680
14610
616
15667
382
2110
1008
304
17208
95923
19792
352
2164
307
344
57
15
21
6758
8696
225
1530
680
5904
11892
1005
70
344
20122
225
23
18
28
249932
7517
559
341
468
1210
8696
225
1530
16
539
530
17208
11897
313
5502
18
2586
277
1154
341
25485
382
24157
52375
30
399
33
20
1117
15667
499
559
1207
1217
150290
6743
20
344
31818
1641
680
2209
400
351
1217
150290
506
225
20
351
1217
150290
18
19100
400
6758
559
15
21
18
2586
539
1008
1217
150290
6758
559
15
21
18
1563
559
33
20
30
1217
150290
33
21
16
400
33
21
6758
21
1117
11897
313
12
21
16
21
5791
21
18
1563
559
33
21
30
1217
150290
33
22
16
400
33
22
6758
22
1117
11897
313
12
22
16
22
5791
21
18
1563
559
33
22
30
1217
150290
33
24
16
400
33
24
6758
23
35
2523
18
2586
1094
559
33
20
16
21
11274
18
14610
33
22
18
9177
382
79
33
21
1117
15667
30
559
33
20
30
1217
150290
33
21
16
400
33
20
6758
21
1117
11897
313
12
21
16
20
5791
21
18
559
33
21
30
1217
150290
33
22
16
400
33
21
6758
22
1117
11897
313
12
22
16
21
5791
22
18
559
33
22
30
1217
150290
33
24
16
400
33
23
6758
23
1117
11897
313
12
23
16
23
5791
21
18
559
33
23
30
1217
150290
33
28
16
400
33
27
6758
24
35
2523
18
2586
4455
33
24
382
27872
8860
4229
382
8311
539
1008
304
3138
1682
67
2289
5912
2796
1324
12402
13
25764
382
2608
539
1196
4638
18400
277
97102
26565
352
839
9546
16981
16
317
1627
1278
890
400
33
20
16
539
569
1094
778
14655
344
57
778
14655
16
840
1652
680
610
386
1690
16
277
1094
6917
341
616
559
494
18
957
341
6751
30
385
3042
911
1652
16
713
840
16981
44511
18
461
1435
302
4781
352
400
33
20
341
11897
313
32464
15
21
16
225
20
13
351
225
21
18
2586
1450
2136
8212
41579
2741
399
33
22
66
57
344
77
3077
1278
890
400
33
20
13
28446
7662
730
1528
30
1060
1971
559
778
14655
18
957
14441
1310
352
16751
302
1217
344
22795
399
33
21
7939
4728
4781
1480
400
34
20
851
2731
680
1563
399
33
22
66
57
16
903
2428
361
4728
4781
352
6892
559
35
1563
2024
16
399
33
22
344
22
66
21
680
16473
17208
1347
10413
30
15667
1375
17
559
33
21
30
225
22
66
21
33
22
16
400
33
20
1117
11897
313
12
22
16
20
5791
21
388
17
559
33
22
30
225
22
66
22
33
24
16
400
33
22
1117
11897
313
12
23
16
22
5791
23
35
26128
400
351
225
24
17
22
33
22
6758
57
15
21
33
23
1117
11897
313
12
23
16
22
5791
23
18
2586
903
436
4728
4781
352
399
33
22
499
559
33
22
18
2586
399
33
22
674
717
936
225
21
1528
18
16473
17208
2983
30
559
33
20
30
1217
150290
33
21
16
400
3647
21
32427
20
13
840
18
2586
15667
30
559
33
21
30
21
16
559
33
22
30
23
1117
2983
225
24
18
2586
1682
67
2289
5912
2796
1324
12
22
13
1011
361
225
24
3308
304
10413
18
16473
1310
20488
592
386
3672
5258
18
1283
530
2050
304
35909
15823
386
1169
468
225
22
18
35475
468
225
21
382
64191
15823
30
1041
17
559
344
21
926
22
13
1117
1169
468
225
22
18
9405
730
388
17
400
344
21
926
20
13
1232
559
344
20
926
21
13
1232
400
344
21
926
20
13
66528
3483
11751
468
225
20
16
516
225
22
388
17
400
344
21
926
20
13
1232
559
344
20
926
21
13
1232
559
344
21
926
22
13
2649
492
341
400
16
559
16
559
30
2522
700
33
22
18
44211
30
400
16
559
16
559
18
16473
37687
30
1472
700
33
21
16
477
33
20
18
400
30
700
33
20
16
477
33
20
18
559
30
700
33
21
16
477
33
21
18
559
30
700
33
21
15
22
66
21
33
23
35
26128
1749
559
5119
477
33
21
16
713
700
33
21
15
22
66
21
33
23
16
516
225
22
18
41729
17034
30
1325
1058
559
344
3161
700
33
20
402
477
33
20
13
385
704
304
700
33
21
16
477
33
21
18
461
1749
559
5119
477
33
21
16
713
700
351
225
21
692
225
22
66
21
351
225
23
18
2586
2522
700
33
23
16
516
225
22
18
2586
400
16
559
16
559
4007
1169
468
225
22
382
17
559
344
21
926
22
733
1232
400
344
22
926
21
733
1232
559
344
21
926
35
477
33
21
1325
1058
778
35
41729
1325
1058
559
16
477
33
21
18
5489
400
344
22
926
21
13
4007
2312
477
18
5489
1749
559
5119
477
33
21
30
700
33
21
15
22
66
21
33
23
18
2586
2522
225
23
382
17
559
344
21
926
22
733
1232
400
344
22
926
21
733
1232
400
35
3557
6751
1480
27399
400
18
2586
4445
382
17
400
344
21
926
20
733
1232
559
344
20
926
21
733
1232
400
344
21
926
20
733
1232
559
344
20
926
35
477
1325
1058
778
35
16473
37687
30
1472
477
33
20
18
400
30
700
33
20
16
477
33
20
16
2009
12756
9453
7143
18
559
30
700
33
21
16
477
33
21
16
2009
12756
9453
8077
18
400
30
700
33
20
16
477
33
21
16
2009
12756
9453
7143
18
559
30
700
33
20
15
22
66
21
33
22
16
477
33
22
18
20984
700
33
22
18
2586
6917
400
16
559
16
400
16
559
11751
468
700
33
22
18
9405
265
4080
6917
402
559
33
22
16
400
33
22
35
41729
492
6917
674
225
22
559
494
306
225
22
400
494
18
461
1991
30
400
16
559
16
400
16
559
18
3483
14441
559
33
22
16
400
33
22
18
20987
1435
302
4781
352
559
33
22
16
400
33
22
341
11897
313
12
23
16
22
5791
23
18
461
2240
2731
92269
302
400
3724
27272
352
559
33
22
30
27272
30
1714
1058
559
344
43541
20
733
1360
277
1217
559
494
344
43541
21
733
1325
2009
559
344
43541
22
680
21941
225
22
27272
686
302
225
23
18
461
15823
4850
304
638
17
27272
11339
30
8476
20
306
8476
21
30
400
16
559
16
400
16
559
344
788
1060
31951
465
17
27272
11339
30
8476
20
306
8476
22
30
400
16
559
16
559
16
400
35
41729
592
8476
22
341
1325
2009
559
16
386
2767
400
1325
1804
559
494
30
6917
30
400
16
559
16
559
16
400
35
26128
539
569
559
33
22
16
713
903
436
1217
559
494
18
213890
30
8476
20
1714
1058
559
16
8476
21
1360
277
1217
559
494
16
8476
22
1325
1749
559
18
21941
225
22
27272
30
21254
638
21
13
8476
20
306
8476
21
30
400
16
559
16
400
16
559
344
299
539
6974
465
22
13
8476
20
306
8476
22
30
400
16
559
16
559
16
400
344
77
3077
1278
400
16
1232
559
16
1232
559
16
1232
400
465
23
13
8476
21
306
8476
22
30
559
16
400
16
559
16
400
344
77
3077
1278
559
16
400
16
559
16
400
994
19477
1310
1450
2522
10690
1375
23064
400
16
559
16
559
16
400
30
37687
30
1472
700
33
21
19800
33
20
18
400
30
700
33
20
18
559
30
700
33
21
19800
33
21
18
559
30
700
33
21
15
22
33
23
19800
33
22
18
400
30
700
33
22
344
4108
499
225
23
680
2586
2522
700
33
22
18
9177
382
23064
559
16
400
16
559
16
400
30
1472
700
33
21
19800
33
20
18
559
30
700
33
22
19800
33
21
18
400
30
700
33
21
18
559
30
700
33
21
15
22
33
23
19800
33
22
18
400
30
700
33
22
18
2586
2522
700
33
22
18
2586
616
2240
15823
1169
468
225
22
18
2586
903
436
225
23
4781
499
559
33
22
16
400
33
22
18
58920
402
277
3225
559
33
21
46461
33
20
2481
344
3992
730
559
733
2983
4781
351
225
24
18
2586
1682
67
2289
5912
2796
1324
12
22
5791
24
18
957
14441
10413
382
27872
10413
5563
4309
382
27872
277
2746
17045
304
17713
4455
1242
57
97
95923
32464
15
21
16
225
22
66
57
506
399
13
352
559
1175
386
225
22
66
57
6743
399
306
225
22
66
57
506
399
6758
559
15
21
382
8311
539
1008
304
2363
492
19792
352
399
778
304
225
21
73
29
18
7517
559
341
468
1210
8696
225
2193
420
225
1028
16
539
530
9284
559
499
225
20
304
16
2132
16
225
1530
344
273
8696
778
304
225
22
14
2478
22
12402
13
304
361
6085
680
41729
352
399
778
304
225
21
73
29
32002
22
66
963
733
539
2428
1008
304
1994
559
778
304
8696
225
2193
18
2952
16
1994
4027
1207
399
341
2164
16
317
1627
1278
399
33
20
16
539
4494
559
33
20
306
559
33
21
18
1563
399
33
21
16
539
4494
559
778
304
225
22
18
1563
399
33
22
16
539
4494
559
778
304
225
22
18
1563
399
33
23
35
16473
17208
30
399
33
23
30
15667
30
559
33
22
30
225
22
66
22
33
24
16
400
33
21
6758
23
1117
11897
313
12
23
16
21
5791
23
31
559
33
23
30
225
22
66
23
33
28
16
400
33
25
6758
24
35
2523
344
25
34
24
680
2586
2983
33
23
18
2586
352
399
33
23
16
1682
33
23
18
16473
1310
20488
8696
35
3557
2993
689
1622
382
27872
352
399
778
304
225
21
73
29
16
559
778
304
819
225
2193
420
8696
225
1028
18
1563
6126
16
539
1387
9284
559
499
225
20
304
16
2132
16
225
1530
344
29753
225
22
66
1530
341
8730
680
2209
539
1998
4802
386
539
1907
13304
420
2502
1451
40753
16
689
1850
6772
382
71093
16
539
530
17208
277
2687
16161
4494
396
8696
225
1507
16
689
539
530
17208
3369
225
22
66
57
33572
2761
1013
399
692
559
692
225
21
35
41729
4550
400
6758
559
15
21
1117
225
22
66
57
506
399
6758
559
15
21
1117
225
22
66
57
6758
399
692
559
692
225
21
18
7517
118021
25409
57217
402
559
16
352
2927
559
16
225
22
66
57
642
14949
118021
18
2586
539
530
5088
890
225
22
66
57
1518
399
692
559
692
225
21
18
2209
1850
8392
304
9284
3369
225
22
66
57
1518
399
692
910
5879
35
7517
399
6758
225
21
73
29
16
539
530
9284
778
304
8696
225
1530
382
27872
8860
1375
1847
1682
67
2289
5912
2796
1324
12402
2407
298
2983
351
225
20
203
298
559
351
225
20
203
298
1706
7143
638
348
1217
150290
351
225
21
3492
559
225
905
225
22
66
57
203
348
592
1217
150290
460
399
638
454
559
4284
225
21
203
454
4622
203
348
400
351
1217
150290
506
399
203
348
592
400
6758
559
692
225
21
638
454
2983
4284
2857
32464
15
21
16
400
13
225
905
1347
11892
1005
70
203
348
905
2984
4550
30
592
1217
150290
1518
399
306
400
1518
559
15
21
306
1217
150290
25409
2927
16
539
530
2984
890
1217
150290
1518
399
692
559
692
225
21
35
2209
539
530
1060
9284
778
304
910
2687
16161
388
348
905
2159
361
6085
16
539
530
9284
559
778
304
8696
225
1507
388
348
559
4284
225
21
203
348
592
559
1518
225
1507
30
2984
203
298
758
2983
300
2608
1008
304
1250
11892
1005
70
382
2608
539
1196
4802
539
1994
616
2731
559
1207
4550
12413
18
1563
2927
399
4549
225
21
73
29
16
559
2239
225
963
18
2586
9284
778
304
16
2132
16
225
1507
341
6772
382
2608
539
2428
851
1008
304
1994
386
352
399
33
20
16
539
1008
559
33
20
16
21
15667
18
1563
559
33
22
16
1217
150290
33
24
16
400
33
24
1518
559
15
21
33
23
16
713
2984
35
2209
539
2188
9284
304
559
33
22
306
2292
4550
18
2586
539
530
1060
9284
778
304
910
2687
16161
382
5158
122221
30
277
10413
11470
16334
386
539
530
2837
13534
839
20620
302
400
494
3724
27272
16
15470
302
2413
16981
18
1283
23069
1850
2837
2731
18
16473
4638
18400
25096
352
8106
4027
1207
400
341
34901
344
57
15
21
680
1563
559
33
20
16
400
33
21
30
539
569
730
8476
344
6850
1714
277
559
35
41729
402
559
33
20
16
903
436
840
559
494
16
689
539
569
730
8476
35
461
3449
26565
30
1563
559
778
14655
16
903
436
559
15
21
27272
30
1714
1058
559
16
1360
1450
8288
302
559
494
16
1325
2009
559
18
1563
559
33
20
16
903
341
7662
225
21
8476
344
1833
373
10384
6
8476
680
2586
539
530
2111
400
33
21
1652
3746
903
18
44211
30
400
18
9405
4080
18
1563
559
33
20
16
400
33
20
30
840
1652
14655
16
6917
8295
344
3992
1472
680
2209
6857
468
2413
225
21
16
516
468
399
9082
399
33
21
18
1563
399
33
20
16
400
33
21
341
277
1094
12634
382
2500
559
33
21
16
400
530
361
468
1210
225
22
344
57
15
21
680
461
15823
352
400
33
22
436
30
400
16
559
16
400
344
43541
20
306
8476
21
680
3483
539
31951
18
9405
4080
18
1563
400
33
21
30
3673
8476
20
344
40
16
559
13
420
8476
21
344
57
16
400
680
11243
4080
18
1563
400
33
20
30
1060
559
382
8311
1994
559
33
22
16
400
33
23
344
4956
680
213890
30
8476
20
16
8476
21
16
8476
22
18
21941
616
2240
1117
400
16
559
16
400
16
559
16
400
18
119812
30
1472
700
33
21
18
400
30
700
33
20
18
559
30
700
33
21
19800
33
21
18
400
30
700
33
20
18
559
30
700
33
20
15
22
66
21
33
22
19800
33
22
18
400
30
700
33
21
18
20984
700
33
21
18
9405
4080
18
1563
839
20620
16
539
530
37687
306
1565
411
4229
18
2586
277
10413
14927
382
27872
277
4377
341
25485
382
8311
539
1008
304
3138
1682
67
2289
5912
2796
1324
12402
13
25764
382
77397
79515
30
175676
11892
1005
70
341
2451
499
11636
225
23
18
28
18
7517
277
3167
4164
10769
411
16
539
530
1250
11892
18
2491
539
530
3138
954
1902
2857
1347
87427
420
118214
10413
352
2164
307
382
14353
1008
304
5203
2927
95923
2911
35
461
2527
874
361
2927
30
1310
4059
1682
67
2289
5912
2796
1324
12
21
26282
28049
26167
13
351
225
27
16
15834
16
26401
16
697
22700
297
11636
853
18
99008
6892
2911
352
14775
399
35
2209
399
778
304
225
21
73
29
16
2687
559
8696
225
963
16
95923
12
2193
16
2761
13
5907
778
304
225
2193
39
883
5907
225
3966
4364
35
41729
225
2193
39
883
351
225
3966
20455
13197
16
5907
23
73
28
18
2586
22700
297
225
1028
20495
12157
35
41729
225
3966
4364
22700
18
1563
559
778
304
8696
225
1530
16
95923
1387
361
8730
16
689
539
642
516
771
15667
352
2927
559
1480
400
1011
361
8730
306
516
22465
400
6758
559
15
21
18
2586
95923
2911
436
18687
382
27872
539
530
21606
17208
1347
11892
1005
70
382
8311
539
1008
304
4802
539
1250
11892
382
27872
2363
1375
656
11892
300
1847
1682
67
2289
5912
2796
1324
12402
30
853
13
2649
853
638
298
2983
351
225
20
203
298
905
32992
5879
352
559
30
7517
352
559
1518
225
1530
16
225
22
66
57
6656
399
692
559
692
225
21
16
713
4550
18048
18
1283
530
9284
778
304
16
2132
16
225
1507
388
298
352
559
297
2783
12
20
16
225
2394
2738
225
905
778
304
225
22
66
1507
203
348
1217
150290
351
225
21
3492
559
203
348
592
1217
150290
460
399
638
454
4622
203
348
400
351
1217
150290
506
399
203
348
592
400
6758
559
692
225
21
638
454
2983
4284
11892
1005
70
32464
692
225
21
16
400
465
298
758
2983
300
2608
17034
30
461
4550
400
6758
559
15
21
341
4778
689
516
9433
35
1283
23069
1850
9433
18
2952
16
539
1008
304
851
4802
400
6743
225
20
344
8781
341
30011
498
1217
150290
6743
399
680
2586
1850
6772
382
5158
717
122221
30
461
4550
386
1652
14655
4273
361
1161
149558
341
50089
498
277
8476
20620
30
468
1210
730
400
621
8476
18
9405
7662
400
6758
559
15
21
18
2586
20672
382
27872
492
1154
1196
1717
616
6292
382
8311
539
1008
304
9182
352
616
1310
4027
382
19477
20488
17208
910
304
4802
840
1115
14530
20740
382
3506
4027
1568
4059
1451
53432
18
1563
1450
302
1731
16
277
9284
642
17208
15667
352
559
1207
1217
150290
6743
399
18
7517
399
341
2927
344
7846
1518
225
22
66
963
733
1217
150290
6743
399
1094
352
559
6743
225
963
344
29753
225
22
66
963
5907
225
21
18
2662
73
29
680
1563
399
2911
1013
225
13197
25527
29649
32427
22
66
1575
733
559
4494
30
559
33
1575
344
22
66
1575
33
20918
49
13
22699
400
33
6338
49
1518
1748
1117
840
13556
18
2586
2983
8320
225
20
18
2586
14441
382
3506
399
33
902
23737
30
1217
150290
352
559
33
992
33
902
18051
16
400
33
21
16
11897
313
12
883
16
21
5791
883
18
559
33
883
30
1217
150290
33
1028
17697
16
400
33
902
23271
1518
902
35
2523
18
2586
2983
225
883
382
27872
2363
1196
4475
382
8311
539
1196
851
2292
386
539
4746
4826
839
15667
499
559
7835
225
1507
18
2209
352
399
778
304
225
21
73
29
16
225
22
66
963
5907
21
73
29
16
225
22
66
2193
5907
22
73
29
18
2586
559
778
304
225
2193
18
2586
9284
778
304
225
1507
341
6085
382
24157
52375
30
399
33
20
30
559
33
20
1117
1217
150290
33
21
6743
20
1117
400
33
21
6758
21
1117
2857
12
21
16
21
5791
21
18
559
33
21
1117
1217
150290
33
22
6743
20
1117
400
33
22
6758
22
1117
2857
12
22
16
22
5791
21
18
559
33
22
1117
1217
150290
33
24
6743
20
1117
400
33
24
6758
23
35
2523
18
2586
2983
33
22
382
79
33
21
30
559
33
20
1117
400
33
20
6758
21
1117
2857
12
21
16
20
5791
21
18
559
33
21
1117
400
33
21
6758
22
1117
2857
12
22
16
21
5791
22
18
559
33
22
1117
400
33
23
6758
23
1117
2857
12
23
16
23
5791
21
18
559
33
23
1117
400
33
27
6758
24
35
2523
18
2586
2983
33
24
382
27872
14441
382
8311
9182
1310
352
399
33
10560
30
559
33
29
1117
1217
150290
33
10560
1117
400
33
20
6758
622
1117
2857
12
622
16
20
5791
21
18
559
33
622
1117
1217
150290
33
21
6351
1117
400
33
10560
6758
807
35
2523
18
2586
2983
33
21
382
3196
1622
382
27872
277
4377
341
304
3138
492
4455
382
8311
539
1008
304
4602
277
1154
297
11636
402
194863
396
3419
18
461
1154
16607
341
2688
31
539
1060
1008
304
3138
277
2376
382
2110
1196
516
14637
277
6292
31
724
642
361
1774
1325
954
7878
18
2586
539
1008
304
4802
954
7878
14441
277
4655
19237
7662
382
27872
2522
2363
1375
5640
656
11892
300
1847
1682
67
2289
5912
2796
1324
12402
30
853
13
2649
853
638
298
2983
351
225
20
203
298
905
461
1435
302
778
14655
559
341
5885
31
352
399
6758
225
622
66
29
16
559
6758
819
225
2193
388
298
905
27969
9284
778
304
16
2132
16
225
1507
304
361
6085
388
298
352
559
297
2783
12
20
16
225
2394
2407
348
1217
150290
351
225
21
3492
559
203
348
592
1217
150290
460
399
638
454
4622
203
348
400
351
1217
150290
506
399
203
348
592
400
6758
559
692
225
21
638
454
2983
4284
11892
1005
70
32464
692
225
21
16
400
465
298
758
2983
203
7203
2608
539
1008
304
4802
277
1154
14441
277
194863
7662
18
461
194863
341
3402
2688
297
277
2746
18
1283
1008
304
2549
411
297
277
1154
8559
35
461
2746
4060
373
6534
277
2165
1154
16607
306
194863
16
7095
3138
277
1154
4546
306
1717
616
277
6292
1304
461
3419
2363
49032
4059
277
1154
16607
306
194863
18
2586
539
1008
304
4602
277
2363
386
4059
386
1154
8559
306
194863
18
610
277
2522
3032
16
539
1196
3271
277
2363
2732
402
277
7878
382
27872
539
1196
3271
1375
5640
656
11892
300
1847
1682
67
2289
5912
2796
1324
12402
30
853
13
2649
853
638
298
11192
35001
10626
366
51337
225
21
306
9002
304
6018
51337
399
18
3283
674
265
12159
1333
6857
468
225
20
388
298
5591
51337
700
16
1419
530
1971
1217
3815
302
7154
638
298
225
21
18
7450
1652
304
51337
700
17
21
344
66026
361
1161
149558
420
366
51337
225
20
465
298
225
22
18
7450
778
304
51337
700
692
225
22
66
74486
16
1232
19706
12159
498
225
21
19964
298
7448
277
2983
1435
302
4781
35001
530
6018
51337
399
388
298
8598
386
35001
530
6018
51337
399
4347
3041
306
4622
7154
388
2458
298
35685
638
348
399
30
461
2741
51337
1435
344
20
6758
399
6758
225
622
66
29
465
2458
298
11341
638
348
461
1435
302
9746
4781
304
6018
51337
399
19964
298
25436
1682
67
2289
5912
2796
1324
12
20
465
298
225
22
203
298
25436
1682
67
2289
5912
2796
1324
12
21
465
298
225
24
203
298
25436
1682
67
2289
5912
2796
1324
12
10560
465
298
225
21
203
298
8340
298
2983
351
225
20
203
298
905
7517
399
6758
225
622
66
29
16
539
1094
1008
304
1994
559
778
304
819
225
2193
388
298
905
39955
778
304
265
6085
7866
5879
388
298
352
559
297
2783
12
20
16
225
2394
2407
348
1217
150290
351
225
21
3492
559
203
348
592
1217
150290
460
399
638
454
4622
203
348
400
351
1217
150290
506
399
203
348
592
400
6758
559
692
225
21
638
454
2983
4284
11892
1005
70
32464
692
225
21
16
400
465
298
758
2983
203
7203
2110
1008
304
4802
277
194863
341
7662
396
2688
35
461
2746
7939
265
194863
402
7120
18
1283
1196
2553
411
396
341
382
5158
122221
30
610
277
194863
16
724
569
2240
7120
30
1682
67
2289
5912
2796
1324
12
20
13
2649
225
22
16
1682
67
2289
5912
2796
1324
12
21
13
2649
225
24
16
1682
67
2289
5912
2796
1324
12
10560
13
2649
225
21
18
9405
6772
382
8311
539
1008
304
1994
592
903
341
839
3364
1690
352
399
1518
225
22
66
57
352
559
778
304
910
5879
18
461
9284
778
304
225
1507
13823
616
2731
559
352
399
778
304
225
622
66
29
382
2608
539
2428
1587
304
361
717
7434
30
539
1387
17208
2687
16161
351
2687
12402
68071
14607
3787
910
2164
5882
13
692
225
22
16
689
1850
6772
382
8311
539
1998
13561
352
616
1310
4027
18
461
6292
2549
1375
5648
12578
12
20
13
1377
225
22
203
5648
12578
12
21
13
1377
225
24
203
5648
12578
12
14423
16507
28195
13
1377
225
25019
203
5648
12578
12
21
26282
28049
26167
13
1377
225
27
15834
26401
203
5648
12578
12
10560
13
1377
225
21
203
5648
12578
12
21
25254
17873
24093
13
1377
225
20
203
5648
12578
12
13197
25527
29649
13
1377
225
20
203
5648
12578
12
20104
23935
22264
13
1377
225
20
203
5648
12578
12
14423
16507
24619
13
1377
225
21
203
5648
12578
12
21
26282
27759
20179
13
1377
225
20
203
5648
12578
12
21
937
937
937
13
1377
225
20
203
5648
12578
12
25616
16605
23457
13
1377
225
20
203
5648
12578
12
4542
4542
8909
13
1377
225
20
203
5648
12578
12
20269
28632
21415
13
1377
225
20
203
5648
12578
12
13120
13
1377
225
20
203
5648
12578
12
24969
27353
27112
13
1377
225
20
203
5648
12578
12
26472
24067
28978
13
1377
225
20
203
5648
12578
12
25657
11313
22675
13
1377
225
20
203
5648
12578
12
11969
13
1377
225
20
203
5648
12578
12
27248
937
8107
13
1377
225
20
203
5648
12578
12
19396
10942
26373
13
1377
225
20
203
5648
12578
12
25045
28195
4079
13
1377
225
20
203
5648
12578
12
25513
26372
27527
13
1377
225
20
203
5648
12578
12
27478
17142
15708
13
1377
225
20
203
5648
12578
12
20918
22891
17023
13
1377
225
21
203
5648
12578
12
19727
17503
13
1377
225
20
203
5648
12578
12
902
23737
13
1377
225
883
300
19477
17208
1450
20488
1347
277
10413
382
61792
1310
1450
12578
402
954
10413
382
54641
285
12402
13
351
4455
1242
57
33
20
568
45938
97
648
359
225
22
66
57
6743
399
306
225
22
66
57
506
399
6758
559
15
21
65
11897
313
32464
15
21
16
225
22
66
57
506
399
2570
2110
1008
304
13561
1450
1310
1690
382
32350
3402
24533
352
399
33
20
16
21
16
10560
16
14423
16507
28195
16
21
26282
28049
26167
16
14423
16507
24619
16
20918
22891
17023
16
902
23737
18
15040
4475
382
8311
2292
352
399
33
21
25254
17873
24093
30
225
22
66
963
351
225
21
26282
28049
25814
31
400
351
225
21
26282
28049
25814
506
225
21
25254
17873
24093
351
225
902
18550
16076
351
225
22
66
1199
18
559
33
963
16
400
33
902
18550
16076
1518
2193
1117
840
18
559
33
2193
30
225
22
66
2193
351
225
22
14919
22278
24501
31
400
351
225
22
14919
22278
24501
506
225
21
25254
17873
24093
351
225
21
20307
23767
14834
1518
1028
1117
840
18
2586
2983
33
20
382
79
33
13197
25527
29649
30
396
7977
16
559
33
1592
30
400
6484
344
22
66
1592
460
399
733
18486
18
559
33
1575
30
400
33
6338
22742
28632
1518
1748
1117
840
18
2586
225
20
382
79
33
20104
23935
22264
30
559
33
963
30
400
33
14423
16507
24619
1518
2193
1117
840
18
559
33
2193
30
400
1518
1028
1117
840
18
2586
225
20
382
79
33
21
26282
27759
20179
30
559
33
963
30
400
33
2394
22380
1518
2193
1117
840
18
2586
225
20
382
79
33
21
937
937
937
30
559
33
963
30
400
33
7563
28049
25814
1518
2193
1117
840
18
2586
225
20
382
79
33
25616
16605
23457
30
559
33
963
30
400
33
15711
27941
20599
1518
2193
1117
840
18
2586
225
20
382
79
33
4542
4542
8909
30
559
33
963
30
400
33
7563
28049
28208
1518
2193
1117
840
382
79
33
20269
28632
21415
30
559
33
963
30
400
33
13099
198643
41729
225
21
26282
28049
25814
506
225
20269
28632
21415
351
225
13099
198643
42379
30
225
21
26282
28049
25814
506
225
20269
28632
21415
351
225
13099
198643
16473
17208
21887
30
225
21
26282
28049
25814
506
225
20269
16
28632
16
21415
351
225
13099
16
18211
16
22726
18
1518
2193
18
2586
225
20
382
79
33
13120
30
559
33
27
30
225
22
66
27
33
7361
460
13120
31
559
33
28
30
225
6008
6743
13120
31
400
33
11777
1518
29
1117
840
18
2586
225
20
382
79
33
24969
27353
27112
30
559
33
963
30
400
33
16035
16
19397
16
12597
1518
2193
1117
840
382
79
33
26472
24067
28978
30
400
33
21479
16
14661
16
23001
1518
2193
1117
840
382
79
33
25657
11313
22675
30
400
33
20532
16
24100
16
26922
1518
2193
1117
840
382
79
33
11969
30
559
33
27
30
225
7361
32
11969
31
559
33
28
30
6008
19105
11969
31
400
33
4868
34
29
1117
840
382
79
33
27248
937
8107
30
400
33
20179
16
28049
16
24194
1518
2193
1117
840
382
79
33
19396
10942
26373
30
400
33
28082
16
25468
16
20635
1518
2193
1117
840
382
79
33
25045
28195
4079
30
400
33
15527
16
3048
16
25657
1518
2193
1117
840
382
79
33
25513
26372
27527
30
400
33
16035
16
27880
16
18736
1518
2193
1117
840
382
79
33
27478
17142
15708
30
400
33
19090
16
18069
16
5239
1518
2193
1117
840
382
79
33
19727
17503
30
559
33
1045
35
225
22
66
1045
33
18976
13352
460
19727
17503
31
559
33
1057
30
225
23935
20179
6743
19727
17503
31
400
33
14948
23963
1518
696
35
400
33
23935
20179
17
19727
17503
33
14948
23963
1518
696
1117
840
18
2586
225
20
382
27872
616
53432
382
27872
277
1154
14441
616
6292
382
8311
539
1008
304
4802
539
911
277
1996
1250
306
1154
16607
18
461
2746
6434
4059
265
2292
1154
386
8877
1682
67
2289
5912
2796
1324
18
2586
539
1008
304
8483
1682
67
2289
5912
2796
1324
25764
382
8311
539
851
1008
304
1994
592
903
436
839
16981
819
2927
5463
12267
11795
13304
297
12131
1013
346
16
689
11636
28506
3089
146581
382
27872
277
4377
341
4309
382
8311
16
539
1008
304
3271
277
2363
297
265
3225
2363
2732
396
621
12759
30
373
3039
1196
18523
277
2363
385
11116
297
265
127068
2363
2732
344
826
22057
13
344
22310
642
61694
277
4607
5442
118742
2586
539
3271
1060
277
1154
8559
402
1250
382
27872
2522
3032
30
35642
11636
2363
382
2110
1196
851
2549
1250
11892
468
1828
382
27872
3032
1375
5640
656
11892
300
1847
1682
67
2289
5912
2796
1324
12402
30
853
13
2649
853
638
298
11192
35001
10626
366
51337
225
21
306
9002
304
6018
51337
399
18
3283
674
265
12159
1333
6857
468
225
20
388
298
5591
51337
700
16
1419
530
1971
1217
3815
302
7154
638
298
225
21
18
7450
1652
304
51337
700
17
21
344
66026
361
1161
149558
420
366
51337
225
20
465
298
225
22
18
7450
778
304
51337
700
692
225
22
66
74486
16
1232
19706
12159
498
225
21
19964
298
7448
277
2983
1435
302
4781
35001
530
6018
51337
399
388
298
8598
386
35001
530
6018
51337
399
4347
3041
306
4622
7154
388
2458
298
35685
638
348
399
30
461
2741
51337
1435
344
20
6758
399
6758
225
622
66
29
465
2458
298
11341
638
348
461
1435
302
9746
4781
304
6018
51337
399
19964
298
25436
1682
67
2289
5912
2796
1324
12
20
465
298
225
22
203
298
25436
1682
67
2289
5912
2796
1324
12
21
465
298
225
24
203
298
25436
1682
67
2289
5912
2796
1324
12
10560
465
298
225
21
203
298
8340
298
2983
351
225
20
203
298
905
1563
399
778
304
225
622
66
29
16
559
3042
33572
819
225
2193
388
298
905
39955
778
304
265
6085
7866
5879
344
73
1627
1278
225
1507
3098
298
352
559
297
2783
12
20
16
225
2394
2407
348
1217
150290
351
225
21
3492
559
203
348
592
1217
150290
460
399
638
454
4622
203
348
400
351
1217
150290
506
399
203
348
592
400
6758
559
692
225
21
638
454
2983
4284
11892
1005
70
32464
692
225
21
16
400
465
298
758
2983
203
7203
2110
1196
4802
539
2549
277
194863
7662
396
2688
18
461
2746
7939
277
194863
402
31934
22772
306
2269
18
1283
530
5209
411
126865
382
8311
16
539
2428
1994
592
903
341
839
1115
14530
20740
297
277
4550
400
6758
559
15
21
18
16473
13561
352
277
6756
400
15277
352
265
2688
559
18
1563
559
33
20
16
559
15
21
33
21
16
400
530
361
225
20
420
225
21
18
400
33
21
6751
18
3483
21062
304
730
1652
3746
1714
839
778
18
44211
30
400
18
9405
4080
382
2500
559
33
21
16
559
15
21
33
22
16
400
530
361
225
20
16
21
16
22
18
400
33
22
21062
304
6917
400
16
559
16
400
16
697
341
4080
18
400
33
21
21062
304
3673
400
16
559
420
559
16
400
18
11243
4080
18
2586
4550
14441
382
27872
7878
341
4309
382
8311
16
539
1196
4638
18400
277
97102
1682
352
400
33
20
16
559
22551
18
400
33
20
2767
840
1652
14655
16
1094
778
14655
18
15968
7662
730
6917
30
616
778
14655
18
9405
11897
313
32464
15
21
16
20
5791
21
18
2586
4229
382
27872
2522
3032
341
4309
382
8311
16
539
1008
304
3271
277
2363
2732
382
5158
717
3645
30
461
2746
6434
4060
373
3039
1196
18523
277
2363
385
11116
297
265
127068
2363
2732
344
826
22057
13
344
22310
642
61694
277
4607
5442
118742
2586
539
1008
304
3271
1060
277
2363
2732
402
277
1154
8559
18
46764
539
1196
516
2549
839
4814
1541
5536
277
2363
2732
18
2586
3032
1196
361
1375
5640
656
11892
300
1847
1682
67
2289
5912
2796
1324
12402
30
853
13
2649
853
638
298
11192
4074
194863
4074
8340
298
2983
351
225
20
203
298
352
559
297
2783
12
20
16
225
2394
2407
348
1217
150290
351
225
21
3492
559
203
348
592
1217
150290
460
399
638
454
4622
203
348
400
351
1217
150290
506
399
203
348
592
400
6758
559
692
225
21
638
454
2983
4284
11892
1005
70
32464
692
225
21
16
400
465
298
758
2983
203
7203
17701
2897
304
2549
194863
7662
396
2688
382
27872
2522
3032
18
255011
255012
3080
14487
203
656
11892
300
1847
1682
67
2289
5912
2796
1324
12402
30
853
13
2649
853
638
298
11192
35001
10626
366
51337
225
21
306
9002
304
6018
51337
399
18
3283
674
265
12159
1333
6857
468
225
20
388
298
5591
51337
700
16
1419
530
1971
1217
3815
302
7154
638
298
225
21
18
7450
1652
304
51337
700
17
21
344
66026
361
1161
149558
420
366
51337
225
20
465
298
225
22
18
7450
778
304
51337
700
692
225
22
66
74486
16
1232
19706
12159
498
225
21
19964
298
7448
277
2983
1435
302
4781
35001
530
6018
51337
399
388
298
8598
386
35001
530
6018
51337
399
4347
3041
306
4622
7154
388
2458
298
35685
638
348
399
30
461
2741
51337
1435
344
20
6758
399
6758
225
622
66
29
465
2458
298
11341
638
348
461
1435
302
9746
4781
304
6018
51337
399
19964
298
25436
1682
67
2289
5912
2796
1324
12
20
465
298
225
22
203
298
25436
1682
67
2289
5912
2796
1324
12
21
465
298
225
24
203
298
25436
1682
67
2289
5912
2796
1324
12
10560
465
298
225
21
203
298
8340
298
2983
351
225
20
203
298
905
1563
399
20649
225
622
66
29
16
559
3042
33572
819
225
2193
31
9284
304
265
6085
7866
5879
388
298
352
559
297
2783
12
20
16
225
2394
2407
348
1217
150290
351
225
21
3492
559
203
348
592
1217
150290
460
399
638
454
4622
203
348
400
351
1217
150290
506
399
203
348
592
400
6758
559
692
225
21
638
454
2983
4284
11892
1005
70
32464
692
225
21
16
400
465
298
758
2983
203
3080
255013
255001