255000
255004
255012
8928
9460
436
2837
304
361
7528
306
4273
361
86428
498
13845
1181
420
1756
14134
638
17
1532
642
3032
10855
352
11828
16
29845
16
420
12077
2269
4131
304
6126
12283
18
1532
642
516
2483
2269
386
341
20243
420
1387
361
1161
304
3866
7431
382
8928
9460
8490
396
593
31768
16
689
724
530
361
86428
297
13845
1181
420
1756
14134
638
17
4520
1227
341
5464
28760
7654
388
17
1532
436
265
2927
4001
2045
6120
498
169990
422
382
7
15420
24293
203
3080
4605
203
63
300
1391
3080
255013
255001
255000
255002
255012
6534
277
2165
1154
16607
306
194863
16
7095
3138
277
1154
4546
306
1717
616
277
6292
18
1995
5677
4222
59947
5533
213288
28430
3039
1196
18523
277
2363
385
11116
297
265
127068
2363
2732
344
826
22057
13
344
22310
642
61694
277
4607
5442
994
5640
1847
1682
8724
4987
43480
2350
30
1284
16
399
30
853
13
2649
853
638
298
11192
18750
265
11674
1794
272
15739
265
1435
307
306
387
11795
399
421
298
758
277
1682
302
4898
32088
2336
936
307
386
436
399
3499
43480
388
2458
298
1401
11795
1150
341
399
3499
43480
592
14407
277
2165
5637
468
1210
399
3041
203
298
17045
411
304
225
21
30
39953
1150
402
277
1682
302
867
13822
344
21
87
13
297
969
11674
11183
388
2458
298
461
1193
1196
361
8938
68437
225
622
66
29
692
225
27
388
2458
298
35685
638
348
272
30
26567
1794
15739
307
344
21
6758
6441
2350
13
6758
225
5855
16
840
6152
53432
465
348
399
30
35107
1435
302
7154
6751
344
21
6758
399
6758
225
25
465
2458
298
11341
638
348
4716
302
399
3499
43480
4898
32088
2336
936
307
16
68437
225
622
66
29
692
225
27
19964
298
25436
1682
8724
4987
43480
711
7955
728
225
21
465
298
225
23
203
298
25436
1682
8724
4987
43480
711
21
937
728
225
22
465
298
225
26
203
298
25436
1682
8724
4987
43480
711
21
728
225
23
465
298
225
20
203
298
33328
1847
2292
180005
2407
298
905
18632
1310
4027
499
7120
203
298
3999
12578
711
7955
728
225
21
13
1377
225
23
203
298
3999
12578
711
21
937
728
225
22
13
1377
225
26
203
298
3999
12578
711
21
728
225
23
13
1377
225
20
19964
298
905
17139
4027
402
307
33
21
203
298
3999
12578
711
21
728
225
21
13
1377
225
20
203
298
3999
12578
711
21
728
225
22
13
1377
225
20
203
298
3999
12578
711
21
728
225
24
13
1377
225
20
203
298
3999
12578
711
21
728
225
25
13
1377
225
20
19964
298
905
16040
11674
14580
203
298
3999
12578
711
807
728
225
23
13
1377
225
22
203
298
3999
12578
711
807
728
225
24
13
1377
225
22
203
298
3999
12578
711
807
728
225
25
13
1377
225
22
19964
298
905
89978
1310
4027
203
298
3999
12578
711
807
7955
7955
7955
7955
7955
7955
7955
7955
7955
7955
7955
7955
7955
7955
7955
7955
7955
7955
7955
7955
7955
7955
7955
7955
7955
7955
7955
7955
7955
7955
7955
7955
7955
7955
7955
7955
7955
7955
7955
7955
7955
7955
7955
7955
7955
7955
7955
7955
7955
7955
7955
7955
7955
7955
7955
7955
7955
7955
7955
7955
7955
7955
7955
7955
7955
7955
7955
7955
7955
7955
7955
7955
7955
7955
7955
7955
7955
7955
7955
7955
7955
7955
7955
7955
7955
7955
7955
7955
7955
7955
7955
7955
7955
7955
7955
7955
7955
7955
7955
7955
7955
7955
7955
7955
7955
7955
7955
7955
7955
7955
7955
7955
7955
7955
7955
7955
7955
7955
7955
7955
7955
7955
7955
7955
7955
7955
7955
7955
7955
7955
7955
7955
7955
7955
7955
7955
7955
7955
7955
7955
7955
7955
7955
7955
7955
7955
7955
7955
7955
7955
7955
7955
7955
7955
7955
7955
7955
7955
7955
7955
7955
7955
7955
7955
7955
7955
7955
7955
7955
7955
7955
7955
7955
7955
7955
7955
7955
7955
7955
7955
7955
7955
7955
7955
7955
7955
7955
7955
7955
7955
7955
7955
7955
7955
7955
7955
7955
7955
7955
7955
7955
7955
7955
7955
7955
7955
7955
7955
7955
7955
7955
7955
7955
7955
7955
7955
7955
7955
7955
7955
7955
7955
7955
7955
7955
7955
7955
7955
7955
7955
7955
7955
7955
7955
7955
7955
7955
7955
7955
7955
7955
7955
7955
7955
7955
7955
7955
7955
7955
7955
7955
7955
7955
7955
7955
7955
7955
7955
7955
7955
7955
7955
7955
7955
7955
7955
728
225
25
13
1377
225
7992
26988
25616
203
298
3999
12578
711
807
7955
7955
7955
7955
7955
7955
7955
7955
7955
7955
7955
7955
7955
7955
7955
7955
7955
7955
7955
7955
7955
7955
7955
7955
7955
7955
7955
7955
7955
7955
7955
7955
7955
7955
7955
7955
7955
7955
7955
7955
7955
7955
7955
7955
7955
7955
7955
7955
7955
7955
7955
7955
7955
7955
7955
7955
7955
7955
7955
7955
7955
7955
7955
7955
7955
7955
7955
7955
7955
7955
7955
7955
7955
7955
7955
7955
7955
7955
7955
7955
7955
7955
7955
7955
7955
7955
7955
7955
7955
7955
7955
7955
7955
7955
7955
7955
7955
7955
7955
7955
7955
7955
7955
7955
7955
7955
7955
7955
7955
7955
7955
7955
7955
7955
7955
7955
7955
7955
7955
7955
7955
7955
7955
7955
7955
7955
7955
7955
7955
7955
7955
7955
7955
7955
7955
7955
7955
7955
7955
7955
7955
7955
7955
7955
7955
7955
7955
7955
7955
7955
7955
7955
7955
7955
7955
7955
7955
7955
7955
7955
7955
7955
7955
7955
7955
7955
7955
7955
7955
7955
7955
7955
7955
7955
7955
7955
7955
7955
7955
7955
7955
7955
7955
7955
7955
7955
7955
7955
7955
7955
7955
7955
7955
7955
7955
7955
7955
7955
7955
7955
7955
7955
7955
7955
7955
7955
7955
7955
7955
7955
7955
7955
7955
7955
7955
7955
7955
7955
7955
7955
7955
7955
7955
7955
7955
7955
7955
7955
7955
7955
7955
7955
7955
7955
7955
7955
7955
7955
7955
7955
7955
7955
7955
7955
7955
7955
7955
7955
7955
7955
7955
7955
7955
7955
7955
7955
7955
7955
7955
7955
7955
7955
7955
7955
7955
7955
728
225
24
13
1377
225
19397
23851
28822
203
298
3999
12578
711
807
7955
7955
7955
7955
7955
7955
7955
7955
7955
7955
7955
7955
7955
7955
7955
7955
7955
7955
7955
7955
7955
7955
7955
7955
7955
7955
7955
7955
7955
7955
7955
7955
7955
7955
7955
7955
7955
7955
7955
7955
7955
7955
7955
7955
7955
7955
7955
7955
7955
7955
7955
7955
7955
7955
7955
7955
7955
7955
7955
7955
7955
7955
7955
7955
7955
7955
7955
7955
7955
7955
7955
7955
7955
7955
7955
7955
7955
7955
7955
7955
7955
7955
7955
7955
7955
7955
7955
7955
7955
7955
7955
7955
7955
7955
7955
7955
7955
7955
7955
7955
7955
7955
7955
7955
7955
7955
7955
7955
7955
7955
7955
7955
7955
7955
7955
7955
7955
7955
7955
7955
7955
7955
7955
7955
7955
7955
7955
7955
7955
7955
7955
7955
7955
7955
7955
7955
7955
7955
7955
7955
7955
7955
7955
7955
7955
7955
7955
7955
7955
7955
7955
7955
7955
7955
7955
7955
7955
7955
7955
7955
7955
7955
7955
7955
7955
7955
7955
7955
7955
7955
7955
7955
7955
7955
7955
7955
7955
7955
7955
7955
7955
7955
7955
7955
7955
7955
7955
7955
7955
7955
7955
7955
7955
7955
7955
7955
7955
7955
7955
7955
7955
7955
7955
7955
7955
7955
7955
7955
7955
7955
7955
7955
7955
7955
7955
7955
7955
7955
7955
7955
7955
7955
7955
7955
7955
7955
7955
7955
7955
7955
7955
7955
7955
7955
7955
7955
7955
7955
7955
7955
7955
7955
7955
7955
7955
7955
7955
7955
7955
7955
7955
7955
7955
7955
7955
7955
7955
7955
7955
7955
7955
7955
7955
7955
7955
7955
728
225
23
13
1377
225
27353
24506
18976
19964
298
905
4540
4110
11674
14580
203
298
3999
12578
711
622
3316
6880
3520
937
3316
7955
937
1296
3520
6681
6880
937
937
1296
3316
3528
3528
6681
6681
3520
3520
3316
3528
7955
3528
3528
3528
1296
1296
1296
6681
3316
3316
3316
3316
3528
6681
6681
1296
6681
7955
3520
3520
1296
3528
937
6681
3316
937
3316
3316
1296
3520
3528
3316
937
6880
6880
1296
937
3520
7955
3520
3520
1296
3316
3528
1296
937
6681
7955
1296
7955
3528
3316
3528
6880
1296
7955
7955
6880
3528
6880
3316
6681
6880
7955
3520
3520
3316
6880
6681
3528
3316
3528
3520
3520
6681
1296
7955
3316
7955
3316
6880
6681
937
6681
3316
3528
3316
6880
3316
3528
6681
1296
3520
6880
6681
1296
1296
937
7955
3528
6880
3528
6880
1296
3316
6880
6681
3520
3528
3528
1296
3520
3528
3316
937
3520
3316
3528
3528
6880
7955
1296
6681
1296
7955
6880
3520
3316
6681
937
3316
6681
937
6880
3520
937
3528
937
3316
3520
937
3316
937
3528
3520
1296
1296
3520
3528
3528
3528
3316
3316
1296
3528
3528
1296
3316
6880
6880
6880
3316
6880
937
3520
3528
7955
3528
6880
3528
3520
6880
3528
3520
1296
3520
3528
1296
937
7955
3528
7955
3528
3316
3316
6681
1296
3316
1296
6681
6880
6681
6681
6681
3528
937
3528
3520
937
3520
6880
1296
3520
6681
937
6681
1296
6681
3316
1296
3528
3316
6681
7955
3528
7955
937
3520
1296
3316
7955
1296
3520
3528
6681
1296
937
7955
6681
1296
937
6681
3520
6681
3528
6681
3316
3520
7955
6880
1296
937
3528
728
225
24
13
1377
225
21308
21530
20214
203
298
3999
12578
711
807
7955
937
3520
3528
3520
3528
3316
937
1296
937
3528
937
6681
3520
7955
3520
6681
3528
6880
1296
6880
6681
6681
1296
3520
3520
937
1296
3520
1296
7955
3528
3316
3316
6880
6681
3520
3528
6681
3528
937
1296
6880
3520
6681
3520
6880
6880
7955
6880
937
6880
3520
3520
3520
3528
3520
3528
1296
937
3520
7955
3520
7955
3528
3520
6681
3520
3520
3520
3520
6681
1296
7955
1296
6880
3528
6681
3528
3520
7955
3520
3520
6880
6681
6681
937
1296
937
1296
7955
1296
7955
3316
937
3520
7955
3528
6681
3520
6880
1296
7955
6681
3316
6681
1296
3528
937
7955
937
6880
3316
3520
6880
6681
7955
6681
7955
7955
3520
6681
3520
6681
6880
3520
937
1296
3520
1296
7955
7955
6880
3528
3520
7955
7955
937
1296
3528
3528
6880
3316
6880
7955
937
7955
6880
6681
3316
6880
7955
1296
937
3316
3528
3528
7955
3520
3316
937
7955
6681
3520
7955
937
6681
6681
937
7955
7955
1296
6880
3520
1296
1296
7955
6681
7955
3520
6681
3520
1296
6880
3520
1296
3528
1296
3528
6880
3316
1296
937
6681
6880
6681
937
3316
7955
3528
3528
3316
1296
3520
6681
937
3528
937
1296
7955
1296
1296
3316
7955
7955
3520
1296
3520
1296
3316
1296
6681
1296
937
6681
3316
6880
6681
937
1296
6681
3316
937
3528
6681
1296
6880
1296
6681
1296
6880
1296
3528
6880
1296
6681
937
1296
6880
1296
6880
1296
6880
7955
937
3316
3528
7955
6880
3316
1296
3520
6880
7955
7955
3528
728
225
21
13
1377
225
5855
203
298
3999
12578
711
622
6681
7955
3316
7955
7955
3528
6880
3316
6681
1296
3528
3528
3520
3528
1296
6880
7955
7955
6681
7955
937
937
3520
6880
937
6681
6681
6681
6880
3520
3528
6880
7955
3520
6681
3528
6681
1296
3528
1296
6880
3528
7955
6880
3520
6681
6880
3316
7955
1296
937
3528
6880
3528
3520
937
6681
7955
3520
3316
3316
6880
6880
7955
3520
6681
3528
3316
1296
6880
3316
3316
7955
3316
3528
6681
7955
3520
3528
6880
3316
937
3528
3316
3316
6681
3528
3316
3316
6880
6880
1296
6681
3520
937
937
6681
6880
1296
3316
7955
6681
3316
6880
6681
6880
3520
3316
3316
3520
7955
937
1296
3316
7955
937
6681
6681
3316
3520
3528
937
7955
3316
3520
6681
1296
1296
3316
937
3528
6681
3528
1296
6880
3520
3528
3528
3528
3316
3316
7955
3528
1296
7955
6681
3316
7955
3520
6880
7955
6880
3316
7955
6681
3528
937
1296
1296
3520
6880
1296
3528
7955
3520
6880
1296
3520
1296
6880
3316
7955
6681
3316
3528
7955
3520
937
3520
6681
6880
3528
3528
6681
6880
937
6880
3520
6681
6880
6880
3528
1296
6681
7955
6880
3528
6880
6681
6681
1296
3528
7955
6681
3520
3528
7955
3528
7955
937
3528
3316
3520
3520
6880
3520
3528
3316
6681
3316
937
3528
937
3520
1296
7955
3520
3520
7955
6681
3520
6681
1296
6880
3528
1296
3316
1296
7955
6681
937
937
7955
6880
937
3316
1296
3520
6681
6681
6681
6880
937
7955
3316
1296
6880
6681
3316
6880
6681
6880
3316
6681
6681
1296
728
225
21
13
1377
225
5855
203
298
3999
12578
711
622
3520
3520
6681
937
3528
3316
6880
7955
7955
3520
937
937
3520
3316
7955
3520
3520
3528
3528
3520
3520
1296
6880
6880
6880
3520
7955
3316
6681
3520
3520
937
7955
6880
7955
3316
6681
3520
7955
3520
6681
937
7955
3528
7955
3520
3520
3520
7955
7955
3528
1296
6880
6880
1296
3316
3316
3520
7955
937
7955
3316
1296
6681
937
3316
3520
6880
937
937
6681
3520
937
7955
6681
3520
3528
7955
3528
6681
3520
937
937
3316
3528
6681
1296
3316
6681
1296
6681
7955
3528
3520
1296
7955
3528
7955
1296
1296
1296
7955
7955
1296
3520
7955
3528
937
6880
6880
3520
3520
6880
3520
937
3528
3520
6681
937
7955
6681
7955
3528
1296
6880
3520
937
6880
937
3528
3316
937
6681
6880
6880
7955
3528
6681
3316
3520
3528
937
7955
3316
3520
3528
3316
6681
7955
937
6681
937
3528
1296
1296
6681
937
937
6681
3316
3520
3520
3528
6681
1296
1296
3316
7955
7955
3528
937
7955
937
3316
6880
6880
937
3528
3528
937
7955
3520
3528
937
7955
7955
6880
7955
937
3520
937
3316
7955
6880
1296
3316
3316
3520
1296
3528
6880
3316
3520
3316
6681
3316
3528
1296
937
6681
3316
7955
1296
1296
7955
3316
7955
3316
3528
3520
3316
7955
6880
3528
3316
7955
6681
6681
937
6681
7955
1296
6880
1296
6880
3316
3520
6681
1296
3520
3316
7955
3316
3316
1296
3520
6880
6880
937
3528
3520
7955
6681
6880
3528
3520
3528
3316
3520
6681
3528
7955
1296
3316
3520
3520
728
225
22
13
1377
225
21509
12827
21868
203
298
3999
12578
711
807
1296
3520
6681
3528
3316
3528
3520
3316
3316
6681
3316
3316
3520
6880
937
7955
3528
937
3520
3316
6681
7955
1296
937
7955
937
1296
3520
1296
3528
3528
6880
6681
6681
6681
3520
7955
3528
1296
3528
6681
6880
7955
6681
6880
3520
937
6880
7955
7955
3316
3316
6681
7955
7955
3528
3316
3520
6880
3316
7955
6880
1296
3316
937
937
3316
3528
6681
937
6880
7955
3528
6880
6681
1296
937
6880
6880
6681
1296
3528
3520
6681
3528
7955
937
937
1296
3316
937
3520
1296
3316
6681
6681
3528
1296
6880
6681
1296
6681
937
3528
3520
3520
1296
3528
7955
3528
3316
937
1296
6681
3520
3528
1296
6681
6681
6880
3316
937
3528
6681
6880
3520
3528
6681
3528
3316
3528
6681
3528
6880
6681
3316
6681
3528
3528
6880
937
3316
3528
6880
937
7955
3316
6880
937
3528
3520
1296
6681
937
7955
6880
1296
937
3316
6681
6880
3316
6880
3520
1296
3528
937
7955
6681
937
3528
7955
3316
6880
3528
937
3520
1296
6681
7955
937
3520
3528
937
937
3316
3316
3528
7955
3316
7955
6880
3528
6681
3316
3528
7955
6880
1296
3528
3316
6681
1296
6681
3528
3316
1296
6880
3316
1296
3316
3520
1296
6681
1296
6681
3528
937
6880
7955
6880
3316
3520
1296
3528
937
3520
3520
3316
6880
937
937
6880
937
3520
7955
3528
3528
6880
6681
3520
3528
1296
3316
3528
3528
6681
3316
3528
1296
7955
1296
3316
937
3528
3528
3520
3528
937
6681
7955
7955
6880
6880
3316
7955
728
225
23
13
1377
225
21880
5460
26529
203
298
3999
12578
711
622
7955
1296
7955
3528
6681
3520
3520
3316
3316
3316
6681
7955
937
6880
3316
6681
937
3316
7955
3520
3528
3520
6681
1296
6880
7955
6880
937
3528
3528
6681
7955
937
3316
6880
3520
3528
6681
6681
6880
3316
3528
6880
3520
3316
937
3520
3528
3528
3528
6681
6880
937
6681
6681
3316
6880
3528
3316
6681
3528
3520
937
3316
3528
7955
6880
3528
937
3520
6880
7955
937
3528
7955
937
937
6681
3520
1296
6681
937
1296
6681
3316
6681
3316
3316
3528
937
3316
7955
7955
1296
3528
1296
1296
1296
937
937
3520
3528
7955
3528
6681
7955
3316
6681
937
6681
3316
1296
6681
6681
6880
6681
1296
1296
6880
3316
6681
3316
937
3316
1296
3520
3520
1296
3528
3316
937
3528
3528
3520
3520
7955
6681
6681
6681
6880
6681
937
1296
3528
7955
3316
6681
937
3528
6880
1296
3316
6681
6681
1296
3316
6681
937
3528
7955
937
937
937
937
937
7955
6681
3316
7955
937
1296
3316
7955
1296
3316
937
3520
937
1296
937
3528
6880
1296
3520
6681
1296
7955
937
7955
6880
1296
3528
6880
3520
7955
3316
3316
3528
3316
6681
6880
7955
3520
6880
7955
6681
7955
3520
1296
3520
7955
3316
3528
6880
937
3316
1296
7955
3520
3528
1296
7955
937
3528
3528
7955
3528
7955
6681
3316
6880
3316
6880
3520
3316
1296
3316
3316
3528
6681
6880
937
6681
6880
937
6880
6880
937
3520
937
7955
3528
3316
6681
6681
1296
3528
6681
6880
3520
3528
7955
6681
3520
937
6880
728
225
23
13
1377
225
25933
26099
4120
300
7
5904
2292
38460
8724
4987
43480
13
304
1774
6292
388
3080
255013
255001
255000
255003
255010
669
1756
9002
636
304
3138
277
1154
1411
8227
8724
4987
43480
2350
16
399
71316
2387
366
265
3018
2746
5224
382
478
34274
277
22729
36234
21
18
225
1995
4358
108013
298
535
261
1411
87
45280
340
11674
1794
15739
265
1435
608
82
25967
298
535
261
1411
79
45280
1401
11795
15739
277
6756
1435
302
7154
6751
382
22
18
225
1995
46540
108013
298
535
261
4716
277
1435
302
4898
32088
608
92
460
307
8
1175
386
14407
277
5637
344
269
73775
608
92
8
402
277
1682
302
867
13822
297
969
11674
11183
13
468
1210
608
79
8
3041
17045
411
304
225
21
382
23
18
225
1995
14923
108013
298
535
261
608
74
3974
13
351
795
929
95
8227
19992
1510
19992
20506
5655
92
32130
957
341
851
3162
396
277
233923
3935
420
5373
1682
388
298
535
261
26948
608
74
8
27326
30
608
92
16
285
3974
733
285
2238
3974
13911
795
36221
22745
298
535
261
27599
30
957
6917
1998
6018
225
21
2223
3051
293
399
8
5826
382
24
18
225
1995
35427
19
12455
108013
298
535
261
608
21
795
293
795
929
95
4448
5655
87
13
795
293
225
5855
8575
957
2767
608
82
8
341
265
1586
2927
1435
18
13196
11795
40743
344
7846
175676
22551
17839
32088
13
530
5203
492
16
689
539
1008
304
361
17034
819
3892
592
142157
499
608
21
8
304
608
82
8
341
2993
18
608
82
8
1387
361
2239
608
22
2421
5855
69396
298
535
261
608
21
795
293
399
795
293
225
25
8575
957
341
265
1586
2164
5882
388
298
535
261
17106
30
5247
11739
608
622
66
29
692
225
27
32077
478
19477
15353
277
7120
304
2550
277
4550
36234
14
261
1411
87
351
373
7955
6
6193
608
82
351
225
27
7538
608
79
33
21
25967
298
535
261
1283
1008
304
1682
608
92
795
264
648
21
16
225
26
28550
1207
608
74
3974
13
351
225
21
8
344
29753
539
569
225
21
5637
6751
3098
298
535
261
608
92
33
21
90738
26567
489
21
747
867
13822
33
21
18
344
21
5637
304
6018
225
21
680
16146
388
298
535
261
608
92
33
22
90738
26567
489
622
747
867
13822
33
21
18
344
21
5637
304
6018
225
21
680
16146
388
298
535
261
608
92
33
23
90738
26567
489
807
747
867
13822
33
22
18
344
21
5637
304
6018
225
22
16
697
341
516
225
21
680
26128
16
373
100030
1395
411
304
225
21
6943
298
535
261
16473
316
25735
14316
30
373
135272
277
2165
5637
468
1210
399
3041
17045
411
304
225
21
6943
298
535
261
1437
539
1472
402
608
92
33
23
7538
608
79
33
21
90738
26980
225
21
30
608
74
12
23
5791
22
8575
7833
341
225
22
16
516
225
21
18
66603
388
298
535
261
26128
16
277
2024
4060
277
1193
341
225
23
388
298
535
261
16473
316
171902
277
2024
3271
18
1411
8227
8724
4987
43480
711
7955
728
225
21
13
1377
225
23
27994
298
535
261
16146
608
92
8
2336
936
225
27
30
608
21
16
225
22
16
225
23
16
225
24
16
225
25
16
225
26
25967
298
535
261
608
92
33
21
90738
867
13822
33
21
18
6234
79
33
20
8
10652
35
420
6227
608
79
8
3041
35
3098
298
535
261
32468
373
100030
1395
411
304
225
21
6
18372
539
1971
7154
3369
539
771
225
21
420
1774
686
302
5826
388
298
535
261
1437
608
92
33
21
7538
539
436
3402
468
225
21
18
225
20
7154
4494
18
608
20
795
293
225
21
8575
16146
388
298
535
261
608
92
33
22
90738
11897
489
622
747
867
13822
33
21
18
225
21
5637
18
608
21
795
293
225
21
8575
16146
388
298
535
261
608
92
33
23
90738
11897
489
807
747
867
13822
33
22
18
225
22
3051
606
8
2265
11615
2672
30
11897
489
622
11
3051
606
8
225
21
18
11612
5826
30
225
22
18
608
22
1518
225
21
8575
32996
388
298
535
261
608
92
33
24
90738
11897
489
1296
747
867
13822
33
21
18
225
21
5637
18
16146
388
298
535
261
608
92
33
25
90738
11897
489
6681
747
867
13822
33
22
18
225
22
3051
606
8
225
21
18
11612
5826
30
225
22
18
32996
388
298
535
261
608
92
33
26
90738
11897
489
6880
747
867
13822
33
22
18
225
22
3051
606
8
225
21
18
11612
5826
30
225
22
18
32996
388
298
535
261
957
6632
225
23
4080
5463
6234
21
16
225
22
16
225
24
104003
461
2024
4060
225
23
18
957
14441
922
16340
382
14
261
1411
87
351
373
21
937
6
6193
608
82
351
225
28
7538
608
79
33
22
25967
298
535
261
16146
608
92
795
264
648
21
16
225
27
65
25967
298
535
261
608
92
33
21
90738
225
20
5826
18
16146
388
298
535
261
608
92
33
22
90738
225
21
2672
18
16146
388
298
535
261
608
92
33
23
90738
225
22
5826
18
16146
388
298
535
261
608
92
33
24
90738
225
21
2672
18
16146
388
298
535
261
608
92
33
25
90738
225
22
5826
18
16146
388
298
535
261
608
92
33
26
90738
225
22
5826
18
16146
388
298
535
261
608
92
33
27
90738
11897
489
7955
747
867
13822
33
23
18
225
23
3051
606
8
2265
225
22
3051
606
8
225
21
18
41626
30
225
23
18
32996
388
298
535
261
11612
4080
30
225
26
18
12692
4060
225
26
18
109339
382
478
8790
32109
108013
15477
888
499
608
21
8
304
608
82
17
21
8
341
13861
1480
608
82
8
341
37682
1547
2927
344
11228
225
5855
13822
680
1283
4273
911
88934
5664
382
478
81740
225
21
30
68647
302
5463
99164
304
225
21
297
2164
5826
38540
3397
608
79
795
293
225
25
7538
277
867
302
5463
608
92
8
1175
386
277
6917
23459
225
21
2223
608
79
8
5826
341
3757
5716
41200
388
6021
608
55
67
20
351
40990
21
44153
388
110429
67
21
351
40990
92
795
15999
285
3974
13
351
225
21
128171
2933
436
16751
302
225
22
18
344
77
3077
1278
489
21
747
489
622
747
489
1296
747
4074
3098
110429
67
22
351
40990
92
795
15999
285
3974
13
795
264
330
67
21
59980
351
40990
92
795
15999
285
3974
13
795
929
95
341
265
2136
302
225
22
1975
65585
19477
12450
277
13241
302
1131
8023
352
2164
5463
304
1565
265
4619
388
14353
16
539
1008
304
1682
1030
1451
302
1131
436
132488
307
25967
12955
608
82
8
341
2927
16
539
2428
1008
304
911
14387
38474
344
30881
33093
13
420
3600
97102
6900
304
1682
5463
2336
936
608
82
8
31666
265
4016
4131
304
277
233923
3935
6917
382
478
81740
225
22
30
461
5637
608
74
3974
6053
341
119870
35
2826
99411
3974
13
351
795
929
95
14044
8227
5655
92
32130
957
341
516
27807
119870
18
317
1627
1278
608
23
344
807
67
22
13
795
606
225
22
344
622
67
22
29035
608
24
344
1296
67
22
13
795
606
225
21
344
21
67
22
32130
608
23
460
225
24
8
689
608
74
12
23
5791
22
1518
285
12
24
5791
21
32077
478
81740
225
23
30
16040
608
79
8
18372
2164
2741
2911
38540
12955
539
1998
6018
225
21
297
468
1210
608
79
8
5826
16
277
373
1988
6
468
2672
608
79
17
21
8
1998
361
297
608
55
1242
79
17
21
69396
12955
608
79
795
293
225
25
7538
277
5463
297
608
55
1242
79
17
21
4008
436
516
8730
388
19477
1565
1030
3089
5463
297
608
55
67
23
8
530
361
388
110429
67
20
351
40990
21
44153
203
110429
67
21
351
40990
92
795
15999
285
3974
5791
21
59980
351
40990
22
66
20
16
225
22
66
21
16
225
22
66
22
16
795
36221
44153
203
110429
67
22
351
40990
92
795
15999
285
3974
13
795
264
330
67
21
59980
351
40990
92
795
15999
285
3974
13
351
225
22
92059
44153
388
110429
67
23
351
40990
92
795
15999
285
3974
13
795
264
330
67
22
59980
351
40990
92
795
15999
285
3974
13
795
929
95
674
233923
3935
452
225
22
92059
44153
382
2500
608
92
8
304
569
233923
3935
608
22
92059
7538
608
92
8
1998
569
7662
608
22
92059
8
13822
867
304
225
21
388
669
21820
1175
608
92
8
341
277
730
402
608
22
92059
8
2750
3040
13822
867
30
608
92
351
344
21
3492
225
22
92059
13
506
225
21
25967
2500
608
81
33
20
90738
21820
608
92
33
21
25967
2500
608
81
33
21
90738
21820
608
92
33
23
8
6234
807
67
22
8
3098
2500
608
81
33
22
90738
21820
608
92
33
27
8
6234
7955
67
22
8
3098
2500
608
81
33
23
90738
21820
608
92
33
883
8
6234
21
7955
67
22
8
3098
3970
4892
16
304
361
297
608
55
8724
7538
265
1435
608
92
8
1998
361
468
1210
277
1435
402
277
1058
608
88
8
13822
867
16
1207
608
88
8
341
277
8331
1333
297
608
55
1242
79
17
21
65585
19477
12564
277
2687
2287
302
8023
388
110429
67
20
90738
56592
21
44153
344
6118
225
21
465
110429
67
21
90738
16751
302
225
22
18
14885
341
114933
16
689
5522
388
2558
608
92
8
674
233923
3935
225
21
16
411
341
265
2136
302
225
22
18
2278
436
70588
1451
16751
302
225
22
18
2209
539
436
19440
402
608
82
8575
461
1435
302
16751
302
225
22
132488
307
8
341
3051
124712
795
2478
67
22
4020
13
795
125607
25967
10917
16
352
27946
608
92
460
307
7538
539
1094
2081
819
1030
1451
16751
302
225
22
436
132488
307
8575
9405
4260
382
110429
67
22
90738
5463
402
233923
3935
6792
304
265
2136
302
225
22
6234
21
16
225
22
16
225
24
16
225
28
16
795
36221
8
3098
4583
302
5463
132488
307
8
402
233923
3935
608
91
8
341
3051
86523
1673
929
95
4448
5655
82
36113
91
4008
592
539
14801
277
132488
82
8
25284
9222
388
2110
530
5203
373
58279
132488
307
168418
498
15990
592
608
82
119085
87
16514
341
265
3018
4619
16
420
1060
142157
592
277
1682
341
2164
1320
3061
277
1682
302
608
55
8724
8
2164
1320
19477
2292
608
55
67
22
8
9733
388
5312
302
32088
132488
225
22
92059
8
341
608
22
92059
25967
5312
302
32088
402
233923
3935
7662
608
91
8
341
3051
86523
33624
3142
91
69396
20454
898
608
91
8
297
16751
302
225
22
388
2500
608
81
33
622
90738
16751
302
225
22
778
304
225
622
436
608
21
16
225
22
16
225
24
16
225
28
25967
9124
86523
95
622
3142
21
97
692
795
86523
95
622
3142
22
97
692
795
86523
95
622
3142
24
97
692
795
86523
95
622
3142
28
69396
8
622
692
225
1789
692
225
11195
692
225
1789
351
225
14661
25967
10914
5463
132488
225
22
2421
622
97
351
225
21
6351
8575
68647
3051
33516
225
963
41054
25967
20822
16
608
55
67
22
8
341
5716
25640
382
110429
67
23
90738
5463
402
233923
3935
608
91
8
1207
608
91
795
264
330
67
22
8
344
77
3077
1278
608
91
8
341
225
21
16
225
22
16
225
24
16
225
28
1424
420
3051
86523
33624
3142
21
2547
795
86523
33624
3142
22
15617
4115
18
5522
3098
3377
16
608
55
67
23
8
341
5047
498
277
5637
8642
638
95030
795
147350
33742
97
286
67
21
795
147350
33742
97
286
67
22
795
147350
33742
97
225
21
25967
4892
608
74
3974
13
795
264
330
67
22
25967
1905
2767
608
74
3974
13
351
225
22
106447
8
344
69
2136
302
225
22
13
352
910
608
69
7538
1480
608
55
67
22
8
341
5047
498
608
74
9191
13
795
264
330
67
21
7538
700
3077
1278
608
91
8
341
265
2136
302
225
22
388
4892
608
74
3974
13
351
225
22
106447
25967
1905
2767
608
92
8
674
7662
608
22
106447
8
13822
867
304
225
21
388
669
21820
608
92
8
402
608
22
106447
8
13822
867
341
8039
21
3492
225
22
106447
13
506
225
21
25967
2500
608
69
33
20
90738
608
22
66
20
351
225
21
8575
608
92
8
674
225
21
3422
867
344
19452
302
225
22
680
14885
302
608
55
67
23
8
341
1656
396
608
55
67
21
8
35
2523
16
4550
341
103233
1320
20822
18
608
55
67
22
8
341
5463
1207
608
74
3974
6053
341
297
608
55
67
21
25967
110429
67
21
90738
608
74
9191
5791
21
795
131241
286
8
341
2136
302
225
22
388
4892
608
55
67
22
351
40990
1150
795
15999
285
3974
13
795
929
95
341
265
2136
302
225
22
97
795
69396
110429
67
23
351
40990
1150
795
15999
285
3974
13
795
264
330
67
22
795
69396
4892
608
74
3974
6053
1998
361
265
1435
386
674
233923
3935
6792
304
265
2136
302
225
22
388
6021
608
93
351
285
3974
32130
1283
1008
608
93
795
264
330
67
22
25967
4892
608
93
351
225
22
148768
8
341
265
2136
302
225
22
388
2608
608
55
67
22
8
6382
608
74
13944
6053
341
2136
302
225
22
388
4892
539
1008
608
74
12
22
148768
6053
304
361
265
2136
302
225
22
388
8
22
148768
8
297
11674
341
608
21
8
7528
498
608
70
8
53432
18
608
74
12
22
148768
13
351
225
21
25967
4892
839
2136
302
225
22
608
22
148768
8
34494
608
74
12
22
148768
5791
21
8
344
8781
341
265
2136
302
225
22
16
21937
608
22
66
20
8
3098
4892
608
55
67
22
8
341
5207
373
58279
402
233923
3935
6792
304
265
2136
302
225
22
6943
4892
608
55
67
23
351
40990
1150
795
15999
285
3974
13
795
929
95
674
233923
3935
6792
304
265
2136
302
225
22
97
795
69396
2110
1008
608
92
8
1175
386
277
1682
302
225
21
87
297
608
92
7538
2132
608
93
351
795
929
95
14044
8227
5655
92
29035
34494
3051
929
95
14044
8227
5655
93
13
795
264
40990
21
16
225
22
16
225
24
16
225
28
16
795
36221
44153
388
12955
608
93
8
341
387
11795
16
3051
929
95
14044
8227
5655
93
6053
530
361
225
21
16
225
22
16
225
24
16
225
28
1424
420
225
20
344
956
608
92
34
20
7538
713
608
93
795
651
225
21
8
2570
19477
316
171902
277
77647
388
2528
608
37
8724
90738
4216
302
5463
608
92
8
1175
386
6857
499
608
92
8
539
530
6018
225
21
297
468
1210
608
79
8
5826
388
148140
67
20
351
40990
21
44153
388
148140
67
21
351
40990
1150
795
15999
285
3974
13
795
264
340
67
20
156449
351
40990
1150
795
15999
285
3974
13
351
225
21
156449
351
795
929
27179
31098
302
225
22
69396
148140
67
22
351
40990
1150
795
15999
285
3974
13
795
264
340
67
21
156449
351
40990
1150
795
15999
285
3974
13
795
929
95
341
265
2136
302
225
22
97
795
69396
148140
67
23
351
40990
1150
795
15999
285
3974
13
795
264
340
67
22
156449
351
40990
1150
795
15999
285
3974
13
795
929
95
674
233923
3935
6792
304
265
2136
302
225
22
97
795
69396
148140
67
24
351
40990
1150
795
15999
285
3974
13
795
264
340
67
23
156449
351
40990
1150
795
15999
285
3974
13
795
929
95
674
233923
3935
6792
304
265
1435
452
349
795
929
95
1175
386
452
285
13944
13
795
929
95
674
233923
3935
6792
304
265
2136
302
225
22
97
795
69396
74418
16
539
1008
304
2292
592
277
11795
608
93
351
285
3974
6053
23812
304
608
37
1242
79
17
21
69396
6021
608
56
2877
6053
361
277
46040
352
608
37
1431
25967
143949
12
20
5471
92
13
351
344
92
1377
225
21
76929
143949
12
21
5471
92
13
351
11853
929
95
14044
8227
5655
92
13
1377
225
21
76929
143949
12
22
5471
92
13
351
11853
929
95
14044
8227
5655
92
13
795
929
95
341
265
2136
302
225
22
110770
700
3077
1278
56592
21
16
225
22
16
225
24
16
225
28
16
795
36221
44153
388
143949
12
23
5471
92
13
351
11853
929
95
14044
8227
5655
92
13
795
929
95
341
297
452
340
67
22
76929
1905
2767
8910
608
93
351
795
929
95
14044
8227
5655
92
29035
1232
15990
592
608
93
8
34494
608
56
12
22
5471
93
76929
4892
539
1008
3051
929
95
14044
8227
5655
93
6053
304
361
265
2136
302
225
22
388
4892
608
56
12
23
5471
92
6053
341
373
92
674
233923
3935
349
16
306
349
494
233923
3935
341
265
2136
302
225
22
6943
143949
12
24
5471
92
13
351
11853
929
95
14044
8227
5655
92
13
795
929
95
341
297
452
340
67
23
76929
12467
608
93
351
795
929
95
14044
8227
5655
92
32130
6621
608
56
12
23
5471
93
76929
1905
2767
30
9837
608
94
351
795
929
95
14044
8227
5655
93
32130
6621
608
56
12
22
5471
94
76929
4892
608
94
8
344
8781
341
3051
929
95
14044
8227
5655
93
6053
13
1998
361
265
2136
302
225
22
388
2608
608
94
351
795
929
95
14044
8227
5655
93
76929
4892
4550
341
30
3051
929
95
14044
8227
12534
929
95
14044
8227
5655
92
93484
341
265
2136
302
225
22
382
19477
13561
402
608
79
33
21
25967
143949
12
21
5471
92
6053
30
2143
43190
3974
13
1377
225
21
18
61230
302
225
22
18
42600
388
180252
33
22
25967
143949
12
22
5471
92
6053
30
2143
43190
3974
13
341
297
16751
302
225
22
388
14341
608
92
33
23
344
807
67
22
29035
2143
43190
33
22
18
2251
225
22
265
2136
302
225
22
35
8520
18
608
23
795
264
340
67
22
25967
14341
608
92
33
27
344
7955
67
22
29035
2143
43190
33
23
18
2251
225
23
265
2136
302
225
22
35
2523
18
608
27
795
102002
340
67
22
25967
62877
7977
382
180252
33
23
25967
143949
12
23
5471
92
6053
30
2143
43190
3974
13
3051
264
340
67
22
25967
14341
608
92
33
27
344
7955
67
22
32130
2143
43190
33
23
18
2251
225
23
3051
264
340
67
22
8
35
225
23
341
516
265
2136
302
225
22
18
2586
608
27
795
102002
340
67
23
25967
14341
608
92
33
883
344
21
7955
67
22
32130
2143
43190
33
24
18
2251
225
24
3051
264
340
67
22
8
35
8520
344
24
341
2136
302
225
22
680
2586
608
883
795
264
340
67
23
25967
14341
608
92
33
2193
344
807
7955
67
22
32130
2143
43190
33
25
18
225
25
516
297
340
67
22
18
3557
297
340
67
23
388
14341
608
92
33
1710
344
622
6681
67
22
32130
2143
43190
33
23
18
3557
297
340
67
22
388
14341
608
92
33
992
344
21
6880
67
22
32130
2143
43190
33
23
18
3557
297
340
67
22
382
19477
2292
265
1435
1013
225
23
1754
18
608
82
33
27
16
399
33
21
25967
8
23
795
264
340
67
22
8
344
29753
2143
43190
33
22
680
2209
539
1094
1008
608
79
33
21
8575
2586
608
23
795
102002
340
67
21
25967
39246
382
4892
277
4550
352
608
92
8
304
361
297
608
37
8724
8
341
32990
2387
366
277
6917
302
233923
19810
388
6021
608
76
67
20
351
1150
7538
608
76
67
21
351
795
929
95
14044
43190
5655
76
67
20
29035
608
76
67
22
351
795
929
95
14044
43190
5655
76
67
21
29035
13361
2110
1008
608
76
8724
351
225
21
32077
12955
608
79
795
293
225
25
7538
277
1333
608
92
8
5513
530
361
1586
2927
16
689
277
2911
608
76
67
21
16
311
67
22
16
311
67
23
8
436
2164
388
160820
67
21
351
795
929
95
14044
43190
5655
92
32130
7517
608
92
8
530
569
778
304
225
5855
13822
16
608
76
67
21
8
530
361
778
304
225
5855
388
160820
67
22
351
795
929
95
14044
43190
5655
76
67
21
13
795
293
795
2478
67
22
12
5855
13
795
33516
225
622
25967
160820
67
23
351
795
929
95
14044
43190
5655
76
67
22
13
795
293
795
2478
67
22
12
622
13
795
33516
225
24
25967
160820
67
24
351
795
929
95
14044
43190
5655
76
67
23
13
795
293
795
2478
67
22
12
24
13
351
225
22
25967
160820
67
25
351
795
929
95
14044
43190
5655
76
67
24
13
351
225
21
32077
4892
16
352
608
79
33
25
7538
539
1008
304
15353
277
8642
1652
304
225
21
388
669
4550
608
76
8724
33
21
8
10549
366
277
18204
2911
608
76
67
21
16
795
36221
16
311
1242
79
17
21
69396
10917
16
608
76
7193
8
352
608
77
795
651
225
22
8
436
1586
2164
32088
344
4956
2239
225
622
3098
1905
10334
539
530
100524
5463
608
92
8
2387
366
725
233923
3935
608
76
67
21
8
306
277
13845
8642
382
6021
608
59
351
40990
286
795
15999
795
929
95
14044
43190
5655
91
13
795
929
95
34494
277
8642
4550
352
10652
5826
97
795
69396
2110
1008
304
1682
5463
608
92
8
1175
386
608
92
460
307
8
306
3051
929
95
14044
43190
5655
92
13
795
264
439
32077
19477
8483
608
58
1242
79
5655
88
6053
396
277
867
302
32088
608
88
8
1175
386
6857
499
608
88
8
539
530
6018
225
21
297
468
1210
608
79
8
5826
388
156388
67
20
351
40990
21
44153
388
156388
67
21
351
40990
262
795
15999
795
929
95
14044
43190
5655
88
13
795
264
598
67
20
156449
351
40990
262
795
15999
795
929
95
14044
43190
5655
88
13
1377
225
21
156449
351
40990
795
929
27179
31098
302
225
22
97
795
69396
156388
67
22
351
40990
262
795
15999
795
929
95
14044
43190
5655
88
13
795
264
598
67
21
156449
351
40990
262
795
15999
795
929
95
14044
43190
5655
88
13
795
929
95
341
265
2136
302
225
22
97
795
69396
156388
67
23
351
40990
262
795
15999
795
929
95
14044
43190
5655
88
13
795
264
598
67
22
156449
351
40990
262
795
15999
795
929
95
14044
43190
5655
88
13
795
929
95
674
233923
3935
386
341
265
2136
302
225
22
97
795
69396
156388
67
24
351
40990
262
795
15999
795
929
95
14044
43190
5655
88
13
795
264
598
67
23
795
65585
2110
1008
304
1682
5463
608
92
8
1175
386
3051
929
95
14044
43190
5655
92
13
795
264
598
1242
79
17
21
69396
6021
608
39
351
598
1242
79
17
21
69396
2110
1008
304
1682
5463
608
92
460
307
8
1175
386
3051
929
95
14044
43190
5655
92
13
795
264
346
32077
6021
608
71
795
264
346
8575
1283
1008
304
1682
608
92
460
307
8
402
3051
929
95
14044
43190
5655
92
13
351
274
25967
20454
898
616
608
71
795
264
346
8
302
3051
929
95
8227
5655
92
460
307
16
795
929
95
14044
43190
5655
92
13
351
274
72624
669
3407
341
30
1030
2927
530
277
2911
297
608
39
8
361
1320
19477
17208
277
2687
2287
302
608
58
8724
8
352
2164
608
79
32077
156388
67
20
351
40990
21
128171
9876
1333
225
21
388
156388
67
21
351
40990
22
66
20
16
225
22
66
21
16
225
22
66
22
16
795
36221
128171
1098
69494
388
10917
16
608
92
8
674
4354
225
5855
388
2558
608
79
33
21
7538
539
1682
16751
302
225
22
132488
307
8575
23924
388
2558
608
79
33
22
7538
539
1682
5463
608
92
8
1175
386
3051
929
95
14044
43190
5655
92
13
795
264
598
67
21
25967
12955
608
58
67
21
8
341
20689
344
514
16751
302
225
22
733
539
1008
304
1682
5463
402
2143
43190
351
608
22
106447
25967
3061
608
22
106447
8
32344
498
277
4354
302
608
82
8
1320
669
2687
2143
43190
302
387
608
48
8
3422
1435
341
608
48
25967
4892
352
608
92
460
307
7538
3051
929
95
14044
43190
5655
92
13
795
293
225
5855
25967
27872
539
1094
2081
819
16751
302
225
22
778
304
225
5855
30
608
21
16
225
22
16
225
24
16
225
28
16
225
902
16
225
1028
16
225
1507
16
225
7361
16
225
6008
16
225
10560
25967
4892
352
27946
9160
16
277
4949
608
39
8
341
32344
498
608
22
6003
80
51949
795
2478
67
22
434
795
86
51949
65585
19477
1538
468
608
58
67
22
25967
156388
67
22
351
40990
262
795
15999
795
929
95
14044
43190
5655
88
13
795
264
598
67
21
795
69396
4892
608
88
8
674
2143
43190
6792
304
265
2136
302
225
22
388
2110
1008
304
1287
1030
3089
608
88
8
530
361
388
2558
3051
929
95
14044
43190
5655
88
13
351
225
22
106447
7538
1232
608
88
8
341
387
11795
402
608
22
106447
8
13822
867
388
669
1333
302
608
88
8
5513
10549
366
697
13822
436
867
388
10917
16
352
277
2475
29607
608
58
67
23
7538
539
1008
608
88
795
264
598
67
22
25967
4892
539
1008
304
1287
697
32088
608
88
8
436
297
608
58
67
22
8
304
5827
608
58
67
23
25967
156388
67
23
8
6382
3051
929
95
14044
43190
5655
88
13
795
264
598
67
22
25967
4892
539
1008
304
1287
697
5463
608
88
8
436
297
608
58
67
22
25967
1905
11933
1013
265
24609
5637
388
12955
608
79
795
293
225
25
7538
277
5463
5906
297
277
8023
608
58
8724
8
642
516
361
37682
1547
2927
388
19477
12450
277
2687
2731
2911
297
608
58
8724
32077
156388
67
20
351
40990
21
44153
388
156388
67
21
90738
2143
43190
2323
13
351
225
21
18
2586
262
341
2136
302
225
22
388
113988
795
264
598
67
21
795
131241
262
795
293
225
22
2421
5855
25026
9876
1333
297
608
58
67
21
8
341
8730
382
156388
67
22
90738
2143
43190
2323
13
341
2136
302
225
22
388
113988
795
264
598
67
22
795
131241
262
8
674
2143
43190
608
84
795
264
40990
21
16
225
22
16
225
24
16
225
28
16
795
36221
44153
388
8467
1333
302
608
88
90738
277
1435
402
608
5855
8
13822
867
35
2523
16
608
88
8
5513
341
387
11795
388
20822
16
608
58
67
22
8
5015
436
32088
608
88
8575
2227
436
32344
498
277
3522
388
2558
539
436
27946
5463
608
92
460
307
7538
608
92
8
341
32344
498
608
82
8
344
5855
13822
3098
2608
352
14285
608
58
1242
79
17
21
4008
344
1833
867
302
4080
2143
43190
2911
733
539
1907
1008
608
88
8
304
361
132488
307
8575
1283
1060
1008
304
1287
697
32088
608
88
8
22465
277
8642
4016
388
17940
608
88
8
569
387
7866
5879
352
277
6059
302
22054
277
867
1320
9650
16
608
88
8
341
1060
387
11795
1333
18
461
4016
341
32990
21013
388
10917
16
608
88
8
4495
499
3051
929
95
14044
43190
5655
92
32130
1533
608
92
460
307
25967
4892
608
88
351
795
929
95
14044
43190
5655
92
13
795
293
795
929
95
4448
5655
87
13
351
225
5855
25967
4892
352
954
911
1690
16
539
1094
2081
819
32088
608
88
8
778
304
225
5855
388
8428
35
8801
3051
929
95
14044
43190
5655
92
13
795
293
225
5855
25967
27872
608
39
795
60927
648
21
16
225
5855
65
25967
1905
341
265
9019
16491
2853
669
4080
2143
43190
2911
608
71
8
386
539
1008
304
4455
898
436
616
3051
293
225
5855
32077
4892
539
1094
1008
304
5827
277
867
608
39
8
302
4080
32088
3051
293
225
5855
25967
14091
539
569
608
39
7538
539
530
11199
277
2746
396
638
6
4583
5463
608
92
460
307
8
1175
386
3051
929
95
14044
43190
5655
92
13
795
264
346
8
2885
1905
341
265
4350
14387
38474
2746
388
2110
59689
1257
277
13822
302
608
82
8
499
182128
304
167185
388
2110
4680
277
1682
302
225
21
87
713
3312
13346
2806
190689
3884
1450
2672
16
539
11135
592
277
1843
3422
341
225
20
420
225
21
344
43715
291
277
16514
3098
2558
539
2111
265
225
21
16
539
19706
1411
2806
27994
2110
1008
1411
2806
68
304
361
297
608
39
8
468
277
1169
344
9503
5993
616
13822
3098
2110
1008
304
4455
277
1435
302
4781
304
6018
277
1169
402
1411
2806
68
297
608
39
32077
20822
16
341
277
4550
5207
373
14044
43190
3974
13
297
346
50098
19477
316
189523
388
95030
795
264
340
8724
795
3743
795
929
95
14044
43190
5655
92
13
795
264
340
1242
79
17
21
69396
9650
16
4924
277
8559
302
608
37
8724
25967
4892
608
92
8
341
4080
86564
3051
929
95
14044
43190
5655
92
13
795
264
346
8
1207
608
39
351
340
1242
79
17
21
69396
9172
30
608
37
1242
79
17
21
4008
341
277
867
302
32088
608
93
8
1175
386
499
608
93
8
539
530
6018
225
21
297
3051
293
399
17
21
8
5826
388
4892
539
1008
304
17208
608
39
8
1058
382
478
143431
4216
608
39
351
340
1242
79
17
21
4008
352
608
79
795
264
648
21
16
225
25
28550
36234
2110
530
4602
265
2164
1736
304
7324
608
39
8
778
304
265
4753
344
73
1627
1278
225
5855
420
225
25
937
304
361
6085
3098
6021
608
55
67
20
351
40990
21
44153
388
2500
608
77
8
499
225
21
304
608
79
17
21
177600
225
608
55
7193
351
40990
1150
795
15999
795
929
95
14044
43190
5655
92
13
795
264
330
1242
77
17
21
97
795
69396
2110
1008
304
7324
608
55
1242
79
17
21
69396
2110
1008
304
4753
277
2783
352
16253
608
55
7193
25967
2558
539
436
16253
608
55
1242
79
17
21
4008
304
1511
4080
608
71
8
2911
344
4271
608
71
351
795
929
95
14044
43190
5655
92
6053
733
539
1094
2081
819
608
71
8
2911
388
4892
539
530
7324
608
55
1242
79
17
21
4008
498
142157
32088
608
92
8
499
225
21
778
304
910
19375
18127
16
306
15990
592
608
92
8
23812
304
608
55
1242
79
17
21
69396
2558
608
92
795
264
330
1242
79
17
21
15617
1232
411
341
265
4080
608
71
8
344
77
3077
1278
265
4080
233923
3935
2570
1974
341
277
19375
18127
352
608
92
8
1320
2110
1008
304
1511
4080
608
71
8575
608
71
351
795
929
95
14044
43190
5655
92
76929
2110
7770
386
352
277
2746
16
539
1094
2081
819
608
71
8
2911
778
304
225
5855
388
17940
608
55
1242
79
17
21
4008
3451
5463
6892
936
225
5855
1320
19477
2292
608
55
67
21
90738
61230
302
225
22
18
8520
16
5720
225
21
6351
16
225
22
19832
16
4115
388
2608
592
539
1094
2081
819
608
71
795
293
225
5855
7538
539
530
5419
277
16751
302
225
22
388
4892
539
59689
608
92
8
499
225
21
304
225
5855
344
273
225
25
937
16
689
225
5855
341
277
2687
2143
43190
302
2740
16
713
608
71
795
293
225
5855
8
3098
20822
16
341
411
2731
386
3051
929
95
14044
43190
5655
92
13
1518
225
5855
8
352
608
92
460
307
8
1320
3377
16
1480
608
92
460
307
8
306
608
82
8
674
468
1210
225
5855
13822
388
4892
6756
233923
3935
341
225
5855
388
4892
539
530
4753
954
3612
352
4080
608
71
8
304
277
2783
69243
21
16
225
5855
65
25967
10917
16
304
5827
592
608
71
8
341
297
608
55
1242
79
17
21
15617
539
2428
1008
304
2292
2911
10591
6892
936
225
5855
1320
669
4550
341
32990
819
277
11795
608
71
25967
17940
277
8559
302
608
55
1242
79
17
21
4008
5086
366
277
19691
302
608
71
8
1320
3377
16
1094
366
969
11674
11183
388
4892
592
539
17208
277
867
608
55
1242
79
17
21
4008
19635
304
69243
21
16
225
5855
114181
539
436
1622
388
57586
16
539
1196
17208
277
2833
867
608
55
1242
79
17
21
4008
778
304
910
5879
304
361
2897
16
689
225
5855
341
265
6085
7866
5879
352
277
4080
608
71
8
2911
539
1008
388
57586
16
608
55
1242
79
17
21
4008
2428
3451
2911
608
34
225
5855
7538
689
539
1907
2081
819
1019
1480
608
71
795
293
225
5855
25967
4892
539
530
7324
608
55
1242
79
17
21
4008
498
15990
32088
608
21
795
36221
225
5855
32077
19477
20488
17208
352
2164
608
79
8
304
1565
592
492
341
5128
3811
388
180252
795
293
225
25
25967
2110
1008
304
17208
8023
608
55
67
20
16
330
67
21
16
795
36221
16
330
1242
79
17
21
69396
15477
888
778
304
225
5855
341
39154
388
62906
2143
43190
341
39154
388
4892
539
530
17208
608
39
8
468
277
1472
302
277
1154
382
478
39830
352
1411
8227
8724
4987
43480
2350
16
399
13
45280
2826
21
18
225
33957
1411
87
68
304
771
11795
608
50
25967
22
18
225
42379
1411
4956
17540
351
6441
2350
13
27994
23
18
225
42379
4080
2143
43190
2911
1411
39
27994
298
535
261
29702
867
1411
55
123026
351
391
21
10411
388
298
535
261
39955
1411
77
68
499
225
21
304
1411
79
17
21
246225
348
535
261
6993
867
1411
55
33027
27994
348
535
261
113685
1411
88
68
499
225
21
304
1411
4956
17540
68
344
273
265
3634
4753
592
4778
16
689
1411
4956
17540
68
341
9433
2407
454
535
261
1437
1411
14044
43190
2323
71316
341
297
1411
55
123026
6193
919
1411
88
68
304
1411
55
33027
27994
348
535
261
1411
55
123026
351
330
33027
27994
298
535
261
15205
1411
39
351
330
123026
27994
24
18
225
44535
78364
38474
304
1682
5463
608
92
460
433
8
402
1411
14044
43190
3974
13
297
346
27994
298
535
261
29261
1411
20440
40815
16
13334
16
1682
13
27994
298
535
261
1411
1084
45280
1843
3422
3591
344
20
304
434
3098
298
535
261
1411
78152
45280
225
20
420
225
21
18
1437
225
21
16
539
436
32344
498
277
16514
302
608
50
25967
298
535
261
1411
8227
45280
1435
302
225
21
87
8456
713
3312
388
298
535
261
1437
1411
1084
1377
434
45280
758
225
21
592
1411
8227
297
346
68
1625
225
20
388
298
535
261
36142
352
1411
8227
45280
1283
1094
1008
304
4671
19720
3051
293
795
4956
10079
76929
298
535
261
113685
1411
5149
68
499
225
20
304
344
4956
39412
113123
2407
348
535
261
1437
1411
5149
1377
225
21
68
306
1411
8227
15
21
1518
2687
10079
13
45280
4622
344
66026
5510
3310
16
306
1682
7258
361
297
346
3098
348
535
261
1437
1411
78152
246225
454
535
261
1437
1411
5149
1518
433
74686
65
45280
2984
388
454
535
261
1411
8831
872
502
351
344
5149
1377
433
74686
6577
27994
348
535
261
34988
638
454
535
261
1411
8831
872
502
351
225
20
27994
348
535
261
3443
1411
20440
40815
15
21
16
2475
872
502
16
1682
692
3422
13
27994
298
535
261
109376
743
2527
382
478
126512
108013
2110
1008
304
758
68437
608
622
66
29
15
27
25967
669
38474
674
15428
638
1084
30
225
20670
203
78152
30
225
22
203
8227
30
778
304
225
5855
203
10914
5267
30
608
20670
795
14200
225
22
795
14200
225
20670
795
33516
225
622
66
26
8575
957
341
1586
2164
388
2794
16066
621
1889
30
5882
388
669
1411
39
68
8377
341
851
5128
388
669
11636
7878
1196
361
6043
2223
845
13008
382
478
69887
14372
30
608
92
33
21
8
2826
669
2746
23570
352
373
28007
32088
2336
936
307
6943
2558
608
82
33
21
7538
277
2783
341
8295
18
461
2024
4060
225
20
388
669
2024
352
608
82
33
21
16
399
33
23
8
341
225
20
388
5656
38474
642
5203
492
30
592
608
50
33
21
7538
2783
341
69243
20
16
225
20
28550
344
273
608
21
795
293
1150
460
225
21
104003
39955
7258
1511
4907
18
2491
11236
28506
411
388
10917
16
13640
2292
608
79
33
21
8
352
608
92
33
21
25967
8
21
795
606
795
929
95
14044
43190
5655
21
13
351
225
21
8575
225
20
7154
388
3061
608
21
8
33649
1320
6
100030
1395
411
304
225
21
1424
468
1210
399
3041
6943
2558
608
92
33
21
7538
539
436
3402
468
225
21
18
225
20
7154
3051
293
399
8575
8520
388
14341
225
21
30
608
82
33
27
16
399
33
21
8575
16146
30
608
21
16
225
22
16
225
24
8575
344
23
5463
3098
5656
608
39
8
352
608
79
33
21
8
341
608
58
67
20
351
40990
21
44153
388
40631
402
2143
43190
225
21
436
16751
302
225
22
388
8
21
16
225
22
16
225
24
16
225
28
795
36221
25967
2500
608
82
33
27
7538
1131
436
608
21
16
225
22
16
225
24
8575
4716
225
23
18
109339
382
14341
225
22
30
608
82
33
28
16
399
33
22
25967
7021
608
92
460
225
28
25967
136127
351
598
67
21
8575
608
58
67
21
351
40990
22
66
20
16
225
22
66
21
16
225
22
66
22
16
795
36221
44153
388
4892
4080
2143
43190
2911
436
16751
302
225
22
388
2110
1008
304
1682
5463
132488
225
28
8
402
2143
43190
297
16751
302
225
22
388
8
21
8
344
14044
43190
225
21
733
608
22
8
344
21
733
608
23
8
344
22
733
608
24
8
344
21
733
608
25
8
344
22
733
608
26
8
344
22
733
608
27
8
344
23
3098
13371
43190
87
30
608
21
16
225
21
16
225
22
16
225
21
16
225
22
16
225
22
16
225
23
25967
236711
302
225
22
30
608
21
16
225
22
16
225
24
16
225
28
795
36221
25967
72164
638
21
6234
84
33
21
45184
3051
606
8
4080
388
22
6234
84
33
21
45184
3051
606
8
4080
388
23
6234
84
33
22
45184
3051
606
8
4080
388
24
6234
84
33
21
45184
3051
606
8
4080
388
25
6234
84
33
22
45184
3051
606
8
4080
388
26
6234
84
33
22
45184
3051
606
8
4080
388
27
6234
84
33
23
45184
3051
606
8
15235
388
10914
225
26
18
109339
382
4892
277
11236
12413
382
478
44023
16152
36234
21
18
225
1411
14044
43190
3974
13
45280
1411
7718
3974
680
8227
984
21
3015
27994
22
18
225
107305
608
39
177600
298
535
261
1411
4419
1623
351
391
21
10411
352
608
79
33
20
8
344
1876
1161
396
2740
16
2740
10626
468
225
21
3098
298
535
261
1283
1008
608
39
351
598
1242
79
17
21
69396
298
535
261
1437
608
79
33
21
7538
539
1008
608
58
67
20
351
40990
21
44153
388
298
535
261
39955
608
77
351
225
20
8
304
608
79
17
22
177600
348
535
261
11827
867
341
1411
4419
1623
27994
348
535
261
1800
867
1411
1815
28096
1623
27994
348
535
261
113685
1411
88
68
499
225
21
304
1411
4956
17540
68
344
5855
3098
348
535
261
1437
1411
14044
43190
2323
71316
297
1411
4419
1623
6193
919
1411
88
68
304
1411
1815
28096
1623
27994
348
535
261
1411
4419
1623
351
699
28096
1623
27994
298
535
261
26128
16
539
1196
59689
608
88
8
778
304
265
3634
4753
1320
298
535
261
19001
608
79
33
23
8575
1283
1008
608
58
67
22
25967
298
535
261
608
58
67
22
351
40990
262
795
15999
795
929
95
14044
43190
5655
88
13
795
264
598
67
21
795
69396
298
535
261
608
58
67
21
351
40990
22
106447
44153
388
298
535
261
2586
608
58
67
22
8
436
5463
7305
2143
43190
341
265
2136
302
225
22
388
298
535
261
12379
608
58
67
22
8
3451
5463
608
34
225
5855
8
35
8520
16
317
1627
1278
608
22
66
29
351
225
10560
8
341
2143
43190
225
21
18
608
21
937
937
937
8
344
45899
13
341
2143
43190
225
21
18
9042
225
10560
388
298
535
261
2209
539
1094
2081
819
608
88
795
293
225
5855
8
1480
608
88
351
795
929
95
14044
43190
5655
92
76929
298
535
261
2586
142157
608
88
8
499
225
21
304
225
5855
341
9433
304
1511
4080
608
71
8
352
27946
608
92
460
307
25967
298
535
261
26128
16
341
411
2731
386
3051
929
95
14044
43190
5655
92
13
351
262
8
1207
608
88
8
341
265
4080
608
71
7538
689
608
88
1518
225
5855
8
1320
298
535
261
608
92
460
307
7538
608
82
8
674
4354
225
5855
18
9876
2143
43190
341
225
5855
388
298
535
261
2586
840
16
539
3042
1008
608
88
1518
225
5855
32077
23
18
225
78364
38474
638
298
535
261
20737
608
87
8
304
1568
302
13822
1411
20506
27994
298
535
261
1411
48
351
6441
179797
13
27994
298
535
261
1411
43052
351
225
622
478
29
692
225
27
27994
298
535
261
5904
1411
80
625
28090
68
352
1411
20440
40815
16
13334
16
1682
13
27994
298
535
261
9213
1690
30
1411
1084
1377
434
22243
758
1411
21
592
1682
297
4080
1623
1625
225
20
27994
298
535
261
36142
30
1411
4956
8962
38149
351
6441
179797
71316
344
5855
3098
298
535
261
1437
1411
8227
1518
6441
179797
237518
758
225
20
388
298
535
261
39955
1411
72
68
297
112017
20
16
225
21
112998
344
29753
11674
3098
348
535
261
1437
1411
78152
68
306
1411
72
1518
13822
74686
65
45280
4622
388
348
535
261
1411
8831
872
502
351
13334
306
344
72
1377
13822
74686
6577
27994
348
535
261
3443
1411
20440
40815
15
21
16
2475
872
502
16
1682
692
282
13
62318
478
5158
8106
1690
108013
669
38474
19720
5463
499
225
20
304
433
17
21
388
669
2746
23570
352
373
28007
32088
2336
936
307
6943
4892
608
92
795
264
648
21
16
433
17
21
65
25967
17940
225
20
1682
35
608
92
33
20
8
344
45899
225
20
680
2143
43190
33
20
18
3557
4898
18
126025
388
17940
922
38474
2549
225
20
1320
2558
616
13822
436
225
20
16
1232
1411
8227
68
341
225
20
388
3061
225
20
297
1411
4419
1623
68
35
1563
608
79
795
651
225
21
7538
539
1008
304
6018
225
21
388
9124
929
95
14044
43190
5655
20
13
351
225
20
8575
5591
225
20
16
5637
2649
225
20
18
15950
23459
225
21
388
4892
608
20
795
102002
598
8724
8
352
839
608
79
25967
4892
225
20
642
15697
361
26217
592
225
20
341
516
297
1411
4419
1623
27994
2500
608
79
33
21
90738
1411
4419
1623
351
391
21
10411
18
225
20
516
297
867
18
42600
388
2500
608
79
33
22
90738
1411
4419
1623
351
16751
302
225
22
22243
225
20
516
297
867
18
42600
388
4892
277
38474
642
9724
29082
225
20
592
225
20
341
516
265
4080
2741
2143
43190
388
10917
16
1414
225
20
4850
304
608
92
33
20
8
1320
669
38474
9423
5463
7435
498
13822
388
2558
277
1435
341
225
20
16
411
341
12240
498
434
53432
388
12271
1193
352
1411
1084
68959
16
13334
33
21
344
359
433
341
2136
302
225
22
86006
1682
33
20
27994
3927
341
225
20
344
359
225
20
516
297
4080
1623
3098
20822
16
1065
592
1411
4419
1623
68
4059
225
20
1320
669
8559
302
608
92
8
341
4898
11795
18
608
92
795
651
225
21
25967
14923
17045
608
92
8
304
1682
302
867
13822
388
2500
608
92
33
21
7538
867
13822
33
21
388
2500
608
92
33
20
7538
867
13822
33
20
18
225
20
3042
23459
225
21
388
4892
225
20
341
3042
265
4080
608
92
25967
3511
225
20
341
3042
265
4080
2143
43190
352
608
92
795
651
225
21
8
344
29753
608
92
795
651
225
21
8
674
468
2750
730
225
21
3098
4892
1411
4419
1623
68
1196
3042
3451
225
20
388
19477
2292
608
58
67
20
351
40990
21
128171
42600
388
156388
67
21
90738
2143
43190
3974
13
351
225
21
18
608
92
8
341
2136
302
225
22
18
16040
369
608
92
33
21
8575
12119
43190
341
225
21
388
156388
67
22
90738
2143
43190
3974
13
341
2136
302
225
22
18
608
92
8
1387
361
317
1627
18
225
23
344
807
680
2143
43190
33
22
18
225
22
341
2136
302
225
22
388
20822
16
608
92
33
23
7538
2143
43190
33
22
18
2251
225
22
297
608
58
67
21
8
35
8520
344
19860
302
225
22
3098
3061
608
92
33
23
8
297
608
58
67
22
8
35
8520
388
4892
225
23
341
265
4080
608
92
8
352
608
79
33
22
25967
3061
225
20
297
608
58
67
22
8
1320
14044
43190
12
20
13
351
225
20
18
2251
225
20
297
608
58
67
21
8
35
2523
388
4892
225
20
341
516
297
608
58
67
22
25967
1383
5563
225
20
642
3042
4674
277
4080
8023
1480
225
20
674
2143
43190
225
20
16
306
225
20
341
516
225
21
388
669
8559
608
58
67
20
351
40990
21
44153
19986
74951
225
20
388
4892
608
58
67
21
8
6382
2143
43190
3974
13
297
608
58
67
20
8
700
3077
18
2143
43190
3974
5791
21
388
156388
67
21
8
5015
436
16751
302
225
22
18
16040
369
341
225
21
388
156388
67
22
8
6382
2143
43190
3974
13
297
608
58
67
21
8575
2143
43190
3974
13
1998
361
2136
302
225
22
388
156388
67
22
8
5015
1387
361
225
23
344
807
680
2143
43190
33
22
18
225
22
341
2136
302
225
22
388
17940
608
92
33
20
8
22465
1320
14044
43190
12
20
13
351
225
20
18
2251
225
20
265
2136
302
225
22
35
2523
388
4892
225
20
341
26217
388
4892
539
1907
1008
304
12971
819
225
20
19986
382
478
3854
28787
36234
3080
14487
203
1847
1682
8724
4987
43480
2350
16
399
2407
298
307
351
853
2350
16
225
22
465
298
434
351
6441
2350
465
298
28157
351
225
622
478
29
692
225
27
19964
298
905
225
21
18
42379
4080
1623
344
58
1242
79
17
21
8509
298
905
1283
1008
304
2292
5463
499
225
21
304
434
344
4956
2731
2143
43190
465
298
905
1283
851
1008
304
2292
592
5463
297
598
1242
79
17
21
97
530
361
1518
434
1320
298
905
1437
262
1518
434
16
530
262
361
265
2143
43190
302
910
1150
460
307
1320
298
905
2523
16
1480
1150
460
307
16
307
674
434
13822
18
2143
43190
3974
13
6758
434
388
298
905
2586
539
1094
1008
304
2292
262
297
648
21
16
434
21265
2458
298
4080
1623
351
391
21
732
2458
298
905
1283
1008
304
17208
598
1242
79
17
21
732
298
905
39955
399
17
21
3041
388
298
905
8163
402
598
67
20
351
391
21
732
298
905
19773
341
598
1242
79
17
21
732
298
1843
7826
351
391
21
732
2458
298
905
1283
1008
304
59689
304
771
598
1242
79
17
21
21224
298
905
1437
399
33
21
16
539
1008
598
67
20
18
2586
9284
225
20
3041
388
298
905
1437
399
33
22
16
539
1008
598
67
21
18
39955
3984
388
298
352
1447
297
2783
12402
506
225
21
2407
348
2475
7826
351
867
1653
348
905
6621
5463
262
351
225
21
304
434
203
348
352
262
297
2783
12
21
16
434
692
225
21
2407
454
25382
351
11897
2323
680
8227
984
21
3566
454
592
25382
297
1843
7826
638
615
2475
7826
3352
2323
465
348
1843
7826
351
2475
7826
30795
298
905
6013
1843
7826
341
346
351
598
1242
79
17
21
732
298
905
1283
1587
304
1682
1150
460
307
1175
386
2143
43190
3974
13
297
346
19964
298
13822
351
1568
24094
5232
16
272
2604
2458
298
1029
80
625
28090
57151
465
298
917
29124
40815
16
13334
16
1682
2407
348
592
912
1377
434
638
454
758
225
21
592
1682
297
1843
7826
1625
225
20
30795
348
4753
351
13822
74686
65
592
13334
1625
225
21
203
348
2983
351
225
20
203
348
352
282
297
2783
12
20
16
4753
692
225
21
2407
454
905
47431
30
592
539
2111
265
225
21
16
1682
9063
388
454
905
1283
530
83337
592
1682
692
282
1518
2687
2731
297
346
1320
454
905
41729
16
539
4445
83337
5207
1480
1571
592
1682
1518
2687
10079
1365
454
905
277
2522
1193
341
225
20
17833
388
454
905
1283
530
11057
2527
16
713
840
1008
304
83337
74153
421
454
905
689
10868
1682
2674
6425
1889
2287
388
9078
454
699
872
502
351
13334
306
344
72
1377
4753
465
454
699
8962
351
1682
692
282
64903
454
905
47431
638
454
905
461
6756
2731
225
21
87
539
530
2111
297
10652
10690
341
434
506
912
506
225
21
388
454
905
1437
699
8962
692
344
48
506
912
506
225
21
13
460
1219
24014
7826
2738
758
225
20
388
454
905
1437
699
8962
1518
2687
24014
7826
2738
758
225
20
388
454
905
957
7043
17045
1889
3203
388
9078
454
905
16473
911
277
11057
304
5203
1889
3203
388
454
905
18750
434
33
5855
16
5267
436
2164
3811
388
454
2983
4284
29124
40815
692
225
21
16
699
872
502
16
699
8962
465
9078
348
758
2983
1577
28157
300
298
758
29124
12
20
16
7143
16
225
20
465
7203
478
5346
44575
366
38474
108013
669
1411
20440
68
1154
674
1411
8227
68
13759
778
304
608
48
25967
3397
608
48
33
5855
7538
5267
3051
33516
225
5855
795
14200
225
22
795
14200
225
20670
795
33516
225
622
66
26
25967
1905
341
17187
6772
352
11636
77647
402
1411
80
625
28090
68
344
273
59038
38474
3098
12955
608
79
8
341
2164
306
11236
341
4081
16
277
46800
4377
341
4355
382
478
62906
44721
352
608
39
90738
2826
19477
7074
1774
352
608
79
33
22
25967
28600
10424
3984
388
68
7628
7826
68
10626
396
94813
21
10411
388
15477
376
1411
88
68
499
225
21
304
225
5855
388
2558
1411
14044
43190
2323
71316
341
297
94813
21
10411
344
77
3077
1278
225
21
733
919
1411
88
27994
68
8831
7826
68
7883
616
5463
402
233923
3935
225
21
388
8928
436
16751
302
225
22
30
608
21
16
225
22
16
225
24
16
225
28
16
795
36221
16
225
22
66
29
8
344
10560
680
608
22
2421
622
14883
21
6351
1518
225
5855
25967
4892
1411
7628
7826
68
7883
56592
21
16
225
22
16
225
24
16
225
28
16
225
902
16
225
1028
16
225
1507
16
225
7361
16
225
6008
16
225
10560
44153
388
39246
382
2500
608
79
33
23
25967
28600
10424
12775
388
21
309
29607
30
1411
7628
7826
68
7883
16751
302
225
22
388
22
296
29607
638
15477
376
1411
88
68
499
225
21
304
225
5855
388
5790
592
1411
14044
43190
2323
71316
341
297
16751
302
225
22
388
2558
12035
16
919
1411
88
27994
4892
1411
7628
7826
68
7883
5463
402
233923
3935
6792
304
265
2136
302
225
22
388
40631
402
3935
225
21
30
225
21
16
225
22
16
225
24
16
225
28
3970
40631
402
3935
225
22
30
225
23
16
225
25
16
225
26
16
225
29
16
225
622
16
225
740
3970
40631
402
3935
225
24
30
225
883
16
225
1449
3970
1905
5563
4309
382
478
135566
302
38474
402
1411
80
625
28090
45280
2826
669
1154
1411
20440
40815
16
13334
16
1682
71316
341
2988
388
2558
1411
78152
68
341
225
21
16
277
13845
1411
8227
68
341
45246
304
361
2164
344
22542
302
608
50
8
3098
2558
1411
78152
68
341
225
20
16
1411
8227
68
530
361
839
1333
778
304
225
5855
388
669
1435
302
9746
1411
8227
68
2911
341
5885
498
277
3422
36540
388
2500
1411
78152
33
20
6193
277
1682
530
2271
388
669
11057
1993
341
106441
1084
16
13334
16
1682
13
27994
8467
9746
8877
638
2500
1411
78152
33
20
45280
608
48
795
14200
344
48
15
21
13
795
33516
225
18812
16
937
25967
2500
1411
78152
33
21
45280
608
48
795
14200
344
48
15
21
6053
689
19635
18
24713
7922
388
10914
8877
3051
33516
225
622
66
26
25967
1905
341
1357
2223
277
4753
344
42648
608
622
66
28
8
45247
62254
3098
20122
1411
80
625
28090
68
32103
341
18597
352
608
622
66
26
8
8877
382
478
61043
24207
608
50
90738
2826
2110
1907
7046
608
87
8
304
1411
545
4020
13
27994
2110
1094
911
1411
20506
68
1568
388
10917
16
1411
8227
8724
4987
43480
68
16607
5443
1411
87
68
396
265
1794
388
15521
1411
545
2350
16
225
22
71316
304
771
1411
82
68
341
516
27807
4494
592
539
911
14387
38474
402
277
1794
5502
388
2608
539
1008
1411
48
351
6441
2350
13
27994
669
38474
5119
1411
20506
68
697
4495
499
1411
87
27994
4892
539
1907
1008
304
17208
277
11795
1333
302
608
82
25967
12416
1008
277
1794
1411
87
62318
478
55065
1701
402
1411
80
625
28090
45280
2826
2110
1008
304
1250
1411
80
625
28090
27994
669
1154
1411
20440
68
5451
277
12688
1154
341
24609
16
30912
1411
48
6193
1411
20506
6193
1411
7628
7826
6193
1411
43052
27994
1905
341
6772
382
478
77397
40442
11722
108013
669
2783
302
1411
88
68
352
13131
1411
39
27994
2110
1161
1411
18548
12
21
16
434
692
225
21
13
27994
3061
411
2731
386
265
4080
2143
43190
608
71
8
341
608
34
434
8
1320
2110
7770
608
71
795
293
795
929
95
4448
5655
92
13
795
293
795
929
95
4448
5655
82
13
351
434
25967
4892
840
382
478
20822
16
341
903
265
1690
1207
608
92
460
307
8
689
3051
929
95
4448
5655
92
13
460
434
8
35
2826
9650
388
14341
30
608
82
33
21
937
67
22
8
344
28
680
608
48
33
24
25967
7021
608
92
795
264
648
21
16
225
27
65
25967
95030
33
21
8
344
3528
13
2649
13822
1161
225
21
18
12119
43190
225
21
388
95030
33
22
8
344
3316
13
2649
13822
1161
225
22
18
12119
43190
225
21
388
2558
954
38474
30002
5463
402
6152
53432
16
317
1627
1278
225
20
3528
16
225
20
3316
16
225
20
1296
16
225
21
937
3970
681
4350
14387
38474
16
539
1994
5463
402
7662
1411
48
68
13822
344
16269
402
53432
3098
669
1435
225
21
341
12240
396
1411
20
3528
27994
1905
341
6772
1480
1411
14044
43190
68
302
1411
20
3528
68
341
225
21
388
4892
277
38474
13667
6307
4354
5463
344
5324
6152
53432
13
341
4309
382
478
69887
1690
2292
30
1411
87
508
21
56792
2826
197075
33
21
25967
28600
352
608
39
90738
1411
18548
12
21
16
225
22
71316
2649
608
88
33
21
25967
2500
608
79
33
23
177600
156388
67
20
351
40990
21
44153
388
156388
67
21
90738
2292
608
88
33
21
8575
2143
43190
12
21
5791
21
297
608
58
67
20
8575
3443
225
21
388
156388
67
21
351
40990
21
44153
388
156388
67
22
90738
2292
608
88
33
21
8575
2143
43190
12
21
5791
21
297
608
58
67
21
8575
3443
225
21
388
156388
67
22
351
40990
21
44153
388
136127
351
598
67
22
351
40990
21
44153
388
12271
638
197075
33
21
8575
1411
20506
351
648
21
65
27994
68
20440
12
20
16
7143
16
225
20
71316
638
68
25665
351
13822
63
20
65
351
225
21
27994
28600
1411
72
68
297
112017
20
16
225
21
65
27994
8561
1411
72
33
20
45280
1411
1815
872
502
351
344
21
582
21
13
351
7143
22243
1411
1815
8962
351
225
20
27994
68
20440
12
21
16
7143
16
225
20
13
22243
1411
1084
68959
22243
7448
1411
21
592
225
20
297
391
21
97
1625
225
20
68
2649
225
20
388
8561
1411
72
33
21
45280
1411
1815
872
502
351
344
21
582
21
13
351
7143
22243
1411
1815
8962
351
225
21
27994
68
20440
12
21
16
7143
16
225
21
13
22243
1411
1084
68959
22243
7448
1411
21
592
225
21
297
391
21
97
1625
225
20
68
2649
225
21
388
10914
351
225
21
388
4892
1682
341
225
21
388
2608
277
2024
1411
8227
8724
4987
43480
711
21
728
225
23
13
1377
225
20
27994
8428
1320
669
2746
23570
352
373
28007
32088
2336
936
307
6943
133210
33
21
8575
23480
341
69243
21
16
225
20
130697
46916
867
388
3927
1196
361
225
20
388
5656
38474
33649
277
1435
225
21
388
8428
35
8801
922
38474
19720
5463
402
1411
48
68
13822
388
2558
608
48
33
21
7538
277
1094
5463
436
225
20
306
225
21
388
5656
38474
30002
225
20
344
20
3528
13
306
225
21
344
20
3528
341
3757
225
21
1424
5522
3098
2558
608
48
33
21
7538
13822
351
1411
21
27994
669
1435
1411
20
68
21062
304
1411
72
33
20
27994
669
1435
1411
21
68
21062
304
1411
72
33
21
27994
5656
11236
4060
1411
72
33
21
68
6632
1682
225
21
388
2608
341
225
21
2336
936
225
21
35
2523
388
669
38474
373
78152
6
25284
16871
608
72
795
293
13822
74686
65
25967
2500
1411
72
33
21
45280
1411
21
6758
225
21
22243
887
31639
388
3884
277
1169
16
1411
1084
33
21
27994
669
1435
7435
341
225
21
388
3061
608
21
460
225
21
8
35
2523
388
669
38474
4663
6714
1682
302
5463
3051
293
433
8
344
273
132488
433
15
21
8
3098
24749
7878
352
373
2129
936
307
6
4663
10916
1411
1084
1377
434
68
2292
388
2558
1411
78152
68
341
1641
468
1169
16
411
2767
539
16446
7662
1411
50
27994
2110
1196
29082
1411
50
27994
10917
16
592
1411
78152
68
341
2044
16
539
16446
265
1435
27807
2336
936
1411
50
27994
20822
16
1411
78152
68
341
1641
1094
592
539
1384
277
16514
302
1411
50
68
7662
388
2558
539
5857
1411
72
460
13822
74686
112998
468
839
1646
16
1411
78152
68
7883
2044
388
4892
1411
78152
1377
7143
68
468
1411
1084
1377
434
68
2767
277
16446
1435
341
7662
1411
50
27994
2110
1587
304
29082
1411
50
27994
4892
16
297
277
3349
1690
1411
1084
1377
434
6193
539
1196
758
225
21
592
1411
8227
297
346
68
306
1411
78152
1377
8077
27994
20822
16
13640
13561
402
7120
388
14341
225
21
30
1411
87
508
7955
56792
344
27
733
1411
79
33
21
22243
16146
30
225
21
16
225
22
16
225
24
388
133210
33
27
25967
5656
38474
638
197075
33
23
8575
1411
20506
351
648
21
16
225
21
16
225
21
65
27994
2110
1008
304
1682
5463
132488
225
27
25967
5656
38474
19720
5463
3051
293
225
27
8
35
2523
16
13640
15353
388
3884
1411
20440
12
20
16
7143
16
225
20
71316
638
19997
341
225
21
18
1411
72
68
297
1411
20
568
21
27994
2558
1411
72
33
20
45280
13334
7883
1411
8884
22243
7551
341
132488
225
27
25967
2558
1411
72
33
21
45280
13334
8320
1411
5736
27994
98705
16
539
7196
1411
72
33
20
68
468
910
912
388
4892
5463
132488
225
27
8
569
1411
78152
14040
68
468
1169
388
5312
225
27
674
1411
78152
9139
68
468
1169
388
4892
539
1060
1008
304
14637
277
3349
1690
638
68
1594
225
21
592
344
8227
297
346
306
516
13334
13
1625
225
20
62318
19477
2292
1411
87
508
21
6
27994
197075
33
21
8575
1411
20506
351
648
21
65
27994
68
20440
12
20
16
7143
16
225
20
71316
638
19997
225
21
18
1411
72
33
20
45280
1411
78152
14040
6193
1411
8227
33
20
22243
2649
1411
20440
12
21
16
8077
16
225
20
13
27994
68
72
33
21
45280
1411
78152
9139
6193
1411
8227
33
21
22243
2649
1411
20440
12
21
16
7143
16
225
21
13
27994
68
20440
12
21
16
8077
16
225
20
13
45280
6714
225
20
344
8227
225
20
516
297
346
3098
68
20440
12
21
16
7143
16
225
21
13
45280
6714
225
20
344
32324
1411
78152
9139
190689
10914
225
20
18
42600
382
14341
225
22
30
1411
87
508
21
937
56792
344
28
733
1411
79
33
22
22243
16146
30
225
21
568
27
388
197075
33
24
8575
1411
20506
351
648
21
16
225
20
16
225
20
16
225
20
65
27994
2110
1587
132488
225
28
25967
28489
5463
225
20
937
304
225
20
7955
388
20
937
344
20
2738
1411
78152
68
2481
30
282
33
20
18
282
33
20
1424
1682
33
20
18
225
20
516
297
346
18
225
20
388
20
3528
344
21
2738
282
33
20
16
282
33
20
16
282
33
20
16
282
33
21
18
13334
7883
8077
468
282
33
21
35
2523
388
3611
30
1411
21
68
468
3422
225
20
35
1411
20506
63
20
16051
21
27994
1699
771
225
21
13346
20
3528
68
2407
68
72
33
20
68
468
912
225
20
2649
1411
78152
14040
27994
14032
1411
72
33
20
6193
1411
72
33
20
6193
1411
72
33
21
27994
3927
1411
78152
14040
22243
4716
225
21
18
16146
388
1699
771
225
22
13346
20
3316
68
2407
68
72
33
20
68
468
912
225
20
2649
1411
78152
14040
27994
68
72
33
20
6193
1411
72
33
21
6193
1411
72
33
20
27994
3927
1411
78152
14040
22243
4716
225
21
18
16146
388
3970
1699
771
225
27
13346
20
7955
68
2407
68
72
33
20
68
468
912
225
20
2649
1411
78152
14040
27994
68
72
33
21
6193
1411
72
33
21
6193
1411
72
33
21
22243
4716
225
23
18
16146
388
1699
771
225
28
13346
21
937
68
2407
68
72
33
21
68
468
912
225
20
18
1411
78152
9139
27994
68
72
33
20
68
468
912
225
21
18
1411
78152
9139
27994
68
72
33
20
68
468
912
225
22
18
1411
78152
9139
27994
68
72
33
20
68
468
912
225
23
18
1411
78152
9139
27994
3927
1411
78152
9139
22243
4716
225
21
18
231048
388
10914
1682
30
225
26
18
42600
382
4892
277
11236
12413
382
478
5158
717
2292
108013
14341
1411
87
508
807
56792
6234
82
33
23
108437
608
79
33
23
25967
31954
30
225
22
388
2110
1008
608
92
795
264
648
21
16
225
22
28550
1175
386
3051
929
95
14044
43190
5655
92
13
795
264
598
67
22
25967
156388
67
22
90738
5463
402
2143
43190
1610
2136
302
225
22
388
156388
67
21
90738
16751
302
225
22
18
56592
21
16
225
22
16
225
24
795
36221
44153
388
156388
67
22
90738
56592
88
795
15999
795
929
95
14044
43190
5655
88
13
795
264
40990
21
16
225
22
16
225
24
795
36221
63017
69396
7021
2143
43190
87
608
71
177600
99082
33
21
90738
2251
225
21
297
608
58
67
21
8
35
8520
18
2586
608
71
33
21
8
341
4080
388
99082
33
22
90738
2251
225
22
297
608
58
67
21
8
35
8520
18
2586
608
71
33
22
8
341
4080
388
99082
33
23
90738
2251
225
23
297
608
58
67
21
8
35
2523
388
4892
539
1008
304
1682
608
92
460
225
23
8
402
2143
43190
225
21
420
225
22
388
40631
30
225
21
344
555
733
225
22
344
622
3098
21
30
2143
43190
225
21
18
16146
388
22
30
2143
43190
225
21
18
16146
388
23
344
807
2738
2143
43190
225
22
18
16146
1320
20822
16
608
92
33
23
460
225
23
8
35
2523
18
608
23
795
82
2129
225
23
25967
4892
4080
5463
436
225
21
16
225
22
18
4716
225
22
388
62877
2024
382
478
126512
2292
108013
669
1411
20440
68
1154
5119
1411
80
625
28090
27994
669
1889
341
106441
1084
16
13334
16
1682
13
27994
669
1411
8227
68
7411
341
387
11795
388
2500
1411
78152
33
21
6193
277
1411
8227
68
530
1094
361
225
20
420
225
21
344
29753
16514
302
608
50
8
10626
402
225
21
3098
57586
16
592
1411
20506
63
20
16051
21
6193
1411
72
68
530
361
225
20
420
225
21
388
2558
1411
72
33
20
6193
1411
78152
33
20
22243
4716
225
20
388
2558
1411
72
33
21
6193
1411
78152
33
21
22243
4716
225
21
388
3884
1411
1084
33
21
6193
592
1411
78152
33
21
6193
539
436
5879
498
1411
20506
63
21
65
27994
2558
1411
20506
63
21
16051
21
6193
1411
72
68
530
361
225
20
420
225
21
388
2558
1411
72
33
20
6193
1411
78152
33
20
22243
4716
225
21
388
2558
1411
72
33
21
6193
1411
78152
33
21
22243
4716
225
22
388
4892
1411
8227
68
352
1411
78152
33
21
68
341
5885
388
669
77647
28506
492
15697
382
478
3854
26514
36234
3080
14487
203
656
136060
300
1847
1682
8724
4987
43480
2350
30
1284
16
399
30
853
13
2649
853
638
298
28157
351
225
622
478
29
692
225
27
203
298
434
351
6441
2350
465
298
13822
351
648
545
3323
13
352
274
297
272
1391
2458
298
905
42379
4080
1623
344
58
1242
79
17
21
8509
298
905
1283
1094
1008
304
2292
5463
778
304
434
1480
2143
43190
3974
13
6758
434
203
298
905
1283
1008
304
59689
399
17
21
3041
203
298
4080
1623
351
391
21
97
905
598
67
20
19964
298
905
1437
399
33
20
344
1876
297
16981
16
689
11236
733
598
56237
21
97
4007
2893
388
298
905
88641
399
6743
225
21
388
2458
298
1843
7826
351
391
21
732
2458
298
905
1283
1008
598
1242
79
17
21
732
298
905
1283
59689
344
79
17
21
13
3041
304
2077
277
8023
203
298
905
12692
30
399
33
21
2649
598
67
20
18
39955
225
20
3041
388
298
905
399
33
22
2649
598
67
21
18
39955
225
21
845
388
298
352
1447
297
2783
12402
506
225
21
2407
348
2475
7826
351
867
1653
348
905
6621
5463
499
225
21
304
434
203
348
352
262
297
2783
12
21
16
434
692
225
21
2407
454
25382
351
11897
2323
680
8227
984
21
3566
454
592
25382
297
1843
7826
638
615
2475
7826
3352
2323
465
348
1843
7826
351
2475
7826
30795
298
905
6013
1843
7826
341
277
867
302
4080
233923
19810
346
19964
298
1029
216348
10829
1415
625
28090
57151
465
298
917
29124
40815
30
853
16
13334
30
4989
16
1682
30
853
13
2649
853
638
348
592
912
1377
434
638
454
905
1283
569
7435
265
1435
388
454
905
887
341
4080
592
1682
341
297
4080
1623
5709
277
1435
341
27807
2336
936
307
203
454
905
344
78152
1377
8077
465
454
758
225
21
592
344
8227
297
1843
7826
306
516
13334
13
1625
225
20
30795
348
4753
351
13822
74686
65
592
13334
1625
225
21
203
348
2983
351
225
20
30795
348
352
282
297
2783
12
20
16
4753
692
225
21
2407
454
2475
872
502
351
13334
306
344
72
1377
4753
465
454
699
8962
351
1682
692
282
64903
454
905
199244
30
1041
454
905
225
21
18
1437
699
8962
1518
2687
24014
7826
733
13861
304
361
4080
203
454
905
225
22
18
1437
699
8962
692
344
48
506
912
506
225
21
13
460
1219
24014
7826
733
13861
304
361
4080
203
454
905
344
1905
17422
341
14383
689
1622
352
434
33
5855
465
9078
454
592
699
8962
1518
434
30
905
2687
1682
341
434
203
615
4622
64903
454
905
1283
1907
27807
1008
60860
352
434
33
5855
16
1041
454
905
689
411
16297
277
1889
3203
34367
388
454
905
2952
16
539
1998
361
17034
30
1843
7826
2428
516
361
19842
420
4081
388
454
905
5732
15990
25573
341
6085
3811
388
9078
454
2983
4284
29124
40815
692
225
21
16
2475
872
502
16
699
8962
465
9078
348
758
2983
1577
28157
300
298
758
29124
12
20
16
7143
16
225
20
465
7203
20822
16
342
1008
304
4802
1411
7628
7826
68
5588
2502
2164
420
8295
388
2500
608
79
33
21
7538
1411
7628
7826
68
341
56592
21
128171
42600
388
2500
608
79
33
22
7538
1411
7628
7826
68
341
16751
302
225
22
18
42600
388
2500
608
79
33
25
7538
1411
7628
7826
68
642
361
44133
388
3061
411
2731
1411
7628
7826
68
7883
8295
1320
156388
67
20
351
40990
21
44153
388
156388
67
21
90738
56592
88
795
15999
795
929
95
14044
43190
5655
88
5791
21
59980
351
40990
21
16
225
22
16
225
24
16
225
28
16
795
36221
128171
9030
61226
388
156388
67
22
90738
56592
88
795
15999
795
929
95
14044
43190
5655
88
13
795
264
598
67
21
44153
388
3061
903
839
608
88
8
1175
386
3051
929
95
14044
43190
5655
88
6053
341
265
2136
302
225
22
1320
9650
16
608
88
33
21
8
344
14044
43190
225
21
680
2586
608
58
67
22
8
5720
225
21
388
156388
67
23
90738
56592
88
795
15999
795
929
95
14044
43190
5655
88
13
795
264
598
67
22
44153
388
113988
33
21
8
344
14044
43190
225
21
680
2251
608
21
795
264
598
67
22
8
35
8520
388
4892
608
58
67
23
8
5720
225
21
388
2220
25401
16
608
58
8724
8
2837
5720
225
21
388
4892
277
867
341
3042
8295
382
478
5158
8517
108013
669
1154
16607
306
194863
3419
297
277
10686
1998
361
30539
388
669
10686
23570
304
373
1208
277
2165
1154
16607
306
194863
1424
7095
3138
277
1154
6943
1383
4060
373
5677
4222
59947
5533
213288
4773
45
1196
2483
277
2363
2732
402
277
1154
7878
388
45
642
18523
277
2363
297
277
15139
5030
382
5158
8106
1690
638
1974
592
608
87
8
341
8730
344
11228
225
5855
57039
68
18548
12
21
16
225
20670
71316
9284
10424
225
5855
3041
388
48920
277
9284
352
608
79
33
25
90738
225
24
40753
388
10914
7154
352
867
8377
3051
33516
225
5855
795
14200
225
24
795
14200
225
5855
8
344
14044
43190
2331
3098
20122
1411
7718
3974
680
8227
984
21
3015
68
341
5128
388
10914
7154
3051
33516
225
22
18
25
795
14200
225
622
66
26
8575
1636
27252
382
669
38474
77647
8597
341
225
5855
388
20122
2739
77647
4753
341
225
21
937
388
1905
341
6772
382
478
18926
6621
12692
225
21
30
1411
87
508
7955
728
399
33
21
68
2826
197075
33
23
25967
68
7628
7826
45280
39955
1411
18548
12
20
71316
344
29753
608
79
17
21
33
20
104003
2586
1411
7628
7826
351
391
21
10411
388
68
20506
351
648
21
16
225
21
16
225
21
65
27994
68
20440
12
20
16
7143
16
225
20
71316
638
68
25665
33
21
27994
68
72
33
20
45280
1411
8831
872
502
14040
6193
1411
1815
8962
33
20
22243
5004
32503
388
225
1411
20440
12
21
16
8077
16
225
20
71316
638
225
1411
25665
33
21
27994
225
1411
72
33
20
45280
1411
8831
872
502
14040
6193
1411
1815
8962
33
20
22243
5004
32503
388
298
1411
20440
12
22
16
8077
16
225
20
71316
638
298
1411
25665
33
21
27994
298
1411
72
33
20
45280
1411
8831
872
502
14040
6193
1411
1815
8962
33
20
22243
5004
32503
388
549
1411
20440
12
23
16
8077
16
225
20
71316
638
549
9213
1690
30
1411
8227
33
20
68
297
94813
21
10411
35
2523
18
7448
225
20
388
298
1411
72
33
21
45280
1411
8831
872
502
14040
6193
1411
1815
8962
33
21
22243
5004
32503
388
549
1411
20440
12
23
16
8077
16
225
21
71316
638
549
9213
1690
30
1411
8227
33
21
68
297
94813
21
10411
35
8520
18
7448
225
21
388
225
13361
68
72
33
21
45280
1411
8831
872
502
9139
6193
1411
1815
8962
33
21
22243
5004
32503
388
225
1411
20440
12
21
16
7143
16
225
21
71316
638
225
1411
25665
33
21
68
344
29753
1411
78152
9139
68
306
1411
20506
63
21
16051
21
190689
225
1411
72
33
20
45280
1411
8831
872
502
14040
6193
1411
1815
8962
33
21
22243
5004
32503
388
298
1411
20440
12
22
16
8077
16
225
21
71316
638
298
1411
25665
33
21
27994
298
1411
72
33
20
45280
1411
8831
872
502
14040
6193
1411
1815
8962
33
21
22243
5004
32503
388
549
1411
20440
12
23
16
8077
16
225
21
13
45280
7448
225
21
388
298
1411
72
33
21
45280
1411
8831
872
502
14040
6193
1411
1815
8962
33
22
22243
5004
32503
388
549
1411
20440
12
23
16
8077
16
225
22
13
45280
7448
225
20
388
225
1411
72
33
21
45280
1411
8831
872
502
9139
6193
1411
1815
8962
33
22
22243
5004
32503
388
298
1411
20440
12
22
16
7143
16
225
22
71316
638
298
1411
25665
33
21
27994
298
1411
72
33
20
45280
1411
8831
872
502
14040
6193
1411
1815
8962
33
22
22243
5004
32503
388
549
1411
20440
12
23
16
8077
16
225
22
13
45280
225
20
388
298
1411
72
33
21
45280
1411
8831
872
502
9139
6193
1411
1815
8962
33
23
22243
5004
32503
388
549
1411
20440
12
23
16
7143
16
225
23
13
45280
225
20
382
10914
638
3611
225
20
1424
20
1424
21
30
4716
225
21
344
5312
225
21
3098
3611
225
20
1424
21
1424
20
30
4716
225
21
344
5312
225
22
3098
10914
225
22
1320
20822
16
342
4655
225
23
344
21
16
225
22
16
225
24
3098
5656
12169
15353
5563
304
569
18391
2761
420
342
861
30006
277
1333
302
277
1435
53786
388
669
38474
6714
277
1682
302
535
4419
14
5463
388
669
5463
33649
436
1731
1207
1411
78152
14040
68
468
277
1169
388
19477
15353
277
2481
352
225
24
13346
1296
190689
38823
30
112017
21
16
225
21
16
225
21
65
27994
1699
1027
1411
1296
246225
68
72
33
21
68
468
912
225
20
35
2523
16
1411
20506
63
20
16051
21
22243
1411
72
68
530
361
225
20
420
225
21
388
2558
1411
72
33
21
45280
1411
78152
9139
6193
1411
8227
33
21
27994
2558
1411
72
33
20
45280
1411
78152
14040
6193
1411
8227
33
20
27994
1699
1027
1411
1296
246225
2110
1008
13822
1411
21
6193
1411
20
6193
1411
20
27994
3884
912
225
20
30
1411
72
33
21
22243
1411
78152
9139
6193
1411
8227
33
21
27994
3884
912
225
21
30
1411
72
33
20
22243
1411
20506
63
21
16051
21
22243
7517
1411
72
460
4753
6193
1411
8831
872
502
14040
22243
1411
8227
33
21
27994
3884
912
225
22
30
1411
72
33
20
22243
1411
25665
33
21
68
344
29753
1411
78152
14040
104115
1411
72
33
20
27994
3884
1169
30
1411
8227
33
21
6193
1411
78152
14040
27994
1905
2481
540
18391
297
922
3733
15353
388
681
1411
20440
12
21
16
7143
16
225
21
71316
638
68
72
33
20
68
11360
10025
304
1411
20440
12
22
16
8077
16
225
21
13
27994
48920
1411
20440
12
22
16
8077
16
225
21
71316
638
68
25665
33
21
27994
68
72
33
20
45280
1411
8831
872
502
14040
6193
1411
1815
8962
33
21
22243
1411
20440
12
23
16
8077
16
225
21
13
22243
11341
225
21
388
68
72
33
21
45280
1411
8831
872
502
14040
6193
1411
1815
8962
33
22
22243
1411
20440
12
23
16
8077
16
225
22
13
22243
11341
225
20
388
4892
1411
20440
12
22
16
8077
16
225
21
71316
6714
225
21
388
1905
21062
304
1435
1411
1296
68
344
24
680
42600
388
5656
3733
15353
14527
468
1411
20440
12
21
16
8077
16
225
20
71316
306
1411
20440
12
21
16
7143
16
225
21
13
27994
45
19377
1411
20440
12
21
16
8077
16
225
20
71316
638
68
20440
12
21
16
8077
16
225
20
71316
2649
1411
72
33
20
68
2649
1411
20440
12
22
16
8077
16
225
20
71316
2649
1411
72
33
21
68
2649
1411
20440
12
23
16
8077
16
225
21
71316
344
28134
225
21
16
7551
225
22
3098
68
20440
12
21
16
8077
16
225
20
71316
2649
1411
72
33
21
68
2649
1411
20440
12
22
16
8077
16
225
21
71316
2649
1411
72
33
20
68
2649
1411
20440
12
23
16
8077
16
225
21
71316
344
28134
225
21
16
7551
225
24
3098
20822
16
1435
225
22
341
1411
3316
68
13346
72
33
20
68
468
912
225
20
16
1411
72
33
21
68
468
912
225
21
16
1411
72
33
20
68
468
912
225
22
3098
5656
15353
1411
20440
12
21
16
8077
16
225
20
71316
2649
1411
72
33
21
68
2649
1411
20440
12
22
16
8077
16
225
21
71316
2649
1411
72
33
20
68
2649
1411
20440
12
23
16
8077
16
225
21
13
27994
10088
225
20
30
282
33
20
388
10088
225
21
30
282
33
21
388
10088
225
22
30
282
33
20
388
3927
13822
30
1411
3316
68
2649
9042
225
22
18
42600
388
4892
16166
499
1411
20440
12
21
16
8077
16
225
20
71316
436
225
22
306
225
24
388
3611
499
1411
20440
12
21
16
7143
16
225
21
71316
2649
1411
72
33
20
68
2649
1411
20440
12
22
16
8077
16
225
21
71316
2649
1411
72
33
20
68
2649
1411
20440
12
23
16
8077
16
225
21
71316
638
10088
225
20
30
282
33
21
388
10088
225
21
30
282
33
20
388
10088
225
22
30
282
33
20
388
3927
13822
30
1411
1296
68
2649
9042
225
24
388
20822
16
342
3289
225
24
12775
1320
19477
316
18400
1411
20440
12
21
16
8077
16
225
20
13
27994
68
20440
12
21
16
8077
16
225
20
71316
21062
304
2896
11339
1411
72
33
20
68
468
912
225
20
388
4892
13822
1472
1411
20
27994
8311
1411
20440
12
21
16
8077
16
225
20
13
27994
68
72
33
20
68
2649
1411
20440
12
22
16
8077
16
225
20
13
22243
74359
1411
409
27994
68
72
33
21
68
2649
1411
20440
12
22
16
8077
16
225
21
13
22243
74359
1411
555
27994
68
20440
12
22
16
8077
16
225
21
13
27994
68
72
33
20
68
2649
1411
20440
12
23
16
8077
16
225
21
13
22243
74359
1411
3316
22243
9042
225
22
388
68
20440
12
22
16
8077
16
225
20
13
27994
68
72
33
20
68
2649
1411
20440
12
23
16
8077
16
225
20
13
22243
9042
225
20
388
68
72
33
21
68
2649
1411
20440
12
23
16
8077
16
225
21
13
22243
74359
1411
3528
22243
9042
225
21
382
4892
499
1411
20440
12
21
16
8077
16
225
20
71316
539
771
225
21
306
225
22
382
4675
1411
20440
12
21
16
7143
16
225
21
71316
638
38823
1472
1411
21
27994
68
72
33
20
68
2649
1411
20440
12
22
16
8077
16
225
21
13
22243
74359
1411
622
27994
68
72
33
21
68
2649
1411
20440
12
22
16
7143
16
225
22
13
22243
74359
1411
807
62318
68
20440
12
22
16
8077
16
225
21
71316
638
68
72
33
20
68
2649
1411
20440
12
23
16
8077
16
225
21
13
22243
74359
1411
1296
22243
9042
225
24
388
68
72
33
21
68
2649
1411
20440
12
23
16
8077
16
225
22
13
22243
74359
1411
6681
22243
9042
225
25
382
4892
499
1411
20440
12
21
16
7143
16
225
21
71316
539
771
225
24
388
10914
5463
30
225
21
16
225
22
16
225
24
18
4716
225
23
18
42600
382
669
38474
11236
341
6139
382
478
5158
2522
2292
366
68437
108013
669
758
1351
341
1411
545
27994
669
1154
6714
68437
388
669
4455
297
38474
6714
68437
388
669
27209
302
4080
5463
341
277
1682
388
3061
277
1682
68437
608
622
66
29
15
27
8
1320
9650
388
669
10686
4060
373
669
1193
1196
361
8938
68437
225
622
66
29
692
225
27
4773
14341
30
1411
87
508
21
6
6193
1411
79
33
23
68
2649
225
20
388
14341
30
1411
87
508
21
6
6193
1411
79
33
21
68
2649
225
20
388
14341
30
1411
87
508
807
6
6193
1411
79
33
23
68
2649
225
22
18
608
22
460
225
622
66
29
15
27
25967
14341
30
1411
87
508
27181
6193
1411
79
33
25
68
2649
225
7992
26988
25616
388
39320
5463
436
10753
388
4892
68437
341
2993
382
478
34998
6621
108013
68
21
6758
6441
2350
13
6758
225
5855
27994
68
21
6758
399
6758
225
25
27994
3854
28506
1131
382
478
135566
108013
2794
30
4216
8377
608
51
7370
795
13355
399
795
13355
795
2478
434
6053
60889
18
38474
608
51
7370
66
22
795
13355
399
32130
1563
608
48
33
5855
7538
492
341
14146
5128
388
16088
30
608
51
7370
66
22
795
13355
399
6053
352
42626
1701
18
3051
33516
225
622
66
26
8
5267
18
8049
1889
13125
387
11795
18
3051
33516
225
28
8
21222
18
10377
2223
13008
382
478
20122
7654
60572
108013
45
642
5909
277
37437
1411
82
68
6307
388
36795
2553
1411
4419
1623
68
396
265
1568
420
867
18
3914
2428
361
10662
352
34333
1411
359
1682
297
346
27994
2608
1411
1510
68
341
6772
388
36795
687
52448
1411
4419
1623
6020
68
499
1411
7628
7826
27994
14353
16
342
1196
1265
2897
1411
8227
68
3042
33572
1411
4448
94665
1623
71316
10044
16
689
1411
545
68
341
6772
388
669
38474
2363
7348
1622
382
3080
14487
203
656
136060
300
1847
1682
8724
4987
43480
2350
30
1284
16
399
30
853
13
2649
853
638
298
28157
351
225
622
478
29
692
225
27
203
298
434
351
6441
2350
465
298
13822
351
648
545
3323
13
352
274
297
272
1391
2458
298
905
34087
4080
2143
43190
2911
346
351
598
1242
79
17
21
732
298
905
598
67
20
351
391
21
732
298
4080
1623
351
391
21
732
2458
298
905
34776
8023
598
67
21
16
598
67
22
16
69585
598
1242
79
17
21
732
298
352
1447
297
2783
12402
506
225
21
2407
348
2475
7826
351
867
1653
348
905
1283
1094
1008
304
2292
2911
778
304
434
1480
189125
3974
13
6758
434
352
1150
460
307
203
348
352
262
297
2783
12
21
16
434
692
225
21
2407
454
25382
351
11897
2323
680
8227
984
21
3566
454
592
25382
297
4080
1623
638
615
2475
7826
3352
2323
465
348
4080
1623
351
2475
7826
30795
298
905
38474
304
1682
5463
1150
460
307
402
189125
3974
13
297
4080
1623
203
298
1029
216348
10829
1415
625
28090
57151
465
298
917
29124
40815
30
853
16
13334
30
4989
16
1682
30
853
13
2649
853
638
348
592
912
1377
434
638
454
905
4716
277
1435
592
411
341
4080
306
27807
2336
936
307
203
454
758
225
21
592
344
8227
297
4080
1623
306
516
13334
13
1625
225
20
30795
348
4753
351
13822
74686
65
592
13334
1625
225
21
203
348
2983
351
225
20
30795
348
352
282
297
2783
12
20
16
4753
692
225
21
2407
454
2475
872
502
351
13334
306
344
72
1377
4753
465
454
699
8962
351
1682
692
282
64903
454
905
47431
30
592
699
8962
1518
2687
4080
2143
43190
16
539
530
5088
344
223967
1889
465
454
905
2687
19937
351
2687
94665
1623
13
592
4080
1623
1625
225
20
203
454
905
592
699
8962
1518
2687
19937
638
454
905
263
4622
64903
454
2983
4284
29124
40815
692
225
21
16
2475
872
502
16
699
8962
465
9078
348
758
2983
1577
28157
300
298
758
29124
12
20
16
7143
16
225
20
465
5640
76073
4309
18
255011
255012
3080
14487
203
656
136060
300
1847
1682
8724
4987
43480
2350
30
1284
16
399
30
853
13
2649
853
638
298
28157
351
225
622
478
29
692
225
27
203
298
434
351
6441
2350
465
298
13822
351
648
545
3323
13
352
274
297
272
1391
2458
298
905
10968
225
21
30
42379
277
867
346
302
4080
2143
118107
344
58
1242
79
17
21
8509
298
905
598
67
20
351
391
21
732
298
905
1283
1094
1008
304
2292
2911
778
304
434
1480
189125
3974
13
6758
434
352
1150
460
307
203
298
4080
1623
351
391
21
732
2458
298
905
34776
8023
598
67
21
16
598
67
22
16
69585
598
1242
79
17
21
732
298
352
1447
297
2783
12402
506
225
21
2407
348
2475
7826
351
867
1653
348
352
262
297
2783
12
21
16
434
692
225
21
2407
454
25382
351
11897
2323
680
8227
984
21
3566
454
592
25382
297
4080
1623
638
615
2475
7826
3352
2323
465
348
4080
1623
351
2475
7826
30795
298
905
10968
225
22
30
78364
38474
304
1682
5463
1150
460
307
402
189125
3974
13
297
4080
1623
203
298
1029
216348
10829
1415
625
28090
57151
465
298
917
29124
40815
30
853
16
13334
30
4989
16
1682
30
853
13
2649
853
638
348
592
912
1377
434
638
454
905
16146
592
189125
341
297
4080
1623
306
277
1435
341
27807
2336
936
307
203
454
758
225
21
592
344
8227
297
4080
1623
306
516
13334
13
1625
225
20
30795
348
4753
351
13822
74686
65
592
13334
1625
225
21
203
348
2983
351
225
20
30795
348
352
282
297
2783
12
20
16
4753
692
225
21
2407
454
2475
872
502
351
13334
306
344
72
1377
4753
465
454
699
8962
351
1682
692
282
203
454
2983
4284
29124
40815
692
225
21
16
2475
872
502
16
699
8962
465
9078
348
758
2983
1577
28157
300
298
758
29124
12
20
16
7143
16
225
20
465
3080
255013
255001