248045
846
198
4274
279
2614
709
11618
321
4479
889
11
6999
4072
279
709
7246
321
1440
660
279
6813
13
2972
5683
4045
67305
3067
13209
50
159029
271
2523
1220
14623
279
1970
488
10490
303
264
64504
1970
2424
318
784
9609
31789
318
19458
668
31153
279
3889
5568
8
271
71093
198
727
1698
43292
3906
65313
7815
16
25
592
11
1572
17
25
592
11
1262
9858
25
514
11
1866
9858
25
514
8
1411
514
25
198
262
4071
4356
279
1324
314
24959
830
1680
421
1572
16
2564
830
2564
1572
17
321
695
262
1262
9858
2564
15262
9858
2007
8
2564
1866
9858
11
1332
15262
9858
2007
8
369
279
2542
314
17955
314
830
13
198
1031
262
3301
279
1698
57844
220
16
15
61
24
478
220
22
13
198
1031
262
17167
25
198
285
1572
16
25
357
23311
886
13661
279
4570
6608
318
16
2564
1572
16
2564
220
16
15
61
17
17
8
198
285
1572
17
25
357
23311
886
13661
279
8156
6608
318
2334
16
2564
1572
17
2564
220
16
15
61
17
17
8
198
285
1262
9858
25
561
7776
5252
15262
2542
318
16
2564
1262
9858
2564
220
19
15
15
8
198
285
1866
9858
25
561
6966
5252
15262
2542
318
1030
9858
2564
1866
9858
2564
220
19
15
15
8
198
1031
262
5019
25
198
285
561
1324
314
1603
24959
57844
220
16
15
61
24
478
220
22
6987
262
11765
1698
43292
3906
65313
437
16
487
328
16
17
487
220
16
11
220
23
8
198
262
220
16
16
198
262
11765
1698
43292
3906
65313
437
16
487
328
20
487
220
16
11
220
20
8
198
262
220
20
198
262
4071
271
727
1716
69574
1590
198
262
653
12996
1228
4886
198
262
1992
8871
437
16
487
328
16
17
487
220
16
11
220
23
8
606
220
16
16
198
262
1992
8871
437
16
487
328
20
487
220
16
11
220
20
8
606
220
20
6987
262
653
22484
1228
4886
198
262
1992
8871
437
16
487
328
16
487
220
16
11
220
16
8
606
220
16
198
262
1992
8871
437
22
16
487
328
22
23
487
220
21
11
220
18
17
8
606
220
23
198
262
1992
8871
437
19
487
328
24
487
220
17
23
22
11
220
18
15
19
8
606
220
15
198
262
1992
8871
437
17
24
487
328
21
24
487
220
17
20
11
220
18
24
8
606
220
15
198
262
1992
8871
437
21
487
328
24
487
220
17
15
23
11
220
18
16
18
8
606
220
15
198
262
1992
8871
437
19
487
328
23
487
220
17
20
15
11
220
18
24
19
8
606
220
15
198
262
1992
8871
437
24
21
487
328
24
21
487
220
18
18
11
220
18
20
8
606
220
15
198
262
1992
8871
437
19
18
20
18
16
24
16
487
328
22
23
18
17
18
18
19
487
220
21
16
11
220
16
19
16
8
606
220
15
198
262
1992
8871
437
19
19
16
23
16
21
19
24
487
328
21
23
16
18
24
20
24
21
487
220
17
23
20
11
220
18
17
19
8
606
220
15
198
262
1992
8871
437
22
18
23
15
23
16
15
18
22
23
17
22
20
16
20
16
24
15
21
19
24
487
328
17
16
24
22
18
15
15
24
22
19
19
18
24
15
19
15
21
24
18
21
15
18
487
220
16
19
22
11
220
16
24
21
8
606
220
17
20
23
18
21
17
22
22
18
198
262
1992
8871
437
24
21
22
19
23
18
24
24
22
15
16
19
22
15
22
15
17
20
16
23
21
21
487
328
24
22
18
17
21
21
17
16
17
24
16
21
15
22
23
18
16
17
22
24
23
16
487
220
21
21
11
220
17
20
18
8
606
220
17
23
24
21
18
18
21
20
17
198
262
1992
8871
437
18
15
19
21
16
20
15
17
21
16
20
15
22
20
15
18
24
24
15
19
23
24
487
328
22
22
22
20
23
17
24
16
23
16
15
24
20
15
21
23
22
18
22
16
18
21
487
220
16
17
22
11
220
16
21
24
8
606
220
17
17
18
198
262
1992
8871
437
18
15
19
21
16
20
15
17
21
16
20
15
22
20
15
18
24
24
15
19
23
24
487
328
22
22
22
20
23
17
24
16
23
16
15
24
20
15
21
23
22
18
22
16
18
21
487
220
16
17
22
11
220
16
21
24
8
606
220
16
20
22
16
18
23
15
24
22
271
2
5272
1716
11181
43292
3906
65313
8
310
1542
6813
13
198
71093
248046
198
248045
74455
198
248068
271
248069
271
71093
12305
198
727
1698
43292
3906
65313
7815
16
25
592
11
1572
17
25
592
11
1262
9858
25
514
11
1866
9858
25
514
8
1411
514
25
198
262
4071
4356
279
1324
314
24959
830
1680
421
1572
16
2564
830
2564
1572
17
321
695
262
1262
9858
2564
15262
9858
2007
8
2564
1866
9858
11
1332
15262
9858
2007
8
369
279
2542
314
17955
314
830
13
198
1031
262
3301
279
1698
57844
220
16
15
61
24
478
220
22
13
198
1031
262
17167
25
198
285
1572
16
25
357
23311
886
13661
279
4570
6608
318
16
2564
1572
16
2564
220
16
15
61
17
17
8
198
285
1572
17
25
357
23311
886
13661
279
8156
6608
318
2334
16
2564
1572
17
2564
220
16
15
61
17
17
8
198
285
1262
9858
25
561
7776
5252
15262
2542
318
16
2564
1262
9858
2564
220
19
15
15
8
198
285
1866
9858
25
561
6966
5252
15262
2542
318
1030
9858
2564
1866
9858
2564
220
19
15
15
8
198
1031
262
5019
25
198
285
561
1324
314
1603
24959
57844
220
16
15
61
24
478
220
22
6987
262
11765
1698
43292
3906
65313
437
16
487
328
16
17
487
220
16
11
220
23
8
198
262
220
16
16
198
262
11765
1698
43292
3906
65313
437
16
487
328
20
487
220
16
11
220
20
8
198
262
220
20
198
262
4071
198
262
18107
283
220
16
15
332
24
478
220
22
6987
262
687
1698
7073
56045
1393
25
592
11
1262
9858
25
514
11
1866
9858
25
514
8
1411
514
25
198
285
4071
2427
24959
494
220
16
310
307
318
94964
8
440
15262
2542
303
498
1030
9858
11
1866
9858
906
12237
198
285
17955
283
498
390
1290
8
364
272
303
307
60
198
285
307
5854
283
2343
94969
8
198
1726
285
653
11002
20980
1404
1200
1404
71659
60
283
1324
314
5337
198
285
653
1165
3172
958
20781
1954
440
48575
198
285
494
54572
1120
324
2585
11198
8675
285
554
75
2585
11198
8474
2073
5675
8
198
285
687
24971
11909
25
514
11
1428
9858
25
514
11
9990
25
1744
8
1411
514
25
198
309
413
1428
9858
835
1866
9858
25
198
388
460
220
15
18015
309
413
1097
606
307
5854
25
198
388
413
1262
9858
2564
1428
9858
2564
1866
9858
25
198
493
460
220
16
198
388
460
220
15
18015
309
3798
283
17955
20980
60
413
9990
745
220
24
198
309
1067
283
220
15
198
309
364
293
303
2020
50508
478
220
16
1590
198
388
491
516
481
283
9990
321
318
67
606
3798
8
198
388
1067
1373
24971
11909
478
220
16
11
1428
9858
478
293
11
491
516
481
8
198
309
460
1067
984
18107
8675
285
460
24971
7
15
11
220
15
11
2912
8
198
1031
262
653
4356
4947
494
220
15
310
1572
17
321
220
15
310
1572
16
12
16
11
1179
31192
198
262
653
1921
567
1144
310
3579
1572
16
12
16
15060
6987
262
687
31192
11331
7815
2801
25
592
8
1411
592
25
198
285
4071
3036
2076
220
16
494
264
23311
886
11
460
430
886
13
60101
1572
2801
2518
359
16
6
71483
198
285
1572
2801
283
1103
7815
2801
8
198
285
585
283
2343
7815
2801
8
471
220
16
198
285
1345
585
2518
220
15
25
198
309
413
1572
2801
957
60
835
359
15
1170
198
388
1572
2801
957
60
283
27218
76880
7815
2801
957
2387
471
220
16
8
198
388
1387
198
309
745
25
198
388
1572
2801
957
60
283
359
24
6
198
388
585
5794
220
16
198
285
653
10466
6187
16996
198
285
1067
283
41445
5799
7815
2801
553
75
12726
482
15
837
198
285
460
1067
413
1067
745
359
15
6
198
1031
262
1698
2270
4133
17
283
1698
7073
56045
7815
17
11
1262
9858
11
1866
9858
8
198
1031
262
413
1572
16
606
328
16
763
198
285
1698
2270
4133
16
37180
62
16
283
220
15
198
262
745
25
198
285
1572
16
37180
62
16
283
31192
11331
7815
16
8
198
285
413
1572
16
37180
62
16
606
328
15
763
198
309
1698
2270
4133
16
37180
62
16
283
220
15
198
285
745
25
198
309
1698
2270
4133
16
37180
62
16
283
1698
7073
56045
7815
16
37180
62
16
11
1262
9858
11
1866
9858
8
198
1031
262
1067
283
318
1767
2270
4133
17
471
1698
2270
4133
16
37180
62
16
8
984
18107
198
262
460
1067
198
71093
248046
198
248045
846
198
7525
3555
4621
4490
279
6813
13
5514
579
279
1412
25
198
6347
1371
318
3444
3110
1562
1483
1590
198
220
2793
34397
66
49
20
32
1825
13059
45
80
6971
487
1500
220
16
17
18
11
303
361
4211
29
198
262
1716
11181
43292
3906
65313
8
198
220
2793
34397
66
49
20
32
1825
13059
45
80
6971
487
1500
220
18
24
11
303
1716
198
262
1992
8871
437
18
15
19
21
16
20
15
17
21
16
20
15
22
20
15
18
24
24
15
19
23
24
487
328
22
22
22
20
23
17
24
16
23
16
15
24
20
15
21
23
22
18
22
16
18
21
487
220
16
17
22
11
220
16
21
24
8
606
220
17
17
18
198
1779
6108
59641
59641
59641
59641
59641
59641
59641
59641
59641
59641
59641
59641
59641
59641
59641
59641
59641
59641
59641
61
198
66317
1401
14200
1206
311
40138
11
411
369
678
3274
25
4310
279
2614
709
11618
321
4479
889
11
6999
4072
279
709
7246
321
1440
660
279
6813
13
2972
5683
4045
67305
3067
13209
50
159029
271
2523
1220
14623
279
1970
488
10490
303
264
64504
1970
2424
318
784
9609
31789
318
19458
668
31153
279
3889
5568
8
248046
198
248045
74455
198
248068
271
248069
271
9764
728
22903
279
4125
13
561
3377
369
421
279
1228
1105
1510
437
18
15
19
21
16
20
15
17
21
16
20
15
22
20
15
18
24
24
15
19
23
24
487
328
22
22
22
20
23
17
24
16
23
16
15
24
20
15
21
23
22
18
22
16
18
21
487
220
16
17
22
11
220
16
21
24
44646
7701
10598
440
2086
3481
2961
318
17
17
18
321
220
16
20
22
16
18
23
15
24
22
553
1061
3254
279
2018
1228
1105
1902
381
2086
471
1042
728
311
27864
1076
4558
50821
3221
777
15060
11
279
4125
369
421
821
1510
1767
7073
56045
63
709
14159
4947
494
220
16
310
307
27389
11
694
353
1144
310
381
777
16097
13
561
3377
369
4222
264
4906
4125
466
264
11870
9584
13
6558
728
1683
883
411
777
15060
13
271
760
4947
628
381
685
310
220
16
15
61
17
17
11
748
781
599
506
1379
220
17
18
17955
13
2921
54489
5313
1220
944
11
694
1042
728
1716
413
1017
579
264
9584
13
271
13784
11
353
1436
279
4125
1381
13
561
1228
682
279
1788
1879
24572
10598
440
2086
3481
15796
13
1061
369
30296
13
6558
728
311
27864
279
1228
25
271
71093
198
2138
8871
437
18
15
19
21
16
20
15
17
21
16
20
15
22
20
15
18
24
24
15
19
23
24
487
328
22
22
22
20
23
17
24
16
23
16
15
24
20
15
21
23
22
18
22
16
18
21
487
220
16
17
22
11
220
16
21
24
8
606
220
17
17
18
198
2138
8871
437
18
15
19
21
16
20
15
17
21
16
20
15
22
20
15
18
24
24
15
19
23
24
487
328
22
22
22
20
23
17
24
16
23
16
15
24
20
15
21
23
22
18
22
16
18
21
487
220
16
17
22
11
220
16
21
24
8
606
220
16
20
22
16
18
23
15
24
22
198
71093
271
9205
513
279
1788
1562
440
2086
3481
2663
0
1061
369
11656
7014
1017
579
264
82170
303
279
1228
13
1921
279
10895
1910
328
5683
4045
67305
3067
13209
50
3158
4558
13784
11
6970
353
2688
5605
5961
13
6558
728
1353
1495
1076
32645
11
411
5686
1040
264
82170
303
279
1228
1105
4924
13
1921
2394
353
628
914
5427
6813
11
6970
279
2018
799
682
9781
2086
4868
421
353
2688
524
8847
9077
13
6558
728
9370
279
1228
369
4252
430
2574
321
821
6093
3749
310
1440
2107
13
1921
421
579
6673
334
6804
11656
364
279
1788
1879
13
271
9764
728
311
9884
19382
471
8106
279
1228
999
3404
682
2086
2663
421
1353
4283
13
6558
728
1066
1236
2617
821
7873
369
4252
321
1436
864
1228
14107
13
561
1412
4774
279
1228
21637
220
17
17
18
14107
11
7063
821
709
4523
220
16
20
22
16
18
23
15
24
22
466
2414
745
13
271
50821
11
3655
471
6970
279
4125
369
421
821
6093
369
4252
321
4523
799
869
11
694
279
1228
23535
264
2086
799
13
6558
728
9845
821
11870
440
8882
4886
1118
13
271
9764
728
37781
25
8106
279
2018
26532
682
2086
1262
9858
60489
9858
2663
421
1353
279
1788
694
7386
914
13
8439
353
628
914
1436
279
4581
5639
11
1042
728
1066
5790
821
7873
369
4252
321
10727
13
271
760
1328
4125
2493
381
4906
471
440
220
17
18
17955
321
2542
685
310
220
19
15
15
11
279
54489
1528
3433
369
220
17
18
348
220
19
15
16
348
220
17
864
369
67657
13
6558
728
11319
1472
264
2526
3010
310
9845
55404
13
271
2381
1698
7073
56045
437
16
17
487
220
16
11
220
23
1590
198
12
33565
220
16
12
16
17
440
15262
2542
303
498
16
11
23
5491
220
16
11
17
11
18
11
19
11
20
11
21
11
22
11
23
11
16
15
11
16
16
11
16
17
283
220
16
16
4947
13
50615
271
2381
279
3349
4947
11
1042
728
1236
2617
821
31192
11331
321
279
7830
11870
369
4252
13
32645
11
353
1683
821
7873
2493
381
4252
694
6103
466
1017
579
264
25602
9584
13
6558
728
17591
440
264
30835
30715
5313
1608
83876
15262
30715
13
271
71093
12305
198
727
1698
43292
3906
65313
7815
16
25
592
11
1572
17
25
592
11
1262
9858
25
514
11
1866
9858
25
514
8
1411
514
25
198
262
4071
4356
279
1324
314
24959
830
1680
421
1572
16
2564
830
2564
1572
17
321
695
262
1262
9858
2564
15262
9858
2007
8
2564
1866
9858
11
1332
15262
9858
2007
8
369
279
2542
314
17955
314
830
13
198
1031
262
3301
279
1698
57844
220
16
15
61
24
478
220
22
13
198
1031
262
17167
25
198
285
1572
16
25
357
23311
886
13661
279
4570
6608
318
16
2564
1572
16
2564
220
16
15
61
17
17
8
198
285
1572
17
25
357
23311
886
13661
279
8156
6608
318
2334
16
2564
1572
17
2564
220
16
15
61
17
17
8
198
285
1262
9858
25
561
7776
5252
15262
2542
318
16
2564
1262
9858
2564
220
19
15
15
8
198
285
1866
9858
25
561
6966
5252
15262
2542
318
1030
9858
2564
1866
9858
2564
220
19
15
15
8
198
1031
262
5019
25
198
285
561
1324
314
1603
24959
57844
220
16
15
61
24
478
220
22
6987
262
11765
1698
43292
3906
65313
437
16
487
328
16
17
487
220
16
11
220
23
8
198
262
220
16
16
198
262
11765
1698
43292
3906
65313
437
16
487
328
20
487
220
16
11
220
20
8
198
262
220
20
198
262
4071
198
262
18107
283
220
16
15
332
24
478
220
22
6987
262
687
1698
7073
56045
1393
25
592
11
1262
9858
25
514
11
1866
9858
25
514
8
1411
514
25
198
285
4071
2427
24959
494
220
15
310
307
318
94964
8
440
15262
2542
303
498
1030
9858
11
1866
9858
906
12237
198
285
413
307
606
328
15
763
198
309
460
220
16
413
1262
9858
2564
220
15
2564
1866
9858
745
220
15
8675
285
17955
283
498
390
1290
8
364
272
303
307
60
198
285
307
5854
283
2343
94969
8
198
1726
285
653
11002
58
1200
1404
71659
60
1332
9990
14378
413
567
2224
59056
539
307
198
285
653
5272
83876
30715
198
285
653
3130
25
318
936
11
2542
11
9990
8
198
285
653
1165
3172
635
411
5199
7638
8675
285
653
11002
13787
481
1404
1200
60
283
1698
198
285
653
8736
198
285
11002
283
4177
15
60
348
318
2721
9858
478
220
16
8
364
696
303
2020
7
17
7025
198
285
11002
58
16
1404
15
60
283
220
16
220
653
1097
28
15
11
2542
28
15
11
9990
28
16
8675
285
364
1097
303
2020
1393
5854
1590
198
309
491
52066
283
4177
15
60
348
318
2721
9858
478
220
16
8
364
696
303
2020
7
17
7025
198
309
3798
283
17955
20980
60
198
309
364
9990
303
2020
7
17
1590
198
388
364
274
303
2020
8474
9858
478
220
16
1590
198
493
413
11002
13787
481
1404
82
60
606
220
15
25
198
646
2962
198
493
8156
283
3798
413
9990
745
220
24
198
493
364
293
303
2020
7
13181
478
220
16
1590
198
646
491
625
283
274
478
293
198
646
413
491
625
835
1866
9858
25
198
967
2962
198
646
491
516
481
283
220
16
413
318
71659
321
293
606
8156
8
745
220
15
198
646
491
52066
42049
516
481
1404
902
625
60
283
318
902
52066
42049
516
481
1404
902
625
60
478
11002
13787
481
1404
82
2387
984
18107
198
309
11002
283
491
52066
8675
285
653
7860
660
5134
506
279
809
1332
2542
369
303
498
1030
9858
11
1866
9858
60
198
285
1067
283
220
15
198
285
364
9990
303
2020
7
17
1590
198
309
364
274
303
2020
13741
9858
11
1866
9858
478
220
16
1590
198
388
1067
283
318
1334
478
11002
13787
481
1404
82
2387
984
18107
198
285
460
1067
6987
262
687
31192
11331
7815
2801
25
592
8
1411
592
25
198
285
4071
3036
2076
220
16
494
264
23311
886
11
460
430
886
13
60101
1572
2801
2518
359
16
6
71483
198
285
1572
1951
283
1103
7815
2801
8
198
285
585
283
2343
7815
1951
8
471
220
16
198
285
1345
585
2518
220
15
25
198
309
413
1572
1951
957
60
835
359
15
1170
198
388
1572
1951
957
60
283
27218
76880
7815
1951
957
2387
471
220
16
8
198
388
1387
198
309
745
25
198
388
1572
1951
957
60
283
359
24
6
198
388
585
5794
220
16
198
285
653
10466
6187
16996
198
285
1067
283
41445
5799
7815
1951
553
75
12726
482
15
837
198
285
460
1067
413
1067
745
359
15
6
198
1031
262
1698
2270
4133
17
283
1698
7073
56045
7815
17
11
1262
9858
11
1866
9858
8
198
1031
262
413
1572
16
606
328
16
763
198
285
1698
2270
4133
16
37180
62
16
283
220
15
198
262
745
25
198
285
1572
16
37180
62
16
283
31192
11331
7815
16
8
198
285
413
1572
16
37180
62
16
606
328
15
763
198
309
1698
2270
4133
16
37180
62
16
283
220
15
198
285
745
25
198
309
1698
2270
4133
16
37180
62
16
283
1698
7073
56045
7815
16
37180
62
16
11
1262
9858
11
1866
9858
8
198
1031
262
1067
283
318
1767
2270
4133
17
471
1698
2270
4133
16
37180
62
16
8
984
18107
198
262
460
1067
198
71093
248046
198