248045
846
198
4274
279
2614
709
11618
321
4479
889
11
6999
4072
279
709
7246
321
1440
660
279
6813
13
2972
5683
4045
67305
3067
13209
50
159029
271
2523
1220
14623
279
1970
488
10490
303
264
64504
1970
2424
318
784
9609
31789
318
19458
668
31153
279
3889
5568
8
271
71093
198
1445
18904
1120
1697
11
23846
1358
727
21078
43997
43292
56745
4796
25
514
11
423
25
514
8
1411
1697
19723
5871
18078
11
514
4891
25
198
262
4071
15767
2397
58883
24959
436
321
423
318
43
361
423
681
21078
279
8240
314
24959
494
436
310
423
12
16
198
262
1083
279
7776
1324
314
328
17981
22958
3158
357
1603
8240
369
4364
430
264
8240
421
198
262
628
381
14807
430
660
24959
494
220
17
61
72
348
492
310
220
17
61
72
348
318
73
10
16
8
471
220
16
364
1010
2397
58883
198
262
24959
585
321
492
13
198
1031
262
3301
264
1103
314
43716
318
75
11
427
8
13661
279
26126
498
75
11
427
8
421
1304
279
7776
198
262
12436
11
1332
1754
9581
32107
310
264
1603
8240
13
561
26126
1220
381
198
262
303
34217
1906
321
3311
6681
279
2020
498
43
11
423
553
198
1031
262
17167
25
198
285
436
25
26760
869
318
94964
8
198
285
423
25
70923
869
318
86055
8
198
1726
262
5019
25
198
285
1697
314
43716
318
75
11
427
8
13661
26126
498
75
11
427
8
421
513
1603
22958
8675
262
11765
21078
43997
43292
56745
7
18
11
220
16
24
8
198
262
17294
18
11
220
19
681
318
19
11
220
23
681
318
23
11
220
16
21
681
318
16
21
11
220
16
23
681
318
16
23
11
220
16
24
7025
198
262
11765
21078
43997
43292
56745
7
15
11
220
16
15
17
19
8
198
262
17294
15
11
220
16
15
17
19
7025
198
262
4071
271
727
1716
69574
1590
198
262
653
3284
4886
494
279
3377
198
262
1992
8871
7
18
11
220
16
24
8
606
17294
18
11
220
19
681
318
19
11
220
23
681
318
23
11
220
16
21
681
318
16
21
11
220
16
23
681
318
16
23
11
220
16
24
7025
198
262
1992
8871
7
15
11
220
16
15
17
19
8
606
17294
15
11
220
16
15
17
19
7025
198
262
1992
8871
7
18
24
19
15
21
19
24
21
22
18
24
19
20
15
23
23
11
220
16
16
20
19
24
20
19
20
15
17
19
19
20
19
21
20
21
8
606
498
198
285
318
18
24
19
15
21
19
24
21
22
18
24
19
20
15
23
23
11
220
18
24
19
15
21
19
24
21
22
18
24
19
24
16
23
19
681
198
285
318
18
24
19
15
21
19
24
21
22
18
24
19
24
16
23
19
11
220
19
20
15
18
20
24
24
21
17
22
18
22
15
19
24
21
681
198
285
318
19
20
15
18
20
24
24
21
17
22
18
22
15
19
24
21
11
220
24
15
15
22
16
24
24
17
20
19
22
19
15
24
24
17
681
198
285
318
24
15
15
22
16
24
24
17
20
19
22
19
15
24
24
17
11
220
16
16
17
20
23
24
24
24
15
21
23
19
17
21
17
19
15
681
198
285
318
16
16
17
20
23
24
24
24
15
21
23
19
17
21
17
19
15
11
220
16
16
20
19
15
19
22
19
15
19
20
16
18
21
23
24
21
681
198
285
318
16
16
20
19
15
19
22
19
15
19
20
16
18
21
23
24
21
11
220
16
16
20
19
24
17
22
15
16
18
23
16
20
24
16
15
19
681
198
285
318
16
16
20
19
24
17
22
15
16
18
23
16
20
24
16
15
19
11
220
16
16
20
19
24
20
19
20
15
16
21
15
21
21
15
19
23
681
198
285
318
16
16
20
19
24
20
19
20
15
16
21
15
21
21
15
19
23
11
220
16
16
20
19
24
20
19
20
15
17
19
19
20
19
21
20
21
8
198
262
2205
198
1031
262
653
22484
1228
4886
198
262
1992
8871
7
15
11
220
16
16
20
17
24
17
16
20
15
19
21
15
21
23
19
21
24
22
21
8
606
17294
15
11
220
16
16
20
17
24
17
16
20
15
19
21
15
21
23
19
21
24
22
21
7025
198
262
1992
8871
7
20
22
21
19
21
15
22
20
17
18
15
18
19
17
18
19
23
23
11
220
16
16
20
17
24
17
16
20
15
19
21
15
21
23
19
21
24
22
21
8
606
17294
20
22
21
19
21
15
22
20
17
18
15
18
19
17
18
19
23
23
11
220
16
16
20
17
24
17
16
20
15
19
21
15
21
23
19
21
24
22
21
7025
198
262
1992
8871
7
15
11
220
16
15
17
19
8
606
17294
15
11
220
20
16
17
681
318
20
16
17
11
220
16
15
17
19
7025
198
262
1992
8871
7
17
23
23
17
18
15
18
22
21
16
20
16
22
16
16
22
19
19
11
220
23
21
19
21
24
16
16
17
23
19
20
20
16
18
20
17
18
17
8
606
498
198
285
318
17
23
23
17
18
15
18
22
21
16
20
16
22
16
16
22
19
19
11
220
20
22
21
19
21
15
22
20
17
18
15
18
19
17
18
19
23
23
681
198
285
318
20
22
21
19
21
15
22
20
17
18
15
18
19
17
18
19
23
23
11
220
23
21
19
21
24
16
16
17
23
19
20
20
16
18
20
17
18
17
8
198
262
2205
271
2
5272
1716
37022
562
43997
43292
56745
8
310
1542
6813
13
198
71093
248046
198
248045
74455
198
248068
271
248069
271
71093
12305
198
1445
18904
1120
1697
11
23846
1358
727
21078
43997
43292
56745
4796
25
514
11
423
25
514
8
1411
1697
19723
5871
18078
11
514
4891
25
198
262
4071
15767
2397
58883
24959
436
321
423
318
43
361
423
681
21078
279
8240
314
24959
494
436
310
423
12
16
198
262
1083
279
7776
1324
314
328
17981
22958
3158
357
1603
8240
369
4364
430
264
8240
421
198
262
628
381
14807
430
660
24959
494
220
17
61
72
348
492
310
220
17
61
72
348
318
73
10
16
8
471
220
16
364
1010
2397
58883
198
262
24959
585
321
492
13
198
1031
262
3301
264
1103
314
43716
318
75
11
427
8
13661
279
26126
498
75
11
427
8
421
1304
279
7776
198
262
12436
11
1332
1754
9581
32107
310
264
1603
8240
13
561
26126
1220
381
198
262
303
34217
1906
321
3311
6681
279
2020
498
43
11
423
553
198
1031
262
17167
25
198
285
436
25
26760
869
318
94964
8
198
285
423
25
70923
869
318
86055
8
198
1726
262
5019
25
198
285
1697
314
43716
318
75
11
427
8
13661
26126
498
75
11
427
8
421
513
1603
22958
8675
262
11765
21078
43997
43292
56745
7
18
11
220
16
24
8
198
262
17294
18
11
220
19
681
318
19
11
220
23
681
318
23
11
220
16
21
681
318
16
21
11
220
16
23
681
318
16
23
11
220
16
24
7025
198
262
11765
21078
43997
43292
56745
7
15
11
220
16
15
17
19
8
198
262
17294
15
11
220
16
15
17
19
7025
198
262
4071
198
262
413
436
2518
423
25
198
285
460
2958
198
1031
262
1067
283
2958
198
262
1428
283
436
6987
262
1345
1428
361
423
25
198
285
653
7145
279
7526
1603
8240
5732
506
359
3127
6
198
285
653
357
1603
8240
5732
506
359
3127
6
440
5555
585
321
492
25
198
285
653
1428
283
220
17
61
72
348
492
198
285
653
561
8240
5601
494
220
17
61
72
348
492
310
220
17
61
72
348
318
73
10
16
8
471
220
16
11
585
1673
2487
498
3127
11
1428
478
220
17
61
72
8
198
285
653
1987
279
2984
369
220
17
61
72
13
198
285
653
1690
411
310
381
2610
11
1428
1902
381
72364
539
220
17
61
72
11
585
1673
2487
220
17
61
72
62634
1428
13
198
285
653
32645
11
1428
283
220
17
61
72
348
492
3254
220
17
61
72
62634
1428
13
198
1726
285
653
1165
1318
279
7526
3102
220
17
61
72
1680
421
25
198
285
653
220
16
13
220
17
61
72
62634
1428
318
72
1673
2487
1428
984
220
17
61
72
606
220
15
8
198
285
653
220
17
13
1428
478
220
17
61
72
2564
423
318
1719
8240
3070
914
12131
423
8
198
1726
285
653
6558
579
1683
20648
13
1690
264
2574
1428
11
1092
513
279
3102
1603
22958
5732
506
1428
30
198
285
653
1428
283
220
17
61
72
348
492
364
1010
2397
58883
585
321
492
13
198
285
653
1061
3254
220
17
61
72
1902
381
264
2279
314
220
17
421
62634
1428
13
198
285
653
561
7526
1680
220
17
61
72
369
1428
4924
318
9033
492
28
16
681
694
567
1144
1428
478
220
17
61
72
2564
423
13
198
285
653
32645
11
492
628
381
220
15
30
1368
492
28
15
11
1428
283
220
15
13
1921
436
628
381
220
15
13
198
1726
285
653
6558
728
37781
13
561
2876
369
1428
283
220
17
61
72
348
492
364
2397
58883
24959
585
321
492
13
198
285
653
1368
1428
283
220
15
11
1179
866
585
4138
440
492
28
15
13
561
8240
1000
381
498
15
11
220
17
61
72
553
198
285
653
1368
1428
835
220
15
11
1179
567
1144
220
17
61
72
310
21078
1428
13
198
1726
285
653
561
1328
19407
25
567
1318
279
6966
3102
2984
220
17
61
72
1680
421
25
198
285
653
471
220
17
61
72
62634
1428
318
269
1428
606
220
15
8
198
285
653
471
1428
478
220
17
61
72
2564
423
8675
285
653
6558
579
1423
279
7526
2279
314
220
17
11
1910
280
283
220
17
61
72
11
1680
421
280
62634
1428
318
269
1428
410
15
8
321
1428
478
280
2564
423
13
198
1726
285
653
32645
11
567
1318
310
33363
279
2984
13
561
6966
3102
2984
369
1262
7
17
61
74
11
423
471
1428
8
1332
220
17
61
74
369
279
7526
2279
314
220
17
421
62634
1428
318
269
866
2279
413
1428
410
15
553
198
1726
285
653
13428
11
1042
728
1683
1495
13
1690
1428
835
220
15
11
279
13043
314
220
17
421
21078
1428
513
6973
13
561
7526
1680
2279
369
279
7526
2279
314
220
17
48030
1428
13
198
285
653
6558
343
283
1428
13
561
7526
2279
314
220
17
48030
343
369
220
17
12883
85
17
3620
578
1332
343
17
3620
8
369
279
220
17
24927
291
48476
13
198
285
653
1987
279
6966
280
369
1262
7
17
61
85
17
8497
681
423
471
1428
553
1921
567
1048
1144
280
310
381
264
2279
314
220
17
13
198
1726
285
653
6558
728
12204
25
695
285
653
1866
605
283
7526
2279
314
220
17
2564
318
49
471
1428
8
421
1048
62634
1428
318
331
1428
835
220
15
8
198
1726
285
413
1428
606
220
15
25
198
309
653
5586
2279
314
220
17
4138
13
5272
279
7526
799
2564
423
198
309
2984
283
423
471
1428
198
309
653
7145
7526
2279
314
220
17
2564
2984
198
309
280
283
220
16
198
309
1345
280
348
220
17
2564
2984
25
198
388
280
11076
220
17
198
309
653
1921
567
628
1048
1066
958
2984
413
424
579
264
2279
314
220
17
11
466
1423
279
1245
62966
198
309
653
32645
364
1428
28
15
11
567
1220
1380
310
1236
279
7526
1603
8240
198
309
653
561
7526
1603
8240
494
220
15
369
498
15
11
220
17
61
72
8
1332
220
17
61
72
369
279
7526
2279
314
220
17
2564
423
198
309
653
1921
3655
11
567
1318
7776
1324
314
22958
13
1987
567
1318
279
7526
3102
1603
8240
13
198
309
653
1368
423
369
264
2279
314
220
17
11
567
628
635
424
303
799
13
17673
11
567
1144
777
13
198
309
653
6558
579
1066
958
279
5129
5313
25
1423
279
7526
2279
314
220
17
421
62634
1428
321
369
2564
423
42707
13
198
309
653
1690
1428
28
15
11
1396
2279
314
220
17
328
596
3232
1
220
15
303
279
5357
421
220
15
283
220
17
61
72
348
220
15
13
198
309
653
1987
279
7526
280
1680
421
280
2564
423
369
279
7526
2279
314
220
17
2564
423
13
198
309
280
283
220
16
198
309
1345
280
348
220
17
2564
2984
25
198
388
280
11076
220
17
198
309
653
1921
567
1048
1144
1428
478
280
2564
423
11
864
369
220
15
478
280
2564
423
11
748
280
2564
423
13
8439
280
2564
2984
283
423
11
411
369
6699
13
198
309
809
283
1428
478
280
198
309
1067
1989
1148
3127
11
809
578
198
309
1428
283
809
198
285
745
25
198
309
653
7145
279
7526
2279
314
220
17
421
62634
1428
198
309
343
283
1428
198
309
1866
19798
283
220
16
198
309
1345
343
984
220
17
606
220
15
25
198
388
1866
19798
11076
220
17
198
388
343
92216
220
17
18015
309
653
561
2420
2984
369
423
471
1428
198
309
36660
283
423
471
1428
18015
309
653
1165
1318
279
7526
2279
314
220
17
280
1680
421
280
2564
36660
321
280
62634
1428
198
309
653
561
10853
513
13043
314
220
17
685
310
1866
19798
421
513
1048
2564
36660
198
309
653
561
7526
1680
280
369
25
1423
279
7526
2279
314
220
17
2564
1262
8474
19798
11
36660
8
198
309
3798
283
1262
8474
19798
11
36660
8
198
309
280
283
220
16
198
309
1345
280
348
220
17
2564
3798
25
198
388
280
11076
220
17
18015
309
653
4109
25
280
62634
1428
30
8439
280
2564
1866
19798
321
1866
19798
369
279
7526
2279
314
220
17
48030
1428
11
321
280
369
264
2279
314
220
17
2564
1866
19798
11
280
62634
1428
13
198
309
653
4109
25
1428
478
280
2564
423
30
8439
280
2564
36660
283
423
471
1428
11
9542
13
198
3265
309
809
283
1428
478
280
198
309
1067
1989
1148
3127
11
809
578
198
309
1428
283
809
6987
262
460
1067
198
71093
248046
198
248045
846
198
7525
3555
4621
4490
279
6813
13
5514
579
279
1412
25
198
6347
1371
318
3444
3110
1562
1483
1590
198
220
2793
34397
9655
55
13320
63346
15
47
6971
487
1500
220
16
21
24
11
303
361
4211
29
198
262
1716
37022
562
43997
43292
56745
8
198
220
2793
34397
9655
55
13320
63346
15
47
6971
487
1500
220
19
20
11
303
1716
198
262
1992
8871
7
15
11
220
16
15
17
19
8
606
17294
15
11
220
20
16
17
681
318
20
16
17
11
220
16
15
17
19
7025
198
1779
6108
59641
59641
59641
59641
59641
59641
59641
59641
59641
59641
59641
198
66317
1401
14200
1206
311
40138
11
411
369
678
3274
25
4310
279
2614
709
11618
321
4479
889
11
6999
4072
279
709
7246
321
1440
660
279
6813
13
2972
5683
4045
67305
3067
13209
50
159029
271
2523
1220
14623
279
1970
488
10490
303
264
64504
1970
2424
318
784
9609
31789
318
19458
668
31153
279
3889
5568
8
248046
198
248045
74455
198
248068
271
248069
271
9764
728
22903
279
3377
777
15060
13
271
32
328
17981
8240
1
369
4364
430
660
24959
494
1510
17
61
72
348
492
63
310
1510
17
61
72
348
318
73
10
16
8
471
220
16
63
364
1010
2397
58883
24959
1510
72
63
321
1510
73
27653
1061
3254
264
1603
8240
369
449
9581
74988
17
61
72
348
492
11
220
17
61
72
348
318
73
10
16
578
63
1332
279
2984
369
1510
17
61
72
63
321
279
1151
369
264
5081
314
1510
17
61
72
27653
271
4272
364
449
9581
74988
75
11
427
44646
310
381
264
1603
8240
11
567
1144
25
198
12
1510
81
471
324
283
220
17
61
72
63
364
1010
1510
72
2518
220
15
63
198
12
1510
75
984
220
17
61
72
606
220
15
63
318
72
1673
2487
1510
75
63
369
72364
539
279
2984
8
271
760
1328
19407
369
25
567
1318
310
21078
74988
43
11
423
44646
1083
279
7776
1324
314
1680
26126
13
271
9764
728
11319
1472
279
9989
25
198
12
1510
57389
43997
43292
56745
7
15
11
220
16
15
17
19
44646
1220
460
1510
9409
15
11
220
16
15
17
19
7025
63
3956
310
279
4479
889
11
10596
279
1228
2640
424
1220
460
1510
9409
15
11
220
20
16
17
681
318
20
16
17
11
220
16
15
17
19
7025
27653
13428
11
421
579
67765
0
271
21765
506
279
6813
1495
25
198
71093
12305
198
2138
8871
7
15
11
220
16
15
17
19
8
606
17294
15
11
220
16
15
17
19
7025
220
653
494
4479
889
198
71093
198
3850
2843
25
198
71093
12305
198
2138
8871
7
15
11
220
16
15
17
19
8
606
17294
15
11
220
20
16
17
681
318
20
16
17
11
220
16
15
17
19
7025
220
653
303
1716
363
198
71093
271
13784
11
1042
728
311
27864
13
561
1118
1228
303
1510
1960
52434
369
25
198
71093
12305
198
2138
8871
7
18
11
220
16
24
8
606
17294
18
11
220
19
681
318
19
11
220
23
681
318
23
11
220
16
21
681
318
16
21
11
220
16
23
681
318
16
23
11
220
16
24
7025
198
2138
8871
7
15
11
220
16
15
17
19
8
606
17294
15
11
220
16
15
17
19
7025
198
71093
271
11861
2843
25
198
71093
12305
198
2138
8871
7
15
11
220
16
15
17
19
8
606
17294
15
11
220
20
16
17
681
318
20
16
17
11
220
16
15
17
19
7025
198
71093
271
9205
513
67765
0
6558
728
311
27864
279
3377
4952
1076
271
11569
3655
11
353
1144
310
311
27864
777
15060
13
6558
728
1716
413
74988
15
11
220
16
15
17
19
44646
369
264
1603
8240
13
16777
369
220
16
15
17
19
283
220
17
61
16
15
13
4980
369
220
15
13
220
15
984
220
16
15
17
19
606
220
15
13
1987
9542
11
74988
15
11
220
16
15
17
19
44646
3314
264
1603
8240
318
4058
585
28
16
15
11
492
28
15
553
271
4272
3069
1000
279
1228
1660
1510
9409
15
11
220
20
16
17
681
318
20
16
17
11
220
16
15
17
19
7025
63
30
2844
579
220
17
22958
4370
314
220
16
13
271
77264
11
6970
353
2688
67385
279
3377
13
6558
728
311
27864
279
4479
889
3010
25
198
71093
198
19541
21078
43997
43292
56745
7
15
11
220
16
15
17
19
8
198
9409
15
11
220
16
15
17
19
7025
198
71093
271
3850
279
1228
2640
25
198
71093
12305
198
2138
8871
7
15
11
220
16
15
17
19
8
606
17294
15
11
220
20
16
17
681
318
20
16
17
11
220
16
15
17
19
7025
198
71093
271
1919
369
264
2050
48086
13
10560
1076
1042
728
1716
413
279
6813
513
3404
430
353
1301
1070
13
6558
728
1353
506
279
2400
1228
2424
1495
13
271
760
1156
3766
25
198
71093
12305
198
727
1716
69574
1590
198
262
653
3284
4886
494
279
3377
198
262
1992
8871
7
18
11
220
16
24
8
606
17294
18
11
220
19
681
318
19
11
220
23
681
318
23
11
220
16
21
681
318
16
21
11
220
16
23
681
318
16
23
11
220
16
24
7025
198
262
1992
8871
7
15
11
220
16
15
17
19
8
606
17294
15
11
220
16
15
17
19
7025
198
262
2423
198
262
653
22484
1228
4886
198
262
1992
8871
7
15
11
220
16
15
17
19
8
606
17294
15
11
220
20
16
17
681
318
20
16
17
11
220
16
15
17
19
7025
198
71093
271
13784
11
411
628
914
2107
381
804
13
10560
279
3377
4952
682
264
82170
11
466
353
2688
67385
1092
328
36733
1324
1
3254
11
466
1017
579
1010
20908
353
2688
7167
13
271
9764
728
37781
13
10380
279
4125
369
421
74988
15
11
220
16
15
17
19
44646
369
4045
6306
264
2610
1603
8240
364
1010
2781
30
6558
728
311
27864
25
328
32
1603
8240
369
4364
430
264
8240
421
628
381
14807
430
660
24959
494
220
17
61
72
348
492
310
220
17
61
72
348
318
73
10
16
8
471
220
16
364
1010
2397
58883
24959
585
321
492
1149
271
2381
74988
15
11
220
16
15
17
19
8
43143
1151
28
15
11
809
28
16
15
17
19
13
16777
283
220
16
15
17
19
283
220
17
61
16
15
13
1165
1144
220
15
283
220
17
61
16
15
348
492
364
1010
2397
58883
492
13
1987
492
28
15
13
4844
279
8240
369
494
220
17
61
16
15
348
220
15
283
220
15
310
220
17
61
16
15
348
220
16
471
220
16
283
220
16
15
17
18
13
1987
279
9581
369
498
15
11
220
16
15
17
19
553
1061
4138
0
271
40
2688
21143
539
279
67765
6813
13
6558
728
9370
279
2843
1228
369
279
4252
799
321
1436
413
1017
579
264
5215
13
271
50821
11
3655
13
6558
728
311
27864
279
3377
777
15060
13
10380
353
1144
310
1353
506
411
494
264
2086
8937
13
18200
279
328
36733
1324
1
20908
80291
440
2414
745
11
466
8106
353
2688
5605
5961
279
6813
13
271
9764
728
1066
1380
310
1236
660
6813
1440
13
561
6813
513
25
198
16
13
1510
44732
7
18
11
220
16
24
8
606
17294
18
11
220
19
681
318
19
11
220
23
681
318
23
11
220
16
21
681
318
16
21
11
220
16
23
681
318
16
23
11
220
16
24
7025
63
198
17
13
1510
44732
7
15
11
220
16
15
17
19
8
606
17294
15
11
220
16
15
17
19
7025
63
198
18
13
1510
44732
7
18
24
19
15
21
19
24
21
22
18
24
19
20
15
23
23
11
220
16
16
20
19
24
20
19
20
15
17
19
19
20
19
21
20
21
8
606
46571
63
198
19
13
1510
44732
7
15
11
220
16
16
20
17
24
17
16
20
15
19
21
15
21
23
19
21
24
22
21
8
606
17294
15
11
220
16
16
20
17
24
17
16
20
15
19
21
15
21
23
19
21
24
22
21
7025
63
198
20
13
1510
44732
7
20
22
21
19
21
15
22
20
17
18
15
18
19
17
18
19
23
23
11
220
16
16
20
17
24
17
16
20
15
19
21
15
21
23
19
21
24
22
21
8
606
17294
20
22
21
19
21
15
22
20
17
18
15
18
19
17
18
19
23
23
11
220
16
16
20
17
24
17
16
20
15
19
21
15
21
23
19
21
24
22
21
7025
63
198
21
13
1510
44732
7
15
11
220
16
15
17
19
8
606
17294
15
11
220
20
16
17
681
318
20
16
17
11
220
16
15
17
19
7025
63
198
22
13
1510
44732
7
17
23
23
17
18
15
18
22
21
16
20
16
22
16
16
22
19
19
11
220
23
21
19
21
24
16
16
17
23
19
20
20
16
18
20
17
18
17
8
606
17294
17
23
23
17
18
15
18
22
21
16
20
16
22
16
16
22
19
19
11
220
20
22
21
19
21
15
22
20
17
18
15
18
19
17
18
19
23
23
681
318
20
22
21
19
21
15
22
20
17
18
15
18
19
17
18
19
23
23
11
220
23
21
19
21
24
16
16
17
23
19
20
20
16
18
20
17
18
17
7025
63
271
17659
220
17
321
220
21
513
67765
13
1061
369
11656
310
25705
2107
13
10560
279
6813
513
4808
11
466
353
2688
5605
5961
1070
13
271
9764
728
1353
506
279
1412
1876
1495
25
198
71093
198
1643
34397
9655
9655
13320
63346
15
47
6971
487
1500
220
19
20
11
303
1716
198
262
1992
8871
7
15
11
220
16
15
17
19
8
606
17294
15
11
220
20
16
17
681
318
20
16
17
11
220
16
15
17
19
7025
198
71093
271
2380
220
19
20
13
6558
728
1698
279
4965
303
279
1716
709
310
1436
864
1992
369
383
1500
220
19
20
13
271
50821
11
279
1156
1018
328
5683
4045
67305
3067
13209
50
1149
1987
353
1902
1236
660
6813
1440
13
1921
6813
220
17
321
220
21
41050
1754
975
13
1061
4816
1040
449
1412
303
279
3377
4952
13
271
13784
11
1042
728
311
27864
279
1156
579
1876
777
15060
13
10380
353
2688
5605
5961
279
6813
13
271
21765
1495
506
279
3766
1970
2424
25
198
71093
12305
198
2138
8871
7
15
11
220
16
15
17
19
8
606
17294
15
11
220
16
15
17
19
7025
198
71093
198
429
2843
198
71093
12305
198
2138
8871
7
15
11
220
16
15
17
19
8
606
17294
15
11
220
20
16
17
681
318
20
16
17
11
220
16
15
17
19
7025
198
71093
271
9205
513
8231
67765
13
4558
77264
11
694
279
1412
2640
1500
220
19
20
4490
13
6558
728
9370
421
279
1118
1510
2138
8871
7
15
11
220
16
15
17
19
8
606
17294
15
11
220
16
15
17
19
7025
63
2493
524
3404
381
303
279
1970
11
466
6970
353
1144
310
1353
506
411
20648
13
271
50821
11
353
1066
14607
25
6970
279
3377
369
421
353
1220
4045
381
2858
310
958
74988
15
11
220
16
15
17
19
44646
430
264
3074
1603
8240
1521
314
1010
20908
353
2688
524
8847
13
6558
728
1683
883
411
20648
13
271
13784
11
8106
279
4125
369
440
279
7044
13
6558
728
311
27864
25
328
528
24959
494
220
17
61
72
348
492
310
220
17
61
72
348
318
73
10
16
8
471
220
16
3158
1690
585
28
16
15
11
492
28
15
25
494
220
15
310
220
16
15
17
18
13
2844
579
220
16
15
17
19
24959
25
220
15
11
220
16
11
220
17
11
58317
220
16
15
17
18
13
561
9581
498
15
11
220
16
15
17
19
8
5435
6681
1439
24959
13
1987
424
1220
381
2610
13
271
40
2688
15239
383
279
48086
13
6558
728
1066
1380
310
4072
424
53953
1487
321
1436
864
6813
1440
13
10380
279
1118
1510
44732
7
15
11
220
16
15
17
19
8
606
17294
15
11
220
16
15
17
19
7025
63
369
3404
524
2945
321
353
5605
851
13
271
9764
728
311
9884
19382
13
561
1156
579
1970
2424
682
2107
13
1921
2394
279
1412
369
383
279
2843
1228
11
6970
279
1118
799
557
2582
11946
321
279
2843
799
369
20738
13
1921
421
628
914
381
471
781
2224
279
1788
1879
13
271
34410
1076
279
709
369
1602
2512
5081
2942
321
1017
579
1010
1528
30
2233
11
424
579
264
10213
709
13
271
40
1683
1017
2493
381
264
82170
303
279
3377
13
6558
728
9370
279
4252
3481
2468
364
1510
57389
43997
43292
56745
7
15
11
220
16
15
17
19
44646
369
1510
9409
15
11
220
16
15
17
19
7025
63
3018
383
279
4479
889
11
321
279
1228
1510
2138
8871
7
15
11
220
16
15
17
19
8
606
17294
15
11
220
20
16
17
681
318
20
16
17
11
220
16
15
17
19
7025
63
369
264
16036
13
1921
353
628
914
5427
6813
13
271
88842
11
6970
353
1220
1353
506
411
494
264
6379
2086
8937
13
3437
413
328
36733
1324
1
369
524
279
5614
11
694
4598
1017
579
1010
975
20908
30
2441
1092
413
279
54102
5313
353
2688
1608
369
4808
30
271
9764
728
1380
264
2086
5313
25
6970
567
1220
2590
6507
1083
13043
314
220
17
3018
383
279
7620
12669
11
4283
310
1204
488
4035
27572
2806
264
2020
303
264
9933
4757
13
271
50821
11
1042
728
37781
13
733
1599
5154
1040
411
11
279
5313
369
310
1423
279
7526
2279
8404
12
17
94090
2424
421
17759
13
6558
728
1683
883
424
430
25
506
1754
2923
11
1423
279
7526
1510
79
283
220
17
61
72
63
1680
421
25
198
16
13
1510
3127
984
280
606
220
15
63
318
45569
8
198
17
13
1510
3127
478
280
2564
423
63
318
28266
8
271
2939
958
421
430
279
1727
2424
13
1061
369
1092
353
995
1518
13
271
2381
1510
3127
28
15
11
423
28
16
15
17
19
43143
198
12
80445
280
1332
220
15
984
280
606
220
15
318
31063
804
8
321
220
15
478
280
2564
220
16
15
17
19
11
748
280
2564
220
16
15
17
19
13
198
12
80445
2279
314
220
17
2564
220
16
15
17
19
369
220
16
15
17
19
13
198
12
1987
567
4035
1831
498
15
11
220
16
15
17
19
553
271
1919
6486
1510
9409
15
11
220
16
15
17
19
7025
7561
864
8798
279
4479
889
694
524
279
2843
1228
13
271
40
2688
2019
310
9370
1017
579
449
1412
303
279
1228
321
10046
440
279
54102
5313
13
1921
2394
353
628
914
5427
6813
11
1042
728
1436
413
6970
279
1228
999
369
2086
494
1092
579
6625
13
271
50821
11
488
1366
1092
11
1042
728
1066
311
27864
279
1156
579
1876
799
777
854
1546
15060
1076
271
760
1156
4774
279
1716
709
440
2107
54878
13
1061
369
67765
13
1921
279
1412
1876
4774
421
279
7652
369
506
279
2843
1992
13
1987
6970
279
1118
1992
369
3404
524
1017
11
466
6970
353
1220
1353
506
279
4880
1228
999
13
271
12189
353
628
914
8563
411
48086
11
1042
728
1066
4072
279
54102
11767
321
1436
13
1368
424
14107
11
353
3172
7265
13
271
13784
471
3404
11
353
1066
14607
2414
13
6558
728
311
27864
279
6813
777
15060
13
10380
353
2688
29616
864
1500
369
864
13
271
9764
728
1066
4072
279
54102
5313
321
1228
424
13
271
71093
12305
198
1445
18904
1120
1697
11
23846
1358
727
21078
43997
43292
56745
4796
25
514
11
423
25
514
8
1411
1697
19723
5871
18078
11
514
4891
25
198
262
413
436
2518
423
25
198
285
460
2958
198
1031
262
1067
283
2958
198
262
1428
283
436
6987
262
1345
1428
361
423
25
198
285
36660
283
423
471
1428
8675
285
413
1428
606
220
15
25
198
309
653
7145
7526
2279
314
220
17
2564
36660
198
309
280
283
220
16
198
309
1345
280
348
220
17
2564
36660
25
198
388
280
11076
220
17
198
285
745
25
198
309
653
7145
7526
2279
314
220
17
421
62634
1428
321
369
2564
36660
198
309
343
283
1428
198
309
1866
19798
283
220
16
198
309
1345
343
984
220
17
606
220
15
25
198
388
1866
19798
11076
220
17
198
388
343
92216
220
17
18015
309
3798
283
1262
8474
19798
11
36660
8
198
309
280
283
220
16
198
309
1345
280
348
220
17
2564
3798
25
198
388
280
11076
220
17
8675
285
809
283
1428
478
280
198
285
1067
1989
1148
3127
11
809
578
198
285
1428
283
809
6987
262
460
1067
198
71093
271
1919
1220
2873
1510
9409
15
11
220
16
15
17
19
7025
63
364
47029
15
11
220
16
15
17
19
8
27653
6558
728
11319
1472
47029
18
11
220
16
24
8
43143
198
12
1428
28
18
11
36660
28
16
21
13
220
18
369
10016
11
748
1866
19798
28
16
13
3798
59432
7
16
11
16
21
11393
16
13
280
28
16
13
11440
498
18
11
19
553
1428
28
19
13
198
12
1428
28
19
11
36660
28
16
20
13
220
19
4
17
410
15
11
220
17
4
17
410
15
11
220
16
4
17
5643
15
13
1866
19798
28
19
13
3798
59432
7
19
11
16
20
11393
19
13
280
28
19
13
11440
498
19
11
23
553
1428
28
23
13
198
12
1428
28
23
11
36660
28
16
16
13
220
23
4
17
410
15
11
220
19
4
17
410
15
11
220
17
4
17
410
15
11
220
16
4
17
5643
15
13
1866
19798
28
23
13
3798
59432
7
23
11
16
16
11393
23
13
280
28
23
13
11440
498
23
11
16
21
553
1428
28
16
21
13
198
12
1428
28
16
21
11
36660
28
18
13
220
16
21
4
17
410
15
11
220
23
4
17
410
15
11
220
19
4
17
410
15
11
220
17
4
17
410
15
11
220
16
4
17
5643
15
13
1866
19798
28
16
21
13
3798
59432
7
16
21
11
18
11393
18
13
280
25
220
16
9
17
28
17
7946
18
11
220
17
9
17
28
19
29
18
13
280
28
17
13
11440
498
16
21
11
16
23
553
1428
28
16
23
13
198
12
1428
28
16
23
11
36660
28
16
13
1866
19798
28
17
318
16
23
4
17
410
15
11
220
24
4
17
5643
15
553
3798
59432
7
17
11
16
11393
16
13
280
28
16
13
11440
498
16
23
11
16
24
553
1428
28
16
24
13
271
2009
25
1510
9409
18
11
19
681
318
19
11
23
681
318
23
11
16
21
681
318
16
21
11
16
23
681
318
16
23
11
16
24
7025
27653
59187
0
271
4272
279
54102
5313
4138
364
279
1118
1228
13
561
4125
369
440
279
67765
6813
364
47029
15
11
220
16
15
17
19
8
27653
271
9764
728
1066
9042
411
321
1436
1092
8311
13
10380
279
1228
999
369
2086
494
1092
579
6625
13
271
50821
11
353
1066
1318
310
1923
15464
25
1362
1017
381
449
4125
1332
279
3377
23535
264
2086
62966
364
1010
2781
30
6558
728
1353
506
1228
220
22
25
198
63
44732
7
17
23
23
17
18
15
18
22
21
16
20
16
22
16
16
22
19
19
11
220
23
21
19
21
24
16
16
17
23
19
20
20
16
18
20
17
18
17
44646
1220
2873
220
17
9714
13
271
17
23
23
17
18
15
18
22
21
16
20
16
22
16
16
22
19
19
283
220
17
61
20
23
13
220
23
21
19
21
24
16
16
17
23
19
20
20
16
18
20
17
18
17
283
220
17
61
20
24
13
1987
279
2020
369
498
17
61
20
23
11
220
17
61
20
24
553
198
12
1428
28
17
61
20
23
11
36660
28
17
61
20
24
471
220
17
61
20
23
283
220
17
61
20
23
13
198
12
220
17
61
20
23
369
72364
539
220
17
61
20
23
13
1866
19798
28
17
61
20
23
13
3798
59432
7
17
61
20
23
11
220
17
61
20
23
11393
17
61
20
23
13
280
28
17
61
20
23
13
198
12
11440
498
17
61
20
23
11
220
17
61
20
24
553
3648
2424
0
271
3850
279
3481
2468
369
220
17
9714
25
1510
9409
17
61
20
23
11
220
17
61
20
24
14
17
681
318
17
61
20
24
14
17
11
220
17
61
20
24
7025
63
1332
220
17
61
20
24
14
17
283
220
17
61
20
23
13
13428
11
421
3070
914
1236
5357
13
271
9764
728
12204
25
220
17
23
23
17
18
15
18
22
21
16
20
16
22
16
16
22
19
19
283
220
17
61
20
23
13
220
23
21
19
21
24
16
16
17
23
19
20
20
16
18
20
17
18
17
283
220
18
348
220
17
61
20
23
13
1987
423
283
220
18
348
220
17
61
20
23
13
198
12
1428
28
17
61
20
23
11
36660
283
220
18
9
17
61
20
23
471
220
17
61
20
23
283
220
17
9
17
61
20
23
283
220
17
61
20
24
13
198
12
1866
19798
364
220
17
61
20
23
369
220
17
61
20
23
13
3798
59432
7
17
61
20
23
11
220
17
61
20
24
11393
17
61
20
23
13
280
28
17
61
20
23
13
198
12
11440
498
17
61
20
23
11
220
17
61
20
23
478
220
17
61
20
23
8
283
498
17
61
20
23
11
220
17
9
17
61
20
23
553
1428
28
17
9
17
61
20
23
13
198
12
1428
28
17
9
17
61
20
23
28
17
61
20
24
11
36660
283
220
18
9
17
61
20
23
471
220
17
9
17
61
20
23
283
220
17
61
20
23
13
198
12
1866
19798
364
220
17
61
20
24
369
220
17
61
20
24
13
3798
59432
7
17
61
20
24
11
220
17
61
20
23
11393
17
61
20
23
13
280
28
17
61
20
23
13
198
12
11440
498
17
61
248046
198