248045
846
198
4274
279
2614
709
11618
321
4479
889
11
6999
4072
279
709
7246
321
1440
660
279
6813
13
2972
5683
4045
67305
3067
13209
50
159029
271
2523
1220
14623
279
1970
488
10490
303
264
64504
1970
2424
318
784
9609
31789
318
19458
668
31153
279
3889
5568
8
271
71093
198
1445
18904
1120
1697
11
11906
11
23846
1358
727
1423
3430
3650
9858
1393
25
514
11
830
25
514
11
264
25
1697
18078
2387
1411
11906
19723
5871
18078
11
514
11
514
4891
25
198
262
4071
15767
449
7308
8240
357
321
449
7308
1543
11
1423
799
22983
314
14505
318
72
11
492
11
580
8
198
262
1680
421
25
198
262
471
220
16
2564
585
361
492
361
580
2564
307
198
262
471
357
957
12
16
60
478
357
3681
12
16
60
478
357
6521
12
16
60
283
830
6987
262
6817
25
561
14505
5743
513
220
16
5792
318
85978
279
3377
4952
553
198
1031
262
17167
25
198
285
307
25
561
2984
314
279
8240
318
18
2564
307
2564
220
16
15
61
21
8
198
285
830
25
561
2100
2542
318
16
2564
830
2564
220
16
15
61
21
8
198
285
264
25
561
7308
8240
1332
1754
2315
65611
220
16
2564
264
957
60
2564
830
6987
262
5019
25
198
285
357
13992
318
72
11
492
11
580
8
314
220
16
5792
14505
413
1680
264
22983
6513
11
2168
5752
13
198
1031
262
11765
1423
3430
3650
9858
7
20
11
220
16
21
11
498
16
11
220
23
11
220
20
11
220
16
15
11
220
16
18
2387
198
262
318
16
11
220
18
11
220
19
8
198
262
11765
1423
3430
3650
9858
7
20
11
220
17
15
11
498
16
11
220
23
11
220
20
11
220
16
15
11
220
16
18
2387
198
262
2168
198
262
11765
1423
3430
3650
9858
7
18
11
220
21
11
498
17
11
220
17
11
220
17
2387
198
262
318
16
11
220
17
11
220
18
8
198
262
4071
271
727
1716
69574
1590
198
262
653
3284
1105
220
16
198
262
1992
8871
7
20
11
220
16
21
11
498
16
11
220
23
11
220
20
11
220
16
15
11
220
16
18
2387
606
318
16
11
220
18
11
220
19
8
198
1031
262
653
3284
1105
220
17
198
262
1992
8871
7
20
11
220
17
15
11
498
16
11
220
23
11
220
20
11
220
16
15
11
220
16
18
2387
369
2168
6987
262
653
3284
1105
220
18
198
262
1992
8871
7
16
15
11
220
16
15
15
15
15
15
11
498
22
18
22
21
21
11
220
19
22
22
16
23
11
220
22
19
16
19
23
11
220
19
24
17
16
23
11
220
22
21
22
17
16
11
220
18
16
24
15
17
11
220
17
16
24
24
19
11
220
16
23
23
23
15
11
220
17
24
20
24
23
11
220
24
23
24
16
22
2387
606
318
19
11
220
21
11
220
23
8
198
1031
262
653
3284
1105
220
19
198
262
1992
8871
7
16
15
11
220
19
23
11
498
16
16
11
220
17
23
11
220
16
21
11
220
21
11
220
18
19
11
220
16
11
220
19
21
11
220
16
11
220
16
20
11
220
17
2387
606
318
21
11
220
22
11
220
23
8
198
1031
262
653
3284
1105
220
20
198
262
1992
8871
7
18
11
220
20
11
498
16
11
220
17
11
220
18
2387
369
2168
6987
262
653
3284
1105
220
21
198
262
1992
8871
7
20
11
220
16
17
11
498
16
16
11
220
16
16
11
220
16
15
11
220
16
17
11
220
16
16
2387
369
2168
6987
262
653
3284
1105
220
22
198
262
1992
8871
7
22
11
220
19
11
498
17
11
220
18
11
220
19
11
220
17
11
220
17
11
220
17
11
220
19
2387
369
2168
6987
262
653
3284
1105
220
23
198
262
1992
8871
7
18
11
220
21
11
498
17
11
220
17
11
220
17
2387
606
318
16
11
220
17
11
220
18
8
198
1031
262
653
3284
1105
220
24
198
262
1992
8871
7
22
11
220
21
11
498
16
11
220
17
11
220
18
11
220
19
11
220
19
11
220
19
11
220
19
2387
606
318
16
11
220
17
11
220
18
8
198
1031
262
653
3284
1105
220
16
15
198
262
1992
8871
7
20
11
220
17
11
498
17
11
220
17
11
220
17
11
220
17
11
220
17
2387
369
2168
6987
262
1992
8871
7
20
11
220
16
21
11
498
16
11
220
23
11
220
20
11
220
16
15
11
220
16
18
2387
369
2168
6987
262
653
3284
1105
220
16
16
198
262
1992
8871
7
21
11
220
18
11
498
16
11
220
16
11
220
16
11
220
16
11
220
16
11
220
16
2387
606
318
16
11
220
17
11
220
18
8
198
1031
262
653
3284
1105
220
16
17
198
262
1067
283
8871
7
16
15
11
220
17
16
11
498
17
16
11
220
16
24
11
220
17
15
11
220
16
24
11
220
17
15
11
220
17
16
11
220
16
24
11
220
17
16
11
220
16
24
11
220
16
24
2387
198
262
1992
1067
369
2168
6987
262
653
3284
1105
220
16
18
198
262
1992
8871
7
18
11
220
16
18
11
498
16
17
11
220
16
16
11
220
16
17
2387
369
2168
6987
262
653
3284
1105
220
16
19
198
262
1992
8871
7
20
11
220
17
16
11
498
16
20
11
220
16
11
220
16
24
11
220
16
19
11
220
16
2387
606
318
17
11
220
18
11
220
20
8
198
1031
262
653
3284
1105
220
16
20
198
262
1992
8871
7
21
11
220
18
17
11
498
16
11
220
16
22
11
220
16
11
220
18
15
11
220
16
17
11
220
16
15
2387
606
318
16
11
220
18
11
220
19
8
198
1031
262
653
3284
1105
220
16
21
198
262
1992
8871
7
18
11
220
19
19
11
498
16
11
220
16
11
220
19
17
2387
606
318
16
11
220
17
11
220
18
8
198
1031
262
653
3284
1105
220
16
22
198
262
1992
8871
7
20
11
220
17
24
11
498
17
11
220
16
11
220
17
22
11
220
16
11
220
17
20
2387
606
318
17
11
220
18
11
220
19
8
198
1031
262
653
3284
1105
220
16
23
198
262
1992
8871
7
23
11
220
16
20
11
498
16
18
11
220
16
17
11
220
16
15
11
220
16
16
11
220
16
19
11
220
16
11
220
16
11
220
16
18
2387
606
318
16
11
220
21
11
220
22
8
198
1031
262
653
3284
1105
220
16
24
198
262
1992
8871
7
22
11
220
19
11
498
18
11
220
16
11
220
17
11
220
19
11
220
17
11
220
16
11
220
16
2387
606
318
17
11
220
18
11
220
21
8
198
1031
262
653
3284
1105
220
17
15
198
262
1992
8871
7
22
11
220
16
21
11
498
16
20
11
220
16
21
11
220
16
21
11
220
16
20
11
220
16
21
11
220
16
19
11
220
16
20
2387
369
2168
271
2
5272
1716
32821
3430
3650
9858
8
310
1542
6813
13
198
71093
248046
198
248045
74455
198
248068
271
248069
271
71093
12305
198
1445
18904
1120
1697
11
11906
11
23846
1358
727
1423
3430
3650
9858
1393
25
514
11
830
25
514
11
264
25
1697
18078
2387
1411
11906
19723
5871
18078
11
514
11
514
4891
25
198
262
4071
15767
449
7308
8240
357
321
449
7308
1543
11
1423
799
22983
314
14505
318
72
11
492
11
580
8
198
262
1680
421
25
198
262
471
220
16
2564
585
361
492
361
580
2564
307
198
262
471
357
957
12
16
60
478
357
3681
12
16
60
478
357
6521
12
16
60
283
830
6987
262
6817
25
561
14505
5743
513
220
16
5792
318
85978
279
3377
4952
553
198
1031
262
17167
25
198
285
307
25
561
2984
314
279
8240
318
18
2564
307
2564
220
16
15
61
21
8
198
285
830
25
561
2100
2542
318
16
2564
830
2564
220
16
15
61
21
8
198
285
264
25
561
7308
8240
1332
1754
2315
65611
220
16
2564
264
957
60
2564
830
6987
262
5019
25
198
285
357
13992
318
72
11
492
11
580
8
314
220
16
5792
14505
413
1680
264
22983
6513
11
2168
5752
13
198
1031
262
11765
1423
3430
3650
9858
7
20
11
220
16
21
11
498
16
11
220
23
11
220
20
11
220
16
15
11
220
16
18
2387
198
262
318
16
11
220
18
11
220
19
8
198
262
11765
1423
3430
3650
9858
7
20
11
220
17
15
11
498
16
11
220
23
11
220
20
11
220
16
15
11
220
16
18
2387
198
262
2168
198
262
11765
1423
3430
3650
9858
7
18
11
220
21
11
498
17
11
220
17
11
220
17
2387
198
262
318
16
11
220
17
11
220
18
8
198
262
4071
198
262
653
1690
307
685
310
220
16
15
61
21
11
567
1144
449
10727
5313
13
198
262
653
8439
830
2564
220
16
15
61
21
321
1754
264
957
60
2564
830
11
567
628
958
264
2623
1287
466
716
310
3627
3753
2663
13
198
262
653
26846
25
28662
492
494
220
16
310
307
12
17
318
15
20834
290
25
220
16
310
307
12
17
681
321
364
1754
492
11
198
262
653
567
1353
364
13139
318
72
11
580
8
440
585
361
492
361
580
1680
421
264
957
60
478
264
6521
60
283
830
471
264
3681
906
198
262
653
695
262
653
4213
11
264
33153
5313
25
695
262
653
1690
1754
492
318
19055
1857
681
10000
264
716
314
2663
3753
748
2944
318
1891
14505
361
492
8
198
262
653
321
28662
580
835
492
310
1716
413
318
87
471
264
3681
60
471
264
6521
2387
369
303
279
716
314
3555
2663
13
198
262
653
198
262
653
1921
421
1000
381
496
1393
61
17
8
303
11447
1105
13
1165
1144
2414
2577
13
198
262
653
198
262
653
39752
5313
1608
279
20908
421
830
2564
220
16
15
61
21
25
198
262
653
1165
628
958
264
2623
1287
328
27392
1
314
1331
830
10
16
310
3627
864
2663
599
978
3753
13
198
262
653
1690
1754
492
11
567
1318
310
1423
585
361
492
321
580
835
492
1680
421
264
957
60
478
264
6521
60
283
830
471
264
3681
906
198
262
653
1165
628
829
11147
8232
364
1754
3102
869
343
11
279
1483
1857
1332
343
7701
1518
492
11
198
262
653
321
279
1118
1857
1332
343
7701
1238
492
13
198
262
653
198
262
653
32645
11
1042
579
1683
20648
13
8439
830
2564
220
16
15
61
21
11
279
2663
513
59056
13
198
262
653
695
262
653
51301
25
198
262
653
220
16
13
1690
1754
1857
492
318
299
279
5956
2315
681
567
1144
264
957
60
478
264
6521
60
283
830
471
264
3681
60
440
585
361
492
361
580
13
198
262
653
220
17
13
1165
628
28662
492
494
220
16
310
307
12
17
318
15
20834
290
553
198
262
653
220
18
13
83392
264
795
5759
364
14505
361
492
321
14505
835
492
13
198
262
653
198
262
653
6558
579
958
411
5313
25
198
262
653
471
4807
26808
364
1754
869
343
11
660
279
14505
1332
424
13273
13
198
262
653
471
1690
1754
492
11
2100
283
830
471
264
3681
906
198
262
653
471
1165
1144
310
1423
585
361
492
321
580
835
492
1680
421
264
957
60
478
264
6521
60
283
2100
13
198
262
653
471
1690
1754
3102
869
343
303
264
957
1089
567
1144
264
6521
60
283
2100
471
343
13
198
262
653
471
1165
628
1716
413
1017
6513
449
1857
585
361
492
440
264
957
60
283
343
11
321
449
1857
580
835
492
440
264
6521
60
283
2100
471
343
13
198
262
653
198
262
653
1946
1236
411
10727
25
198
262
653
471
1690
1754
869
343
11
10000
264
10300
1103
314
14505
13
198
262
653
471
1690
264
2574
492
321
869
343
11
567
628
7620
2624
303
279
1103
364
343
310
1423
413
1017
579
449
1857
361
492
13
198
262
653
471
33105
364
2100
471
343
11
1423
413
1017
579
449
1857
835
492
13
198
262
653
198
262
653
1921
84228
888
660
3102
343
364
1754
492
1000
381
496
2007
348
307
8
864
369
2166
6103
13
198
262
653
198
262
653
22703
5313
25
198
262
653
471
1690
1754
492
11
28662
888
3102
2663
343
421
1362
381
264
957
906
1921
567
1459
914
1366
864
5981
13
198
262
653
198
262
653
6558
579
1380
264
2086
8024
25
198
262
653
471
5272
1330
26564
466
264
5010
5792
5313
13
198
262
653
198
262
653
32645
11
1042
579
37781
13
561
1328
19407
369
421
830
2564
220
16
15
61
21
11
748
279
1324
314
12103
2663
369
59056
539
830
13
198
262
653
1165
628
635
25
198
262
653
471
1690
1754
492
494
220
16
310
307
12
17
318
15
20834
290
681
1042
2100
283
830
471
264
3681
906
198
262
653
471
1165
1144
310
1423
585
361
492
321
580
835
492
1680
421
264
957
60
478
264
6521
60
283
2100
13
198
262
653
471
1165
628
10000
25
198
262
653
256
471
2047
58623
25
264
6249
466
716
314
2663
3753
506
14505
361
492
198
262
653
256
471
1690
1754
869
343
11
279
7776
1857
1332
424
7701
318
7834
567
1144
310
1716
413
1017
579
449
1857
361
492
8
198
262
653
198
262
653
6558
579
958
411
5313
25
198
262
653
471
4807
26808
364
1754
869
343
11
279
1103
314
14505
1332
424
7701
318
27379
553
198
262
653
471
1690
1754
492
11
2100
283
830
471
264
3681
906
198
262
653
471
1690
1754
4752
869
343
303
279
1287
318
269
567
628
28662
888
2663
421
4833
1518
492
1590
198
262
653
256
471
4109
413
1017
579
449
1857
585
361
492
440
264
957
60
283
343
1608
7620
2624
383
279
1857
1103
364
343
13
198
262
653
256
471
6558
288
283
2100
471
343
13
1368
288
361
220
16
466
288
835
830
11
10390
13
198
262
653
256
471
4109
413
1017
579
449
1857
580
835
492
440
264
6521
60
283
288
1608
7620
2624
383
279
1857
1103
364
288
13
198
262
653
256
471
1368
2107
1669
11
460
318
72
10
16
11
492
10
16
11
580
10
16
553
198
262
653
198
262
653
1946
5471
84228
888
660
3102
343
364
1754
492
11
567
628
25
198
262
653
471
52516
492
494
220
16
310
307
12
17
13
198
262
653
471
13262
3627
314
864
2663
599
9434
1518
492
13
198
262
653
471
1690
1754
1680
869
343
11
1716
413
288
283
2100
471
343
6513
1238
492
13
198
262
653
198
262
653
1061
1362
1990
381
496
1393
348
12103
8873
8
303
11447
1105
13
198
262
653
198
262
653
39752
25
695
262
653
471
1690
1754
492
11
567
628
28662
888
660
4752
2663
421
599
9434
1518
492
13
198
262
653
471
1921
279
1324
314
4752
2663
369
506
1379
830
318
7949
369
220
16
15
61
21
681
321
307
369
220
16
15
61
21
11
748
11447
1105
369
220
16
15
61
16
17
864
369
2166
6103
13
198
262
653
198
262
653
1165
1144
264
44926
5313
13
198
262
653
198
262
653
6558
579
1683
883
424
411
1560
25
198
262
653
471
1165
628
28662
492
11
321
364
1754
492
11
567
1318
310
1423
413
1017
6513
343
1680
421
25
198
262
653
256
471
343
7701
506
1010
1857
585
361
492
198
262
653
256
471
2100
471
343
7701
506
1010
1857
580
835
492
198
262
653
198
262
653
1165
628
829
26808
25
198
262
653
471
1690
1754
869
343
11
279
1118
1857
1332
424
7701
318
1030
1857
8
321
1483
1857
318
2721
1857
553
198
262
653
471
1921
567
1144
777
25
364
264
2574
492
11
567
1144
310
1366
413
343
7701
1518
492
321
413
2100
8015
7701
1238
492
13
198
262
653
198
262
653
6558
579
10000
25
198
262
653
471
2047
35751
16042
60
283
2912
413
343
682
9434
506
1010
1857
361
1428
492
198
262
653
471
1690
279
1245
3008
11
567
1144
310
1366
413
2100
471
343
7701
506
1010
1857
835
492
13
198
262
653
198
262
653
1165
628
829
26808
364
1754
869
288
11
279
1103
314
14505
13
4844
364
264
2574
492
321
288
11
567
628
7620
2624
310
1423
413
1017
579
449
1857
835
492
13
198
262
653
198
262
653
1987
279
11767
369
25
198
262
653
220
16
13
4807
26808
14505
3584
3042
25
264
6249
12366
1754
869
310
264
10300
1103
314
14505
1332
424
7701
13
198
262
653
220
17
13
8736
2047
35751
430
264
716
13
198
262
653
220
18
13
1690
492
303
2020
7
16
11
307
12
16
1590
220
653
220
15
20834
290
11
492
369
279
5956
1857
198
262
653
262
264
13
2604
264
3681
12
16
60
310
2047
35751
30
2233
11
567
1144
14505
361
492
11
748
1518
8427
492
11
2047
35751
1220
6435
2663
506
14505
220
15
310
492
12
16
13
198
262
653
262
292
13
2100
283
830
471
264
3681
60
198
262
653
262
272
13
1690
1754
343
303
2047
35751
25
198
262
653
260
288
283
2100
471
343
198
262
653
260
413
288
361
220
16
466
288
835
830
25
2962
198
262
653
260
413
288
303
14505
3584
3042
25
198
262
653
1734
653
17190
2624
303
14505
3584
3042
37887
60
364
279
1118
1857
835
492
198
262
653
1734
6961
1951
283
14505
3584
3042
37887
60
198
262
653
1734
653
5272
14410
431
310
1423
279
1245
3444
2234
198
262
653
1734
1120
14410
431
198
262
653
1734
1097
283
14410
431
918
284
431
10226
19175
1951
11
492
8
198
262
653
1734
413
1097
361
2343
19175
1951
1590
198
262
653
336
580
283
6961
1951
20980
60
198
262
653
336
653
7145
866
585
361
492
440
264
957
60
283
343
198
262
653
336
653
1165
1366
343
369
303
2047
35751
11
748
1017
6513
585
361
492
440
264
957
60
283
343
198
262
653
336
653
1165
628
3608
279
1118
1680
585
11
466
866
13
198
262
653
336
653
1946
615
449
4880
1857
11
567
628
1423
279
1483
1857
361
492
1332
264
957
60
283
343
198
262
653
336
6961
1951
2200
283
14505
3584
3042
16042
60
198
262
653
336
1097
2200
283
14410
431
918
284
431
9293
19175
1951
2200
11
492
8
471
220
16
198
262
653
336
413
1097
2200
2518
220
15
25
198
262
653
3696
585
283
6961
1951
2200
20980
2200
60
198
262
653
3696
460
318
72
10
16
11
492
10
16
11
580
10
16
8
198
262
653
262
293
13
4486
12910
11
884
264
3681
60
310
2047
35751
364
279
1727
18971
198
262
653
198
262
653
561
4125
369
279
8906
6136
888
2047
35751
13
733
279
11447
1105
11
2047
35751
1362
599
685
310
830
12103
2663
11
321
567
635
411
364
1754
492
11
6187
310
496
1393
348
830
8
864
369
220
16
15
61
16
17
13
198
262
653
198
262
653
1165
1144
310
28476
13
11746
314
84228
888
660
343
303
2047
35751
11
567
628
25
198
262
653
471
1690
1754
492
11
28662
888
3102
288
2663
30
2233
11
1788
4125
13
198
262
653
198
262
653
39752
4374
25
198
262
653
471
11746
11
364
1754
492
11
567
628
28662
888
279
2663
288
421
4833
1238
492
11
321
1716
413
2100
471
288
369
303
2047
35751
13
198
262
653
471
1921
567
1459
914
1318
310
28662
888
660
2663
1238
492
2892
13
198
262
653
198
262
653
6558
579
1683
314
424
20648
13
8439
830
2564
220
16
15
61
21
11
567
628
958
264
2623
1287
314
1331
830
10
16
364
2047
35751
13
198
262
653
1541
567
628
829
26808
364
1754
492
11
279
716
314
2663
421
4833
1238
492
13
1921
421
579
11064
13
198
262
653
198
262
653
12908
5313
25
198
262
653
471
52516
492
494
220
16
310
307
12
17
13
198
262
653
471
1690
1754
492
11
567
1318
310
1423
343
303
2047
35751
1680
421
2100
471
343
7701
1238
492
13
198
262
653
471
1165
628
829
26808
364
1754
869
288
11
279
7776
1857
1332
424
7701
1238
1754
2234
13
1921
421
579
264
220
17
35
1898
13
198
262
653
198
262
653
6558
579
1380
411
25
695
262
653
471
4807
26808
1727
55374
19934
37887
1404
73
60
283
279
23856
1857
835
492
1332
264
5733
60
283
288
11
466
471
16
413
6643
13
198
262
653
471
1921
411
369
496
2007
348
307
8
3433
321
854
11
864
369
220
16
15
61
16
17
13
198
262
653
198
262
653
1165
1144
264
777
10727
1654
13
198
262
653
198
262
653
68563
25
8439
279
2663
513
59056
539
830
318
7946
220
16
15
61
21
681
321
307
2564
220
16
15
61
21
11
567
628
958
279
2614
25
198
262
653
471
1690
1754
869
343
11
2426
264
7210
310
279
1483
1857
3753
748
2944
318
1891
279
2047
3008
553
198
262
653
471
1690
279
1245
3008
11
364
1754
869
288
11
567
628
2426
264
7210
310
279
1727
30520
1238
279
1428
492
13
198
262
653
198
262
653
32645
11
1042
579
958
264
2086
8024
13
1165
3172
28662
492
11
321
364
1754
492
11
567
3172
1716
660
3102
2663
343
421
513
303
2047
35751
13
1946
1236
411
4778
11
567
5020
421
25
198
262
653
471
561
1324
314
12103
2663
303
279
1287
369
506
1379
1262
1393
11
830
8
2564
220
16
15
61
21
13
198
262
653
471
1921
303
279
11447
1105
11
567
2493
599
220
16
15
61
21
12103
2663
11
321
364
1754
492
318
16
15
61
21
2942
681
567
28662
888
220
16
15
61
21
2663
11
864
369
220
16
15
61
16
17
13
23823
6103
13
198
262
653
198
262
653
1165
1144
310
1387
411
1441
13
6558
579
1353
506
279
1228
4886
13
2302
2714
310
599
2526
307
318
446
310
220
16
15
553
1921
279
3377
2640
307
685
310
220
16
15
61
21
13
198
262
653
198
262
653
15767
279
16484
11
353
1683
279
10287
6093
2493
381
496
1393
61
17
8
303
6380
11
466
1017
579
264
44926
5313
13
198
262
653
198
262
653
13428
11
1042
579
311
9884
19382
13
561
1228
1105
220
18
682
307
28
16
15
321
830
28
16
15
15
15
15
15
13
561
2663
513
3349
13
198
262
653
198
262
653
1690
279
2574
1228
4886
11
307
369
506
1379
220
16
15
13
1987
449
496
1393
61
17
8
466
496
1393
61
18
8
6093
2493
1440
279
6813
11
694
524
279
2400
16484
13
198
262
653
198
262
653
8439
279
3377
4952
2640
307
685
310
220
16
15
61
21
11
694
279
1228
4886
513
2526
11
1042
728
4072
264
6093
421
4138
364
279
1228
4886
13
198
262
653
1368
279
6813
1132
599
2526
307
11
1179
496
1393
61
17
8
466
1442
496
1393
61
18
8
2493
381
20895
13
198
262
653
198
262
653
6558
579
4072
264
4145
496
1393
61
17
8
6093
25
198
262
653
471
1690
1754
585
494
220
15
310
307
12
18
25
198
262
653
256
471
1690
1754
492
494
585
10
16
310
307
12
17
25
198
262
653
257
471
1690
1754
580
494
492
10
16
310
307
12
16
25
198
262
653
950
471
413
264
957
60
478
264
3681
60
478
264
6521
60
606
830
25
460
318
72
10
16
11
492
10
16
11
580
10
16
8
198
262
653
471
1061
369
496
1393
61
18
8
864
369
220
16
15
61
16
23
364
307
28
16
15
61
21
13
11801
2166
6103
13
198
262
653
198
262
653
496
1393
61
17
8
5313
25
198
262
653
471
1690
1754
492
494
220
16
310
307
12
17
25
198
262
653
256
471
2100
283
830
471
264
3681
60
198
262
653
256
471
5272
264
716
364
2047
2663
321
28662
580
835
492
13
198
262
653
256
471
1921
421
579
1990
496
1393
61
17
8
791
492
11
6187
310
496
1393
61
18
553
198
262
653
198
262
653
22703
496
1393
61
17
1590
198
262
653
471
1690
1754
585
494
220
15
310
307
12
17
25
198
262
653
256
471
1690
1754
492
494
585
10
16
310
307
12
16
25
198
262
653
257
471
2100
283
830
471
264
957
60
471
264
3681
60
198
262
653
257
471
4109
413
1017
579
264
580
835
492
440
264
6521
60
283
2100
13
198
262
653
257
471
1165
628
829
26808
364
1754
869
11
279
1483
1857
11
694
567
1144
580
835
492
13
198
262
653
198
262
653
6558
579
635
25
198
262
653
471
4807
26808
364
1754
869
343
11
279
1103
314
14505
13
198
262
653
471
1690
1754
585
494
220
15
310
307
12
17
25
198
262
653
256
471
1690
1754
492
494
585
10
16
310
307
12
16
25
198
262
653
257
471
2100
283
830
471
264
957
60
471
264
3681
60
198
262
653
257
471
413
2100
361
220
16
466
2100
835
830
25
2962
198
262
653
257
471
413
2100
303
14505
3584
3042
25
198
262
653
950
471
17190
2624
303
14505
3584
3042
55125
60
364
279
1118
1857
835
492
198
262
653
950
471
1368
1669
11
460
318
72
10
16
11
492
10
16
11
580
10
16
8
198
262
653
198
262
653
1061
369
496
1393
61
17
348
1433
1393
578
864
364
307
28
16
15
61
21
369
220
16
15
61
16
17
348
1433
7
16
15
61
21
8
3835
220
16
15
61
16
18
11
1990
2166
6103
13
198
262
653
198
262
653
15767
421
279
1228
4886
513
2526
11
1042
728
1066
4072
279
496
1393
61
18
8
6093
364
279
6813
11
321
3769
421
279
4880
6813
1459
914
599
307
835
220
16
15
15
15
13
198
262
653
198
262
653
32645
11
3221
506
279
1228
4886
11
307
369
506
1379
220
16
15
13
1987
496
1393
61
18
8
283
220
16
15
15
15
7289
791
1228
11
864
369
6699
13
271
262
413
307
361
220
18
25
198
285
460
2168
6987
262
653
8722
496
1393
61
18
8
6093
364
2526
307
198
262
364
585
303
2020
1393
471
220
17
1590
198
285
364
492
303
2020
1889
478
220
16
11
307
471
220
16
1590
198
309
364
580
303
2020
3216
478
220
16
11
307
1590
198
388
413
264
957
60
478
264
3681
60
478
264
6521
60
606
830
25
198
493
460
318
72
478
220
16
11
492
478
220
16
11
580
478
220
16
8
198
262
460
2168
198
71093
248046
198
248045
846
198
7525
3555
4621
4490
279
6813
13
5514
579
279
1412
25
198
6347
1371
318
3444
3110
1562
1483
1590
198
220
2793
34397
46
5032
80
8665
841
43
66
6971
487
1500
220
18
17
18
11
303
361
4211
29
198
262
1716
32821
3430
3650
9858
8
198
220
2793
34397
46
5032
80
8665
841
43
66
6971
487
1500
220
20
24
11
303
1716
198
262
1992
8871
7
20
11
220
16
21
11
498
16
11
220
23
11
220
20
11
220
16
15
11
220
16
18
2387
369
2168
198
1779
6108
59641
59641
59641
59641
59641
59641
59641
59641
59641
59641
21203
198
66317
1401
14200
1206
311
40138
11
411
369
678
3274
25
4310
279
2614
709
11618
321
4479
889
11
6999
4072
279
709
7246
321
1440
660
279
6813
13
2972
5683
4045
67305
3067
13209
50
159029
271
2523
1220
14623
279
1970
488
10490
303
264
64504
1970
2424
318
784
9609
31789
318
19458
668
31153
279
3889
5568
8
248046
198
248045
74455
198
248068
271
248069
271
21765
506
279
1412
11
821
496
1393
61
18
8
6093
369
8996
47029
16
11
220
18
11
220
19
44646
364
1510
3772
3430
3650
9858
7
20
11
220
16
21
11
498
16
11
220
23
11
220
20
11
220
16
15
11
220
16
18
2387
63
694
279
1228
23535
1510
3928
63
364
421
1562
13
13428
11
1042
728
311
27864
1076
271
50821
3221
777
15060
506
279
1228
4886
25
198
12
3284
220
16
25
1510
44732
7
20
11
220
16
21
11
498
16
11
220
23
11
220
20
11
220
16
15
11
220
16
18
2387
606
318
16
11
220
18
11
220
19
44646
471
23535
47029
16
11
18
11
19
44646
198
12
3284
220
16
15
25
1510
44732
7
20
11
220
16
21
11
498
16
11
220
23
11
220
20
11
220
16
15
11
220
16
18
2387
369
2168
63
471
23535
1510
3928
63
271
9205
513
67765
0
561
1788
1879
6486
2086
3481
15796
13
6558
728
1353
506
279
1228
777
15060
1076
271
13784
11
353
1436
471
1228
220
16
15
3905
1238
1228
220
16
13
6558
728
311
27864
279
2400
1716
709
13
20482
506
424
1495
25
271
71093
12305
198
2138
8871
7
20
11
220
16
21
11
498
16
11
220
23
11
220
20
11
220
16
15
11
220
16
18
2387
606
318
16
11
220
18
11
220
19
8
220
653
3284
1105
220
16
198
1076
198
2138
8871
7
20
11
220
16
21
11
498
16
11
220
23
11
220
20
11
220
16
15
11
220
16
18
2387
369
2168
220
653
1061
369
1238
1228
220
16
15
579
3847
198
71093
271
1919
369
12456
67765
13
1921
279
1412
4774
421
821
709
5743
47029
16
11
220
18
11
220
19
44646
948
279
26532
3481
1510
3928
27653
1987
279
2018
26532
318
7949
353
1683
369
264
21814
14
7965
327
86936
1228
8
369
20738
13
271
13784
11
1042
728
1698
1495
13
561
1228
28853
328
2198
1105
220
16
15
1
682
25
198
71093
12305
198
2138
8871
7
20
11
220
17
11
498
17
11
220
17
11
220
17
11
220
17
11
220
17
2387
369
2168
198
2138
8871
7
20
11
220
16
21
11
498
16
11
220
23
11
220
20
11
220
16
15
11
220
16
18
2387
369
2168
220
653
1061
1500
198
71093
271
4272
1017
3314
264
67765
1228
13
1921
279
3377
2640
328
5683
4045
67305
3067
13209
50
3158
6558
728
9845
821
6093
369
4252
539
12910
25
1510
16
478
220
20
478
220
16
15
283
220
16
21
7561
14505
47029
16
11
220
18
11
220
19
44646
303
220
16
5792
13
1987
47029
16
11
18
11
19
44646
1220
381
2610
13
271
760
4125
369
421
279
1228
682
67765
52992
13
8439
353
628
914
5427
279
6813
11
321
279
1118
1228
23535
47029
16
11
18
11
19
44646
1345
264
2843
1228
23535
1510
3928
63
364
279
1788
1879
11
411
4816
11656
310
1440
2107
13
271
9764
728
311
27864
279
3377
4952
777
15060
13
18200
353
2688
5605
1767
286
279
1228
4886
13
271
21765
1495
506
279
1716
709
5759
11
424
4816
1040
279
1228
1238
328
2198
1105
220
16
15
1
2493
3404
381
919
314
1228
220
16
15
466
1017
579
264
82170
303
279
3377
13
8439
279
1412
369
2708
421
279
26532
1510
44732
7
20
11
220
16
21
11
498
16
11
220
23
11
220
20
11
220
16
15
11
220
16
18
2387
369
2168
63
369
20738
11
321
821
709
12083
4523
47029
16
11
220
18
11
220
19
44646
1521
1510
64
58
15
7334
64
58
17
7334
64
58
18
60
283
220
16
10
20
10
16
15
283
220
16
21
7561
353
1683
279
1228
2493
599
449
1412
13
271
3850
2394
353
1902
1440
660
6813
11
1042
728
4072
264
777
10727
6093
321
1436
413
8106
353
2688
67385
2414
13
6558
728
4072
279
496
1393
28495
1433
307
8
6093
9971
25
271
71093
12305
198
1445
18904
1120
1697
11
11906
11
23846
198
464
14410
431
1358
727
1423
3430
3650
9858
1393
25
514
11
830
25
514
11
264
25
1697
18078
2387
1411
11906
19723
5871
18078
11
514
11
514
4891
25
198
262
4071
15767
449
7308
8240
357
321
449
7308
1543
11
1423
799
22983
314
14505
318
72
11
492
11
580
8
198
262
1680
421
25
198
262
471
220
16
2564
585
361
492
361
580
2564
307
198
262
471
357
957
12
16
60
478
357
3681
12
16
60
478
357
6521
12
16
60
283
830
6987
262
6817
25
561
14505
5743
513
220
16
5792
318
85978
279
3377
4952
553
198
1031
262
17167
25
198
285
307
25
561
2984
314
279
8240
318
18
2564
307
2564
220
16
15
61
21
8
198
285
830
25
561
2100
2542
318
16
2564
830
2564
220
16
15
61
21
8
198
285
264
25
561
7308
8240
1332
1754
2315
65611
220
16
2564
264
957
60
2564
830
6987
262
5019
25
198
285
357
13992
318
72
11
492
11
580
8
314
220
16
5792
14505
413
1680
264
22983
6513
11
2168
5752
13
198
1031
262
11765
1423
3430
3650
9858
7
20
11
220
16
21
11
498
16
11
220
23
11
220
20
11
220
16
15
11
220
16
18
2387
198
262
318
16
11
220
18
11
220
19
8
198
262
11765
1423
3430
3650
9858
7
20
11
220
17
15
11
498
16
11
220
23
11
220
20
11
220
16
15
11
220
16
18
2387
198
262
2168
198
262
11765
1423
3430
3650
9858
7
18
11
220
21
11
498
17
11
220
17
11
220
17
2387
198
262
318
16
11
220
17
11
220
18
8
198
262
4071
198
262
413
307
361
220
18
25
198
285
460
2168
6987
262
653
4807
26808
14505
3584
3042
25
364
1754
869
11
10300
1103
314
220
15
5792
14505
1332
424
7701
198
262
14505
3584
3042
283
4535
198
262
364
6961
11
1009
303
12867
2784
1590
198
285
413
1009
524
303
14505
3584
3042
25
198
309
14505
3584
3042
66134
60
283
2958
198
285
14505
3584
3042
66134
906
4928
19175
8
198
1031
262
653
1690
1754
585
318
15
5792
681
364
1754
492
835
585
11
1716
413
1017
6513
580
835
492
440
264
6521
60
283
830
471
264
957
60
471
264
3681
60
198
262
364
585
303
2020
1393
471
220
17
1590
198
285
364
492
303
2020
1889
478
220
16
11
307
471
220
16
1590
198
309
2100
283
830
471
264
957
60
471
264
3681
60
198
309
413
2100
361
220
16
466
2100
835
830
25
198
388
2962
198
309
413
2100
303
14505
3584
3042
25
198
388
653
17190
2624
364
1118
1857
835
492
303
14505
3584
3042
55125
60
198
388
6961
1951
283
14505
3584
3042
55125
60
198
388
1097
283
14410
431
918
284
431
10226
19175
1951
11
492
8
198
388
413
1097
361
2343
19175
1951
1590
198
493
580
283
6961
1951
20980
60
198
493
460
318
72
478
220
16
11
492
478
220
16
11
580
478
220
16
8
198
1031
262
460
2168
198
71093
248046
198