248045
846
198
4274
279
2614
709
11618
321
4479
889
11
6999
4072
279
709
7246
321
1440
660
279
6813
13
2972
5683
4045
67305
3067
13209
50
159029
271
2523
1220
14623
279
1970
488
10490
303
264
64504
1970
2424
318
784
9609
31789
318
19458
668
31153
279
3889
5568
8
271
71093
198
727
1698
19798
1218
3906
65313
10324
25
514
11
6052
25
514
11
3798
25
514
11
274
25
592
8
1411
514
25
198
262
4071
4356
279
1324
314
7737
24959
303
279
2020
498
2388
11
6052
906
198
1031
262
357
6572
7308
830
369
2512
7737
413
25
198
262
220
16
13
1049
10029
440
274
318
82
369
264
19900
314
830
8
198
262
220
17
13
8618
15262
303
830
369
506
1379
3798
6987
262
17167
25
198
285
1151
25
561
1151
314
279
2020
318
94964
8
198
285
6052
25
561
809
314
279
2020
318
94964
8
198
285
3798
25
561
6966
5252
15262
869
318
16
2564
3798
2564
220
24
8
198
285
274
25
357
886
13661
264
6572
7308
421
1902
381
264
19900
6987
262
5019
25
198
285
561
1698
314
7737
24959
303
279
2574
2020
6987
262
11765
1698
19798
1218
3906
65313
7
16
11
220
21
15
15
15
11
220
19
11
328
16
17
19
871
198
262
220
20
198
262
11765
1698
19798
1218
3906
65313
7
16
20
11
220
17
16
20
11
220
21
11
328
16
15
871
198
262
220
17
198
262
11765
1698
19798
1218
3906
65313
7
16
15
15
15
11
220
17
15
15
15
11
220
19
11
328
18
15
15
15
871
198
262
220
15
198
262
4071
271
727
1716
69574
1590
198
262
653
12996
1228
4886
198
262
1992
8871
7
16
11
220
21
15
15
15
11
220
19
11
328
16
17
19
871
606
220
20
198
262
1992
8871
7
16
20
11
220
17
16
20
11
220
21
11
328
16
15
871
606
220
17
198
262
1992
8871
7
16
15
15
15
11
220
17
15
15
15
11
220
19
11
328
18
15
15
15
871
606
220
15
6987
262
653
22484
1228
4886
198
262
1992
8871
7
18
21
11
220
17
22
20
11
220
24
11
328
24
871
606
220
17
19
198
262
1992
8871
7
17
15
11
220
21
17
18
11
220
19
11
328
16
871
606
220
17
18
198
262
1992
8871
7
19
22
11
220
18
23
23
11
220
17
11
328
16
16
871
606
220
17
198
262
1992
8871
7
17
24
19
21
20
21
23
11
220
21
22
17
18
21
20
15
16
11
220
21
11
328
19
15
18
871
606
220
23
15
18
20
198
262
1992
8871
7
23
16
11
220
23
21
16
11
220
18
11
328
18
15
871
606
220
18
198
262
1992
8871
7
24
17
11
220
24
16
19
11
220
21
11
328
19
16
871
606
220
21
198
262
1992
8871
7
24
17
20
16
11
220
23
17
19
23
15
11
220
24
11
328
19
24
871
606
220
22
18
17
198
262
1992
8871
7
23
22
22
23
11
220
24
24
24
17
19
11
220
22
11
328
20
18
15
18
17
871
606
220
16
198
262
1992
8871
7
24
22
21
23
21
21
18
11
220
21
18
19
18
19
15
22
21
11
220
16
11
328
16
16
16
16
16
16
871
606
220
17
198
262
1992
8871
7
17
24
19
21
20
21
23
11
220
21
22
17
18
21
20
15
16
11
220
21
11
328
19
15
18
871
606
220
16
20
22
22
23
198
262
1992
8871
7
22
17
19
19
22
22
20
22
22
15
24
22
15
11
220
20
23
19
24
15
23
17
23
20
24
20
21
16
20
11
220
21
11
328
17
15
21
15
871
606
220
17
15
16
22
21
23
15
18
20
198
262
1992
8871
7
19
15
23
16
19
17
20
17
17
20
24
23
16
15
22
11
220
20
18
17
15
23
24
18
20
17
19
24
21
24
20
18
11
220
18
11
328
16
17
16
17
17
15
17
18
18
17
16
17
18
18
17
871
606
220
15
198
262
1992
8871
7
24
15
15
19
15
22
23
21
18
24
18
20
24
19
15
11
220
24
21
16
19
20
24
15
22
23
20
21
24
23
20
22
11
220
24
11
328
20
23
16
22
19
22
21
22
17
20
17
18
22
18
16
871
606
220
15
271
2
5272
1716
11181
19798
1218
3906
65313
8
310
1542
6813
13
198
71093
248046
198
248045
74455
198
248068
271
248069
271
21765
506
411
3377
11
353
1144
310
1698
24959
303
279
2020
74988
2388
11
6052
60
63
421
25
198
16
13
3839
440
279
19900
1510
82
63
198
17
13
11893
660
17955
36059
1510
9226
63
271
332
1536
22980
64700
198
12
561
1324
1902
809
440
1510
82
7561
748
424
682
279
1304
25
74988
11510
60
478
274
63
198
12
1942
17955
303
279
4307
1324
1902
381
36059
1510
9226
63
198
12
5339
11
353
1220
1716
413
1510
82
63
4924
682
866
15262
835
1510
9226
27653
1368
748
11
460
220
15
6849
13
198
12
561
8978
628
381
4147
318
54867
279
1324
369
1066
1510
82
31789
466
628
599
6187
17955
13
198
12
561
2702
1324
314
17955
303
279
7737
7308
283
2343
27976
8
478
2343
1104
8
271
332
27654
595
64700
198
9764
1510
82
63
599
2984
1510
74
27653
5586
2610
7737
7308
369
314
279
1304
1510
67
348
220
16
15
61
74
478
1009
1104
44646
1332
1510
67
63
369
264
2397
58883
7308
318
1719
8978
11
864
628
381
220
15
364
4947
440
6681
1510
74
63
17955
553
271
3850
567
1144
25
198
12
1510
2388
36059
293
348
220
16
15
61
74
478
1009
1104
8
36059
6052
63
198
12
1942
17955
314
1510
67
348
220
16
15
61
74
478
1009
1104
44646
513
36059
1510
9226
63
271
12189
279
1483
1510
74
63
17955
513
8097
310
1510
82
7561
321
660
17955
314
1510
82
63
1902
381
36059
1510
9226
7561
567
1066
1144
279
8978
1510
67
63
310
599
660
1141
17955
36059
1510
9226
27653
271
4272
279
3377
24469
310
25
1698
279
1324
314
2397
58883
24959
1510
67
63
1680
421
25
198
16
13
1942
17955
314
1510
67
63
513
36059
1510
9226
63
198
17
13
1510
2388
36059
293
348
220
16
15
61
74
478
1009
625
36059
6052
63
271
8791
1510
805
625
283
514
1104
8
7561
1510
74
283
2343
1104
8
27653
271
3702
2876
220
17
25
198
12
1510
67
348
220
16
15
61
74
60052
1151
471
1009
625
63
11069
1510
67
60052
27551
1148
2388
471
1009
625
8
593
220
16
15
61
74
44646
413
1510
2388
471
1009
625
835
220
15
7561
745
1510
67
60052
220
15
63
198
12
1510
67
348
220
16
15
61
74
36059
6052
471
1009
625
63
11069
1510
67
36059
6220
1148
29166
471
1009
625
8
593
220
16
15
61
74
44646
413
1510
29166
471
1009
625
2518
220
15
7561
745
874
9611
271
4272
1510
67
7033
283
1866
7
15
11
27551
1148
2388
471
1009
625
8
593
220
16
15
61
74
578
63
413
1510
2388
835
1009
625
7561
745
1510
2721
7
15
11
2423
44646
198
50821
25
1510
67
7033
283
1866
7
15
11
27551
15759
10324
471
1009
625
11
220
16
15
61
74
578
63
694
1132
413
1510
2388
471
1009
625
835
220
15
7561
5752
220
15
13
198
2939
1510
67
6144
283
6220
15759
925
17635
471
1009
625
11
220
16
15
61
74
44646
413
1510
29166
2518
1009
625
7561
745
471
16
318
2083
9611
553
271
11861
353
1144
310
1698
24959
303
74988
67
7033
11
293
6144
60
63
421
599
660
17955
36059
1510
9226
27653
271
1919
369
264
15262
30715
3377
25
1698
4947
303
74988
43
11
423
60
63
1332
660
17955
513
36059
1510
9226
27653
271
40
628
12204
1510
1767
7980
2270
2697
8
471
1698
7980
2270
4796
12
16
44646
1332
1510
1767
7980
2270
7947
44646
14159
2397
58883
24959
36059
443
440
660
17955
36059
1510
9226
27653
271
332
35216
30715
364
1698
7980
2270
7947
188912
198
12
1368
443
361
220
15
11
460
220
15
198
12
6943
443
310
886
198
12
5272
5129
15262
30715
25
28662
1472
9599
11
3627
413
567
2224
1990
9990
198
12
2332
1754
2234
11
413
9990
11
279
15262
628
708
494
220
15
310
1428
15262
26
413
524
9990
11
494
220
15
310
3798
198
12
1921
3655
25
279
15262
1902
381
36059
3798
3449
36059
1428
15262
318
331
9990
8
271
9764
728
4072
411
15060
13
271
71093
12305
198
727
1698
19798
1218
3906
65313
10324
25
514
11
6052
25
514
11
3798
25
514
11
274
25
592
8
1411
514
25
198
262
653
4109
413
274
682
866
15262
835
3798
198
262
364
272
303
274
25
198
285
413
514
1290
8
835
3798
25
198
309
460
220
15
6987
262
1009
625
283
514
1104
8
198
262
580
283
2343
1104
8
198
262
2279
283
220
16
15
2972
580
6987
262
653
293
1902
25705
25
1151
2564
293
348
2279
478
1009
625
2564
6052
198
262
653
574
293
2518
27551
1148
2388
471
1009
625
8
593
2279
8
321
293
2564
6220
1148
29166
471
1009
625
8
593
2279
8
198
1031
262
413
6052
361
1009
625
25
198
285
460
220
15
6987
262
653
293
7033
25
23856
293
2518
220
15
1680
421
293
348
2279
2518
1151
471
1009
625
198
262
413
1151
2564
1009
625
25
198
285
293
7033
283
220
15
198
262
745
25
198
285
293
7033
283
318
2388
471
1009
625
478
2279
471
220
16
8
434
2279
220
653
27551
12436
6987
262
653
293
6144
25
7526
293
1680
421
293
348
2279
2564
6052
471
1009
625
198
262
293
6144
283
318
29166
471
1009
625
8
434
2279
6987
262
413
293
7033
835
293
6144
25
198
285
460
220
15
6987
262
687
1698
8078
7980
2270
1393
25
514
8
1411
514
25
198
285
4071
2427
2397
58883
24959
2564
307
440
660
17955
2564
3798
71483
198
285
413
307
361
220
15
25
198
309
460
220
15
8675
285
274
1054
283
592
1393
8
198
285
2984
283
2343
1104
1054
8
198
1726
285
653
4356
660
4947
440
16253
1056
1510
3993
63
17955
318
528
17955
2564
3798
8
198
285
653
1690
264
1324
440
6681
1510
67
63
17955
318
67
2518
220
16
681
1118
15262
369
220
16
486
9226
11
2645
513
220
15
486
9226
198
285
653
1690
293
28
16
25
17955
220
16
486
9226
1411
3798
4947
318
7834
1048
220
15
369
264
220
16
46730
1324
30
2233
11
220
15
369
3175
8
198
285
653
32645
11
567
2224
24217
2397
58883
24959
11
748
220
15
369
2610
13
198
285
653
33565
440
16253
17955
25
220
15
11
1179
220
16
46730
11
220
17
46730
11
58317
318
3993
12
16
7060
33777
4947
198
285
653
1921
220
15
369
2582
5064
413
567
1683
314
424
430
264
220
16
46730
1324
440
15262
220
15
13
198
1726
285
653
6558
728
1683
20648
25
1698
660
4947
494
220
15
310
220
16
15
12883
3993
12
16
8
471
220
16
421
599
660
17955
2564
3798
198
285
653
2844
579
8397
25
364
1754
2234
2984
494
220
16
310
2984
12
16
11
1698
283
3798
61
3374
30
2233
13
198
285
653
1690
6681
1510
67
63
17955
318
2777
279
1324
682
6681
293
17955
11
585
1673
2487
1118
15262
2518
220
16
1590
198
285
653
5339
15262
25
220
16
310
3798
318
9226
11125
681
9376
293
12
16
17955
25
220
15
310
3798
318
9226
10
16
11125
1754
8
198
285
653
1921
567
1048
1144
310
1698
220
15
13
198
1726
285
653
4356
283
220
16
318
1891
220
15
8
478
2542
888
293
28
16
310
2984
12
16
314
498
9226
348
318
9226
10
16
8
12883
67
12
16
7025
198
1726
285
1698
283
220
16
220
653
364
279
1324
220
15
198
285
364
293
303
2020
7
16
11
2984
1590
198
309
653
293
46730
4947
25
1118
15262
220
16
486
9226
11
2645
220
15
486
9226
198
309
1698
1373
3798
348
318
9226
478
220
16
8
2972
318
67
471
220
16
8
198
1726
285
653
4543
1698
293
283
2984
15262
4947
494
220
15
1076
310
274
1054
318
72
1673
2487
494
220
16
15
12883
3993
12
16
8
310
307
8
198
285
653
5272
15262
30715
198
285
17955
283
498
390
1290
8
364
272
303
274
1054
60
198
1726
285
653
11002
25
567
1817
2047
310
1245
13
3130
25
318
1209
11
9990
8
198
285
653
1921
567
628
635
5199
7638
198
285
9990
283
2912
198
285
1067
283
220
15
8675
285
364
585
303
2020
20714
1590
198
309
1428
46790
283
17955
957
60
198
309
1866
46790
283
1428
46790
413
9990
745
3798
18015
309
653
1368
567
2224
9990
11
567
628
4992
17955
494
220
15
310
1428
46790
198
309
653
1368
524
9990
11
494
220
15
310
3798
198
309
8156
283
1262
8497
46790
11
3798
8
413
9990
745
3798
18015
309
653
4356
4947
1332
506
2234
585
11
567
2113
15262
361
8156
11
321
279
8978
8798
198
309
653
1690
17955
2599
1056
8156
25
279
9376
9599
628
381
3977
318
15
310
3798
8
198
309
413
8156
835
220
15
25
198
388
653
414
18105
220
15
310
8156
12
16
198
388
1572
59824
283
8156
198
388
9376
35988
283
2984
471
585
471
220
16
198
388
1067
1373
1572
59824
348
318
9226
478
220
16
8
2972
9376
35988
18015
309
653
4109
413
567
628
2962
440
15262
283
8156
198
309
413
8156
835
1428
46790
25
198
388
653
1061
3254
567
2224
6973
539
3798
11
694
1428
46790
835
3798
198
388
653
1987
567
628
914
2962
440
279
9990
1752
198
388
9990
283
3439
198
309
4265
524
9990
25
198
388
653
14569
11
1990
524
9990
198
388
1440
198
309
745
25
198
388
653
9990
8198
2912
1132
413
567
14135
279
1428
15262
198
388
653
1165
1132
2962
413
8156
606
1428
46790
318
72
1673
2487
1428
46790
2564
3798
8
198
388
413
1428
46790
2564
3798
25
198
493
9990
283
2912
198
388
745
25
198
493
9990
283
3439
8675
285
653
2604
220
16
364
279
1324
307
4924
413
660
1141
17955
513
2564
3798
198
285
413
660
1446
2564
3798
364
293
303
17955
1590
198
309
1067
1373
220
16
8675
285
460
1067
6987
262
460
1698
8078
7980
2270
1446
6144
8
471
1698
8078
7980
2270
1446
7033
471
220
16
8
198
71093
271
13784
11
353
1144
310
37781
13
561
1510
1767
8078
7980
2270
63
709
1220
1698
2397
58883
24959
494
220
15
310
307
318
94964
8
1332
660
17955
513
36059
3798
13
6558
728
11319
1472
264
4145
1105
13
271
2381
1510
77
283
220
15
7561
1510
82
1054
283
328
15
1
7561
2984
283
220
16
13
198
12
1698
283
220
16
318
1891
220
15
8
198
12
6136
364
293
303
2020
7
16
11
220
16
1590
3070
914
8754
198
12
17955
283
498
15
1089
2984
283
220
16
198
12
585
28
15
25
1428
46790
28
15
11
9990
3497
11
8156
283
1262
7
15
11
3798
8
283
220
15
198
220
471
8156
835
220
15
30
2233
198
220
471
8156
835
1428
46790
30
220
15
835
220
15
30
2233
198
220
471
1428
46790
2564
3798
30
7179
11
9990
25710
2912
198
12
4486
6136
25
660
1446
2564
3798
364
293
303
498
15
2387
30
7179
11
1067
1373
220
16
198
12
1987
1067
283
220
16
13
38643
25
1132
220
15
13
271
2381
1510
77
283
220
20
7561
3798
283
220
19
11
1510
82
1054
283
328
20
1
7561
2984
283
220
16
13
198
12
1698
283
220
16
198
12
2233
6136
364
22602
27396
198
12
17955
283
498
20
60
198
12
585
28
15
25
1428
46790
28
20
11
9990
3497
11
8156
283
1262
7
20
11
19
8
283
220
19
198
220
471
8156
835
220
15
30
7179
11
1572
59824
283
220
19
11
9376
283
220
15
11
1067
1373
220
19
348
220
16
283
220
19
198
220
471
8156
835
1428
46790
30
220
19
835
220
20
30
2233
198
220
471
1428
46790
2564
3798
30
220
20
2564
220
19
30
2233
11
9990
283
3439
198
12
4486
6136
25
660
1446
2564
220
19
364
293
303
498
20
2387
30
2233
11
1459
914
884
198
12
1067
283
220
16
478
220
19
283
220
20
13
38643
25
220
15
11
16
11
17
11
18
11
19
13
271
56757
1603
13
6558
728
1048
9845
440
279
1228
4886
13
6558
728
1066
4072
321
1228
13
271
71093
12305
198
727
1698
19798
1218
3906
65313
10324
25
514
11
6052
25
514
11
3798
25
514
11
274
25
592
8
1411
514
25
198
262
653
4109
413
274
682
866
15262
835
3798
198
262
364
272
303
274
25
198
285
413
514
1290
8
835
3798
25
198
309
460
220
15
6987
262
1009
625
283
514
1104
8
198
262
580
283
2343
1104
8
198
262
2279
283
220
16
15
2972
580
6987
262
413
6052
361
1009
625
25
198
285
460
220
15
6987
262
653
293
1902
25705
25
1151
2564
293
348
2279
478
1009
625
2564
6052
198
262
413
1151
2564
1009
625
25
198
285
293
7033
283
220
15
198
262
745
25
198
285
293
7033
283
318
2388
471
1009
625
478
2279
471
220
16
8
434
2279
6987
262
293
6144
283
318
29166
471
1009
625
8
434
2279
6987
262
413
293
7033
835
293
6144
25
198
285
460
220
15
6987
262
687
1698
8078
7980
2270
1393
25
514
8
1411
514
25
198
285
413
307
361
220
15
25
198
309
460
220
15
8675
285
274
1054
283
592
1393
8
198
285
2984
283
2343
1104
1054
8
198
1726
285
653
4356
660
4947
440
16253
1056
1510
3993
63
17955
198
285
1698
283
220
16
220
653
364
220
15
198
285
364
293
303
2020
7
16
11
2984
1590
198
309
1698
1373
3798
348
318
9226
478
220
16
8
2972
318
67
471
220
16
8
198
1726
285
17955
283
498
390
1290
8
364
272
303
274
1054
60
198
285
9990
283
2912
198
285
1067
283
220
15
8675
285
364
585
303
2020
20714
1590
198
309
1428
46790
283
17955
957
60
198
309
8156
283
1262
8497
46790
11
3798
8
413
9990
745
3798
18015
309
413
8156
835
220
15
25
198
388
1572
59824
283
8156
198
388
9376
35988
283
2984
471
585
471
220
16
198
388
1067
1373
1572
59824
348
318
9226
478
220
16
8
2972
9376
35988
18015
309
413
524
9990
25
198
388
1440
198
309
4265
1428
46790
2564
3798
25
198
388
9990
283
2912
198
309
745
25
198
388
9990
283
3439
8675
285
413
660
1446
2564
3798
364
293
303
17955
1590
198
309
1067
1373
220
16
8675
285
460
1698
478
1067
6987
262
460
1698
8078
7980
2270
1446
6144
8
471
1698
8078
7980
2270
1446
7033
471
220
16
8
198
71093
248046
198
248045
846
198
7525
3555
4621
4490
279
6813
13
5514
579
279
1412
25
198
220
2793
34397
19
24
74
32
5032
490
12717
6971
487
1500
220
19
21
198
262
13428
11
353
1144
310
37781
13
561
1510
1767
8078
7980
2270
63
709
1220
1698
2397
58883
24959
494
220
15
310
307
318
94964
8
1332
660
17955
513
36059
3798
13
6558
728
11319
1472
264
4145
1105
13
198
55036
336
6108
198
32769
1401
25
8060
3542
359
169629
6
318
52
10
17
17
21
19
8
14200
1206
311
40138
11
411
369
678
3274
25
4310
279
2614
709
11618
321
4479
889
11
6999
4072
279
709
7246
321
1440
660
279
6813
13
2972
5683
4045
67305
3067
13209
50
159029
271
2523
1220
14623
279
1970
488
10490
303
264
64504
1970
2424
318
784
9609
31789
318
19458
668
31153
279
3889
5568
8
248046
198
248045
74455
198
248068
271
248069
271
21765
506
279
3377
11
353
1144
310
1698
24959
303
74988
2388
11
6052
60
63
421
809
440
19900
1510
82
63
321
599
660
17955
36059
1510
9226
27653
271
332
1536
19407
64700
5586
2610
1324
682
279
1304
1510
67
348
220
16
15
61
74
478
1009
625
63
1332
1510
74
283
2343
1104
8
27653
353
1144
310
25
198
16
13
4109
413
1510
82
63
4924
682
17955
835
1510
9226
63
318
331
748
11
460
220
15
8
198
17
13
7145
279
2020
314
2610
1510
67
63
2663
198
18
13
4356
4947
1510
67
63
303
421
2020
1332
660
17955
513
36059
1510
9226
63
318
33777
30715
8
271
71093
12305
198
727
1698
19798
1218
3906
65313
10324
25
514
11
6052
25
514
11
3798
25
514
11
274
25
592
8
1411
514
25
198
262
653
4109
413
274
682
866
15262
835
3798
198
262
364
272
303
274
25
198
285
413
514
1290
8
835
3798
25
198
309
460
220
15
6987
262
1009
625
283
514
1104
8
198
262
580
283
2343
1104
8
198
262
2279
283
220
16
15
2972
580
6987
262
413
6052
361
1009
625
25
198
285
460
220
15
6987
262
653
293
1902
25705
25
1151
2564
293
348
2279
478
1009
625
2564
6052
198
262
413
1151
2564
1009
625
25
198
285
293
7033
283
220
15
198
262
745
25
198
285
293
7033
283
318
2388
471
1009
625
478
2279
471
220
16
8
434
2279
6987
262
293
6144
283
318
29166
471
1009
625
8
434
2279
6987
262
413
293
7033
835
293
6144
25
198
285
460
220
15
6987
262
687
1698
8078
7980
2270
1393
25
514
8
1411
514
25
198
285
413
307
361
220
15
25
198
309
460
220
15
8675
285
274
1054
283
592
1393
8
198
285
2984
283
2343
1104
1054
8
198
1726
285
653
4356
660
4947
440
16253
1056
1510
3993
63
17955
318
15
310
220
16
15
12883
3993
12
16
7060
16
8
198
285
1698
283
220
16
220
653
364
220
15
198
285
364
293
303
2020
7
16
11
2984
1590
198
309
1698
1373
3798
348
318
9226
478
220
16
8
2972
318
67
471
220
16
8
198
1726
285
17955
283
498
390
1290
8
364
272
303
274
1054
60
198
285
9990
283
2912
198
285
1067
283
220
15
8675
285
364
585
303
2020
20714
1590
198
309
1428
46790
283
17955
957
60
198
309
8156
283
1262
8497
46790
11
3798
8
413
9990
745
3798
18015
309
413
8156
835
220
15
25
198
388
1572
59824
283
8156
198
388
9376
35988
283
2984
471
585
471
220
16
198
388
1067
1373
1572
59824
348
318
9226
478
220
16
8
2972
9376
35988
18015
309
413
524
9990
25
198
388
1440
198
309
4265
1428
46790
2564
3798
25
198
388
9990
283
2912
198
309
745
25
198
388
9990
283
3439
8675
285
413
660
1446
2564
3798
364
293
303
17955
1590
198
309
1067
1373
220
16
8675
285
460
1698
478
1067
6987
262
460
1698
8078
7980
2270
1446
6144
8
471
1698
8078
7980
2270
1446
7033
471
220
16
8
198
71093
248046
198