248045
846
198
4274
279
2614
709
11618
321
4479
889
11
6999
4072
279
709
7246
321
1440
660
279
6813
13
2972
5683
4045
67305
3067
13209
50
159029
271
2523
1220
14623
279
1970
488
10490
303
264
64504
1970
2424
318
784
9609
31789
318
19458
668
31153
279
3889
5568
8
271
71093
198
1445
18904
1120
1697
1358
727
1698
8078
32388
16247
25
514
11
351
25
1697
18078
2387
1411
514
25
198
262
4071
4356
279
1324
314
8796
29607
314
38175
6163
11592
440
2984
1881
695
262
220
16
321
710
318
94964
8
421
25705
279
2614
2876
25
364
1754
6321
318
32
28
15
11
417
28
16
11
58317
1799
28
17
20
681
198
262
279
1324
314
54133
303
279
886
369
506
1379
351
957
906
198
1031
262
3301
279
1698
57844
220
24
24
23
17
19
19
18
20
18
13
198
1031
262
17167
25
198
285
710
25
25749
2984
314
8796
310
2814
318
16
2564
710
2564
220
16
15
15
15
8
198
285
351
25
1697
314
220
17
21
24959
1332
351
957
60
369
279
6966
5252
54133
314
279
585
7324
6321
198
309
318
15
2564
351
957
60
2564
220
16
15
15
15
8
198
1031
262
5019
25
198
285
561
1324
314
2610
8796
57844
220
24
24
23
17
19
19
18
20
18
6987
262
11765
1698
8078
32388
7
17
11
498
17
11
220
16
11
220
16
11
220
15
11
220
15
11
220
15
11
220
15
11
220
15
11
220
15
11
220
15
11
220
15
11
220
15
11
220
15
11
220
15
11
220
15
11
220
15
11
220
15
11
220
15
11
220
15
11
220
15
11
220
15
11
220
15
11
220
15
11
220
15
11
220
15
11
220
15
2387
198
262
220
16
15
198
262
11765
1698
8078
32388
7
18
20
23
11
498
16
11
220
15
11
220
16
11
220
15
11
220
16
11
220
15
11
220
16
11
220
15
11
220
15
11
220
15
11
220
15
11
220
15
11
220
15
11
220
15
11
220
15
11
220
15
11
220
15
11
220
15
11
220
15
11
220
15
11
220
15
11
220
15
11
220
15
11
220
15
11
220
15
11
220
15
2387
198
262
220
21
19
198
262
4071
271
727
1716
69574
1590
198
262
653
18564
1228
4886
198
262
1992
8871
7
17
11
498
17
11
220
16
11
220
16
11
220
15
11
220
15
11
220
15
11
220
15
11
220
15
11
220
15
11
220
15
11
220
15
11
220
15
11
220
15
11
220
15
11
220
15
11
220
15
11
220
15
11
220
15
11
220
15
11
220
15
11
220
15
11
220
15
11
220
15
11
220
15
11
220
15
11
220
15
2387
606
220
16
15
198
262
1992
8871
7
18
20
23
11
498
16
11
220
15
11
220
16
11
220
15
11
220
16
11
220
15
11
220
16
11
220
15
11
220
15
11
220
15
11
220
15
11
220
15
11
220
15
11
220
15
11
220
15
11
220
15
11
220
15
11
220
15
11
220
15
11
220
15
11
220
15
11
220
15
11
220
15
11
220
15
11
220
15
11
220
15
2387
606
220
21
19
198
262
1992
8871
7
16
15
15
15
11
498
16
15
15
15
60
348
220
17
21
8
606
220
17
22
15
17
22
19
15
18
20
6987
262
653
22484
1228
4886
198
262
1992
8871
7
22
15
24
11
498
23
22
24
11
220
19
22
24
11
220
19
21
16
11
220
16
19
11
220
16
17
18
11
220
22
19
19
11
220
19
15
15
11
220
24
19
11
220
19
19
22
11
220
17
15
11
220
16
20
17
11
220
24
21
18
11
220
21
22
19
11
220
23
17
24
11
220
24
23
19
11
220
24
18
15
11
220
18
17
17
11
220
21
21
20
11
220
21
19
21
11
220
18
23
20
11
220
16
24
16
11
220
18
20
18
11
220
21
15
20
11
220
16
16
15
11
220
19
20
18
11
220
18
20
21
2387
606
220
16
16
22
16
21
24
23
20
17
198
262
1992
8871
7
24
20
16
11
498
19
24
17
11
220
19
17
15
11
220
16
24
22
11
220
21
15
22
11
220
24
17
20
11
220
16
21
22
11
220
22
16
22
11
220
19
18
23
11
220
17
15
15
11
220
24
23
21
11
220
16
15
19
11
220
19
23
18
11
220
21
17
15
11
220
23
15
21
11
220
23
23
16
11
220
23
20
23
11
220
20
20
24
11
220
20
20
18
11
220
20
15
17
11
220
20
20
19
11
220
24
21
17
11
220
18
17
20
11
220
19
18
20
11
220
17
22
24
11
220
19
21
19
11
220
18
17
22
2387
606
220
17
15
15
15
16
20
20
17
21
198
262
1992
8871
7
16
18
11
498
21
16
16
11
220
24
22
19
11
220
24
18
16
11
220
17
19
11
220
21
15
24
11
220
16
22
21
11
220
18
15
19
11
220
16
20
16
11
220
16
24
24
11
220
23
22
21
11
220
23
17
20
11
220
23
24
18
11
220
24
18
24
11
220
22
18
22
11
220
18
22
19
11
220
18
17
18
11
220
23
19
21
11
220
23
16
24
11
220
16
20
19
11
220
16
20
22
11
220
23
16
19
11
220
18
19
18
11
220
23
23
21
11
220
16
24
22
11
220
16
15
15
11
220
23
20
21
2387
606
220
19
16
21
16
19
20
21
16
18
198
262
1992
8871
7
17
15
17
11
498
22
22
20
11
220
18
17
20
11
220
24
23
17
11
220
22
23
19
11
220
19
16
22
11
220
16
20
21
11
220
24
18
17
11
220
24
15
17
11
220
22
17
23
11
220
20
18
22
11
220
23
20
22
11
220
22
18
24
11
220
24
16
23
11
220
17
16
16
11
220
21
22
24
11
220
20
15
21
11
220
18
19
15
11
220
20
21
23
11
220
23
21
23
11
220
16
21
11
220
24
19
15
11
220
17
21
18
11
220
20
24
18
11
220
19
19
24
11
220
24
24
16
11
220
18
16
15
2387
606
220
24
21
22
15
19
16
20
16
19
198
262
1992
8871
7
20
17
11
498
22
19
22
11
220
24
19
18
11
220
22
19
15
11
220
20
24
18
11
220
19
21
24
11
220
18
22
15
11
220
20
16
21
11
220
19
19
18
11
220
22
11
220
20
17
20
11
220
17
24
24
11
220
19
16
17
11
220
16
21
18
11
220
21
24
24
11
220
20
22
16
11
220
24
22
21
11
220
19
20
20
11
220
17
16
22
11
220
20
24
15
11
220
18
19
18
11
220
19
17
22
11
220
17
17
15
11
220
18
19
17
11
220
20
23
19
11
220
17
18
24
11
220
19
24
21
2387
606
220
17
21
22
18
18
24
16
18
17
198
262
1992
8871
7
23
22
20
11
498
21
15
16
11
220
17
20
23
11
220
19
19
24
11
220
18
22
22
11
220
19
15
11
220
19
17
23
11
220
17
18
23
11
220
19
20
20
11
220
20
16
22
11
220
21
20
18
11
220
19
18
18
11
220
22
21
23
11
220
24
20
22
11
220
18
15
22
11
220
19
20
21
11
220
23
22
23
11
220
24
22
22
11
220
18
21
23
11
220
24
24
24
11
220
23
23
17
11
220
20
19
16
11
220
23
17
21
11
220
22
21
19
11
220
17
21
24
11
220
19
15
16
11
220
24
23
2387
606
220
17
19
22
15
17
22
21
16
21
198
262
1992
8871
7
19
19
20
11
498
15
11
220
15
11
220
15
11
220
15
11
220
15
11
220
15
11
220
15
11
220
15
11
220
15
11
220
15
11
220
15
11
220
15
11
220
15
11
220
15
11
220
15
11
220
15
11
220
15
11
220
15
11
220
15
11
220
15
11
220
22
22
17
11
220
15
11
220
15
11
220
15
11
220
15
11
220
15
2387
606
220
19
19
20
198
262
1992
8871
7
20
18
15
11
498
23
16
16
11
220
20
21
24
11
220
16
19
23
11
220
18
23
19
11
220
24
20
19
11
220
24
16
18
11
220
16
16
19
11
220
18
16
20
11
220
21
23
21
11
220
18
18
19
11
220
18
23
17
11
220
18
24
17
11
220
18
17
21
11
220
23
11
220
20
20
18
11
220
24
21
17
11
220
24
20
22
11
220
23
20
15
11
220
17
18
16
11
220
21
16
11
220
16
23
20
11
220
20
23
23
11
220
18
15
20
11
220
24
23
15
11
220
20
21
19
11
220
23
24
15
2387
606
220
23
17
21
18
22
23
17
18
18
198
262
1992
8871
7
16
16
16
11
498
24
17
21
11
220
19
19
19
11
220
22
23
23
11
220
23
17
21
11
220
24
19
19
11
220
22
15
17
11
220
23
23
23
11
220
24
19
19
11
220
21
20
20
11
220
20
17
16
11
220
19
23
24
11
220
24
19
21
11
220
16
18
16
11
220
21
16
21
11
220
19
19
20
11
220
21
20
19
11
220
19
18
19
11
220
20
17
17
11
220
23
20
15
11
220
21
23
18
11
220
20
19
17
11
220
17
17
21
11
220
22
19
16
11
220
19
23
21
11
220
16
15
16
11
220
21
21
16
2387
606
220
22
18
19
16
22
22
23
21
16
198
262
1992
8871
7
20
18
17
11
498
15
60
348
220
17
21
8
606
220
15
198
262
1992
8871
7
17
19
18
11
498
21
24
19
11
220
23
20
19
11
220
17
24
22
11
220
22
20
11
220
23
18
16
11
220
24
22
19
11
220
22
17
15
11
220
23
18
22
11
220
21
24
20
11
220
23
19
20
11
220
16
20
19
11
220
21
22
18
11
220
18
15
21
11
220
23
21
20
11
220
20
17
19
11
220
24
20
17
11
220
17
18
16
11
220
18
17
24
11
220
18
20
18
11
220
18
18
16
11
220
21
24
17
11
220
17
22
11
220
19
16
18
11
220
23
16
11
220
19
18
23
11
220
21
18
2387
606
220
22
19
15
16
24
15
21
21
18
198
262
1992
8871
7
20
17
17
11
498
15
11
220
15
11
220
15
11
220
15
11
220
15
11
220
15
11
220
15
11
220
15
11
220
15
11
220
15
11
220
15
11
220
15
11
220
15
11
220
15
11
220
15
11
220
15
11
220
15
11
220
15
11
220
15
11
220
15
11
220
15
11
220
15
11
220
15
11
220
20
22
20
11
220
15
11
220
15
2387
606
220
20
17
17
198
262
1992
8871
7
17
24
16
11
498
20
19
17
11
220
20
19
17
11
220
16
18
19
11
220
24
19
11
220
22
20
16
11
220
23
24
11
220
23
24
23
11
220
22
17
24
11
220
17
16
17
11
220
24
21
19
11
220
17
24
22
11
220
23
17
18
11
220
22
17
15
11
220
17
24
22
11
220
17
23
15
11
220
24
16
22
11
220
18
18
23
11
220
16
22
21
11
220
16
23
18
11
220
24
21
20
11
220
22
19
15
11
220
20
19
16
11
220
20
20
20
11
220
18
11
220
18
16
21
11
220
17
20
21
2387
606
220
20
19
24
17
22
15
15
18
16
198
262
1992
8871
7
16
20
17
11
498
18
17
20
11
220
22
18
16
11
220
18
15
17
11
220
16
20
18
11
220
23
24
21
11
220
17
17
11
220
19
23
24
11
220
18
24
24
11
220
21
15
22
11
220
19
21
21
11
220
19
18
17
11
220
20
15
17
11
220
24
21
23
11
220
18
18
18
11
220
19
22
20
11
220
22
24
17
11
220
23
19
11
220
16
15
11
220
21
24
19
11
220
18
17
23
11
220
18
20
19
11
220
22
16
17
11
220
19
15
24
11
220
19
23
15
11
220
21
19
18
11
220
16
17
16
2387
606
220
17
17
22
19
23
21
16
22
24
198
262
1992
8871
7
23
20
23
11
498
18
20
23
11
220
17
21
21
11
220
23
15
16
11
220
24
20
11
220
18
22
19
11
220
23
15
22
11
220
20
16
11
220
23
21
23
11
220
19
22
23
11
220
23
15
24
11
220
18
15
19
11
220
22
11
220
18
15
23
11
220
24
24
17
11
220
19
24
24
11
220
21
20
15
11
220
22
15
21
11
220
18
24
24
11
220
23
17
17
11
220
21
24
23
11
220
16
20
11
220
18
23
16
11
220
17
21
22
11
220
17
23
17
11
220
17
18
22
11
220
16
16
24
2387
606
220
17
21
17
17
16
15
24
24
17
198
262
1992
8871
7
22
15
24
11
498
23
22
24
11
220
19
22
24
11
220
19
21
16
11
220
16
19
11
220
16
17
18
11
220
22
19
19
11
220
19
15
15
11
220
24
19
11
220
19
19
22
11
220
17
15
11
220
16
20
17
11
220
24
21
18
11
220
21
22
19
11
220
23
17
24
11
220
24
23
19
11
220
24
18
15
11
220
18
17
17
11
220
21
21
20
11
220
21
19
21
11
220
18
23
20
11
220
16
24
16
11
220
18
20
18
11
220
21
15
20
11
220
16
16
15
11
220
19
20
18
11
220
18
20
21
2387
606
220
24
24
24
24
24
24
24
24
24
198
262
1992
8871
7
18
20
20
11
498
21
23
11
220
19
18
16
11
220
20
23
15
11
220
22
20
22
11
220
17
16
23
11
220
24
18
19
11
220
18
17
23
11
220
21
22
21
11
220
18
20
20
11
220
17
17
16
11
220
23
15
11
220
24
17
17
11
220
20
19
20
11
220
20
16
16
11
220
21
22
11
220
19
21
22
11
220
21
22
19
11
220
21
24
16
11
220
20
15
19
11
220
23
18
20
11
220
18
19
11
220
24
21
20
11
220
24
23
15
11
220
17
17
16
11
220
23
24
20
11
220
20
15
16
2387
606
220
17
22
15
23
23
21
24
19
16
198
262
1992
8871
7
19
19
22
11
498
15
11
220
15
11
220
15
11
220
15
11
220
15
11
220
15
11
220
15
11
220
15
11
220
15
11
220
15
11
220
21
17
24
11
220
15
11
220
15
11
220
15
11
220
15
11
220
15
11
220
15
11
220
15
11
220
15
11
220
15
11
220
15
11
220
15
11
220
15
11
220
15
11
220
15
11
220
15
2387
606
220
19
19
22
198
262
1992
8871
7
21
24
23
11
498
22
21
18
11
220
20
16
20
11
220
19
16
18
11
220
19
24
20
11
220
20
17
18
11
220
20
22
16
11
220
17
15
21
11
220
18
20
22
11
220
24
15
19
11
220
18
16
15
11
220
19
16
15
11
220
23
19
19
11
220
21
16
16
11
220
19
23
19
11
220
19
16
15
11
220
20
20
24
11
220
17
21
17
11
220
18
24
19
11
220
24
19
24
11
220
16
15
22
11
220
20
19
21
11
220
22
18
22
11
220
24
23
22
11
220
24
22
24
11
220
18
15
21
11
220
21
23
20
2387
606
220
16
20
17
20
19
18
17
20
22
198
262
1992
8871
7
20
19
24
11
498
23
18
17
11
220
20
24
20
11
220
17
15
15
11
220
22
17
15
11
220
21
20
23
11
220
21
18
24
11
220
24
24
17
11
220
16
18
15
11
220
19
21
22
11
220
24
23
24
11
220
24
20
23
11
220
20
23
16
11
220
21
15
15
11
220
19
21
21
11
220
19
22
18
11
220
24
17
24
11
220
22
22
20
11
220
20
23
16
11
220
22
22
15
11
220
19
20
20
11
220
22
16
23
11
220
21
17
23
11
220
23
15
22
11
220
18
18
20
11
220
23
24
23
11
220
20
20
17
2387
606
220
18
16
19
23
18
22
24
21
24
271
2
5272
1716
11181
8078
32388
8
310
1542
6813
13
198
71093
248046
198
248045
74455
198
248068
271
248069
271
1206
11290
411
3377
11
567
1144
310
1698
279
1324
314
2610
8796
314
2984
1881
220
16
321
710
318
94964
8
1608
38175
6163
11592
318
32
10846
8
1680
421
364
1754
6321
11
1141
1698
303
279
886
1503
524
12131
264
5024
3798
393
34
957
60
12576
271
13962
51301
198
16
13
2972
30177
17775
92217
198
256
471
1165
1144
310
1698
8796
314
2984
393
43
3
1332
393
16
1088
273
436
1088
273
710
12576
198
256
471
8618
886
369
22687
314
220
17
21
11592
13
198
256
471
1690
279
393
72
3
12
337
6321
11
1042
393
77
5150
3
381
1141
1698
303
279
886
13
1165
1902
599
56014
1200
14717
72
28
15
92
46227
17
20
92
307
5150
283
436
3
321
393
15
1088
273
307
5150
1088
273
351
957
60
12576
198
256
471
561
1324
314
1680
8796
364
264
3050
7731
4771
77
62
15
11
307
62
16
11
1088
65529
11
307
14717
17
20
5242
3
369
2574
539
279
58103
20220
34429
56014
35790
90
43
0
14728
77
62
15
0
307
62
16
0
1088
65529
307
14717
17
20
92
0
92
12576
198
256
471
561
2702
1698
369
279
2542
314
58103
20220
35608
888
660
2610
41270
364
660
393
43
3
494
220
16
310
393
42
12576
271
17
13
2972
70820
22815
92217
198
256
471
561
22440
709
364
279
393
72
3
12
337
6321
11
12463
424
628
4833
393
15
3
310
393
34
957
91027
2942
11
369
393
47
5150
2007
8
283
1088
1200
14717
74
28
15
92
46227
34
957
13587
1088
35790
43828
61
74
14728
74
0
92
12576
198
256
471
561
34429
314
56014
35790
43828
61
43
14728
43
0
30675
303
279
1918
393
47
2007
8
283
1088
19145
14717
72
28
15
92
46227
17
20
92
387
5150
2007
14646
369
6681
279
2542
314
279
58103
20220
35608
364
8796
314
2984
393
43
12576
198
256
471
14833
11
279
1324
314
2610
8796
314
2984
393
43
3
369
393
43
0
1088
49142
498
87
61
43
60
387
2007
8
12576
198
256
471
561
4087
369
56014
1200
14717
43
28
16
92
46227
42
92
436
0
1088
49142
498
87
61
43
60
387
2007
8
12576
271
18
13
2972
14237
24553
56727
1633
92217
198
256
471
1165
1144
310
12204
279
1918
314
220
17
21
1418
74330
393
47
5150
2007
14646
685
310
8122
393
42
12576
198
256
471
8439
393
42
1088
273
220
16
15
15
15
53031
567
628
29283
1439
1418
74330
1608
264
21078
9485
14429
15487
5313
318
2935
4757
8
310
10752
393
46
16247
61
17
1088
813
220
17
21
14646
466
4777
393
46
7
17
21
1088
49142
710
61
17
14646
22373
11
864
369
10727
3213
13
198
256
471
81923
33633
369
1429
440
71507
393
24
24
23
17
19
19
18
20
18
12576
271
19
13
2972
35629
11956
92217
198
256
471
4807
26808
7911
10003
321
27043
7911
10003
685
310
393
42
12576
198
256
471
18115
1754
45735
393
47
5150
2007
14646
1332
279
34429
314
393
87
61
74
3
369
56014
35790
90
16
14728
74
0
92
1088
2508
220
24
24
23
17
19
19
18
20
18
3
364
393
15
1088
273
580
1088
273
1088
1030
2929
957
1089
710
8
12576
198
256
471
68647
660
1418
74330
3658
13
198
256
471
7860
685
393
43
0
1088
49142
1088
1272
90
47017
18854
43
3
364
393
43
28
16
3
310
393
42
12576
271
13962
14392
13909
12
8046
12376
37831
198
16
13
2972
4551
848
12935
92217
198
256
471
21902
1510
32011
58
15
486
42
60
63
321
1510
13654
46211
58
15
486
42
60
27653
198
256
471
1510
32011
957
60
283
585
0
1410
380
63
198
256
471
1510
13654
46211
957
60
283
318
72
15836
84203
16
92
1410
380
63
271
17
13
2972
14237
24553
23275
92217
198
256
471
1690
1754
6321
393
72
3
494
220
15
310
220
17
20
25
198
257
471
4091
264
45735
393
47
5150
3
1332
393
47
5150
6521
60
283
1088
1272
90
13654
73150
32011
41955
74
91027
364
393
15
1088
273
580
1088
273
1088
1030
2929
957
1089
710
8
12576
198
257
471
1368
393
34
957
60
361
580
53031
279
34429
369
220
15
13
271
18
13
2972
14237
24553
56727
1633
92217
198
256
471
8736
279
1067
45735
393
49
283
498
16
91027
318
7949
369
393
87
61
15
3
440
34429
220
16
553
198
256
471
1690
1754
393
47
5150
60439
198
257
471
68647
393
49
3
539
393
47
5150
53031
60735
1060
279
1067
310
8122
393
42
12576
198
257
471
5272
5129
45735
44896
25
393
34
6521
60
283
1088
1200
14717
73
28
15
92
46227
74
92
357
3681
60
1088
49142
417
6521
12948
60
12576
271
19
13
2972
18770
7860
76
362
92217
198
256
471
6558
393
49
3
381
279
1534
1918
45735
13
198
256
471
561
4087
369
56014
1200
14717
43
28
16
92
46227
42
92
318
43
0
1088
49142
423
47753
2387
1088
2508
380
12576
271
13962
68230
198
12
3984
68230
25
393
46
7
17
21
1088
49142
710
61
17
14646
364
45735
12197
10393
13
2985
393
42
28
16
15
15
15
53031
411
369
393
17
21
1088
14695
220
16
15
61
21
3
7289
11
864
369
1546
4778
13
198
12
11156
68230
25
393
46
16247
14646
364
26678
279
1418
74330
13
271
9764
579
4072
411
13
271
71093
12305
198
1445
18904
1120
1697
271
25613
283
220
24
24
23
17
19
19
18
20
18
271
727
1698
8078
32388
16247
25
514
11
351
25
1697
18078
2387
1411
514
25
198
262
653
4807
26808
7911
10003
321
27043
7911
10003
685
310
710
198
262
2029
283
498
16
60
348
318
42
478
220
16
8
198
262
364
585
303
2020
7
16
11
710
478
220
16
1590
198
285
2029
957
60
283
2029
957
12
16
60
348
585
984
18107
6987
262
1475
46211
283
498
16
60
348
318
42
478
220
16
8
198
262
1475
46211
51488
60
283
6660
925
519
51488
1089
18107
471
220
17
11
18107
8
198
262
364
585
303
2020
16247
471
220
16
11
471
16
11
471
16
1590
198
285
1475
46211
957
60
283
1475
46211
957
10
16
60
348
318
72
10
16
8
984
18107
6987
262
653
8736
279
1067
45735
440
387
2007
8
283
220
16
198
262
653
577
6521
60
369
279
34429
314
830
61
74
303
279
1918
748
2944
198
262
577
283
498
15
60
348
318
42
478
220
16
8
198
262
577
58
15
60
283
220
16
6987
262
653
68647
539
1754
6321
579
22440
709
198
262
364
585
303
2020
7
17
21
1590
198
285
3798
283
1262
2929
957
1089
710
8
198
285
653
4091
45735
387
5150
25
387
5150
6521
60
283
1475
46211
6521
60
364
220
15
2564
580
2564
3798
198
285
280
283
498
15
60
348
318
42
478
220
16
8
198
285
364
580
303
2020
50508
478
220
16
1590
198
309
280
6521
60
283
1475
46211
6521
60
198
1726
285
653
68647
577
539
280
11
54874
310
8122
710
198
285
491
4759
283
498
15
60
348
318
42
478
220
16
8
198
285
364
585
44520
303
2020
16247
478
220
16
1590
198
309
413
577
957
44520
60
606
220
15
25
198
388
2962
198
309
364
492
44520
303
2020
16247
478
220
16
471
585
44520
1590
198
388
413
280
3681
44520
60
606
220
15
25
198
493
2962
198
388
491
4759
957
44520
478
492
44520
60
283
318
902
4759
957
44520
478
492
44520
60
478
577
957
44520
60
348
280
3681
44520
2387
984
18107
198
285
577
283
491
4759
6987
262
653
7860
685
436
0
348
577
47753
60
364
436
494
220
16
310
710
198
262
7843
283
220
15
198
262
364
436
303
2020
7
16
11
710
478
220
16
1590
198
285
7843
283
318
581
478
2029
47753
60
348
577
47753
2387
984
18107
6987
262
460
7843
198
71093
248046
198
248045
846
198
7525
3555
4621
4490
279
6813
13
5514
579
279
1412
25
198
22407
359
79221
67065
1904
1385
74131
17594
782
30498
7393
1401
6073
7117
24382
680
1238
220
18
15
6283
987
1206
311
40138
11
411
369
678
3274
25
4310
279
2614
709
11618
321
4479
889
11
6999
4072
279
709
7246
321
1440
660
279
6813
13
2972
5683
4045
67305
3067
13209
50
159029
271
2523
1220
14623
279
1970
488
10490
303
264
64504
1970
2424
318
784
9609
31789
318
19458
668
31153
279
3889
5568
8
248046
198
248045
74455
198
248068
271
248069
271
760
3555
7873
4222
24382
680
1521
279
23283
6136
364
45735
44896
682
264
22373
314
496
16247
61
17
8
791
6321
11
321
1017
513
220
17
21
11592
11
6187
310
496
7
17
21
348
710
61
17
8
7289
13
2985
710
28
16
15
15
15
11
421
579
220
17
21
11
15
15
15
11
15
15
15
24869
11
864
1220
381
4778
303
12654
413
32237
11
694
279
8906
6136
5759
440
57844
7289
321
1103
2528
2493
381
6103
13
4254
22103
11
279
23283
6136
1510
1891
585
44520
303
2020
16247
10
16
1590
364
492
44520
303
2020
16247
10
16
17076
44520
44646
369
3404
496
16247
61
17
14
17
8
791
44896
13
271
9764
579
28476
25
198
16
13
1165
628
10390
6942
35608
777
46437
13
198
17
13
5272
2136
7101
364
4478
13
198
18
13
561
1822
4125
2493
381
421
12654
369
2166
6103
364
220
17
21
348
220
20
15
15
11
15
15
15
283
220
16
18
3410
8906
6136
24869
440
57844
33633
13
6558
579
1380
310
28476
279
44896
13
271
50821
11
1042
579
37781
279
22373
13
1690
1754
314
279
220
17
21
11592
11
567
29283
264
45735
314
8122
685
310
710
539
2361
45735
314
8122
685
310
1262
2929
957
1089
710
553
561
47993
53843
369
496
16247
348
1262
2929
957
1089
710
4430
733
279
11447
1105
11
411
369
496
16247
61
17
8
791
6321
11
748
220
17
21
348
710
61
17
283
220
17
21
11
15
15
15
11
15
15
15
364
710
28
16
15
15
15
13
1061
1220
381
20895
303
351
992
694
2493
381
85467
303
12654
13
271
9764
579
28476
279
44896
6136
25
271
71093
12305
198
1445
18904
1120
1697
271
25613
283
220
24
24
23
17
19
19
18
20
18
271
727
1698
8078
32388
16247
25
514
11
351
25
1697
18078
2387
1411
514
25
198
262
653
4807
26808
7911
10003
321
27043
7911
10003
685
310
710
198
262
2029
283
498
16
60
348
318
42
478
220
16
8
198
262
364
585
303
2020
7
16
11
710
478
220
16
1590
198
285
2029
957
60
283
2029
957
12
16
60
348
585
984
18107
6987
262
1475
46211
283
498
16
60
348
318
42
478
220
16
8
198
262
1475
46211
51488
60
283
6660
925
519
51488
1089
18107
471
220
17
11
18107
8
198
262
364
585
303
2020
16247
471
220
16
11
471
16
11
471
16
1590
198
285
1475
46211
957
60
283
1475
46211
957
10
16
60
348
318
72
10
16
8
984
18107
6987
262
653
8736
279
1067
45735
198
262
577
283
498
15
60
348
318
42
478
220
16
8
198
262
577
58
15
60
283
220
16
6987
262
653
68647
539
1754
6321
579
22440
709
198
262
364
585
303
2020
7
17
21
1590
198
285
3798
283
1262
2929
957
1089
710
8
198
285
653
4091
45735
387
5150
25
387
5150
6521
60
283
1475
46211
6521
60
364
220
15
2564
580
2564
3798
198
285
280
283
498
15
60
348
318
42
478
220
16
8
198
285
364
580
303
2020
50508
478
220
16
1590
198
309
280
6521
60
283
1475
46211
6521
60
198
1726
285
653
68647
577
539
280
11
54874
310
8122
710
198
285
491
4759
283
498
15
60
348
318
42
478
220
16
8
198
1726
285
653
16066
11514
25
1423
1866
8122
303
577
421
369
2397
35704
198
285
1866
4759
44520
283
220
15
198
285
364
293
303
2020
16247
11
471
16
11
471
16
1590
198
309
413
577
20770
60
931
220
15
25
198
388
1866
4759
44520
283
293
198
388
1387
8675
285
1866
605
44520
283
3798
8675
285
364
585
44520
303
2020
8474
4759
44520
478
220
16
1590
198
309
23426
283
577
957
44520
60
198
309
413
23426
606
220
15
25
198
388
2962
198
309
1866
5206
283
1262
8474
605
44520
11
710
471
585
44520
8
198
309
364
492
44520
303
2020
8474
5206
478
220
16
1590
198
388
70148
283
280
3681
44520
60
198
388
413
70148
606
220
15
25
198
493
2962
198
388
491
4759
957
44520
478
492
44520
60
283
318
902
4759
957
44520
478
492
44520
60
478
23426
348
70148
8
984
18107
8675
285
577
283
491
4759
6987
262
653
7860
685
436
0
348
577
47753
60
364
436
494
220
16
310
710
198
262
7843
283
220
15
198
262
364
436
303
2020
7
16
11
710
478
220
16
1590
198
285
7843
283
318
581
478
2029
47753
60
348
577
47753
2387
984
18107
6987
262
460
7843
198
71093
248046
198