248045
846
198
4274
279
2614
709
11618
321
4479
889
11
6999
4072
279
709
7246
321
1440
660
279
6813
13
2972
5683
4045
67305
3067
13209
50
159029
271
2523
1220
14623
279
1970
488
10490
303
264
64504
1970
2424
318
784
9609
31789
318
19458
668
31153
279
3889
5568
8
271
71093
198
1445
18904
1120
1697
1358
727
1698
5062
15057
35226
20449
25
1697
18078
2387
1411
514
25
198
262
4071
7145
279
1324
314
13139
314
2397
38127
12708
2303
318
12877
16
11
12609
17
8
314
10001
421
25705
25
198
262
220
16
13
561
12708
2303
12609
16
321
12609
17
513
81859
318
2083
1857
314
10001
369
4047
1881
1070
8
198
262
220
17
13
561
469
6281
314
279
5255
314
12609
16
369
5951
310
279
469
6281
314
279
5255
314
12609
17
6987
262
3301
279
2702
1324
314
1680
13139
57844
220
16
15
61
24
478
220
22
13
198
1031
262
17167
25
198
285
10001
25
1473
7308
1287
1332
220
16
2564
2343
20449
8
2564
220
17
15
15
321
220
16
2564
10001
957
60
2564
220
17
15
15
6987
262
5019
25
198
285
561
1324
314
2610
1146
15057
13139
57844
220
16
15
61
24
478
220
22
6987
262
11765
1698
5062
15057
35226
2477
16
11
220
17
11
220
18
11
220
19
2387
198
262
220
16
15
198
262
11765
1698
5062
15057
35226
2477
16
15
11
220
17
15
11
220
18
15
2387
198
262
220
17
198
262
11765
1698
5062
15057
35226
2477
16
11
220
16
11
220
16
11
220
16
2387
198
262
220
20
15
198
262
4071
271
727
1716
69574
1590
198
262
653
14204
9989
494
3377
4952
198
262
1992
8871
2477
16
11
220
17
11
220
18
11
220
19
2387
606
220
16
15
198
262
1992
8871
2477
16
15
11
220
17
15
11
220
18
15
2387
606
220
17
198
262
1992
8871
2477
16
11
220
16
11
220
16
11
220
16
2387
606
220
20
15
6987
262
653
11000
2315
4886
198
262
1992
8871
2477
21
2387
606
220
15
198
262
1992
8871
2477
24
2387
606
220
15
198
262
1992
8871
2477
23
2387
606
220
15
198
262
1992
8871
2477
18
2387
606
220
15
198
262
1992
8871
2477
17
2387
606
220
15
198
262
1992
8871
2477
22
2387
606
220
15
198
262
1992
8871
2477
19
2387
606
220
15
6987
262
653
8771
2315
4886
198
262
1992
8871
2477
22
11
220
17
2387
606
220
15
198
262
1992
8871
2477
16
11
220
23
2387
606
220
15
198
262
1992
8871
2477
23
11
220
21
2387
606
220
15
198
262
1992
8871
2477
23
11
220
22
2387
606
220
15
198
262
1992
8871
2477
16
11
220
21
2387
606
220
15
198
262
1992
8871
2477
24
11
220
16
2387
606
220
15
198
262
1992
8871
2477
22
11
220
23
2387
606
220
15
198
262
1992
8871
2477
16
15
11
220
19
2387
606
220
15
198
262
1992
8871
2477
22
11
220
22
2387
606
220
17
198
262
1992
8871
2477
23
11
220
16
2387
606
220
15
198
262
1992
8871
2477
16
15
11
220
21
2387
606
220
15
6987
262
653
78020
1228
4886
198
262
1992
8871
2477
16
24
23
11
16
24
15
11
16
24
20
11
16
24
17
11
16
24
15
11
16
24
15
11
16
24
24
11
17
15
15
11
16
24
24
11
16
24
15
11
16
24
22
11
16
24
24
11
16
24
21
11
16
24
21
11
16
24
23
11
16
24
21
11
17
15
15
11
16
24
19
11
16
24
18
11
16
24
22
11
17
15
15
11
16
24
23
11
16
24
15
11
16
24
20
11
16
24
18
11
16
24
24
11
17
15
15
11
16
24
18
11
16
24
23
11
16
24
16
11
16
24
18
11
16
24
17
11
17
15
15
11
16
24
24
11
16
24
17
11
16
24
21
11
16
24
20
11
16
24
17
11
17
15
15
11
16
24
17
11
16
24
15
11
16
24
19
11
16
24
19
11
16
24
18
11
16
24
18
11
16
24
20
11
16
24
19
11
16
24
15
11
16
24
21
11
17
15
15
11
16
24
23
11
17
15
15
11
16
24
21
11
16
24
21
11
16
24
15
11
16
24
16
11
16
24
19
11
16
24
22
11
16
24
16
11
16
24
19
11
16
24
17
11
16
24
20
11
16
24
24
11
16
24
18
11
16
24
24
11
16
24
21
11
16
24
19
11
16
24
15
11
16
24
21
11
17
15
15
2387
606
220
20
22
15
19
19
20
17
17
19
6987
262
1992
8871
2477
17
15
15
11
16
15
15
11
17
20
11
18
11
17
15
15
11
16
15
15
11
17
20
11
18
11
17
15
15
11
16
15
15
11
17
20
11
18
11
17
15
15
11
16
15
15
11
17
20
11
18
11
17
15
15
11
16
15
15
11
17
20
11
18
11
17
15
15
11
16
15
15
11
17
20
11
18
11
17
15
15
11
16
15
15
11
17
20
11
18
11
17
15
15
11
16
15
15
11
17
20
11
18
11
17
15
15
11
16
15
15
11
17
20
11
18
11
17
15
15
11
16
15
15
11
17
20
11
18
11
17
15
15
11
16
15
15
11
17
20
11
18
11
17
15
15
11
16
15
15
11
17
20
11
18
11
17
15
15
11
16
15
15
11
17
20
11
18
11
17
15
15
11
16
15
15
11
17
20
11
18
11
17
15
15
11
16
15
15
11
17
20
11
18
11
17
15
15
11
16
15
15
11
17
20
11
18
11
17
15
15
11
16
15
15
11
17
20
11
18
11
17
15
15
11
16
15
15
11
17
20
11
18
11
17
15
15
11
16
15
15
11
17
20
11
18
11
17
15
15
11
16
15
15
11
17
20
11
18
11
17
15
15
11
16
15
15
11
17
20
11
18
11
17
15
15
11
16
15
15
11
17
20
11
18
11
17
15
15
11
16
15
15
11
17
20
11
18
11
17
15
15
11
16
15
15
11
17
20
11
18
11
17
15
15
11
16
15
15
11
17
20
11
18
2387
606
220
18
18
15
20
20
18
18
23
23
6987
262
1992
8871
2477
16
11
220
17
11
220
18
11
220
19
2387
606
220
16
20
6987
262
1992
8871
2477
17
18
11
17
23
11
17
17
11
17
22
11
17
17
11
17
22
11
17
15
11
17
18
11
17
22
11
18
15
11
18
15
11
17
17
11
17
19
11
17
19
11
17
15
11
17
20
11
17
22
11
17
17
11
17
22
11
17
16
11
17
24
11
17
18
11
17
18
11
17
22
11
17
21
11
17
23
11
17
22
11
17
15
11
17
23
11
17
16
11
17
17
11
17
22
11
17
19
11
17
23
11
17
15
11
17
19
11
17
16
11
17
15
11
17
24
11
17
19
11
17
17
11
17
15
11
17
19
11
17
22
11
18
15
11
17
24
11
17
16
11
17
20
11
17
17
11
17
17
11
17
22
11
17
19
11
17
17
11
17
24
11
17
17
11
17
20
11
17
20
11
17
18
11
17
20
11
17
19
11
17
21
11
17
16
11
17
23
11
17
20
11
17
21
11
17
15
11
17
19
11
17
22
11
17
22
11
17
18
11
17
15
11
17
19
11
17
18
11
17
16
11
17
19
2387
606
220
19
19
16
24
22
18
16
16
6987
262
1992
8871
2477
17
24
11
17
16
11
17
24
11
17
20
11
17
18
11
17
22
11
17
22
11
17
24
11
17
15
11
17
23
11
17
21
11
18
15
11
17
19
11
17
19
11
17
21
11
17
17
11
17
24
11
17
23
11
17
15
11
17
17
11
17
18
11
18
15
11
17
22
11
18
15
11
17
19
11
18
15
11
17
19
11
17
19
11
17
20
11
18
15
11
17
17
11
17
24
11
17
18
11
18
15
11
17
15
11
17
23
11
17
15
11
17
24
11
17
22
11
17
17
11
17
19
11
17
23
11
17
22
11
17
15
11
17
20
11
17
16
11
17
23
11
17
16
11
17
17
11
17
23
11
17
24
11
17
15
11
17
22
11
17
24
11
17
17
11
17
17
11
18
15
11
17
19
11
17
20
11
17
15
11
17
24
11
17
15
11
17
18
11
17
16
11
17
19
11
17
18
11
17
19
11
17
24
11
17
19
11
17
24
11
17
16
11
17
18
11
17
23
11
17
24
11
17
16
2387
606
220
22
22
15
18
23
23
18
16
19
6987
262
1992
8871
2477
17
15
15
11
16
15
15
11
17
15
15
11
16
15
15
11
17
15
15
11
16
15
15
11
17
15
15
11
16
15
15
11
17
15
15
11
16
15
15
11
17
15
15
11
16
15
15
11
17
15
15
11
16
15
15
11
17
15
15
11
16
15
15
11
17
15
15
11
16
15
15
11
17
15
15
11
16
15
15
11
17
15
15
11
16
15
15
11
17
15
15
11
16
15
15
11
17
15
15
11
16
15
15
11
17
15
15
11
16
15
15
11
17
15
15
11
16
15
15
11
17
15
15
11
16
15
15
11
17
15
15
11
16
15
15
11
17
15
15
11
16
15
15
11
17
15
15
11
16
15
15
11
17
15
15
11
16
15
15
11
17
15
15
11
16
15
15
11
17
15
15
11
16
15
15
11
17
15
15
11
16
15
15
11
17
15
15
11
16
15
15
11
17
15
15
11
16
15
15
11
17
15
15
11
16
15
15
11
17
15
15
11
16
15
15
11
17
15
15
11
16
15
15
11
17
15
15
11
16
15
15
11
17
15
15
11
16
15
15
11
17
15
15
11
16
15
15
11
17
15
15
11
16
15
15
11
17
15
15
11
16
15
15
11
17
15
15
11
16
15
15
11
17
15
15
11
16
15
15
11
17
15
15
11
16
15
15
11
17
15
15
11
16
15
15
11
17
15
15
11
16
15
15
11
17
15
15
11
16
15
15
11
17
15
15
11
16
15
15
11
17
15
15
11
16
15
15
11
17
15
15
11
16
15
15
11
17
15
15
11
16
15
15
11
17
15
15
11
16
15
15
11
17
15
15
11
16
15
15
11
17
15
15
11
16
15
15
11
17
15
15
11
16
15
15
11
17
15
15
11
16
15
15
11
17
15
15
11
16
15
15
11
17
15
15
11
16
15
15
2387
606
220
19
21
19
21
21
18
21
24
22
271
2
5272
1716
11181
5062
15057
35226
8
310
1542
6813
13
198
71093
248046
198
248045
74455
198
248068
271
248069
271
21765
506
279
3377
11
353
1144
310
1698
13139
314
81859
2397
38127
12708
2303
1332
2107
12708
2303
599
279
1788
469
6281
13
271
9764
728
22903
279
5313
25
271
16
13
1690
1754
3102
469
6281
869
1510
70
7561
353
1144
310
1698
1204
1599
2397
38127
12708
2303
599
469
6281
283
1510
70
27653
198
17
13
1690
81859
2022
25
413
264
1146
15057
682
469
6281
1510
70
7561
424
5533
1010
25162
314
14505
13
12908
1146
15057
440
469
6281
1510
70
63
1902
958
264
81859
716
314
14505
13
198
18
13
561
1328
19407
25
364
1754
1857
11
567
628
4992
310
25
198
256
471
2717
2830
424
303
2892
1146
15057
198
256
471
28763
424
303
12609
16
318
331
424
579
17606
440
469
6281
1510
70
31789
198
256
471
28763
424
303
12609
17
318
331
424
579
17606
440
469
6281
1510
70
31789
271
3850
3655
11
328
33687
1
369
32343
13
1473
2315
628
381
303
264
1146
15057
440
469
6281
1510
70
63
1132
413
1510
70
63
62634
421
2315
13
4213
11
279
469
6281
314
279
4307
1146
15057
1902
381
6681
1510
70
7561
524
1066
72364
539
1510
70
27653
271
9764
728
1683
20648
13
6558
579
958
26312
9884
8686
466
264
30715
5313
13
271
332
27654
595
64700
271
2381
1754
469
6281
869
1510
70
63
318
1445
220
16
310
220
17
15
15
681
353
1144
310
1698
279
1324
314
11128
13139
318
12877
16
11
12609
17
8
314
81859
2397
38127
12708
2303
1332
43364
33667
16
8
283
338
321
43364
33667
17
8
283
338
13
271
9764
728
6762
25
198
12
1690
264
8097
1510
70
7561
449
2315
1510
25509
957
60
63
628
381
919
314
264
1146
15057
440
469
6281
48030
1510
70
63
1132
413
1510
70
63
62634
1510
25509
957
60
27653
198
12
6558
1510
50
1824
63
381
279
716
314
14505
1332
1510
70
63
62634
1510
25509
957
60
27653
271
2381
5255
303
1510
50
1824
7561
1754
628
381
25
198
12
2717
1429
198
12
11851
303
12609
16
198
12
11851
303
12609
17
271
2381
5255
524
303
1510
50
1824
7561
781
4021
381
303
2892
1146
15057
318
10957
279
469
6281
314
264
1146
15057
8222
1680
449
2315
8012
914
381
72364
539
1510
70
7561
748
7448
914
5951
1510
70
57208
271
13784
11
421
579
524
4847
1245
13
1368
449
2315
369
524
72364
539
1510
70
7561
424
4021
381
303
264
1146
15057
6483
469
6281
369
1510
70
63
318
10957
469
6281
1902
21078
660
5255
11
321
413
469
6281
369
1510
70
7561
1179
1510
70
63
1902
21078
1754
2315
553
271
4272
364
8097
1510
70
7561
1132
14505
1332
1510
25509
957
60
984
338
606
220
15
63
628
381
1429
13
6558
1510
74
1824
63
381
279
1324
314
1680
14505
13
271
2381
1439
1510
74
1824
63
14505
11
1754
628
381
303
1528
220
15
318
23935
681
220
16
318
258
12609
16
681
466
220
17
318
258
12609
17
553
2844
579
220
18
12883
74
1824
8
2702
30152
13
271
3850
353
1144
25
198
12
12609
16
310
381
2397
38127
198
12
12609
17
310
381
2397
38127
2228
12
43364
314
5255
303
12609
16
283
338
318
325
31654
11
524
1066
72364
539
338
8
198
12
43364
314
5255
303
12609
17
283
338
318
325
31654
8
271
760
328
325
31654
338
1
2876
369
279
2503
919
13
6558
728
958
47057
7964
350
709
593
26312
9884
8686
13
271
9764
1510
69
3163
44646
283
1324
314
13139
318
12877
16
11
12609
17
8
314
81859
2397
38127
12708
2303
1332
43364
33667
16
8
62634
338
3449
43364
33667
17
8
62634
338
13
271
2592
43364
33667
16
8
62634
338
11
1179
660
5255
303
12609
16
1902
381
72364
539
338
318
10957
469
6281
62634
660
5255
11
321
413
469
6281
735
338
11
5255
513
62862
314
469
6281
11
694
421
3070
914
2977
5255
513
62862
314
338
553
271
13784
11
353
2688
29616
6818
13
6558
728
16526
13
271
2592
43364
33667
16
8
283
293
11
1179
293
62634
1396
2315
303
12609
16
13
1987
413
353
1318
43364
33667
16
8
310
21078
338
11
353
1144
421
43364
33667
16
8
369
264
47461
314
338
13
1921
424
579
8397
310
1683
25
271
9764
1510
71
3163
44646
283
1324
314
5337
310
4992
81859
2397
38127
12708
2303
12609
16
11
12609
17
1680
421
1396
2315
303
12609
16
369
72364
539
338
3449
1396
2315
303
12609
17
369
72364
539
338
13
318
1919
5954
279
469
6281
82
310
381
866
5081
314
338
5946
271
11861
1510
71
3163
44646
628
381
23424
25
364
1754
1857
11
413
1510
25509
957
60
984
338
606
220
15
7561
424
628
381
19396
17458
12609
16
17458
12609
17
318
18
11125
553
17673
11
424
1902
381
19396
318
16
5576
553
6558
1510
74
1824
63
283
1324
314
14505
1332
1510
25509
957
60
984
338
606
220
15
27653
4844
1510
71
3163
8
283
220
18
12883
74
1824
8
471
220
17
9
17
12883
74
1824
8
478
220
16
63
1076
3655
1042
728
1683
1495
13
271
7354
30152
364
14505
72364
539
338
25
220
18
12883
74
1824
8
318
9264
682
220
18
11125
8
198
3036
2076
4886
1332
12609
16
369
4147
25
1179
1754
1857
628
381
19396
466
303
12609
17
11
748
220
17
12883
74
1824
8
198
3036
2076
4886
1332
12609
17
369
4147
25
28238
220
17
12883
74
1824
8
198
2143
1142
4886
1332
2107
4147
25
220
16
271
4272
1510
71
3163
8
283
220
18
12883
74
1824
8
471
220
17
9
17
12883
74
1824
8
478
220
16
63
271
6820
11
1510
71
3163
44646
14159
13139
1332
660
5255
303
2107
12609
82
513
72364
539
338
13
1061
3254
43364
33667
16
8
369
264
5081
314
338
11
321
43364
33667
17
8
369
264
5081
314
338
13
271
9764
1510
37
3163
44646
283
1324
314
13139
1332
43364
33667
16
8
283
338
321
43364
33667
17
8
283
338
318
325
31654
553
271
11861
539
47057
7964
350
44935
25
1510
71
3163
8
283
2542
14717
67
25
338
91
67
92
426
1446
44646
1332
279
2542
369
888
62862
293
314
338
13
271
4272
1510
37
3163
8
283
304
3163
8
471
2542
14717
67
25
338
91
67
11
293
29
70
92
426
1446
44646
271
1596
628
12204
411
364
338
494
220
17
15
15
1441
310
220
16
13
271
9764
728
9845
440
279
3010
498
16
11
17
11
18
11
19
5491
271
70
28
16
25
14505
1332
220
16
91
25509
957
60
283
660
220
19
14505
13
580
62
16
28
19
13
304
7
16
8
283
220
18
61
19
471
220
17
9
17
61
19
478
220
16
283
220
23
16
471
220
18
17
478
220
16
283
220
20
15
198
70
28
17
25
14505
1332
220
17
91
25509
957
5491
220
17
11
19
11069
580
62
17
28
17
13
304
7
17
8
283
220
18
61
17
471
220
17
9
17
61
17
478
220
16
283
220
24
471
220
23
478
220
16
283
220
17
198
70
28
18
25
14505
1332
220
18
91
25509
957
5491
220
18
11069
580
62
18
28
16
13
304
7
18
8
283
220
18
61
16
471
220
17
9
17
61
16
478
220
16
283
220
18
471
220
19
478
220
16
283
220
15
198
70
28
19
25
14505
1332
220
19
91
25509
957
5491
220
19
11069
580
62
19
28
16
13
304
7
19
8
283
220
15
198
70
28
20
486
17
15
15
25
580
1824
28
15
11
304
3163
8
283
220
18
61
15
471
220
17
9
17
61
15
478
220
16
283
220
16
12
17
10
16
28
15
271
6820
426
7
17
15
15
11393
15
11
58317
426
7
20
11393
15
198
37
7
19
8
283
304
7
19
8
471
2542
14717
67
29
19
11
220
19
91
67
92
426
1446
8
283
220
15
471
220
15
283
220
15
198
37
7
18
8
283
304
7
18
8
471
2542
14717
67
29
18
11
220
18
91
67
92
426
1446
8
283
220
15
471
318
37
7
21
7030
37
7
24
7030
31498
283
220
15
198
37
7
17
8
283
304
7
17
8
471
2542
14717
67
29
17
11
220
17
91
67
92
426
1446
8
283
220
17
471
318
37
7
19
7030
37
7
21
7030
37
7
23
7030
31498
283
220
17
471
220
15
283
220
17
198
37
7
16
8
283
304
7
16
8
471
2542
14717
67
29
16
11
220
16
91
67
92
426
1446
8
283
220
20
15
471
318
37
7
17
7030
37
7
18
7030
1076
10
37
7
17
15
15
578
283
220
20
15
471
318
17
10
15
10
31498
283
220
19
23
271
7354
283
2542
314
426
3163
8
364
338
28
16
310
220
17
15
15
283
220
19
23
478
220
17
478
220
15
478
2423
283
220
20
15
271
3850
3481
4087
369
220
16
15
318
269
220
16
20
303
264
2843
1228
553
1987
821
5313
369
4808
13
271
760
4125
25
1510
71
3163
44646
14159
13139
1332
660
5255
513
72364
539
338
11
694
279
469
6281
82
1362
381
866
4047
5081
13
4213
11
279
3377
16561
364
13139
1332
43364
33667
16
8
283
43364
33667
17
8
283
338
6681
13
2921
47057
7964
350
44935
1220
944
11
694
1042
728
311
9884
19382
13
271
50821
11
353
1683
279
4125
369
421
1510
71
3163
44646
430
353
4364
424
14159
13139
1332
1396
2315
303
12609
16
369
72364
539
338
3449
1396
2315
303
12609
17
369
72364
539
338
13
1061
3254
43364
33667
16
8
369
72364
539
338
318
1856
1066
62634
338
553
1987
43364
33667
16
8
283
295
70116
364
1010
295
11
321
28238
364
12609
17
13
271
4272
1510
71
3163
8
283
2542
14717
64
25
338
91
64
92
2542
14717
65
25
338
91
65
92
318
3946
314
13139
440
43364
33667
16
11393
64
11
43364
33667
17
11393
65
44646
271
9764
1510
38
2784
8142
44646
283
1324
314
13139
440
43364
33667
16
11393
64
11
43364
33667
17
11393
65
13
271
11861
1510
71
3163
8
283
2542
14717
64
56999
94
15
1410
338
92
2542
14717
65
56999
94
15
1410
338
92
469
2784
8142
44646
271
2939
353
1318
1510
37
3163
8
283
469
3163
20981
8
27653
271
1919
369
264
220
17
35
47057
7964
350
44935
11
864
369
777
6150
13
6558
728
1683
20648
13
271
20734
353
1220
12204
364
1754
338
25
1324
314
13139
1332
43364
33667
16
8
283
338
321
43364
33667
17
8
283
338
13
271
9764
728
6762
1510
34
3163
44646
283
1324
314
5337
310
4992
264
2397
38127
1146
15057
440
469
6281
6681
338
13
271
11861
279
1324
314
13139
318
12877
16
11
12877
17
8
440
43364
33667
16
11393
70
11
43364
33667
17
11393
70
11
321
81859
369
4045
4777
351
3163
28803
17
1521
781
1902
381
81859
13
271
1919
369
279
1505
2131
25
279
12708
2303
1902
381
81859
13
271
9764
728
1683
883
411
777
15060
13
1690
8097
338
11
353
1318
310
1698
11128
13139
318
12877
16
11
12609
17
8
1680
421
25
198
12
12609
16
321
12609
17
513
2397
38127
11
81859
12708
2303
198
12
43364
33667
16
8
283
338
198
12
43364
33667
17
8
283
338
271
2381
1754
1857
585
11
424
628
381
25
198
12
2717
303
12609
16
11
524
303
12609
17
198
12
733
12609
16
1132
198
12
733
12609
17
1132
198
12
2717
5252
310
381
303
2107
271
4272
364
1754
1857
11
220
18
11125
318
7834
1132
413
424
579
17606
553
1921
328
33687
1
13402
383
279
1534
469
6281
13
271
9764
728
958
264
2086
5313
13
6558
728
6762
364
1754
338
11
321
3627
279
1428
469
6281
82
13
271
50821
11
2574
279
16484
318
77
36059
220
17
15
15
11
2663
36059
220
17
15
15
681
353
1683
353
1144
264
30715
5313
13
271
9764
728
6762
25
11002
957
1404
70
16
1404
70
17
60
283
1238
8427
1118
585
5255
11
1324
314
5337
1332
12609
16
682
469
6281
338
16
321
12609
17
682
469
6281
338
17
11
440
12609
16
321
12609
17
1602
279
11543
12708
2303
318
51343
4147
553
271
3850
338
16
321
338
17
628
381
220
15
318
54867
4147
8
466
220
16
486
17
15
15
13
2844
579
220
17
15
16
9
17
15
16
5134
11
321
307
28
17
15
15
11
748
220
17
15
15
9
17
15
16
9
17
15
16
211614
220
23
3410
11
864
369
40803
13
271
21097
25
364
2315
830
283
10001
957
1089
567
599
220
19
11125
25
198
16
13
4179
914
2830
303
2892
25
11002
957
10
16
1404
70
16
1404
70
17
60
1373
11002
957
1404
70
16
1404
70
17
60
198
17
13
28763
303
12609
16
1132
25
491
1824
16
283
43364
3163
16
11
830
8
413
338
16
29
15
745
830
11
491
1824
17
283
338
17
13
1921
413
338
16
28
15
318
3092
681
491
1824
16
283
830
13
1368
338
16
29
15
11
491
1824
16
283
43364
3163
16
12435
553
198
18
13
28763
303
12609
17
1132
25
4283
198
19
13
2885
914
2830
303
2107
13
271
1597
279
809
11
2542
888
660
338
16
35931
17
35931
29
15
314
11002
7426
1404
70
1404
70
906
271
9764
728
4072
411
13
271
71093
12305
198
1445
18904
1120
1697
198
1445
6673
1120
43364
271
727
1698
5062
15057
35226
20449
25
1697
18078
2387
1411
514
25
198
262
18107
283
220
16
15
332
24
478
220
22
198
262
307
283
2343
20449
8
198
262
1866
5996
283
1866
20449
8
413
10001
745
220
15
198
262
653
11002
31439
16
1404
70
17
60
1332
338
16
11
338
17
303
220
15
486
17
15
15
11
220
15
3254
4147
198
262
653
8736
25
874
5255
14789
11
2107
4147
198
262
11002
283
4177
15
60
348
220
17
15
16
364
696
303
2020
7
17
15
16
7025
198
262
11002
58
15
1404
15
60
283
220
16
220
653
2107
4147
6987
262
364
830
303
10001
25
198
285
491
52066
283
4177
15
60
348
220
17
15
16
364
696
303
2020
7
17
15
16
7025
198
285
364
338
16
303
2020
7
17
15
16
1590
198
309
364
338
17
303
2020
7
17
15
16
1590
198
388
413
11002
31439
16
1404
70
17
60
606
220
15
25
198
493
2962
198
388
1009
283
11002
31439
16
1404
70
17
60
198
388
653
6743
220
16
25
1459
914
2830
830
198
388
491
52066
31439
16
1404
70
17
60
283
318
902
52066
31439
16
1404
70
17
60
478
1009
8
984
18107
198
388
653
6743
220
17
25
2830
303
12609
16
1132
198
388
491
1824
16
283
830
413
338
16
606
220
15
745
43364
3163
16
11
830
8
198
388
491
52066
42049
1824
16
1404
70
17
60
283
318
902
52066
42049
1824
16
1404
70
17
60
478
1009
8
984
18107
198
388
653
6743
220
18
25
2830
303
12609
17
1132
198
388
491
1824
17
283
830
413
338
17
606
220
15
745
43364
3163
17
11
830
8
198
388
491
52066
31439
16
1404
902
1824
17
60
283
318
902
52066
31439
16
1404
902
1824
17
60
478
1009
8
984
18107
198
388
653
6743
220
19
25
628
914
2830
303
2107
198
285
11002
283
491
52066
6987
262
653
7860
888
660
338
29
15
1332
338
16
410
70
17
410
70
198
262
1067
283
220
15
198
262
364
338
303
2020
7
16
11
220
17
15
16
1590
198
285
1067
283
318
1334
478
11002
31439
1404
70
2387
984
18107
198
262
460
1067
198
71093
271
9764
728
1228
440
498
16
11
17
11
18
11
19
5491
271
3367
25
11002
58
15
1404
15
4678
16
271
87
28
16
25
198
12
5369
318
15
11
15
1590
695
220
471
10390
25
318
15
11
15
7030
28
16
198
220
471
884
310
12609
16
25
318
16
11
15
7030
28
16
198
220
471
884
310
12609
17
25
318
15
11
16
7030
28
16
198
4272
11002
25
318
15
11
15
11393
16
11
318
16
11
15
11393
16
11
318
15
11
16
11393
16
271
87
28
17
25
198
3702
318
15
11
15
11393
16
25
10390
49300
7
15
11
15
11393
16
26
12609
16
49300
7
17
11
15
7030
28
16
26
12609
17
49300
7
15
11
17
7030
28
16
198
3702
318
16
11
15
11393
16
25
10390
49300
7
16
11
15
11393
16
26
12609
16
49300
88144
7
16
11
17
11393
16
49300
7
16
11
15
7030
28
16
26
12609
17
49300
7
16
11
17
7030
28
16
198
3702
318
15
11
16
11393
16
25
10390
49300
7
15
11
16
11393
16
26
12609
16
49300
7
17
11
16
7030
28
16
26
12609
17
49300
88144
7
16
11
17
11393
16
49300
7
15
11
16
7030
28
16
271
4272
1238
830
28
17
25
198
7
15
11
15
11393
16
198
7
17
11
15
11393
16
198
7
15
11
17
11393
16
198
7
16
11
15
11393
16
10
16
28
17
198
7
16
11
17
11393
16
198
7
15
11
16
11393
16
10
16
28
17
198
7
17
11
16
11393
16
271
1919
369
3583
6150
13
6558
728
1066
6734
279
7873
321
1716
2272
279
1228
4886
13
271
760
3481
2468
364
498
16
11
17
11
18
11
19
60
369
220
16
15
318
1445
1118
1992
8
694
1179
220
16
20
318
1445
2361
1992
553
13428
11
1017
513
49314
6813
0
271
21765
1495
25
198
71093
198
2138
8871
2477
16
11
220
17
11
220
18
11
220
19
2387
606
220
16
15
198
1076
198
2138
8871
2477
16
11
220
17
11
220
18
11
220
19
2387
606
220
16
20
198
71093
271
1919
369
67765
13
561
2018
799
1902
381
264
16036
303
279
1228
11
466
353
2688
5605
5961
13
6558
728
1353
506
279
3889
25
271
71093
198
262
1992
8871
2477
16
11
220
17
11
220
18
11
220
19
2387
606
220
16
15
198
262
2423
198
262
1992
8871
2477
16
11
220
17
11
220
18
11
220
19
2387
606
220
16
20
198
71093
271
1919
369
11656
471
279
709
628
914
460
2107
220
16
15
321
220
16
20
364
279
1788
1879
13
3648
314
1439
1902
381
4808
11
466
8106
279
2018
799
369
364
264
2086
22134
13
1921
279
10895
1910
328
5683
4045
67305
3067
13209
50
3158
4558
13784
11
1042
728
311
27864
1076
561
1228
682
2107
1510
2138
8871
2477
16
11
220
17
11
220
18
11
220
19
2387
606
220
16
15
63
321
2843
1510
2138
8871
2477
16
11
220
17
11
220
18
11
220
19
2387
606
220
16
20
27653
1061
369
264
48086
13
10560
353
2688
5605
5961
279
1228
13
271
9764
728
1353
1546
15060
506
279
3766
1228
1970
13
7179
11
424
682
2107
52992
13
1061
3254
2892
25
198
16
13
2532
579
449
1412
303
279
1228
198
17
13
353
1144
310
1353
777
15060
271
50821
11
411
4816
1040
264
9584
303
279
1228
13
1921
2394
353
628
914
5427
6813
11
1042
728
9370
279
1118
799
369
4252
318
16
15
8
321
1436
413
821
30715
6486
220
16
15
13
271
50821
11
1042
728
311
9884
19382
13
561
4479
889
2640
279
4087
364
498
16
11
17
11
18
11
19
60
369
220
16
15
13
561
2843
1228
2640
220
16
20
13
1061
369
67765
13
353
3172
708
440
279
4479
889
869
314
220
16
15
321
3769
279
1228
369
4252
430
29440
318
35542
279
2018
1992
369
264
2880
2195
5352
1412
421
668
3564
13264
553
271
9764
728
4072
279
30715
6093
321
1228
424
13
271
71093
12305
198
1445
18904
1120
1697
198
1445
6673
1120
43364
271
727
1698
5062
15057
35226
20449
25
1697
18078
2387
1411
514
25
198
262
18107
283
220
16
15
332
24
478
220
22
198
262
307
283
2343
20449
8
198
262
653
11002
31439
16
1404
70
17
5491
1324
314
5337
1238
8427
1010
5255
1332
198
262
653
12609
16
682
469
6281
338
16
318
15
413
4147
681
12609
17
682
469
6281
338
17
318
15
413
4147
8
198
262
11002
283
4177
15
60
348
220
17
15
16
364
696
303
2020
7
17
15
16
7025
198
262
11002
58
15
1404
15
60
283
220
16
6987
262
364
830
303
10001
25
198
285
491
52066
283
4177
15
60
348
220
17
15
16
364
696
303
2020
7
17
15
16
7025
198
285
364
338
16
303
2020
7
17
15
16
1590
198
309
364
338
17
303
2020
7
17
15
16
1590
198
388
1009
283
11002
31439
16
1404
70
17
60
198
388
413
1009
606
220
15
25
198
493
2962
198
388
653
4179
914
2830
830
198
388
491
52066
31439
16
1404
70
17
60
283
318
902
52066
31439
16
1404
70
17
60
478
1009
8
984
18107
198
388
653
28763
830
303
12609
16
1132
198
388
7531
16
283
830
413
338
16
606
220
15
745
43364
3163
16
11
830
8
198
388
491
52066
58
938
16
1404
70
17
60
283
318
902
52066
58
938
16
1404
70
17
60
478
1009
8
984
18107
198
388
653
28763
830
303
12609
17
1132
198
388
7531
17
248046
198
248045
846
198
7525
3555
4621
4490
279
6813
13
5514
579
279
1412
25
198
220
2793
34397
18
266
48758
83
41
282
22
6971
487
1500
220
21
21
198
262
1061
369
11656
471
279
709
628
914
460
2107
220
16
15
321
220
16
20
364
279
1788
1879
13
3648
314
1439
1902
381
4808
11
466
8106
279
2018
799
369
364
264
2086
22134
13
1921
279
10895
1910
328
5683
4045
67305
3067
13209
50
3158
695
12473
6108
198
32769
1401
25
20848
49477
886
22419
318
18702
1514
506
1500
220
21
21
8
14200
1206
311
40138
11
411
369
678
3274
25
4310
279
2614
709
11618
321
4479
889
11
6999
4072
279
709
7246
321
1440
660
279
6813
13
2972
5683
4045
67305
3067
13209
50
159029
271
2523
1220
14623
279
1970
488
10490
303
264
64504
1970
2424
318
784
9609
31789
318
19458
668
31153
279
3889
5568
8
248046
198
248045
74455
198
248068
271
248069
271
21765
506
279
6813
11
353
1436
1017
579
264
11712
1332
74988
16
11
17
11
18
11
19
60
63
369
3481
310
381
2107
220
16
15
321
220
16
20
13
6558
728
22903
279
3377
15060
321
4072
264
6093
421
13081
279
30715
5313
364
24217
81859
1146
15057
13139
440
5951
469
6281
13
271
760
1328
19407
369
25
198
16
13
1690
1754
2315
11
424
628
381
25
524
1429
11
303
12609
16
11
466
303
12609
17
318
7834
524
2107
8
198
17
13
19182
279
469
6281
314
12609
16
321
469
6281
314
12609
17
430
567
1817
5255
198
18
13
5272
30715
1332
1528
369
318
88144
16
11
43364
17
8
440
220
15
13661
4147
1146
15057
271
9764
728
9845
440
498
16
11
16
11
16
11
16
60
283
220
20
15
25
1942
5255
513
220
16
11
748
866
2397
38127
1146
15057
682
469
6281
28
16
13
1690
220
19
5255
11
1754
628
381
303
1528
220
15
23989
1429
681
220
16
33667
16
681
220
17
33667
17
553
10342
30152
283
220
18
61
19
283
220
23
16
13
89999
4886
1332
12609
16
4147
318
17
61
19
28
16
21
8
466
12609
17
4147
318
17
61
19
28
16
21
681
884
1142
2107
4147
318
16
1590
220
23
16
12
16
21
12
16
21
10
16
283
220
20
15
13
50615
271
2381
498
16
11
17
11
18
11
19
4678
16
20
11
1042
728
11319
1472
279
30715
5313
25
271
71093
12305
198
1445
18904
1120
1697
198
1445
6673
1120
43364
271
727
1698
5062
15057
35226
20449
25
1697
18078
2387
1411
514
25
198
262
18107
283
220
16
15
332
24
478
220
22
198
262
653
11002
31439
16
1404
70
17
5491
1324
314
5337
1332
12609
16
682
469
6281
338
16
318
15
413
4147
681
12609
17
682
469
6281
338
17
318
15
413
4147
8
198
262
11002
283
4177
15
60
348
220
17
15
16
364
696
303
2020
7
17
15
16
7025
198
262
11002
58
15
1404
15
60
283
220
16
220
653
11396
4147
14661
6987
262
364
830
303
10001
25
198
285
491
52066
283
4177
15
60
348
220
17
15
16
364
696
303
2020
7
17
15
16
7025
198
285
364
338
16
303
2020
7
17
15
16
1590
198
309
364
338
17
303
2020
7
17
15
16
1590
198
388
1009
283
11002
31439
16
1404
70
17
60
198
388
413
1009
606
220
15
25
198
493
2962
198
388
653
6743
220
16
25
4179
914
2830
830
303
2892
1146
15057
198
388
491
52066
31439
16
1404
70
17
60
283
318
902
52066
31439
16
1404
70
17
60
478
1009
8
984
18107
198
388
653
6743
220
17
25
28763
830
303
12609
16
1132
198
388
7531
16
283
830
413
338
16
606
220
15
745
43364
3163
16
11
830
8
198
388
491
52066
58
938
16
1404
70
17
60
283
318
902
52066
58
938
16
1404
70
17
60
478
1009
8
984
18107
198
388
653
6743
220
18
25
28763
830
303
12609
17
1132
198
388
7531
17
283
830
413
338
17
606
220
15
745
43364
3163
17
11
830
8
198
388
491
52066
31439
16
1404
938
17
60
283
318
902
52066
31439
16
1404
938
17
60
478
1009
8
984
18107
198
285
11002
283
491
52066
6987
262
653
7860
888
660
13139
1332
2107
12708
2303
513
2397
38127
321
599
279
1788
469
6281
198
262
1067
283
220
15
198
262
364
338
303
2020
7
16
11
220
17
15
16
1590
198
285
1067
283
318
1334
478
11002
31439
1404
70
2387
984
18107
6987
262
460
1067
198
71093
248046
198