248045
846
198
4274
279
2614
709
11618
321
4479
889
11
6999
4072
279
709
7246
321
1440
660
279
6813
13
2972
5683
4045
67305
3067
13209
50
159029
271
2523
1220
14623
279
1970
488
10490
303
264
64504
1970
2424
318
784
9609
31789
318
19458
668
31153
279
3889
5568
8
271
71093
198
727
1698
1611
912
2270
1217
1264
5781
25
514
8
1411
514
25
198
262
4071
28445
8211
383
35342
220
16
321
6587
310
5372
35342
580
13
2838
682
264
7538
869
5732
506
220
15
13
198
262
5369
35342
585
11
1292
628
2649
1330
4346
314
7289
25
198
262
220
16
13
5805
1441
310
35342
585
12
16
318
32157
381
1429
19301
330
3032
466
383
35342
220
15
8
198
262
220
17
13
5805
685
310
35342
585
478
220
17
61
41866
11
1179
15773
7538
539
220
16
6987
262
3301
279
2702
1324
314
5337
28445
628
5372
35342
580
13
198
262
6817
421
28445
628
5372
35342
580
5081
2942
321
2962
7289
13
198
1031
262
17167
25
198
285
580
25
561
2100
35342
1324
318
15
2564
580
2564
220
16
15
61
24
8
198
1031
262
5019
25
198
285
561
1324
314
12103
5337
310
5372
35342
580
6987
262
11765
1698
1611
912
2270
1217
1264
7
15
8
198
262
220
17
198
262
11765
1698
1611
912
2270
1217
1264
7
16
8
198
262
220
19
198
262
11765
1698
1611
912
2270
1217
1264
7
20
16
17
8
198
262
220
16
198
262
4071
271
727
1716
69574
1590
198
262
1992
8871
7
15
8
606
220
17
198
262
1992
8871
7
16
8
606
220
19
198
262
1992
8871
7
16
18
19
17
16
22
22
17
21
8
606
220
18
22
23
198
262
1992
8871
7
16
15
22
18
22
19
16
23
16
21
8
606
220
22
23
23
23
22
17
20
198
262
1992
8871
7
20
16
17
8
606
220
16
198
262
1992
8871
7
16
15
20
21
24
21
19
21
15
23
8
606
220
15
198
262
1992
8871
7
16
24
20
20
17
21
21
23
17
8
606
220
15
198
262
1992
8871
7
24
18
24
20
17
19
15
24
21
8
606
220
15
198
262
1992
8871
7
16
18
19
17
16
22
22
17
23
8
606
220
16
198
262
1992
8871
7
16
15
22
18
21
22
21
17
23
23
8
606
220
15
198
262
1992
8871
7
16
15
15
15
15
15
15
15
15
15
8
606
220
15
198
262
1992
8871
7
23
23
17
16
20
23
23
21
21
8
606
220
15
198
262
1992
8871
7
24
24
24
24
24
24
24
24
20
8
606
220
15
198
262
1992
8871
7
17
21
23
19
18
20
19
20
21
8
606
220
15
198
262
1992
8871
7
24
20
20
22
22
19
24
16
20
8
606
220
15
198
262
1992
8871
7
16
18
20
8
606
220
15
198
262
1992
8871
7
23
24
16
23
18
24
23
18
22
8
606
220
15
198
262
1992
8871
7
22
24
24
19
18
16
22
23
17
8
606
220
15
198
262
1992
8871
7
23
16
20
18
21
15
22
21
22
8
606
220
15
198
262
1992
8871
7
16
22
15
8
606
220
15
198
262
1992
8871
7
22
23
20
15
15
15
16
23
15
8
606
220
15
198
262
1992
8871
7
19
18
15
16
17
22
23
21
22
8
606
220
15
198
262
1992
8871
7
23
15
18
22
17
21
15
15
24
8
606
220
15
198
262
1992
8871
7
23
24
17
15
24
17
20
23
16
8
606
220
15
198
262
1992
8871
7
22
23
18
16
23
21
17
17
19
8
606
220
15
198
262
1992
8871
7
17
21
23
19
18
20
19
20
21
8
606
220
16
198
262
1992
8871
7
18
16
18
17
17
21
8
606
220
15
198
262
1992
8871
7
16
21
18
23
18
8
606
220
16
20
271
2
5272
1716
11181
1611
912
2270
1217
1264
8
310
1542
6813
13
198
71093
248046
198
248045
74455
198
248068
271
248069
271
71093
12305
198
727
1698
1611
912
2270
1217
1264
5781
25
514
8
1411
514
25
198
262
4071
28445
8211
383
35342
220
16
321
6587
310
5372
35342
580
13
2838
682
264
7538
869
5732
506
220
15
13
198
262
5369
35342
585
11
1292
628
2649
1330
4346
314
7289
25
198
262
220
16
13
5805
1441
310
35342
585
12
16
318
32157
381
1429
19301
330
3032
466
383
35342
220
15
8
198
262
220
17
13
5805
685
310
35342
585
478
220
17
61
41866
11
1179
15773
7538
539
220
16
6987
262
3301
279
2702
1324
314
5337
28445
628
5372
35342
580
13
198
262
6817
421
28445
628
5372
35342
580
5081
2942
321
2962
7289
13
198
1031
262
17167
25
198
285
580
25
561
2100
35342
1324
318
15
2564
580
2564
220
16
15
61
24
8
198
1031
262
5019
25
198
285
561
1324
314
12103
5337
310
5372
35342
580
6987
262
11765
1698
1611
912
2270
1217
1264
7
15
8
198
262
220
17
198
262
11765
1698
1611
912
2270
1217
1264
7
16
8
198
262
220
19
198
262
11765
1698
1611
912
2270
1217
1264
7
20
16
17
8
198
262
220
16
198
262
4071
198
262
413
580
606
220
15
25
198
285
460
220
17
198
262
413
580
606
220
16
25
198
285
460
220
19
6987
262
653
6558
579
1683
883
411
20648
13
198
262
653
561
1528
369
318
3374
11
7538
11
628
24702
13596
8
1332
628
24702
13596
369
3315
567
628
708
1441
318
72
1673
2487
279
1483
3166
557
524
264
1441
3166
553
198
262
653
1921
279
1528
3433
369
6552
1521
2234
628
381
685
310
220
16
15
61
24
13
198
262
653
198
262
653
6558
579
1683
883
279
5759
13
3095
567
708
685
11
567
2590
5096
7538
539
220
16
13
561
6966
7538
869
369
6973
1521
2234
1902
4565
2397
58883
321
567
628
914
708
2166
2944
13
198
262
653
198
262
653
32645
11
1042
579
1683
883
424
430
25
279
8240
314
7289
25721
279
1752
13
561
1328
19407
369
421
279
328
446
1
10480
513
69892
303
3665
314
7538
59521
11
694
279
328
2829
1
10480
884
11125
13
198
262
653
198
262
653
6558
579
37781
13
6558
579
6762
264
29812
14
9992
5313
440
20781
1954
13
561
1528
369
318
72
11
7538
11
1483
88452
13596
8
1332
585
369
1428
2234
11
7538
369
1428
7538
869
11
1483
88452
13596
369
3315
279
1483
3166
557
2019
1441
13
198
262
653
1921
585
628
381
1546
3349
13
4213
11
5020
421
2957
567
708
685
11
567
2224
2590
6992
310
7875
9599
318
37448
567
2445
1142
1441
553
695
262
653
198
262
653
6558
579
1683
883
1092
9599
567
628
3404
3814
13
26760
506
2234
220
16
11
7538
220
15
13
198
262
653
14142
685
25
2234
220
16
478
220
17
61
15
283
220
17
11
7538
220
16
198
262
653
14142
685
25
2234
220
17
478
220
17
61
16
283
220
19
11
7538
220
17
198
262
653
14142
685
25
2234
220
19
478
220
17
61
17
283
220
23
11
7538
220
18
198
262
653
733
4437
11
413
567
2426
2019
685
11
2234
8772
220
17
61
41866
478
220
16
30
6558
579
1716
25
198
262
653
4980
25
1097
28
16
11
7538
28
15
198
262
653
4486
220
16
685
25
1097
28
17
11
7538
28
16
198
262
653
4486
220
17
31649
25
1097
28
19
11
7538
28
17
198
262
653
4486
220
18
31649
25
1097
28
23
11
7538
28
18
198
262
653
4486
307
31649
25
1097
28
17
83193
11
7538
21076
30
13428
25
220
17
61
15
28
16
30
2233
13
6558
728
311
26808
13
198
262
653
1097
62
15
283
220
16
11
7538
62
15
283
220
15
198
262
653
1097
62
16
283
1097
62
15
478
220
17
61
15
283
220
16
10
16
283
220
17
11
7538
62
16
283
220
16
198
262
653
1097
62
17
283
1097
62
16
478
220
17
61
16
283
220
17
10
17
283
220
19
11
7538
62
17
283
220
17
198
262
653
1097
62
18
283
1097
62
16
478
220
17
61
17
283
220
19
10
19
283
220
23
11
7538
62
18
283
220
18
198
262
653
1097
1054
283
220
17
83193
30
1690
307
28
16
25
220
17
61
16
28
17
9542
13
307
28
17
25
220
19
9542
13
307
28
18
25
220
23
9542
13
198
262
653
1987
413
567
635
307
685
10480
11
567
5372
2234
220
17
83193
440
7538
307
13
198
262
653
198
262
653
1921
567
628
1048
708
1441
13
33714
1441
40664
2234
539
220
16
321
3070
914
2222
7538
13
198
262
653
198
262
653
561
1328
19407
25
279
3377
682
264
3050
5759
13
6558
579
1683
883
424
430
264
4757
314
22869
13
198
262
653
198
262
653
32645
11
1042
728
1683
883
411
777
15060
13
561
1528
318
72
11
7538
11
1483
13596
8
471
279
2234
585
628
12904
13
1921
5020
421
279
328
446
1
3166
2590
12339
7538
11
321
7538
1132
12339
13
1987
7538
369
506
1379
883
220
18
15
318
10957
220
17
61
18
15
835
220
16
15
61
24
553
198
262
653
695
262
653
1690
264
2574
7538
2119
492
11
1092
9599
628
567
381
506
30
561
2234
1902
381
506
3140
220
15
13
1541
567
628
599
7795
685
1010
1324
314
2942
321
1441
1010
1324
314
2942
13
198
262
653
198
262
653
6558
728
1683
20648
13
6558
579
1910
567
2908
1801
492
685
1395
9789
2702
13
4844
7538
283
492
13
561
2234
1238
492
685
1395
9789
321
1010
1441
1395
9789
1076
695
262
653
198
262
653
32645
11
1532
579
264
30835
1560
310
1683
25
6558
281
1889
11
492
11
293
8
283
1324
314
5337
310
9297
5372
35342
580
494
2234
585
440
1428
7538
492
11
1332
293
14378
413
567
628
708
1441
318
72
1673
2487
1483
3166
5532
914
1441
553
198
262
653
1165
1318
281
7
16
11
220
15
11
2912
8
318
4660
708
1441
14661
2394
874
3555
1441
3166
553
198
262
653
198
262
653
1921
585
20629
888
13188
1599
2663
13
4213
11
5020
421
364
264
8097
492
11
279
2234
585
369
59056
13
8439
567
628
1132
708
1441
539
220
16
506
264
854
11
321
567
628
914
708
3559
220
15
11
321
567
628
1132
599
7795
685
264
3529
1324
314
2942
1076
198
262
653
198
262
653
6558
579
1683
883
279
6966
2234
567
628
5372
13
1368
567
2590
708
685
11
567
5372
220
17
61
73
13
1368
567
708
1441
11
567
7698
2234
13
1987
364
7538
2119
492
11
2234
585
65611
220
15
2564
585
2564
220
17
61
73
318
93395
11
2394
567
3727
494
4570
9599
553
198
262
653
198
262
653
32645
11
1042
579
6608
424
2577
13
561
6966
2234
506
7538
2119
492
369
506
1379
220
17
61
73
318
331
567
2496
3804
1441
553
561
7776
369
220
15
13
198
262
653
198
262
653
1987
364
1754
7538
2119
492
318
15
310
883
220
18
16
681
585
20629
494
220
15
310
220
17
61
73
13
2844
579
264
2609
364
3349
492
11
694
220
17
61
18
16
369
883
220
17
6873
11
864
369
2166
1599
13
198
262
653
198
262
653
13428
11
694
567
1132
2373
883
18176
580
13
1541
580
369
8097
13
6558
728
1683
883
3315
567
628
76787
13
198
262
653
198
262
653
32645
11
1042
728
37781
279
3377
13
6558
728
1380
310
3418
279
9989
13
198
262
653
580
28
20
16
17
25
4087
369
220
16
13
220
20
16
17
283
220
17
61
24
13
1987
413
567
708
685
220
24
2942
25
220
16
1411
220
17
1411
220
19
1411
220
23
1411
2423
1411
220
20
16
17
13
2844
579
799
1560
13
8448
1017
3672
30
10380
413
567
708
1441
321
685
30
1921
421
1000
1325
4799
685
10480
310
615
1142
11
7459
7538
13
6558
579
1436
25
494
2234
220
20
16
17
11
413
567
708
1441
310
220
20
16
16
11
1179
567
1144
310
615
1142
310
220
20
16
17
13
5369
220
20
16
16
440
7538
220
24
11
567
628
708
685
310
220
20
16
16
478
220
20
16
17
283
220
16
15
17
18
13
2844
579
3162
220
20
16
17
13
1987
567
628
914
2445
1142
13
1987
279
1132
1560
369
279
2050
1752
13
198
262
653
198
262
653
580
28
16
18
20
25
4087
369
220
15
13
220
16
18
20
369
524
264
2279
314
220
17
11
321
6970
424
579
524
65975
13
198
262
653
198
262
653
6558
728
1683
883
5372
2803
13
3437
9599
513
65975
30
198
262
653
26760
506
220
16
13
4486
1010
8240
314
10480
11
1092
9599
628
567
381
506
30
198
262
653
198
262
653
6558
728
11319
2526
4886
13
198
262
653
4980
25
318
16
11
220
15
11
2912
8
471
628
708
1441
466
685
198
262
653
5369
318
16
11
220
15
11
2912
1590
198
262
653
256
6087
25
318
15
11
220
15
11
3439
8
471
694
3655
11
494
35342
220
16
11
708
1441
310
35342
220
15
13
2091
35342
220
15
5252
30
561
3377
2640
328
32157
381
1429
383
35342
220
15
487
7063
488
628
914
708
1441
4154
35342
220
15
13
1921
628
488
6980
383
35342
220
15
30
6558
728
311
27864
25
328
10533
1441
310
35342
585
12
16
318
32157
381
1429
19301
330
3032
466
383
35342
220
15
90765
353
1683
328
263
35342
220
15
1
3254
488
628
914
2649
264
1441
3166
948
488
2224
383
35342
220
15
13
1987
488
628
381
383
35342
220
15
11
694
488
628
914
708
1441
494
1017
13
198
262
653
256
5369
318
15
11
220
15
11
3439
1590
628
1132
708
685
13
3038
25
318
15
10
16
11
220
16
11
2912
8
283
318
16
11
220
16
11
2912
8
198
262
653
256
3038
25
318
16
10
16
11
220
16
11
2912
8
283
318
17
11
220
16
11
2912
8
198
262
653
198
262
653
5369
318
17
11
220
16
11
2912
1590
198
262
653
256
6087
25
318
16
11
220
16
11
3439
8
198
262
653
256
3038
25
318
17
10
17
11
220
17
11
2912
8
283
318
19
11
220
17
11
2912
8
198
262
653
198
262
653
5369
318
16
11
220
16
11
3439
1590
198
262
653
256
2885
914
708
1441
318
435
82819
553
3038
25
318
16
10
17
11
220
17
11
2912
8
283
318
18
11
220
17
11
2912
8
198
262
653
198
262
653
5369
318
19
11
220
17
11
2912
1590
198
262
653
256
6087
25
318
18
11
220
17
11
3439
8
198
262
653
256
3038
25
318
19
10
19
11
220
18
11
2912
8
283
318
23
11
220
18
11
2912
8
198
262
653
198
262
653
5369
318
18
11
220
17
11
3439
1590
198
262
653
256
2885
914
708
1441
13
3038
25
318
18
10
19
11
220
18
11
2912
8
283
318
22
11
220
18
11
2912
8
198
262
653
198
262
653
5369
318
18
11
220
17
11
2912
8
498
1445
318
16
11
16
79111
8
685
5491
198
262
653
256
6087
25
318
17
11
220
17
11
3439
8
198
262
653
256
3038
25
318
18
10
19
11
220
18
11
2912
8
283
318
22
11
220
18
11
2912
8
198
262
653
198
262
653
5369
318
17
11
220
17
11
3439
1590
198
262
653
256
2885
914
708
1441
13
3038
25
318
17
10
19
11
220
18
11
2912
8
283
318
21
11
220
18
11
2912
8
198
262
653
198
262
653
1987
567
628
5372
5090
9599
13
561
3296
369
3315
580
28
16
18
20
369
65975
13
198
262
653
198
262
653
1061
369
3583
6150
13
6558
728
1683
883
264
30715
440
20781
1954
11
694
353
1144
310
381
7539
883
279
1528
13
198
262
653
198
262
653
5141
21254
25
279
1528
369
318
72
11
492
11
293
8
1332
585
369
2234
11
492
369
7538
2119
11
293
369
3315
567
628
708
1441
13
198
262
653
492
369
506
1379
883
220
18
16
318
10957
220
17
61
18
16
835
220
16
15
61
24
321
567
628
914
708
3294
1076
1575
11
567
628
708
3294
580
11
694
279
2234
369
59056
539
1092
579
65975
553
198
262
653
198
262
653
32645
11
1042
728
1683
883
279
6966
2234
13
1368
567
2224
506
7538
2119
492
11
279
6966
2234
567
628
381
506
369
948
567
2908
978
2019
685
13
1921
567
628
1048
708
1441
13
561
2234
628
381
506
1379
1076
1575
11
413
567
708
685
494
264
1496
2234
11
567
708
1442
4918
13
1921
567
2224
4313
310
5372
580
11
321
413
567
708
2166
2944
3294
580
11
567
628
914
2445
1142
318
10957
1441
10480
513
6973
310
471
16
553
1987
567
628
76787
5134
1332
585
835
580
478
2414
30
2717
6681
11
1521
567
2493
708
685
3162
580
321
1179
2445
1441
13
1921
4840
1441
369
6103
9987
16
1754
854
553
198
262
653
198
262
653
6558
728
1683
883
411
20648
13
6558
579
958
20781
1452
48575
13
198
262
653
281
1889
11
492
11
293
8
283
1324
314
5337
310
5372
580
494
1528
318
72
11
492
11
293
8
198
262
653
5183
1105
25
413
585
606
580
11
567
2908
8379
580
13
1921
567
628
2962
0
561
3377
2640
328
59605
628
5372
35342
580
5081
2942
321
2962
7289
1149
1987
18176
580
3070
914
2842
279
1698
13
1165
1698
1396
1752
421
3397
20406
580
13
198
262
653
198
262
653
85152
11
421
579
32343
13
1987
567
1144
310
1698
279
1324
314
2942
580
369
11653
3808
660
23064
12351
30
2441
4598
11
279
1324
314
12103
12351
421
3814
580
506
3140
2957
30
198
262
653
198
262
653
13428
11
311
12
5961
25
328
5423
279
2702
1324
314
5337
28445
628
5372
35342
580
1149
1541
328
59605
628
5372
35342
580
5081
2942
321
2962
7289
1149
353
1683
411
3254
25
264
328
3017
1
369
264
8240
314
10480
1680
421
506
1010
1406
28445
369
383
35342
580
13
1541
567
1698
279
1324
314
1680
22958
13
1921
2394
28445
628
2962
1238
18176
580
11
1754
328
3017
1
421
23716
580
506
2923
259
628
381
11244
440
866
2610
39811
13
1987
279
2702
1698
1000
381
23064
30
198
262
653
198
262
653
2844
628
914
381
1245
13
6558
728
311
27864
279
9989
13
198
262
653
580
28
15
25
4087
369
220
17
13
580
28
16
25
4087
369
220
19
13
4081
513
2526
4947
13
198
262
653
198
262
653
353
1683
279
22134
369
25
1698
279
1324
314
12103
22958
314
10480
318
1020
866
2984
8
1680
421
279
1118
854
318
269
506
1010
1406
8
28445
23716
35342
580
13
1921
2394
1292
628
2962
11
6970
567
1698
1754
1752
421
20406
580
11
321
279
1752
369
6306
310
328
400
1
948
424
20406
580
30
2233
11
421
3070
914
1236
5357
2892
13
198
262
653
198
262
653
6558
728
1683
883
424
430
25
264
2610
328
3017
1
369
264
33093
8240
314
10480
5732
494
318
16
11
220
15
11
2912
8
1680
421
506
1010
1406
303
279
8240
11
279
2234
369
580
13
1541
567
1698
279
1324
314
1680
33093
22958
13
1921
279
1788
23064
1752
1362
3814
580
5081
2942
11
321
1754
8978
421
1118
20406
580
1000
381
264
2086
328
3017
3158
198
262
653
198
262
653
32645
11
353
1683
279
5129
22134
364
1439
4346
314
5154
369
25
1698
279
1324
314
12103
12351
318
59626
314
10480
8
1680
421
279
1752
20406
35342
580
506
1010
1406
13
8618
1752
369
264
33093
8240
13
8771
12351
513
2086
413
781
1684
303
866
3166
13
1541
2394
279
1817
628
2962
53379
11
694
567
1132
1698
33093
60467
421
5372
580
1076
198
262
653
198
262
653
13428
11
694
1179
364
580
28
16
11
5732
506
220
16
11
567
2224
2582
506
220
16
13
1987
279
4147
8240
14159
30
2441
1503
279
8240
1144
310
599
506
3140
799
3166
30
198
262
653
198
262
653
6558
728
1353
506
580
28
15
11
4087
28
17
13
2500
628
567
5372
220
15
30
198
262
653
5369
318
16
11
220
15
11
2912
681
708
1441
310
318
15
11
220
15
11
3439
553
2844
579
799
1560
318
15057
25
498
2829
10381
198
262
653
8448
1017
975
5337
30
5369
318
16
11
220
15
11
2912
681
708
685
310
318
17
11
220
16
11
2912
553
4844
494
318
17
11
220
16
11
2912
681
708
1441
310
318
16
11
220
16
11
3439
553
4844
494
318
16
11
220
16
11
3439
681
708
685
310
318
18
11
220
17
11
2912
553
1165
2224
3583
41211
494
220
15
13
1049
4816
2503
310
615
1142
310
220
15
13
198
262
653
32645
11
494
318
15
11
220
15
11
3439
681
567
628
1132
708
685
310
318
16
11
220
16
11
2912
553
1987
2957
567
5372
220
15
11
567
628
5106
13
1921
628
567
2445
1142
30
5369
318
16
11
220
16
11
2912
681
708
1441
310
318
15
11
220
16
11
3439
553
7179
0
1987
567
628
3814
220
15
5081
2942
13
198
262
653
198
262
653
1987
279
12351
421
3814
220
15
25
198
262
653
220
16
13
498
2829
5491
220
16
1411
220
15
13
7413
1159
220
15
13
198
262
653
220
17
13
498
2829
11
685
11
1441
5491
220
16
1411
220
15
1411
220
16
1411
220
15
13
7413
1159
220
15
318
266
2923
220
16
321
2923
220
18
553
198
262
653
220
18
13
498
2829
11
685
11
1441
11
685
11
1441
5491
220
16
1411
220
15
1411
220
16
1411
220
15
1411
220
16
1411
220
15
13
7413
1159
220
15
5081
2942
13
198
262
653
2423
198
262
653
1061
4816
1040
424
1362
381
23064
13
1921
279
4087
369
220
17
13
198
262
653
198
262
653
1987
353
1683
279
22134
369
25
1698
279
1324
314
12103
12351
421
5372
580
364
279
33660
854
13
353
1673
2487
279
1752
20406
580
11
694
874
8978
314
279
1752
318
1020
22602
2984
8
20406
580
13
198
262
653
198
262
653
1690
580
28
15
25
198
262
653
7683
220
16
25
498
2829
60
283
220
16
1411
220
15
13
5339
3814
310
220
15
506
2923
220
16
13
198
262
653
7683
220
17
25
498
2829
11
685
60
283
220
16
1411
220
15
1411
220
16
13
1061
20406
220
15
506
2923
220
16
11
748
279
1118
3814
369
506
2923
220
16
13
1921
411
1752
369
4860
13
2091
424
29014
24358
30
198
262
653
198
262
653
85152
11
413
567
1698
1118
20406
11
1179
498
2829
60
369
264
1118
3814
13
498
2829
11
685
60
369
524
264
1118
3814
1521
279
8978
498
2829
60
2582
11653
220
15
13
198
262
653
198
262
653
1987
6970
279
4087
369
279
1324
314
12351
1332
580
369
11653
364
279
1118
854
506
279
809
314
279
1752
30
353
1673
2487
279
1752
10029
506
580
11
321
874
6575
2234
303
279
1752
369
580
13
198
262
653
198
262
653
1690
580
28
15
25
12351
421
809
506
220
15
440
874
6575
220
15
25
198
262
653
471
498
2829
5491
220
16
1411
220
15
13
7571
13
198
262
653
471
5586
975
1752
421
10029
506
220
15
440
874
6575
220
15
30
5369
220
16
11
413
567
708
685
1118
25
220
16
1411
220
17
13
4844
567
1144
310
615
310
220
15
1973
16230
220
15
13
5369
220
17
11
1441
310
220
16
13
5369
220
16
11
1441
310
220
15
13
1921
3655
11
421
579
498
446
11
1441
11
1441
906
1921
628
567
635
23173
37894
30
5369
220
17
11
1441
310
220
16
318
4119
88452
13596
5433
8772
2912
553
5369
220
16
11
1441
310
220
15
318
7834
1483
88452
13596
557
2912
11
748
23173
37894
524
5252
553
1987
498
446
11
1441
11
1441
60
369
8060
13
198
262
653
3437
883
498
446
11
1441
11
685
11
1441
48282
220
16
1411
220
17
1411
220
16
1411
220
18
1411
2423
874
11
494
220
16
440
7538
220
16
11
685
5601
310
220
16
10
17
28
18
13
4844
494
220
18
11
1441
310
220
17
13
5369
220
17
11
1441
310
220
16
13
5369
220
16
11
1441
310
220
15
13
1921
1495
11
23173
37894
4125
13
198
262
653
198
262
653
6558
728
1683
883
580
28
15
777
15060
13
561
1132
1560
310
5372
220
15
369
310
708
1441
494
220
16
13
1541
310
381
506
220
16
440
279
5548
310
708
1441
318
4119
88452
13596
5433
681
567
1902
599
11136
506
220
16
1973
264
1441
3166
13
26760
506
220
16
440
1483
88452
13596
3497
318
4660
708
1441
553
1987
498
2829
60
369
279
1132
1560
310
1118
5372
220
15
13
198
262
653
1921
279
4087
369
220
17
13
1987
1017
1902
381
2361
1560
13
198
262
653
198
262
653
13428
11
6970
279
2763
1528
5954
2019
1441
11
321
1048
1076
84485
13
6558
728
311
9884
19382
13
198
262
653
248046
198
248045
846
198
7525
3555
4621
4490
279
6813
13
5514
579
279
1412
25
198
220
2793
34397
51
20
21
85
40
85
53
636
73
6971
487
1500
220
20
18
198
262
52451
12305
198
262
6108
198
32769
1401
25
8060
18890
14200
1206
311
40138
11
411
369
678
3274
25
4310
279
2614
709
11618
321
4479
889
11
6999
4072
279
709
7246
321
1440
660
279
6813
13
2972
5683
4045
67305
3067
13209
50
159029
271
2523
1220
14623
279
1970
488
10490
303
264
64504
1970
2424
318
784
9609
31789
318
19458
668
31153
279
3889
5568
8
248046
198
248045
74455
198
248068
271
248069
271
21765
506
411
3377
11
353
1144
310
3418
279
5759
314
12351
421
1118
5372
35342
580
13
6558
728
22903
279
9989
321
1683
1472
279
6093
13
271
1536
22980
25
198
16
13
26760
506
35342
220
16
440
7538
28
15
198
17
13
3038
3166
25
708
310
585
478
220
17
61
41866
11
1179
15773
7538
198
18
13
6087
3166
25
708
310
585
12
16
318
1856
19301
330
3032
11
524
494
35342
220
15
8
198
19
13
1165
1698
12351
421
5372
35342
580
318
3765
854
3814
8
271
9764
728
11319
1472
279
3377
777
15060
1608
20781
1452
54489
440
279
1528
318
3374
11
7538
11
628
24702
13596
553
271
71093
12305
198
727
1698
1611
912
2270
1217
1264
5781
25
514
8
1411
514
25
198
262
4071
28445
8211
383
35342
220
16
321
6587
310
5372
35342
580
13
2838
682
264
7538
869
5732
506
220
15
13
198
262
5369
35342
585
11
1292
628
2649
1330
4346
314
7289
25
198
262
220
16
13
5805
1441
310
35342
585
12
16
318
32157
381
1429
19301
330
3032
466
383
35342
220
15
8
198
262
220
17
13
5805
685
310
35342
585
478
220
17
61
41866
11
1179
15773
7538
539
220
16
6987
262
3301
279
2702
1324
314
5337
28445
628
5372
35342
580
13
198
262
6817
421
28445
628
5372
35342
580
5081
2942
321
2962
7289
13
198
1031
262
17167
25
198
285
580
25
561
2100
35342
1324
318
15
2564
580
2564
220
16
15
61
24
8
198
1031
262
5019
25
198
285
561
1324
314
12103
5337
310
5372
35342
580
6987
262
11765
1698
1611
912
2270
1217
1264
7
15
8
198
262
220
17
198
262
11765
1698
1611
912
2270
1217
1264
7
16
8
198
262
220
19
198
262
11765
1698
1611
912
2270
1217
1264
7
20
16
17
8
198
262
220
16
198
262
4071
198
262
494
54572
1120
324
2585
11198
6987
262
653
25749
7538
2119
25
2394
220
17
61
41866
26817
71630
11
321
2234
369
59056
11
198
262
653
7538
369
506
1379
2094
220
18
16
318
17
61
18
16
835
220
16
15
61
24
8
198
262
653
1921
567
2493
708
3162
580
11
748
1042
579
381
26774
25
7538
685
310
220
19
15
6987
262
653
5272
20781
1954
13
3130
25
318
3374
11
7538
11
628
24702
13596
8
198
262
653
2234
628
381
3349
11
694
567
628
6608
424
198
262
653
25749
2234
25
413
567
2426
2019
685
11
567
628
5372
506
1379
2542
314
220
17
61
73
364
492
28
15
310
604
283
220
17
12883
41
10
16
8
471
220
16
198
262
653
1690
604
28
18
16
11
421
579
883
220
17
61
18
17
864
369
835
220
16
15
61
24
11
748
2234
369
59056
539
3835
17
61
18
17
198
262
653
1921
567
628
76787
25
413
2234
835
580
321
567
2908
7795
2166
2944
11
567
2677
914
2445
1142
6497
6987
262
653
32645
11
1042
579
1683
883
411
20648
13
198
262
653
561
1328
19407
25
567
1132
2373
883
12351
421
33660
5372
580
13
198
262
653
1987
567
628
76787
866
1528
1332
2234
361
220
15
466
1332
567
628
2496
5372
580
13
198
1031
262
653
6558
579
958
264
29812
5313
440
20781
1954
198
262
653
3130
25
318
936
11
7538
11
1483
88452
13596
8
1332
1483
88452
13596
14378
413
567
628
708
1441
6987
262
653
25749
2234
567
1220
2814
25
567
628
914
708
2166
2944
3294
580
1521
4840
1441
369
6103
198
262
653
5369
2234
280
835
580
11
310
5372
580
567
1144
318
79
471
580
8
1441
10480
13
1921
1441
10480
628
914
381
23173
13
198
262
653
1987
1881
1754
1441
3166
11
567
1144
449
685
3166
13
1473
685
3166
494
2234
2715
5601
310
2715
478
220
17
61
41866
13
198
262
653
1061
5055
6150
13
6558
579
6608
2234
777
15060
13
198
1031
262
653
32645
11
1042
579
1066
958
264
3349
3213
6608
321
3769
279
20781
1954
13081
424
13
198
262
653
25749
7538
25
220
19
15
318
17
61
19
15
369
6552
11
694
2234
1000
381
59056
539
279
2542
8
198
1031
262
554
75
2585
11198
8474
2073
5675
8
198
262
687
24971
11909
11
7538
11
628
24702
13596
1590
198
285
4071
2427
279
1324
314
5337
310
1118
5372
580
494
1528
318
936
11
7538
11
628
24702
13596
8
12237
198
285
653
1368
567
2908
2582
8379
580
303
264
3555
2923
11
567
12752
914
381
1532
198
285
653
318
559
709
369
2512
1132
364
5134
421
8719
914
8379
580
3482
8
198
1726
285
653
2264
35971
25
413
1097
835
1010
6608
11
424
579
16856
567
628
5372
580
198
285
653
25749
5222
2234
25
494
1097
11
567
628
708
1441
506
1379
318
936
471
580
8
2942
310
5372
580
11
198
285
653
694
1754
1441
1902
381
18101
539
449
685
13
1987
567
1144
16757
318
936
12283
8
685
10480
2166
13
198
285
653
8618
685
3166
12339
2234
11
748
411
8772
11656
364
3349
1097
12283
13
198
285
653
6558
579
958
264
64358
6608
13
198
1726
285
413
1097
361
220
15
25
198
309
460
220
15
8675
285
653
1368
7538
369
2166
3349
11
279
1727
685
3166
1000
381
21701
198
285
413
7538
835
220
19
15
25
198
309
653
5369
1532
11
685
10480
1000
1831
586
1546
2944
3023
198
309
653
1165
628
1132
708
1441
11
694
1441
10480
513
6973
198
309
653
6558
579
1716
413
567
628
5372
580
539
2019
1441
198
309
413
1097
2564
580
25
198
388
460
220
15
198
309
653
1165
1144
310
708
1441
318
936
471
580
8
2942
11
694
1441
10480
628
914
381
23173
198
309
653
1061
369
6150
11
1042
579
460
220
15
364
1381
430
264
15036
2325
198
309
653
32645
11
413
7538
369
1546
3349
11
220
17
61
41866
369
6552
11
748
685
10480
513
3743
198
309
653
1165
628
1132
1236
4936
539
2019
1441
11
694
567
628
914
708
1441
19301
330
3032
198
309
653
1987
494
1097
440
3349
7538
11
567
628
708
1441
310
1097
12
16
11
1179
567
1902
708
685
318
7949
369
3743
8
198
309
653
1987
13057
567
628
1132
708
1441
2957
11
1179
567
2224
15239
2019
685
198
309
413
628
24702
13596
321
1097
471
220
16
2518
220
15
25
198
388
413
1097
471
220
16
606
580
25
198
493
460
220
16
198
388
653
4486
2019
1441
310
1097
12
16
11
1483
88452
13596
3497
11
748
567
628
914
708
1441
1495
198
388
653
1165
1902
708
685
11
864
5601
310
1097
12
16
478
220
17
61
41866
11
864
369
6552
198
388
460
220
15
198
309
460
220
15
8675
285
2702
283
220
15
8675
285
653
6743
220
16
25
5805
1441
318
331
5252
8
198
285
413
628
24702
13596
321
1097
835
220
15
25
198
309
491
6276
283
1097
471
220
16
198
309
413
491
6276
606
580
25
198
388
2702
1373
220
16
198
309
745
25
198
388
2702
1373
24971
1693
6276
11
7538
11
3439
8
198
1726
285
653
6743
220
17
25
5805
685
198
285
685
10800
283
1097
478
318
16
1079
7538
8
220
653
1097
478
220
17
61
41866
198
285
413
685
10800
606
580
25
198
309
2702
1373
220
16
198
285
745
25
198
309
2702
1373
24971
34377
10800
11
7538
478
220
16
11
2912
8
198
1726
285
460
2702
6987
262
653
4980
506
2234
220
16
11
7538
220
15
11
628
24702
13596
3497
198
262
413
580
606
220
16
25
198
285
653
1165
1151
506
580
11
748
279
4147
1752
14159
198
285
653
7054
11
567
628
5106
321
2445
1142
198
285
1067
283
220
16
220
653
4147
1752
318
43967
506
580
8
198
285
653
11990
12351
421
5106
220
16
321
2445
1142
310
220
16
364
279
1118
854
2843
198
285
653
5369
318
16
11
220
15
11
2912
1590
198
285
653
256
6087
25
310
318
15
11
220
15
11
3439
553
5369
1017
11
1132
685
25
310
318
16
11
220
16
11
2912
553
1921
318
16
11
16
86015
8
369
506
580
28
16
11
695
285
653
256
321
567
2908
978
3023
11
748
411
369
264
2610
1118
460
13
1987
478
16
364
498
2829
11
685
60
198
285
653
256
3038
25
310
318
17
11
220
16
11
2912
553
5369
318
17
11
16
86015
681
628
708
1441
310
318
16
11
16
79111
553
2844
579
506
580
28
16
11
1118
460
13
1987
478
16
364
498
446
11
1441
60
198
285
653
256
5369
318
16
11
16
79111
1590
628
914
708
1441
13
3038
310
318
18
11
17
86015
553
5369
318
18
11
17
86015
681
1441
310
318
17
11
17
79111
681
695
285
653
256
685
310
318
21
11
18
86015
681
1441
310
318
20
11
18
79111
681
685
310
318
16
18
11
19
86015
37732
2503
310
2445
1142
310
220
16
13
198
285
653
256
5369
318
16
11
16
86015
8
498
19492
1441
11
446
5491
1441
310
318
15
11
16
79111
553
5369
318
15
11
16
79111
681
685
310
318
17
11
17
86015
553
695
285
653
256
5369
318
17
11
17
86015
681
1441
310
318
16
11
17
79111
553
2332
580
28
16
11
1118
460
30
1165
998
506
220
16
506
2923
220
15
11
2047
11
695
285
653
256
3571
1142
506
2923
220
19
13
1921
567
1048
11653
220
16
506
2923
220
17
318
19492
1441
11
446
553
1987
498
2829
11
446
11
2829
60
20406
220
16
695
285
653
256
506
2923
220
17
11
748
498
2829
11
446
11
2829
11
446
60
3070
914
1118
460
506
2923
220
19
13
198
285
653
695
285
653
1061
369
3583
6150
13
6558
728
1066
958
279
54489
440
264
25794
13
198
285
1440
6987
262
653
32645
11
1042
728
37781
13
561
3377
2640
328
1719
2702
1324
314
5337
28445
628
5372
35342
580
3158
198
262
653
353
4267
411
3254
25
1698
660
33093
22958
314
2610
10480
1680
421
580
7701
506
1010
1406
198
262
653
303
279
8240
11
321
279
33660
30520
314
580
303
279
8240
369
506
1010
2234
13
198
262
653
8618
1680
8240
318
446
310
321
2583
279
1118
30520
314
580
8
369
799
328
3017
3158
198
1031
262
653
1987
567
1318
310
1698
279
1324
314
12351
494
1151
310
1118
18961
580
13
198
1031
262
653
1690
580
28
16
11
1151
369
506
220
16
13
1987
279
4147
1752
318
3993
220
15
8
682
1118
4062
506
2234
220
15
13
2844
579
220
16
1560
13
198
262
653
11990
12351
421
5106
220
16
321
2445
1142
25
695
262
653
256
498
2829
5491
220
16
397
15
13
5339
4062
506
1097
220
15
318
2388
553
2717
264
491
1118
4062
13
198
262
653
256
13428
11
353
1683
567
1698
12351
1332
580
369
279
1118
854
567
2224
506
580
13
198
262
653
256
1690
580
28
16
11
567
1151
506
220
16
13
1987
279
34468
1752
318
2887
4161
8
14159
13
198
262
653
256
5586
1752
421
8211
440
264
3166
10583
220
16
11
321
413
424
2843
4523
310
220
16
11
421
460
369
279
1118
695
262
653
256
854
567
2224
506
220
16
46655
9101
13
1921
567
998
506
220
16
506
279
1151
13
198
262
653
5690
262
653
353
1683
279
22134
369
25
264
328
3017
1
369
264
1752
318
15057
314
10480
8
1680
421
279
14456
369
580
11
198
262
653
321
874
27510
2234
318
14372
279
1483
8
369
580
13
1987
567
2224
24217
12351
494
1151
310
580
695
262
653
421
1459
914
3814
580
303
1881
13
198
1031
262
653
1690
580
28
16
25
1151
369
506
220
16
13
695
262
653
256
7683
314
2984
220
15
25
567
2224
506
220
16
13
4356
283
220
16
13
198
262
653
256
53739
314
2984
2518
220
16
421
809
506
220
16
321
1459
914
3814
220
16
303
9599
220
15
486
77
12
16
25
198
262
653
257
498
2829
11
685
5491
220
16
397
15
397
16
13
72812
25
220
16
11
15
11
16
13
7413
1159
220
16
506
1097
220
15
321
1097
220
17
13
1987
27510
318
936
220
15
8
369
220
16
13
2717
2610
30
695
262
653
257
85152
11
411
22134
3070
914
944
1575
2892
13
198
1031
262
653
6558
728
1066
1380
25
1698
12351
494
1151
310
580
1332
580
369
11653
364
279
1118
854
506
279
809
13
198
262
653
1987
279
1752
369
25
1151
283
280
62
15
11
280
62
16
11
58317
280
1054
283
580
11
321
280
5150
931
580
364
585
361
307
13
198
1031
262
653
1690
580
28
16
11
280
62
15
283
220
16
283
580
13
1987
307
28
15
369
2610
318
3092
1752
553
1690
307
9628
16
11
567
1144
280
5150
931
220
16
364
585
361
307
11
695
262
653
694
280
62
15
283
220
16
11
748
874
1752
440
307
9628
16
369
2610
13
1987
4087
1000
381
220
16
11
694
3481
369
220
19
13
198
1031
262
653
1987
421
579
524
424
2892
13
198
1031
262
653
6558
728
1353
506
411
494
264
2086
8937
13
10380
328
2210
310
5372
1
3254
279
1324
314
12103
695
262
653
5134
318
3374
11
7538
11
1483
13596
8
421
628
5372
580
11
35604
539
2414
30
198
1031
262
653
32645
11
353
1683
353
2688
888
5511
407
1060
411
13
6558
728
311
27864
25
328
5423
279
2702
1324
314
5337
695
262
653
28445
628
5372
35342
580
13
6817
421
28445
628
5372
35342
580
5081
2942
321
2962
7289
1149
198
1031
262
653
353
1683
411
3254
25
1698
279
1324
314
23064
12351
318
269
42018
4258
11
279
1324
314
12103
695
262
653
328
485
67038
1
466
328
59626
314
11125
871
1680
421
580
369
11653
506
3140
2957
13
1921
2394
279
695
262
653
4087
369
33093
11
424
1902
381
24217
2414
745
13
198
1031
262
653
15767
279
10926
513
2526
24959
11
353
1683
424
579
24217
279
1324
314
12103
33093
695
262
653
60467
314
2610
3166
22958
421
809
6681
948
1118
18176
580
13
198
1031
262
653
6558
728
1066
4072
264
5976
54489
421
14159
1118
5331
595
12351
321
1436
413
424
8798
13
198
1031
262
653
1690
279
54489
11
1528
369
318
936
11
7538
11
628
24702
13596
553
1165
1318
310
1698
12351
494
411
1528
695
262
653
421
5372
580
364
279
1118
854
318
54867
11
567
8719
914
8379
580
3482
303
279
8978
553
198
262
653
1921
567
1144
310
3627
3315
580
682
978
8379
13
4213
11
413
567
5790
567
76787
2957
567
5372
580
11
198
262
653
567
628
1066
1698
12351
310
580
13
198
1031
262
653
6558
728
80403
25
281
11909
11
7538
11
628
24702
13596
8
283
1324
314
2610
3166
22958
5732
494
695
262
653
411
1528
1680
421
279
8240
10029
6681
948
1118
18176
580
13
198
262
653
5183
25
413
1097
606
580
11
460
220
16
318
1719
4147
39811
11
585
1673
2487
567
2224
2725
553
198
262
653
17673
11
2542
888
2610
10480
314
281
1693
4244
553
198
1031
262
653
1921
567
1144
310
3579
279
1105
1332
567
2493
6136
13
4213
11
2394
7538
1132
12339
383
685
10480
11
198
262
653
321
1441
10480
1459
914
5096
7538
11
279
1528
3433
1220
381
33093
413
567
6608
2234
13
198
1031
262
653
6558
728
1380
411
440
264
6608
383
2234
13
198
1031
262
653
25749
2234
25
1042
579
1910
567
2070
2234
685
310
220
17
348
580
478
220
16
15
15
466
1010
6608
13
198
262
653
32645
11
1042
579
1683
883
1092
9599
513
65975
13
198
1031
262
653
5369
1151
318
16
11
220
15
11
2912
681
279
9599
567
628
5372
440
2526
7538
2663
513
6973
13
198
262
653
6558
728
1066
716
264
12891
6608
321
958
324
2585
11198
13
198
1031
262
8075
17768
283
220
17
348
1866
5781
11
220
16
8
478
220
16
15
15
220
653
1061
2493
524
381
3213
11
694
1042
579
1380
6987
262
554
75
2585
11198
8474
2073
5675
8
198
262
687
24971
17
11909
11
7538
11
628
24702
13596
1590
198
285
413
1097
606
580
25
198
309
460
220
16
198
285
413
1097
361
220
15
466
1097
835
8075
17768
25
198
309
460
220
15
198
285
413
7538
835
220
19
15
25
198
309
460
220
15
18015
285
2702
283
220
15
8675
285
653
6087
198
285
413
628
24702
13596
321
1097
835
220
15
25
198
309
2702
1373
24971
17
11909
471
220
16
11
7538
11
3439
8
198
1726
285
653
3038
198
285
685
10800
283
1097
478
318
16
1079
7538
8
198
285
413
685
10800
2564
8075
17768
25
198
309
2702
1373
24971
17
34377
10800
11
7538
478
220
16
11
2912
8
198
1726
285
460
2702
6987
262
460
24971
17
7
16
11
220
15
11
2912
8
198
71093
271
13784
11
411
2677
914
944
364
3349
580
1521
8075
17768
1000
381
6552
13
6558
728
1683
777
15060
883
279
5759
13
271
21765
506
279
1228
4886
11
1599
460
220
15
11
864
12846
1379
2663
513
66976
13
561
2397
35704
4886
513
25
220
15
49300
17
11
220
16
49300
19
11
220
20
16
17
49300
16
11
220
16
18
19
17
16
22
22
17
21
49300
18
22
23
11
220
16
15
22
18
22
19
16
23
16
21
49300
22
23
23
23
22
17
20
11
220
16
18
19
17
16
22
22
17
23
49300
16
11
220
17
21
23
19
18
20
19
20
21
49300
16
11
220
16
21
18
23
18
49300
16
20
13
271
9764
728
4072
411
9971
440
264
2577
8396
314
279
1528
3433
13
271
71093
12305
198
727
1698
1611
912
2270
1217
1264
5781
25
514
8
1411
514
25
198
262
4071
28445
8211
383
35342
220
16
321
6587
310
5372
35342
580
13
2838
682
264
7538
869
5732
506
220
15
13
198
262
5369
35342
585
11
1292
628
2649
1330
4346
314
7289
25
198
262
220
16
13
5805
1441
310
35342
585
12
16
318
32157
381
1429
19301
330
3032
466
383
35342
220
15
8
198
262
220
17
13
5805
685
310
35342
585
478
220
17
61
41866
11
1179
15773
7538
539
220
16
6987
262
3301
279
2702
1324
314
5337
28445
628
5372
35342
580
13
198
262
6817
421
28445
628
5372
35342
580
5081
2942
321
2962
7289
13
198
1031
262
17167
25
198
285
580
25
561
2100
35342
1324
318
15
2564
580
2564
220
16
15
61
24
8
198
1031
262
5019
25
198
285
561
1324
314
12103
5337
310
5372
35342
580
6987
262
11765
1698
1611
912
2270
1217
1264
7
15
8
198
262
220
17
198
262
11765
1698
1611
912
2270
1217
1264
7
16
8
198
262
220
19
198
262
11765
1698
1611
912
2270
1217
1264
7
20
16
17
8
198
262
220
16
198
262
4071
198
262
494
54572
1120
324
2585
11198
6987
262
653
3130
25
318
936
11
7538
11
628
24702
13596
8
198
262
653
1165
1698
279
1324
314
12351
494
1151
310
1118
18176
580
13
198
262
653
357
1752
369
264
8240
314
10480
1332
567
2842
948
567
1118
4062
580
13
198
1031
262
653
5141
19407
25
7538
1132
12339
383
685
1395
9789
11
748
7538
369
59056
539
3835
18
16
13
198
262
653
1690
1754
7538
869
11
1097
369
59056
13
6558
579
958
20781
1452
54489
13
198
1031
262
554
75
2585
11198
8474
2073
5675
8
198
262
687
24971
11909
11
7538
11
628
24702
13596
1590
198
285
653
1368
567
2908
8379
580
11
411
1752
41553
220
16
318
868
2842
1532
8
198
285
413
1097
606
580
25
198
309
460
220
16
8675
285
653
2264
35971
25
413
1097
369
2166
2944
494
580
11
567
628
914
5372
424
198
285
653
7252
5222
7538
25
220
18
20
198
285
413
7538
835
220
18
20
25
198
309
460
220
15
198
285
413
1097
361
220
15
25
198
309
460
220
15
198
285
653
29615
6608
383
1097
25
494
1097
11
310
5372
580
361
1097
11
567
1144
310
708
1441
13
198
285
653
8618
1441
24469
1097
539
220
16
11
694
567
628
914
635
23173
37894
13
198
285
653
1987
567
1144
506
3140
318
936
471
580
8
685
1395
9789
310
8387
37894
11
864
369
11656
413
7538
369
3349
13
198
285
653
8722
6608
25
1097
835
580
478
318
16
1079
1262
3216
1456
478
220
17
15
11
220
18
15
578
369
2166
2944
198
285
653
6558
579
958
264
750
22707
6608
198
285
413
1097
835
580
478
318
16
1079
220
18
15
8
321
580
835
220
15
25
198
309
460
220
15
198
285
413
1097
835
318
16
1079
220
18
20
1590
198
309
460
220
15
8675
285
2702
283
220
15
8675
285
653
6087
3166
198
285
413
628
24702
13596
321
1097
835
220
15
25
198
309
2702
1373
24971
11909
471
220
16
11
7538
11
3439
8
198
1726
285
653
3038
3166
198
285
1727
6276
283
1097
478
318
16
1079
7538
8
198
285
413
1727
6276
361
318
16
1079
220
18
21
1590
220
653
45277
6608
198
309
2702
1373
24971
16418
6276
11
7538
478
220
16
11
2912
8
198
1726
285
460
2702
6987
262
460
24971
7
16
11
220
15
11
2912
8
198
71093
248046
198