248045
846
198
4274
279
2614
709
11618
321
4479
889
11
6999
4072
279
709
7246
321
1440
660
279
6813
13
2972
5683
4045
67305
3067
13209
50
159029
271
2523
1220
14623
279
1970
488
10490
303
264
64504
1970
2424
318
784
9609
31789
318
19458
668
31153
279
3889
5568
8
271
71093
198
1445
18904
1120
1697
1358
727
2542
17359
20911
31871
20449
25
1697
18078
2387
1411
514
25
198
262
4071
19892
279
2542
314
64963
4947
314
660
1146
64633
314
279
2574
1287
13
198
1031
262
561
64963
1324
314
449
1287
369
4364
430
279
1324
314
14505
585
318
15
2564
585
361
307
12
16
8
695
262
303
279
10300
1287
1332
10300
3730
957
10
16
60
471
10300
3730
957
60
835
220
16
13
198
1031
262
357
1146
1595
369
264
64258
2397
38127
8240
314
5255
2785
449
1287
13
198
1031
262
17167
25
198
285
10001
25
357
1103
314
24959
1332
220
16
2564
2343
20449
8
2564
220
16
15
15
15
321
220
16
2564
10001
957
60
2564
2343
20449
8
198
1031
262
5019
25
198
285
561
2542
314
64963
4947
314
660
1146
64633
6987
262
11765
2542
17359
20911
31871
2477
17
11
220
18
11
220
16
11
220
19
2387
198
262
220
18
198
262
11765
2542
17359
20911
31871
2477
16
11
220
18
11
220
18
11
220
18
11
220
20
2387
198
262
220
23
198
262
4071
271
727
1716
69574
1590
198
262
653
3284
4886
494
279
3377
198
262
1992
8871
2477
17
11
220
18
11
220
16
11
220
19
2387
606
220
19
198
262
1992
8871
2477
16
11
220
18
11
220
18
11
220
18
11
220
20
2387
606
220
23
6987
262
653
22484
1228
4886
198
262
1992
8871
2477
20
2387
606
220
15
198
262
1992
8871
2477
19
2387
606
220
15
198
262
1992
8871
2477
16
2387
606
220
15
198
262
1992
8871
2477
17
11
220
22
2387
606
220
16
198
262
1992
8871
2477
17
11
220
17
2387
606
220
15
198
262
1992
8871
2477
19
11
220
16
2387
606
220
16
198
262
1992
8871
2477
17
11
220
18
11
220
18
2387
606
220
15
6987
262
653
19670
1228
1105
440
660
220
16
82
198
262
1992
8871
2477
16
60
348
220
16
15
15
15
8
606
220
15
6987
262
653
3284
1105
220
24
198
262
1992
8871
2477
20
16
23
11
220
19
24
24
11
220
16
23
20
11
220
18
19
23
11
220
19
17
24
11
220
17
24
22
11
220
18
16
20
11
220
18
19
23
11
220
21
19
11
220
16
17
24
11
220
20
24
16
11
220
16
23
16
11
220
18
15
22
11
220
16
18
15
11
220
20
16
22
11
220
17
22
24
11
220
22
21
11
220
19
20
22
11
220
21
21
17
11
220
19
20
22
11
220
17
18
11
220
19
17
21
11
220
21
16
16
11
220
21
21
20
11
220
22
15
23
11
220
22
15
20
11
220
16
20
24
11
220
17
22
23
11
220
17
24
21
11
220
23
21
11
220
20
24
23
11
220
19
24
17
11
220
20
15
11
220
20
16
22
11
220
20
23
11
220
19
18
21
11
220
20
22
21
11
220
19
22
15
11
220
21
17
11
220
21
17
19
11
220
17
18
23
11
220
16
16
17
11
220
16
22
23
11
220
22
17
21
11
220
20
18
22
11
220
21
24
24
11
220
22
16
21
11
220
18
22
20
11
220
20
23
21
11
220
16
17
19
11
220
16
19
23
11
220
18
21
17
11
220
23
11
220
17
20
17
11
220
21
24
15
11
220
16
20
24
11
220
18
20
11
220
21
21
15
11
220
16
16
20
11
220
19
21
18
11
220
16
21
24
11
220
18
15
15
11
220
21
19
16
11
220
19
22
22
11
220
16
22
15
11
220
18
20
19
11
220
16
21
16
11
220
21
22
19
11
220
21
15
19
11
220
17
18
15
11
220
18
22
19
11
220
16
17
15
11
220
19
22
11
220
20
16
23
11
220
17
22
23
11
220
21
17
19
11
220
18
16
20
11
220
19
16
11
220
21
22
20
11
220
21
21
20
11
220
18
17
11
220
21
18
21
11
220
16
18
20
11
220
16
19
15
11
220
21
19
17
11
220
17
18
23
11
220
19
23
16
11
220
20
24
23
11
220
18
20
18
11
220
16
18
22
11
220
21
16
19
11
220
22
16
20
11
220
19
19
16
11
220
17
11
220
21
20
21
11
220
21
22
23
11
220
16
21
22
11
220
17
18
20
11
220
16
23
21
11
220
16
15
23
11
220
19
16
23
11
220
22
16
21
11
220
16
19
22
11
220
18
22
22
11
220
20
21
17
11
220
16
19
19
11
220
17
17
15
11
220
16
20
20
11
220
17
20
17
11
220
16
22
17
11
220
19
16
11
220
21
18
18
11
220
21
17
16
11
220
19
19
19
11
220
20
23
18
11
220
17
24
18
11
220
22
15
11
220
20
16
22
11
220
20
18
23
11
220
16
20
21
11
220
17
20
17
11
220
16
21
22
11
220
23
19
11
220
17
17
23
11
220
16
15
20
11
220
18
21
15
11
220
18
24
24
11
220
17
22
23
11
220
16
16
23
11
220
17
24
11
220
22
21
11
220
20
21
18
11
220
20
21
22
11
220
21
23
15
11
220
19
20
19
11
220
19
22
15
11
220
20
19
16
11
220
18
18
11
220
20
21
21
11
220
16
20
20
11
220
20
24
22
11
220
16
22
23
11
220
20
17
16
11
220
18
15
22
11
220
17
19
11
220
16
23
17
11
220
19
17
23
11
220
19
21
17
11
220
20
19
16
11
220
17
18
16
11
220
20
18
21
11
220
21
24
16
11
220
19
19
17
11
220
16
17
24
11
220
18
22
24
11
220
20
18
15
11
220
20
19
18
11
220
19
17
19
11
220
16
23
17
11
220
18
21
11
220
16
18
24
11
220
18
19
21
11
220
18
15
16
11
220
18
18
16
11
220
18
18
20
11
220
23
17
11
220
19
21
17
11
220
19
21
16
11
220
20
22
21
11
220
21
24
21
11
220
22
15
17
11
220
19
18
18
11
220
17
19
15
11
220
21
20
24
11
220
22
17
21
11
220
18
23
20
11
220
20
17
19
11
220
16
20
16
11
220
16
16
21
11
220
20
17
19
11
220
17
18
16
11
220
17
23
22
11
220
19
21
23
11
220
19
18
18
11
220
18
18
19
11
220
17
16
19
11
220
24
23
11
220
16
23
17
11
220
20
18
22
11
220
20
15
23
11
220
18
21
19
11
220
20
19
19
11
220
18
18
22
11
220
18
19
11
220
21
18
15
11
220
18
18
11
220
18
21
24
11
220
17
21
15
11
220
19
24
22
11
220
21
18
19
11
220
21
23
22
11
220
20
20
15
11
220
17
11
220
17
22
11
220
20
15
23
11
220
21
23
11
220
17
18
18
11
220
18
18
15
11
220
17
22
22
11
220
21
20
11
220
17
22
20
11
220
16
21
20
11
220
17
17
17
11
220
20
20
18
11
220
18
16
24
11
220
19
15
21
11
220
21
16
15
11
220
19
24
22
11
220
21
15
21
11
220
17
18
18
11
220
17
22
16
11
220
16
16
21
11
220
21
16
11
220
20
17
16
11
220
20
23
23
11
220
21
22
23
11
220
22
24
11
220
16
17
18
11
220
16
15
17
11
220
17
21
11
220
21
17
15
11
220
19
20
23
11
220
19
23
20
11
220
16
23
17
11
220
17
16
24
11
220
21
23
15
11
220
19
17
23
11
220
23
21
11
220
20
22
16
11
220
17
16
21
11
220
22
15
18
11
220
16
22
19
11
220
17
20
17
11
220
21
19
23
11
220
19
16
24
11
220
17
17
17
11
220
22
16
18
11
220
21
18
18
11
220
20
16
16
11
220
20
17
23
11
220
16
22
20
11
220
21
18
19
11
220
17
19
23
11
220
20
16
16
11
220
20
23
16
11
220
19
17
17
11
220
21
16
23
11
220
20
21
23
11
220
16
23
21
11
220
20
17
22
11
220
18
17
19
11
220
19
21
24
11
220
16
19
18
11
220
18
24
15
11
220
18
21
19
11
220
19
24
22
11
220
24
21
11
220
17
21
11
220
19
20
15
11
220
18
23
23
11
220
21
24
16
11
220
21
17
24
11
220
18
24
17
11
220
22
17
15
11
220
16
15
21
11
220
16
19
22
11
220
18
16
20
11
220
22
16
21
11
220
20
21
11
220
21
16
22
11
220
17
23
17
11
220
18
11
220
16
16
24
11
220
16
22
11
220
20
18
20
11
220
21
20
19
11
220
19
21
11
220
20
23
19
11
220
22
16
19
11
220
23
19
11
220
24
21
11
220
20
20
24
11
220
20
18
21
11
220
20
23
19
11
220
17
22
23
11
220
17
19
23
11
220
16
20
23
11
220
18
11
220
18
20
16
11
220
16
23
20
11
220
21
11
220
21
18
17
11
220
20
19
15
11
220
19
22
22
11
220
21
20
19
11
220
19
18
24
11
220
20
16
22
11
220
17
16
20
11
220
18
24
22
11
220
18
15
16
11
220
18
16
18
11
220
16
16
21
11
220
24
17
11
220
16
16
22
11
220
21
20
20
11
220
20
18
22
11
220
16
16
17
11
220
24
23
11
220
19
23
18
11
220
18
20
11
220
17
21
24
11
220
16
23
19
11
220
21
23
15
11
220
20
21
22
11
220
22
18
11
220
21
24
19
11
220
22
16
21
11
220
21
17
24
11
220
16
18
18
11
220
16
16
15
11
220
21
17
17
11
220
16
24
17
11
220
21
21
18
11
220
21
20
11
220
19
18
21
11
220
17
20
15
11
220
17
22
11
220
18
17
18
11
220
24
16
11
220
20
17
18
11
220
18
20
15
11
220
22
17
17
11
220
21
18
21
11
220
17
17
15
11
220
16
22
18
11
220
16
24
24
11
220
21
15
17
11
220
19
16
16
11
220
20
23
21
11
220
17
24
18
11
220
17
21
17
11
220
17
24
20
11
220
16
15
23
11
220
17
22
20
11
220
21
17
11
220
19
21
21
11
220
16
23
24
11
220
20
24
16
11
220
21
19
24
11
220
20
21
15
11
220
20
17
17
11
220
17
18
23
11
220
20
20
22
11
220
18
16
22
11
220
21
17
24
11
220
20
24
18
11
220
17
23
19
11
220
16
18
19
11
220
19
15
15
11
220
17
15
22
11
220
19
21
21
11
220
20
17
20
11
220
18
15
17
11
220
17
23
18
11
220
20
16
16
11
220
16
23
17
11
220
19
15
16
11
220
19
23
15
11
220
17
17
17
11
220
20
22
16
11
220
16
18
19
11
220
18
23
20
11
220
20
18
18
11
220
21
23
19
11
220
19
22
23
11
220
16
17
15
11
220
18
20
20
11
220
21
22
17
11
220
20
19
23
11
220
19
20
16
11
220
16
19
21
11
220
21
20
16
11
220
17
24
18
11
220
19
23
19
11
220
20
21
19
11
220
22
15
19
11
220
16
24
24
11
220
19
18
24
11
220
17
17
18
11
220
16
24
19
11
220
22
17
23
11
220
22
15
15
11
220
17
16
19
11
220
18
18
17
11
220
20
23
15
11
220
18
21
23
11
220
19
16
20
11
220
24
16
11
220
17
17
18
11
220
20
22
18
11
220
21
19
17
11
220
16
19
20
11
220
19
19
16
11
220
16
21
21
11
220
21
16
11
220
16
16
19
11
220
19
22
11
220
20
21
21
11
220
21
18
21
11
220
20
19
23
11
220
18
15
16
11
220
21
18
18
11
220
21
22
23
11
220
20
19
15
11
220
20
22
17
11
220
20
16
22
11
220
22
15
24
11
220
20
19
21
11
220
16
21
21
11
220
17
16
22
11
220
19
15
11
220
21
21
21
11
220
16
22
19
11
220
16
21
19
11
220
20
15
21
11
220
19
15
16
11
220
16
17
22
11
220
20
21
22
11
220
20
19
16
11
220
20
18
16
11
220
17
22
16
11
220
19
15
22
11
220
20
24
19
11
220
21
24
24
11
220
21
20
16
11
220
20
15
18
11
220
22
23
11
220
20
16
15
11
220
18
23
16
11
220
19
19
17
11
220
21
20
20
11
220
19
20
11
220
16
17
11
220
21
24
19
11
220
16
24
24
11
220
21
21
20
11
220
19
24
16
11
220
20
20
24
11
220
18
21
24
11
220
17
22
16
11
220
17
20
18
11
220
21
15
11
220
21
16
23
11
220
21
23
18
11
220
16
23
24
11
220
17
16
24
11
220
21
15
19
11
220
17
19
23
11
220
20
15
20
11
220
19
19
16
11
220
21
19
20
11
220
17
17
23
11
220
19
18
19
11
220
19
11
220
16
18
22
11
220
20
22
21
11
220
18
16
15
11
220
20
20
21
11
220
18
17
19
11
220
17
20
15
11
220
19
15
16
11
220
21
23
19
11
220
19
20
15
11
220
20
15
23
11
220
21
22
11
220
21
21
15
11
220
20
17
23
11
220
19
23
20
11
220
21
17
21
11
220
22
16
22
11
220
17
24
16
11
220
18
16
18
11
220
17
16
15
11
220
21
23
11
220
17
18
15
11
220
20
21
21
11
220
21
23
19
11
220
18
21
16
11
220
21
17
18
11
220
17
23
16
11
220
16
18
11
220
18
20
21
11
220
22
15
19
11
220
18
22
21
11
220
21
21
23
11
220
16
16
24
11
220
18
16
22
11
220
17
21
23
11
220
17
23
22
11
220
17
23
19
11
220
17
24
24
11
220
21
17
22
11
220
16
18
23
11
220
19
21
20
11
220
18
24
11
220
20
20
15
11
220
17
17
19
11
220
16
23
18
11
220
20
23
18
11
220
18
15
17
11
220
18
19
16
11
220
17
16
20
11
220
19
23
23
11
220
19
18
15
11
220
16
15
22
11
220
21
17
19
11
220
20
16
24
11
220
18
18
18
11
220
17
23
22
11
220
20
19
20
11
220
16
22
11
220
20
18
19
11
220
21
21
19
11
220
21
15
15
11
220
19
16
15
11
220
18
20
15
11
220
20
23
24
11
220
21
16
17
11
220
18
23
11
220
17
20
11
220
16
20
19
11
220
22
17
16
11
220
21
16
16
11
220
18
19
21
11
220
22
16
18
11
220
18
18
11
220
20
16
24
11
220
19
23
16
11
220
20
24
24
11
220
16
15
20
11
220
22
15
24
11
220
19
20
18
11
220
22
17
11
220
21
17
11
220
22
17
18
11
220
21
15
20
11
220
17
21
18
11
220
20
23
17
11
220
22
17
19
11
220
21
23
18
11
220
16
16
19
11
220
17
21
19
11
220
18
15
18
11
220
20
18
15
11
220
17
21
20
11
220
17
19
22
11
220
22
15
16
11
220
24
11
220
19
17
19
11
220
21
22
11
220
16
16
21
11
220
18
22
17
11
220
16
19
23
11
220
16
24
15
11
220
22
15
20
11
220
17
22
17
11
220
19
11
220
21
21
24
11
220
21
17
18
11
220
20
16
22
11
220
20
22
22
11
220
21
24
18
11
220
19
18
16
11
220
16
24
19
11
220
18
18
24
11
220
17
18
23
11
220
21
23
19
11
220
21
17
24
11
220
17
19
22
11
220
19
15
11
220
20
17
17
11
220
17
16
16
11
220
18
17
16
11
220
20
24
11
220
18
24
15
11
220
18
16
11
220
20
23
16
11
220
18
17
19
11
220
17
20
11
220
21
21
17
11
220
21
11
220
18
19
16
11
220
20
21
21
11
220
21
23
15
11
220
18
23
17
11
220
21
21
23
11
220
20
15
21
11
220
21
17
19
11
220
19
20
17
11
220
19
19
15
11
220
16
22
21
11
220
18
17
15
11
220
21
24
17
11
220
16
24
20
11
220
20
16
21
11
220
19
17
19
11
220
16
16
21
11
220
18
22
22
11
220
20
17
19
11
220
18
20
11
220
20
18
16
11
220
16
21
23
11
220
18
18
16
11
220
18
22
17
11
220
16
24
19
11
220
22
22
11
220
24
20
11
220
19
21
21
11
220
17
23
16
11
220
17
15
23
11
220
17
18
18
11
220
20
20
22
11
220
19
20
20
11
220
17
22
18
11
220
22
15
17
11
220
19
20
22
11
220
18
19
22
11
220
18
24
22
11
220
19
19
21
11
220
22
17
15
11
220
18
22
15
11
220
21
24
15
11
220
17
24
20
11
220
16
20
24
11
220
17
20
16
11
220
16
16
19
11
220
18
18
20
11
220
22
15
20
11
220
17
18
19
11
220
19
15
19
11
220
20
20
23
11
220
19
19
20
11
220
19
15
16
11
220
18
21
20
11
220
19
19
16
11
220
21
24
19
11
220
21
24
21
11
220
20
18
19
11
220
18
15
23
11
220
19
23
16
11
220
17
16
20
11
220
21
20
23
11
220
22
18
11
220
17
19
18
11
220
19
15
19
11
220
19
22
18
11
220
19
16
21
11
220
16
17
23
11
220
18
15
19
11
220
17
22
19
11
220
19
18
19
11
220
16
18
19
11
220
17
20
19
11
220
21
21
23
11
220
20
20
23
11
220
20
18
24
11
220
18
22
18
11
220
21
23
23
11
220
21
17
15
11
220
21
17
15
11
220
19
17
17
11
220
19
24
11
220
16
21
23
11
220
20
23
19
11
220
17
21
20
11
220
17
21
23
11
220
21
18
22
11
220
16
22
22
11
220
19
19
16
11
220
20
18
18
11
220
19
23
24
11
220
16
20
19
11
220
18
19
19
11
220
20
21
16
11
220
22
15
19
11
220
19
20
16
11
220
21
22
21
11
220
20
17
24
11
220
20
17
19
11
220
20
19
17
11
220
22
24
11
220
17
20
11
220
21
15
18
11
220
16
21
20
11
220
18
16
20
11
220
17
16
17
11
220
17
15
15
11
220
17
16
16
11
220
16
22
23
11
220
23
15
11
220
24
19
11
220
16
20
18
11
220
21
20
24
11
220
16
23
16
11
220
18
20
18
11
220
16
16
22
11
220
17
22
24
11
220
20
24
16
11
220
24
15
11
220
19
24
23
11
220
17
19
24
11
220
19
16
17
11
220
18
16
24
11
220
20
22
20
11
220
17
18
11
220
19
24
20
11
220
18
23
16
11
220
19
17
19
2387
606
220
18
17
19
18
21
22
17
23
271
2
5272
1716
19111
17359
20911
31871
8
310
1542
6813
13
198
71093
248046
198
248045
74455
198
248068
271
248069
271
1206
11290
411
3377
11
567
1144
310
10724
279
2542
314
64963
4947
364
660
1146
64633
314
264
2574
1287
13
561
64963
1324
314
264
1146
1595
369
4364
430
279
1324
314
14505
1510
72
63
318
2777
1510
15
2564
585
361
2343
10309
1595
8
471
220
16
31789
303
279
10300
1146
1595
1680
421
1510
27379
5062
1595
957
10
16
60
471
10300
5062
1595
957
60
835
220
16
27653
271
13962
51301
198
16
13
2972
30177
17775
92217
198
256
471
357
1146
1595
369
264
64258
2397
38127
8240
314
5255
2785
279
1287
13
198
256
471
1690
1754
1146
1595
11
567
3269
279
5255
321
1698
279
1324
314
23173
5255
303
279
10300
1287
421
1684
539
777
1056
220
16
13
198
256
471
561
2702
2542
369
279
2542
314
1439
14159
364
660
3102
1146
64633
13
271
17
13
2972
1536
68563
92217
198
256
471
3135
1035
14751
5933
660
1146
64633
321
27355
1754
799
1000
381
2166
6103
364
3349
10804
318
446
310
220
16
15
15
15
5255
553
4213
11
5020
421
279
2663
303
279
1287
513
51948
1680
421
1510
16
2564
10001
957
60
2564
2343
20449
8
27653
1061
3254
279
2663
513
24959
303
279
2020
74988
16
11
443
60
63
1332
1510
45
63
369
279
2984
314
279
1287
13
198
256
471
1165
628
958
264
24217
3269
5313
466
11304
17839
310
28750
12204
279
64963
364
1146
64633
13
4213
11
2394
279
20908
383
1510
45
63
369
220
16
15
15
15
11
279
2702
1324
314
1146
64633
369
883
1510
20
15
15
11
15
15
15
27653
1690
1754
1146
1595
11
413
567
3269
424
11
279
11447
37208
22373
369
1510
46
7947
1433
443
44646
791
1146
1595
11
6187
310
1510
46
7947
61
18
1433
443
44646
864
369
1510
16
15
15
15
61
18
348
220
16
15
63
283
1510
16
15
61
16
15
63
7289
11
864
369
2166
6103
13
198
5690
18
13
2972
20711
63738
92217
198
256
471
1165
1144
264
777
10727
1654
13
23961
421
279
64963
314
264
1146
1595
13402
383
279
31092
1881
23173
2663
303
279
10300
1146
1595
13
695
256
471
1473
10242
5313
369
310
28662
888
660
3102
13139
314
12103
2663
1510
87
63
321
1510
88
63
318
2777
1510
87
361
374
63
321
1510
88
471
830
835
220
16
31789
321
1698
1204
1599
1146
64633
6435
2107
1510
87
63
321
1510
88
63
694
635
524
6435
866
869
1510
89
63
1680
421
1510
87
361
1110
361
374
63
318
331
1680
1510
89
63
23533
11
1179
279
12558
1881
1510
87
63
321
1510
88
63
8012
914
381
264
2050
12558
303
279
10300
1146
1595
553
13428
11
411
369
524
4847
1245
13
561
12558
303
279
10300
1146
1595
1881
1510
87
63
321
1510
88
63
6513
1132
413
1017
369
874
2315
1510
89
63
303
279
1146
1595
440
1510
87
361
1110
361
374
27653
695
256
471
32645
11
279
5129
1560
310
3579
411
369
25
1690
1754
1146
1595
11
279
64963
369
279
1324
314
13139
314
23173
5255
303
279
10300
1146
1595
421
513
524
23173
24959
13
695
256
471
12908
12682
25
561
2702
64963
369
279
2542
888
660
1146
64633
314
279
1324
314
328
29617
1
24959
303
279
2020
314
279
1146
1595
13
1921
421
579
524
6681
424
2892
13
271
256
15767
279
16484
318
45
685
310
220
16
15
15
15
681
449
1510
46
7947
61
18
44646
6093
2493
381
85467
694
4222
2166
6103
13
4213
11
449
1510
46
7947
61
17
44646
6093
369
40803
13
6558
579
1683
20648
13
271
256
1690
1754
1146
1595
11
567
628
10000
264
11304
1698
314
2663
13
8439
279
2663
513
303
74988
16
11
443
60
7561
567
628
958
264
11304
1287
314
1331
1510
45
10
16
27653
1577
567
12663
279
1146
1595
11
567
2560
279
11304
1287
13
1946
12204
279
64963
11
567
1144
310
1366
11
364
279
1428
716
314
2663
2945
11
1204
1599
23173
13139
303
279
10300
1906
599
264
12558
835
220
16
13
271
256
43274
11
413
567
599
264
716
314
2663
2945
11
279
10300
4752
2663
513
1510
85
16
11
343
17
11
58317
33149
27653
561
64963
369
279
1324
314
1510
72
63
1680
421
1510
85
14717
72
10
16
92
471
343
5150
835
220
16
27653
198
5690
256
1165
628
10000
264
2623
1287
1510
27803
63
321
264
716
314
328
70
2538
1
466
1066
28662
1472
279
2945
2663
1754
854
30
2844
1000
381
1510
46
7947
44646
791
1146
1595
2560
11
6187
310
1510
46
7947
61
18
44646
1495
13
271
256
4213
11
5020
421
279
2702
1324
314
1146
64633
369
1510
45
6391
45
10
16
5443
17
63
864
369
3835
20
15
15
74
364
443
28
16
15
15
15
13
1368
364
1754
1146
1595
567
628
12204
279
64963
303
1510
46
7
16
44646
466
1510
46
12171
443
44646
854
1238
449
1510
46
7
16
44646
466
1510
46
12171
443
44646
2560
11
1179
2702
369
1510
46
7947
61
17
1433
443
44646
864
369
20895
13
271
256
1921
20368
279
64963
948
7594
449
2315
1510
87
63
310
279
1146
1595
25
198
256
471
1368
1510
87
63
369
2582
2945
11
279
716
314
4752
2663
3070
914
2222
11
748
64963
3070
914
2222
13
198
256
471
1368
1510
87
63
369
491
11
424
2493
4990
264
12558
466
1791
491
31092
13
43274
11
1042
1510
9590
63
381
279
7526
2945
869
2599
1056
1510
87
7561
321
1510
3480
63
381
279
23856
2945
869
6826
1056
1510
87
27653
695
257
471
12851
7594
1510
87
43143
413
2107
1510
9590
63
321
1510
3480
63
2905
11
1179
279
12558
1510
3480
471
7624
63
18991
220
16
310
279
64963
413
1510
3480
471
7624
835
220
16
27653
695
257
471
4486
7594
1510
87
43143
279
12558
1510
3480
471
7624
63
369
6507
1083
1510
87
471
7624
63
321
1510
3480
471
830
27653
695
257
471
561
2222
303
64963
25
695
950
471
10466
279
17973
314
279
2235
12558
318
331
424
23533
321
557
835
16
1590
90563
16
63
413
1510
3480
471
7624
835
220
16
63
198
950
471
2604
279
17973
314
279
491
31092
25
1510
10
16
63
413
1510
87
471
7624
835
220
16
7561
1510
10
16
63
413
1510
3480
471
830
835
220
16
63
198
5690
256
1987
567
628
10000
25
198
256
471
1510
32428
43143
11304
314
1754
869
198
256
471
1510
27803
2516
43143
264
10300
716
314
2945
2663
318
269
567
628
958
264
23086
42102
11
694
303
12654
11
567
628
958
1510
27379
38094
782
13202
826
63
694
421
579
524
5129
13
37201
11
567
628
958
264
2623
1287
321
28662
11
694
421
579
496
7947
553
198
5690
256
8439
443
369
220
16
15
15
15
11
321
567
599
3835
20
15
15
74
1146
64633
11
413
364
1754
491
2315
567
635
449
496
7947
8
8307
310
1423
7624
321
1727
11
421
579
496
7947
8
791
2560
11
2702
496
7947
61
18
8
283
220
16
15
61
24
864
369
2166
6103
303
12654
13
271
256
4213
11
567
628
829
26808
364
1754
869
1510
87
7561
279
1727
2945
869
321
7624
2945
869
30
1921
279
2945
716
4203
430
567
12663
279
1146
1595
13
271
256
39752
25
8439
279
2663
513
303
264
2526
2020
318
16
310
443
681
567
628
10000
449
1287
1510
27803
63
321
1048
10000
279
64963
539
20368
424
15773
722
13
1946
1423
279
7624
321
1727
2945
2663
28750
11
567
628
10000
264
1103
314
2945
2663
321
2426
424
10300
30
16598
286
1083
264
10300
1103
369
496
7947
8
303
12654
13
271
256
15767
279
16484
11
321
421
443
369
220
16
15
15
15
11
279
2702
1324
314
5479
880
369
496
7947
61
17
8
283
220
16
68
21
11
321
1754
34736
303
264
10300
1103
369
496
7947
8
283
220
16
15
15
15
11
748
2702
7289
220
16
68
24
864
2493
381
2166
6103
303
12654
13
271
256
1921
5020
25
279
8906
6136
364
1754
5732
1857
1510
72
63
8213
364
1510
73
63
494
1510
72
63
310
1510
45
12
16
27653
561
2702
1324
314
5479
880
369
496
7947
61
17
553
1368
567
958
264
23086
42102
11
694
12654
3070
914
599
799
303
1407
2653
13
1165
628
958
264
10300
1103
321
958
1510
51783
431
63
310
1423
279
2234
11
694
34736
369
1990
496
7947
553
271
256
4213
11
220
16
68
24
7289
303
12654
369
4222
2166
6103
318
323
17018
6283
553
1165
1144
264
2577
5313
13
271
256
6558
579
37781
279
3377
13
561
2542
314
64963
888
660
1146
64633
628
381
23424
539
25
198
256
7860
888
660
1146
64633
314
279
1324
314
31092
13
198
256
283
7860
888
660
13139
314
23173
24959
1510
74
63
321
1510
74
10
16
63
314
318
16
471
19815
421
1017
369
264
12558
506
580
8
2423
874
13
271
256
32645
11
279
64963
314
264
1146
1595
326
369
25
198
256
735
50
20567
91
471
220
16
471
318
3946
314
23173
13139
303
326
20567
421
513
23173
24959
8
198
256
13428
11
874
13
1368
326
20567
283
313
85
16
11
343
17
11
58317
33149
92
10300
11
1179
64963
283
1324
314
585
303
498
15
11
580
12
17
60
1680
421
343
14717
72
10
16
92
471
343
5150
835
220
16
13
198
256
283
318
74
471
220
16
8
471
318
3946
314
585
1680
421
343
14717
72
10
16
92
471
343
5150
606
220
16
8
271
256
1987
2702
2542
283
7860
14717
1899
64633
92
498
318
91
50
20567
91
471
220
16
8
471
1698
3273
82819
35226
1201
1063
20567
2205
271
256
283
7860
14717
1899
64633
92
318
91
50
20567
91
471
220
16
8
471
7860
14717
1899
64633
92
1698
3273
82819
35226
1201
1063
20567
271
256
4543
11
7860
14717
1899
64633
92
318
91
50
20567
91
471
220
16
8
628
381
23424
430
7860
14717
1899
64633
92
735
50
20567
91
471
318
3946
314
1146
64633
553
198
256
1541
7860
14717
1899
64633
92
735
50
20567
91
283
7860
14717
87
28
16
92
46227
45
92
318
3946
314
1146
64633
421
6435
830
553
198
256
561
1324
314
1146
64633
8222
264
3820
2315
506
1857
585
369
585
348
318
45
471
585
8
498
15
20834
290
11
1324
314
11125
364
1151
2564
585
321
809
2518
585
369
318
72
10
16
17201
45
17076
8
907
3655
11
413
220
15
20834
290
11
1151
628
381
220
15
486
72
11
809
628
381
585
486
45
12
16
11
748
318
72
10
16
17201
45
17076
25334
271
256
32645
11
364
449
2315
506
1857
1510
72
7561
279
1324
314
1146
64633
8222
424
369
47029
72
478
220
16
8
348
318
45
471
585
8
27653
271
256
1987
7860
14717
1899
64633
92
735
50
20567
91
283
7860
14717
87
28
16
92
46227
45
92
7860
14717
72
25
10001
957
15360
87
92
318
72
10
16
17201
45
17076
553
271
256
33105
11
7860
14717
1899
64633
92
1698
3273
82819
35226
1201
1063
20567
283
7860
14717
74
28
16
92
46227
45
12
16
92
318
3946
314
1146
64633
421
6435
2107
580
321
580
10
16
553
198
256
8938
264
23173
6505
318
74
11
580
10
16
8
369
29014
303
1698
3273
82819
35226
1201
1063
20567
413
321
1132
413
279
1146
1595
5435
506
3140
799
30520
314
580
321
506
3140
799
30520
314
580
10
16
13
271
256
14833
25
198
256
10342
283
498
8917
14717
87
28
16
92
46227
45
92
318
8917
14717
72
25
10001
957
15360
87
92
318
72
10
16
17201
45
17076
78589
471
318
4873
1324
314
1146
64633
8
471
498
8917
14717
74
28
16
92
46227
45
12
16
92
318
3946
314
1146
64633
8222
506
3140
799
580
321
506
3140
799
580
10
16
7025
271
256
1921
3655
11
369
421
4252
30
6558
579
9845
440
264
2526
3010
13
271
256
12996
25
498
17
11
18
11
16
11
19
60
1411
443
28
19
198
256
10342
1146
64633
25
220
16
15
13
198
256
7860
14717
1899
64633
92
318
91
50
20567
91
471
220
16
8
283
7860
735
50
20567
91
471
220
16
15
13
271
256
7860
735
50
20567
91
25
198
256
830
28
16
25
1857
220
17
1411
318
17
10
16
17201
19
12
17
11393
18
9
17
28
21
198
256
830
28
17
25
1857
220
15
1411
318
15
10
16
17201
19
12
15
11393
16
9
19
28
19
198
256
830
28
18
25
1857
220
16
1411
318
16
10
16
17201
19
12
16
11393
17
9
18
28
21
198
256
830
28
19
25
1857
220
18
1411
318
18
10
16
17201
19
12
18
11393
19
9
16
28
19
198
256
7860
735
50
20567
91
283
220
21
10
19
10
21
10
19
28
17
15
13
198
256
1987
7860
318
91
50
20567
49143
16
8
283
220
17
15
471
220
16
15
283
220
16
15
13
271
256
4543
11
7860
14717
74
28
16
92
46227
18
92
318
1899
64633
440
580
321
580
10
16
1590
198
256
580
28
16
25
1146
64633
440
220
16
321
220
17
13
695
285
220
16
369
506
6961
17
11
220
17
506
6961
15
13
3593
64633
421
6435
2107
25
1151
7946
15
11
809
9628
17
1411
1151
28
15
11
809
28
17
11
18
1411
220
17
1146
64633
25
498
15
11
17
1089
498
15
11
18
906
695
285
5447
314
1146
64633
8222
2107
220
16
321
220
17
25
567
1144
1146
64633
421
599
506
3140
799
220
16
321
506
3140
799
220
17
13
695
285
561
1146
64633
421
6435
2107
25
695
670
498
15
11
17
5491
498
17
11
18
11
16
60
1411
682
220
17
321
220
16
13
198
670
498
15
11
18
5491
498
17
11
18
11
16
11
19
60
1411
682
220
17
321
220
16
13
198
670
498
16
11
17
5491
498
18
11
16
60
1411
682
220
16
694
524
220
17
30
220
17
369
524
303
498
18
11
16
906
1987
874
13
198
670
498
17
11
17
5491
498
16
60
1411
874
13
198
670
498
17
11
18
5491
498
16
11
19
60
1411
874
220
17
13
198
670
498
16
11
18
5491
498
18
11
16
11
19
60
1411
874
220
17
13
198
670
498
15
11
16
5491
498
17
11
18
60
1411
874
220
16
13
198
670
498
15
11
15
5491
498
17
60
1411
874
220
16
13
198
670
498
16
11
16
5491
498
18
60
1411
874
13
198
670
498
18
11
18
5491
498
19
60
1411
874
13
198
285
1987
1132
220
17
1146
64633
13
198
256
580
28
17
25
1146
64633
440
220
17
321
220
18
13
198
285
220
17
506
6961
15
11
220
18
506
6961
16
13
3593
64633
8222
2107
25
1151
7946
15
11
809
9628
16
1411
498
15
11
16
1089
498
15
11
17
1089
498
15
11
18
60
1411
220
18
1146
64633
13
198
256
580
28
18
25
1146
64633
440
220
18
321
220
19
13
198
285
220
18
506
6961
16
11
220
19
506
6961
18
13
3593
64633
8222
2107
25
1151
7946
16
11
809
9628
18
1411
498
16
11
18
1089
498
15
11
18
60
1411
220
17
1146
64633
13
198
256
10342
23173
13139
1698
283
220
17
478
220
18
478
220
17
283
220
22
13
271
256
4844
10342
64963
283
220
16
15
471
220
22
283
220
18
13
1921
279
3481
2468
364
498
17
11
18
11
16
11
19
60
369
220
18
303
279
4479
889
11
694
279
1228
2640
220
19
13
13428
11
279
1228
2640
25
198
256
1992
8871
2477
17
11
220
18
11
220
16
11
220
19
2387
606
220
19
271
256
6558
728
1347
43924
19470
364
498
17
11
18
11
16
11
19
5491
198
256
3593
64633
25
198
256
498
17
5491
10300
498
17
1089
64963
28
15
198
256
498
17
11
18
5491
10300
498
17
11
18
1089
220
18
12
17
28
16
11
64963
28
15
198
256
498
17
11
18
11
16
5491
10300
498
16
11
17
11
18
1089
31092
25
220
17
12
16
28
16
11
220
18
12
17
28
16
1411
64963
28
15
198
256
498
17
11
18
11
16
11
19
5491
10300
498
16
11
17
11
18
11
19
1089
31092
660
220
16
1411
64963
28
15
198
256
498
18
5491
220
15
198
256
498
18
11
16
5491
10300
498
16
11
18
1089
220
18
12
16
28
17
29
16
1411
64963
28
16
198
256
498
18
11
16
11
19
5491
10300
498
16
11
18
11
19
1089
220
18
12
16
28
17
29
16
11
220
19
12
18
28
16
1411
64963
28
16
198
256
498
16
5491
220
15
198
256
498
16
11
19
5491
10300
498
16
11
19
1089
220
19
12
16
28
18
29
16
1411
64963
28
16
198
256
498
19
5491
220
15
198
256
7860
283
220
15
10
15
10
15
10
15
10
15
10
16
10
16
10
15
10
16
10
15
283
220
18
13
271
256
1921
279
1228
2640
220
19
13
1541
279
4479
889
2640
220
18
13
2532
579
264
75332
13
271
256
20482
506
279
1228
25
198
256
1992
8871
2477
17
11
220
18
11
220
16
11
220
19
2387
606
220
19
271
256
1541
279
4479
889
25
198
256
11765
2542
17359
20911
31871
2477
17
11
220
18
11
220
16
11
220
19
2387
198
256
220
18
271
256
1921
279
1228
369
1092
567
1902
1440
13
1987
279
3481
4087
369
220
19
13
271
256
6558
728
311
27864
279
7044
25
328
1719
1324
314
14505
585
318
15
2564
585
361
307
12
16
8
303
279
10300
1287
1332
10300
3730
957
10
16
60
471
10300
3730
957
60
835
220
16
1
271
256
1690
498
18
11
16
5491
10300
498
16
11
18
1089
585
28
15
25
220
18
12
16
28
17
29
16
1411
1698
28
16
13
198
256
1690
498
18
11
16
11
19
5491
10300
498
16
11
18
11
19
1089
585
28
15
25
220
18
12
16
28
17
29
16
1411
1698
28
16
26
585
28
16
25
19
12
18
28
16
1411
874
13
1698
28
16
13
198
256
1690
498
16
11
19
5491
10300
498
16
11
19
1089
585
28
15
25
19
12
16
28
18
29
16
1411
1698
28
16
13
198
256
10342
28
18
13
271
256
8169
1503
279
1228
1660
220
19
30
271
256
6558
728
1716
279
975
1228
25
498
16
11
18
11
18
11
18
11
20
60
1411
220
23
13
198
256
3593
64633
25
198
256
498
16
5491
15
198
256
498
16
11
18
5491
498
16
11
18
60
1411
220
18
12
16
28
17
29
16
1411
16
198
256
498
16
11
18
11
18
5491
498
16
11
18
11
18
60
1411
220
18
12
16
28
17
29
16
11
220
18
12
18
28
15
1411
16
198
256
498
16
11
18
11
18
11
18
5491
498
16
11
18
11
18
11
18
60
1411
16
198
256
498
16
11
18
11
18
11
18
11
20
5491
498
16
11
18
11
18
11
18
11
20
60
1411
220
18
12
16
28
17
29
16
11
220
18
12
18
28
15
11
18
12
18
28
15
11
20
12
18
28
17
29
16
1411
17
198
256
498
18
5491
15
198
256
498
18
11
18
5491
15
198
256
498
18
11
18
11
18
5491
15
198
256
498
18
11
18
11
18
11
20
5491
498
18
11
18
11
18
11
20
60
1411
220
18
12
18
28
15
11
18
12
18
28
15
11
20
12
18
28
17
29
16
1411
16
198
256
498
18
5491
15
198
256
498
18
11
18
5491
15
198
256
498
18
11
18
11
20
5491
498
18
11
18
11
20
60
1411
220
18
12
18
28
15
11
20
12
18
28
17
29
16
1411
16
198
256
498
18
5491
15
198
256
498
18
11
20
5491
498
18
11
20
60
1411
20
12
18
28
17
29
16
1411
16
198
256
498
20
5491
15
198
256
7860
28
16
10
16
10
16
10
17
10
16
10
16
10
16
283
220
23
13
38643
13
271
256
1987
364
498
17
11
18
11
16
11
19
60
279
2542
369
220
18
11
694
279
1228
2640
220
19
13
1061
369
264
48086
13
271
256
13428
11
1042
728
1103
660
1146
64633
314
498
17
11
18
11
16
11
19
60
1495
11
15060
25
271
256
16777
220
16
25
695
257
498
17
5491
15
198
257
498
18
5491
15
198
257
498
16
5491
15
198
257
498
19
5491
15
198
256
16777
220
17
25
198
257
498
17
11
18
5491
498
17
11
18
60
1411
220
18
12
17
28
16
1411
15
198
257
498
18
11
16
5491
498
16
11
18
60
1411
220
18
12
16
28
17
1411
16
198
257
498
16
11
19
5491
498
16
11
19
60
1411
19
12
16
28
18
1411
16
198
256
16777
220
18
25
198
257
498
17
11
18
11
16
5491
498
16
11
17
11
18
60
1411
220
17
12
16
28
16
11
18
12
17
28
16
1411
15
198
257
498
18
11
16
11
19
5491
498
16
11
18
11
19
60
1411
18
12
16
248046
198
248045
846
198
7525
3555
4621
4490
279
6813
13
5514
579
279
1412
25
198
220
2793
34397
53
7444
7227
41
69
33
74
17
6971
487
1500
220
20
22
198
262
471
1473
10242
5313
369
310
28662
888
660
3102
13139
314
12103
2663
1510
87
63
321
1510
88
63
318
2777
1510
87
361
374
63
321
1510
88
471
830
835
220
16
31789
321
1698
1204
1599
1146
64633
6435
2107
1510
87
63
321
1510
88
63
694
635
524
6435
866
869
1510
89
63
1680
421
1510
87
361
1110
361
374
63
318
331
1680
1510
89
63
23533
11
1179
279
12558
1881
1510
87
63
321
1510
88
63
8012
914
381
264
2050
12558
303
279
10300
1146
1595
553
13428
11
411
369
524
4847
1245
13
561
12558
303
279
10300
1146
1595
1881
1510
87
63
321
1510
88
63
6513
1132
413
1017
369
874
2315
1510
89
63
303
279
1146
1595
440
1510
87
361
1110
361
374
27653
695
55036
55036
14978
6108
198
32769
1401
25
20848
49477
886
22419
318
18702
1514
506
1500
220
20
22
8
14200
1206
311
40138
11
411
369
678
3274
25
4310
279
2614
709
11618
321
4479
889
11
6999
4072
279
709
7246
321
1440
660
279
6813
13
2972
5683
4045
67305
3067
13209
50
159029
271
2523
1220
14623
279
1970
488
10490
303
264
64504
1970
2424
318
784
9609
31789
318
19458
668
31153
279
3889
5568
8
248046
198
248045
74455
198
248068
271
248069
271
9764
728
15060
22903
411
3377
321
4072
264
6093
13
271
332
67776
279
3377
64700
198
12
1690
1754
1146
1595
11
3269
424
321
1698
1204
1599
23173
13139
303
279
10300
1287
599
264
6463
835
220
16
198
12
7860
1439
14159
888
660
1146
64633
271
332
1536
19407
64700
198
760
64963
314
264
1146
1595
283
318
3946
314
4752
5255
471
220
16
8
471
318
3946
314
23173
7308
13139
303
279
4752
10300
5255
8
271
1919
369
1521
413
567
599
4752
10300
5255
343
16
361
343
17
361
2423
361
33149
11
279
1324
314
31092
835
220
16
16327
318
74
12
16
8
26401
279
1324
314
23194
13139
1332
343
1889
10
16
8
283
343
1889
8
478
220
16
13
271
4272
25
2702
9858
283
2542
14980
5527
5062
64633
318
9301
3079
471
220
16
8
471
2542
14980
5527
5062
64633
318
435
82819
35226
3079
8
271
8791
25
198
12
1510
1200
14980
5527
5062
64633
318
9301
3079
471
220
16
44646
283
2542
3456
20567
25146
471
2702
5062
64633
198
12
1510
1200
3456
20567
25146
63
283
2542
888
1754
869
830
314
318
3946
314
1146
64633
8222
830
8
198
12
1510
435
82819
35226
3079
63
364
264
1146
1595
283
1324
314
13139
318
74
11
580
10
16
8
1332
279
1146
1595
5435
506
3140
799
580
3449
506
3140
799
580
10
16
198
12
1510
1200
14980
5527
5062
64633
318
435
82819
35226
3079
44646
283
2542
888
1754
580
314
318
3946
314
1146
64633
8222
2107
580
321
580
10
16
8
271
332
56074
286
1324
314
1146
64633
8222
264
3050
869
506
1857
585
64700
198
2381
869
506
1857
585
318
15
20834
290
681
1324
314
1146
64633
8222
424
283
318
72
10
16
8
348
318
77
17076
8
271
332
56074
286
1324
314
1146
64633
8222
2107
869
264
321
869
292
64700
198
9764
1118
4165
957
60
283
1118
30520
314
869
264
506
466
1518
1857
585
198
9764
1483
4165
957
60
283
1483
30520
314
869
264
506
466
1518
1857
585
198
65409
364
292
13
271
32
1146
1595
498
75
11
427
60
5435
2107
264
321
292
413
321
1132
413
1017
6513
506
3140
799
264
303
498
75
15415
60
321
506
3140
799
292
303
498
75
15415
906
271
2742
314
1680
1146
64633
283
2702
1146
64633
471
318
1899
64633
440
874
264
8
471
318
1899
64633
440
874
292
8
478
318
1899
64633
440
874
264
321
874
292
8
271
3850
411
369
6150
13
39752
25
364
1754
6505
314
2663
318
74
11
580
10
16
681
567
1144
310
1698
1146
64633
421
6435
506
3140
799
580
321
506
3140
799
580
10
16
13
271
9764
728
1683
20648
13
1690
2663
264
321
292
11
279
1324
314
1146
64633
8222
2107
283
2542
888
660
13139
314
14505
318
72
10021
8
1332
799
369
264
321
799
369
292
11
694
567
1144
310
381
16097
883
1923
24217
13
271
50821
11
264
30835
5313
25
1690
264
8097
6505
314
2663
318
64
8142
681
1042
9599
4165
381
10300
1103
314
14505
1332
869
264
7701
11
9599
853
364
869
292
13
271
32
1146
1595
498
75
15415
60
5435
2107
264
321
292
49388
324
2564
1262
1889
10021
8
321
427
2518
1866
1889
10021
8
364
1010
585
303
9599
4165
11
492
303
9599
853
13
1921
411
888
43365
13
271
53396
25
561
1324
314
1146
64633
8222
2107
264
321
292
283
2702
1146
64633
471
1146
64633
7167
264
471
1146
64633
7167
292
478
1146
64633
7167
2107
13
271
3850
23470
1146
64633
7167
264
369
2503
5774
13
271
73174
5129
14334
25
1690
1330
7062
314
9599
387
321
1167
11
279
1324
314
1146
64633
8222
506
3140
799
494
387
321
506
3140
799
494
1167
628
381
23424
430
25
271
4873
283
307
6391
77
10
16
5443
17
198
29617
1053
283
1324
314
1146
64633
440
874
2315
494
387
198
29617
12952
283
1324
314
1146
64633
440
874
2315
494
1167
2228
29617
85763
283
1324
314
1146
64633
440
874
2315
494
387
21033
103
48
271
15666
283
2702
471
7167
1053
471
7167
12952
478
7167
85763
271
3850
23470
7167
1053
364
23410
387
369
1990
2397
9885
25806
13
271
21365
279
16484
318
77
36059
220
16
15
15
15
681
321
421
567
1144
310
635
411
364
1754
23173
6505
318
74
11
580
10
16
681
1042
728
1683
883
22373
13
2532
513
506
1379
307
12
16
23173
13139
13
1690
1754
11
413
353
628
12204
303
496
1393
8
466
496
1393
1433
307
681
2702
369
496
1393
61
17
8
864
369
220
16
15
61
21
11
20895
13
271
4199
310
12204
1324
314
1146
64633
7167
869
343
25
695
2592
869
343
3070
914
4833
11
1179
660
1146
64633
3016
424
25
1698
283
307
6391
77
10
16
5443
17
198
2592
869
343
7701
506
9599
280
16
361
280
17
361
2423
361
21759
11
1179
264
1146
1595
40889
343
49388
424
14995
11040
2785
264
12558
1881
23173
54133
318
15693
1518
1118
321
1238
1483
553
271
760
31092
513
25
498
15
11
280
16
12
16
1089
498
79
16
10
16
11
280
17
12
16
1089
58317
498
20185
10
16
11
307
12
16
60
271
2381
264
12558
314
2984
436
11
1324
314
1146
64633
283
436
6391
43
10
16
5443
17
271
4272
7167
2200
283
2542
888
31092
314
436
6391
43
10
16
5443
17
271
65409
11
364
7167
2107
264
321
292
11
567
1144
1146
64633
421
3016
660
54133
314
264
3449
660
54133
314
292
11
585
1673
2487
3016
660
2663
303
313
64
8142
7563
1061
369
279
1788
430
7167
279
10973
716
13
271
4272
364
279
10973
314
9599
314
264
321
292
11
12204
279
31092
13
271
9764
728
4072
411
25
271
71093
12305
198
1445
18904
1120
1697
1358
727
2542
17359
20911
31871
20449
25
1697
18078
2387
1411
514
25
198
262
307
283
2343
20449
8
198
262
413
307
606
220
15
25
198
285
460
220
15
6987
262
653
14392
220
16
25
21902
2542
3456
20567
25146
283
2542
888
1754
869
830
314
318
1200
888
14505
585
1332
10001
957
15360
87
314
318
72
10
16
17201
77
17076
578
198
262
653
32645
11
364
1754
1857
585
11
424
41553
310
4752
3079
364
1396
1146
1595
8222
424
13
198
262
653
1921
567
1318
2542
888
1146
64633
314
735
9301
5255
303
1146
1595
81705
198
262
653
283
2542
888
1754
869
830
314
318
3946
314
1146
64633
421
6435
830
8
198
262
653
283
2542
888
1754
869
830
314
318
1200
888
14505
585
1332
10001
957
15360
87
314
318
72
10
16
17201
77
17076
578
198
1031
262
653
7606
2234
11140
198
262
9599
283
4535
198
262
364
585
11
1009
303
12867
20449
1590
198
285
413
1009
524
303
9599
25
198
309
9599
66134
60
283
2958
198
285
9599
66134
906
4928
1889
8
198
1031
262
653
7860
314
4752
14159
888
660
1146
64633
198
262
2542
20567
25146
283
220
15
198
262
364
1009
11
1097
1951
303
9599
9328
4406
198
285
364
585
303
1097
1951
25
198
309
2542
20567
25146
1373
318
72
478
220
16
8
348
318
77
471
585
8
198
1031
262
2702
5062
64633
283
307
348
318
77
478
220
16
8
434
220
17
198
262
2542
20567
37180
11331
283
2542
20567
25146
471
2702
5062
64633
6987
262
653
14392
220
17
25
21902
2542
888
660
1146
64633
314
23173
35226
3079
198
262
653
283
2542
888
580
494
220
16
310
1866
5996
12
16
314
318
3946
314
1146
64633
8222
2107
580
321
580
10
16
8
198
1031
262
687
1698
5062
64633
39109
8873
19490
2270
65439
11
307
11
9599
1590
198
285
4071
198
285
4356
1324
314
1146
64633
421
3016
660
2663
303
2663
2270
65439
13
198
285
2663
2270
65439
25
716
466
1103
314
2663
198
285
4071
198
285
413
524
2663
2270
65439
25
198
309
460
2702
5062
64633
8675
285
653
2058
660
9599
314
1439
2663
198
285
660
35988
283
2958
198
285
364
1009
303
2663
2270
65439
25
198
309
413
1009
303
9599
25
198
388
660
35988
15365
12113
82
66134
2387
198
1726
285
413
524
660
35988
25
198
309
460
2702
5062
64633
8675
285
660
35988
283
10300
13765
19766
35988
578
198
1726
285
653
7145
31092
198
285
31092
283
2958
198
285
7624
283
471
16
198
285
364
1097
303
660
35988
25
198
309
12558
4747
283
7624
478
220
16
198
309
12558
6018
283
1097
471
220
16
198
309
413
12558
4747
2564
12558
6018
25
198
388
436
283
12558
6018
471
12558
4747
478
220
16
198
388
31092
1989
4796
8
198
309
7624
283
1097
198
285
653
7745
12558
198
285
12558
4747
283
7624
478
220
16
198
285
12558
6018
283
307
471
220
16
198
285
413
12558
4747
2564
12558
6018
25
198
309
436
283
12558
6018
471
12558
4747
478
220
16
198
309
31092
1989
4796
8
198
1726
285
7167
3079
283
220
15
198
285
364
436
303
31092
25
198
309
7167
3079
1373
436
348
318
43
478
220
16
8
434
220
17
8675
285
460
7167
3079
6987
262
23173
35226
9858
283
220
15
198
262
1866
5996
283
1866
20449
8
413
10001
745
220
15
198
262
364
580
303
2020
7
16
11
1866
5996
1590
198
285
264
283
580
198
285
292
283
580
478
220
16
8675
285
653
1165
1144
1324
314
1146
64633
8222
2107
264
321
292
198
285
653
283
2702
471
7167
4165
471
7167
853
478
7167
85763
198
285
7167
4165
283
1698
5062
64633
39109
8873
2231
64
2069
307
11
9599
8
198
285
7167
853
283
1698
5062
64633
39109
8873
2231
65
2069
307
11
9599
8
198
285
7167
85763
283
1698
5062
64633
39109
8873
2231
64
11
292
2069
307
11
9599
8
198
1726
285
8222
85763
283
2702
5062
64633
471
7167
4165
471
7167
853
478
7167
85763
198
285
23173
35226
9858
1373
8222
85763
6987
262
1067
283
2542
20567
37180
11331
471
23173
35226
9858
198
262
460
1067
198
71093
271
13784
11
353
1144
310
9845
411
11870
13
6558
728
11319
1472
279
3010
498
17
11
18
11
16
11
19
5491
271
77
28
19
198
26547
25
313
17
7032
15
1089
220
18
7032
16
1089
220
16
7032
17
1089
220
19
7032
18
13587
271
1200
20567
25146
25
198
12
1009
28
17
11
585
28
15
25
318
15
10
16
17201
19
12
15
8
283
220
16
9
19
283
220
19
198
12
1009
28
18
11
585
28
16
25
318
16
10
16
17201
19
12
16
8
283
220
17
9
18
283
220
21
2228
12
1009
28
16
11
585
28
17
25
318
17
10
16
17201
19
12
17
8
283
220
18
9
17
283
220
21
198
12
1009
28
19
11
585
28
18
25
318
18
10
16
17201
19
12
18
8
283
220
19
9
16
283
220
19
198
1200
20567
25146
283
220
19
10
21
10
21
10
19
283
220
17
15
271
4873
5062
64633
283
220
19
9
20
14
17
283
220
16
15
198
1200
20567
37180
11331
283
220
17
15
471
220
16
15
283
220
16
15
271
6820
23173
35226
9858
25
198
74
28
16
25
264
28
16
11
292
28
17
198
29617
62
16
25
9599
314
220
16
283
498
17
906
469
2538
25
498
15
11
16
60
318
43
28
17
681
498
18
11
18
60
318
43
28
16
553
7167
62
16
283
220
17
9
18
14
17
478
220
16
9
17
14
17
283
220
18
478
220
16
283
220
19
198
29617
62
17
25
9599
314
220
17
283
498
15
906
469
2538
25
498
16
11
18
60
318
43
28
18
553
7167
62
17
283
220
18
9
19
14
17
283
220
21
198
29617
85763
25
9599
314
313
16
11
17
92
283
498
15
11
17
906
469
2538
25
498
16
11
16
60
318
43
28
16
681
498
18
11
18
60
318
43
28
16
553
7167
85763
283
220
16
9
17
14
17
478
220
16
9
17
14
17
283
220
16
478
220
16
283
220
17
198
747
1988
85763
283
220
16
15
471
220
19
471
220
21
478
220
17
283
220
17
271
74
28
17
25
264
28
17
11
292
28
18
198
29617
62
17
283
220
21
318
299
3294
8
198
29617
62
18
25
9599
314
220
18
283
498
16
906
469
2538
25
498
15
11
15
60
318
43
28
16
681
498
17
11
18
60
318
43
28
17
553
7167
62
18
283
220
16
478
220
18
283
220
19
198
29617
85763
25
9599
314
313
17
11
18
92
283
498
15
11
16
906
469
2538
25
498
17
11
18
60
318
43
28
17
553
7167
85763
283
220
18
198
747
1988
85763
283
220
16
15
471
220
21
471
220
19
478
220
18
283
220
18
271
74
28
18
25
264
28
18
11
292
28
19
198
29617
62
18
283
220
19
198
29617
62
19
25
9599
314
220
19
283
498
18
906
469
2538
25
498
15
11
17
60
318
43
28
18
553
7167
62
19
283
220
21
198
29617
85763
25
9599
314
313
18
11
19
92
283
498
16
11
18
906
469
2538
25
498
15
11
15
60
318
43
28
16
681
498
17
11
17
60
318
43
28
16
553
7167
85763
283
220
16
478
220
16
283
220
17
198
747
1988
85763
283
220
16
15
471
220
19
471
220
21
478
220
17
283
220
17
271
435
82819
35226
9858
283
220
17
478
220
18
478
220
17
283
220
22
271
1334
283
220
16
15
471
220
22
283
220
18
271
3850
279
1228
23535
220
19
0
6558
728
311
1960
13
271
13784
11
353
1683
353
1801
449
1412
303
279
14377
13
6558
728
37781
13
271
760
64963
364
264
1146
1595
326
440
4752
10300
5255
343
16
361
343
17
361
2423
361
33149
369
25
198
1767
314
585
303
498
15
11
580
12
17
60
1680
421
343
1889
10
16
8
471
343
1889
8
835
220
16
271
1919
16327
318
74
12
16
8
471
318
1767
314
585
1680
421
343
1889
10
16
8
471
343
1889
8
606
220
16
8
271
4272
2702
283
2542
888
660
1146
64633
314
17294
91
9301
91
471
220
16
8
471
23173
35226
1201
20567
60
271
28
2542
14980
5062
64633
318
91
9301
91
471
220
16
8
471
2542
14980
5062
64633
318
435
82819
35226
1201
20567
8
271
28
498
1200
20567
25146
471
2702
5062
64633
60
471
23173
35226
9858
271
8791
23173
35226
9858
283
2542
888
660
1146
64633
314
318
3946
314
23173
7308
13139
303
279
4752
5255
314
421
1146
1595
8
271
2939
264
23173
7308
6505
318
73
11
492
10
16
8
369
2945
303
279
4752
5255
314
1146
1595
326
49388
326
5435
506
3140
799
30520
314
492
3449
506
3140
799
30520
314
492
10
16
13
271
4272
23173
35226
9858
283
2542
888
492
314
318
3946
314
1146
64633
8222
2107
492
321
492
10
16
8
271
22365
369
1092
353
23424
13
271
3850
353
2597
220
18
11
321
279
1228
2640
220
19
13
6558
728
19470
9845
279
3481
4087
13
271
3036
64633
314
498
17
11
18
11
16
11
19
5491
198
16
13
498
17
5491
4752
5637
17
1089
580
28
16
11
64963
28
15
198
17
13
498
18
5491
4752
5637
18
1089
580
28
16
11
64963
28
15
2228
18
13
498
16
5491
4752
5637
16
1089
580
28
16
11
64963
28
15
198
19
13
498
19
5491
4752
5637
19
1089
580
28
16
11
64963
28
15
198
20
13
498
17
11
18
5491
4752
5637
17
11
18
1089
580
28
17
11
31092
25
220
18
12
17
28
16
11
748
64963
28
15
198
21
13
498
18
11
16
5491
4752
5637
16
11
18
1089
580
28
17
11
31092
25
220
18
12
16
28
17
29
16
11
748
64963
28
16
198
22
13
498
16
11
19
5491
4752
5637
16
11
19
1089
580
28
17
11
31092
25
220
19
12
16
28
18
29
16
11
748
64963
28
16
198
23
13
498
17
11
18
11
16
5491
4752
5637
16
11
17
11
18
1089
580
28
18
11
31092
25
220
17
12
16
28
16
11
220
18
12
17
28
16
11
64963
28
15
198
24
13
498
18
11
16
11
19
5491
4752
5637
16
11
18
11
19
1089
580
28
18
11
31092
25
220
18
12
16
28
17
29
16
11
220
19
12
18
28
16
11
64963
28
16
198
16
15
13
498
17
11
18
11
16
11
19
5491
4752
5637
16
11
17
11
18
11
19
1089
580
28
19
11
660
31092
28
16
11
64963
28
15
271
7354
283
220
15
10
15
10
15
10
15
10
15
10
16
10
16
10
15
10
16
10
15
283
220
18
271
3850
279
1228
2640
220
19
13
2532
579
264
75332
13
6558
728
311
27864
279
3377
4952
13
271
9726
64963
1324
314
449
1287
369
4364
430
279
1324
314
14505
585
318
15
2564
585
361
307
12
16
8
303
279
10300
1287
1332
10300
3730
957
10
16
60
471
10300
3730
957
60
835
220
16
1149
271
2381
498
18
11
16
5491
10300
5637
16
11
18
1089
585
28
15
25
220
18
12
16
28
17
29
16
11
1698
28
16
50615
198
2381
498
16
11
19
5491
10300
5637
16
11
19
1089
585
28
15
25
220
19
12
16
28
18
29
16
11
1698
28
16
50615
2228
2381
498
18
11
16
11
19
5491
10300
5637
16
11
18
11
19
1089
585
28
15
25
220
18
12
16
28
17
29
16
11
585
28
16
25
220
19
12
18
28
16
11
1698
28
16
50615
271
8917
28
18
13
1921
1228
23535
220
19
13
271
13784
11
6970
353
2688
5605
1767
286
13
6558
728
1103
660
1146
64633
1495
25
271
3367
506
1857
220
15
25
198
12
498
15
25
16
60
283
498
17
60
198
12
498
15
25
17
60
283
498
17
11
18
60
198
12
498
15
25
18
60
283
498
17
11
18
11
16
60
198
12
498
15
25
19
60
283
498
17
11
18
11
16
11
19
60
271
3367
506
1857
220
16
25
198
12
498
16
25
17
60
283
498
18
60
198
12
498
16
25
18
60
283
498
18
11
16
60
198
12
498
16
25
19
60
283
498
18
11
16
11
19
60
271
3367
506
1857
220
17
25
198
12
498
17
25
18
60
283
498
16
60
198
12
498
17
25
19
60
283
498
16
11
19
60
271
3367
506
1857
220
18
25
198
12
498
18
25
19
60
283
498
19
60
271
4639
579
220
16
15
1146
64633
13
2921
1698
3294
369
4252
13
271
34410
1076
279
3377
369
24217
2414
745
30
2441
353
2688
67385
13
271
13784
11
1042
728
1716
279
2018
1228
25
498
16
11
18
11
18
11
18
11
20
60
1220
2873
220
23
13
271
9764
728
12204
1608
821
14377
25
198
77
28
20
198
26547
25
313
16
7032
15
1089
220
18
7032
16
11
17
11
18
1089
220
20
7032
19
13587
271
1200
20567
25146
25
198
12
1009
28
16
11
585
28
15
25
318
15
10
16
17201
20
12
15
11393
20
198
12
1009
28
18
11
585
28
16
25
318
16
10
16
17201
20
12
16
11393
17
9
19
28
23
198
12
1009
28
18
11
585
28
17
25
318
17
10
16
17201
20
12
17
11393
18
9
18
28
24
198
12
1009
28
18
11
585
28
18
25
318
18
10
16
17201
20
12
18
11393
19
9
17
28
23
198
12
1009
28
20
11
585
28
19
25
318
19
10
16
17201
20
12
19
11393
20
9
16
28
20
198
1200
20567
25146
283
220
20
10
23
10
24
10
23
10
20
283
220
18
20
271
4873
5062
64633
283
220
20
9
21
14
17
283
220
16
20
198
1200
20567
37180
11331
283
220
18
20
471
220
16
20
283
220
17
15
271
435
82819
35226
9858
25
198
74
28
16
25
264
28
16
8142
28
17
13
292
28
17
524
303
9599
11
748
7167
62
17
283
2702
5062
64633
283
220
16
20
13
7167
62
16
25
9599
58
16
63896
15
1089
31092
25
498
16
11
19
60
436
28
19
11
7167
62
16
28
19
9
20
14
17
28
16
15
13
7167
85763
25
7167
2107
220
16
321
220
17
283
1788
430
7167
220
16
2394
220
17
524
2945
283
220
16
15
13
8222
85763
283
220
16
20
12
16
15
12
16
20
10
16
15
283
220
15
13
198
74
28
17
25
264
28
17
8142
28
18
13
264
28
17
524
2945
11
7167
62
17
28
16
20
13
7167
62
18
25
9599
58
18
63896
16
11
17
11
18
1089
31092
25
498
15
11
15
60
436
28
16
11
498
19
11
19
60
436
28
16
11
7167
62
18
28
16
10
16
28
17
13
7167
85763
25
7167
313
17
11
18
92
283
1788
430
7167
220
18
283
220
17
13
8222
85763
283
220
16
20
12
16
20
12
17
10
17
283
220
15
13
198
74
28
18
25
264
28
18
8142
28
19
13
292
28
19
524
2945
11
7167
62
19
28
16
20
13
7167
62
18
28
17
13
7167
85763
28
17
13
8222
85763
283
220
16
20
12
17
12
248046
198