248045
846
198
4274
279
2614
709
11618
321
4479
889
11
6999
4072
279
709
7246
321
1440
660
279
6813
13
2972
5683
4045
67305
3067
13209
50
159029
271
2523
1220
14623
279
1970
488
10490
303
264
64504
1970
2424
318
784
9609
31789
318
19458
668
31153
279
3889
5568
8
271
71093
198
1445
18904
1120
1697
11
23846
271
727
28377
2551
20467
1393
25
514
11
12454
25
1697
19723
5871
18078
11
514
11
514
19867
264
25
1697
18078
1089
292
25
1697
18078
2387
1411
514
25
198
262
4071
15767
264
4145
8173
1962
72073
4618
440
307
16720
321
12454
318
2777
1754
6607
369
695
262
14807
430
318
84
11
343
11
288
8
7063
16720
560
321
343
513
8173
440
4528
288
681
321
1330
695
262
22958
264
321
292
314
279
1788
2984
11
1423
279
7776
3102
2542
314
1752
13914
13
198
1031
262
1690
866
1752
303
279
4618
11
1141
4528
369
4364
430
279
6966
4528
314
866
6607
303
421
1752
13
198
262
281
2007
11
374
8
369
4364
430
279
7776
3102
1752
4528
494
11597
830
310
11597
374
13
198
1031
262
561
3274
369
310
13457
1035
8240
292
1680
421
279
2542
314
281
2784
957
1089
292
957
2387
364
660
585
369
78284
13
198
1031
262
17167
25
198
285
307
25
5447
314
16720
318
12657
513
47193
220
16
310
307
8
198
285
12454
25
1697
314
12454
11
1754
6607
369
318
84
11
343
11
288
8
1332
560
361
343
198
285
264
25
5339
8240
314
11597
4947
198
285
292
25
10130
8240
314
11597
4947
318
951
381
13457
2686
8
198
1031
262
5019
25
198
285
561
7776
3102
2542
314
281
2784
957
1089
292
957
2387
1238
7314
722
791
6767
286
292
6987
262
11765
28377
2551
20467
7
19
11
17294
16
11
220
18
11
220
17
681
318
18
11
220
19
11
220
16
681
318
17
11
220
19
11
220
20
681
318
16
11
220
19
11
220
19
24242
498
16
11
220
16
11
220
18
1089
498
19
11
220
19
11
220
17
2387
198
262
220
23
198
262
11765
28377
2551
20467
7
18
11
17294
16
11
220
17
11
220
20
681
318
17
11
220
18
11
220
17
681
318
16
11
220
18
11
220
16
24242
498
16
11
220
16
1089
498
17
11
220
18
2387
198
262
220
18
198
262
4071
271
727
1716
69574
1590
198
262
653
3284
1105
220
16
198
262
1992
8871
7
19
11
17294
16
11
220
18
11
220
17
681
318
18
11
220
19
11
220
16
681
318
17
11
220
19
11
220
20
681
318
16
11
220
19
11
220
19
24242
498
16
11
220
16
11
220
18
1089
498
19
11
220
19
11
220
17
2387
606
220
23
6987
262
653
3284
1105
220
17
198
262
1992
8871
7
18
11
17294
16
11
220
17
11
220
20
681
318
17
11
220
18
11
220
17
681
318
16
11
220
18
11
220
16
24242
498
16
11
220
16
1089
498
17
11
220
18
2387
606
220
19
6987
262
653
3284
1105
220
18
198
262
1992
8871
7
20
11
17294
16
11
220
17
11
220
22
21
24
16
22
15
18
23
22
681
318
17
11
220
18
11
220
19
16
17
19
20
21
21
16
19
681
318
16
11
220
19
11
220
18
20
20
15
23
16
21
16
16
681
318
19
11
220
20
11
220
21
24
20
22
24
15
15
17
18
24242
498
18
11
220
16
1089
498
20
11
220
17
2387
606
220
16
16
15
23
17
19
21
21
18
22
6987
262
653
3284
1105
220
19
198
262
1992
8871
7
16
17
11
17294
16
11
220
17
11
220
16
15
15
15
15
15
15
15
15
15
681
318
16
11
220
18
11
220
16
15
15
15
15
15
15
15
15
15
681
318
18
11
220
19
11
220
16
15
15
15
15
15
15
15
15
15
681
318
16
11
220
20
11
220
16
15
15
15
15
15
15
15
15
15
681
318
18
11
220
21
11
220
16
15
15
15
15
15
15
15
15
15
681
318
18
11
220
22
11
220
16
15
15
15
15
15
15
15
15
15
681
318
22
11
220
23
11
220
16
15
15
15
15
15
15
15
15
15
681
318
20
11
220
24
11
220
16
15
15
15
15
15
15
15
15
15
681
318
18
11
220
16
15
11
220
16
15
15
15
15
15
15
15
15
15
681
318
16
15
11
220
16
16
11
220
16
15
15
15
15
15
15
15
15
15
681
318
16
16
11
220
16
17
11
220
16
15
15
15
15
15
15
15
15
15
681
318
19
11
220
22
11
220
16
15
15
15
15
15
15
15
15
15
681
318
23
11
220
16
17
11
220
16
15
15
15
15
15
15
15
15
15
681
318
16
11
220
24
11
220
16
15
15
15
15
15
15
15
15
15
681
318
20
11
220
16
16
11
220
16
15
15
15
15
15
15
15
15
15
681
318
22
11
220
16
15
11
220
16
15
15
15
15
15
15
15
15
15
681
318
17
11
220
20
11
220
16
15
15
15
15
15
15
15
15
15
681
318
21
11
220
24
11
220
16
15
15
15
15
15
15
15
15
15
681
318
22
11
220
24
11
220
16
15
15
15
15
15
15
15
15
15
681
318
17
11
220
23
11
220
16
15
15
15
15
15
15
15
15
15
24242
498
16
16
11
220
18
11
220
22
11
220
16
15
11
220
21
11
220
24
1089
498
17
11
220
16
11
220
23
11
220
20
11
220
19
11
220
16
17
2387
606
220
21
15
15
15
15
15
15
15
15
15
6987
262
653
3284
1105
220
20
198
262
1992
8871
7
19
11
17294
16
11
220
17
11
220
21
24
21
24
18
24
22
17
20
681
318
17
11
220
18
11
220
22
23
16
22
20
18
15
17
15
681
318
18
11
220
19
11
220
19
18
23
22
21
18
23
21
18
681
318
16
11
220
19
11
220
19
18
24
19
21
20
23
16
21
681
318
16
11
220
18
11
220
17
20
19
23
23
20
18
19
16
24242
498
19
11
220
18
1089
498
16
11
220
17
2387
606
220
24
20
16
23
17
20
15
21
21
6987
262
653
3284
1105
220
21
198
262
1992
8871
7
20
11
17294
16
11
220
17
11
220
16
18
20
17
17
22
22
24
16
681
318
17
11
220
18
11
220
19
18
18
15
23
21
24
17
17
681
318
18
11
220
19
11
220
17
24
17
17
17
17
17
15
24
681
318
19
11
220
20
11
220
24
17
17
16
20
17
19
24
24242
498
17
11
220
16
1089
498
19
11
220
18
2387
606
220
23
21
21
16
22
18
23
19
19
6987
262
653
3284
1105
220
22
198
262
1992
8871
7
18
11
17294
16
11
220
17
11
220
20
15
21
19
15
18
24
18
19
681
318
17
11
220
18
11
220
24
21
21
19
22
17
24
17
19
681
318
16
11
220
18
11
220
22
19
16
22
21
20
17
24
16
24242
498
18
1089
498
17
2387
606
220
22
19
16
22
21
20
17
24
16
6987
262
653
3284
1105
220
23
198
262
1992
8871
7
16
15
11
17294
16
11
220
17
11
220
22
20
21
15
16
15
18
17
23
681
318
17
11
220
18
11
220
24
24
22
24
18
22
17
18
16
681
318
18
11
220
19
11
220
20
15
22
23
21
22
24
23
24
681
318
19
11
220
20
11
220
19
19
20
18
21
19
15
22
15
681
318
20
11
220
21
11
220
24
19
20
17
21
21
17
15
22
681
318
21
11
220
22
11
220
17
21
19
15
15
21
22
24
24
681
318
22
11
220
23
11
220
19
15
16
19
22
15
24
22
22
681
318
23
11
220
24
11
220
17
24
18
23
15
15
20
20
23
681
318
24
11
220
16
15
11
220
24
23
20
23
20
24
19
17
20
24242
498
16
15
11
220
19
11
220
24
11
220
22
11
220
16
1089
498
17
11
220
23
11
220
18
11
220
21
11
220
20
2387
606
220
17
22
19
20
15
19
16
16
23
15
6987
262
653
3284
1105
220
24
471
3074
11597
13139
198
262
1992
8871
7
18
11
17294
16
11
220
17
11
220
19
16
18
19
20
23
15
16
22
681
318
17
11
220
18
11
220
24
20
16
17
20
18
24
21
24
681
318
16
11
220
19
11
220
18
18
21
18
24
16
20
18
15
681
318
17
11
220
20
11
220
24
16
18
20
16
20
21
16
681
318
19
11
220
21
11
220
21
24
16
18
23
20
17
18
23
681
318
20
11
220
22
11
220
23
15
19
22
22
19
20
21
23
681
318
17
11
220
23
11
220
20
17
17
24
23
22
15
15
681
318
19
11
220
24
11
220
19
19
17
23
18
18
21
24
17
681
318
16
11
220
16
15
11
220
20
15
21
19
21
17
21
15
681
318
16
15
11
220
16
16
11
220
23
18
24
21
23
18
19
19
19
681
318
22
11
220
16
17
11
220
16
19
17
17
20
21
17
20
20
681
318
24
11
220
16
18
11
220
22
23
20
15
20
23
20
22
22
681
318
16
17
11
220
16
19
11
220
18
16
24
16
16
21
18
22
17
681
318
22
11
220
16
20
11
220
19
18
19
20
21
20
24
19
20
681
318
16
19
11
220
16
20
11
220
20
23
21
21
18
18
24
21
15
681
318
16
11
220
16
17
11
220
23
24
23
20
18
23
22
23
21
681
318
23
11
220
16
20
11
220
20
23
17
18
24
22
18
19
22
681
318
18
11
220
24
11
220
24
21
23
19
18
21
20
16
19
681
318
18
11
220
16
16
11
220
17
17
17
21
15
16
22
24
19
681
318
18
11
220
16
15
11
220
23
24
17
15
19
21
21
17
21
681
318
17
11
220
16
15
11
220
20
15
19
17
18
17
17
20
23
681
318
19
11
220
20
11
220
19
18
17
23
21
21
22
15
15
24242
498
18
1089
498
19
2387
606
220
23
18
24
21
23
18
19
19
19
6987
262
653
3284
1105
220
16
15
198
262
1992
8871
7
21
11
17294
16
11
220
17
11
220
18
21
18
23
18
16
15
18
21
681
318
16
11
220
18
11
220
19
24
24
17
16
19
18
16
20
681
318
16
11
220
19
11
220
22
23
19
18
22
17
22
23
16
681
318
16
11
220
20
11
220
16
15
17
18
21
20
17
16
17
681
318
16
11
220
21
11
220
22
17
15
17
18
18
24
17
17
24242
498
18
11
220
19
11
220
21
1089
498
17
11
220
20
11
220
16
2387
606
220
17
15
15
18
23
17
16
15
16
23
6987
262
653
3284
1105
220
16
16
198
262
1992
8871
7
17
11
17294
16
11
220
17
11
220
18
23
23
24
18
18
18
21
24
24242
498
17
1089
498
16
2387
606
220
18
23
23
24
18
18
18
21
24
6987
262
653
3284
1105
220
16
17
198
262
1992
8871
7
22
11
17294
16
11
220
17
11
220
21
15
21
20
17
18
23
19
23
681
318
16
11
220
18
11
220
18
21
24
24
24
16
17
17
23
681
318
17
11
220
19
11
220
18
16
17
21
21
18
20
19
18
681
318
18
11
220
20
11
220
18
19
21
23
17
16
17
17
17
681
318
19
11
220
21
11
220
23
19
15
20
15
24
19
15
22
681
318
19
11
220
22
11
220
21
19
19
24
24
24
24
18
16
24242
498
22
11
220
20
11
220
18
1089
498
21
11
220
16
11
220
17
2387
606
220
16
23
16
22
15
17
19
19
23
18
271
2
5272
1716
13741
11514
2551
20467
8
310
1542
6813
13
198
71093
248046
198
248045
74455
198
248068
271
248069
271
71093
12305
198
1445
18904
1120
1697
11
23846
198
464
85475
198
1445
14856
1120
41489
271
727
28377
2551
20467
1393
25
514
11
12454
25
1697
19723
5871
18078
11
514
11
514
19867
264
25
1697
18078
1089
292
25
1697
18078
2387
1411
514
25
198
262
4071
15767
264
4145
8173
1962
72073
4618
440
307
16720
321
12454
318
2777
1754
6607
369
695
262
14807
430
318
84
11
343
11
288
8
7063
16720
560
321
343
513
8173
440
4528
288
681
321
1330
695
262
22958
264
321
292
314
279
1788
2984
11
1423
279
7776
3102
2542
314
1752
13914
13
198
1031
262
1690
866
1752
303
279
4618
11
1141
4528
369
4364
430
279
6966
4528
314
866
6607
303
421
1752
13
198
262
281
2007
11
374
8
369
4364
430
279
7776
3102
1752
4528
494
11597
830
310
11597
374
13
198
1031
262
561
3274
369
310
13457
1035
8240
292
1680
421
279
2542
314
281
2784
957
1089
292
957
2387
364
660
585
369
78284
13
198
1031
262
17167
25
198
285
307
25
5447
314
16720
318
12657
513
47193
220
16
310
307
8
198
285
12454
25
1697
314
12454
11
1754
6607
369
318
84
11
343
11
288
8
1332
560
361
343
198
285
264
25
5339
8240
314
11597
4947
198
285
292
25
10130
8240
314
11597
4947
318
951
381
13457
2686
8
198
1031
262
5019
25
198
285
561
7776
3102
2542
314
281
2784
957
1089
292
957
2387
1238
7314
722
791
6767
286
292
6987
262
11765
28377
2551
20467
7
19
11
17294
16
11
220
18
11
220
17
681
318
18
11
220
19
11
220
16
681
318
17
11
220
19
11
220
20
681
318
16
11
220
19
11
220
19
24242
498
16
11
220
16
11
220
18
1089
498
19
11
220
19
11
220
17
2387
198
262
220
23
198
262
11765
28377
2551
20467
7
18
11
17294
16
11
220
17
11
220
20
681
318
17
11
220
18
11
220
17
681
318
16
11
220
18
11
220
16
24242
498
16
11
220
16
1089
498
17
11
220
18
2387
198
262
220
18
198
262
4071
198
262
653
7606
279
7776
53915
4757
1608
15965
31693
278
579
11767
198
262
653
561
7776
84810
1752
1881
866
1330
7552
303
264
4618
369
5951
310
279
6966
6607
4528
383
279
1752
303
279
81370
6987
262
2594
283
1103
21649
1393
478
220
16
578
198
262
6857
283
498
15
60
348
318
77
478
220
16
8
198
1031
262
687
1423
2007
1590
198
285
1345
2594
8065
60
931
830
25
198
309
2594
8065
60
283
2594
81303
8065
4891
198
309
830
283
2594
8065
60
198
285
460
830
6987
262
687
10973
2007
11
374
1590
198
285
18534
11
32797
283
1423
2007
681
1423
6803
8
198
285
413
18534
606
32797
25
198
309
460
3439
198
285
413
6857
58
12288
60
361
6857
58
856
5491
198
309
2594
58
12288
60
283
32797
198
285
4265
6857
58
12288
60
835
6857
58
856
5491
198
309
2594
58
856
60
283
18534
198
285
745
25
198
309
2594
58
856
60
283
18534
198
309
6857
58
12288
60
1373
220
16
198
285
460
2912
6987
262
653
15495
12454
539
4528
198
262
10300
27120
283
10300
72532
11
1328
26612
378
25
378
58
17
2387
198
1031
262
653
7606
81370
71339
1103
198
262
295
267
41145
283
41489
7080
8
198
262
364
560
11
343
11
288
303
10300
27120
25
198
285
413
1423
7897
8
931
1423
3620
1590
198
309
10973
7897
11
343
8
198
309
295
267
41145
20679
906
4928
1148
85
11
288
578
198
309
295
267
41145
16042
906
4928
1148
84
11
288
578
198
1031
262
653
4543
567
1144
310
12204
281
2007
11
374
8
283
1866
6607
4528
383
1752
494
830
310
374
303
279
81370
198
262
653
1690
1754
11597
303
8240
264
11
567
1144
310
9501
16720
494
292
310
28377
279
2542
198
262
653
1061
369
449
15840
3377
6987
262
653
1165
1144
310
12204
279
84810
5821
1881
1754
264
957
60
321
1754
292
3681
60
198
262
653
4844
11290
279
15840
3377
1608
279
54871
11767
6987
262
2343
4165
283
2343
2784
8
198
262
2343
853
283
2343
1818
8
198
1031
262
653
4807
26808
279
84810
5821
494
1754
264
957
60
310
660
7552
303
279
4757
198
262
653
11747
87244
14
60168
494
1754
264
957
60
303
279
81370
198
262
653
1690
1754
2357
11
567
3627
279
1866
6607
4528
383
279
1752
494
279
2450
6987
262
687
12204
853
1656
57018
74683
12080
1590
198
285
4071
44712
279
1866
6607
4528
383
1752
494
2450
310
660
975
7552
303
279
81370
12237
198
285
1527
283
498
3524
482
13180
49310
348
318
77
478
220
16
8
198
285
1527
73064
60
283
220
15
198
285
11653
283
498
3913
60
348
318
77
478
220
16
8
198
285
653
5272
264
10304
6951
318
1030
12
15489
8
310
1423
279
7776
84810
1752
198
285
653
32645
11
303
264
4757
11
1017
579
6681
799
1752
1881
866
1330
7552
198
285
653
1987
567
1066
1144
310
635
54489
15797
8225
321
3627
279
1866
6607
383
279
1752
8675
285
653
8439
424
579
264
4757
11
567
628
1066
635
87244
198
285
494
14856
1120
40565
198
285
6951
283
40565
56611
2348
11
220
15
45047
198
285
11653
73064
60
283
2912
198
285
1345
6951
25
198
309
2357
11
1866
1611
283
6951
541
73643
363
198
309
364
9281
11
288
303
295
267
41145
28920
5491
198
388
413
524
11653
58
35265
5491
198
493
11653
58
35265
60
283
2912
198
493
491
6144
1611
283
1866
8474
1611
11
288
8
198
493
1527
58
35265
60
283
491
6144
1611
198
493
6951
1989
1148
35265
11
491
6144
1611
578
198
285
460
1527
6987
262
653
7606
2695
5979
198
262
653
2695
957
1404
73
60
283
281
2784
957
1089
292
3681
2387
198
262
2695
283
4177
15
60
348
2343
853
364
696
303
2020
6686
4165
7025
198
1031
262
364
585
303
2020
6686
4165
1590
198
285
1527
283
12204
853
1656
57018
74683
2784
957
2387
198
285
364
492
303
2020
6686
853
1590
198
309
2695
957
1404
73
60
283
1527
17932
3681
4891
198
1031
262
653
4543
11290
279
15840
3377
25
9501
1754
2713
310
264
4752
3145
310
28377
2702
2695
198
262
653
5272
279
54871
11767
318
42
88986
5084
3022
408
8
198
1031
262
413
2343
4165
606
220
15
466
2343
853
606
220
15
25
198
285
460
220
15
6987
262
653
54871
11767
364
7776
2695
15840
198
262
653
561
2695
5979
369
2343
4165
830
2343
853
1332
2343
4165
606
2343
853
318
10957
264
321
292
599
279
1788
2984
8
198
1031
262
653
30057
54871
11767
198
262
33815
283
2153
482
13180
837
198
1031
262
687
17750
8555
60048
9890
1590
198
285
4071
198
285
54871
11767
364
7776
2695
15840
13
198
285
2695
9890
369
307
830
307
13
198
285
5019
279
7776
2702
2695
13
198
285
4071
198
285
307
283
2343
60048
9890
8
198
285
413
307
606
220
15
25
198
309
460
220
15
8675
285
653
5272
279
5129
496
1393
61
18
8
54871
11767
198
285
653
560
321
343
513
91005
198
285
653
280
25
364
1754
3145
11
864
2713
369
12244
198
285
653
1560
25
364
1754
3145
11
279
3555
2713
303
279
47080
286
1752
8675
285
560
283
498
15
60
348
318
77
478
220
16
8
198
285
343
283
498
15
60
348
318
77
478
220
16
8
198
285
280
283
498
15
60
348
318
77
478
220
16
8
220
653
280
3681
60
283
2713
12244
310
3145
492
198
285
1560
283
498
15
60
348
318
77
478
220
16
8
198
1726
285
364
585
303
2020
7
16
11
307
478
220
16
1590
198
309
280
58
15
60
283
585
198
309
492
15
283
220
15
198
309
1262
85
283
498
35205
60
348
318
77
478
220
16
8
198
309
1429
283
498
3913
60
348
318
77
478
220
16
8
198
3265
309
1345
2912
25
198
388
1429
3681
15
60
283
2912
198
388
585
15
283
280
3681
15
60
198
388
9197
283
33815
198
388
492
16
283
220
15
33006
388
364
492
303
2020
7
16
11
307
478
220
16
1590
198
493
413
524
1429
3681
5491
198
646
2754
283
2695
9890
957
15
471
220
16
1404
73
471
220
16
60
471
560
957
15
60
471
343
3681
60
198
646
413
2754
361
1262
85
3681
5491
198
967
1262
85
3681
60
283
2754
198
967
1560
3681
60
283
492
15
198
646
413
1262
85
3681
60
361
9197
25
198
967
9197
283
1262
85
3681
60
198
967
492
16
283
492
33006
388
364
492
303
2020
1393
478
220
16
1590
198
493
413
1429
3681
5491
198
646
560
11079
3681
4891
1373
9197
198
646
343
3681
60
5794
9197
198
493
745
25
198
646
1262
85
3681
60
5794
9197
33006
388
492
15
283
492
16
198
388
413
280
3681
15
60
606
220
15
25
198
493
1387
18015
309
1345
492
15
931
220
15
25
198
388
492
16
283
1560
3681
15
60
198
388
280
3681
15
60
283
280
3681
16
60
198
388
492
15
283
492
16
8675
285
460
471
85
58
15
60
198
1031
262
1067
283
17750
8555
60048
8
198
262
460
1067
198
71093
248046
198
248045
846
198
7525
3555
4621
4490
279
6813
13
5514
579
279
1412
25
198
6347
1371
318
3444
3110
1562
1483
1590
198
220
2793
34397
84
57
18907
56
37
17
55
16
71
6971
487
1500
220
17
19
24
11
303
361
4211
29
198
262
1716
13741
11514
2551
20467
8
198
220
2793
34397
84
57
18907
56
37
17
55
16
71
6971
487
1500
220
18
18
11
303
1716
198
262
1992
8871
7
18
11
17294
16
11
220
17
11
220
20
681
318
17
11
220
18
11
220
17
681
318
16
11
220
18
11
220
16
24242
498
16
11
220
16
1089
498
17
11
220
18
2387
606
220
19
198
1779
6108
59641
59641
59641
59641
59641
59641
59641
59641
59641
59641
59641
59641
59641
59641
59641
59641
21203
61
198
66317
1401
14200
1206
311
40138
11
411
369
678
3274
25
4310
279
2614
709
11618
321
4479
889
11
6999
4072
279
709
7246
321
1440
660
279
6813
13
2972
5683
4045
67305
3067
13209
50
159029
271
2523
1220
14623
279
1970
488
10490
303
264
64504
1970
2424
318
784
9609
31789
318
19458
668
31153
279
3889
5568
8
248046
198
248045
74455
198
248068
271
248069
271
9764
728
22903
279
3377
777
15060
13
271
760
4125
369
421
821
5313
314
1608
81370
321
1179
21156
279
15840
3377
2493
381
14673
13
6558
728
37781
13
271
1536
19407
25
733
264
4618
11
279
7776
84810
1752
318
1030
11514
279
6966
6607
4528
8
1881
1330
7552
369
4045
13902
279
1788
430
279
1752
303
279
81370
13
13428
11
3404
424
3314
0
561
7776
53915
4757
682
279
3234
421
364
866
1330
7552
11
279
6966
6607
4528
383
279
1752
303
279
81370
369
279
7776
3102
84810
869
4082
660
12351
13
1061
369
264
1575
20654
3234
13
271
4272
821
81370
5313
1220
381
4252
364
23470
281
2007
7127
553
271
9764
728
11319
1472
1228
1105
220
17
25
198
12
307
28
18
11
12454
25
318
16
11
17
11
20
681
318
17
11
18
11
17
681
318
16
11
18
11
16
8
198
12
264
5637
16
11
16
1089
292
5637
17
11
18
60
271
44
759
25
15495
12454
539
4528
25
318
16
11
18
11
16
681
318
17
11
18
11
17
681
318
16
11
17
11
20
8
198
12
2604
318
16
11
18
11
16
1590
31966
220
16
12
18
198
12
2604
318
17
11
18
11
17
1590
31966
220
17
12
18
198
12
318
16
11
17
11
20
8
1000
1791
264
10458
11
10390
271
44
759
25
220
16
12
18
318
4612
220
16
681
220
17
12
18
318
4612
220
17
8
271
69
7
16
11
17
8
283
1866
6607
383
1752
220
16
12
18
12
17
283
1866
7
16
11
17
8
283
220
17
198
69
7
16
11
18
8
283
1866
6607
383
1752
220
16
12
18
283
220
16
271
6820
567
1144
310
13457
1035
292
5637
17
11
18
60
310
28377
281
7
16
8142
58
15
2387
478
281
7
16
8142
58
16
10381
271
5173
220
16
25
292
6
283
498
17
11
18
5491
281
7
16
11
17
8
478
281
7
16
11
18
8
283
220
17
478
220
16
283
220
18
198
5173
220
17
25
292
6
283
498
18
11
17
5491
281
7
16
11
18
8
478
281
7
16
11
17
8
283
220
16
478
220
17
283
220
18
271
4272
279
4087
1220
381
220
18
13
1921
279
1228
23535
220
19
0
271
13784
11
1042
728
311
27864
279
1228
25
198
71093
198
2138
8871
7
18
11
17294
16
11
220
17
11
220
20
681
318
17
11
220
18
11
220
17
681
318
16
11
220
18
11
220
16
24242
498
16
11
220
16
1089
498
17
11
220
18
2387
606
220
19
198
71093
271
77264
11
694
279
4479
889
2640
25
198
71093
198
19541
28377
2551
20467
7
18
11
17294
16
11
220
17
11
220
20
681
318
17
11
220
18
11
220
17
681
318
16
11
220
18
11
220
16
24242
498
16
11
220
16
1089
498
17
11
220
18
2387
198
18
198
71093
271
4272
1017
579
264
75332
1881
279
4479
889
318
93592
220
18
8
321
279
1228
318
36385
220
19
553
6558
728
311
27864
279
3377
4952
777
15060
13
271
13784
11
353
1144
310
311
9884
19382
13
6558
728
1716
413
6970
279
81370
3234
3070
914
3668
1532
11
466
413
353
2688
67385
279
3377
13
271
50821
3655
471
1042
728
37781
13
561
7776
84810
1752
3314
2574
539
279
81370
13
6558
728
9845
25
198
12
7683
494
220
16
310
220
17
25
2050
6607
4528
220
20
11
466
4417
220
18
25
1866
7
16
11
17
11393
17
13
1987
281
7
16
11
17
11393
17
13
198
12
7683
494
220
16
310
220
18
25
2050
6607
4528
220
16
11
466
4417
220
17
25
1866
7
20
11
17
11393
20
13
1987
281
7
16
11
18
11393
16
13
271
4272
281
7
16
11
17
11393
17
11
281
7
16
11
18
11393
16
13
7860
369
220
18
15029
314
56470
13
271
3850
279
1228
2640
220
19
13
1061
369
29616
13
6558
728
311
27864
279
3377
4952
2957
777
1076
271
11569
3655
0
10380
353
2688
67385
279
3377
13
6558
728
311
27864
25
271
1
3772
279
7776
3102
2542
314
1752
13914
13
1690
866
1752
303
279
4618
11
1141
4528
369
4364
430
279
6966
4528
314
866
6607
303
421
1752
13
281
2007
11
374
8
369
4364
430
279
7776
3102
1752
4528
494
11597
830
310
11597
374
1149
271
4272
281
2007
7127
8
369
279
7776
888
660
12351
314
279
6966
6607
4528
13
2844
579
6681
1092
353
23424
13
271
9764
728
1716
1228
1105
220
16
25
198
77
28
19
11
12454
25
318
16
11
18
11
17
681
318
18
11
19
11
16
681
318
17
11
19
11
20
681
318
16
11
19
11
19
681
264
5637
16
11
16
11
18
1089
292
5637
19
11
19
11
17
60
271
44
759
25
15495
12454
25
318
18
11
19
11
16
681
318
16
11
18
11
17
681
318
16
11
19
11
19
681
318
17
11
19
11
20
8
198
12
2604
318
18
11
19
11
16
1590
220
18
12
19
198
12
2604
318
16
11
18
11
17
1590
220
16
12
18
12
19
198
12
2604
318
16
11
19
11
19
1590
1000
1791
10458
11
10390
198
12
2604
318
17
11
19
11
20
1590
220
17
12
19
12
18
12
16
271
44
759
25
220
18
12
19
7
16
681
220
16
12
18
7
17
681
220
17
12
19
7
20
8
271
69
7
16
11
19
8
283
1752
220
16
12
18
12
19
11
1866
7
17
11
16
8
283
220
17
198
69
7
16
11
19
8
283
220
17
318
23310
8
198
69
7
18
11
17
8
283
1752
220
18
12
19
12
17
11
1866
7
16
11
20
8
283
220
20
271
8917
283
220
17
478
220
17
478
220
20
283
220
24
13
1921
1228
23535
220
23
0
271
77264
11
421
579
4808
2166
13
6558
728
37781
13
271
13784
11
6970
279
81370
3234
3070
914
3222
364
411
3050
7044
30
2233
11
424
1503
13
561
7776
84810
1752
1881
1330
7552
303
264
4618
369
5951
310
279
6966
6607
4528
383
279
1752
1881
1070
303
866
81370
13
271
9764
728
1923
15464
281
7
18
11
17
1590
198
12
6916
25
874
6607
198
12
43309
220
19
25
220
18
12
19
12
17
11
1866
7
16
11
20
11393
20
198
12
43309
220
16
25
220
18
12
16
12
19
12
17
11
1866
7
17
11
19
11
20
11393
20
198
12
43309
220
16
12
19
25
220
18
12
16
12
19
12
17
11
1788
430
3294
271
4272
281
7
18
11
17
11393
20
13
7860
283
220
17
10
17
10
20
28
24
91050
220
23
13
271
22367
369
4808
13
6558
728
37781
279
3377
1076
271
11569
0
10380
353
1144
310
37781
13
18200
279
3377
369
9859
2414
2086
13
6558
728
311
27864
1076
271
50821
3655
13
6558
728
37781
279
81370
13
3095
4599
81370
11
353
1220
381
777
16097
13
271
2381
1228
220
16
25
12454
10300
539
4528
25
198
7
18
11
19
11
16
681
318
16
11
18
11
17
681
318
16
11
19
11
19
681
318
17
11
19
11
20
8
271
5836
318
18
11
19
11
16
8
321
318
16
11
18
11
17
1590
6599
513
313
16
11
18
11
19
92
321
313
17
92
198
5666
25
318
16
11
19
11
19
8
471
2107
220
16
321
220
19
303
1788
3566
11
10390
198
5666
25
318
17
11
19
11
20
8
471
220
17
303
313
17
2069
220
19
303
313
16
11
18
11
19
2069
884
13
81370
4434
13
271
44
759
12454
25
318
18
11
19
11
16
681
318
16
11
18
11
17
681
318
17
11
19
11
20
8
271
69
7
16
11
19
1590
1752
220
16
12
18
12
19
11
1866
7
17
11
16
11393
17
50615
198
69
7
16
11
19
1590
1788
283
220
17
50615
2228
69
7
18
11
17
1590
1752
220
18
12
19
12
17
11
1866
7
16
11
20
11393
20
50615
271
8917
283
220
24
11
694
3481
220
23
13
271
1919
369
1546
29616
13
6558
728
1683
20648
13
10380
279
15840
3377
4290
914
1066
883
791
6767
286
292
27222
364
1754
264
957
48282
271
13784
11
311
12
5961
25
328
19306
1035
8240
292
1680
421
279
2542
314
281
2784
957
1089
292
957
2387
364
660
585
369
78284
1
271
4272
567
2224
46124
264
58
15
60
440
1010
292
3681
1089
264
58
16
60
440
1010
292
6521
1089
4831
2487
1332
492
15672
27736
369
264
56470
314
220
15
11
16
27736
11
77
12
16
13
1061
369
6681
279
15840
3377
353
57290
13
271
9764
728
37781
3315
821
281
2007
7127
8
33303
369
4808
13
2441
6970
279
81370
5313
369
4808
364
1010
2781
30
271
50821
11
353
1066
14607
471
6970
353
1220
4045
958
81370
13
6558
728
37781
13
271
760
7776
84810
1752
318
1030
11514
1866
6607
8
1881
1330
7552
471
411
3314
2574
539
279
6966
6607
383
279
1752
303
279
81370
13
1061
369
264
5129
1067
13
271
34410
1076
279
4618
369
524
8173
30
1921
279
3377
2640
328
14844
1962
72073
4618
1149
271
9764
728
1380
264
2086
5313
25
6970
353
1220
12204
281
2007
7127
8
1608
264
2086
1654
321
1436
413
353
615
2086
2961
13
271
50821
11
1042
728
37781
1228
1105
220
16
777
15060
13
16018
1017
381
264
2577
46124
30
271
64
283
498
16
11
220
16
11
220
18
1089
292
283
498
19
11
220
19
11
220
17
60
271
760
2658
47535
314
264
25
313
16
11
220
16
11
220
18
92
198
760
2658
47535
314
292
25
313
19
11
220
19
11
220
17
92
271
1596
1144
310
9501
1754
264
957
60
310
264
12103
292
869
13
271
63020
30152
25
198
12
264
58
15
4678
16
11069
220
19
11
264
58
16
4678
16
11069
220
19
11
264
58
17
4678
18
11069
220
17
25
2695
283
281
7
16
11
19
7030
69
7
16
11
19
7030
69
7
18
11
17
8
283
220
17
10
17
10
20
283
220
24
198
12
264
58
15
4678
16
11069
220
19
11
264
58
16
4678
16
11069
220
17
11
264
58
17
4678
18
11069
220
19
25
2695
283
281
7
16
11
19
7030
69
7
16
11
17
7030
69
7
18
11
19
8
198
12
264
58
15
4678
16
11069
220
17
11
264
58
16
4678
16
11069
220
19
11
264
58
17
4678
18
11069
220
19
25
2695
283
281
7
16
11
17
7030
69
7
16
11
19
7030
69
7
18
11
19
8
271
40
1144
281
7
16
11
17
8
321
281
7
18
11
19
1590
198
69
7
16
11
17
1590
12351
25
220
16
12
19
12
17
1866
7
19
11
20
11393
20
11
220
16
12
18
12
19
12
17
1866
7
17
11
16
11
20
11393
20
13
1987
281
7
16
11
17
11393
20
13
198
69
7
18
11
19
1590
2050
6607
4528
220
16
13
1987
281
7
18
11
19
11393
16
13
271
4272
2904
220
17
25
220
17
10
20
10
16
283
220
23
50615
198
5173
220
18
25
220
20
10
17
10
16
283
220
23
50615
271
4272
279
4087
369
220
23
13
2921
6575
33303
557
4808
1521
353
18533
292
995
310
381
1429
303
1906
11
694
567
628
13457
1035
424
0
271
4272
279
4125
369
25
303
821
1970
11
353
12204
2695
957
1404
73
60
283
281
2784
957
1089
292
3681
2387
321
1179
11290
279
15840
13
1921
292
369
264
1103
421
1189
599
40922
13
561
15840
3377
1220
3579
411
12083
430
1248
430
353
716
685
279
2695
5979
9971
13
271
13784
11
694
303
821
54871
7873
11
353
2688
25773
424
430
264
5129
307
830
307
15840
13
1368
292
682
40922
11
279
2695
5979
668
599
21814
7890
11
864
369
6699
364
279
54871
11767
13
271
9764
728
11319
1472
821
1970
364
1228
220
16
25
198
64
283
498
16
11
220
16
11
220
18
1089
292
283
498
19
11
220
19
11
220
17
60
198
15958
5979
25
198
15958
58
15
1404
15
60
283
281
7
16
11
19
8
283
220
17
198
15958
58
15
1404
16
60
283
281
7
16
11
19
8
283
220
17
198
15958
58
15
1404
17
60
283
281
7
16
11
17
8
283
220
20
198
15958
58
16
1404
15
60
283
281
7
16
11
19
8
283
220
17
198
15958
58
16
1404
16
60
283
281
7
16
11
19
8
283
220
17
198
15958
58
16
1404
17
60
283
281
7
16
11
17
8
283
220
20
198
15958
58
17
1404
15
60
283
281
7
18
11
19
8
283
220
16
198
15958
58
17
1404
16
60
283
281
7
18
11
19
8
283
220
16
198
15958
58
17
1404
17
60
283
281
7
18
11
17
8
283
220
20
271
6820
54871
1220
1423
279
7776
15840
13
561
22113
369
310
9501
2713
220
15
310
1327
220
15
318
15958
220
17
681
2713
220
16
310
1327
220
17
318
15958
220
20
681
2713
220
17
310
1327
220
16
318
15958
220
16
8
283
220
23
13
2441
2713
220
15
310
1327
220
17
318
20
681
2713
220
16
310
1327
220
15
318
17
681
2713
220
17
310
1327
220
16
318
16
8
283
220
23
13
271
4272
821
11767
1220
2873
220
23
13
1921
424
6348
220
24
6575
30
6558
728
1716
413
821
54871
7873
369
4252
13
271
50821
11
353
3105
914
1542
424
471
353
1066
48611
19470
13
561
1228
7652
557
383
1228
1105
220
17
11
524
1228
1105
220
16
13
6558
728
5077
383
1228
1105
220
17
13
271
2198
220
17
25
307
28
18
11
12454
25
318
16
11
17
11
20
681
318
17
11
18
11
17
681
318
16
11
18
11
16
681
264
5637
16
11
16
1089
292
5637
17
11
18
60
271
44
759
25
318
16
11
18
11
16
681
318
17
11
18
11
17
8
198
69
7
16
11
17
8
283
1752
220
16
12
18
12
17
11
1866
7
16
11
17
11393
17
198
69
7
16
11
18
8
283
1752
220
16
12
18
11
1866
7
16
11393
16
271
15958
5979
25
198
15958
58
15
1404
15
60
283
281
7
16
11
17
8
283
220
17
198
15958
58
15
1404
16
60
283
281
7
16
11
18
8
283
220
16
198
15958
58
16
1404
15
60
283
281
7
16
11
17
8
283
220
17
198
15958
58
16
1404
16
60
283
281
7
16
11
18
8
283
220
16
271
20711
2768
25
9501
2713
220
15
310
1327
220
16
318
15958
220
16
681
2713
220
16
310
1327
220
15
318
15958
220
17
8
283
220
18
13
2441
2713
220
15
310
1327
220
15
318
17
681
2713
220
16
310
1327
220
16
318
16
8
283
220
18
13
271
4272
4087
1220
381
220
18
13
1921
1228
23535
220
19
0
271
1919
3254
2892
25
198
16
13
2921
281
2007
7127
8
33303
369
4808
198
17
13
561
3377
369
31233
20648
271
13784
1076
1042
728
311
27864
279
3377
4952
1546
15060
2957
777
13
271
1
3772
279
7776
3102
2542
314
1752
13914
1
271
77264
11
6970
353
2688
67385
1092
328
2267
4528
1
3254
303
2193
13
6558
728
311
27864
1076
271
54746
866
1752
303
279
4618
11
1141
4528
369
4364
430
279
6966
4528
314
866
6607
303
421
1752
13
281
2007
11
374
8
369
4364
430
279
7776
3102
1752
4528
494
11597
830
310
11597
374
1149
271
3793
748
281
2007
7127
8
283
1262
888
660
12351
387
494
830
310
374
314
318
2721
6607
4528
303
387
553
2844
579
1092
353
23424
13
271
34410
1076
279
3377
3254
2414
745
539
328
19306
1035
8240
292
3158
10380
292
5255
628
381
1429
5081
2942
30
2233
11
328
19306
1035
1
3254
53470
54738
11
748
1754
2315
1429
6681
2957
13
271
40
2688
15239
383
3069
1228
220
17
23535
220
19
13
6558
728
2814
25
6970
279
81370
5313
6486
4808
84810
2663
303
1010
4886
30
2233
11
424
579
264
16134
55877
13
271
13784
11
1042
728
37781
13
10380
353
1220
4045
958
81370
321
4370
12204
281
2007
7127
8
5774
1608
264
2086
11767
11
1040
414
84170
579
11096
364
84810
12351
13
271
2381
84810
1752
318
1030
11514
6966
6607
681
567
628
958
264
10490
414
84170
1332
279
5821
369
279
1866
6607
4528
748
2944
11
321
567
958
264
1262
12
15489
13
271
9764
728
1380
421
5313
4370
321
1436
413
353
615
2086
2961
13
271
50821
11
2107
19222
1220
2873
279
1788
4087
13
561
81370
3234
369
6235
13
271
40
2688
1546
21143
883
1228
220
17
21637
220
19
13
6558
728
2814
413
6970
353
5605
851
279
1228
13
6558
728
1353
1495
25
271
71093
12305
198
2
3284
1105
220
17
198
2138
8871
7
18
11
17294
16
11
220
17
11
220
20
681
318
17
11
220
18
11
220
17
681
318
16
11
220
18
11
220
16
24242
498
16
11
220
16
1089
498
17
11
220
18
2387
606
220
19
198
71093
271
2939
279
4479
889
2640
25
198
71093
198
19541
28377
2551
20467
7
18
11
17294
16
11
220
17
11
220
20
681
318
17
11
220
18
11
220
17
681
318
16
11
220
18
11
220
16
24242
498
16
11
220
16
1089
498
17
11
220
18
2387
198
18
198
71093
271
3733
579
264
2708
48086
13
561
4479
889
2640
220
18
11
279
1228
2640
220
19
13
8439
279
10895
1910
328
5683
4045
67305
3067
13209
50
487
353
1902
1236
279
709
460
220
19
364
411
1105
13
271
1919
3254
821
8396
314
279
3377
369
4808
13
6558
728
1683
883
1092
22134
1000
2873
220
19
13
271
2592
279
4087
369
220
19
11
321
567
599
264
5637
16
11
16
1089
292
5637
17
11
18
1089
1179
25
198
12
3648
15840
25
281
7
16
11
17
7030
69
7
16
11
18
8
283
220
19
198
12
6728
15840
25
281
7
16
11
18
7030
69
7
16
11
17
8
283
220
19
271
4272
2107
30152
2873
220
19
13
1061
3254
281
7
16
11
17
7030
69
7
16
11
18
8
283
220
19
13
271
1596
1366
281
7
16
11
18
8
283
220
16
318
19194
6607
553
1987
281
7
16
11
17
8
1902
381
220
18
13
271
3850
281
7
16
11
17
8
1220
381
220
17
4417
1752
220
16
12
18
12
17
440
1866
7
16
11
17
11393
17
13
271
34410
1076
279
1752
4528
369
4364
20648
30
3437
413
328
2267
4528
1
369
279
29732
314
6607
13914
11
524
279
6966
30
271
9764
728
1716
25
413
1752
4528
283
2542
314
12454
25
198
69
7
16
11
17
8
283
1262
7
20
11
220
16
10
17
8
283
1262
7
20
11
18
8
283
220
18
198
69
7
16
11
18
8
283
1262
7
16
11
220
20
10
17
8
283
1262
7
16
11
22
8
283
220
16
198
8917
283
220
18
10
16
283
220
19
50615
271
4639
8798
0
6558
728
9845
440
1228
220
16
25
198
2592
1752
4528
283
2542
314
12454
25
198
69
7
16
11
19
8
283
1262
7
19
11
220
17
10
16
11
220
17
10
16
10
20
11
45347
3655
1042
728
12867
13
198
39765
25
318
16
11
18
11
17
681
318
18
11
19
11
16
681
318
17
11
19
11
20
681
318
16
11
19
11
19
8
198
69
7
16
11
19
1590
12351
25
220
16
12
19
318
19
681
220
16
12
18
12
19
318
17
10
16
28
18
553
3277
283
220
18
13
198
69
7
16
11
17
1590
12351
25
220
16
12
19
12
17
318
19
10
20
28
24
681
220
16
12
18
12
19
12
17
318
17
10
16
10
20
28
23
553
3277
283
220
23
13
198
69
7
18
11
19
1590
2050
318
16
681
466
220
18
12
16
12
19
318
17
10
19
28
21
553
3277
283
220
16
13
198
69
7
18
11
17
1590
12351
25
220
18
12
19
12
17
318
16
10
20
28
21
681
220
18
12
16
12
19
12
17
318
17
10
19
10
20
28
16
16
553
3277
283
220
21
13
271
14508
5979
25
198
15958
58
15
1404
15
60
283
281
7
16
11
19
8
283
220
18
198
15958
58
15
1404
16
60
283
281
7
16
11
19
8
283
220
18
198
15958
58
15
1404
17
60
283
281
7
16
11
17
8
283
220
23
198
15958
58
16
1404
15
60
283
281
7
16
11
19
8
283
220
18
198
15958
58
16
1404
16
60
283
281
7
16
11
19
8
283
220
18
198
15958
58
16
1404
17
60
283
281
7
16
11
17
8
283
220
23
198
15958
58
17
1404
15
60
283
281
7
18
11
19
8
283
220
16
198
15958
58
17
1404
16
60
283
281
7
18
11
19
8
283
220
16
198
15958
58
17
1404
17
60
283
281
7
18
11
17
8
283
220
21
271
20711
2768
25
2713
15
49300
2006
15
248046
198