248045
846
198
4274
279
2614
709
11618
321
4479
889
11
6999
4072
279
709
7246
321
1440
660
279
6813
13
2972
5683
4045
67305
3067
13209
50
159029
271
2523
1220
14623
279
1970
488
10490
303
264
64504
1970
2424
318
784
9609
31789
318
19458
668
31153
279
3889
5568
8
271
71093
198
1445
18904
1120
1697
1358
727
1866
4546
9011
43875
5781
87
25
514
11
53105
25
514
11
9599
25
1697
50246
18078
28649
1411
514
25
198
262
4071
695
262
1848
264
220
20
15
87
20
15
31634
2402
11
1017
369
264
45051
506
2234
318
74
87
11
53105
8
321
280
38667
506
279
2574
9599
13
198
262
28445
321
13853
1432
264
2404
5792
1746
318
59605
5601
1118
8
1332
1754
2693
25
198
262
471
8167
82
866
9376
51663
321
38823
424
440
279
45051
1608
279
7776
1324
314
10480
198
262
471
561
45051
628
1440
975
280
38667
1973
38460
1070
2261
279
3166
6987
262
28445
6587
310
33363
279
2702
1324
314
10480
11
1345
13853
6587
310
28377
1070
13
198
262
11396
4078
1432
7314
722
13
198
1031
262
357
45051
10480
303
449
436
7278
1959
25
220
17
7515
303
799
4944
321
220
16
2691
74206
310
421
13
198
1031
262
17167
25
198
285
580
87
25
22268
579
2763
830
77912
318
15
2564
580
87
2564
220
19
24
8
198
285
53105
25
22268
579
2763
374
77912
318
15
2564
53105
2564
220
19
24
8
198
285
9599
25
1697
314
498
87
11
374
60
13534
314
280
38667
318
16
2564
2343
12113
82
8
2564
220
16
20
8
198
1031
262
5019
25
198
285
561
6966
2702
1324
314
10480
28445
628
10752
6987
262
11765
1866
4546
9011
43875
7
16
11
220
16
11
4177
15
11
220
15
28649
198
262
220
19
198
262
11765
1866
4546
9011
43875
7
15
11
220
17
11
4177
16
11
220
16
1089
498
17
11
220
17
1089
498
18
11
220
18
28649
198
262
220
23
198
262
11765
1866
4546
9011
43875
7
15
11
220
15
11
4177
16
11
220
17
1089
498
17
11
220
19
28649
198
262
220
18
198
262
4071
271
727
1716
69574
1590
198
262
653
14204
1228
4886
494
9989
198
262
1992
8871
7
16
11
220
16
11
4177
15
11
220
15
28649
606
220
19
198
262
1992
8871
7
15
11
220
17
11
4177
16
11
220
16
1089
498
17
11
220
17
1089
498
18
11
220
18
28649
606
220
23
198
262
1992
8871
7
15
11
220
15
11
4177
16
11
220
17
1089
498
17
11
220
19
28649
606
220
18
6987
262
653
22484
1228
4886
198
262
1992
8871
7
17
15
11
220
19
11
4177
19
11
220
17
21
1089
498
18
18
11
220
16
22
1089
498
19
16
11
220
18
15
1089
498
17
21
11
220
19
18
1089
498
16
17
11
220
18
24
1089
498
17
21
11
220
16
22
1089
498
19
21
11
220
16
15
1089
498
16
22
11
220
18
1089
498
18
11
220
15
1089
498
17
15
11
220
17
24
1089
498
17
20
11
220
17
19
1089
498
19
24
11
220
17
1089
498
18
24
11
220
19
23
1089
498
21
11
220
17
17
28649
606
220
16
22
20
198
262
1992
8871
7
16
11
220
20
11
4177
16
11
220
24
28649
606
220
17
198
262
1992
8871
7
18
17
11
220
18
18
11
4177
18
21
11
220
21
1089
498
19
24
11
220
16
22
1089
498
17
20
11
220
16
19
1089
498
19
24
11
220
17
1089
498
17
15
11
220
17
21
1089
498
19
15
11
220
18
22
1089
498
16
16
11
220
17
20
1089
498
18
17
11
220
18
1089
498
18
18
11
220
17
21
1089
498
17
23
11
220
20
1089
498
18
18
11
220
18
28649
606
220
16
17
15
198
262
1992
8871
7
16
11
220
21
11
4177
17
11
220
19
28649
606
220
16
198
262
1992
8871
7
17
17
11
220
19
11
4177
19
18
11
220
19
19
1089
498
18
17
11
220
18
17
1089
498
17
19
11
220
18
16
1089
498
19
24
11
220
17
17
1089
498
17
17
11
220
15
1089
498
24
11
220
18
20
1089
498
16
11
220
17
18
1089
498
16
15
11
220
19
20
1089
498
19
23
11
220
24
1089
498
17
19
11
220
18
21
1089
498
19
23
11
220
19
22
28649
606
220
16
20
20
198
262
1992
8871
7
18
11
220
21
11
4177
22
11
220
15
28649
606
220
19
198
262
1992
8871
7
19
17
11
220
16
11
4177
18
24
11
220
19
22
1089
498
23
11
220
19
24
1089
498
16
19
11
220
19
24
1089
498
19
18
11
220
16
1089
498
18
23
11
220
18
24
1089
498
15
11
220
16
21
1089
498
16
24
11
220
18
21
1089
498
16
24
11
220
19
17
1089
498
17
20
11
220
17
1089
498
18
11
220
19
20
1089
498
19
16
11
220
18
22
1089
498
16
21
11
220
19
22
1089
498
18
22
11
220
18
22
1089
498
24
11
220
16
22
1089
498
16
21
11
220
17
22
28649
606
220
16
24
23
198
262
1992
8871
7
17
20
11
220
17
21
11
4177
19
18
11
220
18
21
1089
498
19
24
11
220
20
1089
498
16
23
11
220
17
1089
498
20
11
220
16
22
1089
498
18
16
11
220
16
23
1089
498
19
18
11
220
18
22
1089
498
17
22
11
220
17
23
1089
498
18
23
11
220
18
18
1089
498
20
11
220
17
18
1089
498
19
21
11
220
18
24
1089
498
16
21
11
220
18
21
28649
606
220
16
18
17
198
262
1992
8871
7
17
23
11
220
18
23
11
4177
16
15
11
220
18
16
1089
498
21
11
220
18
23
1089
498
19
20
11
220
16
15
1089
498
16
16
11
220
16
22
1089
498
16
11
220
16
20
1089
498
19
22
11
220
18
17
1089
498
16
11
220
17
15
1089
498
24
11
220
16
1089
498
19
23
11
220
20
1089
498
19
16
11
220
23
1089
498
19
23
11
220
18
20
28649
606
220
16
21
18
198
262
1992
8871
7
18
22
11
220
16
17
11
4177
16
20
11
220
19
16
1089
498
18
24
11
220
19
24
1089
498
19
18
11
220
17
17
1089
498
16
17
11
220
18
15
1089
498
17
16
11
220
18
19
1089
498
15
11
220
16
18
1089
498
17
20
11
220
18
23
1089
498
19
15
11
220
16
18
1089
498
19
16
11
220
16
24
28649
606
220
16
16
21
198
262
1992
8871
7
17
16
11
220
17
15
11
4177
18
21
11
220
18
19
1089
498
19
15
11
220
19
17
1089
498
17
11
220
19
21
1089
498
18
15
11
220
17
24
1089
498
18
23
11
220
17
22
1089
498
23
11
220
16
1089
498
19
19
11
220
17
18
1089
498
21
11
220
17
20
1089
498
16
22
11
220
16
17
1089
498
17
20
11
220
16
1089
498
21
11
220
19
20
1089
498
19
19
11
220
17
23
1089
498
16
20
11
220
22
1089
498
17
19
11
220
16
24
1089
498
19
15
11
220
17
18
28649
606
220
16
22
20
198
262
1992
8871
7
17
11
220
22
11
4177
16
11
220
16
28649
606
220
18
198
262
1992
8871
7
18
11
220
20
11
4177
23
11
220
22
28649
606
220
18
198
262
1992
8871
7
16
22
11
220
16
11
4177
17
23
11
220
17
21
1089
498
19
17
11
220
17
23
1089
498
16
21
11
220
16
19
1089
498
16
11
220
17
15
1089
498
18
19
11
220
18
18
1089
498
19
24
11
220
18
21
1089
498
19
24
11
220
19
1089
498
16
18
11
220
24
1089
498
18
23
11
220
18
16
1089
498
18
18
11
220
16
18
1089
498
16
18
11
220
17
18
1089
498
18
18
11
220
22
28649
606
220
16
18
23
198
262
1992
8871
7
17
16
11
220
17
22
11
4177
18
11
220
17
21
1089
498
23
11
220
20
1089
498
17
18
11
220
17
24
1089
498
19
20
11
220
19
19
1089
498
19
17
11
220
17
23
1089
498
17
21
11
220
19
19
1089
498
17
21
11
220
18
15
1089
498
20
11
220
18
20
1089
498
18
24
11
220
16
24
1089
498
19
15
11
220
19
24
1089
498
16
17
11
220
22
1089
498
17
24
11
220
18
28649
606
220
16
19
24
198
262
1992
8871
7
15
11
220
15
11
4177
19
24
11
220
19
24
1089
498
15
11
220
19
24
1089
498
19
24
11
220
15
28649
606
220
24
18
198
262
1992
8871
7
16
11
220
15
11
4177
24
11
220
18
28649
606
220
20
198
262
1992
8871
7
23
11
220
19
11
4177
20
11
220
18
18
1089
498
18
17
11
220
18
16
1089
498
18
11
220
18
24
1089
498
17
17
11
220
16
15
1089
498
18
20
11
220
17
23
1089
498
17
18
11
220
18
21
1089
498
18
19
11
220
16
17
1089
498
17
21
11
220
18
17
1089
498
18
19
11
220
18
17
1089
498
18
21
11
220
16
20
1089
498
18
18
11
220
17
22
1089
498
17
23
11
220
18
20
28649
606
220
16
15
24
198
262
1992
8871
7
24
11
220
16
17
11
4177
17
22
11
220
15
1089
498
15
11
220
18
1089
498
16
21
11
220
19
18
1089
498
17
23
11
220
16
21
1089
498
18
15
11
220
19
19
1089
498
16
11
220
16
24
1089
498
19
16
11
220
16
23
1089
498
16
20
11
220
16
15
1089
498
23
11
220
17
21
1089
498
19
18
11
220
16
18
1089
498
19
15
11
220
17
28649
606
220
16
19
22
198
262
1992
8871
7
16
21
11
220
18
18
11
4177
17
21
11
220
18
22
1089
498
19
16
11
220
18
19
28649
606
220
17
17
198
262
1992
8871
7
23
11
220
17
23
11
4177
17
18
11
220
17
22
1089
498
23
11
220
17
18
1089
498
17
11
220
19
17
1089
498
22
11
220
17
24
1089
498
17
17
11
220
18
24
1089
498
16
19
11
220
19
20
1089
498
18
18
11
220
18
22
1089
498
16
18
11
220
16
17
28649
606
220
22
23
198
262
1992
8871
7
17
23
11
220
17
21
11
4177
16
15
11
220
19
17
1089
498
18
19
11
220
21
1089
498
21
11
220
16
19
1089
498
16
17
11
220
18
23
1089
498
19
21
11
220
19
1089
498
23
11
220
16
17
1089
498
16
15
11
220
17
19
1089
498
15
11
220
17
16
1089
498
18
20
11
220
19
17
1089
498
19
21
11
220
17
19
1089
498
17
17
11
220
19
15
28649
606
220
16
19
17
198
262
1992
8871
7
16
11
220
18
11
4177
16
11
220
16
28649
606
220
17
198
262
1992
8871
7
15
11
220
15
11
4177
19
15
11
220
19
15
1089
498
19
16
11
220
19
16
1089
498
19
17
11
220
19
17
1089
498
19
18
11
220
19
18
1089
498
19
19
11
220
19
19
1089
498
19
20
11
220
19
20
1089
498
19
21
11
220
19
21
1089
498
19
22
11
220
19
22
1089
498
19
23
11
220
19
23
1089
498
19
24
11
220
19
24
28649
606
220
21
17
198
262
1992
8871
7
16
24
11
220
17
15
11
4177
19
24
11
220
16
1089
498
17
17
11
220
19
24
1089
498
19
17
11
220
22
1089
498
15
11
220
19
19
1089
498
17
17
11
220
19
20
1089
498
18
15
11
220
17
1089
498
19
18
11
220
18
19
1089
498
19
19
11
220
17
22
1089
498
16
11
220
17
17
28649
606
220
16
18
21
198
262
1992
8871
7
17
19
11
220
19
18
11
4177
17
18
11
220
17
22
1089
498
16
16
11
220
19
21
1089
498
19
22
11
220
18
23
1089
498
24
11
220
16
20
1089
498
18
22
11
220
24
1089
498
20
11
220
19
1089
498
19
16
11
220
16
17
1089
498
19
19
11
220
16
15
1089
498
17
17
11
220
18
19
1089
498
19
18
11
220
18
1089
498
19
18
11
220
16
16
1089
498
16
11
220
17
19
1089
498
18
18
11
220
17
17
1089
498
16
24
11
220
19
1089
498
16
16
11
220
17
21
28649
606
220
16
24
21
198
262
1992
8871
7
16
11
220
17
11
4177
16
15
11
220
19
28649
606
220
20
198
262
1992
8871
7
18
11
220
19
11
4177
19
11
220
20
28649
606
220
17
198
262
1992
8871
7
19
16
11
220
19
15
11
4177
17
18
11
220
19
21
1089
498
18
11
220
16
22
28649
606
220
18
23
198
262
1992
8871
7
15
11
220
15
11
4177
19
24
11
220
19
24
1089
498
19
24
11
220
15
1089
498
15
11
220
19
24
28649
606
220
24
18
198
262
1992
8871
7
18
11
220
21
11
4177
19
11
220
21
28649
606
220
18
198
262
1992
8871
7
17
11
220
23
11
4177
23
11
220
16
28649
606
220
20
198
262
1992
8871
7
17
17
11
220
18
20
11
4177
17
15
11
220
18
24
1089
498
18
24
11
220
17
24
1089
498
18
15
11
220
16
1089
498
18
24
11
220
17
22
28649
606
220
20
16
198
262
1992
8871
7
21
11
220
18
19
11
4177
17
21
11
220
17
22
1089
498
19
20
11
220
17
21
1089
498
17
19
11
220
19
15
1089
498
18
18
11
220
24
1089
498
22
11
220
18
21
1089
498
17
23
11
220
16
20
1089
498
17
15
11
220
18
1089
498
17
24
11
220
19
18
1089
498
16
11
220
19
22
1089
498
17
23
11
220
16
19
1089
498
19
11
220
16
18
1089
498
19
24
11
220
17
19
28649
606
220
16
19
24
198
262
1992
8871
7
16
19
11
220
17
19
11
4177
21
11
220
17
17
1089
498
16
21
11
220
16
21
1089
498
19
24
11
220
17
20
1089
498
17
21
11
220
17
19
1089
498
17
20
11
220
18
20
1089
498
17
21
11
220
20
1089
498
19
16
11
220
17
16
1089
498
17
24
11
220
24
1089
498
17
24
11
220
17
1089
498
19
19
11
220
18
17
1089
498
17
11
220
19
16
28649
606
220
16
18
18
198
262
1992
8871
7
15
11
220
17
11
4177
22
11
220
20
28649
606
220
19
198
262
1992
8871
7
17
23
11
220
20
11
4177
17
17
11
220
18
22
1089
498
18
21
11
220
23
1089
498
17
20
11
220
24
1089
498
17
11
220
19
16
1089
498
24
11
220
17
15
1089
498
16
16
11
220
16
22
28649
606
220
22
16
198
262
1992
8871
7
17
11
220
18
11
4177
19
11
220
24
28649
606
220
19
198
262
1992
8871
7
18
11
220
18
11
4177
24
11
220
19
28649
606
220
18
198
262
1992
8871
7
18
15
11
220
18
20
11
4177
20
11
220
17
15
1089
498
16
11
220
16
17
1089
498
18
19
11
220
16
24
1089
498
19
20
11
220
16
20
1089
498
16
21
11
220
19
16
1089
498
18
24
11
220
16
15
1089
498
20
11
220
17
24
1089
498
17
19
11
220
16
15
1089
498
19
20
11
220
20
1089
498
16
17
11
220
19
22
1089
498
18
23
11
220
16
22
1089
498
17
18
11
220
17
18
28649
606
220
16
19
21
271
2
5272
1716
8474
4546
9011
43875
8
310
1542
6813
13
198
71093
248046
198
248045
74455
198
248068
271
248069
271
71093
12305
198
1445
18904
1120
1697
198
1445
54572
1120
324
2585
11198
198
464
85475
1358
727
1866
4546
9011
43875
5781
87
25
514
11
53105
25
514
11
9599
25
1697
50246
18078
28649
1411
514
25
198
262
4071
695
262
1848
264
220
20
15
87
20
15
31634
2402
11
1017
369
264
45051
506
2234
318
74
87
11
53105
8
321
280
38667
506
279
2574
9599
13
198
262
28445
321
13853
1432
264
2404
5792
1746
318
59605
5601
1118
8
1332
1754
2693
25
198
262
471
8167
82
866
9376
51663
321
38823
424
440
279
45051
1608
279
7776
1324
314
10480
198
262
471
561
45051
628
1440
975
280
38667
1973
38460
1070
2261
279
3166
6987
262
28445
6587
310
33363
279
2702
1324
314
10480
11
1345
13853
6587
310
28377
1070
13
198
262
11396
4078
1432
7314
722
13
198
1031
262
357
45051
10480
303
449
436
7278
1959
25
220
17
7515
303
799
4944
321
220
16
2691
74206
310
421
13
198
1031
262
17167
25
198
285
580
87
25
22268
579
2763
830
77912
318
15
2564
580
87
2564
220
19
24
8
198
285
53105
25
22268
579
2763
374
77912
318
15
2564
53105
2564
220
19
24
8
198
285
9599
25
1697
314
498
87
11
374
60
13534
314
280
38667
318
16
2564
2343
12113
82
8
2564
220
16
20
8
198
1031
262
5019
25
198
285
561
6966
2702
1324
314
10480
28445
628
10752
6987
262
11765
1866
4546
9011
43875
7
16
11
220
16
11
4177
15
11
220
15
28649
198
262
220
19
198
262
11765
1866
4546
9011
43875
7
15
11
220
17
11
4177
16
11
220
16
1089
498
17
11
220
17
1089
498
18
11
220
18
28649
198
262
220
23
198
262
11765
1866
4546
9011
43875
7
15
11
220
15
11
4177
16
11
220
17
1089
498
17
11
220
19
28649
198
262
220
18
198
262
4071
198
262
307
283
2343
12113
82
8
198
262
413
307
606
220
15
25
198
285
460
220
15
6987
262
653
4807
26808
25704
1881
660
280
38667
321
494
2763
2234
310
1754
51663
198
262
653
1527
957
1404
73
60
283
7776
45051
10480
494
2234
585
310
2234
492
198
262
653
1165
3172
958
264
87244
5792
5313
364
1754
6505
6987
262
45051
43875
283
17294
17
11
220
16
681
318
17
11
471
16
681
9987
17
11
220
16
681
9987
17
11
471
16
681
318
16
11
220
17
681
318
16
11
471
17
681
9987
16
11
220
17
681
9987
16
11
471
17
7025
198
1031
262
687
45051
18873
2007
16
11
374
16
11
830
17
11
374
17
1590
198
285
4071
46270
7776
45051
10480
494
318
87
16
7127
16
8
310
318
87
17
7127
17
8
383
220
20
15
87
20
15
4331
12237
198
285
413
830
16
606
830
17
321
374
16
606
374
17
25
198
309
460
220
15
8675
285
653
87244
198
285
494
14856
1120
40565
198
285
11653
283
716
363
198
285
6951
283
40565
56611
87
16
11
374
16
11
220
15
45047
198
285
11653
1316
1148
87
16
11
374
16
578
198
1726
285
1345
6951
25
198
309
830
11
374
11
293
283
6951
541
73643
363
198
309
364
13426
11
13554
303
45051
43875
25
198
388
23721
11
18431
283
830
478
13426
11
374
478
13554
198
388
413
220
15
2564
23721
2564
220
19
24
321
220
15
2564
18431
2564
220
19
24
321
318
22632
11
18431
8
524
303
11653
25
198
493
413
23721
606
830
17
321
18431
606
374
17
25
198
646
460
293
478
220
16
198
493
11653
1316
1148
22632
11
18431
578
198
493
6951
1989
1148
22632
11
18431
11
293
478
220
16
578
198
1726
285
460
471
16
220
653
11910
524
3420
383
264
8173
4331
6987
262
653
4091
264
1103
314
660
9599
25
1857
220
15
369
279
5732
2234
11
14505
220
16
486
77
513
279
280
38667
198
262
660
35988
283
17294
74
87
11
53105
7025
478
17294
79
58
15
1089
280
58
16
2387
364
280
303
9599
60
198
1031
262
653
4807
26808
5821
5979
198
262
653
1527
957
1404
73
60
283
5821
494
660
35988
957
60
310
660
35988
3681
60
198
262
295
283
307
478
220
16
198
262
1527
283
4177
15
60
348
295
364
696
303
2020
1212
7025
198
262
364
585
303
2020
1212
1590
198
285
364
492
303
2020
1212
1590
198
309
413
585
931
492
25
198
388
1527
957
1404
73
60
283
45051
18873
19766
35988
957
1404
15
1089
660
35988
957
1404
16
1089
660
35988
3681
1404
15
1089
660
35988
3681
1404
16
2387
198
1031
262
653
4543
958
20781
1452
54489
364
279
1746
198
262
653
3130
25
318
74
9011
6276
7031
11
12431
17991
294
3456
57241
605
6178
17788
8
198
262
653
45051
6276
7031
25
1857
303
660
35988
318
15
369
1151
11
220
16
486
77
513
280
38667
553
695
262
653
256
32645
11
279
45051
369
2590
506
1010
2234
13
56578
506
220
15
13
198
262
653
256
4486
38460
51663
585
11
279
45051
369
506
2234
585
318
7949
369
660
35988
957
10381
198
262
653
256
1987
567
628
3627
279
1428
2234
539
279
1857
314
279
1483
16508
51663
11
466
220
15
413
6643
13
198
262
653
256
6558
579
958
25
1428
6276
283
220
15
413
874
51663
16508
3482
11
745
279
1857
314
279
1483
16508
51663
318
16
486
77
8
198
262
653
256
9376
25
716
314
51663
14505
318
16
486
77
8
524
3482
16508
6987
262
653
1165
958
20781
1954
440
264
10675
2394
279
1528
3433
369
220
17
83193
348
318
77
10
16
8
198
262
653
307
2564
220
16
20
11
748
220
17
61
16
20
283
220
18
17
22
21
23
11
2942
220
16
21
283
3835
20
17
19
17
23
23
5134
11
864
369
67657
13
198
1031
262
20781
283
4535
198
1031
262
687
24971
8497
6276
11
9376
1590
198
285
653
1428
6276
25
220
15
3254
506
1151
11
220
16
486
77
3254
506
421
51663
579
2234
198
285
653
9376
25
12431
17991
294
314
51663
14505
318
16
486
77
8
1990
310
11969
198
285
413
524
9376
25
198
309
460
220
15
8675
285
1528
283
318
3127
6276
11
9376
8
198
285
413
1528
303
20781
25
198
309
460
20781
53990
60
198
1726
285
653
28924
6483
2404
424
369
198
285
653
5447
314
280
38667
2582
16508
283
307
471
2343
7
42000
8
198
285
653
28445
5601
1118
11
748
413
318
77
471
2343
7
42000
578
369
1442
11
424
579
28445
579
2404
26
745
13853
579
198
285
1572
648
77463
283
307
471
2343
7
42000
8
198
285
369
8158
543
36040
283
318
2334
648
77463
984
220
17
606
220
15
8
198
1726
285
1786
5996
283
2168
198
285
364
51663
7031
303
9376
25
198
309
653
22268
10480
494
1428
6276
310
51663
7031
198
309
10480
283
1527
24947
6276
1404
66276
7031
60
198
3265
309
653
1478
1528
25
45051
506
51663
7031
11
9376
1973
51663
7031
198
309
491
57241
283
9376
471
12431
17991
294
2477
66276
7031
2387
198
309
1146
3042
283
24971
1250
6178
7031
11
491
57241
8
198
309
2702
3042
283
10480
478
1146
3042
18015
309
413
369
8158
543
36040
25
198
388
653
28445
6587
310
33363
198
388
413
1786
5996
369
2168
466
2702
3042
835
1786
5996
25
198
493
1786
5996
283
2702
3042
198
309
745
25
198
388
653
13853
6587
310
28377
198
388
413
1786
5996
369
2168
466
2702
3042
361
1786
5996
25
198
493
1786
5996
283
2702
3042
8675
285
20781
53990
60
283
1786
5996
198
285
460
1786
5996
6987
262
2763
57241
283
12431
17991
294
21649
7
16
11
307
478
220
16
578
198
262
460
24971
7
15
11
2763
57241
8
198
71093
248046
198
248045
846
198
7525
3555
4621
4490
279
6813
13
5514
579
279
1412
25
198
6347
1371
318
3444
3110
1562
1483
1590
198
220
2793
34397
19
842
41
11351
56
70
46
24
6971
487
1500
220
17
16
16
11
303
361
4211
29
198
262
1716
8474
4546
9011
43875
8
198
220
2793
34397
19
842
41
11351
56
70
46
24
6971
487
1500
220
20
18
11
303
1716
198
262
1992
8871
7
17
16
11
220
17
22
11
4177
18
11
220
17
21
1089
498
23
11
220
20
1089
498
17
18
11
220
17
24
1089
498
19
20
11
220
19
19
1089
498
19
17
11
220
17
23
1089
498
17
21
11
220
19
19
1089
498
17
21
11
220
18
15
1089
498
20
11
220
18
20
1089
498
18
24
11
220
16
24
1089
498
19
15
11
220
19
24
1089
498
16
17
11
220
22
1089
498
17
24
11
220
18
28649
606
220
16
19
24
198
1779
6108
59641
59641
59641
59641
59641
59641
59641
59641
59641
59641
59641
59641
59641
59641
59641
59641
59641
59641
59641
59641
59641
59641
59641
59641
59641
59641
59641
59641
59641
59641
59641
59641
59641
59641
21203
61
198
66317
1401
14200
1206
311
40138
11
411
369
678
3274
25
4310
279
2614
709
11618
321
4479
889
11
6999
4072
279
709
7246
321
1440
660
279
6813
13
2972
5683
4045
67305
3067
13209
50
159029
271
2523
1220
14623
279
1970
488
10490
303
264
64504
1970
2424
318
784
9609
31789
318
19458
668
31153
279
3889
5568
8
248046
198
248045
74455
198
248068
271
248069
271
9764
728
22903
279
3377
777
15060
13
271
760
4125
369
421
279
87244
364
45051
5821
2493
381
2166
6103
466
1017
2493
381
449
4125
440
279
1746
11870
13
6558
728
37781
25
271
16
13
561
45051
5821
21261
1608
87244
383
264
220
20
15
87
20
15
4331
364
1754
6505
1220
944
694
2493
381
6103
364
1599
1228
4886
13
198
17
13
561
1746
11870
25
28445
29044
4603
11
13853
20537
4603
13
561
1528
369
318
3127
9373
11
716
3456
57241
605
38667
553
271
13784
11
1042
728
311
27864
279
3377
13
561
1328
19407
369
421
279
45051
5821
1881
1330
9599
383
449
632
656
1193
290
31634
2402
682
264
3750
14377
11
694
87244
1220
1048
944
12083
13
271
9764
728
11319
1472
279
20738
1228
25
198
12
1510
2721
4546
9011
43875
7
17
16
11
220
17
22
11
4177
18
11
220
17
21
1089
498
23
11
220
20
1089
498
17
18
11
220
17
24
1089
498
19
20
11
220
19
19
1089
498
19
17
11
220
17
23
1089
498
17
21
11
220
19
19
1089
498
17
21
11
220
18
15
1089
498
20
11
220
18
20
1089
498
18
24
11
220
16
24
1089
498
19
15
11
220
19
24
1089
498
16
17
11
220
22
1089
498
17
24
11
220
18
28649
63
1220
5951
220
16
19
24
13
271
760
4125
2493
381
4906
471
279
87244
369
2512
364
1754
6505
11
321
440
220
16
17
280
38667
11
421
579
220
16
18
9599
11
748
220
16
18
9
16
18
283
220
16
21
24
87244
6526
11
1754
13188
16230
685
310
220
17
20
15
15
7515
13
2844
1220
381
6699
13
271
9764
728
1716
413
1017
579
264
9584
303
821
11870
13
32645
11
353
1683
279
3377
2493
381
421
353
1144
310
958
264
777
10727
45051
5821
14377
13
6558
728
958
279
3750
34780
5313
364
45051
5821
13
271
50821
11
1042
728
37781
471
6970
279
4125
369
1066
4906
13969
264
9345
466
279
48575
7739
13
6558
728
958
1510
7545
949
2670
33146
9226
63
321
1048
28476
539
829
62751
286
25704
777
28750
13
271
13784
11
3404
1042
728
1683
883
3315
279
87244
369
4252
13
1848
264
220
20
15
87
20
15
4331
11
87244
1220
1423
279
4252
37847
1752
13
6558
728
9845
440
264
4145
1105
13
271
9764
728
1380
264
2086
5313
25
958
279
41545
14377
364
45051
10480
11
864
369
1575
20654
13
271
50821
11
1042
728
1066
1236
2617
821
7873
369
4252
321
884
1010
78379
13
561
4125
2493
381
421
279
20781
1328
5533
12431
17991
1367
864
513
5010
470
694
279
1324
314
5134
1362
381
3349
13
2985
307
28
16
17
11
567
599
220
17
61
16
17
283
220
19
15
24
21
71970
11
2942
220
16
18
9599
283
220
20
18
17
19
23
5134
13
2844
1220
381
6699
13
271
9764
728
1380
1608
1510
75
2585
11198
63
440
43716
4370
314
12431
17991
1367
364
2577
4906
11
466
958
87828
12669
13
271
9764
728
958
87828
364
279
9376
280
38667
25
271
71093
12305
198
1445
18904
1120
1697
198
1445
54572
1120
324
2585
11198
1358
727
1866
4546
9011
43875
5781
87
25
514
11
53105
25
514
11
9599
25
1697
50246
18078
28649
1411
514
25
198
262
307
283
2343
12113
82
8
198
262
413
307
606
220
15
25
198
285
460
220
15
6987
262
45051
43875
283
17294
17
11
220
16
681
318
17
11
471
16
681
9987
17
11
220
16
681
9987
17
11
471
16
681
318
16
11
220
17
681
318
16
11
471
17
681
9987
16
11
220
17
681
9987
16
11
471
17
7025
198
1031
262
687
45051
18873
2007
16
11
374
16
11
830
17
11
374
17
1590
198
285
413
830
16
606
830
17
321
374
16
606
374
17
25
198
309
460
220
15
198
285
494
14856
1120
40565
198
285
11653
283
716
363
198
285
6951
283
40565
56611
87
16
11
374
16
11
220
15
45047
198
285
11653
1316
1148
87
16
11
374
16
578
198
285
1345
6951
25
198
309
830
11
374
11
293
283
6951
541
73643
363
198
309
364
13426
11
13554
303
45051
43875
25
198
388
23721
11
18431
283
830
478
13426
11
374
478
13554
198
388
413
220
15
2564
23721
2564
220
19
24
321
220
15
2564
18431
2564
220
19
24
321
318
22632
11
18431
8
524
303
11653
25
198
493
413
23721
606
830
17
321
18431
606
374
17
25
198
646
460
293
478
220
16
198
493
11653
1316
1148
22632
11
18431
578
198
493
6951
1989
1148
22632
11
18431
11
293
478
220
16
578
198
285
460
471
16
6987
262
660
35988
283
17294
74
87
11
53105
7025
478
17294
79
58
15
1089
280
58
16
2387
364
280
303
9599
60
198
262
295
283
307
478
220
16
198
262
1527
283
4177
15
60
348
295
364
696
303
2020
1212
7025
198
262
364
585
303
2020
1212
1590
198
285
364
492
303
2020
1212
1590
198
309
413
585
931
492
25
198
388
1527
957
1404
73
60
283
45051
18873
19766
35988
957
1404
15
1089
660
35988
957
1404
16
1089
660
35988
3681
1404
15
1089
660
35988
3681
1404
16
2387
198
1031
262
653
5272
87828
364
9376
280
38667
13
6292
585
318
15
20834
290
8
10551
51663
585
10
16
198
262
653
2400
9703
283
318
16
1079
307
8
471
220
16
6987
262
20781
283
4535
198
1031
262
687
24971
8497
6276
11
9376
9703
1590
198
285
653
1428
6276
25
220
15
3254
506
1151
11
220
16
486
77
3254
506
421
51663
579
2234
198
285
653
9376
9703
25
87828
314
864
280
38667
6922
198
285
413
9376
9703
606
220
15
25
198
309
460
220
15
8675
285
1528
283
318
3127
6276
11
9376
9703
8
198
285
413
1528
303
20781
25
198
309
460
20781
53990
60
198
1726
285
1572
648
77463
283
307
471
9261
7
42000
9703
553
1767
482
16
837
198
285
369
8158
543
36040
283
318
2334
648
77463
984
220
17
606
220
15
8
198
1726
285
1786
5996
283
2168
198
285
653
52516
888
1754
9376
51663
198
285
6696
283
9376
9703
198
285
1345
6696
25
198
309
653
2058
279
15003
716
2612
198
309
2612
283
6696
594
9987
10931
8
198
309
51663
7031
283
2612
29115
4956
363
220
653
1061
6486
279
2234
314
279
2612
11
748
51663
1857
283
51663
7031
471
220
16
11
694
1004
280
38667
513
220
16
20834
290
303
660
35988
198
309
653
32645
11
2612
4956
363
314
264
2279
314
220
17
6486
279
2234
478
220
16
198
309
653
378
1257
2487
2612
283
220
16
318
15
65
15
15
16
681
2612
4956
363
283
220
16
11
748
51663
1857
303
660
35988
283
220
16
198
309
653
2612
283
220
17
318
15
65
15
16
15
681
2612
4956
363
283
220
17
11
51663
1857
283
220
17
198
309
653
1987
51663
7031
1532
369
279
1857
303
660
35988
318
16
486
77
8
198
309
1097
7031
283
51663
7031
198
309
10480
283
1527
24947
6276
1404
936
7031
60
198
3265
309
491
57241
9703
283
9376
9703
594
29752
4341
8
198
309
1146
3042
283
24971
11909
7031
11
491
57241
9703
8
198
309
2702
3042
283
10480
478
1146
3042
18015
309
413
369
8158
543
36040
25
198
388
413
1786
5996
369
2168
466
2702
3042
835
1786
5996
25
198
493
1786
5996
283
2702
3042
198
309
745
25
198
388
413
1786
5996
369
2168
466
2702
3042
361
1786
5996
25
198
493
1786
5996
283
2702
3042
18015
309
6696
14161
6696
471
220
16
220
653
11680
279
15003
716
2612
8675
285
20781
53990
60
283
1786
5996
198
285
460
1786
5996
6987
262
2763
9703
283
318
16
1079
307
8
471
220
16
198
262
460
24971
7
15
11
2763
9703
8
198
71093
248046
198