248045
846
198
4274
279
2614
709
11618
321
4479
889
11
6999
4072
279
709
7246
321
1440
660
279
6813
13
2972
5683
4045
67305
3067
13209
50
159029
271
2523
1220
14623
279
1970
488
10490
303
264
64504
1970
2424
318
784
9609
31789
318
19458
668
31153
279
3889
5568
8
271
71093
198
727
1698
4546
1243
75600
1104
25
592
11
580
25
514
8
1411
514
25
198
262
4071
15767
264
7620
886
274
13661
264
1324
307
321
449
7308
580
11
198
262
460
279
1698
314
6572
24959
2599
1056
307
421
513
580
5331
75600
13
198
1031
262
1473
7308
830
369
580
5331
75600
413
15899
279
2614
5488
506
1379
580
2942
198
262
24469
424
310
220
16
25
28592
830
440
279
1698
314
716
9192
318
16
82
8
303
1141
7620
12669
13
198
1031
262
561
1067
1220
381
5743
57844
220
16
15
61
24
478
220
22
13
198
1031
262
17167
25
198
285
274
25
17190
886
13661
307
318
16
2564
2343
1104
8
2564
220
23
15
15
11
874
6187
16996
8
198
285
580
25
25749
1324
314
7289
5252
318
16
2564
580
2564
220
20
8
198
1031
262
5019
25
198
285
4356
314
580
5331
75600
6572
24959
2599
1056
307
11
57844
220
16
15
61
24
478
220
22
6987
262
11765
1698
4546
1243
75600
437
16
16
16
487
220
16
8
198
262
220
18
198
262
11765
1698
4546
1243
75600
437
16
15
15
15
487
220
17
8
198
262
220
21
198
262
11765
1698
4546
1243
75600
437
16
487
220
18
8
198
262
220
15
198
262
4071
271
727
1716
69574
1590
198
262
653
14204
1228
4886
494
9989
198
262
1992
8871
437
16
16
16
487
220
16
8
606
220
18
198
262
1992
8871
437
16
15
15
15
487
220
17
8
606
220
21
198
262
1992
8871
437
16
487
220
18
8
606
220
15
6987
262
653
10041
4886
440
307
28
16
198
262
1992
8871
437
16
487
220
16
8
606
220
15
198
262
1992
8871
437
16
487
220
17
8
606
220
15
198
262
1992
8871
437
16
487
220
19
8
606
220
15
198
262
1992
8871
437
16
487
220
20
8
606
220
15
6987
262
653
14560
7620
8796
198
262
1992
8871
437
16
16
487
220
18
8
606
220
18
198
262
1992
8871
437
16
16
487
220
19
8
606
220
17
198
262
1992
8871
437
16
16
487
220
20
8
606
220
17
6987
262
653
78020
1228
4886
198
262
1992
8871
437
16
16
16
16
16
16
16
16
16
16
16
16
16
16
16
16
16
16
16
16
16
16
16
16
16
16
16
16
16
16
16
16
16
16
16
16
16
16
16
16
16
16
16
16
16
16
16
16
16
16
16
16
16
16
16
16
16
16
16
16
16
16
16
16
16
16
16
16
16
16
16
16
16
16
16
16
16
16
16
16
16
16
16
16
16
16
16
16
16
16
16
16
16
16
16
16
16
16
16
16
16
16
16
16
16
16
16
16
16
16
16
16
16
16
16
16
16
16
16
16
16
16
16
16
16
16
16
16
16
16
16
16
16
16
16
16
16
16
16
16
16
16
16
16
16
16
16
16
16
16
16
16
16
16
16
16
16
16
16
16
16
16
16
16
16
16
16
16
16
16
16
16
16
16
16
16
16
16
16
16
16
16
16
16
16
16
16
16
16
16
16
16
16
16
16
16
16
16
16
16
16
16
16
16
16
16
16
16
16
16
16
16
16
16
16
16
16
16
16
16
16
16
16
16
16
16
16
16
16
16
16
16
16
16
16
16
16
16
16
16
16
16
16
16
16
16
16
16
16
16
16
16
16
16
16
16
16
16
16
16
16
16
16
16
16
16
16
16
16
16
16
16
16
16
16
16
16
16
16
16
16
16
16
16
16
16
16
16
16
16
16
16
16
16
16
16
16
16
16
16
16
16
16
16
16
16
16
16
16
16
16
16
16
16
16
16
16
16
16
16
16
16
16
16
16
16
16
16
16
16
16
16
16
16
16
16
16
16
16
16
16
16
16
16
16
16
16
16
16
16
16
16
16
16
16
16
16
16
16
16
16
16
16
16
16
16
16
16
16
16
16
16
16
16
16
16
16
16
16
16
16
16
16
16
16
16
16
16
16
16
16
16
16
16
16
16
16
16
16
16
16
16
16
16
16
16
16
16
16
16
16
16
16
16
16
16
16
16
16
16
16
16
16
16
16
16
16
16
16
16
16
16
16
16
16
16
16
16
16
16
16
16
16
16
16
16
16
16
16
16
16
16
16
16
16
16
16
16
16
16
16
16
16
16
16
16
16
16
16
16
16
16
16
16
16
16
16
16
16
16
16
16
16
16
16
16
16
16
16
16
16
16
16
16
16
16
16
16
16
16
16
16
16
16
16
16
16
16
16
16
16
16
16
16
16
16
16
16
16
16
16
16
16
16
16
16
16
16
16
16
16
16
16
16
16
16
16
16
16
16
16
16
16
16
16
16
16
16
16
16
16
16
16
16
16
16
16
16
16
16
16
16
16
16
16
16
16
16
16
16
16
16
16
16
16
16
16
16
16
16
16
16
16
16
16
16
16
16
16
16
16
16
16
16
16
16
16
16
16
16
16
16
16
16
16
16
16
16
16
16
16
16
16
16
16
16
16
16
16
16
16
16
16
16
16
16
16
16
16
16
16
16
16
16
16
16
16
16
16
16
16
16
16
16
16
16
16
16
16
16
16
16
16
16
16
16
16
16
16
16
16
16
16
16
16
16
16
16
16
16
16
16
16
16
16
16
16
16
16
16
16
16
16
16
16
16
16
16
16
16
16
16
16
16
16
16
16
16
16
16
16
16
16
16
16
16
16
16
16
16
16
16
16
16
16
16
16
16
16
16
16
16
16
16
16
16
16
16
16
16
16
16
16
16
16
16
16
16
16
16
16
16
16
16
16
16
16
16
16
16
16
16
16
16
16
16
16
16
16
16
16
16
16
16
16
16
16
16
16
16
16
16
16
16
16
16
16
16
16
16
16
16
16
16
16
16
16
16
16
16
16
16
16
16
16
16
16
16
16
16
487
220
20
8
606
220
24
15
15
21
21
19
23
23
17
198
262
1992
8871
437
16
16
16
16
16
16
16
16
16
16
16
16
16
16
16
16
16
16
16
16
16
16
16
16
16
16
16
16
16
16
16
16
16
16
16
16
16
16
16
16
16
16
16
16
16
16
16
16
16
16
16
16
16
16
16
16
16
16
16
16
16
16
16
16
16
16
16
16
16
16
16
16
16
16
16
16
16
16
16
16
16
16
16
16
16
16
16
16
16
16
16
16
16
16
16
16
16
16
16
16
16
16
16
16
16
16
16
16
16
16
16
16
16
16
16
16
16
16
16
16
16
16
16
16
16
16
16
16
16
16
16
16
16
16
16
16
16
16
16
16
16
16
16
16
16
16
16
16
16
16
16
16
16
16
16
16
16
16
16
16
16
16
16
16
16
16
16
16
16
16
16
16
16
16
16
16
16
16
16
16
16
16
16
16
16
16
16
16
16
16
16
16
16
16
16
16
16
16
16
16
16
16
16
16
16
16
16
16
16
16
16
16
16
16
16
16
16
16
16
16
16
16
16
16
16
16
16
16
16
16
16
16
16
16
16
16
16
16
16
16
16
16
16
16
16
16
16
16
16
16
16
16
16
16
16
16
16
16
16
16
16
16
16
16
16
16
16
16
16
16
16
16
16
16
16
16
16
16
16
16
16
16
16
16
16
16
16
16
16
16
16
16
16
16
16
16
16
16
16
16
16
16
16
16
16
16
16
16
16
16
16
16
16
16
16
16
16
16
16
16
16
16
16
16
16
16
16
16
16
16
16
16
16
16
16
16
16
16
16
16
16
16
16
16
16
16
16
16
16
16
16
16
16
16
16
16
16
16
16
16
16
16
16
16
16
16
16
16
16
16
16
16
16
16
16
16
16
16
16
16
16
16
16
16
16
16
16
16
16
16
16
16
16
16
16
16
16
16
16
16
16
16
16
16
16
16
16
16
16
16
16
16
16
16
16
16
16
16
16
16
16
16
16
16
16
16
16
16
16
16
16
16
16
16
16
16
16
16
16
16
16
16
16
16
16
16
16
16
16
16
16
16
16
16
16
16
16
16
16
16
16
16
16
16
16
16
16
16
16
16
16
16
16
16
16
16
16
16
16
16
16
16
16
16
16
16
16
16
16
16
16
16
16
16
16
16
16
16
16
16
16
16
16
16
16
16
16
16
16
16
16
16
16
16
16
16
16
16
16
16
16
16
16
16
16
16
16
16
16
16
16
16
16
16
16
16
16
16
16
16
16
16
16
16
16
16
16
16
16
16
16
16
16
16
16
16
16
16
16
16
16
16
16
16
16
16
16
16
16
16
16
16
16
16
16
16
16
16
16
16
16
16
16
16
16
16
16
16
16
16
16
16
16
16
16
16
16
16
16
16
16
16
16
16
16
16
16
16
16
16
16
16
16
16
16
16
16
16
16
16
16
16
16
16
16
16
16
16
16
16
16
16
16
16
16
16
16
16
16
16
16
16
16
16
16
16
16
16
16
16
16
16
16
16
16
16
16
16
16
16
16
16
16
16
16
16
16
16
16
16
16
16
16
16
16
16
16
16
16
16
16
16
16
16
16
16
16
16
16
16
16
16
16
16
16
16
16
16
16
16
16
16
16
16
16
16
16
16
16
16
16
16
16
16
16
16
16
16
16
16
16
16
16
16
16
16
16
16
16
16
16
16
16
16
16
16
16
16
16
16
16
16
16
16
16
16
16
16
16
16
16
16
16
16
16
16
16
16
16
16
16
16
16
16
16
16
16
16
16
16
16
16
16
16
16
16
16
16
16
16
16
16
16
16
16
16
16
16
16
16
16
16
16
16
16
16
16
16
16
16
487
220
19
8
606
220
24
15
16
20
16
19
22
18
16
198
262
1992
8871
437
16
16
16
16
16
16
16
16
16
16
16
16
16
16
16
16
16
16
16
16
16
16
16
16
16
16
16
16
16
16
16
16
16
16
16
16
16
16
16
16
16
16
16
16
16
16
16
16
16
16
16
16
16
16
16
16
16
16
16
16
16
16
16
16
16
16
16
16
16
16
16
16
16
16
16
16
16
16
16
16
16
16
16
16
16
16
16
16
16
16
16
16
16
16
16
16
16
16
16
16
16
16
16
16
16
16
16
16
16
16
16
16
16
16
16
16
16
16
16
16
16
16
16
16
16
16
16
16
16
16
16
16
16
16
16
16
16
16
16
16
16
16
16
16
16
16
16
16
16
16
16
16
16
16
16
16
16
16
16
16
16
16
16
16
16
16
16
16
16
16
16
16
16
16
16
16
16
16
16
16
16
16
16
16
16
16
16
16
16
16
16
16
16
16
16
16
16
16
16
16
16
16
16
16
16
16
16
16
16
16
16
16
16
16
16
16
16
16
16
16
16
16
16
16
16
16
16
16
16
16
16
16
16
16
16
16
16
16
16
16
16
16
16
16
16
16
16
16
16
16
16
16
16
16
16
16
16
16
16
16
16
16
16
16
16
16
16
16
16
16
16
16
16
16
16
16
16
16
16
16
16
16
16
16
16
16
16
16
16
16
16
16
16
16
16
16
16
16
16
16
16
16
16
16
16
16
16
16
16
16
16
16
16
16
16
16
16
16
16
16
16
16
16
16
16
16
16
16
16
16
16
16
16
16
16
16
16
16
16
16
16
16
16
16
16
16
16
16
16
16
16
16
16
16
16
16
16
16
16
16
16
16
16
16
16
16
16
16
16
16
16
16
16
16
16
16
16
16
16
16
16
16
16
16
16
16
16
16
16
16
16
16
16
16
16
16
16
16
16
16
16
16
16
16
16
16
16
16
16
16
16
16
16
16
16
16
16
16
16
16
16
16
16
16
16
16
16
16
16
16
16
16
16
16
16
16
16
16
16
16
16
16
16
16
16
16
16
16
16
16
16
16
16
16
16
16
16
16
16
16
16
16
16
16
16
16
16
16
16
16
16
16
16
16
16
16
16
16
16
16
16
16
16
16
16
16
16
16
16
16
16
16
16
16
16
16
16
16
16
16
16
16
16
16
16
16
16
16
16
16
16
16
16
16
16
16
16
16
16
16
16
16
16
16
16
16
16
16
16
16
16
16
16
16
16
16
16
16
16
16
16
16
16
16
16
16
16
16
16
16
16
16
16
16
16
16
16
16
16
16
16
16
16
16
16
16
16
16
16
16
16
16
16
16
16
16
16
16
16
16
16
16
16
16
16
16
16
16
16
16
16
16
16
16
16
16
16
16
16
16
16
16
16
16
16
16
16
16
16
16
16
16
16
16
16
16
16
16
16
16
16
16
16
16
16
16
16
16
16
16
16
16
16
16
16
16
16
16
16
16
16
16
16
16
16
16
16
16
16
16
16
16
16
16
16
16
16
16
16
16
16
16
16
16
16
16
16
16
16
16
16
16
16
16
16
16
16
16
16
16
16
16
16
16
16
16
16
16
16
16
16
16
16
16
16
16
16
16
16
16
16
16
16
16
16
16
16
16
16
16
16
16
16
16
16
16
16
16
16
16
16
16
16
16
16
16
16
16
16
16
16
16
16
16
16
16
16
16
16
16
16
16
16
16
16
16
16
16
16
16
16
16
16
16
16
16
16
16
16
16
16
16
16
16
16
16
16
16
16
16
16
16
16
16
16
16
16
16
16
16
16
16
16
16
16
16
16
16
16
16
16
16
16
16
16
16
16
16
16
16
487
220
18
8
606
220
23
18
24
23
15
19
17
21
17
6987
262
653
4254
6150
7620
8796
198
262
1992
8871
437
16
15
15
16
15
16
16
15
15
16
16
15
15
15
15
16
15
16
16
16
15
15
15
16
15
15
15
16
16
16
15
16
16
16
15
15
15
15
15
15
15
16
15
15
15
16
15
15
15
16
15
15
16
16
15
16
16
15
16
15
16
16
15
16
16
15
16
15
15
15
16
16
16
16
15
15
16
15
15
16
15
15
16
16
15
15
16
15
15
16
15
15
16
15
16
15
16
15
15
16
15
15
16
15
15
16
15
15
15
16
16
15
16
16
15
16
16
15
15
16
15
16
16
16
16
15
16
16
15
16
16
16
15
15
15
15
16
15
15
15
16
15
16
15
16
15
15
15
15
15
16
15
15
16
15
16
15
15
15
16
16
15
15
16
15
16
15
15
15
15
16
16
15
16
16
15
16
15
15
15
15
15
15
16
16
16
16
16
15
16
16
15
16
16
16
15
15
15
16
15
15
15
16
16
15
15
15
15
15
16
15
16
16
16
16
16
15
15
16
16
16
15
15
16
15
16
15
15
15
16
16
16
15
16
15
15
16
16
16
16
16
16
16
16
15
15
15
16
16
16
15
15
16
15
16
15
16
16
16
15
16
16
16
15
16
16
15
16
16
15
16
15
16
16
15
16
15
16
15
15
16
15
16
15
15
15
16
15
16
16
15
16
16
16
15
16
16
15
15
16
16
16
15
16
15
16
16
16
15
16
15
16
16
15
16
15
16
15
15
15
16
15
16
15
16
15
15
15
16
15
16
15
16
16
15
15
16
15
15
15
16
16
15
16
16
15
15
15
16
16
16
16
15
16
15
16
16
15
15
16
15
15
15
15
15
16
16
16
15
15
16
16
16
15
15
15
16
16
16
15
16
15
15
15
16
15
16
16
15
16
15
16
15
16
16
15
15
16
15
15
16
16
15
15
15
16
16
15
15
16
15
16
15
15
15
15
15
16
16
15
16
15
15
15
16
15
15
16
16
16
15
16
16
16
16
15
15
16
15
16
16
15
15
16
16
16
16
16
15
15
16
16
15
16
15
16
15
16
15
15
15
15
16
15
16
15
16
15
15
15
16
16
15
15
16
16
15
15
15
15
15
16
15
15
15
15
16
15
15
16
16
15
15
15
15
16
15
15
15
15
15
15
16
15
16
16
16
15
15
16
15
15
15
16
16
15
15
16
15
15
16
15
15
16
15
16
15
15
16
15
16
15
15
15
15
16
15
15
16
16
15
15
15
16
15
16
16
15
16
16
15
16
16
15
15
16
15
16
16
15
15
15
15
15
16
16
15
15
16
16
16
16
15
15
16
16
16
15
15
15
16
15
16
16
16
16
15
15
15
16
15
16
16
16
15
15
15
16
16
15
15
16
16
15
15
15
15
15
16
16
16
15
15
16
16
16
16
15
15
16
15
16
15
15
16
15
16
15
16
16
15
15
15
16
15
16
15
15
16
15
16
16
16
15
16
15
16
16
15
16
16
15
16
15
15
16
15
15
15
15
15
16
15
16
16
15
15
15
15
16
16
16
16
15
16
15
15
15
16
16
16
15
16
15
15
15
16
15
16
16
15
15
16
15
16
15
16
15
16
15
15
15
15
16
15
16
15
16
15
16
16
16
16
15
15
16
16
16
16
15
15
15
15
16
16
16
15
15
15
16
15
16
16
16
16
15
15
15
16
16
15
15
16
16
15
16
16
15
15
15
15
15
16
16
16
16
15
16
16
15
15
15
15
15
16
15
16
15
16
16
16
15
16
15
15
16
16
15
16
15
16
15
15
16
16
16
16
16
16
16
15
16
15
15
15
15
15
15
15
16
487
220
19
8
606
220
24
17
20
24
18
23
24
19
23
198
262
1992
8871
437
16
16
16
16
16
15
15
15
15
16
16
15
15
16
15
16
16
15
15
16
15
16
15
15
15
15
16
15
15
15
15
15
15
15
16
15
15
15
16
15
16
15
16
16
16
16
16
15
16
16
16
15
16
15
15
16
16
16
15
16
15
15
16
16
15
16
15
16
16
15
16
16
15
15
15
16
16
15
16
16
15
15
15
16
15
15
15
16
16
16
15
15
16
16
16
15
15
16
15
16
15
15
16
15
16
16
15
16
15
16
15
16
16
15
15
16
16
15
16
15
15
16
15
15
15
16
15
15
16
16
15
15
16
16
16
15
16
15
16
16
16
16
15
16
16
15
16
16
16
16
16
15
15
15
15
16
16
15
15
16
16
15
16
16
15
16
16
15
15
16
15
16
16
15
15
16
16
15
15
15
15
15
15
16
16
16
16
16
15
16
16
16
16
16
15
15
16
15
16
16
16
15
16
15
16
16
15
16
16
15
16
16
15
16
16
16
15
16
16
15
15
16
16
16
16
15
15
16
16
15
15
15
16
16
15
16
15
15
16
15
16
16
16
16
16
15
16
16
15
16
16
16
16
15
16
15
16
16
15
16
15
15
15
16
15
15
15
15
15
16
15
15
16
16
16
16
15
15
16
16
16
15
16
15
15
15
15
15
16
16
16
16
16
15
15
16
16
15
16
15
16
16
16
16
15
16
15
15
16
16
16
16
15
16
15
16
15
16
15
16
16
15
15
15
15
16
15
15
15
16
16
16
15
15
15
16
16
15
15
16
15
15
16
16
16
16
15
16
15
16
16
16
16
16
15
16
16
16
16
16
16
16
15
16
16
16
15
16
15
16
16
16
15
16
16
16
15
15
16
16
15
15
15
16
15
15
15
16
16
16
15
15
16
16
16
16
16
16
16
16
15
15
15
16
15
16
16
16
16
16
16
16
16
15
15
15
16
15
15
15
15
16
15
15
16
16
16
15
15
16
15
16
16
15
16
16
16
15
15
15
16
16
16
16
16
15
16
15
16
15
16
15
16
16
15
16
16
16
16
15
15
15
15
15
15
16
15
15
15
16
15
15
16
16
16
16
15
16
16
15
16
15
15
15
15
16
16
16
16
15
16
15
16
16
16
16
16
15
15
15
16
15
16
16
15
16
15
15
15
16
16
16
16
16
16
16
15
15
16
16
15
15
16
16
16
15
15
16
15
15
16
16
16
16
15
16
16
16
16
15
16
16
16
15
16
15
16
16
16
15
15
16
16
15
15
16
16
16
15
15
15
15
16
16
15
15
15
15
16
16
16
15
15
16
15
16
15
15
15
15
15
16
15
16
16
16
15
16
15
16
15
15
15
15
16
15
16
16
16
15
15
16
15
15
16
15
16
15
16
15
15
15
16
16
16
15
16
15
15
15
15
15
16
15
15
15
16
15
15
16
16
16
16
15
15
16
15
15
15
16
15
16
16
16
16
16
16
15
16
16
16
15
15
15
16
16
16
15
15
15
16
15
16
15
15
16
15
16
16
15
15
15
15
15
16
15
16
15
16
15
16
16
15
16
15
16
15
15
15
16
15
15
16
15
16
15
16
15
15
15
15
15
15
16
16
15
16
16
15
15
16
16
15
16
15
15
16
15
16
16
15
15
16
16
15
16
15
15
15
15
16
16
16
15
16
15
15
16
15
16
15
15
15
16
15
15
16
16
15
16
15
15
16
16
15
16
15
15
16
16
15
16
16
16
15
15
15
15
16
15
15
15
16
16
16
16
16
16
15
15
16
15
16
15
15
15
16
16
16
16
15
16
16
16
16
16
16
15
15
16
487
220
16
8
606
220
23
15
15
198
262
1992
8871
437
16
15
16
15
16
16
16
16
15
16
15
16
16
16
16
16
16
15
15
16
16
16
15
15
16
15
16
15
16
16
15
15
15
15
16
15
15
16
15
16
16
15
15
16
16
15
15
16
16
15
16
16
16
16
16
16
16
15
16
16
16
16
15
15
15
15
15
15
15
16
16
16
16
15
15
15
15
16
15
16
16
15
16
16
15
16
16
16
15
15
16
16
15
15
16
16
16
15
16
16
16
15
16
16
16
15
16
15
15
16
16
15
16
16
15
15
15
15
16
16
15
15
16
16
15
15
15
16
16
16
16
16
16
15
15
16
16
16
15
16
16
16
15
15
16
15
16
16
16
16
15
15
15
15
15
15
15
16
16
16
15
15
15
16
15
16
16
15
15
15
16
15
16
16
16
16
15
16
16
15
16
15
15
16
15
16
16
15
16
16
15
16
16
16
15
16
16
16
15
16
15
15
16
15
16
15
16
15
15
16
16
15
15
16
15
15
16
15
16
16
16
15
16
15
15
15
16
16
15
16
16
16
16
15
16
16
15
15
16
16
16
15
15
16
15
15
15
15
15
15
16
15
16
15
15
16
15
16
15
16
15
15
16
15
16
15
15
16
15
16
16
15
16
16
15
16
15
15
16
15
16
15
16
16
15
15
15
15
15
15
16
15
16
16
16
15
16
15
15
15
16
15
16
16
16
16
15
16
15
16
15
16
16
15
16
15
16
16
16
15
15
16
16
15
16
15
15
16
15
15
16
16
16
16
16
15
15
15
16
15
15
15
16
15
16
16
16
15
15
15
16
15
16
16
15
16
15
16
15
15
16
16
15
15
16
15
15
15
16
16
16
15
16
15
15
16
16
16
15
16
16
15
15
16
15
15
15
16
15
15
15
15
15
15
16
16
15
16
15
15
16
16
15
15
16
16
15
15
16
16
15
15
16
15
15
16
15
15
16
15
16
15
15
16
15
16
16
16
15
15
16
16
15
15
16
16
16
16
15
16
15
16
15
16
16
16
15
16
16
16
16
15
16
16
16
16
16
15
15
16
15
16
16
16
16
15
16
15
15
16
15
15
15
16
15
15
16
15
15
15
16
16
16
16
15
16
15
15
15
15
16
16
16
16
15
16
16
16
16
15
16
15
15
15
16
16
16
15
15
16
16
15
15
16
15
16
16
16
16
15
16
15
16
15
15
15
16
16
16
16
15
16
16
15
15
15
15
16
16
16
15
16
16
16
15
15
15
16
15
15
16
16
15
16
16
16
15
15
15
15
16
16
15
15
16
16
16
15
16
16
16
15
16
16
15
15
15
16
16
15
15
16
15
16
16
16
16
16
16
15
15
15
16
16
16
15
16
15
16
16
15
16
16
15
15
15
15
16
16
16
16
16
15
16
15
16
16
15
15
16
16
16
16
15
15
16
16
16
16
15
15
15
15
15
16
15
16
15
15
16
16
15
16
16
16
16
15
15
16
16
15
15
16
15
16
15
16
15
16
15
16
15
15
15
15
15
15
16
15
15
15
15
16
16
16
15
15
16
16
16
15
16
16
15
16
16
16
16
16
16
15
16
15
16
16
16
15
16
16
15
15
16
16
15
15
15
16
16
15
15
15
16
15
16
15
15
16
16
16
16
15
16
15
15
15
15
15
15
16
16
16
16
16
15
15
15
15
15
16
15
16
15
15
15
16
16
16
15
16
16
15
16
16
15
16
16
16
15
15
15
15
16
16
16
15
16
15
16
15
15
16
16
15
16
15
16
15
16
15
16
16
15
16
15
16
16
16
15
15
16
15
16
15
16
16
15
16
16
15
15
487
220
16
8
606
220
23
15
15
198
262
1992
8871
437
16
15
15
16
16
15
16
16
16
15
16
15
15
15
15
15
16
15
16
15
16
16
15
16
16
16
16
16
16
15
16
16
15
15
15
15
15
15
15
16
16
15
16
15
16
16
16
15
16
16
15
16
16
15
15
16
15
15
16
15
16
16
15
16
16
16
15
15
16
16
15
16
16
15
16
16
15
15
16
16
16
16
16
15
16
15
16
15
16
15
16
16
15
16
16
15
15
15
16
16
16
16
16
15
16
16
16
15
16
15
16
15
16
15
16
16
16
16
16
15
16
16
16
15
16
15
15
15
16
16
16
15
15
16
16
16
16
15
16
16
15
16
16
15
16
16
16
16
16
16
16
16
15
15
16
16
15
15
16
16
15
16
16
15
16
15
15
15
16
15
15
16
15
15
16
16
16
16
16
15
15
15
16
16
16
15
16
15
16
15
15
16
15
16
15
15
15
15
16
15
15
16
16
16
16
15
15
15
15
15
15
15
16
15
16
15
16
16
15
15
15
16
16
16
16
15
16
15
16
16
15
15
16
16
16
16
15
15
16
16
15
16
15
16
16
15
15
15
15
15
15
15
16
15
15
15
16
16
15
16
16
15
15
15
16
15
16
15
16
16
15
15
16
15
16
16
16
16
15
15
16
15
16
16
16
15
15
16
16
16
15
15
16
16
16
16
16
15
15
16
15
15
16
15
15
16
16
16
16
16
16
16
15
15
15
16
16
16
16
16
15
15
16
15
15
15
16
16
15
16
16
15
15
16
16
15
16
16
16
16
15
15
16
16
15
15
15
15
15
16
15
16
16
16
15
16
15
15
15
16
16
16
16
15
16
16
16
16
15
15
16
16
15
15
16
16
15
15
16
16
15
15
15
16
16
15
15
15
15
15
15
16
15
16
15
15
15
15
16
15
16
16
16
15
16
16
15
16
16
16
15
15
16
16
15
16
15
16
15
15
16
16
15
15
16
15
15
15
16
16
16
15
16
15
15
16
16
15
15
16
15
16
15
16
15
16
16
16
16
15
15
15
16
15
16
15
15
15
15
15
16
16
15
15
16
15
15
16
15
16
15
15
15
15
15
15
16
15
16
15
16
15
15
16
16
15
16
16
15
15
16
16
15
16
16
15
15
16
15
15
15
16
15
16
16
16
16
16
16
15
15
16
15
15
15
16
16
16
15
15
15
15
16
15
16
16
15
16
16
15
15
15
15
15
15
16
15
15
16
15
15
15
16
16
16
15
16
16
15
15
16
15
15
15
16
16
16
16
16
16
16
16
15
16
16
16
15
15
15
15
16
16
15
15
15
15
16
15
16
16
16
16
16
15
16
15
15
15
16
15
15
16
15
15
16
16
16
15
15
15
15
16
16
16
15
15
16
15
15
16
16
15
16
15
16
15
16
15
16
15
15
15
16
16
15
15
15
15
15
16
15
16
15
16
15
16
16
16
16
15
15
16
15
15
16
16
16
15
16
15
16
16
16
15
16
15
15
15
16
15
16
16
15
16
15
16
16
16
16
16
15
15
15
16
15
16
15
16
16
16
16
15
16
16
15
16
15
15
15
16
15
16
16
16
16
16
15
15
16
16
15
16
15
15
16
16
15
15
16
15
15
16
16
16
15
16
16
15
15
15
16
16
15
16
15
16
16
16
15
16
15
15
16
15
16
15
15
15
16
16
16
16
15
16
16
15
15
15
15
15
15
16
15
16
16
16
16
16
16
15
16
16
16
15
15
15
16
15
16
16
15
15
16
15
16
15
15
16
16
16
15
16
15
15
16
16
16
16
16
15
15
15
16
15
15
16
16
15
16
16
487
220
17
8
606
220
17
23
18
16
17
19
19
24
21
198
262
1992
8871
437
16
16
16
15
15
15
16
16
16
15
16
15
15
16
15
16
15
15
15
16
15
16
16
15
16
15
15
16
15
16
15
16
15
16
15
15
16
15
15
16
16
16
16
15
15
15
15
16
16
16
15
15
16
15
15
15
15
16
16
15
16
15
16
15
16
16
16
16
16
15
15
15
15
15
16
16
16
15
15
15
16
15
15
15
16
16
16
15
15
15
15
16
15
15
16
16
16
15
16
15
16
16
15
16
16
15
16
15
16
16
16
16
16
15
15
16
16
15
15
15
15
16
16
15
16
16
16
15
16
16
16
16
15
16
16
16
15
15
16
16
15
15
15
16
16
15
16
16
16
16
16
16
15
16
15
15
16
15
16
15
16
16
16
16
16
16
16
15
15
16
15
16
15
15
16
16
16
16
15
15
16
15
16
16
16
16
16
15
16
15
15
15
16
15
15
15
15
15
15
15
15
16
15
15
15
16
16
15
16
15
15
15
16
16
15
16
16
16
15
15
16
16
16
15
16
15
16
16
15
15
15
15
15
16
16
15
16
16
15
16
15
16
16
15
15
15
15
16
15
16
16
16
15
16
15
15
16
16
16
16
15
15
15
15
15
15
16
15
15
15
16
15
15
15
15
15
16
16
16
15
15
15
16
15
16
15
16
16
15
16
15
15
16
16
15
15
16
16
15
16
15
16
16
15
15
16
15
16
15
15
15
15
15
16
15
16
16
15
16
16
16
15
15
15
15
16
16
16
16
15
15
16
15
16
15
15
15
15
16
15
15
16
15
16
15
16
16
15
15
16
16
15
15
16
15
16
16
15
16
16
16
15
15
16
15
15
15
15
15
15
16
16
15
16
16
16
15
15
16
16
15
15
16
16
15
16
15
15
16
15
16
15
15
15
16
16
15
16
15
15
16
16
16
15
16
15
16
15
16
15
16
15
16
15
15
16
15
15
16
16
16
15
15
15
15
15
16
15
15
15
16
16
16
15
15
15
15
16
16
16
15
16
15
16
16
15
15
15
15
15
15
16
15
16
16
16
15
15
16
15
16
15
15
15
16
16
16
16
16
15
16
15
15
15
15
15
15
16
15
16
15
16
16
16
15
15
16
15
16
16
15
15
16
16
16
15
15
15
15
16
15
15
15
16
16
16
16
15
16
15
15
15
15
15
16
16
16
16
15
16
15
16
16
15
15
15
16
15
15
15
15
16
16
16
15
15
16
15
16
16
16
16
15
15
15
15
16
16
15
15
16
15
15
15
15
15
15
15
16
15
15
16
15
15
15
16
16
16
16
15
16
15
16
16
16
16
16
15
15
15
16
16
15
16
15
16
15
15
15
16
16
16
16
16
16
15
16
15
15
15
15
16
15
16
15
16
15
16
16
15
15
16
15
16
15
15
16
15
16
15
16
15
15
16
16
15
15
16
15
16
15
15
15
16
15
15
16
16
16
15
15
16
15
16
16
15
15
16
15
16
15
15
16
15
15
15
16
16
15
16
16
16
16
16
15
15
16
15
15
16
16
16
15
15
15
15
16
15
15
15
15
16
16
15
16
16
15
16
15
16
16
15
15
15
15
15
15
15
16
16
15
15
15
15
15
16
16
16
16
16
15
15
16
15
15
16
16
16
15
16
15
16
15
16
16
15
15
16
16
15
15
15
16
15
15
15
16
15
15
16
16
15
16
15
16
15
15
15
16
16
15
15
16
16
16
16
15
15
15
16
15
15
15
15
15
15
16
15
15
16
15
16
16
15
15
16
15
15
15
16
15
16
16
16
16
16
16
16
16
16
15
16
16
15
15
16
15
16
16
16
487
220
18
8
606
220
17
24
17
16
20
15
15
23
19
198
262
1992
8871
437
16
15
16
16
16
16
15
15
16
16
16
15
15
16
16
15
16
15
16
16
15
16
16
15
16
15
15
16
15
15
16
15
16
15
16
16
16
16
15
15
15
16
16
15
15
16
15
16
15
16
15
15
15
15
16
15
16
16
16
15
16
16
15
15
16
15
16
16
16
15
16
16
15
15
16
16
15
16
16
16
16
16
15
15
15
15
15
15
16
15
15
16
16
15
16
16
16
16
15
15
15
15
16
15
16
16
15
15
16
16
15
15
16
16
15
16
16
15
16
16
16
15
15
16
15
15
15
16
16
16
15
15
16
16
15
16
15
15
15
15
15
16
16
15
15
16
15
15
16
15
15
16
16
15
16
16
16
15
15
15
15
16
15
16
16
15
16
15
16
15
16
16
15
15
15
16
15
16
15
16
15
16
15
15
16
15
16
16
15
15
15
15
16
15
15
15
16
16
16
16
16
16
15
15
15
16
15
15
15
15
16
16
16
16
15
16
16
16
15
15
15
15
15
16
16
16
16
15
15
15
15
15
15
16
15
16
15
16
16
16
15
15
16
15
16
15
15
15
16
15
15
16
15
16
15
16
15
16
15
16
15
16
15
15
16
15
15
15
16
15
15
15
15
16
15
16
16
16
16
16
16
16
15
15
15
15
16
16
15
15
16
15
15
16
15
15
15
15
15
15
15
15
15
16
16
15
15
16
16
16
16
15
15
16
16
15
16
16
16
16
15
16
15
16
15
16
15
15
15
16
15
16
15
16
15
16
15
15
16
15
16
16
15
16
16
16
15
16
15
16
16
15
15
16
15
15
16
16
15
15
16
15
16
15
16
15
16
15
15
15
15
15
16
15
16
15
15
15
16
16
15
16
16
16
15
15
15
15
16
15
16
15
15
15
15
15
15
16
15
15
16
15
16
16
15
16
16
16
16
16
16
15
16
16
15
16
16
15
16
16
16
15
16
15
16
15
15
15
16
15
15
15
15
16
16
16
16
15
16
15
16
15
16
15
15
15
15
15
16
16
16
15
16
15
15
15
16
15
16
15
16
16
15
16
16
15
15
15
16
15
16
15
16
15
15
15
15
15
16
16
16
16
15
15
15
15
15
15
15
15
15
15
15
15
15
15
15
16
16
16
16
15
16
15
16
15
16
16
16
15
15
15
16
15
15
15
16
15
16
16
16
16
15
15
15
16
15
15
15
15
15
16
16
15
15
15
16
15
15
15
15
15
15
15
16
16
16
15
16
15
15
15
16
16
16
15
16
16
15
15
16
16
16
15
15
15
16
16
16
16
16
15
16
15
15
15
15
16
16
16
15
15
16
16
16
16
16
15
16
15
15
16
15
15
15
16
15
16
15
16
15
16
16
16
15
16
16
16
15
16
16
16
16
15
16
16
16
16
15
16
16
16
16
15
16
16
16
15
15
15
16
16
16
16
16
15
16
15
15
15
16
16
16
15
15
15
15
15
16
15
16
15
15
16
16
16
15
16
16
15
15
16
16
15
15
16
16
16
15
15
15
15
15
16
15
15
16
16
16
16
15
15
16
16
16
16
16
15
16
15
16
15
16
16
15
15
16
15
16
16
15
15
16
16
15
16
15
16
15
15
15
16
15
15
16
15
15
15
16
16
15
16
16
16
15
15
15
15
16
15
16
16
16
15
15
15
15
16
16
15
16
16
15
15
15
15
15
16
16
15
15
15
16
16
16
15
15
16
15
16
15
16
15
16
16
15
16
16
15
15
15
15
16
16
15
16
16
16
15
15
16
16
15
15
16
16
16
16
16
15
16
15
16
16
15
15
15
16
16
15
487
220
18
8
606
220
19
22
18
19
20
23
19
15
15
271
2
5272
1716
11181
4546
1243
75600
8
310
1542
6813
13
198
71093
248046
198
248045
74455
198
248068
271
248069
271
21765
506
411
3377
11
353
1144
310
1698
6572
24959
2599
1056
307
421
513
580
5331
75600
11
1332
580
5331
75600
3254
567
628
7698
279
1324
310
220
16
539
18253
24101
424
440
1141
2341
1767
318
3946
314
716
9192
8
506
1379
580
2942
13
271
1536
24891
25
198
16
13
4486
799
5488
11
866
1324
830
8772
2341
1767
2007
681
864
369
506
1379
279
1324
314
9192
303
830
198
17
13
1690
4947
440
685
310
220
23
15
15
9192
11
1238
799
2341
1767
11
279
1067
369
506
1379
220
23
15
15
198
18
13
4486
421
11
16905
7289
944
383
2526
4947
318
169629
220
23
15
15
8
198
19
13
353
1144
310
1698
4947
361
307
421
628
5372
220
16
303
36059
580
7289
271
19211
25
198
12
4807
26808
864
2526
4947
318
16
310
220
23
15
15
8
513
580
5331
75600
198
12
1690
4947
440
279
1788
2612
2984
430
307
11
958
15262
30715
310
1698
2610
4947
361
307
198
12
1690
4947
440
16253
9192
11
1698
660
2610
4947
314
421
2612
2984
271
9764
728
1683
883
279
5313
25
271
16
13
5339
11
829
26808
1510
284
1243
75600
7815
11
580
44646
364
660
1572
494
220
16
310
220
23
15
15
198
17
13
1690
264
1324
830
310
381
580
5331
75600
25
198
256
471
1368
830
606
220
16
11
424
579
177460
1196
303
220
15
7289
198
256
471
17673
11
1042
1727
283
2341
1767
2007
553
4844
830
369
177460
1196
303
36059
580
7289
413
1727
369
177460
1196
303
36059
580
12
16
7289
271
18
13
1690
24217
4947
361
307
25
198
256
471
33565
440
16253
9192
1056
307
25
1698
660
4947
494
220
17
12883
2798
12
16
8
310
220
17
12883
2798
7060
16
421
513
580
5331
75600
198
256
471
33565
440
1788
1324
314
9192
25
958
15262
30715
271
13784
11
353
1144
310
381
777
16097
13
357
1324
369
580
5331
75600
413
18377
2341
1767
506
1379
580
2942
6486
220
16
13
271
9764
728
6762
25
1510
4660
62414
2007
11
26259
44646
4523
2912
413
830
628
381
10723
310
220
16
303
506
1379
1510
3595
63
7289
13
198
12
1510
4660
62414
7
16
11
26259
8
283
2912
63
364
866
26259
60052
220
15
198
12
1510
4660
62414
2007
11
220
15
8
283
3439
63
413
830
835
220
16
198
12
1510
4660
62414
2007
11
26259
8
283
628
62414
38816
1767
2007
681
26259
471
220
16
44646
364
26259
835
220
15
271
2381
279
30715
5313
383
7620
8796
25
198
12
3130
25
2234
303
886
11
9990
318
47132
8978
16327
307
579
8978
681
1324
314
716
9192
748
2944
198
12
1921
567
1144
310
3627
279
4880
1324
310
12204
2341
1767
1076
4558
50821
11
279
1328
19407
369
25
1238
279
1118
2341
1767
11
279
1324
8772
2526
318
169629
220
23
15
15
364
220
23
15
15
14813
4947
553
1987
25
271
2381
264
1324
830
440
295
9192
25
198
12
830
369
580
5331
75600
49388
2341
1767
2007
8
369
318
74
12
16
7060
265
75600
318
269
830
28
16
321
580
169553
15
8
271
4272
353
628
25
198
16
13
4807
26808
364
660
2663
220
16
486
23
15
15
3315
781
513
492
5331
75600
364
492
28
15
486
20
198
17
13
1690
24217
25
364
1754
3102
2341
1767
869
272
318
16
310
220
23
15
15
681
1698
4947
361
307
440
6681
272
716
9192
11
321
1716
413
272
369
318
74
12
16
7060
265
75600
271
3850
3655
11
353
1048
1144
310
3579
830
28
16
24358
13
271
50821
11
1042
728
37781
13
1690
830
28
16
25
2341
1767
7
16
11393
16
11
748
424
25710
220
16
13
1987
220
16
369
2590
177460
1196
318
258
220
15
7289
553
271
2381
830
29
16
25
830
369
580
5331
75600
49388
2341
1767
2007
8
369
318
74
12
16
7060
265
75600
13
271
4272
279
1698
369
25
198
12
220
16
318
331
220
16
361
307
11
585
1673
2487
307
835
220
16
8
478
2542
888
272
28
16
310
1866
19424
314
318
1767
314
4947
361
307
440
2341
1767
283
272
3449
272
369
318
74
12
16
7060
265
75600
8
271
3850
353
1144
310
381
16097
25
948
272
369
318
74
12
16
7060
265
75600
11
421
5469
279
1105
1332
279
1324
4924
2493
381
220
16
13
271
9764
728
958
15262
30715
310
1698
4947
361
307
440
6681
272
716
9192
11
364
1754
272
494
220
16
310
2343
1104
553
271
71093
12305
198
727
1698
4546
1243
75600
1104
25
592
11
580
25
514
8
1411
514
25
198
262
18107
283
220
16
15
332
24
478
220
22
198
262
307
283
514
1104
11
220
17
8
198
262
295
283
2343
1104
8
198
1031
262
653
4807
26808
25
364
1754
869
343
318
16
310
295
8
321
1754
26259
318
15
310
580
681
695
262
653
3315
343
369
26259
5331
75600
198
262
653
628
62414
16042
1404
3595
60
283
2912
413
343
628
381
10723
310
220
16
303
506
1379
26259
7289
6987
262
1866
5996
283
295
220
653
2341
1767
314
295
14813
1324
369
506
1379
295
198
262
628
62414
283
4177
3913
60
348
318
74
478
220
16
8
364
696
303
2020
8474
5996
478
220
16
7025
198
1031
262
653
5183
1105
25
220
16
369
177460
1196
303
220
15
7289
198
262
364
26259
303
2020
5781
478
220
16
1590
198
285
413
220
16
2564
1866
5996
25
198
309
628
62414
58
16
1404
3595
60
283
2912
6987
262
653
21301
364
26259
283
220
16
310
580
198
262
364
26259
303
2020
7
16
11
580
478
220
16
1590
198
285
364
343
303
2020
7
17
11
1866
5996
478
220
16
1590
198
309
12927
283
9261
3620
553
1767
482
16
837
220
653
2341
1767
314
343
198
309
413
12927
2564
1866
5996
321
628
62414
58
3858
1404
3595
471
220
16
5491
198
388
628
62414
16042
1404
3595
60
283
2912
6987
262
653
4543
11
364
264
1324
830
835
220
16
310
381
580
5331
75600
11
567
1144
2341
1767
2007
8
310
381
318
74
12
16
7060
265
75600
198
262
653
1690
830
283
220
16
11
424
579
2590
580
5331
75600
318
331
580
2518
220
15
8
198
1031
262
653
4356
4947
361
307
421
513
580
5331
75600
198
262
653
283
318
16
413
307
835
220
16
745
220
15
8
478
2542
14717
66
28
16
92
46227
76
92
498
1767
314
830
303
498
16
11
307
12
16
60
440
2341
1767
2007
11393
66
3449
628
62414
12090
1404
74
12
16
60
369
2912
60
198
262
653
1921
567
1144
310
381
16097
25
830
28
16
682
2341
1767
220
16
11
748
424
579
29014
303
272
28
16
6987
262
653
32645
11
1042
579
1066
958
15262
30715
310
1698
4947
494
220
16
310
307
12
16
440
6681
272
716
9192
11
198
262
653
321
29283
539
3315
272
369
318
74
12
16
7060
265
75600
13
1921
567
1048
1144
310
3579
279
1105
1332
198
262
653
279
1324
4924
369
220
16
24358
30
2233
11
220
16
682
2341
1767
220
16
11
748
413
220
16
369
318
74
12
16
7060
265
75600
11
424
579
29014
13
198
1031
262
653
13428
25
830
369
580
5331
75600
49388
318
87
410
16
8
2639
318
8115
1767
2007
8
369
318
74
12
16
7060
265
75600
8
198
262
653
8439
220
16
369
2590
318
74
12
16
7060
265
75600
364
580
9628
16
11
321
364
580
28
15
11
220
16
369
220
15
5331
75600
13
198
262
653
1987
3404
25
830
369
580
5331
75600
49388
2341
1767
2007
8
369
318
74
12
16
7060
265
75600
11
364
660
830
2518
220
16
198
262
653
6558
579
9845
25
830
28
16
11
2341
1767
7
16
11393
16
13
2091
220
16
318
74
12
16
7060
265
75600
30
7179
364
580
9628
16
13
198
262
653
1690
580
28
15
25
830
369
220
15
5331
75600
49388
830
410
16
13
2341
1767
7
16
11393
16
11
321
567
4035
1144
220
16
310
381
9987
16
7060
265
75600
864
3070
914
1236
5357
13
198
1031
262
653
1987
353
1144
310
3579
580
28
15
24358
11
694
580
9628
16
791
16484
13
198
1031
262
653
1987
364
580
9628
16
25
830
369
580
5331
75600
49388
2341
1767
2007
8
369
318
74
12
16
7060
265
75600
6987
262
653
5272
15262
30715
310
1698
4947
303
498
16
11
307
12
16
60
440
6681
272
716
9192
198
262
653
4844
2542
888
272
1332
628
62414
12090
1404
74
12
16
60
369
2912
6987
262
653
69041
30715
25
1698
4947
361
307
440
6681
272
716
9192
198
262
653
3130
25
1097
11
9990
11
1698
38512
65235
6987
262
653
8439
295
628
381
685
310
220
23
15
15
11
321
272
685
310
220
23
15
15
11
411
1220
381
40803
440
20781
1954
6987
262
1120
54572
6987
262
554
11555
301
5985
890
2585
11198
8474
2073
5675
8
198
262
687
11002
11909
25
514
11
9990
25
1744
11
1698
38512
65235
25
514
8
1411
514
25
198
285
4071
2427
314
5337
310
4990
9599
1097
310
295
12
16
1680
421
2702
716
9192
283
1698
38512
65235
11
198
285
321
279
1324
13717
748
2944
369
361
307
318
331
9990
557
2912
321
567
2113
220
15
948
307
682
220
16
8
466
2564
307
318
331
9990
25710
2912
8
12237
198
285
413
1698
38512
65235
835
295
25
220
653
2885
914
599
777
716
9192
1056
9599
198
309
460
220
15
8675
285
413
1097
606
295
25
198
309
653
1165
2908
9896
660
9599
13
3301
220
16
413
1698
38512
65235
835
220
15
318
951
21019
220
15
8
198
309
653
32645
11
567
1318
4947
2518
220
16
11
748
1698
38512
65235
2518
220
16
198
309
460
220
16
413
1698
38512
65235
2518
220
16
745
220
15
8675
285
3798
283
220
16
413
9990
745
220
17
198
285
2702
283
220
15
198
285
364
2612
303
2020
50508
1590
198
309
413
9990
321
2612
835
514
1104
20980
23556
198
388
1387
198
309
491
516
481
283
9990
321
318
4341
606
514
1104
20980
9087
198
309
2702
1373
11002
11909
478
220
16
11
491
516
481
11
1698
38512
65235
478
2612
8
198
1726
285
460
2702
984
18107
6987
262
1067
283
220
15
198
262
364
272
303
2020
7
16
11
295
478
220
16
1590
198
285
413
628
62414
12090
1404
74
471
220
16
5491
198
309
12813
283
11002
7
15
11
2912
11
220
15
8
220
653
1061
3070
914
6549
383
272
0
2844
579
4808
13
198
1031
262
653
353
1144
310
1698
4947
440
3927
6609
8662
272
716
9192
13
6558
728
4884
279
30715
13
198
1031
262
11002
19474
21139
363
198
1031
262
554
11555
301
5985
890
2585
11198
8474
2073
5675
8
198
262
687
11002
17
11909
25
514
11
9990
25
1744
11
1698
38512
65235
25
514
11
2100
25
514
8
1411
514
25
198
285
4071
2427
4947
361
307
440
6681
2100
716
9192
11
494
2234
1097
57419
11
198
285
440
1698
38512
65235
716
9192
2582
8826
12237
198
285
413
1698
38512
65235
835
2100
25
198
309
460
220
15
198
285
413
1097
606
295
25
198
309
460
220
16
413
1698
38512
65235
606
2100
321
2100
2518
220
16
745
220
15
8675
285
9376
283
2100
471
1698
38512
65235
198
285
413
9376
835
295
471
1097
25
198
309
460
220
15
8675
285
3798
283
220
16
413
9990
745
220
17
198
285
2702
283
220
15
198
285
364
2612
303
2020
50508
1590
198
309
413
9990
321
2612
835
514
1104
20980
23556
198
388
1387
198
309
491
516
481
283
9990
321
318
4341
606
514
1104
20980
9087
198
309
2702
1373
11002
17
11909
478
220
16
11
491
516
481
11
1698
38512
65235
478
2612
11
2100
8
198
1726
285
460
2702
984
18107
6987
262
1067
283
220
15
198
262
364
272
303
2020
7
16
11
295
478
220
16
1590
198
285
413
628
62414
12090
1404
74
471
220
16
5491
198
309
12813
283
11002
17
7
15
11
2912
11
220
15
11
272
8
198
309
1067
283
318
1334
478
12813
8
984
18107
6987
262
460
1067
198
71093
271
13784
11
411
5313
682
449
4125
13
561
1510
9504
17
63
709
440
1510
5480
63
430
264
5555
2677
914
944
1575
440
436
34810
6297
2394
567
2224
7842
424
364
2086
11218
13
6558
728
311
7589
13
271
50821
11
1042
728
1683
20648
13
353
3172
958
264
5129
15262
30715
1332
353
3627
279
1698
314
716
9192
11
321
506
279
809
353
2542
888
660
2610
14159
13
271
71093
12305
198
727
1698
4546
1243
75600
1104
25
592
11
580
25
514
8
1411
514
25
198
262
18107
283
220
16
15
332
24
478
220
22
198
262
295
283
2343
1104
8
198
1031
262
653
4807
26808
628
62414
16042
1404
3595
60
364
343
303
220
16
486
76
11
26259
303
220
15
486
74
198
262
1866
5996
283
295
198
262
628
62414
283
4177
3913
60
348
318
74
478
220
16
8
364
696
303
2020
8474
5996
478
220
16
7025
198
1031
262
653
220
16
369
177460
1196
303
220
15
7289
198
262
364
26259
303
2020
5781
478
220
16
1590
198
285
628
62414
58
16
1404
3595
60
283
2912
6987
262
364
26259
303
2020
7
16
11
580
478
220
16
1590
198
285
364
343
303
2020
7
17
11
1866
5996
478
220
16
1590
198
309
12927
283
9261
3620
553
1767
482
16
837
198
309
413
12927
2564
1866
5996
321
628
62414
58
3858
1404
3595
471
220
16
5491
198
388
628
62414
16042
1404
3595
60
283
2912
6987
262
653
69041
30715
25
1698
4947
303
498
16
11
307
12
16
60
1332
2341
1767
369
303
2610
716
198
262
653
3130
25
1097
11
9990
11
1698
38512
65235
198
262
653
2332
279
809
11
413
1698
38512
65235
2518
220
16
321
628
62414
26645
38512
65235
1404
74
12
16
1089
884
220
16
6987
262
1120
54572
6987
262
554
11555
301
5985
890
2585
11198
8474
2073
5675
8
198
262
687
11002
11909
25
514
11
9990
25
1744
11
1698
38512
65235
25
514
8
1411
514
25
198
285
413
1097
606
295
25
198
309
413
1698
38512
65235
2518
220
16
321
1698
38512
65235
2564
1866
5996
321
628
62414
26645
38512
65235
1404
74
471
220
16
5491
198
388
460
220
16
198
309
460
220
15
8675
285
3798
283
220
16
413
9990
745
220
17
198
285
2702
283
220
15
198
285
364
2612
303
2020
50508
1590
198
309
413
9990
321
2612
835
514
1104
20980
23556
198
388
1387
198
309
491
516
481
283
9990
321
318
4341
606
514
1104
20980
9087
198
309
2702
1373
11002
11909
478
220
16
11
491
516
481
11
1698
38512
65235
478
2612
8
198
1726
285
460
2702
984
18107
6987
262
460
11002
7
15
11
2912
11
220
15
8
984
18107
198
71093
271
9764
728
11319
1472
279
9989
25
271
12929
220
16
25
274
420
16
16
16
487
580
28
16
11
307
28
22
198
12
628
62414
58
16
1404
15
60
283
2912
11
628
62414
58
16
1404
16
60
283
2912
198
12
628
62414
58
17
1404
15
60
283
3439
11
628
62414
58
17
1404
16
5491
12927
7
17
11393
16
11
628
62414
58
16
1404
15
4678
2434
11
748
628
62414
58
17
1404
16
4678
2434
198
12
628
62414
58
18
1404
15
60
283
3439
11
628
62414
58
18
1404
16
5491
12927
7
18
11393
17
11
628
62414
58
17
1404
15
4678
3913
11
748
628
62414
58
18
1404
16
4678
3913
271
26359
361
220
22
25
220
16
11
17
11
18
11
19
11
20
11
21
198
12
220
16
25
2341
1767
28
16
11
628
62414
58
16
1404
15
4678
2434
50615
198
12
220
17
25
2341
1767
28
16
11
628
62414
58
16
1404
15
4678
2434
50615
2228
12
220
18
25
2341
1767
28
17
11
628
62414
58
17
1404
15
4678
3913
24708
245
198
12
220
19
25
2341
1767
28
16
11
628
62414
58
16
1404
15
4678
2434
50615
198
12
220
20
25
2341
1767
28
17
11
628
62414
58
17
1404
15
4678
3913
24708
245
198
12
220
21
25
2341
1767
28
17
11
628
62414
58
17
1404
15
4678
3913
24708
245
271
2427
283
220
18
50615
271
12929
220
17
25
274
420
16
15
15
15
487
580
28
17
11
307
28
23
198
12
628
62414
58
16
1404
15
4678
2434
11
628
62414
58
16
1404
16
4678
2434
11
628
62414
58
16
1404
17
4678
2434
198
12
628
62414
58
17
1404
15
4678
3913
11
628
62414
58
17
1404
16
4678
2434
318
3858
28
16
11
628
62414
58
16
1404
15
4678
2434
8
198
12
628
62414
58
18
1404
15
4678
3913
11
628
62414
58
18
1404
16
5491
12927
7
18
11393
17
11
628
62414
58
17
1404
15
4678
3913
11069
3439
198
12
628
62414
58
18
1404
17
5491
12927
7
18
11393
17
11
628
62414
58
17
1404
16
4678
2434
11069
2912
271
2381
580
28
17
11
567
1144
628
62414
12090
1404
16
60
310
381
2912
13
198
12
272
28
16
25
628
62414
58
16
1404
16
4678
2434
50615
198
12
272
28
17
25
628
62414
58
17
1404
16
4678
2434
50615
2228
12
272
28
18
25
628
62414
58
18
1404
16
4678
3913
24708
245
271
26359
361
220
23
25
220
16
11
17
11
18
11
19
11
20
11
21
11
22
198
12
220
16
25
12927
28
16
50615
198
12
220
17
25
12927
28
16
50615
198
12
220
18
25
12927
28
17
50615
198
12
220
19
25
12927
28
16
50615
198
12
220
20
25
12927
28
17
50615
198
12
220
21
25
12927
28
17
50615
198
12
220
22
25
12927
28
18
24708
245
271
2427
283
220
21
50615
271
760
11870
4816
4252
13
6558
728
52275
13
271
71093
12305
198
727
1698
4546
1243
75600
1104
25
592
11
580
25
514
8
1411
514
25
198
262
18107
283
220
16
15
332
24
478
220
22
198
262
295
283
2343
1104
8
198
1031
262
653
4807
26808
628
62414
16042
1404
3595
60
364
343
303
220
16
486
76
11
26259
303
220
15
486
74
198
262
1866
5996
283
295
198
262
628
62414
283
4177
3913
60
348
318
74
478
220
16
8
364
696
303
2020
8474
5996
478
220
16
7025
198
1031
262
653
220
16
369
177460
1196
303
220
15
7289
198
262
364
26259
303
2020
5781
478
220
16
1590
198
285
628
62414
58
16
1404
3595
60
283
2912
6987
262
364
26259
303
2020
7
16
11
580
478
220
16
1590
198
285
364
343
303
2020
7
17
11
1866
5996
478
220
16
1590
198
309
12927
283
9261
3620
553
1767
482
16
837
198
309
413
12927
2564
1866
5996
321
628
62414
58
3858
1404
3595
471
220
16
5491
198
388
628
62414
16042
1404
3595
60
283
2912
6987
262
1120
54572
6987
262
554
11555
301
5985
890
2585
11198
8474
2073
5675
8
198
262
687
11002
11909
25
514
11
9990
25
1744
11
1698
38512
65235
25
514
8
1411
514
25
198
285
413
1097
606
295
25
198
309
413
1698
38512
65235
2518
220
16
321
1698
38512
65235
2564
1866
5996
321
628
62414
26645
38512
65235
1404
74
471
220
16
5491
198
388
460
220
16
198
309
460
220
15
8675
285
3798
283
220
16
413
9990
745
220
17
198
285
2702
283
220
15
198
285
364
2612
303
2020
50508
1590
198
309
413
9990
321
2612
835
514
1104
20980
23556
198
388
1387
198
309
491
516
481
283
9990
321
318
4341
606
514
1104
20980
9087
198
309
2702
1373
11002
11909
478
220
16
11
491
516
481
11
1698
38512
65235
478
2612
8
198
1726
285
460
2702
984
18107
6987
262
460
11002
7
15
11
2912
11
220
15
8
984
18107
198
71093
248046
198
248045
846
198
7525
3555
4621
4490
279
6813
13
5514
579
279
1412
25
198
220
2793
34397
27650
17756
53
21
20
19
69698
6971
487
1500
220
21
18
198
262
471
220
16
25
2341
1767
28
16
11
628
62414
58
16
1404
15
4678
2434
50615
198
13857
6108
198
32769
1401
25
8060
3542
359
169361
6
318
52
10
17
22
16
18
8
14200
1206
311
40138
11
411
369
678
3274
25
4310
279
2614
709
11618
321
4479
889
11
6999
4072
279
709
7246
321
1440
660
279
6813
13
2972
5683
4045
67305
3067
13209
50
159029
271
2523
1220
14623
279
1970
488
10490
303
264
64504
1970
2424
318
784
9609
31789
318
19458
668
31153
279
3889
5568
8
248046
198
248045
74455
198
248068
271
248069
271
21765
506
279
1412
11
821
3555
1965
12613
48794
35358
440
3175
5587
421
2597
5064
303
279
1970
13
6558
728
3300
264
4101
7873
13
271
9764
728
22903
279
3377
25
198
16
13
1473
7308
830
369
580
5331
75600
413
18253
24101
830
440
1141
2341
1767
318
1767
314
716
9192
8
506
1379
580
2942
2961
303
220
16
198
17
13
353
1144
310
1698
6572
24959
2599
1056
307
421
513
580
5331
75600
198
18
13
1690
264
1324
830
835
220
16
310
381
580
5331
75600
11
2341
1767
2007
8
1902
381
318
74
12
16
7060
265
75600
198
19
13
1690
830
283
220
16
11
424
579
2590
177460
1196
318
15
7289
4221
8
271
1536
19407
25
4486
799
2341
1767
5488
11
866
1324
8772
506
1379
220
23
15
15
318
10957
2343
1104
8
2564
220
23
15
15
553
1987
353
628
829
26808
864
2526
2663
513
177460
1196
11
1179
958
15262
30715
310
1698
4947
361
307
440
2341
1767
2663
421
513
177460
1196
13
271
71093
12305
198
727
1698
4546
1243
75600
1104
25
592
11
580
25
514
8
1411
514
25
198
262
18107
283
220
16
15
332
24
478
220
22
198
262
295
283
2343
1104
8
198
1031
262
653
4807
26808
25
628
62414
16042
1404
3595
60
283
2912
413
869
343
628
381
10723
310
220
16
303
506
1379
1510
3595
63
7289
198
262
653
343
20629
494
220
16
310
295
318
10957
2341
1767
314
866
295
14813
1324
369
506
1379
295
8
198
262
1866
5996
283
295
198
262
628
62414
283
4177
3913
60
348
318
74
478
220
16
8
364
696
303
2020
8474
5996
478
220
16
7025
198
1031
262
653
5183
1105
25
220
16
369
177460
1196
303
220
15
7289
318
429
8190
303
866
1324
314
7289
8
198
262
364
26259
303
2020
5781
478
220
16
1590
198
285
413
220
16
2564
1866
5996
25
198
309
628
62414
58
16
1404
3595
60
283
2912
6987
262
653
21301
364
7459
1324
314
7289
198
262
364
26259
303
2020
7
16
11
580
478
220
16
1590
198
285
364
343
303
2020
7
17
11
1866
5996
478
220
16
1590
198
309
12927
283
9261
3620
553
1767
482
16
837
198
309
413
12927
2564
1866
5996
321
628
62414
58
3858
1404
3595
471
220
16
5491
198
388
628
62414
16042
1404
3595
60
283
2912
6987
262
1120
54572
6987
262
554
11555
301
5985
890
2585
11198
8474
2073
5675
8
198
262
687
11002
11909
25
514
11
9990
25
1744
11
1698
38512
65235
25
514
8
1411
514
25
198
285
4071
198
285
4356
4947
494
2234
1097
75509
11
1332
25
198
285
471
9990
25
3315
8978
748
2944
16327
307
579
8978
198
285
471
1698
38512
65235
25
1324
314
716
9192
8826
748
2944
198
285
5019
1698
314
2610
3348
880
318
36142
361
307
440
2610
2341
1767
8
198
285
4071
198
285
413
1097
606
295
25
198
309
653
4109
413
279
1324
369
6572
321
1141
2341
1767
369
318
74
12
16
7060
265
75600
198
309
413
1698
38512
65235
2518
220
16
321
1698
38512
65235
2564
1866
5996
321
628
62414
26645
38512
65235
1404
74
471
220
16
5491
198
388
460
220
16
198
309
460
220
15
8675
285
3798
283
220
16
413
9990
745
220
17
198
285
2702
283
220
15
198
285
364
2612
303
2020
50508
1590
198
309
413
9990
321
2612
835
514
1104
20980
23556
198
388
1387
198
309
491
516
481
283
9990
321
318
4341
606
514
1104
20980
9087
198
309
2702
1373
11002
11909
478
220
16
11
491
516
481
11
1698
38512
65235
478
2612
8
198
1726
285
460
2702
984
18107
6987
262
460
11002
7
15
11
2912
11
220
15
8
984
18107
198
71093
248046
198