248045
846
198
4274
279
2614
709
11618
321
4479
889
11
6999
4072
279
709
7246
321
1440
660
279
6813
13
2972
5683
4045
67305
3067
13209
50
159029
271
2523
1220
14623
279
1970
488
10490
303
264
64504
1970
2424
318
784
9609
31789
318
19458
668
31153
279
3889
5568
8
271
71093
198
727
1262
45942
5305
3343
7898
70817
474
433
287
1104
25
592
11
580
25
514
8
1411
514
25
198
262
4071
15767
264
886
274
321
449
7308
580
11
16168
274
1083
580
15305
793
1680
421
279
2542
695
262
314
279
1324
314
6321
4203
2483
310
2404
1754
37172
1083
264
17724
2195
278
34864
695
262
369
78284
13
3301
279
7776
1324
314
6321
4203
2483
13
198
1031
262
357
886
369
264
17724
2195
278
34864
413
25
198
262
471
1049
682
2984
2518
220
17
11
3449
198
262
471
2532
6513
264
6572
7308
293
1680
421
220
16
2564
293
361
2343
321
2343
984
293
606
220
15
11
3449
198
262
471
34639
14505
421
599
279
1788
57844
539
293
7346
264
70613
13
198
1031
262
1690
3010
25
328
5137
487
328
11663
487
328
327
11872
327
487
321
328
365
365
1
513
17724
2195
278
474
433
287
13
198
262
328
64
487
328
365
487
321
328
365
895
1
513
524
17724
2195
278
474
433
287
13
198
1031
262
17167
25
198
285
274
25
357
886
29607
1132
314
40657
6163
11592
318
17
2564
2343
1104
8
2564
220
17
15
15
8
198
285
580
25
5447
314
15305
793
310
16168
1083
318
16
2564
580
2564
2343
1104
8
593
220
17
8
198
1031
262
5019
25
198
285
561
7776
1324
314
6321
4203
2483
310
1236
660
580
15305
793
17724
2195
278
474
433
287
13
198
1031
262
11765
1262
45942
5305
3343
7898
70817
474
433
287
437
13290
565
487
220
17
8
198
262
220
16
198
262
11765
1262
45942
5305
3343
7898
70817
474
433
287
437
39840
487
220
17
8
198
262
220
17
198
262
11765
1262
45942
5305
3343
7898
70817
474
433
287
437
85557
4494
64
487
220
18
8
198
262
220
15
198
262
4071
271
727
1716
69574
1590
198
262
653
3284
4886
494
9989
198
262
1992
8871
437
13290
565
487
220
17
8
606
220
16
198
262
1992
8871
437
39840
487
220
17
8
606
220
16
198
262
1992
8871
437
85557
4494
64
487
220
18
8
606
220
15
6987
262
653
22484
1228
4886
198
262
1992
8871
437
643
487
220
16
8
606
220
16
198
262
1992
8871
437
547
487
220
16
8
606
220
16
198
262
1992
8871
437
31979
487
220
16
8
606
220
15
198
262
1992
8871
437
74
1569
487
220
16
8
606
220
16
198
262
1992
8871
437
64
12163
487
220
17
8
606
220
15
198
262
1992
8871
437
7394
43732
487
220
17
8
606
220
17
198
262
1992
8871
437
74
7642
4405
487
220
16
8
606
220
16
198
262
1992
8871
437
27528
5137
487
220
17
8
606
220
15
198
262
1992
8871
437
365
365
365
487
220
18
8
606
220
18
6987
262
653
5546
1228
4886
198
262
1992
8871
437
87976
289
89
689
360
22632
73
797
78
741
1468
9230
86
80
20465
282
210188
1943
631
33812
82
11872
20748
205166
358
689
13863
14118
90574
12849
3858
339
19939
184308
76713
10090
79639
80
12288
5343
23546
8058
3378
81
2131
74
4746
159599
90865
1858
70
3491
46751
490
330
2131
53901
5032
226699
6006
86
833
6832
64351
2439
69
35654
268
87
346
2266
80
46880
9504
67
3546
39352
636
4405
80
3402
5882
3693
5501
1634
38503
2131
7130
284
86
765
23677
2699
34541
302
329
65
19329
81
487
220
16
15
15
8
606
220
24
20
198
262
1992
8871
437
30086
2413
558
302
86
499
5188
3001
64315
70
42419
315
74
371
337
65
9231
184595
75447
315
89
1569
3858
77
396
367
273
797
8992
16248
316
83449
85
529
59161
4677
547
3414
7344
81
7505
490
41973
789
216422
558
67
631
69
73
17277
438
36028
42419
79149
386
12859
64
441
79
4268
81
1299
79
418
2699
65
80
1589
17277
2699
36028
339
19598
5676
856
36348
4268
438
71
3071
61182
70
39599
549
20476
22429
70
5676
636
71
9231
71
10535
7508
322
18002
570
1266
65
10535
73
26985
6176
73
88
3491
74
487
220
16
15
15
8
606
220
24
22
198
262
1992
8871
437
365
365
365
365
365
365
365
365
365
365
365
365
365
365
365
365
365
365
365
365
365
365
365
365
365
365
365
365
365
365
365
365
365
365
365
365
365
365
365
365
365
365
365
365
365
365
365
365
365
365
365
365
365
365
365
365
365
365
365
365
365
365
365
365
365
365
365
365
365
365
365
365
365
365
365
365
365
365
365
365
365
365
365
365
365
365
365
365
365
365
365
365
365
365
365
365
365
365
365
365
487
220
16
15
15
8
606
220
16
15
15
271
2
5272
1716
13741
45942
5305
3343
7898
70817
474
433
287
8
310
1542
6813
13
198
71093
248046
198
248045
74455
198
248068
271
248069
271
71093
12305
198
727
1262
45942
5305
3343
7898
70817
474
433
287
1104
25
592
11
580
25
514
8
1411
514
25
198
262
4071
15767
264
886
274
321
449
7308
580
11
16168
274
1083
580
15305
793
1680
421
279
2542
695
262
314
279
1324
314
6321
4203
2483
310
2404
1754
37172
1083
264
17724
2195
278
34864
695
262
369
78284
13
3301
279
7776
1324
314
6321
4203
2483
13
198
1031
262
357
886
369
264
17724
2195
278
34864
413
25
198
262
471
1049
682
2984
2518
220
17
11
3449
198
262
471
2532
6513
264
6572
7308
293
1680
421
220
16
2564
293
361
2343
321
2343
984
293
606
220
15
11
3449
198
262
471
34639
14505
421
599
279
1788
57844
539
293
7346
264
70613
13
198
1031
262
1690
3010
25
328
5137
487
328
11663
487
328
327
11872
327
487
321
328
365
365
1
513
17724
2195
278
474
433
287
13
198
262
328
64
487
328
365
487
321
328
365
895
1
513
524
17724
2195
278
474
433
287
13
198
1031
262
17167
25
198
285
274
25
357
886
29607
1132
314
40657
6163
11592
318
17
2564
2343
1104
8
2564
220
17
15
15
8
198
285
580
25
5447
314
15305
793
310
16168
1083
318
16
2564
580
2564
2343
1104
8
593
220
17
8
198
1031
262
5019
25
198
285
561
7776
1324
314
6321
4203
2483
310
1236
660
580
15305
793
17724
2195
278
474
433
287
13
198
1031
262
11765
1262
45942
5305
3343
7898
70817
474
433
287
437
13290
565
487
220
17
8
198
262
220
16
198
262
11765
1262
45942
5305
3343
7898
70817
474
433
287
437
39840
487
220
17
8
198
262
220
17
198
262
11765
1262
45942
5305
3343
7898
70817
474
433
287
437
85557
4494
64
487
220
18
8
198
262
220
15
198
262
4071
198
262
307
283
2343
1104
8
198
1031
262
653
4807
26808
2695
957
1404
73
60
283
7776
1324
314
4203
310
1236
274
957
55628
10
16
60
264
17724
2195
278
34864
198
262
653
1368
274
957
55628
10
16
60
4021
381
1801
264
17724
2195
278
34864
11
2695
957
1404
73
60
283
53064
198
262
33815
283
2153
482
13180
837
198
262
2695
283
4177
15
60
348
307
364
696
303
2020
1393
7025
198
1031
262
687
12204
15422
1889
11
492
1590
198
285
4071
44712
279
7776
4203
310
1236
274
957
55628
10
16
60
264
17724
2195
278
34864
71483
198
285
2984
283
492
471
585
478
220
16
198
285
413
2984
361
220
17
25
198
309
460
33815
220
653
52802
2195
278
34864
7225
2984
2518
220
17
8675
285
1786
283
33815
198
285
653
9446
660
3319
39852
293
314
2984
1680
421
220
16
2564
293
361
2984
198
285
653
1690
1754
293
11
567
1716
413
3154
274
957
55628
10
16
60
25705
279
17724
2195
278
34864
3234
440
4031
293
369
3102
198
285
653
561
3234
25
364
1754
427
303
220
15
486
67
12
16
11
279
1146
15057
314
9599
585
478
427
11
585
478
427
478
293
11
585
478
427
478
220
17
67
11
2423
1220
381
264
70613
8675
285
364
293
303
2020
7
16
11
2984
1590
198
309
413
2984
984
293
931
220
15
25
198
388
2962
18015
309
653
1690
411
293
11
12204
279
1324
314
4203
4221
198
309
4203
283
220
15
198
309
2610
283
2912
198
309
364
427
303
2020
1446
1590
198
388
653
19888
9599
25
585
478
427
11
585
478
427
478
293
11
585
478
427
478
220
17
67
11
2423
198
388
9599
283
2958
198
388
1097
283
585
478
427
198
388
1345
1097
2564
492
25
198
493
9599
1989
11909
8
198
493
1097
1373
293
33006
388
413
524
9599
25
198
493
2962
33006
388
653
9599
58
15
1089
9599
58
16
1089
58317
9599
11722
12
16
60
1220
1304
264
70613
198
388
653
1987
9599
13787
60
1220
5951
9599
11722
12
16
2308
60
364
660
259
198
388
295
283
2343
12113
82
8
198
388
364
259
303
2020
1212
434
220
17
1590
198
493
2047
6276
283
9599
13787
60
198
493
1245
6276
283
9599
11722
471
220
16
471
259
60
198
493
413
274
44948
6276
60
931
274
51140
6276
5491
198
646
4203
1373
220
16
18015
309
1786
283
1262
57417
11
4203
8
198
1726
285
460
1786
6987
262
653
21902
2695
364
660
15305
793
198
262
364
2984
303
2020
7
17
11
307
478
220
16
1590
198
285
364
585
303
2020
1393
471
2984
478
220
16
1590
198
309
492
283
585
478
2984
471
220
16
198
309
2695
957
1404
73
60
283
12204
15422
1889
11
492
8
198
1031
262
653
30715
25
11002
58
16261
1404
400
60
283
7776
2702
4203
310
16168
274
58
15
24968
10
16
60
1083
359
16261
6
15305
793
198
262
653
1332
279
1483
37172
10029
506
1857
359
400
6
198
262
653
1165
1144
11002
6521
1404
77
12
16
60
198
1031
262
653
11002
58
16261
1404
400
60
283
1262
888
660
1151
9599
314
279
1483
37172
25
198
262
653
256
11002
58
16261
12
16
1404
2388
12
16
60
478
2695
27533
1404
400
60
198
262
653
1332
279
1483
37172
369
274
27533
24968
10
16
60
198
1031
262
653
5183
1105
25
11002
58
16
1404
73
60
283
2695
58
15
1404
73
60
364
660
492
2518
220
16
318
32753
274
58
15
55628
10
16
60
1902
381
264
17724
2195
278
34864
8
198
1031
262
11002
283
4177
35205
60
348
307
364
696
303
2020
5781
478
220
16
7025
198
1031
262
653
5183
1105
25
220
16
1809
198
262
364
492
303
2020
7
16
11
307
1590
220
653
492
494
220
16
310
307
12
16
11
37172
274
58
15
55628
10
16
60
682
2984
2518
220
17
198
285
11002
58
16
1404
73
60
283
2695
58
15
1404
73
60
198
1031
262
653
21301
303
364
5038
494
220
17
310
580
198
262
364
5038
303
2020
7
17
11
580
478
220
16
1590
198
285
653
561
1483
37172
1902
599
506
3140
2984
220
17
11
748
279
3555
919
1902
809
506
1151
12
16
2518
220
15
198
285
653
561
1483
37172
274
27533
55628
10
16
60
682
2984
2518
220
17
11
748
492
471
1151
478
220
16
2518
220
17
574
1151
2564
492
471
220
16
198
285
653
7054
11
567
1144
310
16168
274
58
15
84086
12
16
60
1083
5038
12
16
15305
793
198
285
653
1987
1151
12
16
2518
5038
12
17
318
36733
2702
2984
364
5038
12
16
15305
793
314
2984
2518
220
17
369
220
17
6391
16261
12
16
578
198
285
653
32645
11
567
1066
1144
1151
2518
220
16
321
1151
2564
492
471
220
16
318
684
421
279
1483
37172
682
2984
2518
220
17
8
198
285
653
1541
279
3555
16168
14103
274
58
15
84086
12
16
60
1083
5038
12
16
5306
8675
285
364
809
303
2020
64951
471
220
16
11
307
1590
220
653
809
1902
381
506
3140
5038
12
16
318
36733
2984
364
359
16261
6
15305
793
369
220
17
9
16261
11
748
809
2518
220
17
9
16261
471
220
16
1076
3655
8
198
309
653
32645
11
279
7776
2984
364
359
16261
6
15305
793
1754
314
2984
2518
220
17
369
220
17
9
16261
198
309
653
1987
809
10
16
2518
220
17
9
16261
574
809
2518
220
17
9
16261
471
220
16
198
309
653
6558
579
1066
28662
321
1042
279
33815
2663
3579
8060
5134
18015
309
653
561
1483
37172
8211
506
359
2388
6
321
10029
506
359
400
6
198
309
653
16777
314
1483
37172
283
809
471
1151
478
220
16
2518
220
17
574
1151
2564
809
471
220
16
198
309
653
561
3555
919
369
274
58
15
84086
12
16
60
16168
290
1083
5038
12
16
15305
793
198
309
653
1987
1151
12
16
2518
220
15
574
1151
2518
220
16
198
309
653
7054
11
567
1144
11002
58
16261
12
16
1404
2388
12
16
60
310
381
2610
18015
309
1786
283
33815
198
309
364
1151
303
2020
7
16
11
809
1590
220
653
1151
494
220
16
310
809
12
16
198
388
7624
6018
283
1151
471
220
16
198
388
413
11002
58
16261
471
220
16
1404
9590
6018
60
606
33815
25
198
493
2962
198
388
272
283
2695
27533
1404
400
60
198
388
413
272
606
33815
25
198
493
2962
198
388
1009
283
11002
58
16261
471
220
16
1404
9590
6018
60
478
272
198
388
413
1009
361
1786
25
198
493
1786
283
1009
198
309
11002
58
16261
1404
400
60
283
1786
6987
262
460
11002
6521
1404
77
471
220
16
60
198
71093
248046
198
248045
846
198
7525
3555
4621
4490
279
6813
13
5514
579
279
1412
25
198
6347
1371
318
3444
3110
1562
1483
1590
198
220
2793
34397
34
18
42
1705
53
18
35921
6971
487
1500
220
16
23
18
11
303
361
4211
29
198
262
1716
13741
45942
5305
3343
7898
70817
474
433
287
8
198
220
2793
34397
34
18
42
1705
53
18
35921
6971
487
1500
220
18
17
11
303
1716
198
262
1992
8871
437
39840
487
220
17
8
606
220
16
198
1779
6108
59641
59641
59641
59641
59641
59641
21203
198
66317
1401
14200
1206
311
40138
11
411
369
678
3274
25
4310
279
2614
709
11618
321
4479
889
11
6999
4072
279
709
7246
321
1440
660
279
6813
13
2972
5683
4045
67305
3067
13209
50
159029
271
2523
1220
14623
279
1970
488
10490
303
264
64504
1970
2424
318
784
9609
31789
318
19458
668
31153
279
3889
5568
8
248046
198
248045
74455
198
248068
271
248069
271
9764
728
22903
279
1228
1105
421
579
20738
13
561
1228
23535
1510
1030
45942
5305
3343
7898
70817
474
433
287
437
39840
487
220
17
8
606
220
16
7561
694
821
1970
4523
220
17
13
271
9764
728
11319
1472
279
11870
25
198
12
1690
328
39840
1
440
580
28
17
11
567
1144
310
16168
1083
220
17
15305
793
13
198
12
561
3481
4087
369
220
16
13
271
9764
728
1683
883
1092
15305
793
1362
944
25
198
12
328
64
1
478
328
8635
727
1
471
328
64
1
682
2984
220
16
11
524
264
2610
17724
2195
278
34864
198
12
328
365
1
478
328
66
727
1
471
328
365
1
3749
220
16
2222
310
3512
328
5137
1
466
328
5876
3158
328
66
727
1
471
1042
579
1716
413
424
628
381
264
17724
2195
278
34864
13
16777
220
19
13
8500
39852
25
220
16
11
220
17
13
293
28
16
25
660
22283
1220
381
70613
471
328
66
727
1
26548
369
328
49403
66
1
471
524
1788
13
293
28
17
25
9599
440
1410
220
17
283
220
15
25
272
11
378
318
14553
220
15
11
17
1174
9599
440
1410
220
17
283
220
16
25
293
11
281
318
14553
220
16
11
18
553
1690
293
28
17
25
272
1220
5951
378
318
16
2222
413
2086
681
293
1220
5951
281
318
16
2222
413
2086
553
1987
328
66
727
1
440
293
28
17
25
272
5643
68
11
293
5643
69
11
748
220
17
4203
13
10342
25
220
16
10
17
28
18
13
198
12
328
13290
1
478
328
727
1
471
328
13290
1
369
264
70613
2582
11
220
15
4203
13
328
727
1
471
2984
220
18
11
3319
39852
25
220
16
13
293
28
16
25
328
727
1
1220
381
70613
471
293
5643
69
11
748
220
16
2222
13
10342
25
220
15
10
16
28
16
13
2844
4138
0
271
4272
279
4087
1220
381
220
16
13
6558
728
1716
821
1970
364
328
13290
763
198
12
328
13290
1
2984
220
18
11
293
28
16
25
9599
498
15
11
16
11
17
1089
1716
274
58
15
15360
82
58
17
48282
359
64
6
5972
359
66
6
471
524
5951
11
220
16
2222
13
1987
2695
364
328
13290
1
369
220
16
11
524
220
15
0
271
13784
11
328
13290
1
369
4045
264
70613
13
357
70613
682
1118
28
4119
13
359
64
6
931
359
66
4282
1987
328
13290
1
3749
220
16
2222
310
3512
264
70613
1040
328
11663
1
466
328
16603
1
4831
13
271
4272
821
6157
557
4808
13
6558
728
37781
13
271
2381
328
13290
1
440
293
28
16
25
424
579
1066
12910
413
279
4220
886
369
264
70613
13
359
64
6
5972
359
66
6
471
220
16
2222
4221
13
271
4272
1092
16168
6486
220
16
30
6558
728
1683
1495
1076
271
1
66322
1
478
328
797
1
471
328
66322
1
2984
220
19
11
293
28
16
25
1716
70613
11
264
5643
67
318
16
681
292
5643
66
318
16
681
2702
220
17
13
293
28
17
25
9599
1410
220
17
28
15
25
264
9809
26
1410
220
17
28
16
25
292
11650
13
264
5643
66
318
16
681
292
5643
67
318
16
681
2702
220
17
13
1987
328
66322
1
6829
220
17
13
328
797
1
6829
220
16
13
10342
220
18
13
271
1
13290
442
1
478
328
69
1
471
328
69
1
682
2984
220
16
11
8060
13
271
1
365
1
478
328
66
727
1
471
328
365
1
6829
220
16
318
6711
424
328
5137
1
466
328
5876
1764
328
66
727
1
440
293
28
17
25
272
5643
68
11
293
5643
69
11
2695
220
17
13
10342
220
18
13
198
1
365
1
478
328
66
727
1
440
293
28
16
25
272
5643
69
11
293
5643
68
11
2695
220
17
13
10342
220
18
13
271
1
66322
1
478
328
797
1
471
430
3294
11
220
18
13
271
1
13290
1
478
328
727
1
471
328
13290
1
6829
220
16
11
328
727
1
6829
220
16
13
10342
220
17
13
271
77264
11
660
2873
506
3140
220
17
13
1921
279
1228
23535
220
16
13
6558
728
311
27864
279
3377
13
271
11569
3655
0
10380
353
2688
67385
17724
2195
278
34864
13
6558
728
311
27864
25
328
48412
14505
421
599
279
1788
57844
539
293
7346
264
70613
1149
271
2381
293
28
16
11
660
14505
599
279
1788
57844
318
15
681
748
279
4307
886
1220
381
264
70613
13
2844
579
4252
13
271
13784
11
6970
328
365
1
628
381
264
17724
2195
278
34864
440
1010
293
30
16777
220
17
11
293
28
16
25
328
365
1
1220
381
70613
11
264
5643
65
11
748
220
16
2222
13
2844
579
1245
13
271
9764
728
1716
413
279
1228
369
3404
21637
220
16
466
413
353
2688
5605
5961
13
561
1228
2640
1510
2138
8871
437
39840
487
220
17
8
606
220
16
27653
4558
77264
11
6970
1017
579
264
2086
22134
13
6558
728
1353
506
279
4479
889
9989
1495
25
328
365
365
1
369
264
17724
2195
278
34864
13
16777
220
19
11
293
28
17
25
9599
1410
220
17
28
15
25
264
8142
26
1410
220
17
28
16
25
292
14577
13
328
365
1
369
524
264
70613
11
328
4494
1
369
524
264
70613
13
13428
11
421
3070
914
944
13
271
11569
3655
11
353
1683
353
2688
67385
13
6558
728
311
27864
25
328
48412
14505
421
599
279
1788
57844
539
293
7346
264
70613
1149
271
2381
328
365
365
1
440
293
28
17
25
198
12
82808
440
1410
220
17
283
220
15
25
14505
220
15
11
220
17
1411
5587
359
64
504
359
65
6
1411
328
365
1
198
12
82808
440
1410
220
17
283
220
16
25
14505
220
16
11
220
18
1411
5587
359
65
504
359
64
6
1411
328
4494
1
271
1
365
1
369
524
264
70613
11
328
4494
1
369
524
264
70613
13
1987
328
365
365
1
1220
4045
381
264
17724
2195
278
34864
440
293
28
17
30
271
3850
279
4479
889
2640
328
365
365
1
3314
264
17724
2195
278
34864
13
6558
728
1683
1076
271
20734
293
28
16
30
1690
328
365
365
1
440
293
28
16
25
660
14505
599
1410
220
16
283
220
15
11
748
279
4220
886
328
365
365
1
1220
381
264
70613
13
328
365
365
1
26548
369
328
65
11663
487
524
5951
13
1987
293
28
16
3070
914
944
2892
13
271
40
2688
21143
13
6558
728
311
27864
279
7044
777
15060
13
271
28180
886
369
264
17724
2195
278
34864
413
25
198
12
1049
682
2984
2518
220
17
11
3449
198
12
2532
6513
264
6572
7308
293
1680
421
220
16
2564
293
361
2343
321
2343
984
293
606
220
15
11
3449
198
12
34639
14505
421
599
279
1788
57844
539
293
7346
264
70613
1149
271
77264
11
6970
353
2688
63430
328
9515
264
70613
1
4808
13
10380
424
3254
279
8240
314
5587
506
1782
9599
11
948
1301
303
1906
11
7346
264
70613
30
2844
579
1092
353
2908
978
24725
13
271
13784
11
1042
728
1353
506
328
327
11872
327
1
864
369
9671
310
381
264
17724
2195
278
34864
13
16777
220
21
13
6558
579
1380
293
28
17
25
198
12
1410
220
15
25
14505
220
15
11
17
11
19
1411
359
64
1780
65
1780
70
6
1411
328
365
70
1
471
524
264
70613
198
12
1410
220
16
25
14505
220
16
11
18
11
20
1411
359
67
1780
70
1780
67
6
1411
328
67
27650
1
471
3314
264
70613
271
4272
799
314
279
12708
2303
369
264
70613
694
524
2107
30
2844
628
914
381
1245
13
271
9764
728
1380
293
28
18
25
198
12
1410
220
15
25
14505
220
15
11
18
1411
359
64
1780
70
6
1411
328
346
1
471
524
264
70613
318
3993
220
17
11
264
5643
70
8
198
12
1410
220
16
25
14505
220
16
11
19
1411
359
67
1780
64
6
1411
328
3131
1
471
524
264
70613
198
12
1410
220
17
25
14505
220
17
11
20
1411
359
65
1780
67
6
1411
328
8670
1
471
524
264
70613
271
67
28
16
25
328
327
11872
327
1
26548
369
328
67
365
70
3131
487
524
5951
13
271
67
28
21
25
524
5252
2394
293
361
2343
13
271
77264
11
6643
314
1439
944
13
6558
728
1380
293
28
17
1495
777
15060
13
10380
353
1144
310
311
27864
13
271
11569
3655
0
10380
279
22134
369
2086
13
10380
328
85739
14505
421
599
279
1788
57844
539
293
1
3254
567
1809
12719
14505
539
836
1410
293
869
11
321
91153
1809
1220
1304
264
70613
30
2844
579
1092
353
18533
13
271
9764
728
1380
328
327
11872
327
1
440
293
28
18
25
198
12
5559
220
15
318
14553
220
15
11
18
1590
359
64
1780
70
6
471
2984
220
17
11
524
70613
198
12
5559
220
16
318
14553
220
16
11
19
1590
359
67
1780
64
6
471
2984
220
17
11
524
70613
2228
12
5559
220
17
318
14553
220
17
11
20
1590
359
65
1780
67
6
471
2984
220
17
11
524
70613
271
3928
944
13
271
40
2688
15239
13
6558
728
1353
506
411
494
264
2086
8937
13
3437
413
328
83608
2195
278
34864
1
3254
2414
745
30
4558
50821
11
3655
13
6558
728
311
27864
25
328
48412
14505
421
599
279
1788
57844
539
293
7346
264
70613
1149
10380
424
3254
279
26913
7231
886
11
948
488
2814
279
5759
4364
539
293
11
682
264
10537
474
433
291
3234
30
271
2126
6970
821
8396
314
864
14505
310
9150
369
4808
13
6558
728
1683
883
328
365
365
1
1495
13
1368
293
28
17
11
6970
424
3254
9599
220
15
321
220
17
1220
381
5951
318
20385
599
1410
220
17
283
220
15
681
321
9599
220
16
321
220
18
1220
381
5951
318
20385
599
1410
220
17
283
220
16
11504
2844
579
264
2086
22134
0
271
4272
364
293
11
279
20908
369
25
364
1754
427
11
274
957
53440
60
606
274
957
53440
49682
60
948
585
53440
49682
361
307
30
2233
11
421
3070
914
1236
5357
2892
13
271
50821
11
353
1683
279
4252
22134
2493
381
25
364
1754
46525
523
427
1410
293
11
279
1146
15057
1220
381
264
70613
13
6558
728
311
1960
328
365
365
1
440
293
28
17
25
198
12
1737
58564
220
15
25
9599
220
15
11
17
1411
359
64
1780
65
6
1411
524
264
70613
198
12
1737
58564
220
16
25
9599
220
16
11
18
1411
359
65
1780
64
6
1411
524
264
70613
271
22597
3070
914
944
13
271
9764
728
1380
3482
2361
22134
13
3437
413
293
369
279
328
35778
4031
1
466
2414
30
1690
328
365
365
1
2984
220
19
11
6970
293
28
17
3254
567
9150
2234
585
440
2234
585
49682
364
279
1118
4139
30
271
40
1683
353
1144
310
1353
506
411
777
15060
13
6558
728
2624
364
1092
328
83608
2195
278
34864
1
2493
2977
303
411
2193
13
271
50821
11
311
12
5961
25
328
48412
14505
421
599
279
1788
57844
539
293
7346
264
70613
1149
4558
3710
413
424
3254
25
364
279
886
310
381
264
17724
2195
278
34864
440
4031
293
11
567
1144
274
957
60
606
274
3681
60
14910
585
20456
94
492
318
2508
293
11504
2844
1000
2977
660
5587
303
1754
46525
523
513
279
1788
0
271
9764
579
1716
328
365
365
1
440
293
28
17
25
198
12
1737
58564
220
15
25
9599
220
15
11
17
1411
359
64
1780
65
6
471
524
660
1788
198
12
1737
58564
220
16
25
9599
220
16
11
18
1411
359
65
1780
64
6
471
524
660
1788
271
22597
3070
914
944
13
271
77264
11
1042
728
1380
328
5137
1
440
293
28
16
25
46525
220
15
25
9599
220
15
11
16
1411
359
64
1780
64
6
471
660
1788
13
20457
0
271
1
11663
1
440
293
28
16
25
46525
220
15
25
9599
220
15
11
16
11
17
1411
359
64
1780
65
1780
64
6
471
524
660
1788
13
1921
328
11663
1
369
9671
310
381
264
17724
2195
278
34864
13
271
2278
293
28
1076
2984
220
18
11
1132
293
28
16
4138
318
67
27
18
321
220
18
14411
410
15
3254
293
28
16
466
293
28
18
11
694
293
54792
748
293
28
16
553
271
4272
328
11663
1
440
293
28
16
25
413
279
2876
369
328
528
1788
303
1754
46525
523
487
424
14107
13
1368
279
2876
369
328
9515
264
70613
487
424
4138
3376
11663
1
369
264
70613
553
271
40
2688
2019
303
24557
13
6558
728
1066
4054
421
821
3889
22134
318
9264
46525
523
7346
264
70613
8
369
4507
4252
11
321
7156
3069
279
1228
1105
14107
13
271
9764
728
3404
1542
1472
821
1970
32122
364
328
39840
487
580
28
17
25
271
15958
58
15
1404
17
60
364
328
13290
763
293
28
16
11
328
13290
1
524
70613
11
220
16
2222
4221
13
2695
28
16
13
198
15958
58
18
1404
20
60
364
328
727
763
293
28
16
11
328
727
1
524
70613
11
220
16
2222
4221
13
2695
28
16
13
198
7354
25
220
17
13
271
3742
1017
264
2577
16168
30
695
12
328
66322
1
478
328
797
763
2695
58
15
1404
18
60
364
328
66322
1
478
2695
58
19
1404
20
60
364
328
797
1
198
220
328
66322
763
293
28
16
25
264
5643
67
8142
5643
66
11
220
17
4203
13
293
28
17
25
46525
220
15
25
264
9809
318
16
2222
681
46525
220
16
25
292
11650
318
16
2222
681
2702
220
17
13
2695
28
17
13
198
220
328
797
763
293
28
16
25
378
5643
69
11
220
16
2222
13
2695
28
16
13
198
220
10342
25
220
18
13
271
12
328
365
1
478
328
66
727
763
2695
58
15
1404
16
60
364
328
365
1
478
2695
58
17
1404
20
60
364
328
66
727
1
198
220
328
365
763
293
28
16
25
264
5643
65
11
220
16
2222
13
2695
28
16
13
198
220
328
66
727
763
293
28
16
25
272
5643
69
11650
5643
68
11
220
17
4203
13
293
28
17
25
46525
220
15
25
272
21863
318
16
2222
681
46525
220
16
25
293
16574
318
16
2222
681
2702
220
17
13
2695
28
17
13
198
220
10342
25
220
18
13
271
12
328
13290
442
1
478
328
69
763
328
69
1
682
2984
220
16
11
8060
13
271
4272
279
7776
369
220
17
11
694
279
1228
23535
220
16
13
2532
1902
381
2414
4808
440
821
8396
13
271
9764
728
1353
506
279
1248
1228
1105
25
1510
2138
8871
437
365
365
365
365
1076
365
487
220
16
15
15
8
606
220
16
15
15
27653
561
886
369
328
365
1
11173
220
16
15
15
2942
11
2984
220
17
15
15
13
2985
580
28
16
15
15
11
1754
37172
1000
381
328
365
1
318
3993
220
17
553
8618
328
365
1
3749
220
16
2222
310
3512
264
17724
2195
278
34864
13
220
16
15
15
348
220
16
283
220
16
15
15
13
2844
8798
13
271
2939
1510
2138
8871
437
27528
5137
487
220
17
8
606
220
15
27653
328
27528
5137
1
2984
220
21
11
580
28
17
13
16018
381
328
31564
1
478
328
31564
487
2107
513
10537
474
433
287
11
220
15
4203
13
2441
328
5137
1
478
328
27528
487
2107
17724
2195
278
474
433
287
11
220
15
4203
13
20457
13
271
4272
821
8396
4816
4252
364
1439
4886
13
561
4125
1902
381
440
328
39840
3158
271
13784
11
6970
353
2688
23470
279
2695
4808
13
6558
728
311
9884
19382
13
1690
264
37172
310
381
1801
1083
264
17724
2195
278
34864
11
567
628
4992
4001
2610
293
13
561
2695
369
279
16211
38695
888
660
2610
293
314
279
1324
314
4203
4221
364
421
293
13
271
2381
328
13290
763
293
28
16
369
279
1132
2904
13
10869
283
220
16
318
3264
359
66
6
310
359
64
6
310
615
328
11663
487
466
2222
359
64
6
310
359
66
6
310
615
328
77979
487
4831
5946
271
77264
11
353
2098
628
914
1436
1204
328
39840
1
440
580
28
17
628
599
2695
220
16
13
10560
1076
279
16168
369
524
1083
64258
15305
793
30
2233
11
16168
3254
64258
13
271
9764
728
1066
4884
279
1970
310
2353
279
3481
2468
321
1436
413
1017
579
264
9584
303
821
7873
13
32645
11
1042
728
1066
884
1010
26805
13
1921
353
628
914
635
421
1532
13
271
9764
728
37781
25
6970
279
1228
29208
369
4808
11
466
6970
353
2688
67385
279
3377
13
1921
279
10895
1910
310
1440
660
6813
13
6558
728
1353
506
279
975
20738
6813
310
1436
413
1017
579
264
5215
13
271
63
2138
8871
437
39840
487
220
17
8
606
220
16
63
471
821
1970
6486
220
17
198
63
2138
8871
437
7394
43732
487
220
17
8
606
220
17
63
471
1042
728
1716
411
271
1
7394
43732
1
2984
220
20
11
580
28
17
13
34912
45127
25
198
12
328
75
1
478
328
1524
43732
763
328
75
1
8060
198
12
328
719
1
478
328
41973
69
763
328
719
1
2695
220
16
11
328
41973
69
1
2695
220
16
11
2702
220
17
198
12
328
7394
1
478
328
43732
763
328
7394
1
2695
220
16
318
75
5643
74
681
328
43732
1
2695
220
16
11
2702
220
17
198
12
328
7394
85
1
478
328
69
763
328
69
1
8060
271
4272
7776
369
220
17
13
2844
8798
13
271
4272
1132
328
39840
1
369
33776
13
6558
728
1683
1076
369
1017
264
16168
353
2688
7167
30
271
50821
11
3655
13
3437
413
328
66
727
1
628
381
1801
264
17724
2195
278
34864
440
220
16
2222
30
6558
728
1716
660
293
364
328
66
727
763
198
12
293
28
16
25
328
66
727
1
1411
70613
13
272
5643
69
318
16
681
293
5643
68
318
16
553
10342
220
17
13
198
12
293
28
17
25
46525
220
15
25
272
21863
318
16
2222
681
46525
220
16
25
293
16574
318
16
2222
553
10342
220
17
13
271
2665
11
7776
369
220
17
13
271
3710
883
328
8635
727
42418
293
28
16
25
292
5643
69
7
16
681
272
5643
68
7
16
553
293
28
20
25
524
5252
13
8020
293
28
16
4138
364
2984
220
20
13
10869
220
17
13
271
1
39840
1
4924
25
293
28
16
25
264
5643
69
8142
5643
68
9809
5643
67
11
220
18
4203
13
293
28
17
25
46525
220
15
25
264
9809
21863
318
1030
4203
310
1236
70613
25
264
5643
68
11
748
220
16
681
46525
220
16
25
292
11650
16574
318
65
5643
69
11
748
220
16
681
2702
220
17
13
293
28
18
25
46525
220
15
25
264
11650
318
16
2222
681
46525
220
16
25
292
21863
318
16
2222
681
46525
220
17
25
272
16574
318
16
2222
681
2702
220
18
13
293
28
21
25
524
5252
13
29910
369
220
17
13
271
4272
328
39840
1
430
799
37172
6829
220
17
13
1921
580
28
17
11
748
567
1144
220
17
15305
793
13
271
40
2688
15239
13
6558
728
1066
9370
1017
2493
381
264
25602
9584
321
17591
777
15060
11
466
6970
279
1228
369
12910
2414
2086
13
6558
728
1066
9042
321
1436
1092
8311
11
694
1118
1042
728
1236
2617
821
1970
369
4252
539
7262
424
32122
383
4145
4886
13
271
50821
11
488
1366
1092
11
1042
728
1066
1353
506
411
494
279
12682
421
279
1228
369
4252
321
353
1144
310
1423
279
1245
22134
13
6558
728
1380
25
1092
413
364
264
17724
2195
278
34864
11
567
1459
914
1144
12719
46525
6632
310
381
10537
474
433
287
11
694
1066
1144
310
1423
23287
293
1680
421
1076
874
11
421
3070
914
1236
5357
13
271
9764
728
1066
708
440
821
7873
321
1436
413
6970
1017
579
264
9584
353
2688
524
8847
13
353
3172
17591
424
777
15060
13
248046
198