248045
846
198
4274
279
2614
709
11618
321
4479
889
11
6999
4072
279
709
7246
321
1440
660
279
6813
13
2972
5683
4045
67305
3067
13209
50
159029
271
2523
1220
14623
279
1970
488
10490
303
264
64504
1970
2424
318
784
9609
31789
318
19458
668
31153
279
3889
5568
8
271
71093
198
1445
18904
1120
1697
1358
727
1262
49162
45941
20449
25
1697
18078
1089
580
25
514
8
1411
514
25
198
262
4071
15767
449
1287
10001
321
449
7308
580
11
1423
264
1146
1595
1680
421
279
10424
6463
695
262
1881
580
321
279
94589
2639
314
279
1146
1595
5255
369
78284
13
198
1031
262
357
1146
1595
369
264
64258
2397
38127
8240
314
5255
2785
449
1287
13
198
1031
262
17167
25
198
285
10001
25
1697
314
6572
24959
318
16
2564
10001
957
60
2564
220
16
15
61
24
8
198
285
580
25
13095
869
318
16
2564
580
2564
220
16
15
61
24
8
198
1031
262
5019
25
198
285
561
7776
3102
869
314
735
74
471
318
4341
4334
2639
314
1146
1595
17399
198
1031
262
11765
1262
49162
45941
2477
16
11
220
17
11
220
19
11
220
20
1089
220
18
8
198
262
220
15
198
262
11765
1262
49162
45941
2477
16
11
220
18
11
220
16
11
220
18
1089
220
17
8
198
262
220
16
198
262
11765
1262
49162
45941
2477
16
1089
220
16
15
8
198
262
220
24
198
262
4071
271
727
1716
69574
1590
198
262
653
3284
4886
494
9989
198
262
1992
8871
2477
16
11
220
17
11
220
19
11
220
20
1089
220
18
8
606
220
15
198
262
1992
8871
2477
16
11
220
18
11
220
16
11
220
18
1089
220
17
8
606
220
16
198
262
1992
8871
2477
16
1089
220
16
15
8
606
220
23
6987
262
653
22484
1228
4886
3018
383
279
3377
16484
198
262
653
11000
2315
17839
198
262
1992
8871
2477
20
1089
220
20
8
606
220
15
198
262
1992
8871
2477
23
1089
220
18
8
606
220
20
6987
262
653
22251
1332
2639
16327
580
6681
198
262
1992
8871
2477
16
11
220
17
1089
220
18
8
606
220
15
220
653
220
16
2639
220
17
283
220
18
198
262
1992
8871
2477
19
11
220
18
1089
220
22
8
606
220
15
220
653
220
19
2639
220
18
283
220
22
6987
262
653
78020
17839
198
262
1992
8871
2477
16
11
220
17
11
220
19
11
220
23
1089
220
16
20
8
606
220
15
220
653
220
16
2639
220
17
2639
220
19
2639
220
23
283
220
16
20
198
262
1992
8871
2477
16
11
220
16
11
220
16
1089
220
16
8
606
220
15
220
653
5586
1146
1595
6486
2639
283
220
16
6987
262
653
44487
1332
567
1144
310
1423
17554
2639
869
198
262
1992
8871
2477
17
11
220
19
11
220
23
1089
220
18
8
606
220
16
220
653
12659
267
369
220
17
318
1445
1146
1595
498
17
2387
198
262
1992
8871
2477
20
11
220
16
15
11
220
16
20
1089
220
22
8
606
220
17
220
653
220
20
369
17554
310
220
22
271
2
5272
1716
13741
49162
45941
8
310
1542
6813
13
198
71093
248046
198
248045
74455
198
248068
271
248069
271
21765
506
279
3377
11
353
1144
310
1423
264
1146
1595
6483
94589
2639
369
430
3160
430
3102
310
1510
74
27653
271
1536
22980
25
198
16
13
6292
4334
2639
314
264
1146
1595
369
2397
6596
72887
430
567
12663
279
1146
1595
318
2903
5255
628
1132
716
777
9192
11
2496
17462
1070
8
198
17
13
1690
866
5732
2234
1510
72
7561
430
567
12663
279
1146
1595
310
279
1245
11
279
2639
869
628
2222
506
1379
496
12171
8474
5996
578
2942
1521
1754
854
424
4203
11
264
491
2612
5055
716
198
18
13
1061
3254
364
1754
5732
2234
11
1017
513
506
1379
3835
18
15
12103
2639
2663
318
10957
10001
957
60
2564
220
16
15
61
24
11
864
17759
303
220
18
15
9192
8
271
26943
25
198
16
13
1690
1754
5732
1857
1510
72
7561
12663
279
1146
1595
310
279
1245
198
17
13
19182
660
12103
2639
2663
567
615
198
18
13
1690
1754
12103
2639
869
11
12204
735
74
471
2639
3042
91
321
3627
279
7776
198
19
13
3301
279
7776
271
9764
728
9845
440
279
1228
4886
25
198
12
74988
16
11
220
17
11
220
19
11
220
20
1089
580
28
18
43143
695
220
471
585
28
15
25
2639
82
513
220
16
11
220
18
11
220
22
11
220
22
11069
735
18
12
18
84776
15
50615
198
220
471
1987
4087
369
220
15
271
12
74988
16
11
220
18
11
220
16
11
220
18
1089
580
28
17
43143
198
220
471
585
28
15
25
2639
82
513
220
16
11
220
18
11
220
18
11
220
18
11069
735
17
12
16
84776
16
11
735
17
12
18
84776
16
198
220
471
585
28
16
25
2639
82
513
220
18
11
220
18
11
220
18
11069
735
17
12
18
84776
16
198
220
471
585
28
17
25
2639
82
513
220
16
11
220
18
11069
735
17
12
16
84776
16
11
735
17
12
18
84776
16
198
220
471
585
28
18
25
2639
82
513
220
18
11069
735
17
12
18
84776
16
198
220
471
3277
369
220
16
50615
271
12
74988
16
1089
580
28
16
15
43143
2639
369
220
16
11
735
16
15
12
16
84776
24
50615
271
12
74988
20
1089
580
28
16
15
43143
2639
369
220
20
11
735
16
15
12
20
84776
20
1076
694
1228
2640
220
23
30
13428
11
1042
728
311
27864
13
271
13784
11
279
1228
2640
1510
44732
2477
16
1089
220
16
15
8
606
220
23
63
694
279
4479
889
2640
1510
1030
49162
45941
2477
16
1089
220
16
15
8
606
220
24
27653
6558
728
1716
25
735
16
15
471
220
16
91
283
220
24
13
1921
279
1228
54878
424
16327
220
23
13
2844
579
67765
13
271
9764
728
311
27864
279
6813
15060
25
198
71093
198
2138
8871
2477
16
1089
220
16
15
8
606
220
23
198
71093
271
3850
735
16
15
471
220
16
91
283
220
24
11
524
220
23
13
10560
353
2688
67385
2414
13
271
13784
11
6970
1017
579
264
82170
303
279
1228
13
6558
728
1716
660
6813
1495
1076
271
50821
11
3221
506
279
4479
889
3010
25
1510
1030
49162
45941
2477
16
1089
220
16
15
8
283
220
24
63
864
369
4252
13
1921
279
1228
2640
220
23
13
1061
369
37844
13
271
9764
728
1716
413
1017
579
866
975
22134
13
561
3377
2640
328
16675
6463
1881
580
321
279
94589
2639
3158
1690
74988
16
60
7561
279
1132
1146
1595
369
74988
16
60
7561
2639
283
220
16
11
735
16
15
12
16
91
283
220
24
13
271
40
3172
6734
279
4479
889
321
279
34780
55404
11
321
9370
279
1228
682
264
82170
13
1921
3655
471
279
10895
1910
328
5683
4045
67305
3067
13209
50
1
321
353
1144
310
1440
660
6813
13
6558
728
311
9884
19382
13
271
77264
11
413
279
1228
23535
220
23
364
74988
16
1089
580
28
16
15
7561
421
1000
2977
735
16
15
471
830
91
283
220
23
11
748
830
283
220
17
466
830
283
220
16
23
13
1921
279
1132
1146
1595
682
2639
283
220
16
13
1061
3070
914
1236
5357
13
271
9764
728
1716
413
6970
353
1220
1353
506
411
20648
13
16018
424
381
421
279
3377
369
9859
364
2414
745
30
997
12
5961
25
328
16675
6463
1881
580
321
279
94589
2639
314
279
1146
1595
5255
369
78284
1149
271
40
1683
1017
579
4222
264
82170
303
279
1228
1105
13
6558
728
10046
440
279
4252
7873
321
1436
13
32645
11
353
1220
1542
1472
279
6813
777
15060
13
271
9764
728
1066
4072
279
4252
11767
321
1716
2272
660
6813
13
1368
74988
16
1089
580
28
16
15
63
4523
220
24
694
279
1228
23535
220
23
11
353
3172
1144
310
18730
13
1921
6673
334
6804
424
1902
381
220
24
13
271
9764
728
4072
321
1228
25
271
71093
12305
198
1445
18904
1120
1697
1358
727
1262
49162
45941
20449
25
1697
18078
1089
580
25
514
8
1411
514
25
198
262
4071
15767
449
1287
10001
321
449
7308
580
11
1423
264
1146
1595
1680
421
279
10424
6463
695
262
1881
580
321
279
94589
2639
314
279
1146
1595
5255
369
78284
13
198
1031
262
357
1146
1595
369
264
64258
2397
38127
8240
314
5255
2785
449
1287
13
198
1031
262
17167
25
198
285
10001
25
1697
314
6572
24959
318
16
2564
10001
957
60
2564
220
16
15
61
24
8
198
285
580
25
13095
869
318
16
2564
580
2564
220
16
15
61
24
8
198
1031
262
5019
25
198
285
561
7776
3102
869
314
735
74
471
318
4341
4334
2639
314
1146
1595
17399
198
1031
262
11765
1262
49162
45941
2477
16
11
220
17
11
220
19
11
220
20
1089
220
18
8
198
262
220
15
198
262
11765
1262
49162
45941
2477
16
11
220
18
11
220
16
11
220
18
1089
220
17
8
198
262
220
16
198
262
11765
1262
49162
45941
2477
16
1089
220
16
15
8
198
262
220
24
198
262
4071
198
262
307
283
2343
20449
8
198
262
1262
15384
283
2153
482
13180
837
198
1031
262
364
585
303
2020
1393
1590
198
285
653
19182
12103
2639
2663
5732
494
1857
585
198
285
3753
62
1052
283
716
363
198
285
1428
8469
283
220
15
198
285
364
492
303
2020
1889
11
307
1590
198
309
1428
8469
8398
10001
3681
60
198
309
413
1428
8469
524
303
3753
62
1052
25
198
388
3753
62
1052
1316
8497
8469
8
198
388
3515
283
3523
5781
471
1428
8469
8
198
388
413
3515
361
1262
15384
25
198
493
1262
15384
283
3515
198
388
413
1262
15384
606
220
15
25
198
493
460
220
15
6987
262
460
1262
15384
198
71093
271
6820
1042
728
9845
2272
279
6813
13
561
17765
799
369
1510
44732
2477
16
1089
220
16
15
8
606
220
23
27653
2985
821
7873
11
424
4523
220
24
13
4558
9764
728
311
27864
279
3377
4952
2957
777
1076
353
2688
16021
279
4087
1220
381
220
24
13
6558
728
1716
413
8106
279
1228
999
682
449
1412
321
353
1220
1990
1440
424
13
8439
353
628
914
5427
6813
11
1042
728
9370
1017
2493
381
264
2086
22134
353
2688
7167
13
271
13784
471
1362
424
381
421
567
2224
3221
364
735
74
471
2639
91
1332
567
628
4992
866
1146
1595
11
321
6970
353
2688
295
15323
3205
1060
30
2233
11
364
264
3074
2315
498
16
1089
279
1132
1146
1595
369
498
16
60
440
2639
28
16
13
271
40
3172
708
440
279
6673
334
6804
4252
7873
13
1368
279
1228
9149
23535
220
23
11
1017
2493
381
264
82170
11
694
821
6093
369
4252
791
279
3377
3874
13
271
50821
11
1042
728
1923
15464
660
279
975
1228
4886
310
1236
2617
821
11870
369
4950
25
271
12
74988
20
1089
580
28
20
43143
2639
28
20
11
735
20
12
20
84776
15
50615
198
12
74988
23
1089
580
28
18
43143
2639
28
23
11
735
18
12
23
84776
20
50615
198
12
74988
16
11
17
1089
580
28
18
43143
1146
64633
25
498
16
60
49300
16
11
498
17
60
49300
17
11
498
16
11
17
60
49300
18
13
735
18
12
18
84776
15
50615
198
12
74988
19
11
18
1089
580
28
22
43143
498
19
60
49300
19
11
498
18
60
49300
18
11
498
19
11
18
60
49300
22
13
735
22
12
22
84776
15
50615
198
12
74988
16
11
17
11
19
11
23
1089
580
28
16
20
43143
2400
1287
2639
28
16
20
11
735
16
20
12
16
20
84776
15
50615
198
12
74988
16
11
16
11
16
1089
580
28
16
43143
866
1146
1595
2639
28
16
11
735
16
12
16
84776
15
50615
198
12
74988
17
11
19
11
23
1089
580
28
18
43143
498
17
60
49300
17
11
498
19
60
49300
19
11
498
23
60
49300
23
11
498
17
11
19
60
49300
21
11
498
19
11
23
60
49300
16
17
11
498
17
11
19
11
23
60
49300
16
19
13
12659
267
310
220
18
25
735
18
12
17
84776
16
50615
198
12
74988
20
11
16
15
11
16
20
1089
580
28
22
43143
498
20
60
49300
20
11
498
16
15
60
49300
16
15
11
498
16
20
60
49300
16
20
11
498
20
11
16
15
60
49300
16
20
11
498
16
15
11
16
20
60
49300
16
20
11
498
20
11
16
15
11
16
20
60
49300
16
20
13
12659
267
25
735
22
12
20
84776
17
50615
271
2324
1716
680
3525
279
74988
16
1089
580
28
16
15
63
1105
13
353
3172
9042
821
4252
7873
13
271
71093
12305
198
1445
18904
1120
1697
1358
727
1262
49162
45941
20449
25
1697
18078
1089
580
25
514
8
1411
514
25
198
262
4071
15767
449
1287
10001
321
449
7308
580
11
1423
264
1146
1595
1680
421
279
10424
6463
695
262
1881
580
321
279
94589
2639
314
279
1146
1595
5255
369
78284
13
198
1031
262
357
1146
1595
369
264
64258
2397
38127
8240
314
5255
2785
449
1287
13
198
1031
262
17167
25
198
285
10001
25
1697
314
6572
24959
318
16
2564
10001
957
60
2564
220
16
15
61
24
8
198
285
580
25
13095
869
318
16
2564
580
2564
220
16
15
61
24
8
198
1031
262
5019
25
198
285
561
7776
3102
869
314
735
74
471
318
4341
4334
2639
314
1146
1595
17399
198
1031
262
11765
1262
49162
45941
2477
16
11
220
17
11
220
19
11
220
20
1089
220
18
8
198
262
220
15
198
262
11765
1262
49162
45941
2477
16
11
220
18
11
220
16
11
220
18
1089
220
17
8
198
262
220
16
198
262
11765
1262
49162
45941
2477
16
1089
220
16
15
8
198
262
220
24
198
262
4071
198
262
307
283
2343
20449
8
198
262
1262
15384
283
2153
482
13180
837
198
1031
262
364
585
303
2020
1393
1590
198
285
3753
62
1052
283
716
363
198
285
1428
8469
283
220
15
198
285
364
492
303
2020
1889
11
307
1590
198
309
1428
8469
8398
10001
3681
60
198
309
413
1428
8469
524
303
3753
62
1052
25
198
388
3753
62
1052
1316
8497
8469
8
198
388
3515
283
3523
5781
471
1428
8469
8
198
388
413
3515
361
1262
15384
25
198
493
1262
15384
283
3515
198
388
413
1262
15384
606
220
15
25
198
493
460
220
15
6987
262
460
1262
15384
198
71093
248046
198
248045
846
198
7525
3555
4621
4490
279
6813
13
5514
579
279
1412
25
198
220
2793
34397
22
77
39
69
48
82
10365
80
50
6971
487
1500
220
20
15
198
262
6558
728
311
27864
279
3377
4952
2957
777
1076
353
2688
16021
279
4087
1220
381
220
24
13
6558
728
1716
413
8106
279
1228
999
682
449
1412
321
353
1220
1990
1440
424
13
8439
353
628
914
5427
6813
11
1042
728
9370
1017
2493
381
264
2086
22134
353
2688
7167
13
198
55036
5071
14826
6108
198
32769
1401
25
20848
49477
886
22419
318
18702
1514
506
1500
220
20
15
8
14200
1206
311
40138
11
411
369
678
3274
25
4310
279
2614
709
11618
321
4479
889
11
6999
4072
279
709
7246
321
1440
660
279
6813
13
2972
5683
4045
67305
3067
13209
50
159029
271
2523
1220
14623
279
1970
488
10490
303
264
64504
1970
2424
318
784
9609
31789
318
19458
668
31153
279
3889
5568
8
248046
198
248045
74455
198
248068
271
248069
271
21765
506
279
1412
11
424
4816
821
3555
1965
5064
29611
421
2597
9238
1083
279
1970
13
6558
728
3300
264
4101
7873
13
271
760
1328
19407
369
421
364
1754
5732
1857
11
279
94589
2639
314
264
1146
1595
628
1132
2222
506
1379
496
12171
8474
5996
578
2942
430
567
12663
310
279
1245
11
2394
1754
2222
7062
264
491
2612
421
557
8334
220
15
13
1061
5954
449
10727
496
1393
348
1433
8474
5996
578
6093
13
271
9764
728
9845
279
1228
1105
1510
44732
2477
16
1089
220
16
15
8
606
220
23
63
1495
25
198
12
74988
16
60
63
682
1132
799
1146
1595
25
74988
16
60
63
440
2639
283
220
16
198
12
735
16
15
471
220
16
91
283
220
24
11
524
220
23
271
3850
2394
353
1902
1440
279
6813
11
1042
728
311
9884
19382
13
13428
471
6970
353
1144
310
1716
413
1017
579
2414
353
2688
7167
13
561
1228
2640
220
23
13
6558
728
1066
4072
279
4252
11767
321
1436
13
271
71093
12305
198
1445
18904
1120
1697
1358
727
1262
49162
45941
20449
25
1697
18078
1089
580
25
514
8
1411
514
25
198
262
4071
15767
449
1287
10001
321
449
7308
580
11
1423
264
1146
1595
1680
421
279
10424
6463
695
262
1881
580
321
279
94589
2639
314
279
1146
1595
5255
369
78284
13
198
1031
262
357
1146
1595
369
264
64258
2397
38127
8240
314
5255
2785
449
1287
13
198
1031
262
17167
25
198
285
10001
25
1697
314
6572
24959
318
16
2564
10001
957
60
2564
220
16
15
61
24
8
198
285
580
25
13095
869
318
16
2564
580
2564
220
16
15
61
24
8
198
1031
262
5019
25
198
285
561
7776
3102
869
314
735
74
471
318
4341
4334
2639
314
1146
1595
17399
198
1031
262
11765
1262
49162
45941
2477
16
11
220
17
11
220
19
11
220
20
1089
220
18
8
198
262
220
15
198
262
11765
1262
49162
45941
2477
16
11
220
18
11
220
16
11
220
18
1089
220
17
8
198
262
220
16
198
262
11765
1262
49162
45941
2477
16
1089
220
16
15
8
198
262
220
24
198
262
4071
198
262
307
283
2343
20449
8
198
262
1262
15384
283
2153
482
13180
837
198
1031
262
364
585
303
2020
1393
1590
198
285
3753
62
1052
283
716
363
198
285
1428
8469
283
220
15
198
285
364
492
303
2020
1889
11
307
1590
198
309
1428
8469
8398
10001
3681
60
198
309
413
1428
8469
524
303
3753
62
1052
25
198
388
3753
62
1052
1316
8497
8469
8
198
388
3515
283
3523
5781
471
1428
8469
8
198
388
413
3515
361
1262
15384
25
198
493
1262
15384
283
3515
198
388
413
1262
15384
606
220
15
25
198
493
460
220
15
6987
262
460
1262
15384
198
71093
248046
198