248045
846
198
4274
279
2614
709
11618
321
4479
889
11
6999
4072
279
709
7246
321
1440
660
279
6813
13
2972
5683
4045
67305
3067
13209
50
159029
271
2523
1220
14623
279
1970
488
10490
303
264
64504
1970
2424
318
784
9609
31789
318
19458
668
31153
279
3889
5568
8
271
71093
198
1445
18904
1120
1697
1358
727
1698
5062
15057
35226
20449
25
1697
18078
2387
1411
514
25
198
262
4071
7145
279
1324
314
13139
314
2397
38127
12708
2303
318
12877
16
11
12609
17
8
314
10001
421
25705
25
198
262
220
16
13
561
12708
2303
12609
16
321
12609
17
513
81859
318
2083
1857
314
10001
369
4047
1881
1070
8
198
262
220
17
13
561
469
6281
314
279
5255
314
12609
16
369
5951
310
279
469
6281
314
279
5255
314
12609
17
6987
262
3301
279
2702
1324
314
1680
13139
57844
220
16
15
61
24
478
220
22
13
198
1031
262
17167
25
198
285
10001
25
1473
7308
1287
1332
220
16
2564
2343
20449
8
2564
220
17
15
15
321
220
16
2564
10001
957
60
2564
220
17
15
15
6987
262
5019
25
198
285
561
1324
314
2610
1146
15057
13139
57844
220
16
15
61
24
478
220
22
6987
262
11765
1698
5062
15057
35226
2477
16
11
220
17
11
220
18
11
220
19
2387
198
262
220
16
15
198
262
11765
1698
5062
15057
35226
2477
16
15
11
220
17
15
11
220
18
15
2387
198
262
220
17
198
262
11765
1698
5062
15057
35226
2477
16
11
220
16
11
220
16
11
220
16
2387
198
262
220
20
15
198
262
4071
271
727
1716
69574
1590
198
262
653
14204
9989
494
3377
4952
198
262
1992
8871
2477
16
11
220
17
11
220
18
11
220
19
2387
606
220
16
15
198
262
1992
8871
2477
16
15
11
220
17
15
11
220
18
15
2387
606
220
17
198
262
1992
8871
2477
16
11
220
16
11
220
16
11
220
16
2387
606
220
20
15
6987
262
653
11000
2315
4886
198
262
1992
8871
2477
21
2387
606
220
15
198
262
1992
8871
2477
24
2387
606
220
15
198
262
1992
8871
2477
23
2387
606
220
15
198
262
1992
8871
2477
18
2387
606
220
15
198
262
1992
8871
2477
17
2387
606
220
15
198
262
1992
8871
2477
22
2387
606
220
15
198
262
1992
8871
2477
19
2387
606
220
15
6987
262
653
8771
2315
4886
198
262
1992
8871
2477
22
11
220
17
2387
606
220
15
198
262
1992
8871
2477
16
11
220
23
2387
606
220
15
198
262
1992
8871
2477
23
11
220
21
2387
606
220
15
198
262
1992
8871
2477
23
11
220
22
2387
606
220
15
198
262
1992
8871
2477
16
11
220
21
2387
606
220
15
198
262
1992
8871
2477
24
11
220
16
2387
606
220
15
198
262
1992
8871
2477
22
11
220
23
2387
606
220
15
198
262
1992
8871
2477
16
15
11
220
19
2387
606
220
15
198
262
1992
8871
2477
22
11
220
22
2387
606
220
17
198
262
1992
8871
2477
23
11
220
16
2387
606
220
15
198
262
1992
8871
2477
16
15
11
220
21
2387
606
220
15
6987
262
653
78020
1228
4886
198
262
1992
8871
2477
16
24
23
11
16
24
15
11
16
24
20
11
16
24
17
11
16
24
15
11
16
24
15
11
16
24
24
11
17
15
15
11
16
24
24
11
16
24
15
11
16
24
22
11
16
24
24
11
16
24
21
11
16
24
21
11
16
24
23
11
16
24
21
11
17
15
15
11
16
24
19
11
16
24
18
11
16
24
22
11
17
15
15
11
16
24
23
11
16
24
15
11
16
24
20
11
16
24
18
11
16
24
24
11
17
15
15
11
16
24
18
11
16
24
23
11
16
24
16
11
16
24
18
11
16
24
17
11
17
15
15
11
16
24
24
11
16
24
17
11
16
24
21
11
16
24
20
11
16
24
17
11
17
15
15
11
16
24
17
11
16
24
15
11
16
24
19
11
16
24
19
11
16
24
18
11
16
24
18
11
16
24
20
11
16
24
19
11
16
24
15
11
16
24
21
11
17
15
15
11
16
24
23
11
17
15
15
11
16
24
21
11
16
24
21
11
16
24
15
11
16
24
16
11
16
24
19
11
16
24
22
11
16
24
16
11
16
24
19
11
16
24
17
11
16
24
20
11
16
24
24
11
16
24
18
11
16
24
24
11
16
24
21
11
16
24
19
11
16
24
15
11
16
24
21
11
17
15
15
2387
606
220
20
22
15
19
19
20
17
17
19
6987
262
1992
8871
2477
17
15
15
11
16
15
15
11
17
20
11
18
11
17
15
15
11
16
15
15
11
17
20
11
18
11
17
15
15
11
16
15
15
11
17
20
11
18
11
17
15
15
11
16
15
15
11
17
20
11
18
11
17
15
15
11
16
15
15
11
17
20
11
18
11
17
15
15
11
16
15
15
11
17
20
11
18
11
17
15
15
11
16
15
15
11
17
20
11
18
11
17
15
15
11
16
15
15
11
17
20
11
18
11
17
15
15
11
16
15
15
11
17
20
11
18
11
17
15
15
11
16
15
15
11
17
20
11
18
11
17
15
15
11
16
15
15
11
17
20
11
18
11
17
15
15
11
16
15
15
11
17
20
11
18
11
17
15
15
11
16
15
15
11
17
20
11
18
11
17
15
15
11
16
15
15
11
17
20
11
18
11
17
15
15
11
16
15
15
11
17
20
11
18
11
17
15
15
11
16
15
15
11
17
20
11
18
11
17
15
15
11
16
15
15
11
17
20
11
18
11
17
15
15
11
16
15
15
11
17
20
11
18
11
17
15
15
11
16
15
15
11
17
20
11
18
11
17
15
15
11
16
15
15
11
17
20
11
18
11
17
15
15
11
16
15
15
11
17
20
11
18
11
17
15
15
11
16
15
15
11
17
20
11
18
11
17
15
15
11
16
15
15
11
17
20
11
18
11
17
15
15
11
16
15
15
11
17
20
11
18
11
17
15
15
11
16
15
15
11
17
20
11
18
2387
606
220
18
18
15
20
20
18
18
23
23
6987
262
1992
8871
2477
17
18
11
17
23
11
17
17
11
17
22
11
17
17
11
17
22
11
17
15
11
17
18
11
17
22
11
18
15
11
18
15
11
17
17
11
17
19
11
17
19
11
17
15
11
17
20
11
17
22
11
17
17
11
17
22
11
17
16
11
17
24
11
17
18
11
17
18
11
17
22
11
17
21
11
17
23
11
17
22
11
17
15
11
17
23
11
17
16
11
17
17
11
17
22
11
17
19
11
17
23
11
17
15
11
17
19
11
17
16
11
17
15
11
17
24
11
17
19
11
17
17
11
17
15
11
17
19
11
17
22
11
18
15
11
17
24
11
17
16
11
17
20
11
17
17
11
17
17
11
17
22
11
17
19
11
17
17
11
17
24
11
17
17
11
17
20
11
17
20
11
17
18
11
17
20
11
17
19
11
17
21
11
17
16
11
17
23
11
17
20
11
17
21
11
17
15
11
17
19
11
17
22
11
17
22
11
17
18
11
17
15
11
17
19
11
17
18
11
17
16
11
17
19
2387
606
220
19
19
16
24
22
18
16
16
6987
262
1992
8871
2477
17
24
11
17
16
11
17
24
11
17
20
11
17
18
11
17
22
11
17
22
11
17
24
11
17
15
11
17
23
11
17
21
11
18
15
11
17
19
11
17
19
11
17
21
11
17
17
11
17
24
11
17
23
11
17
15
11
17
17
11
17
18
11
18
15
11
17
22
11
18
15
11
17
19
11
18
15
11
17
19
11
17
19
11
17
20
11
18
15
11
17
17
11
17
24
11
17
18
11
18
15
11
17
15
11
17
23
11
17
15
11
17
24
11
17
22
11
17
17
11
17
19
11
17
23
11
17
22
11
17
15
11
17
20
11
17
16
11
17
23
11
17
16
11
17
17
11
17
23
11
17
24
11
17
15
11
17
22
11
17
24
11
17
17
11
17
17
11
18
15
11
17
19
11
17
20
11
17
15
11
17
24
11
17
15
11
17
18
11
17
16
11
17
19
11
17
18
11
17
19
11
17
24
11
17
19
11
17
24
11
17
16
11
17
18
11
17
23
11
17
24
11
17
16
2387
606
220
22
22
15
18
23
23
18
16
19
6987
262
1992
8871
2477
17
15
15
11
16
15
15
11
17
15
15
11
16
15
15
11
17
15
15
11
16
15
15
11
17
15
15
11
16
15
15
11
17
15
15
11
16
15
15
11
17
15
15
11
16
15
15
11
17
15
15
11
16
15
15
11
17
15
15
11
16
15
15
11
17
15
15
11
16
15
15
11
17
15
15
11
16
15
15
11
17
15
15
11
16
15
15
11
17
15
15
11
16
15
15
11
17
15
15
11
16
15
15
11
17
15
15
11
16
15
15
11
17
15
15
11
16
15
15
11
17
15
15
11
16
15
15
11
17
15
15
11
16
15
15
11
17
15
15
11
16
15
15
11
17
15
15
11
16
15
15
11
17
15
15
11
16
15
15
11
17
15
15
11
16
15
15
11
17
15
15
11
16
15
15
11
17
15
15
11
16
15
15
11
17
15
15
11
16
15
15
11
17
15
15
11
16
15
15
11
17
15
15
11
16
15
15
11
17
15
15
11
16
15
15
11
17
15
15
11
16
15
15
11
17
15
15
11
16
15
15
11
17
15
15
11
16
15
15
11
17
15
15
11
16
15
15
11
17
15
15
11
16
15
15
11
17
15
15
11
16
15
15
11
17
15
15
11
16
15
15
11
17
15
15
11
16
15
15
11
17
15
15
11
16
15
15
11
17
15
15
11
16
15
15
11
17
15
15
11
16
15
15
11
17
15
15
11
16
15
15
11
17
15
15
11
16
15
15
11
17
15
15
11
16
15
15
11
17
15
15
11
16
15
15
11
17
15
15
11
16
15
15
11
17
15
15
11
16
15
15
11
17
15
15
11
16
15
15
11
17
15
15
11
16
15
15
11
17
15
15
11
16
15
15
11
17
15
15
11
16
15
15
11
17
15
15
11
16
15
15
11
17
15
15
11
16
15
15
2387
606
220
19
21
19
21
21
18
21
24
23
271
2
5272
1716
11181
5062
15057
35226
8
310
1542
6813
13
198
71093
248046
198
248045
74455
198
248068
271
248069
271
21765
506
411
3377
11
353
1144
310
25
271
16
13
7145
660
2397
38127
12708
2303
314
1510
25509
63
198
17
13
1690
1754
6505
314
81859
12708
2303
318
12877
16
11
12609
17
681
1716
413
836
469
6281
82
513
5951
198
18
13
4356
1680
13139
57844
220
16
15
61
24
478
220
22
271
1536
22980
25
198
12
8771
12708
2303
513
81859
413
781
1459
914
4191
866
14505
494
1510
25509
63
198
12
561
469
6281
314
264
1146
15057
369
279
469
6281
314
660
1141
5255
198
12
1165
1144
310
1698
13139
318
12877
16
11
12609
17
8
1332
12609
16
321
12609
17
513
81859
321
469
6281
33667
16
8
606
469
6281
33667
17
8
271
27654
595
25
198
16
13
1690
1754
3102
469
6281
869
1510
70
63
318
1445
220
16
310
220
17
15
15
2394
10001
957
60
2564
220
17
15
15
681
1698
1204
1599
12708
2303
599
469
6281
6681
1510
70
63
198
17
13
1690
12708
2303
440
469
6281
1510
70
7561
567
1144
310
1698
13139
1332
2107
12708
2303
599
469
6281
1510
70
63
321
513
81859
271
10883
11
279
81859
20908
3520
411
32343
13
6558
728
1683
20648
13
271
73174
5313
25
198
12
1690
1754
1146
15057
11
567
628
3875
424
430
264
87828
314
14505
318
7834
307
628
381
685
310
220
17
15
15
11
748
87828
2677
914
944
8
198
12
8439
307
369
685
310
220
17
15
15
11
567
628
914
28662
888
660
220
17
83193
12708
2303
271
9764
728
37781
13
561
1328
19407
369
25
198
12
1690
264
8097
469
6281
869
1510
70
7561
1042
579
1910
1017
513
1510
1767
1824
63
12708
2303
440
469
6281
6681
1510
70
63
198
12
1921
567
1144
310
5790
279
12708
2303
513
81859
271
13784
11
411
369
777
6150
1521
1442
413
1330
12708
2303
2107
599
469
6281
1510
70
7561
781
2493
26370
13
271
9764
728
1683
883
411
777
15060
13
561
3377
16561
364
13139
314
2972
4104
31762
332
12708
2303
13
4558
32
2577
5313
25
198
12
1690
1754
1146
15057
326
11
12204
1141
469
6281
321
279
716
314
14505
424
5533
198
12
1690
1330
12708
2303
326
16
321
326
17
11
781
1304
264
2610
6505
413
469
6281
3631
16
8
606
469
6281
3631
17
8
321
326
16
11654
102
326
17
283
11654
227
271
12189
307
36059
220
17
15
15
11
567
628
914
28662
888
660
12708
2303
318
17
61
17
15
15
369
2166
3349
553
271
9764
728
37781
279
16484
13
10001
957
60
36059
220
17
15
15
11
748
469
6281
2663
513
506
1379
220
17
15
15
13
271
3446
5313
1608
30715
466
3493
16762
1171
25
198
12
1690
1754
869
1510
85
63
421
7701
303
10001
11
321
364
1754
3102
469
6281
1510
70
63
421
62634
660
5255
303
264
1146
15057
1076
271
50821
11
1042
728
1683
883
424
20648
13
357
1146
15057
682
469
6281
1510
70
63
413
321
1132
413
25
198
16
13
1942
5255
303
279
1146
15057
513
72364
539
1510
70
63
198
17
13
561
469
6281
314
279
5255
369
6681
1510
70
63
271
4272
364
264
8097
1510
70
7561
264
1146
15057
682
469
6281
1510
70
63
413
424
579
264
2397
38127
1146
15057
314
279
5255
72364
539
1510
70
7561
321
279
469
6281
314
1141
5255
369
6681
1510
70
63
318
1856
264
5081
314
1510
70
57208
271
9764
1510
50
1824
63
283
716
314
14505
1332
10001
957
60
369
72364
539
1510
70
63
198
9764
1510
51
1824
63
283
716
314
2397
38127
12708
2303
314
5255
303
1510
50
1824
63
6483
469
6281
369
6681
1510
70
63
271
760
1324
314
2397
38127
12708
2303
314
1510
50
1824
63
369
1510
17
61
44576
50
1824
91
92
471
220
16
27653
198
760
1324
314
2397
38127
12708
2303
314
1510
50
1824
63
6483
469
6281
369
264
5081
314
1510
70
63
318
72
1673
2487
469
6281
303
313
70
11
220
17
70
11
220
18
70
11
2423
5242
628
381
23424
13
271
9764
1510
37
3163
44646
283
1324
314
2397
38127
12708
2303
314
5255
72364
539
1510
70
63
318
72
1673
2487
12708
2303
494
1510
50
1824
31789
198
9764
1510
38
3163
44646
283
1324
314
2397
38127
12708
2303
314
5255
72364
539
1510
70
63
6483
469
6281
369
6681
1510
70
63
271
11861
1510
37
3163
8
283
2542
14717
74
25
338
91
74
92
469
5781
44646
364
580
421
513
62862
314
338
13
271
4272
1510
38
3163
8
283
426
3163
8
471
2542
14717
74
25
580
29
70
11
338
91
74
92
469
5781
44646
271
1596
628
12204
411
303
41662
1906
314
338
13
271
6820
11
364
13139
314
81859
12708
2303
2107
3322
469
6281
1510
70
43143
198
9764
279
5255
72364
539
1510
70
63
381
506
9599
440
2663
421
513
62862
314
1510
70
27653
6558
411
716
314
14505
381
1510
50
1824
27653
271
2381
1330
81859
12708
2303
357
321
417
11
2107
71970
314
1510
50
1824
7561
2107
2397
38127
11
2107
440
469
6281
6681
1510
70
27653
271
760
2702
1324
314
5337
310
4992
1330
81859
2397
38127
71970
357
11
417
494
1510
50
1824
63
1680
421
469
6281
4205
8
283
469
6281
5181
8
283
338
13
271
1919
369
1990
6150
13
6558
728
1683
883
279
2702
1698
20648
13
271
2381
264
8097
716
314
14505
1510
40
63
318
7949
369
1510
50
1824
63
681
279
1324
314
5337
310
4992
1330
81859
2397
38127
12708
2303
494
1510
40
63
369
25
198
2381
1754
2315
303
1510
40
7561
424
628
381
303
357
11
303
417
11
466
303
13468
13
1921
524
2107
357
321
417
4147
13
198
7354
30152
25
220
18
61
44576
40
91
92
318
9264
2315
25
357
11
417
11
466
13468
8
198
3036
2076
4886
1332
357
369
4147
25
220
17
61
44576
40
91
92
318
9264
2315
25
417
466
13468
8
198
3036
2076
4886
1332
417
369
4147
25
220
17
61
44576
40
91
92
198
2143
1142
1105
1332
2107
4147
25
220
16
198
4272
2702
81859
13139
283
220
18
61
44576
40
91
92
471
220
17
348
220
17
61
44576
40
91
92
478
220
16
271
3850
567
1144
2107
357
321
417
310
599
469
6281
6681
1510
70
7561
524
1066
381
71970
314
1510
50
1824
27653
271
1919
369
279
1328
16337
13
1165
1144
310
1698
13139
318
32
7904
8
1332
357
7904
51245
228
326
1824
11
357
21033
102
33
28
21033
227
11
357
56999
254
21033
227
11
417
56999
254
21033
227
11
469
6281
4205
11393
70
11
469
6281
5181
11393
70
13
271
1919
369
2503
310
12204
5774
440
26312
9884
8686
888
469
6281
16484
13
271
9764
728
1380
264
2086
5313
13
8439
307
36059
220
17
15
15
694
2663
36059
220
17
15
15
11
6970
567
628
958
279
2029
421
279
1324
314
12103
2663
369
6973
13
271
50821
11
1042
728
37781
13
561
3377
2493
381
1980
23017
539
25
198
16
13
1690
1754
338
494
220
17
15
15
1441
310
220
16
25
198
256
471
6558
1698
1824
283
1324
314
2397
38127
12708
2303
440
469
6281
6681
338
198
256
471
1921
567
1048
1144
310
3627
864
14505
781
958
310
5790
81859
2022
271
77264
11
411
369
3583
6150
13
6558
728
1353
506
279
9989
777
15060
13
271
2381
498
22
11
22
5491
695
12
3593
59626
25
498
22
60
318
6160
220
15
681
498
22
60
318
6160
220
16
681
498
22
11
22
60
198
12
469
6281
314
498
22
60
506
6961
220
15
369
220
22
11
469
6281
314
498
22
60
506
6961
220
16
369
220
22
198
12
2302
513
81859
318
61501
14505
8
198
12
1987
6505
11406
22
60
62
6160
15
11
498
22
60
62
6160
16
8
369
2610
198
12
7054
11406
22
60
62
6160
16
11
498
22
60
62
6160
15
8
471
694
3655
11
513
13139
11128
466
53863
30
271
21765
506
279
3481
2468
364
498
22
11
22
60
369
220
17
13
1368
13139
513
11128
11
1179
567
4035
599
220
17
11128
13139
13
1368
53863
11
567
4035
599
220
16
13
8439
4087
369
220
17
11
13139
513
11128
13
271
13784
11
1042
728
311
27864
25
328
3946
314
13139
314
2397
38127
12708
2303
318
12877
16
11
12609
17
90765
561
42727
318
12877
16
11
12609
17
8
12846
11128
13139
13
271
2381
498
22
11
22
5491
198
12
12609
16
283
498
22
60
506
1857
220
15
11
12609
17
283
498
22
60
506
1857
220
16
25
2610
318
38
6281
220
22
606
469
6281
220
22
11
81859
8
198
12
12609
16
283
498
22
60
506
1857
220
16
11
12609
17
283
498
22
60
506
1857
220
15
25
2610
318
38
6281
220
22
606
469
6281
220
22
11
81859
8
198
12
5586
975
30
695
220
471
12609
16
283
498
22
60
506
1857
220
15
11
12609
17
283
498
22
11
22
5491
524
81859
318
18781
1857
220
15
8
198
220
471
12609
16
283
498
22
11
22
1089
12609
17
283
498
22
60
506
1857
220
15
25
524
81859
198
220
471
4831
13
198
4272
1132
220
17
2610
11128
13139
13
1061
8798
13
271
6820
364
498
16
11
16
11
16
11
16
60
3481
220
20
15
13
271
9764
728
1683
883
449
10727
11767
13
271
1536
19407
25
1690
1754
338
11
1042
326
1824
381
279
716
314
14505
585
1332
338
735
10001
957
906
198
9764
281
3163
8
283
1324
314
2397
38127
71970
357
314
326
1824
1680
421
469
6281
314
313
25509
957
60
364
585
303
357
92
283
338
13
271
1596
1144
310
1698
25
2542
888
338
314
318
3946
314
11128
13139
318
32
7904
8
1332
357
7904
51245
228
326
1824
11
357
21033
102
33
28
21033
227
11
357
56999
254
21033
227
11
417
56999
254
21033
227
11
469
6281
4205
11393
70
11
469
6281
5181
11393
70
8
271
1919
628
381
56546
430
25
364
1754
338
11
1698
13139
318
32
7904
8
314
81859
2397
38127
71970
314
326
1824
2107
3322
469
6281
6681
338
13
271
9764
728
6762
364
1754
338
25
198
12
6558
304
1824
7401
8
364
264
25162
1543
51245
228
326
1824
381
220
16
413
1543
369
2397
38127
321
469
6281
7401
8
283
338
11
745
220
15
198
12
1165
1318
2542
888
357
7904
51245
228
326
1824
11
357
21033
102
33
28
21033
227
314
304
1824
4205
8
348
304
1824
5181
8
271
1919
16327
2542
888
357
51245
228
326
1824
11
357
2397
38127
11
469
6281
4205
11393
70
314
498
1200
888
417
51245
228
326
1824
1088
357
11
417
2397
38127
11
469
6281
5181
11393
70
314
220
16
60
271
1919
369
1990
2503
13
271
73174
25
5272
26312
9884
8686
466
22440
5568
13
271
9764
728
1380
25
1690
8097
338
11
6762
364
1754
25162
351
51245
228
326
1824
11
1042
288
2929
8
283
220
16
413
469
6281
2929
8
283
338
321
351
2397
38127
11
745
220
15
13
271
1596
1318
2542
14717
32
7904
25
357
21033
102
33
28
21033
227
92
288
4205
8
288
5181
8
271
1919
16327
2542
14717
32
92
288
4205
8
348
498
1200
14717
33
51245
228
22057
314
357
92
288
5181
7025
271
9764
426
4205
8
283
2542
14717
33
51245
228
22057
314
357
92
288
5181
8
364
357
51245
228
326
1824
271
1919
369
1990
56768
13
271
21365
279
16484
318
77
36059
220
17
15
15
11
2663
36059
220
17
15
15
681
321
421
279
1228
4886
2830
307
28
22
15
11
353
14765
1017
579
264
777
26802
5313
13
271
13784
11
6970
353
2688
888
5511
407
1060
13
6558
728
311
27864
279
3377
13
271
1
4104
31762
318
2083
1857
314
10001
369
4047
1881
1070
9646
471
748
279
12708
2303
1902
958
2086
14505
13
271
9764
728
1380
264
2086
62966
13
1690
1754
2315
10001
957
1089
424
628
16300
310
12708
2303
13
4558
50821
11
1042
728
1380
310
12204
424
430
10695
25
271
2381
1754
338
494
220
16
310
220
17
15
15
25
198
220
6558
353
1824
283
313
72
535
338
62634
10001
957
13587
198
220
6558
295
283
735
40
1824
91
198
2228
220
4543
11
364
1330
81859
12708
2303
357
11
417
51245
228
353
1824
11
567
1144
469
6281
4205
8
283
338
321
469
6281
5181
8
283
338
13
198
2228
220
561
2702
1324
314
5337
310
16168
264
25162
314
353
1824
1083
2250
5306
25
357
11
417
11
351
318
2777
351
369
19396
681
440
357
321
417
2397
38127
11
321
469
6281
4205
8
283
469
6281
5181
8
283
338
13
271
1919
369
13185
310
25
364
1754
15840
314
1754
2315
303
353
1824
310
357
11
417
11
466
351
11
1716
413
469
6281
4205
11393
70
321
469
6281
5181
11393
70
13
271
22597
56768
303
295
13
271
3850
3655
471
279
469
6281
13402
1132
383
279
2663
11
524
1066
864
5255
13
1541
2663
513
59056
539
220
17
15
15
13
271
20734
567
628
1809
539
869
13
1690
1754
869
343
421
369
264
5081
314
338
11
1042
272
2200
283
1698
314
14505
585
1332
10001
957
60
283
343
13
271
11861
264
1146
15057
369
10521
539
1204
1599
5255
314
1754
869
424
5469
13
271
2381
469
6281
310
381
6681
338
11
279
1146
15057
1902
2830
506
3140
799
2315
11
321
279
469
6281
314
279
3955
2663
318
4058
88544
1313
8
1902
381
338
13
271
1919
369
1990
6150
694
2493
381
40450
470
440
30715
888
2663
13
271
9764
728
1380
411
5313
25
271
2381
1754
338
25
198
220
220
16
13
62366
660
2663
343
303
498
16
11
17
15
15
60
1680
421
338
735
343
198
220
220
17
13
1690
1754
1680
343
11
1042
1698
16042
60
283
1324
314
54133
314
343
303
10001
198
220
220
18
13
4543
11
264
1146
15057
369
5024
539
18207
364
1754
343
11
1204
1599
10672
310
2830
318
1445
220
15
310
1698
16042
2387
198
220
220
19
13
561
469
6281
314
279
1146
15057
369
279
469
6281
314
660
343
2663
421
599
506
3140
799
2880
11543
13488
220
1165
1144
310
1698
13139
318
32
11
417
8
1332
357
321
417
513
1680
12708
2303
318
50984
539
5576
22166
681
781
513
328
4104
31762
1
303
279
5357
421
364
1754
343
11
279
2702
10672
1429
539
357
321
417
369
506
1379
1698
16042
1089
321
2107
357
321
417
513
2397
38127
440
469
6281
6681
338
13
271
4272
364
1754
343
11
567
4992
318
64
2200
11
292
2200
8
1332
264
2200
478
292
2200
2564
1698
16042
1089
264
2200
2518
220
15
11
292
2200
2518
220
15
13
271
760
469
6281
314
357
369
469
6281
314
313
85
535
264
2200
835
220
15
92
198
760
469
6281
314
417
369
469
6281
314
313
85
535
292
2200
835
220
15
92
271
1596
1144
2107
469
6281
82
310
5951
338
13
271
1919
628
381
2725
440
30715
888
2663
11
694
279
1528
3433
2493
381
3349
13
271
10883
11
279
1324
314
12103
2663
369
506
1379
220
17
15
15
11
321
364
1754
869
567
599
1698
16042
60
11125
364
318
64
2200
11
292
2200
8
13139
11
864
369
496
11181
16042
87197
17
553
2985
220
17
15
15
2663
11
411
1362
381
220
17
15
15
348
318
2721
3079
28803
17
13
1368
1866
3079
369
3349
318
446
310
220
17
15
15
681
411
369
220
17
15
15
348
220
17
15
15
61
17
283
220
23
68
21
791
338
11
321
220
17
15
15
2663
314
338
11
2702
220
16
13
21
68
24
471
2166
6103
13
271
3850
1599
2663
2677
914
599
3349
14159
13
1541
567
628
958
279
2029
421
469
6281
1132
13402
383
864
2663
513
2945
11
524
1204
1599
13
271
13784
11
364
279
469
6281
11
1132
279
716
314
2663
2945
12482
11
524
279
88544
1313
318
299
1248
430
506
3140
799
2880
369
2945
553
271
4272
364
1146
15057
357
11
1042
326
1511
283
313
85
535
264
2200
835
220
15
7563
469
6281
4205
8
283
469
6281
3631
1511
553
198
65409
364
417
13
271
4272
567
628
1683
303
3665
314
864
2663
513
5064
303
357
321
864
303
417
13
271
2381
1754
869
343
318
34493
314
338
681
567
599
220
19
11125
25
198
12
343
303
357
1132
318
64
2200
835
220
15
11
292
2200
283
220
15
8
198
12
343
303
417
1132
318
64
2200
283
220
15
11
292
2200
835
220
15
8
2228
12
343
303
2107
318
64
2200
835
220
15
11
292
2200
835
220
15
8
471
694
411
369
5252
430
1248
430
264
2200
478
292
2200
2564
1698
16042
60
198
12
343
303
13468
271
3850
328
258
2107
1
7225
264
2200
478
292
2200
2564
1698
16042
906
271
1919
369
3583
16468
13
271
9764
728
1380
264
33153
5313
2574
279
16484
13
8439
307
36059
220
17
15
15
321
2663
36059
220
17
15
15
11
321
279
1228
4886
2714
310
599
11173
2663
11
6970
353
1220
958
279
2614
25
271
2381
1754
338
25
198
220
6558
20257
16042
60
283
1698
314
343
303
10001
364
343
421
369
5081
314
338
198
220
4543
11
364
1754
869
343
11
279
1324
314
5337
310
9501
10672
310
357
11
417
11
466
13468
25
198
262
471
1368
343
369
303
13468
25
220
16
1560
198
262
471
1368
343
369
303
357
1132
25
2542
14717
74
28
16
92
46227
32428
16042
13587
351
62959
16042
1089
580
8
283
220
17
46227
32428
16042
13587
471
220
16
5337
318
26184
2397
38127
25162
364
357
8
198
262
471
1368
343
369
303
417
1132
25
28238
220
17
46227
32428
16042
13587
471
220
16
198
262
471
1368
343
369
303
2107
25
2542
14717
64
28
16
92
46227
32428
16042
13587
2542
14717
65
28
16
92
46227
32428
16042
11359
64
92
351
62959
16042
1089
264
8
348
351
62959
16042
11359
64
11
292
8
198
406
1061
16327
25
2702
5337
310
4992
2397
38127
357
321
2397
38127
417
494
20257
16042
60
5255
421
513
81859
198
406
283
220
18
46227
32428
16042
13587
471
220
17
348
220
17
46227
32428
16042
13587
478
220
16
220
318
299
23424
6575
11
694
1381
364
264
8097
869
579
10672
8
271
13784
11
364
264
3074
869
343
440
20257
16042
60
18922
5255
25
198
12
8618
2315
628
708
310
357
11
417
11
466
13468
198
12
10342
25
220
18
46227
32428
16042
13587
198
12
89999
357
4147
25
220
17
46227
32428
16042
13587
318
9264
2315
417
466
13468
8
198
12
89999
417
4147
25
220
17
46227
32428
16042
13587
198
12
2604
1142
2107
4147
25
220
16
198
12
1987
2610
318
32
2397
38127
11
417
2397
38127
11
81859
8
283
220
18
46227
32428
16042
13587
471
220
17
9
17
46227
32428
16042
13587
478
220
16
271
3850
567
1048
1144
279
7830
469
6281
314
357
310
381
338
321
469
6281
314
417
310
381
338
13
271
760
469
6281
314
357
13402
383
279
716
314
2663
343
1332
357
682
506
3140
799
2880
13
271
1919
369
264
12197
63062
5759
13
6558
728
6762
364
1754
338
25
271
9764
629
1824
283
313
85
535
338
735
343
11
343
303
498
16
11
17
15
15
13587
271
2381
1754
343
303
629
1824
11
567
599
328
2374
1
421
13518
3315
357
5435
343
321
3315
417
5435
343
13
271
1596
1144
310
1698
30152
1332
25
198
12
1690
1754
343
11
279
318
64
2200
11
292
2200
8
5576
369
2610
318
64
2200
478
292
2200
2564
20257
16042
2387
198
12
469
6281
2231
85
535
264
2200
835
220
15
5242
283
338
198
12
469
6281
2231
85
535
292
2200
835
220
15
5242
283
338
271
1919
369
264
220
17
35
3377
791
869
13
271
40
1683
353
1144
310
958
26312
9884
8686
888
279
469
6281
2876
13
271
34167
364
1754
338
25
198
220
6558
426
4205
2516
11
417
2516
8
283
1918
888
343
303
357
2516
11654
103
417
2516
314
318
3946
314
5337
310
9501
10672
310
357
321
417
364
869
343
11
2574
421
343
1902
381
303
357
2516
364
357
321
4979
417
2516
364
417
8
271
1919
369
3583
2166
6150
13
6558
728
1380
310
1353
364
264
5215
303
279
2526
9989
13
271
2381
498
16
11
17
11
18
11
19
60
283
220
16
15
25
198
6032
25
220
16
11
17
11
18
11
19
198
63020
469
6281
2663
25
220
16
11
17
11
18
11
19
271
9764
728
12867
660
2397
38127
12708
2303
321
836
469
6281
82
25
198
12
498
16
5491
469
6281
28
16
198
12
498
17
5491
469
6281
28
17
2228
12
498
18
5491
469
6281
28
18
198
12
498
19
5491
469
6281
28
19
198
12
498
16
11
17
5491
469
6281
28
16
198
12
498
16
11
18
5491
469
6281
28
16
198
12
498
16
11
19
5491
469
6281
28
16
198
12
498
17
11
18
5491
469
6281
28
16
198
12
498
17
11
19
5491
469
6281
28
17
198
12
498
18
11
19
5491
469
6281
28
16
198
12
498
16
11
17
11
18
5491
469
6281
28
16
198
12
498
16
11
17
11
19
5491
469
6281
28
16
198
12
498
16
11
18
11
19
5491
469
6281
28
16
198
12
498
248046
198
248045
846
198
7525
3555
4621
4490
279
6813
13
5514
579
279
1412
25
198
220
2793
34397
82558
15
67
64424
22
24
24856
6971
487
1500
220
22
15
198
262
471
8771
12708
2303
513
81859
413
781
1459
914
4191
866
14505
494
1510
25509
63
198
16754
6108
198
32769
1401
25
20848
49477
886
22419
318
18702
1514
506
1500
220
22
15
8
14200
1206
311
40138
11
411
369
678
3274
25
4310
279
2614
709
11618
321
4479
889
11
6999
4072
279
709
7246
321
1440
660
279
6813
13
2972
5683
4045
67305
3067
13209
50
159029
271
2523
1220
14623
279
1970
488
10490
303
264
64504
1970
2424
318
784
9609
31789
318
19458
668
31153
279
3889
5568
8
248046
198
248045
74455
198
248068
271
248069
271
9764
728
22903
279
3377
15060
321
944
1472
264
6093
13
271
332
67776
279
21397
64700
198
16
13
1165
1144
310
1423
13139
314
2397
38127
12708
2303
318
12877
16
11
12609
17
8
421
513
25
198
256
471
3957
31762
318
2083
4047
14505
8
198
256
471
11893
5951
469
6281
271
17
13
3301
1698
57844
220
16
15
61
24
478
220
22
271
332
1536
68563
64700
198
12189
307
36059
220
17
15
15
321
10001
957
60
36059
220
17
15
15
11
353
1144
449
10727
5313
13
6558
728
1683
883
411
1608
279
469
6281
5759
13
271
2381
1754
3102
469
6281
869
338
318
16
310
220
17
15
15
1590
198
12
4356
12708
2303
440
469
6281
6681
338
198
12
1921
567
1144
1070
310
381
81859
13139
271
760
8381
369
279
81859
2022
20908
13
6558
728
1683
20648
13
271
2381
1330
12708
2303
357
321
417
310
381
81859
11
781
958
2086
14505
13
1987
567
628
1683
314
424
430
25
364
1754
1857
585
11
424
628
381
303
357
11
303
417
11
466
303
13468
13
271
9764
728
958
279
2614
5313
25
198
12
1690
1754
338
494
220
17
15
15
1441
310
220
16
11
12204
1698
1824
283
1324
314
2397
38127
12708
2303
440
469
6281
6681
338
198
12
1921
567
1144
310
2605
364
81859
2022
271
50821
11
1042
728
37781
13
561
1328
19407
369
421
567
628
958
26312
9884
8686
466
30715
3018
383
279
2029
421
469
6281
2663
513
59056
13
271
9764
728
1683
883
411
777
15060
13
1690
264
8097
338
11
1042
326
1824
381
279
716
314
14505
1332
10001
957
60
369
72364
539
338
13
357
1146
15057
682
469
6281
6681
338
413
424
579
264
2397
38127
1146
15057
314
326
1824
6483
469
6281
369
6681
338
318
1856
264
5081
553
271
6820
364
13139
25
567
1144
1330
81859
2397
38127
12708
2303
2107
440
469
6281
6681
338
13
271
9764
728
958
279
2614
5313
25
198
12
1690
1754
338
11
1042
281
3163
8
283
1324
314
2397
38127
12708
2303
440
469
6281
6681
338
198
12
1921
411
3070
914
11969
81859
2022
271
40
1144
310
1683
883
411
20648
13
6558
728
2814
25
198
12
1690
1754
6505
318
32
11
417
8
314
81859
2397
38127
12708
2303
11
413
469
6281
4205
8
283
469
6281
5181
8
283
338
11
1179
2107
357
321
417
513
12708
2303
314
279
5255
72364
539
338
11
321
836
469
6281
82
513
6681
338
13
271
9764
728
958
25
364
1754
338
11
1698
279
1324
314
5337
310
4992
1330
81859
2397
38127
71970
314
14505
494
326
1824
1680
421
2107
599
469
6281
6681
338
13
271
1919
628
381
2725
1608
279
16988
314
26312
9884
8686
383
469
6281
2663
13
271
9764
728
6762
25
198
12
1690
264
716
314
14505
353
11
1042
426
8701
8
283
1324
314
2397
38127
71970
314
353
6483
469
6281
369
6681
1010
869
198
12
1165
1144
25
364
1754
338
11
2542
888
660
5337
310
16168
264
25162
1083
357
321
417
318
4104
31762
11
2107
2397
38127
8
1332
469
6281
4205
8
283
469
6281
5181
8
283
338
271
50821
11
353
12706
353
1220
958
25
198
12
6558
2702
3163
8
283
1324
314
2397
38127
12708
2303
440
469
6281
72364
539
338
318
72
1673
2487
469
6281
369
264
5081
314
338
8
198
12
6558
4581
3163
8
283
1324
314
2397
38127
12708
2303
440
469
6281
6681
338
271
11861
4581
3163
8
283
2702
3163
8
471
2542
314
4581
5781
8
364
660
62862
580
314
338
11
580
835
338
271
6820
364
279
6505
24217
440
81859
2022
25
198
2381
264
8097
338
11
1042
326
1824
283
313
72
535
338
735
10001
957
13587
198
760
1324
314
5337
310
4992
1330
81859
2397
38127
71970
357
11
417
494
326
1824
369
25
198
12
8618
2315
303
326
1824
628
381
303
357
11
303
417
11
466
303
13468
198
12
10342
30152
25
220
18
61
44576
50
1824
91
92
198
12
89999
4886
1332
357
369
4147
25
220
17
61
44576
50
1824
91
92
318
9264
2315
303
417
466
13468
8
198
12
89999
4886
1332
417
369
4147
25
220
17
61
44576
50
1824
91
92
198
12
2604
1142
1105
1332
2107
4147
25
220
16
198
12
1987
2702
81859
13139
283
220
18
61
44576
50
1824
91
92
471
220
17
9
17
61
44576
50
1824
91
92
478
220
16
271
3850
567
1144
469
6281
4205
8
283
338
3449
469
6281
5181
8
283
338
11
524
1066
421
2107
513
71970
314
326
1824
13
271
1919
369
1332
424
5055
32343
13
6558
728
958
26312
9884
8686
777
15060
13
271
2381
1754
338
11
6762
25
198
12
6558
264
1824
283
1324
314
2397
38127
71970
357
314
326
1824
440
469
6281
4205
8
283
338
198
12
1165
1144
310
1698
13139
318
32
11
417
8
1332
357
11
417
51245
228
326
1824
11
357
21033
102
33
28
21033
227
11
357
56999
254
21033
227
11
417
56999
254
21033
227
11
469
6281
4205
11393
70
11
469
6281
5181
11393
70
271
1919
16327
25
364
1754
357
440
469
6281
4205
11393
70
11
1698
279
1324
314
417
51245
228
326
1824
1088
357
440
469
6281
5181
11393
70
321
417
56999
254
21033
227
271
1919
369
1990
6150
13
6558
728
1380
264
2086
53041
13
271
9764
728
958
279
2029
421
364
1754
869
343
11
567
628
3627
1204
1599
10672
513
1429
13
271
50821
11
1042
728
1380
264
30715
5313
888
279
469
6281
2663
13
271
8160
579
821
35960
5313
25
198
16
13
1690
1754
338
494
220
17
15
15
1441
310
220
16
25
198
256
471
21902
4581
31439
60
283
1324
314
2397
38127
12708
2303
440
469
6281
6681
338
198
256
471
11747
25
2702
31439
60
283
220
17
46227
1767
15759
22348
3584
1824
92
471
220
16
318
6082
38127
71970
314
5255
72364
539
338
8
198
256
471
4581
31439
60
283
2702
31439
60
471
2542
5291
519
6521
60
364
580
421
513
62862
314
338
11
580
835
338
8
271
17
13
1690
279
6505
24217
440
81859
2022
11
353
12706
353
1144
310
1683
883
424
430
25
198
256
471
1690
1754
338
11
279
1324
314
2610
318
32
7904
8
13139
1332
2107
599
469
6281
6681
338
321
513
81859
271
9764
728
1683
883
411
1608
22440
5568
466
264
2086
62966
13
271
50821
11
353
1683
279
1328
369
25
364
1754
338
11
2814
660
5255
72364
539
338
13
1690
1330
81859
12708
2303
357
321
417
2107
3322
469
6281
6681
338
11
567
628
1683
314
424
430
25
198
12
357
369
264
2397
38127
25162
440
469
6281
6681
338
198
12
417
369
264
2397
38127
25162
314
279
22057
314
357
11
440
469
6281
6681
338
271
760
2702
1698
364
338
283
2542
888
660
2610
357
314
318
3946
314
417
51245
228
22057
4205
8
440
469
6281
5181
8
283
338
11
417
2397
38127
8
271
1919
369
2503
310
12204
5774
13
271
9764
728
1380
3482
2361
5313
25
958
279
16988
421
364
1754
338
11
279
4087
17973
369
5265
310
279
1324
314
5337
310
9501
1754
2315
318
596
22348
539
338
8
310
357
11
417
11
466
13468
11
1680
421
469
6281
4205
11393
70
321
469
6281
5181
11393
70
13
271
40
3172
958
26312
9884
8686
383
279
469
6281
20908
13
271
2381
264
8097
338
11
1042
326
381
279
2658
47535
314
2663
303
10001
421
513
72364
539
338
13
271
9764
426
3631
11
2100
8
283
1324
314
2397
38127
71970
314
326
440
469
6281
6681
2100
271
1596
1318
25
1324
314
13139
318
32
7904
8
1332
357
7904
51245
228
326
11
357
21033
102
33
28
21033
227
11
357
56999
254
21033
227
11
417
56999
254
21033
227
11
469
6281
4205
11393
70
11
469
6281
5181
11393
70
271
1919
16327
25
2542
14717
32
25
469
6281
4205
11393
70
11
357
56999
254
21033
227
92
426
3631
59
32
11
338
8
271
8791
426
3631
59
32
11
338
8
14159
2397
38127
71970
314
326
59
32
440
469
6281
6681
338
13
271
1919
369
1990
11064
13
271
21365
279
16484
11
1042
728
1380
310
4072
411
777
28750
13
353
3172
958
279
2029
421
2663
513
59056
539
220
17
15
15
13
271
9764
728
1380
411
5313
25
198
12
1690
1754
338
494
220
16
310
220
17
15
15
25
198
220
471
6558
20257
16042
60
283
1698
314
869
343
303
10001
1332
338
91
85
198
220
471
4543
11
364
1754
869
343
318
34493
314
338
681
567
9973
1204
1599
10672
708
310
357
11
417
11
466
13468
198
220
471
19182
279
469
6281
314
357
321
469
6281
314
417
198
220
471
5272
30715
1332
1528
369
318
88144
1511
11
43364
1609
8
321
567
1817
2663
271
760
1528
3433
364
43364
1511
321
43364
1609
369
506
1379
220
17
15
15
9
17
15
15
283
220
19
15
15
15
15
11
321
567
599
506
1379
220
17
15
15
12103
2663
13
1690
1754
869
343
440
1698
272
11
567
599
496
1290
61
17
8
5337
310
6507
1881
357
321
417
13
271
1919
2493
381
40803
25
220
17
15
15
2663
348
220
19
15
15
15
15
5134
348
496
1290
61
17
8
1332
272
369
279
1698
314
421
869
13
66753
1105
272
1362
381
220
17
15
15
11
748
272
61
17
283
220
19
15
15
15
15
11
6866
220
17
15
15
348
220
19
15
15
15
15
348
220
19
15
15
15
15
283
220
18
13
17
68
16
16
864
369
2166
6103
13
271
40
1144
264
2577
5313
13
271
9764
728
37781
13
8439
10001
957
60
36059
220
17
15
15
11
279
1324
314
12103
2663
369
506
1379
220
17
15
15
13
1541
364
1754
338
11
1132
2663
421
513
62862
314
338
4766
13
271
40
1683
279
10287
6093
5533
279
2029
421
567
628
12204
25
198
12
1690
1754
338
11
1698
1824
283
1324
314
2397
38127
12708
2303
440
469
6281
6681
338
198
12
1541
279
4087
17077
24217
13139
440
81859
2022
271
5836
777
3272
11
353
4267
279
4252
5313
369
25
271
2381
1754
338
11
1042
326
1824
381
279
716
314
14505
1332
338
62634
10001
957
906
198
760
1324
314
5337
310
4992
1330
81859
2397
38127
71970
357
11
417
494
326
1824
369
220
18
61
44576
50
1824
91
92
471
220
17
9
17
61
44576
50
1824
91
92
478
220
16
13
271
3850
567
1144
469
6281
4205
8
283
469
6281
5181
8
283
338
13
271
9764
728
958
25
364
1754
338
11
279
1324
314
13139
318
32
7904
8
81859
11
2397
38127
11
469
6281
4205
17399
70
11
469
6281
5181
17399
70
628
381
23424
11
1179
958
47057
7964
350
44935
13
271
50821
11
353
1683
353
3172
4072
264
6093
421
25
198
16
13
1690
1754
338
494
220
17
15
15
1441
310
220
16
11
12204
4581
1824
283
1324
314
2397
38127
12708
2303
440
469
6281
6681
338
198
17
13
1690
279
6505
24217
11
353
3172
958
279
19407
421
279
2702
4087
283
2542
888
338
314
318
3946
314
81859
13139
2107
440
469
6281
6681
338
8
271
2939
364
2923
220
17
11
353
3172
958
25
364
1754
338
11
1698
283
2542
888
660
5337
310
16168
5255
72364
539
338
1083
318
32
11
417
11
13468
8
1680
421
469
6281
4205
11393
70
321
469
6281
5181
11393
70
13
271
40
3172
4072
411
440
30715
888
2663
11
14419
469
6281
314
357
321
469
6281
314
417
13
271
9764
728
1970
411
685
25
271
71093
12305
198
1445
18904
1120
1697
198
1445
6673
1120
43364
198
1445
54572
1120
324
2585
11198
271
727
1698
5062
15057
35226
20449
25
1697
18078
2387
1411
514
25
198
262
18107
283
220
16
15
332
24
478
220
22
198
262
307
283
2343
20449
8
198
262
1866
5996
283
1866
20449
8
413
10001
745
220
15
6987
262
653
4356
11304
314
1754
869
198
262
20257
283
498
15
60
348
318
2721
5996
478
220
16
8
198
262
364
830
303
10001
25
198
285
20257
8065
60
1373
220
16
6987
262
653
4807
26808
13043
314
220
18
321
220
17
685
310
307
198
262
6660
18
283
498
16
60
348
318
77
478
220
16
8
198
262
6660
17
283
498
16
60
348
318
77
478
220
16
8
198
262
364
585
303
2020
7
16
11
307
478
220
16
1590
198
285
6660
18
957
60
283
6660
18
957
12
16
60
348
220
18
984
18107
198
285
6660
17
957
60
283
6660
17
957
12
16
60
348
220
17
984
18107
6987
262
653
1690
1754
338
11
567
3172
12204
279
1324
314
2610
318
32
7904
8
13139
198
262
653
1332
2107
599
469
6281
6681
338
321
513
81859
198
262
653
5272
30715
888
2663
6987
262
4087
283
220
15
6987
262
653
1690
1754
3102
469
6281
869
338
494
1866
5996
1441
310
220
16
198
262
364
338
303
2020
8474
5996
11
220
15
11
471
16
1590
198
285
653
19888
660
2663
421
513
62862
314
338
198
285
653
1690
1754
1680
869
343
11
567
599
20257
16042
60
10672
198
285
653
1165
1144
310
1698
30152
1332
1754
2880
5601
310
357
11
417
11
466
13468
198
285
653
1680
421
469
6281
4205
8
283
338
321
469
6281
5181
8
283
338
8675
285
653
30715
25
1528
369
318
88144
1511
11
43364
1609
8
198
285
653
56578
43364
1511
283
220
15
11
43364
1609
283
220
15
318
2083
5255
3482
8
198
285
653
3095
567
884
5255
310
357
11
491
1824
4243
1511
283
43364
3163
4243
1511
11
343
8
413
43364
1511
835
220
15
745
343
198
285
653
33105
364
417
8675
285
653
1165
1817
1754
869
343
421
369
264
5081
314
338
198
285
653
1690
869
343
440
1698
272
11
567
1144
310
4992
1204
1599
708
310
357
318
64
681
417
318
65
681
13468
318
66
7174
1402
8
198
285
653
264
2518
220
15
11
292
2518
220
15
11
264
33932
2564
272
198
285
653
1368
264
835
220
15
11
357
5055
869
343
11
748
43364
1511
8570
198
285
653
1368
292
835
220
15
11
417
5055
869
343
11
748
43364
1609
8570
8675
285
653
8736
30715
198
285
653
11002
31439
4243
4165
1404
88144
853
60
283
1324
314
5337
198
285
11002
283
4535
198
285
11002
9409
15
11
220
15
7025
283
220
16
8675
285
653
8340
1754
869
343
421
369
264
5081
314
338
198
285
343
283
338
198
285
1345
343
2564
1866
5996
25
198
309
272
283
20257
16042
60
198
309
413
272
835
220
15
25
198
388
491
52066
283
4535
198
388
364
318
6531
11
45446
681
1698
303
11002
9328
4406
198
493
653
1690
411
869
343
11
4992
264
10672
364
357
11
292
10672
364
417
198
493
653
264
478
292
2564
272
198
493
364
264
303
2020
1290
478
220
16
1590
198
646
364
292
303
2020
1290
478
220
16
471
264
1590
198
967
653
23472
1698
369
272
471
264
471
292
318
9628
220
15
8
198
967
653
5447
314
5337
25
351
1290
11
264
8
348
351
1290
7174
11
292
8
198
967
653
1921
567
628
12204
411
198
967
653
32645
11
279
1324
314
5337
310
4992
264
5255
364
357
321
292
364
417
494
272
18922
5255
198
967
653
369
25
413
264
410
15
321
292
410
15
25
220
16
198
967
653
413
264
29
15
11
292
410
15
25
351
1290
11
264
8
198
967
653
413
264
410
15
11
292
29
15
25
351
1290
11
292
8
2228
967
653
413
264
29
15
11
292
29
15
25
351
1290
11
264
8
348
351
1290
7174
11
292
8
198
24630
967
653
4807
26808
466
12204
3493
198
967
653
1690
14588
11
1042
579
12204
279
1698
198
967
5337
283
220
16
198
967
413
264
606
220
15
321
292
606
220
15
25
198
1335
5337
283
220
16
198
967
4265
264
835
220
15
321
292
606
220
15
25
198
1335
653
351
1290
11
264
8
198
1335
5337
283
220
16
198
1335
653
21902
351
1290
11
264
8
198
1335
653
8439
272
2564
220
17
15
15
11
567
628
12204
198
1335
1572
283
220
16
198
1335
3262
283
220
16
198
1335
364
585
303
2020
2784
1590
198
1855
1572
283
1572
348
318
66
471
585
8
984
18107
198
1855
3262
283
3262
348
318
72
478
220
16
8
984
18107
198
1335
5337
283
1572
348
6660
1446
268
11
18107
12
17
11
18107
8
984
18107
198
967
4265
264
606
220
15
321
292
835
220
15
25
198
1335
653
351
1290
11
292
8
198
1335
5337
283
220
16
198
1335
1572
283
220
16
198
1335
3262
283
220
16
198
1335
364
585
303
2020
1818
1590
198
1855
1572
283
1572
348
318
66
471
585
8
984
18107
198
1855
3262
283
3262
348
318
72
478
220
16
8
984
18107
198
1335
5337
283
1572
348
6660
1446
268
11
18107
12
17
11
18107
8
984
18107
198
967
745
25
198
1335
653
264
835
220
15
11
292
835
220
15
198
1335
653
351
1290
11
264
8
348
351
1290
7174
11
292
8
198
1335
5337
16
283
220
16
198
1335
1572
283
220
16
198
1335
3262
283
220
16
198
1335
364
585
303
2020
2784
1590
198
1855
1572
283
1572
348
318
66
471
585
8
984
18107
198
1855
3262
283
3262
348
318
72
478
220
16
8
984
18107
198
1335
5337
16
283
1572
348
6660
1446
268
11
18107
12
17
11
18107
8
984
18107
198
32527
1335
272
17
283
272
471
264
198
1335
5337
17
283
220
16
198
1335
413
292
835
220
15
321
272
17
835
220
15
25
198
1855
1572
283
220
16
198
1855
3262
283
220
16
198
1855
364
585
303
2020
1818
1590
198
2475
1572
283
1572
348
318
66
17
471
585
8
984
18107
198
2475
3262
283
3262
348
318
72
478
220
16
8
984
18107
198
1855
5337
17
283
1572
348
6660
1446
268
11
18107
12
17
11
18107
8
984
18107
198
1335
4265
292
606
220
15
25
198
1855
5337
17
283
220
16
198
1335
745
25
198
1855
5337
17
283
220
15
220
653
292
835
272
17
12752
914
3420
198
1335
5337
283
5337
16
348
5337
17
984
18107
198
24630
967
653
1478
469
6281
82
198
967
89940
283
43364
3163
64
11
343
8
413
13121
835
220
15
745
318
85
413
264
835
220
15
745
220
15
8
198
967
7531
65
283
43364
3163
65
11
343
8
413
45446
835
220
15
745
318
85
413
292
835
220
15
745
220
15
8
198
24630
967
653
13428
11
411
369
4808
13
1368
264
835
220
15
11
567
2224
7594
343
310
357
11
748
25
198
967
653
413
13121
606
220
15
11
89940
283
343
198
967
653
745
89940
283
43364
3163
64
11
343
8
198
967
653
33105
364
417
198
24630
967
653
32645
279
3294
369
4252
198
24630
967
491
3079
283
1698
348
5337
984
18107
198
967
1328
283
318
60424
11
7531
65
8
198
967
491
52066
7900
60
283
318
902
52066
652
4702
11
220
15
8
478
491
3079
8
984
18107
198
388
11002
283
491
52066
198
309
343
1373
338
8675
285
653
4486
8427
660
2663
11
567
1144
469
6281
4205
8
283
338
321
469
6281
5181
8
283
338
198
285
653
1541
2107
357
321
417
2397
38127
318
7949
369
5939
413
43364
835
220
15
8
198
285
1698
1824
283
11002
652
1148
70
11
338
681
220
15
8
198
285
4087
283
318
8944
478
1698
1824
8
984
18107
6987
262
460
4087
198
71093
271
13784
11
411
369
496
8474
5996
348
318
3946
314
62862
8
348
220
17
15
15
348
220
17
15
15
348
272
61
17
8
864
369
2166
6103
13
271
9764
728
37781
13
561
30715
1528
369
318
6531
11
45446
8
1332
13121
11
45446
628
381
685
310
220
17
15
15
11
748
220
17
15
15
9
17
15
15
283
220
19
15
15
15
15
5134
13
1690
1754
869
343
318
34493
314
338
681
567
28662
888
660
5134
321
364
1754
1528
11
567
599
496
1290
61
17
8
32480
13
2985
272
685
310
220
17
15
15
11
272
61
17
283
220
19
15
15
15
15
13
5447
314
2663
421
513
62862
314
338
369
506
1379
1866
5996
4691
13
1690
338
28
16
11
421
579
220
17
15
15
2663
13
1987
2702
25
220
17
15
15
348
220
19
15
15
15
15
348
220
19
15
15
15
15
283
220
18
13
17
68
16
16
791
338
11
321
220
17
15
15
2663
314
338
13
11801
2166
6103
13
271
40
1144
264
1691
2577
5313
13
6558
728
1683
1076
271
50821
11
353
12706
421
279
469
6281
1132
4203
948
567
1118
2830
264
869
11
321
16905
2663
440
279
1788
469
6281
1459
914
2222
424
13
1921
421
579
524
4847
1245
2892
13
271
9764
728
1380
264
6379
2086
5313
13
8439
307
36059
220
17
15
15
11
694
567
628
914
28662
888
660
220
17
83193
12708
2303
1076
271
13784
11
6970
353
1220
958
279
2029
421
279
4087
628
381
23424
430
25
198
2381
1754
338
11
1042
281
3163
8
283
1324
314
2397
38127
12708
2303
440
469
6281
6681
338
198
11861
279
1324
314
13139
318
32
11
417
8
81859
440
469
6281
4205
248046
198