248045
846
198
4274
279
2614
709
11618
321
4479
889
11
6999
4072
279
709
7246
321
1440
660
279
6813
13
2972
5683
4045
67305
3067
13209
50
159029
271
2523
1220
14623
279
1970
488
10490
303
264
64504
1970
2424
318
784
9609
31789
318
19458
668
31153
279
3889
5568
8
271
71093
198
1445
18904
1120
1697
1358
727
1866
10095
24515
25
1697
50246
18078
28649
1411
514
25
198
262
4071
15767
264
220
17
35
5979
314
6572
24959
11
3186
799
466
777
7515
1680
421
25
198
262
471
2233
1330
3955
7515
513
303
279
1788
2713
198
262
471
561
2663
303
279
3955
7515
513
4752
6987
262
3301
279
6966
2542
314
2663
488
628
10752
13
198
1031
262
17167
25
198
285
5646
25
357
220
17
35
1103
1332
220
16
2564
2343
24515
681
2343
24515
957
2387
2564
220
16
15
321
220
16
2564
5646
957
1404
73
60
2564
220
16
15
15
6987
262
11765
1866
10095
26247
16
11
17
11
18
14522
19
11
18
11
17
14522
16
11
16
11
16
28649
198
262
220
23
198
262
11765
1866
10095
26247
23
11
22
11
21
14522
23
11
18
11
17
28649
198
262
220
16
20
198
262
4071
271
727
1716
69574
1590
198
262
1992
8871
26247
16
11
17
11
18
14522
19
11
18
11
17
14522
16
11
16
11
16
28649
606
220
23
198
262
1992
8871
26247
23
11
22
11
21
14522
23
11
18
11
17
28649
606
220
16
20
198
262
1992
8871
26247
16
15
15
11
220
22
11
220
19
1089
498
24
24
11
220
23
11
220
19
1089
498
24
23
11
220
19
11
220
17
1089
498
24
22
11
220
20
11
220
16
1089
498
24
21
11
220
23
11
220
22
1089
498
24
20
11
220
16
11
220
16
15
1089
498
24
19
11
220
20
11
220
20
1089
498
24
18
11
220
19
11
220
18
1089
498
24
17
11
220
21
11
220
17
1089
498
24
16
11
220
16
15
11
220
22
28649
606
220
24
20
20
198
262
1992
8871
26247
16
20
11
22
11
16
15
11
21
14522
16
23
11
16
16
11
16
15
11
16
24
14522
17
11
16
16
11
16
17
11
16
23
28649
606
220
20
17
198
262
1992
8871
26247
16
20
11
22
11
17
11
16
15
14522
16
15
11
16
15
11
22
11
22
14522
22
11
16
23
11
16
18
11
16
18
28649
606
220
19
18
198
262
1992
8871
26247
18
11
220
17
11
220
19
11
220
20
11
220
16
1089
498
24
11
220
21
11
220
23
11
220
22
11
220
16
15
28649
606
220
16
20
198
262
1992
8871
26247
22
11
220
17
11
220
21
11
220
18
11
220
20
11
220
23
11
220
16
11
220
19
1089
498
24
11
220
16
18
11
220
16
20
11
220
16
19
11
220
16
16
11
220
16
21
11
220
16
15
11
220
16
17
1089
498
16
22
11
220
17
16
11
220
16
23
11
220
17
18
11
220
16
24
11
220
17
17
11
220
17
15
11
220
17
19
1089
498
18
17
11
220
17
20
11
220
17
21
11
220
17
22
11
220
17
23
11
220
17
24
11
220
18
16
11
220
18
15
1089
498
18
21
11
220
18
22
11
220
18
24
11
220
19
15
11
220
18
19
11
220
18
23
11
220
18
20
11
220
18
18
1089
498
19
21
11
220
19
22
11
220
19
17
11
220
19
18
11
220
19
20
11
220
19
16
11
220
19
23
11
220
19
19
28649
606
220
16
21
23
198
262
1992
8871
26247
16
21
11
16
23
14522
17
15
11
17
15
14522
16
23
11
16
23
14522
16
11
16
20
28649
606
220
22
15
198
262
1992
8871
26247
22
11
16
23
11
16
23
14522
17
11
17
15
11
17
14522
20
11
16
11
16
20
28649
606
220
20
18
198
262
1992
8871
26247
16
23
11
16
14522
16
15
11
16
18
28649
606
220
18
16
198
262
1992
8871
26247
23
19
11
220
16
1089
498
16
11
220
21
16
28649
606
220
16
19
20
198
262
1992
8871
26247
24
11
16
24
14522
16
16
11
18
28649
606
220
18
15
198
262
1992
8871
26247
16
20
11
16
20
11
24
11
16
20
28649
606
220
16
20
198
262
1992
8871
26247
16
18
11
16
19
11
16
19
14522
16
19
11
16
23
11
16
23
14522
17
15
11
16
19
11
17
15
14522
17
15
11
19
11
16
19
28649
606
220
21
20
198
262
1992
8871
26247
20
11
220
22
11
220
21
11
220
20
11
220
16
15
15
11
220
16
11
220
21
11
220
16
11
220
17
1089
498
21
11
220
16
11
220
23
11
220
18
11
220
22
11
220
21
11
220
18
11
220
22
11
220
18
1089
498
16
11
220
19
11
220
16
11
220
17
11
220
20
11
220
18
11
220
19
11
220
22
11
220
19
1089
498
20
11
220
21
11
220
21
11
220
21
11
220
20
11
220
16
15
11
220
16
11
220
22
11
220
20
1089
498
17
11
220
23
11
220
19
11
220
17
11
220
24
11
220
16
15
11
220
17
11
220
16
11
220
23
1089
498
16
11
220
18
11
220
16
11
220
19
11
220
24
11
220
20
11
220
16
15
11
220
21
11
220
23
1089
498
20
11
220
24
11
220
18
11
220
23
11
220
20
11
220
22
11
220
21
11
220
16
11
220
20
1089
498
16
15
11
220
24
11
220
23
11
220
22
11
220
21
11
220
24
11
220
23
11
220
22
11
220
18
28649
606
220
16
19
24
198
262
1992
8871
26247
22
11
21
14522
16
24
11
23
14522
16
20
11
22
28649
606
220
19
16
198
262
1992
8871
26247
17
11
220
16
11
220
20
11
220
19
11
220
18
1089
498
22
11
220
24
11
220
16
15
11
220
21
11
220
23
1089
498
16
18
11
220
16
17
11
220
16
19
11
220
16
16
11
220
16
20
1089
498
16
24
11
220
16
23
11
220
16
21
11
220
17
15
11
220
16
22
1089
498
17
19
11
220
17
18
11
220
17
17
11
220
17
16
11
220
17
20
1089
498
18
15
11
220
17
23
11
220
17
24
11
220
17
21
11
220
17
22
1089
498
18
20
11
220
18
16
11
220
18
19
11
220
18
17
11
220
18
18
1089
498
19
15
11
220
18
23
11
220
18
21
11
220
18
24
11
220
18
22
1089
498
19
17
11
220
19
18
11
220
19
16
11
220
19
20
11
220
19
19
1089
498
19
24
11
220
19
22
11
220
19
21
11
220
19
23
11
220
20
15
28649
606
220
17
22
20
198
262
1992
8871
26247
16
15
15
11
220
23
11
220
23
11
220
19
11
220
16
15
11
220
16
11
220
23
11
220
23
11
220
21
1089
498
24
24
11
220
19
11
220
22
11
220
22
11
220
19
11
220
19
11
220
22
11
220
18
11
220
24
1089
498
24
23
11
220
23
11
220
18
11
220
20
11
220
17
11
220
16
11
220
19
11
220
22
11
220
16
15
1089
498
24
22
11
220
21
11
220
16
15
11
220
18
11
220
21
11
220
16
15
11
220
18
11
220
17
11
220
23
28649
606
220
18
24
19
198
262
1992
8871
26247
17
24
11
18
19
11
18
20
11
18
22
11
19
18
11
24
15
14522
18
19
11
18
19
11
18
20
11
18
22
11
19
18
11
24
15
14522
18
20
11
18
20
11
18
20
11
18
22
11
19
18
11
24
15
14522
18
22
11
18
22
11
18
22
11
18
22
11
19
18
11
24
15
14522
19
18
11
19
18
11
19
18
11
19
18
11
19
18
11
24
15
14522
24
15
11
24
15
11
24
15
11
24
15
11
24
15
11
24
15
28649
606
220
17
21
23
198
262
1992
8871
26247
23
11
21
11
17
15
11
16
16
14522
16
21
11
16
21
11
24
11
16
16
28649
606
220
18
21
198
262
1992
8871
26247
19
11
20
11
21
11
22
14522
19
11
20
11
21
11
22
14522
16
11
17
11
18
11
23
14522
16
11
17
11
18
11
23
28649
606
220
17
19
198
262
1992
8871
26247
16
20
11
16
22
11
17
19
11
17
20
11
20
24
11
22
18
11
24
15
14522
16
22
11
16
22
11
17
19
11
17
20
11
20
24
11
22
18
11
24
15
14522
17
19
11
17
19
11
17
19
11
17
20
11
20
24
11
22
18
11
24
15
14522
17
20
11
17
20
11
17
20
11
17
20
11
20
24
11
22
18
11
24
15
14522
20
24
11
20
24
11
20
24
11
20
24
11
20
24
11
22
18
11
24
15
14522
22
18
11
22
18
11
22
18
11
22
18
11
22
18
11
22
18
11
24
15
14522
24
15
11
24
15
11
24
15
11
24
15
11
24
15
11
24
15
11
24
15
28649
606
220
18
15
18
198
262
1992
8871
26247
24
22
28649
606
220
24
22
198
262
1992
8871
26247
22
19
11
220
22
19
11
220
22
19
11
220
22
19
11
220
22
19
11
220
22
19
1089
498
22
19
11
220
22
19
11
220
22
19
11
220
22
19
11
220
22
19
11
220
22
19
1089
498
22
19
11
220
22
19
11
220
22
19
11
220
22
19
11
220
22
19
11
220
22
19
1089
498
22
19
11
220
22
19
11
220
22
19
11
220
22
19
11
220
22
19
11
220
22
19
28649
606
220
22
19
198
262
1992
8871
26247
16
11
220
17
11
220
18
11
220
19
11
220
20
11
220
21
11
220
22
11
220
23
11
220
24
11
220
16
15
1089
498
16
11
220
17
11
220
18
11
220
19
11
220
20
11
220
21
11
220
22
11
220
23
11
220
24
11
220
16
15
1089
498
16
11
220
17
11
220
18
11
220
19
11
220
20
11
220
21
11
220
22
11
220
23
11
220
24
11
220
16
15
1089
498
16
11
220
17
11
220
18
11
220
19
11
220
20
11
220
21
11
220
22
11
220
23
11
220
24
11
220
16
15
1089
498
16
11
220
17
11
220
18
11
220
19
11
220
20
11
220
21
11
220
22
11
220
23
11
220
24
11
220
16
15
1089
498
16
11
220
17
11
220
18
11
220
19
11
220
20
11
220
21
11
220
22
11
220
23
11
220
24
11
220
16
15
1089
498
16
11
220
17
11
220
18
11
220
19
11
220
20
11
220
21
11
220
22
11
220
23
11
220
24
11
220
16
15
1089
498
16
11
220
17
11
220
18
11
220
19
11
220
20
11
220
21
11
220
22
11
220
23
11
220
24
11
220
16
15
1089
498
16
11
220
17
11
220
18
11
220
19
11
220
20
11
220
21
11
220
22
11
220
23
11
220
24
11
220
16
15
1089
498
16
11
220
17
11
220
18
11
220
19
11
220
20
11
220
21
11
220
22
11
220
23
11
220
24
11
220
16
15
28649
606
220
20
20
198
262
1992
8871
26247
16
17
11
16
20
11
17
19
11
18
18
11
18
22
11
20
21
11
22
24
11
23
21
11
23
24
14522
16
20
11
16
20
11
17
19
11
18
18
11
18
22
11
20
21
11
22
24
11
23
21
11
23
24
14522
17
19
11
17
19
11
17
19
11
18
18
11
18
22
11
20
21
11
22
24
11
23
21
11
23
24
14522
18
18
11
18
18
11
18
18
11
18
18
11
18
22
11
20
21
11
22
24
11
23
21
11
23
24
14522
18
22
11
18
22
11
18
22
11
18
22
11
18
22
11
20
21
11
22
24
11
23
21
11
23
24
14522
20
21
11
20
21
11
20
21
11
20
21
11
20
21
11
20
21
11
22
24
11
23
21
11
23
24
14522
22
24
11
22
24
11
22
24
11
22
24
11
22
24
11
22
24
11
22
24
11
23
21
11
23
24
14522
23
21
11
23
21
11
23
21
11
23
21
11
23
21
11
23
21
11
23
21
11
23
21
11
23
24
14522
23
24
11
23
24
11
23
24
11
23
24
11
23
24
11
23
24
11
23
24
11
23
24
11
23
24
28649
606
220
19
18
16
198
262
1992
8871
26247
16
15
11
220
20
11
220
23
11
220
21
1089
498
16
11
220
18
11
220
16
11
220
22
1089
498
17
11
220
16
11
220
24
11
220
22
28649
606
220
17
21
198
262
1992
8871
26247
24
14522
17
15
28649
606
220
17
24
198
262
1992
8871
26247
17
11
220
17
15
11
220
18
23
1089
498
19
19
11
220
23
11
220
19
15
1089
498
16
19
11
220
18
11
220
18
1089
498
17
22
11
220
18
20
11
220
17
16
1089
498
18
15
11
220
16
19
11
220
16
20
28649
606
220
16
21
16
198
262
1992
8871
26247
19
11
220
18
1089
498
17
11
220
16
28649
606
220
21
198
262
1992
8871
26247
16
15
15
11
24
24
11
24
23
11
24
22
11
24
21
11
24
20
11
24
19
11
24
18
11
24
17
11
24
16
14522
24
24
11
24
23
11
24
22
11
24
21
11
24
20
11
24
19
11
24
18
11
24
17
11
24
16
11
24
15
14522
24
23
11
24
22
11
24
21
11
24
20
11
24
19
11
24
18
11
24
17
11
24
16
11
24
15
11
23
24
14522
24
22
11
24
21
11
24
20
11
24
19
11
24
18
11
24
17
11
24
16
11
24
15
11
23
24
11
23
23
14522
24
21
11
24
20
11
24
19
11
24
18
11
24
17
11
24
16
11
24
15
11
23
24
11
23
23
11
23
22
14522
24
20
11
24
19
11
24
18
11
24
17
11
24
16
11
24
15
11
23
24
11
23
23
11
23
22
11
23
21
14522
24
19
11
24
18
11
24
17
11
24
16
11
24
15
11
23
24
11
23
23
11
23
22
11
23
21
11
23
20
14522
24
18
11
24
17
11
24
16
11
24
15
11
23
24
11
23
23
11
23
22
11
23
21
11
23
20
11
23
19
14522
24
17
11
24
16
11
24
15
11
23
24
11
23
23
11
23
22
11
23
21
11
23
20
11
23
19
11
23
18
14522
24
16
11
24
15
11
23
24
11
23
23
11
23
22
11
23
21
11
23
20
11
23
19
11
23
18
11
23
17
28649
606
220
24
20
20
198
262
1992
8871
26247
16
17
11
16
17
14522
19
11
19
14522
16
17
11
16
17
28649
606
220
16
21
198
262
1992
8871
26247
21
11
16
15
28649
606
220
16
15
198
262
1992
8871
26247
24
11
22
22
14522
22
22
11
22
22
28649
606
220
23
21
198
262
1992
8871
26247
16
24
11
16
23
14522
16
11
16
19
14522
19
11
16
19
28649
606
220
18
22
198
262
1992
8871
26247
24
15
11
21
24
11
17
18
11
21
21
11
23
18
11
21
20
11
24
22
11
22
24
11
17
18
11
19
17
14522
24
20
11
18
11
20
17
11
24
24
11
20
18
11
17
22
11
23
23
11
16
23
11
22
15
11
23
15
14522
17
20
11
19
22
11
20
15
11
17
15
11
17
11
19
20
11
20
19
11
16
15
15
11
21
21
11
17
16
14522
22
18
11
19
23
11
20
18
11
24
22
11
18
24
11
22
19
11
18
11
16
23
11
22
23
11
22
14522
24
23
11
23
17
11
21
24
11
16
24
11
19
18
11
18
24
11
17
24
11
23
11
24
22
11
17
20
14522
24
19
11
22
23
11
24
19
11
17
11
19
24
11
22
11
21
16
11
18
24
11
23
16
11
19
19
14522
23
17
11
18
17
11
22
15
11
22
11
16
15
15
11
20
22
11
22
16
11
16
19
11
16
15
15
11
20
21
14522
19
23
11
20
23
11
23
22
11
18
15
11
18
18
11
20
21
11
19
20
11
17
15
11
19
22
11
22
21
14522
21
18
11
23
22
11
16
20
11
16
22
11
21
21
11
24
21
11
23
22
11
16
15
11
17
20
11
17
21
14522
24
22
11
21
23
11
23
24
11
17
15
11
17
17
11
21
18
11
24
20
11
20
15
11
24
22
11
24
18
28649
606
220
24
18
23
198
262
1992
8871
26247
18
11
24
11
17
15
11
18
22
11
19
19
14522
24
11
24
11
17
15
11
18
22
11
19
19
14522
17
15
11
17
15
11
17
15
11
18
22
11
19
19
14522
18
22
11
18
22
11
18
22
11
18
22
11
19
19
14522
19
19
11
19
19
11
19
19
11
19
19
11
19
19
28649
606
220
16
16
18
198
262
1992
8871
26247
16
11
220
16
11
220
16
11
220
16
11
220
16
11
220
16
11
220
16
11
220
16
11
220
16
11
220
16
1089
498
17
11
220
17
11
220
17
11
220
17
11
220
17
11
220
17
11
220
17
11
220
17
11
220
17
11
220
17
1089
498
18
11
220
18
11
220
18
11
220
18
11
220
18
11
220
18
11
220
18
11
220
18
11
220
18
11
220
18
1089
498
19
11
220
19
11
220
19
11
220
19
11
220
19
11
220
19
11
220
19
11
220
19
11
220
19
11
220
19
1089
498
20
11
220
20
11
220
20
11
220
20
11
220
20
11
220
20
11
220
20
11
220
20
11
220
20
11
220
20
1089
498
21
11
220
21
11
220
21
11
220
21
11
220
21
11
220
21
11
220
21
11
220
21
11
220
21
11
220
21
1089
498
22
11
220
22
11
220
22
11
220
22
11
220
22
11
220
22
11
220
22
11
220
22
11
220
22
11
220
22
1089
498
23
11
220
23
11
220
23
11
220
23
11
220
23
11
220
23
11
220
23
11
220
23
11
220
23
11
220
23
1089
498
24
11
220
24
11
220
24
11
220
24
11
220
24
11
220
24
11
220
24
11
220
24
11
220
24
11
220
24
1089
498
16
15
11
220
16
15
11
220
16
15
11
220
16
15
11
220
16
15
11
220
16
15
11
220
16
15
11
220
16
15
11
220
16
15
11
220
16
15
28649
606
220
20
20
198
262
1992
8871
26247
20
14522
17
14522
16
20
28649
606
220
17
17
198
262
1992
8871
26247
17
17
11
220
17
17
11
220
17
17
11
220
17
17
11
220
17
17
11
220
17
17
11
220
17
17
1089
498
17
17
11
220
17
17
11
220
17
17
11
220
17
17
11
220
17
17
11
220
17
17
11
220
17
17
1089
498
17
17
11
220
17
17
11
220
17
17
11
220
17
17
11
220
17
17
11
220
17
17
11
220
17
17
1089
498
17
17
11
220
17
17
11
220
17
17
11
220
17
17
11
220
17
17
11
220
17
17
11
220
17
17
1089
498
17
17
11
220
17
17
11
220
17
17
11
220
17
17
11
220
17
17
11
220
17
17
11
220
17
17
1089
498
17
17
11
220
17
17
11
220
17
17
11
220
17
17
11
220
17
17
11
220
17
17
11
220
17
17
1089
498
17
17
11
220
17
17
11
220
17
17
11
220
17
17
11
220
17
17
11
220
17
17
11
220
17
17
1089
498
17
17
11
220
17
17
11
220
17
17
11
220
17
17
11
220
17
17
11
220
17
17
11
220
17
17
1089
498
17
17
11
220
17
17
11
220
17
17
11
220
17
17
11
220
17
17
11
220
17
17
11
220
17
17
28649
606
220
17
17
198
262
1992
8871
26247
16
16
11
17
21
11
20
22
14522
17
21
11
17
21
11
20
22
14522
20
22
11
20
22
11
20
22
28649
606
220
24
19
198
262
1992
8871
26247
16
11
19
11
16
23
11
18
16
11
19
17
11
19
19
11
20
15
11
21
18
11
23
18
11
23
21
14522
19
11
19
11
16
23
11
18
16
11
19
17
11
19
19
11
20
15
11
21
18
11
23
18
11
23
21
14522
16
23
11
16
23
11
16
23
11
18
16
11
19
17
11
19
19
11
20
15
11
21
18
11
23
18
11
23
21
14522
18
16
11
18
16
11
18
16
11
18
16
11
19
17
11
19
19
11
20
15
11
21
18
11
23
18
11
23
21
14522
19
17
11
19
17
11
19
17
11
19
17
11
19
17
11
19
19
11
20
15
11
21
18
11
23
18
11
23
21
14522
19
19
11
19
19
11
19
19
11
19
19
11
19
19
11
19
19
11
20
15
11
21
18
11
23
18
11
23
21
14522
20
15
11
20
15
11
20
15
11
20
15
11
20
15
11
20
15
11
20
15
11
21
18
11
23
18
11
23
21
14522
21
18
11
21
18
11
21
18
11
21
18
11
21
18
11
21
18
11
21
18
11
21
18
11
23
18
11
23
21
14522
23
18
11
23
18
11
23
18
11
23
18
11
23
18
11
23
18
11
23
18
11
23
18
11
23
18
11
23
21
14522
23
21
11
23
21
11
23
21
11
23
21
11
23
21
11
23
21
11
23
21
11
23
21
11
23
21
11
23
21
28649
606
220
19
17
17
271
2
5272
1716
8474
10095
8
310
1542
6813
13
198
71093
248046
198
248045
74455
198
248068
271
248069
271
21765
506
411
3377
11
353
1144
310
25
198
16
13
8167
7515
494
279
5646
1680
421
874
1330
513
303
279
1788
2713
198
17
13
561
3955
2663
1902
381
4752
198
18
13
7252
11514
279
2542
271
1919
369
15327
264
11096
314
279
15840
3377
1332
353
1144
310
3608
506
1379
799
869
791
2713
11
660
2663
1902
381
12103
11
321
353
1318
310
33363
279
2542
13
271
9764
728
1683
1472
279
5313
25
198
12
1690
1754
2713
11
353
628
3608
866
799
869
318
269
10390
279
2713
8
198
12
561
2663
353
3608
3808
660
6761
1902
381
4752
198
12
353
1318
310
33363
279
2702
2542
271
1919
628
381
27050
1608
8476
15019
466
1142
43075
11
694
2574
279
16484
318
4064
685
310
220
16
15
87
16
15
11
2663
220
16
12
16
15
15
681
353
628
958
264
87828
30715
5313
1332
279
87828
10551
864
2663
599
978
1429
13
271
50821
11
2394
2663
513
1881
220
16
321
220
16
15
15
11
321
567
628
599
506
1379
220
16
15
6761
11
567
628
958
264
2086
5313
25
198
12
5272
54489
57925
43075
440
20781
1954
198
12
2441
958
264
54102
5313
440
27355
271
13784
11
1042
728
37781
13
561
1328
19407
369
421
567
1318
310
3186
264
716
314
4752
2663
11
506
1379
799
791
2713
11
84171
279
2542
13
1061
369
4283
310
279
328
37890
4528
27936
461
614
12219
1
3377
13
271
9764
728
1683
314
424
430
25
567
599
6761
321
2663
13
1690
1754
2713
11
567
628
9501
424
310
866
869
421
7701
303
421
2713
13
1165
1318
310
33363
279
2542
314
12244
2663
11
440
1754
869
1429
506
1379
2957
13
271
1919
369
264
6966
4528
27936
461
614
12219
3377
0
59624
383
799
3008
11
2663
383
279
975
11
12454
35604
539
279
869
4924
318
331
279
869
7701
303
421
2713
553
271
21365
279
2526
16484
318
446
310
220
16
15
6761
11
2663
220
16
12
16
15
15
681
353
628
958
279
54871
11767
466
4777
1142
43075
13
271
9764
728
958
1142
43075
440
20781
1954
13
561
1528
628
381
318
633
3442
11
716
3456
26900
8873
553
1921
2394
2663
708
685
310
220
16
15
15
11
279
716
1362
381
3349
13
4213
11
567
1132
2373
883
864
2663
494
220
16
12
16
15
15
513
1429
11
321
567
599
506
1379
220
16
15
6761
11
748
506
1379
220
16
15
2663
513
1429
13
271
40
3172
958
264
29812
5313
440
20781
1954
1332
279
1528
369
279
1428
2713
321
264
12431
17991
294
314
1429
2663
13
271
71093
12305
198
1445
18904
1120
1697
198
1445
54572
1120
324
2585
11198
271
727
1866
10095
24515
25
1697
50246
18078
28649
1411
514
25
198
262
4071
15767
264
220
17
35
5979
314
6572
24959
11
3186
799
466
777
7515
1680
421
25
198
262
471
2233
1330
3955
7515
513
303
279
1788
2713
198
262
471
561
2663
303
279
3955
7515
513
4752
6987
262
3301
279
6966
2542
314
2663
488
628
10752
13
198
1031
262
17167
25
198
285
5646
25
357
220
17
35
1103
1332
220
16
2564
2343
24515
681
2343
24515
957
2387
2564
220
16
15
321
220
16
2564
5646
957
1404
73
60
2564
220
16
15
15
6987
262
11765
1866
10095
26247
16
11
17
11
18
14522
19
11
18
11
17
14522
16
11
16
11
16
28649
198
262
220
23
198
262
11765
1866
10095
26247
23
11
22
11
21
14522
23
11
18
11
17
28649
198
262
220
16
20
198
262
4071
198
262
307
10630
283
2343
24515
8
198
1031
262
554
75
2585
11198
8474
2073
5675
8
198
262
687
24971
7587
7031
11
1429
8873
1590
198
285
413
2713
7031
606
307
10630
25
198
309
460
220
15
8675
285
653
6743
220
16
25
24963
411
2713
198
285
1786
283
24971
7587
7031
478
220
16
11
1429
8873
8
198
1726
285
653
6743
220
17
25
9446
1754
4752
869
303
411
2713
198
285
364
1009
303
716
24515
16469
7031
23556
198
309
413
1009
524
303
1429
8873
25
198
388
491
26900
283
1429
8873
478
318
805
44484
198
388
8871
283
1009
478
24971
7587
7031
478
220
16
11
491
26900
8
198
388
1786
283
1866
57417
11
8871
8
198
1726
285
460
1786
6987
262
460
24971
7
15
11
43004
198
71093
271
13784
11
353
2688
1608
264
13992
364
1510
2506
8873
63
864
369
5010
470
364
324
2585
11198
13
6558
728
9845
411
4138
12083
13
271
9764
728
11319
1472
279
9989
25
198
12
1510
15050
16
11
17
11
18
14522
19
11
18
11
17
14522
16
11
16
11
16
4891
43143
1165
628
3608
220
18
494
2713
220
15
11
220
19
494
2713
220
16
11
321
567
628
914
3608
220
16
494
2713
220
17
318
39013
1144
4752
11
694
567
2582
2493
599
12405
1076
3655
11
220
16
369
4752
413
524
12405
1518
553
6558
728
1683
25
3608
220
18
318
633
220
15
681
220
19
318
633
220
16
681
220
16
318
633
220
17
8
283
220
23
13
7179
0
198
12
1510
15050
23
11
22
11
21
14522
23
11
18
11
17
4891
43143
19123
220
22
318
633
220
15
681
220
23
318
633
220
16
8
283
220
16
20
11
466
220
23
318
633
220
15
681
220
18
318
633
220
16
8
283
220
16
16
11
466
220
22
318
633
220
15
681
220
17
318
633
220
16
8
283
220
24
11
4831
13
6886
369
220
16
20
13
271
760
5313
5686
4252
13
6558
728
52275
424
13
271
71093
12305
198
1445
18904
1120
1697
198
1445
54572
1120
324
2585
11198
1358
727
1866
10095
24515
25
1697
50246
18078
28649
1411
514
25
198
262
4071
15767
264
220
17
35
5979
314
6572
24959
11
3186
799
466
777
7515
1680
421
25
198
262
471
2233
1330
3955
7515
513
303
279
1788
2713
198
262
471
561
2663
303
279
3955
7515
513
4752
6987
262
3301
279
6966
2542
314
2663
488
628
10752
13
198
1031
262
17167
25
198
285
5646
25
357
220
17
35
1103
1332
220
16
2564
2343
24515
681
2343
24515
957
2387
2564
220
16
15
321
220
16
2564
5646
957
1404
73
60
2564
220
16
15
15
6987
262
11765
1866
10095
26247
16
11
17
11
18
14522
19
11
18
11
17
14522
16
11
16
11
16
28649
198
262
220
23
198
262
11765
1866
10095
26247
23
11
22
11
21
14522
23
11
18
11
17
28649
198
262
220
16
20
198
262
4071
198
262
307
10630
283
2343
24515
8
198
1031
262
554
75
2585
11198
8474
2073
5675
8
198
262
687
24971
7587
7031
25
514
11
1429
8873
25
13992
8
1411
514
25
198
285
413
2713
7031
606
307
10630
25
198
309
460
220
15
8675
285
653
6743
220
16
25
24963
411
2713
198
285
1786
283
24971
7587
7031
478
220
16
11
1429
8873
8
198
1726
285
653
6743
220
17
25
9446
1754
4752
869
303
411
2713
198
285
364
1009
303
716
24515
16469
7031
23556
198
309
413
1009
524
303
1429
8873
25
198
388
491
26900
283
1429
8873
478
318
805
44484
198
388
8871
283
1009
478
24971
7587
7031
478
220
16
11
491
26900
8
198
388
1786
283
1866
57417
11
8871
8
198
1726
285
460
1786
6987
262
460
24971
7
15
11
43004
198
71093
248046
198
248045
846
198
7525
3555
4621
4490
279
6813
13
5514
579
279
1412
25
198
220
2793
34397
37
71
16849
34
77
33
85
15716
6971
487
1500
220
21
19
198
262
13428
11
353
2688
1608
264
13992
364
1510
2506
8873
63
864
369
5010
470
364
324
2585
11198
13
6558
728
9845
411
4138
12083
13
198
1779
6108
198
32769
1401
25
20848
49477
886
22419
318
18702
1514
506
1500
220
21
19
8
14200
1206
311
40138
11
411
369
678
3274
25
4310
279
2614
709
11618
321
4479
889
11
6999
4072
279
709
7246
321
1440
660
279
6813
13
2972
5683
4045
67305
3067
13209
50
159029
271
2523
1220
14623
279
1970
488
10490
303
264
64504
1970
2424
318
784
9609
31789
318
19458
668
31153
279
3889
5568
8
248046
198
248045
74455
198
248068
271
248069
271
71093
12305
198
1445
18904
1120
1697
198
1445
54572
1120
324
2585
11198
1358
727
1866
10095
24515
25
1697
50246
18078
28649
1411
514
25
198
262
4071
15767
264
220
17
35
5979
314
6572
24959
11
3186
799
466
777
7515
1680
421
25
198
262
471
2233
1330
3955
7515
513
303
279
1788
2713
198
262
471
561
2663
303
279
3955
7515
513
4752
6987
262
3301
279
6966
2542
314
2663
488
628
10752
13
198
1031
262
17167
25
198
285
5646
25
357
220
17
35
1103
1332
220
16
2564
2343
24515
681
2343
24515
957
2387
2564
220
16
15
321
220
16
2564
5646
957
1404
73
60
2564
220
16
15
15
6987
262
11765
1866
10095
26247
16
11
17
11
18
14522
19
11
18
11
17
14522
16
11
16
11
16
28649
198
262
220
23
198
262
11765
1866
10095
26247
23
11
22
11
21
14522
23
11
18
11
17
28649
198
262
220
16
20
198
262
4071
198
262
307
10630
283
2343
24515
8
198
1031
262
554
75
2585
11198
8474
2073
5675
8
198
262
687
24971
7587
7031
25
514
11
1429
8873
25
13992
8
1411
514
25
198
285
413
2713
7031
606
307
10630
25
198
309
460
220
15
8675
285
653
6743
220
16
25
24963
411
2713
198
285
1786
283
24971
7587
7031
478
220
16
11
1429
8873
8
198
1726
285
653
6743
220
17
25
9446
1754
4752
869
303
411
2713
198
285
364
1009
303
716
24515
16469
7031
23556
198
309
413
1009
524
303
1429
8873
25
198
388
491
26900
283
1429
8873
478
318
805
44484
198
388
8871
283
1009
478
24971
7587
7031
478
220
16
11
491
26900
8
198
388
1786
283
1866
57417
11
8871
8
198
1726
285
460
1786
6987
262
460
24971
7
15
11
43004
198
71093
248046
198