248045
846
198
4274
279
2614
709
11618
321
4479
889
11
6999
4072
279
709
7246
321
1440
660
279
6813
13
2972
5683
4045
67305
3067
13209
50
159029
271
2523
1220
14623
279
1970
488
10490
303
264
64504
1970
2424
318
784
9609
31789
318
19458
668
31153
279
3889
5568
8
271
71093
198
727
1866
95667
6406
11331
15476
1104
25
592
11
580
25
514
8
1411
514
25
198
262
4071
15767
264
886
274
321
449
7308
580
11
7995
279
6966
1324
314
45127
3102
198
262
1238
44007
9722
506
1379
799
3542
303
274
310
2361
40657
6321
13
198
1031
262
561
16168
286
1817
4138
430
10695
25
198
262
471
21513
279
21354
8978
314
274
8222
506
1379
580
12103
5587
198
262
471
10466
411
8978
318
1767
286
430
799
16168
8
198
262
471
43311
2980
274
369
4147
6987
262
17167
25
198
285
274
25
357
886
29607
314
40657
6163
11592
318
16
2564
2343
1104
8
2564
220
16
15
61
19
8
198
285
580
25
25749
1324
314
12103
5587
5252
303
1754
16168
318
16
2564
580
2564
220
17
21
8
198
1031
262
5019
25
198
285
561
6966
1324
314
45127
85116
1238
7314
722
9722
506
1379
799
3542
6987
262
11765
1866
95667
6406
11331
15476
482
565
23668
504
220
17
8
198
262
220
18
198
262
11765
1866
95667
6406
11331
15476
482
64
11663
365
504
220
18
8
198
262
220
16
198
262
11765
1866
95667
6406
11331
15476
482
87
27912
504
220
16
8
198
262
220
19
198
262
4071
271
727
1716
69574
1590
198
262
653
3284
4886
494
9989
198
262
1992
8871
482
565
23668
504
220
17
8
606
220
18
198
262
1992
8871
482
64
11663
365
504
220
18
8
606
220
16
198
262
1992
8871
482
87
27912
504
220
16
8
606
220
19
6987
262
653
22484
1228
4886
198
262
1992
8871
482
13290
442
504
220
20
8
606
220
16
198
262
1992
8871
482
27528
5137
504
220
17
8
606
220
16
198
262
1992
8871
482
86
42419
74869
504
220
20
8
606
220
18
198
262
1992
8871
482
68
823
10090
20344
504
220
16
8
606
220
23
198
262
1992
8871
482
26985
25736
46738
504
220
18
8
606
220
18
198
262
1992
8871
482
33811
73
46751
342
80
504
220
20
8
606
220
17
198
262
1992
8871
482
68
331
231416
13336
9348
504
220
22
8
606
220
17
198
262
1992
8871
482
66
9415
89
7107
6995
12741
504
220
18
8
606
220
19
198
262
1992
8871
482
34445
22287
13290
87
38764
504
220
16
8
606
220
16
15
271
2
5272
1716
8474
95667
6406
11331
15476
8
310
1542
6813
13
198
71093
248046
198
248045
74455
198
248068
271
248069
271
71093
12305
198
727
1866
95667
6406
11331
15476
1104
25
592
11
580
25
514
8
1411
514
25
198
262
4071
15767
264
886
274
321
449
7308
580
11
7995
279
6966
1324
314
45127
3102
198
262
1238
44007
9722
506
1379
799
3542
303
274
310
2361
40657
6321
13
198
1031
262
561
16168
286
1817
4138
430
10695
25
198
262
471
21513
279
21354
8978
314
274
8222
506
1379
580
12103
5587
198
262
471
10466
411
8978
318
1767
286
430
799
16168
8
198
262
471
43311
2980
274
369
4147
6987
262
17167
25
198
285
274
25
357
886
29607
314
40657
6163
11592
318
16
2564
2343
1104
8
2564
220
16
15
61
19
8
198
285
580
25
25749
1324
314
12103
5587
5252
303
1754
16168
318
16
2564
580
2564
220
17
21
8
198
1031
262
5019
25
198
285
561
6966
1324
314
45127
85116
1238
7314
722
9722
506
1379
799
3542
6987
262
11765
1866
95667
6406
11331
15476
482
565
23668
504
220
17
8
198
262
220
18
198
262
11765
1866
95667
6406
11331
15476
482
64
11663
365
504
220
18
8
198
262
220
16
198
262
11765
1866
95667
6406
11331
15476
482
87
27912
504
220
16
8
198
262
220
19
198
262
4071
198
262
307
283
2343
1104
8
198
1031
262
687
1698
95667
1117
25
592
8
1411
514
25
198
285
4071
2427
279
1324
314
45127
364
886
259
1608
279
54102
5728
71483
198
285
1698
283
220
15
198
285
585
283
220
15
198
285
1345
585
361
2343
1117
1590
198
309
653
7145
279
21354
8978
5732
506
585
440
506
1379
580
12103
5587
198
309
12103
283
716
363
198
309
492
283
585
198
309
1345
492
361
2343
1117
8
321
2343
34973
7554
8
2564
580
25
198
388
12103
1316
1117
3681
2387
198
388
492
1373
220
16
198
309
653
492
369
1381
506
279
1118
2234
1332
12103
1000
12131
580
318
269
809
314
886
8
198
309
653
561
16168
369
494
585
310
492
12
16
198
309
1698
1373
220
16
198
309
585
283
492
198
285
460
1698
6987
262
653
9446
874
2222
198
262
1786
283
1698
95667
1104
8
198
1031
262
653
9446
9722
1754
3542
310
1754
975
6321
198
262
653
1921
567
628
381
44926
25
364
1754
2234
11
1380
9722
310
5587
421
2493
1438
198
262
653
4213
11
61934
5176
888
9599
348
220
17
21
5587
2493
381
496
1393
61
17
348
220
17
21
8
864
364
307
28
16
15
61
19
369
220
16
15
61
19
348
220
17
21
348
220
16
15
61
19
283
2166
6103
6987
262
653
6558
579
1683
777
15060
13
561
1698
95667
709
369
496
1393
8
791
1562
13
198
262
653
1165
599
307
9599
321
220
17
20
975
5587
1754
11
748
220
17
20
23238
6526
11
1754
496
1393
681
2702
496
7
17
20
23238
61
17
8
283
220
17
20
348
220
16
15
61
23
283
2166
6103
13
198
1031
262
653
1165
1144
264
777
10727
5313
13
198
1031
262
653
6558
579
1683
883
948
9722
264
3542
8346
13
198
262
653
357
2222
8346
413
424
24469
279
1324
314
12103
5587
303
1010
8978
11
10377
4860
45127
11
198
262
653
466
424
39129
264
16168
303
264
1560
421
12339
279
2702
1698
13
198
1031
262
653
32645
11
1042
579
37781
13
561
1328
19407
369
421
9722
799
3542
628
1132
7556
279
16168
22005
198
262
653
303
1141
50976
13
6558
579
1380
264
2086
5313
13
198
1031
262
653
1690
1754
2234
585
11
1380
9722
274
957
60
310
1754
3542
272
318
66
931
274
957
10381
198
262
653
1921
567
628
28476
25
364
264
2574
2234
585
11
1092
5587
513
5621
4313
30
198
262
653
561
3542
421
1000
381
1379
22957
369
4222
799
421
25
198
262
653
220
16
13
2091
2582
303
279
1428
16168
318
951
7698
12103
1698
8
198
262
653
220
17
13
2441
8798
5587
303
23194
45127
6987
262
653
32645
11
1042
579
1066
1380
660
220
17
21
5587
364
1754
2234
694
28476
279
1698
95667
1562
13
198
262
653
8439
307
628
381
685
310
220
16
15
61
19
11
220
16
15
61
19
348
220
17
21
283
220
17
13
21
348
220
16
15
61
20
6526
310
1698
95667
11
1754
496
1393
8
283
220
16
15
61
19
11
2702
220
17
13
21
348
220
16
15
61
24
864
369
2166
6103
303
12654
13
198
1031
262
653
6558
579
1683
20648
13
3095
567
2222
799
3542
506
2234
585
11
1204
1503
424
7556
279
16168
286
30
198
262
653
561
16168
286
369
54102
25
567
1831
279
21354
8978
440
506
1379
580
12103
22283
13
198
262
653
48483
274
957
60
310
272
20843
279
12103
3542
716
364
866
8978
421
5469
2234
585
13
198
1031
262
653
6558
728
1380
264
2086
8024
25
364
1754
3102
2222
318
3374
11
491
8959
681
36213
279
16168
286
198
262
653
694
1387
3988
413
279
1698
2582
34105
279
1786
321
567
2908
5642
279
5324
2234
579
16168
13
198
1031
262
653
32645
11
1042
579
1066
4072
424
440
3988
33265
321
1436
413
424
579
4778
3213
13
198
1031
262
1786
283
1698
95667
1104
8
198
1031
262
364
585
303
2020
1393
1590
198
285
3889
8959
283
274
957
60
198
285
364
272
303
359
65234
1170
198
309
413
272
606
3889
8959
25
198
388
2962
198
309
653
4091
10490
886
198
309
259
283
274
3337
72
60
478
272
478
274
957
10
16
27365
198
309
1698
283
220
15
198
309
492
283
220
15
198
309
1345
492
361
307
25
198
388
12103
283
716
363
198
388
809
283
492
198
388
1345
809
361
307
25
198
493
509
283
259
55293
60
198
493
12103
1316
7284
8
198
493
413
2343
34973
7554
8
835
580
25
198
646
1387
198
493
809
1373
220
16
198
388
1698
1373
220
16
198
388
492
283
809
198
388
653
22044
33265
25
413
567
2224
8047
321
3162
279
5324
2234
198
388
413
1698
835
1786
321
492
835
585
25
198
493
1387
198
309
413
1698
835
1786
25
198
388
1786
283
1698
6987
262
460
1786
198
71093
248046
198
248045
846
198
7525
3555
4621
4490
279
6813
13
5514
579
279
1412
25
198
6347
1371
318
3444
3110
1562
1483
1590
198
220
2793
34397
2969
82
11261
3228
23
33
57
6971
487
1500
220
16
20
15
11
303
361
4211
29
198
262
1716
8474
95667
6406
11331
15476
8
198
220
2793
34397
2969
82
11261
3228
23
33
57
6971
487
1500
220
18
19
11
303
1716
198
262
1992
8871
482
86
42419
74869
504
220
20
8
606
220
18
198
1779
6108
59641
59641
59641
59641
59641
59641
21203
198
66317
1401
14200
1206
311
40138
11
411
369
678
3274
25
4310
279
2614
709
11618
321
4479
889
11
6999
4072
279
709
7246
321
1440
660
279
6813
13
2972
5683
4045
67305
3067
13209
50
159029
271
2523
1220
14623
279
1970
488
10490
303
264
64504
1970
2424
318
784
9609
31789
318
19458
668
31153
279
3889
5568
8
248046
198
248045
74455
198
248068
271
248069
271
9764
728
22903
279
3377
777
15060
13
561
4125
369
421
821
61934
5176
5313
369
2166
6103
321
1048
10451
14673
303
1141
11870
13
271
9764
728
37781
25
364
359
86
42419
74869
6
440
580
28
20
11
279
886
682
220
21
12103
5587
25
288
10021
21518
9809
13559
14577
13
2985
580
28
20
11
1973
866
2222
11
279
54102
11767
1000
25
198
12
4980
506
2234
220
15
25
313
86
10021
21518
9809
13559
92
682
220
20
12103
22283
11
1727
369
359
64
6
864
1000
1236
220
21
11
748
16168
369
328
86
42419
301
1
318
26547
220
15
12
19
8
198
12
4844
328
64
1
369
279
1727
16168
198
12
10342
25
220
17
45127
271
2278
799
2222
11
567
628
615
220
18
45127
13
1690
3010
11
413
567
2222
359
83
6
310
359
86
1170
328
64692
16747
9696
1
1411
16168
328
86
42419
272
288
1
3655
1042
728
1683
1495
13
271
50821
11
1042
728
37781
279
5313
13
561
61934
5176
369
496
1393
348
220
17
21
348
307
8
283
496
7
17
21
77
61
17
553
1690
307
28
16
15
61
19
11
421
579
220
17
21
9
16
15
61
23
864
369
2166
6103
303
12654
13
271
40
1144
264
44926
5313
13
6558
728
1683
883
1092
4203
628
1438
25
271
32
2222
506
2234
585
310
3542
272
8346
413
25
198
12
1049
24469
279
12103
3542
1698
303
1010
8978
11
10377
279
54102
16168
310
12663
4473
466
6507
20648
13
271
1536
19407
25
1690
1754
2234
585
11
279
1132
5587
5621
4313
513
1782
421
513
2892
25
198
16
13
38205
2945
303
279
886
318
951
13188
10562
440
6149
5587
8
198
17
13
561
5587
23194
310
279
16168
18169
271
50821
11
1042
728
1683
777
15060
13
3095
567
2222
274
957
60
310
272
11
279
2376
383
16168
286
13402
383
1332
585
16563
8410
310
16168
22005
13
271
9764
728
1380
264
2086
5313
25
12204
279
16168
22005
1973
866
2222
1118
13
4844
11
364
1754
2234
585
11
1132
1380
5587
421
1362
7556
279
16168
5759
3043
585
13
271
50821
11
1042
728
1066
28476
279
61934
5176
539
1132
4313
9468
5587
13
1690
2234
585
11
279
5222
5587
513
1782
421
4833
303
279
886
13
1987
506
1379
220
17
21
5587
11
694
303
6380
16253
13
271
13784
11
279
4125
2493
381
421
821
61934
5176
3314
4252
694
2166
6103
11
2639
1017
579
264
9584
13
6558
728
11319
1472
359
86
42419
74869
6
440
580
28
20
13
271
25208
2222
25
328
86
42419
74869
1
198
12
4980
25
313
86
10021
21518
9809
13559
92
283
220
20
12103
11
1727
359
64
6
1000
1236
220
21
11
748
16168
220
16
283
328
86
42419
301
1
198
12
4844
328
64
763
16168
220
17
198
12
10342
25
220
17
271
6503
567
615
220
18
30
9446
9722
359
64
6
310
359
86
1170
328
86
42419
301
86
1
198
12
4980
25
313
86
10021
21518
9809
13559
92
283
220
20
11
1727
359
86
6
369
2582
303
716
11
748
2962
1076
3655
874
11
567
2842
948
7594
264
15689
1122
1000
12131
580
13
359
86
6
369
2582
303
313
86
10021
21518
9809
13559
2069
748
567
628
2830
424
13
1987
16168
220
16
283
328
86
42419
301
86
1
318
528
220
21
22283
681
1179
4161
2047
13
10342
25
220
16
13
2844
579
10639
13
271
20796
9722
359
83
6
310
359
73
1170
328
64692
16747
5405
1
198
12
4980
25
313
86
10021
21518
9809
92
283
220
19
11
1727
359
64
6
1000
1236
220
20
864
369
2564
580
28
20
11
748
2830
359
64
4282
1987
16168
220
16
283
328
64692
16747
5405
3158
10342
25
220
16
13
271
77264
11
1042
728
1380
9722
359
66
6
310
359
73
1170
328
86
42419
73
2481
1
198
12
4980
25
313
86
10021
21518
92
283
220
18
11
1727
359
83
6
3520
220
19
11
1727
359
64
6
3520
220
20
13
1942
2564
220
20
13
1987
16168
220
16
283
328
86
42419
73
2481
3158
10342
25
220
16
13
271
13784
11
353
1144
310
311
27864
279
3377
13
328
23298
279
21354
8978
314
274
8222
506
1379
580
12103
5587
3158
1987
567
2426
7594
22283
430
1248
430
12103
1698
2564
580
13
1165
2842
948
7594
279
1727
1122
1000
1236
12103
1698
835
580
13
271
2381
359
86
42419
74869
6
440
580
28
20
25
198
12
2604
288
25
313
86
2069
1698
28
16
2564
20
11
2962
198
12
2604
492
25
313
86
10021
2069
1698
28
17
2564
20
11
2962
2228
12
2604
324
25
313
86
10021
21518
2069
1698
28
18
2564
20
11
2962
198
12
2604
272
25
313
86
10021
21518
9809
2069
1698
28
19
2564
20
11
2962
198
12
2604
259
25
313
86
10021
21518
9809
13559
2069
1698
28
20
2564
20
11
2962
198
12
2604
264
25
313
86
10021
21518
9809
13559
14577
2069
1698
28
21
835
20
11
44020
13
1987
16168
369
328
86
42419
301
487
9376
369
328
64
3158
198
12
328
64
763
16168
13
10342
220
17
13
271
1206
615
220
18
45127
11
567
1144
279
886
310
381
6507
1083
220
18
5306
13
1690
3010
11
413
567
1362
1236
424
748
421
1238
1010
8978
11
279
9376
1048
39129
1083
220
17
13
271
3710
413
567
2222
264
5956
3542
310
1791
449
6575
1387
30
1690
580
28
20
11
567
1144
310
599
264
8978
440
835
20
12103
310
5176
449
3988
1387
13
1921
567
1132
599
220
21
12103
22283
2702
13
1368
567
2222
799
1122
310
1791
264
6331
1332
449
6575
8978
2582
682
220
21
12103
1076
694
567
628
1132
2222
310
40657
11592
11
321
660
220
21
12103
22283
513
2582
2945
13
271
13784
0
3437
413
567
2222
264
3542
310
1791
264
15689
12103
3542
421
8177
449
6575
1387
30
2233
11
421
1000
5096
12103
1698
13
271
50821
11
310
615
17897
45127
11
567
1318
87190
43
15810
17758
13
357
1387
8311
948
7594
264
1122
1000
1236
12103
835
580
13
1987
567
1318
310
1236
1010
8978
599
6681
580
10
16
12103
430
3988
430
3102
13
271
2381
359
86
42419
74869
6
440
580
28
20
11
567
599
220
21
12103
22283
13
1368
567
1362
1236
264
8978
314
2984
361
21
599
220
21
12103
22283
11
567
4035
615
449
6575
1387
13
1921
567
1132
599
220
21
9599
11
748
264
8978
314
2984
220
21
369
279
4220
886
13
271
77264
11
3655
13
3437
413
567
2222
264
3542
310
7698
279
12103
1698
303
264
8978
11
10377
264
436
18577
1387
11
864
1179
5954
777
45127
303
279
25472
30
271
9764
728
1380
25
2222
359
64
6
310
359
83
1170
328
86
42419
272
5391
1
1411
328
86
42419
272
5391
1
283
328
86
42419
272
5391
3158
13428
25
328
86
42419
272
5391
1
874
11
424
579
328
86
42419
272
5391
1
1411
3404
328
86
42419
1
478
328
66
1
478
328
5391
1
283
328
64692
16747
17319
1
874
13
561
886
8772
328
64692
16747
17319
1
1411
328
64692
16747
17319
3158
6558
728
1066
3165
424
25
274
283
359
86
42419
74869
504
2222
1857
220
20
4178
64
837
310
359
83
1170
328
64692
16747
17319
1
283
328
64692
16747
17319
3158
2233
25
328
86
42419
1
478
328
66
1
478
328
83
1
478
328
83
1
283
328
64692
16747
17319
3158
561
886
369
328
64692
16747
17319
1
1411
328
86
42419
301
83
3158
271
77607
42419
301
83
1
440
580
28
20
25
198
12
2604
288
25
313
86
2069
220
16
7946
20
198
12
2604
492
25
313
86
10021
2069
220
17
7946
20
198
12
2604
324
25
313
86
10021
21518
2069
220
18
7946
20
198
12
2604
272
25
313
86
10021
21518
9809
2069
220
19
7946
20
198
12
2604
259
25
313
86
10021
21518
9809
13559
2069
220
20
7946
20
198
12
2604
259
25
313
86
10021
21518
9809
13559
2069
220
20
7946
20
318
83
2582
303
716
8
198
4272
16168
220
16
283
328
86
42419
301
83
487
9376
4147
13
10342
25
220
16
13
83806
13
271
9764
728
1683
20648
13
10380
279
4087
17077
9722
310
264
3542
4045
303
279
886
30
2233
11
660
40657
11592
513
2420
11
321
279
886
5533
288
10021
21518
9809
13559
14577
13
6728
11592
1040
359
65
6
1362
381
1429
13
271
3936
359
64
6
310
359
65
1170
328
64692
16747
15882
1
283
328
86
42419
301
65
1
198
12
2604
288
25
313
86
2069
220
16
198
12
2604
492
25
313
86
10021
2069
220
17
198
12
2604
324
25
313
86
10021
21518
2069
220
18
198
12
2604
272
25
313
86
10021
21518
9809
2069
220
19
198
12
2604
259
25
313
86
10021
21518
9809
13559
2069
220
20
198
12
2604
292
25
313
86
10021
21518
9809
13559
8142
2069
220
21
835
220
20
11
44020
198
48296
220
16
283
328
86
42419
301
487
9376
328
65
3158
10342
25
220
17
13
24919
430
1518
13
271
77264
13
353
2688
15239
383
411
1228
1105
13
6558
728
37781
471
6970
821
8396
314
279
54102
11767
369
4808
11
466
279
3481
2468
9331
364
2414
745
13
271
13784
11
1042
728
311
27864
25
328
23298
279
21354
8978
314
274
8222
506
1379
580
12103
5587
3158
10380
424
579
524
54102
303
279
1560
353
1683
30
6558
728
311
9884
19382
13
271
50821
11
353
1683
821
7873
369
4252
13
6558
728
1066
4884
279
4906
4125
321
6734
279
11870
13
561
3377
369
4906
13
6558
728
28476
539
1132
4313
5587
421
4833
303
279
886
364
1754
2234
13
271
71093
12305
198
727
1866
95667
6406
11331
15476
1104
25
592
11
580
25
514
8
1411
514
25
198
262
307
283
2343
1104
8
198
1031
262
687
1698
95667
1117
25
592
8
1411
514
25
198
285
1698
283
220
15
198
285
585
283
220
15
198
285
1345
585
361
2343
1117
1590
198
309
12103
283
716
363
198
309
492
283
585
198
309
1345
492
361
2343
1117
8
321
2343
34973
7554
8
2564
580
25
198
388
12103
1316
1117
3681
2387
198
388
492
1373
220
16
198
309
1698
1373
220
16
198
309
585
283
492
198
285
460
1698
6987
262
1786
283
1698
95667
1104
8
198
1031
262
653
2058
4752
5587
303
274
198
262
4752
36180
283
716
1104
8
198
1031
262
364
585
303
2020
1393
1590
198
285
3889
8959
283
274
957
60
198
285
653
9446
660
40657
11592
198
285
364
272
303
359
65234
1170
198
309
413
272
606
3889
8959
25
198
388
2962
198
309
259
283
274
3337
72
60
478
272
478
274
957
10
16
27365
198
309
1698
283
220
15
198
309
492
283
220
15
198
309
1345
492
361
307
25
198
388
12103
283
716
363
198
388
809
283
492
198
388
1345
809
361
307
25
198
493
12103
1316
1117
55293
2387
198
493
413
2343
34973
7554
8
835
580
25
198
646
1387
198
493
809
1373
220
16
198
388
1698
1373
220
16
198
388
492
283
809
198
309
413
1698
835
1786
25
198
388
1786
283
1698
6987
262
460
1786
198
71093
271
13784
11
411
369
1990
496
7
17
21
348
307
348
307
8
283
496
7
17
21
348
307
61
17
553
1690
307
28
16
15
61
19
11
421
579
220
17
13
21
348
220
16
15
61
24
7289
11
864
369
1560
2166
6103
13
271
40
1144
264
2577
5313
13
6558
728
1683
1076
271
4350
567
2222
274
957
60
310
272
11
279
16168
22005
1518
585
6922
279
1788
318
10957
279
8978
685
310
585
12
16
369
33702
553
561
16168
8222
2234
585
321
1238
1189
2222
13
271
9764
728
829
26808
279
16168
22005
364
279
3889
886
11
1179
364
1754
2222
11
1132
311
26808
494
279
16168
8222
2234
585
57419
13
271
71093
12305
198
727
1866
95667
6406
11331
15476
1104
25
592
11
580
25
514
8
1411
514
25
198
262
307
283
2343
1104
8
198
1031
262
687
1698
95667
5495
1117
25
592
11
1151
25
514
8
1411
13992
25
198
285
4071
5423
318
3946
314
45127
494
1151
310
809
11
1534
2234
8
12237
198
285
1698
283
220
15
198
285
585
283
1151
198
285
1345
585
361
2343
1117
1590
198
309
12103
283
716
363
198
309
492
283
585
198
309
1345
492
361
2343
1117
8
321
2343
34973
7554
8
2564
580
25
198
388
12103
1316
1117
3681
2387
198
388
492
1373
220
16
198
309
1698
1373
220
16
198
309
585
283
492
198
285
460
1698
6987
262
1786
283
1698
95667
5495
1104
11
220
15
8
198
1031
262
653
4807
26808
16168
22005
364
3889
886
198
262
22005
283
2958
198
262
585
283
220
15
198
262
1345
585
361
307
25
198
285
12103
283
716
363
198
285
492
283
585
198
285
1345
492
361
307
321
2343
34973
7554
8
2564
580
25
198
309
12103
1316
1104
3681
2387
198
309
492
1373
220
16
198
285
22005
1989
1148
72
11
492
578
198
285
585
283
492
6987
262
653
1690
1754
2234
585
11
1423
864
16168
424
16673
310
198
262
653
4844
1380
4203
321
1132
311
26808
494
421
16168
57419
6987
262
364
585
303
2020
1393
1590
198
285
3889
8959
283
274
957
60
198
285
653
7145
279
16168
8222
2234
585
198
285
919
7031
283
2168
198
285
364
6961
11
318
2388
11
809
8
303
12867
1818
770
5262
1590
198
309
413
1151
2564
585
361
809
25
198
388
919
7031
283
6961
198
388
1387
8675
285
653
9446
9722
274
957
60
310
1754
3542
198
285
364
272
303
359
65234
1170
198
309
413
272
606
3889
8959
25
198
388
2962
18015
309
653
561
45127
1518
919
7031
513
33702
198
309
1698
283
919
7031
220
653
45127
1518
279
799
8222
585
18015
309
653
164927
8232
494
279
1151
314
919
7031
198
309
919
4747
283
22005
58
4332
7031
1404
15
60
198
309
259
283
274
3337
4332
4747
60
478
318
82
3337
72
60
478
272
478
274
957
10
16
25
38676
4332
4747
27365
198
309
653
32645
11
33153
25
1066
5427
2234
585
198
309
259
283
274
3337
72
60
478
272
478
274
957
10
16
27365
198
3265
309
653
4356
45127
494
919
4747
198
309
492
283
919
4747
198
309
1345
492
361
307
25
198
388
12103
283
716
363
198
388
809
283
492
198
388
1345
809
361
307
25
198
493
12103
1316
1117
55293
2387
198
493
413
2343
34973
7554
8
835
580
25
198
646
1387
198
493
809
1373
220
16
198
388
1698
1373
220
16
198
388
492
283
809
18015
309
413
1698
835
1786
25
198
388
1786
283
1698
6987
262
460
1786
198
71093
271
1919
369
1990
13188
6103
13
6558
728
1683
314
449
1442
2577
5313
13
271
1536
21254
25
9722
274
957
60
310
272
1132
20843
45127
494
279
799
8222
585
57419
13
561
1324
314
45127
1518
421
369
8097
13
1690
1754
2234
585
11
567
1380
220
17
21
5587
13
561
35970
12935
494
919
4747
310
809
369
496
1393
8
303
11447
1105
13
1987
2702
369
496
1393
348
220
17
21
348
307
8
283
496
7
17
21
77
61
17
8
864
369
1990
2166
6103
13
271
3850
3655
11
364
1379
9599
11
279
16168
8222
1070
369
2526
11
321
279
311
26808
369
2716
13
733
279
11447
1105
3384
11
424
1362
381
496
1393
8
791
2234
13
271
9764
728
1380
264
2086
19407
25
364
264
2574
2234
585
11
1132
264
2342
5587
513
5621
4313
13
43274
11
5587
421
513
2582
303
279
1428
16168
466
23194
45127
13
6558
728
3798
310
5587
303
279
716
314
660
5587
303
274
5346
6970
799
777
13
271
50821
11
1042
728
1066
1380
310
1236
279
61934
5176
10281
440
3988
33265
321
1436
413
424
15734
13
271
71093
12305
198
727
1866
95667
6406
11331
15476
1104
25
592
11
580
25
514
8
1411
514
25
198
262
307
283
2343
1104
8
198
1031
262
687
1698
95667
1117
25
592
8
1411
514
25
198
285
1698
283
220
15
198
285
585
283
220
15
198
285
1345
585
361
2343
1117
1590
198
309
12103
283
716
363
198
309
492
283
585
198
309
1345
492
361
2343
1117
8
321
2343
34973
7554
8
2564
580
25
198
388
12103
1316
1117
3681
2387
198
388
492
1373
220
16
198
309
1698
1373
220
16
198
309
585
283
492
198
285
460
1698
6987
262
1786
283
1698
95667
1104
8
198
1031
262
364
585
303
2020
1393
1590
198
285
3889
8959
283
274
957
60
198
285
364
272
303
359
65234
1170
198
309
413
272
606
3889
8959
25
198
388
2962
198
309
259
283
274
3337
72
60
478
272
478
274
957
10
16
27365
198
309
1698
283
220
15
198
309
492
283
220
15
198
309
1345
492
361
307
25
198
388
12103
283
716
363
198
388
809
283
492
198
388
1345
809
361
307
25
198
493
12103
1316
1117
55293
2387
198
493
413
2343
34973
7554
8
835
580
25
198
646
1387
198
493
809
1373
220
16
198
388
1698
1373
220
16
198
388
492
283
809
198
388
413
1698
835
1786
321
492
835
585
25
198
493
1387
198
309
413
1698
835
1786
25
198
388
1786
283
1698
6987
262
460
1786
198
71093
271
9764
728
1228
411
11870
19470
383
359
86
42419
74869
6
440
580
28
20
310
1436
413
353
628
1423
264
2222
421
6486
220
18
13
271
77264
11
353
2688
19353
13
6558
728
1066
9042
411
321
1436
1092
8311
13
1368
424
579
2166
6103
11
353
3172
1144
264
44926
5313
13
271
50821
3655
471
1042
728
37781
279
3377
13
10380
353
2688
67385
279
54102
11767
13
6558
728
311
27864
25
328
23298
279
21354
8978
314
274
8222
506
1379
580
12103
5587
3158
4558
1919
3254
25
1423
279
32820
5012
8978
1680
421
424
682
506
1379
580
12103
5587
13
1061
369
1092
353
2908
978
24141
13
271
2381
359
86
42419
74869
6
440
580
28
20
11
279
21354
8978
440
506
1379
220
20
12103
22283
369
328
86
42419
301
1
318
20
22283
25
288
10021
21518
9809
13559
681
321
328
64
1
1000
1236
220
21
12103
13
1987
16168
220
16
283
328
86
42419
301
487
16168
220
17
283
328
64
3158
10342
220
17
13
271
1206
615
220
18
45127
11
567
1144
279
886
310
381
6507
1083
220
18
5306
13
3648
1560
25
1236
264
8978
314
2984
220
17
466
220
18
421
682
220
21
12103
22283
318
316
9735
440
220
17
12
18
22283
681
466
1236
424
748
421
1238
279
1118
16168
11
279
25472
39129
1083
220
17
13
271
2592
1118
16168
369
22602
11
1910
2984
220
18
25
328
86
42419
1
682
220
18
12103
2564
220
20
11
748
421
579
524
279
21354
13
561
54102
2590
4829
279
32820
5012
8978
13
271
4272
310
615
220
18
45127
11
567
1144
25
8978
16
318
4670
467
440
2564
20
12103
681
1179
8978
17
314
25472
318
4670
467
440
2564
20
12103
681
1179
25472
2397
38127
13
271
2381
411
11
279
25472
1238
8978
16
1902
4924
599
264
2397
38127
8978
440
2564
20
12103
321
264
2397
38127
25472
13
271
2278
279
3889
886
11
8978
16
283
328
86
42419
301
1
318
3993
220
20
681
25472
283
328
64
1
318
3993
220
16
553
88435
1071
328
64
1
682
874
4473
6507
13
271
2592
567
2222
264
3542
303
8978
16
310
1236
424
22602
11
1910
8978
16
8772
2984
220
19
25
328
86
42419
7285
1332
907
10814
220
21
12103
13
1921
440
220
19
22283
11
1866
12103
369
220
19
2564
220
20
13
2885
914
599
220
21
12103
303
220
19
22283
13
271
2592
8978
16
8772
2984
220
18
25
328
86
42419
1
682
220
18
12103
13
1921
279
54102
1000
12663
310
2984
220
20
13
10560
567
2222
2414
310
1236
2234
220
19
318
269
6575
8
5073
835
20
12103
13
1921
9599
220
15
12
18
599
506
1379
220
19
12103
22283
13
271
40
1683
279
1328
369
25
2222
264
3542
46655
279
3889
8978
16
310
7556
424
13
1921
2234
220
20
369
359
64
504
864
369
1238
8978
16
420
86
42419
301
3158
271
2592
567
2222
359
64
6
318
936
220
20
8
310
2414
11
8978
16
369
1990
328
86
42419
301
1
318
3084
3600
681
321
25472
8772
421
3074
1122
13
15896
220
17
45127
13
271
34410
1076
567
2222
264
3542
1897
8978
16
310
7698
12103
1698
11
10377
8978
16
310
12663
30
1921
8978
16
2582
5469
660
220
21
22283
3525
424
17397
506
220
20
13
1368
567
2222
359
83
6
310
359
73
504
8978
8772
328
86
42419
272
11598
1
1411
328
86
42419
272
11598
1
3655
25
328
64692
16747
5405
1
471
12103
25
288
10021
21518
9809
14577
283
220
20
12103
11
748
8978
16
283
328
64692
16747
5405
1
318
528
220
21
22283
681
25472
4147
13
10342
25
220
16
13
271
40
2688
2098
15239
383
411
1228
1105
13
6558
728
1066
4072
279
61934
5176
321
3769
279
1228
4886
513
2526
3213
466
1017
579
2414
353
2688
7167
13
271
71093
12305
198
727
1866
95667
6406
11331
15476
1104
25
592
11
580
25
514
8
1411
514
25
198
262
307
283
2343
1104
8
198
1031
262
687
1698
95667
1117
25
592
8
1411
248046
198