248045
846
198
4274
279
2614
709
11618
321
4479
889
11
6999
4072
279
709
7246
321
1440
660
279
6813
13
2972
5683
4045
67305
3067
13209
50
159029
271
2523
1220
14623
279
1970
488
10490
303
264
64504
1970
2424
318
784
9609
31789
318
19458
668
31153
279
3889
5568
8
271
71093
198
1445
18904
1120
1697
11
23846
1358
727
628
1243
595
6018
1393
25
514
11
295
25
514
11
264
25
514
11
292
25
514
11
3743
87682
25
1697
19723
5871
18078
11
514
28649
1411
1744
25
198
262
4071
28924
413
424
579
3102
310
3166
494
9057
220
16
310
9057
443
539
18253
28055
13
198
1031
262
2532
513
443
30308
26899
303
264
2713
11
28853
220
16
310
443
13
1394
1151
506
9057
220
16
321
1318
310
5372
9057
443
13
198
262
733
1754
3166
11
413
488
2224
506
9057
830
11
488
628
7538
310
9057
830
478
585
1332
25
198
262
471
264
2564
585
2564
292
198
262
471
830
478
585
2564
307
198
262
471
9057
830
478
585
369
524
303
866
314
279
3743
26126
6987
262
357
9057
492
369
3743
413
1017
6513
1010
9581
318
75
5150
11
427
5150
8
1680
421
324
5150
2564
492
2564
427
5150
13
198
1031
262
17167
25
198
285
307
25
561
1324
314
30308
318
17
2564
307
2564
220
16
15
61
16
17
8
198
285
295
25
561
1324
314
3743
26126
318
15
2564
295
2564
220
17
9
16
15
61
19
8
198
285
264
25
561
7776
7538
1331
318
16
2564
264
2564
292
2564
220
17
15
8
198
285
292
25
561
6966
7538
1331
198
285
3743
87682
25
1697
314
43716
318
75
5150
11
427
5150
8
13661
3743
26126
13
198
2467
561
26126
513
10300
321
2397
27335
87502
13
198
1031
262
5019
25
198
285
2912
413
424
579
3102
310
5372
9057
307
494
9057
220
16
11
3439
5752
13
198
1031
262
11765
628
1243
595
6018
7
17
19
11
220
17
11
220
18
11
220
20
11
17294
22
11
220
23
681
318
16
22
11
220
17
15
45047
198
262
2912
198
262
11765
628
1243
595
6018
7
18
15
11
220
16
11
220
20
11
220
23
11
17294
19
11
220
17
19
45047
198
262
3439
198
262
11765
628
1243
595
6018
7
16
15
15
11
220
19
11
220
16
15
11
220
16
16
11
17294
16
21
11
220
16
23
681
318
18
24
11
220
19
17
681
318
20
15
11
220
20
20
681
318
24
18
11
220
24
24
45047
198
262
2912
198
262
4071
271
727
1716
69574
1590
198
262
653
3284
4886
494
279
3377
198
262
1992
8871
7
17
19
11
220
17
11
220
18
11
220
20
11
17294
22
11
220
23
681
318
16
22
11
220
17
15
45047
606
2912
198
262
1992
8871
7
18
15
11
220
16
11
220
20
11
220
23
11
17294
19
11
220
17
19
45047
606
2912
198
262
1992
8871
7
16
15
15
11
220
19
11
220
16
15
11
220
16
16
11
17294
16
21
11
220
16
23
681
318
18
24
11
220
19
17
681
318
20
15
11
220
20
20
681
318
24
18
11
220
24
24
45047
606
2912
6987
262
653
22484
1228
4886
198
262
1992
8871
7
18
11
220
16
11
220
16
11
220
16
11
17294
17
11
220
17
45047
606
3439
198
262
1992
8871
7
16
19
24
11
220
15
11
220
22
11
220
16
18
11
40784
606
2912
198
262
1992
8871
7
22
21
11
220
15
11
220
16
19
11
220
16
19
11
40784
606
3439
198
262
1992
8871
7
16
21
22
11
220
16
11
220
16
16
11
220
16
21
11
17294
17
11
220
18
45047
606
2912
198
262
1992
8871
7
16
15
15
15
15
15
15
15
15
15
15
15
15
11
220
20
11
220
20
11
220
17
15
11
17294
17
11
220
18
681
318
16
15
11
220
16
20
681
318
24
24
11
220
16
15
15
681
318
17
15
15
11
220
17
15
15
681
318
24
24
24
24
24
24
24
24
24
24
24
24
11
220
24
24
24
24
24
24
24
24
24
24
24
24
45047
606
2912
6987
262
653
3284
440
5081
3743
26126
198
262
1992
8871
7
17
15
11
220
21
11
220
17
11
220
18
11
17294
17
11
220
17
681
318
18
11
220
18
681
318
19
11
220
19
681
318
20
11
220
20
681
318
22
11
220
22
681
318
24
11
220
24
45047
606
3439
198
262
1992
8871
7
17
20
11
220
21
11
220
19
11
220
16
17
11
17294
17
11
220
19
681
318
21
11
220
24
681
318
16
16
11
220
16
20
681
318
16
21
11
220
16
21
681
318
16
23
11
220
16
24
681
318
17
16
11
220
17
19
45047
606
2912
6987
262
653
10041
4886
198
262
1992
8871
7
16
15
22
11
220
16
17
11
220
16
17
11
220
16
17
11
17294
17
11
220
20
681
318
21
11
220
24
681
318
16
15
11
220
16
18
681
318
16
20
11
220
16
24
681
318
17
16
11
220
17
16
681
318
17
18
11
220
17
18
681
318
17
19
11
220
17
19
681
318
17
20
11
220
17
22
681
318
17
23
11
220
18
15
681
318
18
17
11
220
18
18
681
318
18
20
11
220
18
22
681
318
18
24
11
220
19
18
45047
606
3439
198
262
1992
8871
7
16
17
24
11
220
17
20
11
220
16
11
220
16
16
11
17294
17
11
220
17
681
318
18
11
220
21
681
318
22
11
220
24
681
318
16
15
11
220
16
18
681
318
16
19
11
220
16
19
681
318
16
20
11
220
16
20
681
318
16
21
11
220
16
22
681
318
16
23
11
220
17
15
681
318
17
17
11
220
17
18
681
318
17
20
11
220
17
24
681
318
18
16
11
220
18
20
681
318
18
22
11
220
18
22
681
318
18
23
11
220
19
15
681
318
19
16
11
220
19
18
681
318
19
19
11
220
19
20
681
318
19
21
11
220
20
15
681
318
20
16
11
220
20
16
681
318
20
18
11
220
20
18
681
318
20
19
11
220
20
23
681
318
21
15
11
220
21
15
681
318
21
17
11
220
21
20
681
318
21
21
11
220
22
15
681
318
22
17
11
220
22
20
681
318
22
21
11
220
22
22
681
318
22
24
11
220
23
15
45047
606
3439
198
262
1992
8871
7
22
24
11
220
16
23
11
220
16
24
11
220
17
15
11
17294
17
11
220
22
681
318
24
11
220
24
681
318
16
15
11
220
16
20
681
318
16
22
11
220
17
17
681
318
17
19
11
220
17
22
681
318
17
24
11
220
18
18
681
318
18
20
11
220
18
22
681
318
18
23
11
220
19
15
681
318
19
17
11
220
19
18
681
318
19
19
11
220
19
22
681
318
19
24
11
220
20
16
681
318
20
17
11
220
20
18
681
318
20
19
11
220
20
20
681
318
20
21
11
220
21
15
681
318
21
17
11
220
21
22
681
318
21
23
11
220
22
15
681
318
22
16
11
220
22
19
681
318
22
21
11
220
22
23
45047
606
3439
198
262
1992
8871
7
16
17
24
11
220
16
21
11
220
16
11
220
20
11
17294
17
11
220
17
681
318
18
11
220
19
681
318
21
11
220
22
681
318
23
11
220
16
15
681
318
16
16
11
220
16
16
681
318
16
18
11
220
16
18
681
318
16
20
11
220
16
22
681
318
16
24
11
220
17
15
681
318
17
16
11
220
17
18
681
318
17
20
11
220
17
22
681
318
17
24
11
220
18
15
681
318
18
17
11
220
18
19
681
318
18
20
11
220
18
20
681
318
18
22
11
220
18
22
681
318
18
23
11
220
18
23
681
318
18
24
11
220
19
16
45047
606
3439
198
262
1992
8871
7
18
15
11
220
17
23
11
220
16
11
220
16
11
17294
17
11
220
17
681
318
18
11
220
18
681
318
19
11
220
19
681
318
20
11
220
20
681
318
21
11
220
21
681
318
22
11
220
22
681
318
23
11
220
23
681
318
24
11
220
24
681
318
16
15
11
220
16
15
681
318
16
16
11
220
16
16
681
318
16
17
11
220
16
17
681
318
16
18
11
220
16
18
681
318
16
19
11
220
16
19
681
318
16
20
11
220
16
20
681
318
16
21
11
220
16
21
681
318
16
22
11
220
16
22
681
318
16
23
11
220
16
23
681
318
16
24
11
220
16
24
681
318
17
15
11
220
17
15
681
318
17
16
11
220
17
16
681
318
17
17
11
220
17
17
681
318
17
18
11
220
17
18
681
318
17
19
11
220
17
19
681
318
17
20
11
220
17
20
681
318
17
21
11
220
17
21
681
318
17
22
11
220
17
22
681
318
17
23
11
220
17
23
681
318
17
24
11
220
17
24
45047
606
3439
198
262
1992
8871
7
16
15
19
11
220
17
11
220
20
11
220
16
20
11
17294
17
11
220
19
681
318
21
11
220
21
45047
606
2912
198
262
1992
8871
7
19
24
11
220
18
11
220
16
23
11
220
17
15
11
17294
17
11
220
18
681
318
20
11
220
22
681
318
23
11
220
16
16
45047
606
3439
198
262
1992
8871
7
21
20
11
220
23
11
220
16
18
11
220
16
18
11
17294
17
11
220
18
681
318
19
11
220
20
681
318
22
11
220
22
681
318
24
11
220
16
15
681
318
16
16
11
220
16
16
681
318
16
18
11
220
16
19
681
318
16
20
11
220
16
20
681
318
16
22
11
220
16
23
45047
606
3439
198
262
1992
8871
7
24
15
11
220
19
11
220
16
23
11
220
17
15
11
17294
17
11
220
20
681
318
21
11
220
22
681
318
23
11
220
24
681
318
16
15
11
220
16
15
45047
606
3439
198
262
1992
8871
7
16
15
21
11
220
22
11
220
16
23
11
220
16
23
11
17294
17
11
220
18
681
318
19
11
220
20
681
318
21
11
220
22
681
318
23
11
220
23
681
318
16
15
11
220
16
16
681
318
16
17
11
220
16
18
681
318
16
19
11
220
16
20
45047
606
3439
198
262
1992
8871
7
16
23
20
11
220
21
11
220
16
23
11
220
16
23
11
17294
17
11
220
17
681
318
18
11
220
18
681
318
20
11
220
20
681
318
21
11
220
21
681
318
22
11
220
22
681
318
24
11
220
24
45047
606
3439
198
262
1992
8871
7
19
24
11
220
21
11
220
16
24
11
220
16
24
11
17294
17
11
220
19
681
318
20
11
220
22
681
318
24
11
220
24
681
318
16
15
11
220
16
17
681
318
16
18
11
220
16
18
681
318
16
20
11
220
16
22
45047
606
3439
198
262
1992
8871
7
16
23
19
11
220
18
15
11
220
20
11
220
16
21
11
17294
17
11
220
17
681
318
19
11
220
19
681
318
21
11
220
21
681
318
23
11
220
23
681
318
16
15
11
220
16
15
681
318
16
17
11
220
16
17
681
318
16
19
11
220
16
19
681
318
16
20
11
220
16
20
681
318
16
21
11
220
16
21
681
318
16
22
11
220
16
22
681
318
16
23
11
220
16
23
681
318
17
15
11
220
17
15
681
318
17
17
11
220
17
17
681
318
17
18
11
220
17
18
681
318
17
19
11
220
17
19
681
318
17
20
11
220
17
20
681
318
17
22
11
220
17
22
681
318
17
24
11
220
17
24
681
318
18
16
11
220
18
16
681
318
18
17
11
220
18
17
681
318
18
18
11
220
18
18
681
318
18
20
11
220
18
20
681
318
18
22
11
220
18
22
681
318
18
24
11
220
18
24
681
318
19
15
11
220
19
15
681
318
19
16
11
220
19
16
681
318
19
17
11
220
19
17
681
318
19
18
11
220
19
18
681
318
19
20
11
220
19
20
681
318
19
22
11
220
19
22
45047
606
2912
271
2
5272
1716
87533
1243
595
6018
8
310
1542
6813
13
198
71093
248046
198
248045
74455
198
248068
271
248069
271
21765
506
411
3377
11
353
1144
310
7995
413
567
628
5372
9057
443
494
9057
220
16
539
28055
1881
9599
1332
1754
7538
369
314
1331
1510
64
63
310
1510
65
7561
321
567
628
914
4128
383
866
328
13458
1
30308
318
51819
2785
279
2574
26126
553
271
1536
22980
25
198
16
13
443
628
381
685
310
220
16
15
61
16
17
11
748
567
628
914
635
87244
14
60168
383
660
9599
198
17
13
561
7538
1331
2020
369
2526
318
64
36059
292
36059
220
17
15
8
198
18
13
11132
26126
513
10300
321
2397
27335
87502
11
440
506
1379
220
17
9
16
15
61
19
314
1070
198
19
13
1165
1144
449
10727
11767
421
13081
279
3349
443
271
12189
279
7538
2020
369
2526
318
266
1379
220
17
15
681
279
328
2374
1
314
5372
2803
1132
13402
383
279
1483
1510
65
63
9599
13
1165
628
958
279
2029
421
413
567
628
5372
264
1248
64258
9933
314
1603
30308
11
567
628
2590
4936
1472
1070
13
271
760
1328
19407
25
413
1017
579
264
12558
314
3743
30308
421
579
2166
3349
310
7538
888
11
567
3564
13
17673
11
567
628
20239
2094
1070
13
271
9764
728
1683
883
411
777
15060
25
198
12
1165
1151
506
2234
220
16
198
12
1165
628
7538
494
830
310
830
20561
1332
264
36059
585
36059
292
198
12
1165
4021
4128
383
3743
30308
198
12
1165
1144
310
5372
2234
443
271
12189
279
7538
2020
369
2526
11
567
628
1558
411
430
25
567
1144
310
1423
413
1017
579
264
1752
494
220
16
310
443
29436
3743
26126
13
4558
32
2577
5313
25
944
27484
494
443
11
466
958
279
2029
421
279
5215
314
5372
2803
8772
37073
2957
567
2224
3162
660
3743
26126
13
1921
3404
11
2394
3743
26126
513
33093
321
567
628
7538
506
1379
220
17
15
11
567
1132
1144
310
10635
883
279
3743
26126
5402
13
271
9764
728
1683
20648
25
695
12
1368
1017
513
874
3743
26126
11
567
628
5372
443
413
321
1132
413
567
628
615
494
220
16
310
443
440
33075
314
1331
264
310
292
13
1061
369
3102
413
443
12
16
628
381
5158
430
264
2542
314
4947
1754
303
498
64
8142
906
8439
264
36059
292
11
411
369
3102
413
443
12
16
60052
264
321
318
45
12
16
8
628
381
16496
13
32645
11
440
33075
314
1331
264
310
292
11
567
628
5372
866
2234
60052
220
16
430
1248
430
443
12
16
369
65975
13
561
65975
9599
494
220
16
440
33075
498
64
8142
60
513
660
9599
60052
220
16
421
628
381
8379
13
8439
43364
36515
1459
914
3668
318
868
628
958
866
10286
681
3404
567
628
5372
866
2234
60052
220
16
413
443
12
16
60052
220
15
321
567
628
1304
443
12
16
430
2542
314
4947
303
498
64
8142
906
1921
2394
264
36059
292
11
321
567
628
958
866
1324
314
33075
11
567
628
5372
866
2234
60052
220
16
3525
10451
1010
2526
5981
13
271
13784
11
1042
728
37781
13
561
1328
20908
369
421
567
628
914
4128
383
3743
30308
13
1987
279
3377
369
25
628
567
708
494
220
16
310
443
11
28055
539
14287
303
498
64
8142
1089
2496
19710
383
264
3743
9057
30
271
12189
279
7538
2020
369
2526
11
353
3172
958
264
2086
5313
25
695
16
13
62366
660
328
40167
1
9599
471
279
22005
314
3743
26126
198
17
13
26260
3743
26126
11
413
1017
579
264
1248
3213
14084
314
1603
30308
11
567
628
2590
4936
198
18
13
561
1132
1560
310
3564
369
413
264
3743
9581
9714
660
3102
12351
271
50821
11
279
43070
4252
5313
2574
279
16484
25
2394
292
36059
220
17
15
11
279
5372
2803
13402
1132
383
279
1483
292
9599
13
1165
628
1817
279
3377
539
12463
20006
1881
3743
26126
13
1921
443
369
6552
13
271
9764
728
1683
883
424
411
1560
25
567
628
1132
3564
413
506
1010
1406
11
494
660
65975
9599
11
660
1727
9599
318
87
54938
310
830
33932
8
513
3743
466
680
314
13854
13
4558
21365
421
3743
26126
513
10300
11
353
3172
1817
1070
303
1906
13
1690
1754
3743
9581
11
353
1144
310
1716
413
424
6379
9714
4936
13
1921
567
1048
1144
310
3627
864
9599
1518
279
3743
9581
513
65975
13
271
8160
579
821
5313
25
198
12
19182
279
716
314
65975
9599
303
264
3136
198
12
8439
292
36059
220
17
15
11
353
1132
1144
310
3627
5372
2803
364
9599
2785
292
314
866
328
6735
1223
1
198
12
8340
279
1500
494
220
16
310
443
11
694
1132
2373
883
9599
3043
3743
26126
271
50821
11
279
1379
10727
5313
25
2394
279
7538
2020
369
506
1379
220
17
15
11
279
716
314
65975
9599
303
866
328
2932
1
5364
682
506
1379
220
17
15
23173
9599
421
4766
13
353
3172
36213
4487
11
694
1132
2426
3627
314
9599
421
1362
13188
2895
310
443
13
271
9764
728
958
411
8024
25
198
16
13
4980
440
65975
283
313
16
92
198
17
13
1165
628
5372
9599
539
28055
494
65975
9599
198
18
13
1921
443
369
6552
11
748
567
1144
310
381
7539
271
53396
4374
25
5374
27484
494
443
13
2441
11
958
279
2029
421
413
264
64258
2424
314
1603
30308
314
2984
60052
292
6513
11
321
567
628
5372
866
2234
303
424
11
1179
567
628
5372
660
16905
9599
685
310
279
1727
3743
2424
13
271
40
3172
4072
264
6093
421
11036
3743
26126
303
1906
11
14419
279
2020
314
65975
9599
1066
1518
1754
3743
9581
13
271
71093
12305
198
1445
18904
1120
1697
11
23846
1358
727
628
1243
595
6018
1393
25
514
11
295
25
514
11
264
25
514
11
292
25
514
11
3743
87682
25
1697
19723
5871
18078
11
514
28649
1411
1744
25
198
262
4071
28924
413
424
579
3102
310
3166
494
9057
220
16
310
9057
443
539
18253
28055
13
198
1031
262
2532
513
443
30308
26899
303
264
2713
11
28853
220
16
310
443
13
1394
1151
506
9057
220
16
321
1318
310
5372
9057
443
13
198
262
733
1754
3166
11
413
488
2224
506
9057
830
11
488
628
7538
310
9057
830
478
585
1332
25
198
262
471
264
2564
585
2564
292
198
262
471
830
478
585
2564
307
198
262
471
9057
830
478
585
369
524
303
866
314
279
3743
26126
6987
262
357
9057
492
369
3743
413
1017
6513
1010
9581
318
75
5150
11
427
5150
8
1680
421
324
5150
2564
492
2564
427
5150
13
198
1031
262
17167
25
198
285
307
25
561
1324
314
30308
318
17
2564
307
2564
220
16
15
61
16
17
8
198
285
295
25
561
1324
314
3743
26126
318
15
2564
295
2564
220
17
9
16
15
61
19
8
198
285
264
25
561
7776
7538
1331
318
16
2564
264
2564
292
2564
220
17
15
8
198
285
292
25
561
6966
7538
1331
198
285
3743
87682
25
1697
314
43716
318
75
5150
11
427
5150
8
13661
3743
26126
13
198
2467
561
26126
513
10300
321
2397
27335
87502
13
198
1031
262
5019
25
198
285
2912
413
424
579
3102
310
5372
9057
307
494
9057
220
16
11
3439
5752
13
198
1031
262
11765
628
1243
595
6018
7
17
19
11
220
17
11
220
18
11
220
20
11
17294
22
11
220
23
681
318
16
22
11
220
17
15
45047
198
262
2912
198
262
11765
628
1243
595
6018
7
18
15
11
220
16
11
220
20
11
220
23
11
17294
19
11
220
17
19
45047
198
262
3439
198
262
11765
628
1243
595
6018
7
16
15
15
11
220
19
11
220
16
15
11
220
16
16
11
17294
16
21
11
220
16
23
681
318
18
24
11
220
19
17
681
318
20
15
11
220
20
20
681
318
24
18
11
220
24
24
45047
198
262
2912
198
262
4071
198
262
653
4109
413
2234
220
16
369
3743
198
262
413
866
2257
2564
220
16
2564
427
364
324
11
427
303
3743
87682
1590
198
285
460
3439
6987
262
653
4109
413
2234
307
369
3743
198
262
413
866
2257
2564
307
2564
427
364
324
11
427
303
3743
87682
1590
198
285
460
3439
6987
262
653
1368
874
3743
26126
11
1716
413
567
628
5372
307
494
220
16
198
262
413
295
606
220
15
25
198
285
653
14235
310
5372
307
494
220
16
440
33075
314
1331
264
310
292
198
285
653
1061
369
3102
413
307
12
16
628
381
12917
430
2542
314
4947
303
498
64
8142
60
198
285
653
8439
567
628
958
866
1324
314
33075
11
321
264
2564
292
11
567
628
5372
866
2234
2518
220
16
198
285
653
3525
10451
1010
2526
5981
13
32645
11
440
33075
498
64
8142
1089
494
220
16
567
628
5372
198
285
653
9599
220
16
54938
310
220
16
33932
11
1179
494
1782
11
4831
13
198
285
653
561
65975
9599
513
660
830
2518
220
16
1680
421
830
12
16
2518
220
15
321
830
12
16
628
381
13717
13
198
285
653
8439
43364
2784
8142
8
36515
25
3404
866
7308
2518
264
628
381
13717
30
2233
13
198
285
653
6558
579
1683
25
567
1144
307
12
16
2518
220
15
13
1368
307
12
16
606
220
15
11
567
2224
2582
1017
694
307
9628
17
13
198
285
653
1690
307
12
16
2518
220
16
11
567
1144
424
310
381
3875
470
430
2542
314
4947
1754
303
498
64
8142
906
198
285
653
1061
369
3102
413
307
12
16
2518
264
321
307
12
16
628
381
5158
13
32645
11
2394
567
628
958
198
285
653
5081
33075
11
279
716
314
65975
33887
494
220
16
369
660
2397
58883
24959
198
285
653
421
513
35195
314
5255
494
498
64
8142
906
1061
716
5469
660
24959
2518
318
65
12
16
4653
64
478
264
283
2423
198
285
653
4319
12540
25
424
579
3750
421
660
24959
2518
318
64
12
16
17201
65
12
16
8
478
220
16
513
65975
413
43364
2784
8142
11393
16
11
198
285
653
694
421
579
364
15775
3377
13
5514
567
599
264
2020
13
198
285
653
32645
11
364
2020
498
64
8142
1089
660
24959
2518
264
513
65975
30
2233
11
378
1257
2487
264
28
18
8142
28
18
25
1132
62862
314
220
18
13
198
285
653
1987
567
1144
264
5976
1716
13
198
285
653
1921
3655
11
567
628
958
866
1324
314
33075
13
561
65975
9599
494
220
16
513
220
16
478
326
1332
326
369
303
279
5067
72119
7658
539
498
64
8142
906
198
285
653
1061
369
6150
13
6558
728
3579
279
4437
1105
440
3743
26126
75150
13
198
285
1440
220
653
1165
3172
3579
411
303
279
4437
1105
3559
6987
262
653
3146
5313
25
1817
279
1500
11
14419
65975
9599
3043
3743
26126
198
262
653
8439
292
2564
220
17
15
11
567
628
3627
5372
2803
303
264
3136
314
1331
292
6987
262
653
1165
3172
36213
4487
11
694
1132
2426
3627
314
9599
421
513
328
2932
1
198
262
653
9612
9599
513
1782
494
864
567
2493
5372
443
6987
262
653
22703
25
944
4487
1472
3743
26126
198
262
653
1690
1754
12558
1881
3743
26126
318
429
1518
1118
11
1238
1483
681
1716
413
567
628
36303
6987
262
653
6558
579
6327
660
3743
26126
321
884
22005
198
262
653
8340
25
567
10000
279
716
314
65975
9599
303
264
2526
3136
198
262
653
1921
307
628
381
220
16
15
61
16
17
11
748
567
1144
310
7538
1881
3743
26126
6987
262
653
5141
19407
25
1881
3743
26126
11
413
1017
579
264
12558
314
1603
30308
314
2984
436
11
198
262
653
321
567
628
5372
279
1151
314
411
12558
11
567
628
5372
279
809
314
411
12558
413
436
369
3349
3213
198
262
653
466
413
567
628
20239
1472
6987
262
653
4319
12540
5313
25
2394
292
2564
220
17
15
11
279
5372
2803
5215
303
264
1603
5364
8772
37073
198
262
653
440
4031
5265
310
279
7538
11930
13
1921
3404
11
303
264
1248
1603
5364
11
413
567
628
5372
198
262
653
866
2234
11
567
628
5372
660
16905
9599
318
10957
567
628
2426
28055
539
264
553
198
1031
262
653
6558
728
958
264
2086
5313
25
7620
2624
593
1330
26564
383
3743
26126
6987
262
653
19182
25
628
567
5372
2234
280
30
1165
1817
3743
26126
303
1906
13
198
262
653
1690
1754
3743
9581
318
75
11
427
681
567
1144
310
1716
413
567
628
328
41866
888
1
424
466
20239
2094
13
198
1031
262
653
32645
11
1042
579
36213
279
46398
314
65975
9599
198
262
653
1165
3172
2426
3627
314
279
7776
321
6966
65975
9599
303
279
1428
328
2932
1
5364
6987
262
653
4980
25
65975
9599
2830
220
16
198
262
653
1165
1318
310
1366
413
567
628
9297
5372
307
6987
262
653
8439
33075
513
59056
539
292
11
413
567
599
264
64258
2424
314
65975
9599
314
2984
2518
292
11
198
262
653
1179
567
628
12663
424
53379
318
258
1603
13211
8
198
1031
262
653
6558
728
1817
1754
3743
9581
198
262
7624
6018
283
220
15
220
653
809
314
3555
3743
9581
11
14661
220
15
318
14372
2234
220
16
8
198
1031
262
653
1165
1144
310
3627
864
9599
303
498
16
11
1428
60
513
65975
198
262
653
1921
1132
1782
2785
292
314
279
328
6735
1223
1
198
1031
262
653
5272
264
716
466
2623
1287
364
264
32713
3136
198
262
653
8439
292
2564
220
17
15
11
567
628
958
264
716
314
65975
9599
303
264
3136
314
1331
3835
65
6987
262
653
32645
11
1042
579
1683
25
567
628
5372
2234
830
413
1017
6513
264
65975
2234
374
440
830
1402
2564
374
2564
830
7174
198
262
653
1987
5372
2803
369
2136
6987
262
653
1165
3172
1817
494
2047
310
1245
11
694
10390
3349
1603
13211
198
262
653
733
264
1603
5364
318
2083
3743
30308
681
413
567
599
866
65975
2234
11
567
628
5372
660
16905
9599
198
262
653
430
1248
430
279
12558
4290
914
10548
6987
262
653
6558
728
4072
25
364
1754
9933
1881
3743
26126
11
7995
413
567
628
36303
424
6987
262
653
18053
264
12755
25
2574
421
567
628
5372
1010
9599
303
498
2388
11
809
1089
321
279
5364
498
400
10
16
11
1727
4747
12
16
60
369
1603
11
198
262
653
1092
9599
628
567
5372
303
498
3480
4747
12
16
11
2423
48282
198
1031
262
653
4319
12540
25
353
3172
3627
279
716
314
65975
9599
11
694
1132
2426
1782
303
264
3136
314
1331
292
10
16
198
262
653
430
567
22424
4487
6987
262
653
1921
307
369
220
16
15
61
16
17
11
748
567
628
914
22424
660
9599
6987
262
653
5141
25
303
264
1248
1603
5364
11
413
567
628
5372
2234
280
11
567
628
5372
280
54938
11
280
54938
33932
11
4831
13
198
262
653
43274
11
494
264
65975
2234
280
11
567
628
5372
280
20561
364
585
303
498
64
8142
60
198
262
653
1987
279
65975
9599
8952
539
506
1379
292
1754
2923
6987
262
653
4486
580
33075
303
264
1603
5364
11
567
628
5372
9599
685
310
280
478
580
32176
198
262
653
1541
279
65975
716
8772
264
64258
9581
413
279
5364
369
1248
3213
6987
262
653
6558
579
1910
567
599
65975
9599
303
498
43
11
423
60
318
747
26162
466
524
8
198
262
653
733
264
1603
5364
5732
506
423
10
16
11
279
1727
65975
9599
513
498
43
54938
11
423
33932
60
30753
290
440
498
49
10
16
11
2423
60
198
262
653
1987
498
2721
2697
10
16
11
436
54938
681
423
33932
60
198
1031
262
653
1061
9581
26817
321
9297
8772
64258
321
3349
6987
262
653
1690
1004
9602
11
353
3172
3627
279
1262
321
1866
65975
2234
303
279
1428
4393
3136
6987
262
653
6558
728
6762
25
65975
7033
11
65975
6144
283
279
1262
321
1866
65975
9599
421
513
328
49245
1
198
262
653
1921
781
2493
524
381
64258
6987
262
653
15767
279
16484
11
1042
728
1066
958
279
2029
421
292
2564
220
17
15
321
1817
3743
26126
799
539
799
6987
262
653
3130
25
716
314
65975
9599
303
264
3136
314
1331
292
10
20
2094
279
1428
46398
198
262
653
1921
279
46398
10480
11
321
567
10390
1603
13211
6987
262
653
353
3172
635
411
25
695
262
653
220
16
13
4980
440
65975
283
313
16
92
198
262
653
220
17
13
1690
1754
3743
9581
303
1906
11
1716
413
567
628
615
3162
424
198
262
653
220
18
13
26260
3743
26126
11
413
279
1603
5364
369
1248
3213
11
567
628
4990
424
6379
6987
262
653
6558
579
6762
264
709
310
8952
65975
9599
1472
264
1603
5364
498
2388
11
809
60
198
262
687
8952
84384
43292
20001
5620
74641
11
1151
11
809
1590
198
285
4071
21365
65975
9599
11
8952
1472
1603
5364
498
2388
11
809
60
12237
198
285
413
524
65975
25
198
309
460
716
363
198
1726
285
653
561
65975
9599
421
628
2895
1083
498
2388
11
809
60
198
285
653
5369
2234
280
11
567
628
5372
280
20561
364
585
303
498
64
8142
60
413
280
20561
369
303
498
2388
41302
60
321
1603
198
285
653
1987
567
1144
280
1680
421
1151
1402
2564
280
2564
809
7174
8675
285
653
1921
567
1048
1144
310
3579
279
1105
1332
1151
369
65975
494
6149
9599
198
285
653
6558
579
5199
7638
8952
8675
285
653
8439
279
5364
369
1603
11
567
628
2426
22451
198
285
653
561
491
65975
9599
303
498
2388
11
809
60
2445
494
25
198
285
653
220
16
13
72812
303
65975
421
628
7538
1083
498
2388
11
809
60
198
285
653
220
17
13
72812
303
498
2388
11
809
60
421
628
381
8379
494
975
9599
303
498
2388
11
809
60
198
1726
285
653
6558
579
635
87244
2785
279
5364
11
694
424
1362
381
6552
198
285
653
11746
11
5020
421
413
279
5364
369
1248
3213
11
567
3172
4990
424
6379
8675
285
653
28924
279
1262
2234
303
498
2388
11
809
60
421
628
381
8379
198
285
653
5369
6149
65975
11
279
1262
65975
303
498
2388
11
809
60
369
25
198
285
653
1262
1250
20561
364
280
303
65975
11
585
303
498
64
8142
60
413
1151
2564
280
20561
2564
809
8
198
1726
285
653
1061
369
3583
6150
13
6558
728
958
264
2086
5313
13
198
1726
285
1440
6987
262
653
6558
728
16526
440
264
30835
5313
6987
262
653
8439
292
2564
220
17
15
11
353
3172
3627
65975
9599
1608
264
2612
723
466
716
11
694
1132
364
9599
198
262
653
421
513
2785
292
314
866
3743
9581
18169
466
279
2100
6987
262
653
32645
11
279
4101
467
5313
25
695
262
653
471
1165
628
1132
381
18716
539
3743
26126
198
262
653
471
26260
3743
26126
11
413
567
628
5372
279
1151
314
279
12558
11
567
628
5372
279
809
318
1891
1248
3213
31092
8
198
262
653
471
561
8751
3296
369
25
364
1754
3743
9581
11
628
567
7538
888
424
30
198
1031
262
653
6558
579
1817
1754
3743
9581
318
75
11
427
1590
198
262
653
1165
1144
310
5372
1010
2234
835
427
494
9599
361
324
198
262
653
43274
11
567
1144
264
65975
2234
280
361
324
1680
421
280
478
585
835
427
364
1010
585
303
498
64
8142
60
198
262
653
585
1673
2487
280
835
427
471
292
11
748
280
303
498
2721
7
16
11
427
1402
10
16
681
324
12
16
60
321
280
369
65975
321
280
20561
835
427
3254
585
835
427
2195
11
748
585
2518
1866
2784
11
427
2195
10
16
8
198
262
653
1541
585
2564
292
11
748
567
1144
1866
2784
11
427
2195
10
16
8
2564
292
11
585
1673
2487
427
2195
10
16
2564
292
11
585
1673
2487
280
2518
427
1402
10
16
6987
262
653
1987
567
1144
25
6513
65975
280
303
498
81
1402
10
16
11
324
12
16
60
1680
421
280
20561
369
1603
364
1010
585
303
498
64
8142
60
440
280
20561
835
427
198
262
653
1921
280
20561
835
427
3254
585
835
427
2195
11
748
585
2518
427
2195
10
16
13
8439
585
2564
292
11
567
1144
427
2195
10
16
2564
292
11
748
280
2518
427
1402
10
16
198
262
653
1541
585
2518
264
11
748
567
1144
427
2195
10
16
2518
264
466
264
835
427
2195
10
16
318
7834
585
2518
264
2590
11
748
413
427
2195
10
16
361
264
11
567
628
958
585
23478
8
198
262
653
32645
11
567
1066
1144
25
1017
6513
585
303
498
64
11
1262
1818
11
307
2195
7025
1680
421
280
20561
835
427
321
280
20561
369
1603
198
262
653
280
20561
835
427
574
585
835
427
2195
574
585
2518
427
2195
10
16
198
262
653
1987
585
303
498
2721
2784
11
427
2195
10
16
681
1262
1818
11
307
2195
7025
198
262
653
1061
9581
369
2397
38127
413
1866
2784
11
427
2195
10
16
8
2564
1262
1818
11
307
2195
8
198
1031
262
653
1541
280
20561
1902
381
1603
11
585
1673
2487
524
303
866
3743
9581
13
1921
567
2224
8427
3743
26126
303
1906
11
198
262
653
748
280
20561
835
427
3254
280
20561
369
1238
411
3743
9581
11
748
424
579
1603
318
37488
303
264
2843
3743
9581
8
198
1031
262
653
1987
364
1754
3743
9581
11
567
1144
310
1716
413
567
628
7538
888
424
6987
262
653
6558
248046
198
248045
846
198
7525
3555
4621
4490
279
6813
13
5514
579
279
1412
25
198
220
2793
34397
49
21
358
287
45
24
71
56
6971
487
1500
220
21
20
198
262
20482
506
411
3377
11
353
1144
310
7995
413
567
628
5372
9057
443
494
9057
220
16
539
28055
1881
9599
1332
1754
7538
369
314
1331
1510
64
63
310
1510
65
7561
321
567
628
914
4128
383
866
328
13458
1
30308
318
51819
2785
279
2574
26126
553
198
55036
8074
6108
198
32769
1401
25
20848
49477
886
22419
318
18702
1514
506
1500
220
21
20
8
14200
1206
311
40138
11
411
369
678
3274
25
4310
279
2614
709
11618
321
4479
889
11
6999
4072
279
709
7246
321
1440
660
279
6813
13
2972
5683
4045
67305
3067
13209
50
159029
271
2523
1220
14623
279
1970
488
10490
303
264
64504
1970
2424
318
784
9609
31789
318
19458
668
31153
279
3889
5568
8
248046
198
248045
74455
198
248068
271
248069
271
9764
728
944
1472
411
15060
13
271
71093
12305
198
1445
18904
1120
1697
11
23846
1358
727
628
1243
595
6018
1393
25
514
11
295
25
514
11
264
25
514
11
292
25
514
11
3743
87682
25
1697
19723
5871
18078
11
514
28649
1411
1744
25
198
262
4071
28924
413
424
579
3102
310
3166
494
9057
220
16
310
9057
443
539
18253
28055
13
198
1031
262
2532
513
443
30308
26899
303
264
2713
11
28853
220
16
310
443
13
1394
1151
506
9057
220
16
321
1318
310
5372
9057
443
13
198
262
733
1754
3166
11
413
488
2224
506
9057
830
11
488
628
7538
310
9057
830
478
585
1332
25
198
262
471
264
2564
585
2564
292
198
262
471
830
478
585
2564
307
198
262
471
9057
830
478
585
369
524
303
866
314
279
3743
26126
6987
262
357
9057
492
369
3743
413
1017
6513
1010
9581
318
75
5150
11
427
5150
8
1680
421
324
5150
2564
492
2564
427
5150
13
198
1031
262
17167
25
198
285
307
25
561
1324
314
30308
318
17
2564
307
2564
220
16
15
61
16
17
8
198
285
295
25
561
1324
314
3743
26126
318
15
2564
295
2564
220
17
9
16
15
61
19
8
198
285
264
25
561
7776
7538
1331
318
16
2564
264
2564
292
2564
220
17
15
8
198
285
292
25
561
6966
7538
1331
198
285
3743
87682
25
1697
314
43716
318
75
5150
11
427
5150
8
13661
3743
26126
13
198
2467
561
26126
513
10300
321
2397
27335
87502
13
198
1031
262
5019
25
198
285
2912
413
424
579
3102
310
5372
9057
307
494
9057
220
16
11
3439
5752
13
198
1031
262
11765
628
1243
595
6018
7
17
19
11
220
17
11
220
18
11
220
20
11
17294
22
11
220
23
681
318
16
22
11
220
17
15
45047
198
262
2912
198
262
11765
628
1243
595
6018
7
18
15
11
220
16
11
220
20
11
220
23
11
17294
19
11
220
17
19
45047
198
262
3439
198
262
11765
628
1243
595
6018
7
16
15
15
11
220
19
11
220
16
15
11
220
16
16
11
17294
16
21
11
220
16
23
681
318
18
24
11
220
19
17
681
318
20
15
11
220
20
20
681
318
24
18
11
220
24
24
45047
198
262
2912
198
262
4071
198
262
653
4109
413
1151
318
16
8
466
809
318
77
8
369
3743
198
262
364
324
11
427
303
3743
87682
25
198
285
413
324
2564
220
16
2564
427
466
324
2564
307
2564
427
25
198
309
460
3439
6987
262
413
295
606
220
15
25
198
285
653
2233
3743
26126
11
1716
413
567
628
5372
307
494
220
16
440
33075
498
64
11
292
60
198
285
653
1165
1144
307
12
16
310
381
65975
430
264
2542
314
4947
1754
303
498
64
11
292
60
198
285
653
8439
567
628
958
866
1324
314
33075
11
411
369
3102
49388
307
12
16
2518
220
15
198
285
653
321
307
12
16
628
381
13717
13
1690
2020
498
64
8142
1089
660
24959
2518
318
65
12
16
4653
64
478
264
471
318
65
12
16
8
2423
695
285
653
32645
33153
25
440
33075
498
64
8142
1089
494
220
16
567
628
5372
9599
220
16
11
220
16
54938
11
220
16
54938
10
16
11
4831
13
198
285
653
561
65975
33887
1304
264
5067
72119
13
1690
264
28
16
11
660
9599
65975
13
198
285
653
733
4437
11
307
12
16
369
65975
49388
307
12
16
2518
220
15
321
318
77
12
16
8
628
381
5158
430
2542
314
5255
494
498
64
8142
906
198
285
653
1061
369
3102
49388
307
12
16
606
220
15
466
307
12
16
2518
264
318
10957
567
628
958
799
7538
314
1331
307
12
16
413
307
12
16
2564
292
11
198
285
653
466
5081
33075
553
32645
11
279
22685
7713
8883
12317
1067
364
9581
498
64
8142
5491
198
285
653
1942
24959
2518
318
64
12
16
17201
65
12
16
8
478
220
16
513
3875
470
30
2717
6681
13
198
285
653
6558
728
1066
1716
25
413
307
12
16
361
264
11
460
3439
318
37488
307
410
16
11
694
307
9628
17
8
198
285
653
1368
264
606
220
16
11
660
307
2518
220
16
65975
198
285
653
41959
11
307
12
16
369
65975
49388
307
12
16
2518
264
321
567
628
1304
424
11
2639
307
12
16
606
220
15
198
285
653
8439
567
628
958
5081
33075
11
307
12
16
369
65975
49388
307
12
16
628
381
12917
430
2542
314
695
285
653
4947
1754
303
498
64
8142
906
1061
369
3102
364
660
307
12
16
2518
264
3525
10451
1010
2526
2663
198
285
653
948
43364
4562
29783
11
694
2394
567
599
264
18677
2020
11
660
307
12
16
2518
264
513
65975
198
285
653
430
1248
430
264
2518
220
16
13
35764
25
364
307
12
16
2518
264
11
413
307
12
16
2564
292
11
958
799
7538
13
1368
307
12
16
835
292
11
198
285
653
958
799
7538
314
1331
292
11
1179
1144
307
12
16
1402
864
369
2518
264
1402
10
1076
84485
13
198
285
653
32645
424
579
3750
421
364
9581
498
64
8142
1089
660
24959
2518
318
64
12
16
17201
65
12
16
8
478
220
16
513
3875
470
198
285
653
694
421
579
364
18197
13
1690
1004
1105
11
2394
567
628
958
4001
1324
314
3665
11
660
24959
695
285
653
2518
264
513
3875
470
413
264
2518
220
16
30
2233
11
378
1257
2487
264
28
18
8142
28
18
25
1132
62862
314
220
18
13
198
285
653
1987
353
1144
310
381
777
16097
13
1921
2574
279
16484
264
2564
220
17
15
11
353
628
1066
635
264
87244
364
2526
307
198
285
653
466
958
279
2029
421
279
3377
6813
668
3579
424
13
198
1726
285
653
32645
11
1042
728
1066
3579
424
9971
440
279
4437
11767
3559
11
864
4138
364
660
4886
13
198
285
1440
6987
262
653
3146
5313
1608
279
2029
421
292
2564
220
17
15
198
262
653
1165
3172
1817
3743
26126
303
1906
11
14419
65975
9599
3043
279
46398
6987
262
653
5141
19407
25
2394
292
2564
220
17
15
11
279
716
314
328
94205
1
9599
318
51819
421
1362
2895
310
307
8
198
262
653
369
6973
13
1165
3172
3627
864
9599
303
264
32713
3136
513
65975
13
198
1031
262
653
51301
25
695
262
653
220
16
13
1165
22424
494
2047
310
1245
198
262
653
220
17
13
1165
10000
264
716
314
65975
9599
11
694
1132
2426
1782
2785
292
314
279
1428
2234
198
262
653
220
18
13
3095
567
12460
264
3743
9581
11
567
1716
413
567
628
615
3162
424
6987
262
653
4254
22898
11
567
3172
1817
279
1500
9933
539
9933
25
198
262
653
471
7441
20006
25
413
567
599
866
65975
2234
11
567
628
5372
660
16905
9599
198
262
653
256
318
10957
494
866
2234
280
11
567
628
5372
280
54938
11
321
494
280
54938
5372
280
10
17
64
11
4831
2487
20621
303
8
198
262
653
471
11132
20006
25
567
1144
310
1716
413
567
628
7538
888
1070
6987
262
653
6558
728
4072
264
30835
5313
25
198
262
653
19182
279
7776
65975
2234
421
628
328
9252
1
4487
6987
262
653
8439
292
369
2526
11
353
3172
958
264
2086
8024
25
198
262
653
1690
1754
2234
830
421
369
264
18169
314
264
3743
9581
466
13643
11
1716
5372
2803
6987
262
653
32645
11
279
43070
4252
5313
2574
292
2564
220
17
15
25
198
262
653
1165
628
1132
381
328
267
1875
1
413
1017
579
264
3743
9581
421
567
628
914
7538
888
198
262
653
357
3743
9581
318
75
11
427
8
9714
586
413
25
198
262
653
256
471
1942
9599
303
498
75
1402
11
324
12
16
60
421
513
65975
4021
7538
310
866
2234
303
498
81
10
16
11
427
33932
60
421
369
1603
198
262
653
256
471
4254
22898
11
874
65975
2234
280
303
498
75
1402
11
324
12
16
60
682
280
20561
303
498
81
10
16
11
1262
1393
11
427
33932
7025
364
1010
585
303
498
64
8142
60
1332
280
20561
369
1603
6987
262
653
6558
728
3627
65975
9599
1608
264
716
11
694
1132
364
9599
3043
3743
9581
22005
6987
262
653
8340
660
3743
26126
303
1906
198
262
653
83392
25
279
716
314
65975
9599
11
694
567
628
328
37088
1
1603
13211
6987
262
653
353
3172
3627
25
364
1754
328
22446
1
1881
3743
26126
11
3315
567
628
36303
424
198
262
653
321
1092
9599
506
279
809
314
279
9933
513
65975
6987
262
653
6558
579
6762
25
1238
8427
685
310
2234
830
11
864
9599
303
498
87
1402
10
16
11
830
60
513
65975
198
262
653
1921
830
628
381
6552
11
748
567
10390
1603
13211
6987
262
653
5514
579
821
3019
25
198
262
653
220
16
13
4980
440
65975
283
313
16
92
198
262
653
220
17
13
8340
3743
26126
303
1906
198
262
653
220
18
13
12851
1754
3743
9581
318
75
11
427
681
8952
65975
1472
279
1603
5364
498
9590
6018
10
16
11
324
12
16
60
198
262
653
220
19
13
4109
413
567
628
7538
888
279
3743
9581
310
498
81
10
16
11
2423
60
198
262
653
220
20
13
4486
660
3743
26126
11
1716
413
567
628
5372
307
1472
498
4119
6018
10
16
11
307
60
198
1031
262
653
1690
22451
1472
264
1603
5364
498
2388
11
809
5491
198
262
653
1368
567
599
65975
9599
11
279
491
65975
9599
303
498
2388
11
809
60
513
25
198
262
653
1942
9599
303
498
2388
11
809
60
421
628
381
8379
494
6149
65975
9599
198
262
653
16410
264
1248
1603
5364
11
413
567
599
866
65975
2234
11
567
628
4990
279
4307
5364
198
262
653
318
10957
567
628
2426
28055
539
264
11
321
264
2564
220
17
15
11
748
567
628
5372
660
9599
8
198
1031
262
653
32645
11
494
264
65975
2234
280
11
303
264
1603
5364
11
567
628
5372
280
54938
11
280
10
17
64
11
4831
13
198
262
653
1541
1048
280
54938
10
16
11
280
54938
10
17
11
58317
280
33932
318
1445
280
681
1179
494
280
54938
567
628
5372
280
10
17
64
310
280
54938
33932
11
4831
13
198
262
653
1987
279
65975
716
303
264
1603
5364
50110
310
264
64258
9581
413
279
5364
369
1248
3213
6987
262
653
1690
1004
9602
11
413
279
1603
5364
498
2388
11
809
60
682
2984
2518
292
11
321
567
628
5372
866
2234
198
262
653
303
424
11
567
628
5372
660
9599
303
424
318
1634
8053
28055
8
198
1031
262
653
6558
728
4072
2923
539
2923
25
198
1031
262
687
369
33067
11909
11
3743
87682
1590
198
285
4071
3840
413
1097
369
303
866
3743
9581
1608
7620
2624
12237
198
285
750
11
15131
283
220
15
11
2343
1818
327
87682
8
471
220
16
198
285
1345
750
2564
15131
25
198
309
4937
283
318
379
478
15131
8
434
220
17
198
309
324
11
427
283
3743
87682
38374
60
198
309
413
1097
361
324
25
198
388
15131
283
4937
471
220
16
198
309
4265
1097
835
427
25
198
388
750
283
4937
478
220
16
198
309
745
25
198
388
460
2912
198
285
460
3439
6987
262
653
19182
65975
9599
430
264
716
11
694
567
3172
23835
948
3102
198
262
653
8439
292
2564
220
17
15
11
279
65975
716
303
866
328
2932
1
3136
682
506
1379
292
23173
9599
6987
262
653
6558
728
3627
25
1262
1243
595
11
1866
1243
595
283
279
2020
314
65975
9599
318
63157
64258
8
198
262
653
1921
781
2493
524
381
64258
14661
6987
262
653
4980
198
262
65975
283
313
16
92
198
262
7624
6018
283
220
15
220
653
809
314
3555
3743
9581
318
9147
391
220
15
11
7063
1518
2234
220
16
8
198
1031
262
364
585
11
318
75
11
427
8
303
12867
1818
327
87682
1590
198
285
653
48455
65975
1472
1603
5364
498
9590
6018
478
220
16
11
324
471
220
16
60
198
285
413
324
471
220
16
835
7624
6018
25
198
309
1151
43292
283
7624
6018
478
220
16
198
309
809
43292
283
324
471
220
16
18015
309
653
5369
1428
65975
9599
11
8952
1083
498
2388
43292
11
809
43292
60
198
309
653
1478
65975
9599
303
411
5364
25
198
309
491
1243
74641
283
716
363
198
309
364
280
303
65975
25
198
388
364
7538
303
2020
2784
11
292
478
220
16
1590
198
493
2510
283
280
478
7538
198
493
413
1151
43292
2564
2510
2564
809
43292
25
198
646
491
1243
74641
1316
9607
8
198
3265
309
653
4543
8952
2785
279
1603
5364
4924
318
33
8225
12317
8
198
309
653
8439
279
5364
369
1603
11
567
628
2426
22451
198
309
653
5272
264
6951
15797
8225
198
309
6951
283
1103
1693
1243
74641
8
198
309
11653
283
716
1693
1243
74641
8
198
309
1345
6951
25
198
388
280
283
6951
8030
363
198
388
364
7538
303
2020
2784
11
292
478
220
16
1590
198
493
2510
283
280
478
7538
198
493
413
1151
43292
2564
2510
2564
809
43292
321
2510
524
303
11653
25
198
646
11653
1316
9607
8
198
646
6951
1989
9607
8
198
3265
309
491
1243
74641
283
11653
198
309
653
38754
440
6149
65975
318
26547
1518
1151
43292
513
1990
65975
413
781
628
5372
307
8
198
309
653
1921
364
4487
4936
11
567
14156
2373
883
9599
421
628
2962
4487
198
309
653
6558
579
2426
660
65975
9599
198
309
65975
283
65975
735
491
1243
74641
8675
285
653
4543
1716
413
567
628
7538
888
279
3743
9581
318
75
11
427
8
198
285
653
1165
1144
264
65975
2234
280
361
324
1680
421
280
478
585
835
427
364
1010
585
303
498
64
11
292
60
198
285
653
1541
280
478
585
369
1603
318
1856
303
866
3743
9581
8
198
285
653
280
478
585
835
427
3254
585
835
427
471
280
11
748
585
2518
427
471
280
478
220
16
198
285
653
7054
585
2564
292
11
748
567
1144
427
471
280
478
220
16
2564
292
11
585
1673
2487
280
2518
427
471
292
478
220
16
198
285
653
1541
585
2518
264
11
748
567
1144
1866
2784
11
427
471
280
478
220
16
8
2564
1262
1818
11
307
471
280
8
198
1726
285
628
63228
14980
283
3439
198
285
364
280
303
65975
25
198
309
413
280
2518
324
25
198
388
2962
220
653
280
369
303
466
1238
279
3743
9581
11
10390
198
309
653
4109
413
567
628
7538
494
280
310
1010
2234
835
427
198
309
1262
5150
283
1866
2784
11
427
471
280
478
220
16
8
198
309
1866
5150
283
1262
1818
11
307
471
280
8
198
309
413
1262
5150
2564
1866
5150
25
198
388
653
4109
413
866
280
478
585
364
585
303
498
1030
5150
11
1866
5150
60
369
1603
198
388
364
7538
303
2020
13741
5150
11
1866
5150
478
220
16
1590
198
493
2510
283
280
478
7538
198
493
413
2510
835
307
25
198
646
1387
198
493
413
2510
835
427
321
524
369
33067
9607
11
3743
87682
1590
198
646
628
63228
14980
283
2912
198
646
1387
198
309
413
628
63228
14980
25
198
388
1387
8675
285
413
524
628
63228
14980
25
198
309
460
3439
8675
285
653
4486
28055
888
11
884
279
9599
835
427
421
513
65975
198
285
653
4081
668
381
14789
303
279
1727
18971
198
285
364
280
303
65975
25
198
309
413
280
2518
324
25
198
388
2962
198
309
1262
5150
283
1866
2784
11
427
471
280
478
220
16
8
198
309
1866
5150
283
1262
1818
11
307
471
280
8
198
309
364
7538
303
2020
13741
5150
11
1866
5150
478
220
16
1590
198
388
2510
283
280
478
7538
198
388
413
2510
835
307
25
198
493
1387
198
388
413
2510
835
427
321
524
369
33067
9607
11
3743
87682
1590
198
493
65975
1316
9607
8
198
1726
285
7624
6018
283
427
6987
262
653
4486
660
3743
26126
11
8952
1472
498
9590
6018
478
220
16
11
307
60
198
262
413
7624
6018
361
307
25
198
285
1151
43292
283
7624
6018
478
220
16
198
285
809
43292
283
307
8675
285
491
1243
74641
283
716
363
198
285
364
280
303
65975
25
198
309
364
7538
303
2020
2784
11
292
478
220
16
1590
198
388
2510
283
280
478
7538
198
388
413
1151
43292
2564
2510
2564
809
43292
25
198
493
491
1243
74641
1316
9607
8
198
1726
285
6951
283
1103
1693
1243
74641
8
198
285
11653
283
716
1693
1243
74641
8
198
285
1345
6951
25
198
309
280
283
6951
8030
363
198
309
364
7538
303
2020
2784
11
292
478
220
16
1590
198
388
2510
283
280
478
7538
198
388
413
1151
43292
2564
2510
2564
809
43292
321
2510
524
303
11653
25
198
493
11653
1316
9607
8
198
493
6951
1989
9607
8
198
1726
285
65975
283
65975
735
11653
6987
262
460
307
303
65975
198
71093
271
13784
11
411
5313
682
264
3377
471
279
87244
1362
381
1546
6103
364
3349
1603
13211
13
6558
728
37781
13
271
12189
292
36059
220
17
15
11
303
264
1603
5364
11
413
567
628
5372
866
2234
11
567
628
5372
660
9599
303
421
5364
318
1634
8053
28055
553
1987
353
628
38406
25
271
71093
12305
198
1445
18904
1120
1697
11
23846
1358
727
628
1243
595
6018
1393
25
514
11
295
25
514
11
264
25
514
11
292
25
514
11
3743
87682
25
1697
19723
5871
18078
11
514
28649
1411
1744
25
198
262
364
324
11
427
303
3743
87682
25
198
285
413
324
2564
220
16
2564
427
466
324
2564
307
2564
427
25
198
309
460
3439
6987
262
687
369
33067
11909
1590
198
285
750
11
15131
283
220
15
11
2343
1818
327
87682
8
471
220
16
198
285
1345
750
2564
15131
25
198
309
4937
283
318
379
478
15131
8
434
220
17
198
309
324
11
427
283
3743
87682
38374
60
198
309
413
1097
361
324
25
198
388
15131
283
4937
471
220
16
198
309
4265
1097
835
427
25
198
388
750
283
4937
478
220
16
198
309
745
25
198
388
460
2912
198
285
460
3439
6987
262
653
19182
65975
9599
198
262
65975
283
313
16
92
198
262
7624
6018
283
220
15
6987
262
364
324
11
427
303
3743
87682
25
198
285
653
48455
1472
1603
5364
498
9590
6018
478
220
16
11
324
471
220
16
60
198
285
413
324
471
220
16
835
7624
6018
25
198
309
1151
43292
283
7624
6018
478
220
16
198
309
809
43292
283
324
471
220
16
18015
309
653
7145
660
65975
9599
303
498
2388
43292
11
809
43292
60
198
309
653
5369
1428
65975
11
7538
1083
411
5364
198
309
491
1243
595
283
716
363
198
309
364
280
303
65975
25
198
388
364
7538
303
2020
2784
11
292
478
220
16
1590
198
493
2510
283
280
478
7538
198
493
413
1151
43292
2564
2510
2564
809
43292
25
198
646
491
1243
595
1316
9607
8
198
3265
309
653
733
264
1603
5364
11
413
567
628
5372
866
2234
11
567
628
5372
660
9599
198
309
653
421
513
2785
279
5364
321
65975
4417
33075
198
309
653
5272
87244
694
3798
310
279
5364
198
309
6951
283
1103
1693
1243
595
8
198
309
11653
283
716
1693
1243
595
8
198
309
1345
6951
25
198
388
280
283
6951
8030
363
198
388
364
7538
303
2020
2784
11
292
478
220
16
1590
198
493
2510
283
280
478
7538
198
493
413
1151
43292
2564
2510
2564
809
43292
321
2510
524
303
11653
25
198
646
11653
1316
9607
8
198
646
6951
1989
9607
8
198
3265
309
65975
283
65975
735
11653
8675
285
653
4109
413
567
628
7538
888
3743
9581
318
75
11
427
8
198
285
628
63228
283
3439
198
285
364
280
303
65975
25
198
309
413
280
2518
324
25
198
388
2962
198
309
1262
5150
283
1866
2784
11
427
471
280
478
220
16
8
198
309
1866
5150
283
1262
1818
11
307
471
280
8
198
309
413
1262
5150
2564
1866
5150
25
198
388
364
7538
303
2020
13741
5150
11
1866
5150
478
220
16
1590
198
493
2510
283
280
478
7538
198
493
413
2510
835
307
25
198
646
1387
198
493
413
2510
835
427
321
524
369
33067
9607
1590
198
646
628
63228
283
2912
198
646
65975
1316
9607
8
198
646
1387
198
309
413
628
63228
25
198
388
1387
8675
285
413
524
628
63228
25
198
309
460
3439
8675
285
7624
6018
283
427
6987
262
653
12650
14046
310
307
198
262
413
7624
6018
361
307
25
198
285
1151
43292
283
7624
6018
478
220
16
198
285
491
1243
595
283
716
363
198
285
364
280
303
65975
25
198
309
364
7538
303
2020
2784
11
292
478
220
16
1590
198
388
2510
283
280
478
7538
198
388
413
1151
43292
2564
2510
2564
307
25
198
493
491
1243
595
1316
9607
8
198
1726
285
6951
283
1103
1693
1243
595
8
198
285
11653
283
716
1693
1243
595
8
198
285
1345
6951
25
198
309
280
283
6951
8030
363
198
309
364
7538
303
2020
2784
11
292
478
220
16
1590
198
388
2510
283
280
478
7538
198
388
413
1151
43292
2564
2510
2564
307
321
2510
524
303
11653
25
198
493
11653
1316
9607
8
198
493
6951
1989
248046
198