248045
846
198
4274
279
2614
709
11618
321
4479
889
11
6999
4072
279
709
7246
321
1440
660
279
6813
13
2972
5683
4045
67305
3067
13209
50
159029
271
2523
1220
14623
279
1970
488
10490
303
264
64504
1970
2424
318
784
9609
31789
318
19458
668
31153
279
3889
5568
8
271
71093
198
727
1866
59292
1002
52357
6940
19186
5062
15057
1104
25
592
11
324
25
514
11
427
25
514
8
1411
514
25
198
262
4071
7145
279
6966
2984
314
264
1146
15057
2785
274
16378
12
16
65086
60
421
7346
449
220
16
16
14
17
17
886
13
198
1031
262
1473
220
16
16
14
17
17
886
369
4364
430
25
198
262
471
1049
682
10016
2984
198
262
471
561
1118
318
2798
10
16
26277
17
471
220
16
5587
513
660
359
16
6
198
262
471
561
5956
3542
506
2234
318
2798
10
16
26277
17
369
14423
198
262
471
561
9376
5587
513
660
359
17
6
198
1031
262
1690
3010
25
54533
359
16
14
17
504
359
16
16
14
17
17
504
359
16
16
16
14
17
17
17
6
513
220
16
16
14
17
17
8796
13
198
1031
262
17167
25
198
285
274
25
357
886
29607
314
5587
359
16
504
359
17
504
321
14423
198
285
324
25
26760
2234
318
16
20834
290
8
198
285
427
25
70923
2234
318
16
20834
290
11
27389
8
198
1031
262
5019
25
198
285
561
6966
2984
314
264
1146
15057
421
7346
449
220
16
16
14
17
17
886
11
466
220
15
413
6643
6513
13
198
1031
262
11765
1866
59292
1002
52357
6940
19186
5062
15057
482
16
16
16
14
17
16
17
504
220
16
11
220
22
8
198
262
220
20
198
262
11765
1866
59292
1002
52357
6940
19186
5062
15057
482
16
16
16
14
17
16
17
14
16
16
17
17
504
220
24
11
220
16
17
8
198
262
220
15
198
262
11765
1866
59292
1002
52357
6940
19186
5062
15057
482
16
16
16
14
17
16
17
14
16
16
17
17
504
220
18
11
220
21
8
198
262
220
18
198
262
4071
271
727
1716
69574
1590
198
262
653
3284
4886
494
279
3377
198
262
274
283
359
16
16
16
14
17
16
17
14
16
16
17
17
6
198
262
1992
8871
1104
11
220
16
11
220
22
8
606
220
20
198
262
1992
8871
1104
11
220
24
11
220
16
17
8
606
220
15
198
262
1992
8871
1104
11
220
18
11
220
21
8
606
220
18
198
262
1992
8871
1104
11
220
19
11
220
16
15
8
606
220
16
198
262
1992
8871
1104
11
220
16
11
220
16
17
8
606
220
22
6987
262
653
22484
1228
4886
198
262
274
283
359
16
16
14
17
16
94284
17
16
16
17
14
16
14
16
14
16
17
17
17
14
17
17
17
17
14
17
16
16
16
14
16
17
16
17
16
14
17
320
17
320
16
16
14
17
17
16
14
16
16
320
16
14
16
705
17
17
17
17
17
16
17
14
17
17
43061
198
262
1992
8871
1104
11
220
22
16
11
220
22
18
8
606
220
16
198
262
1992
8871
1104
11
220
19
19
11
220
20
21
8
606
220
20
198
262
1992
8871
1104
11
220
20
21
11
220
21
15
8
606
220
16
198
262
1992
8871
1104
11
220
16
11
220
21
21
8
606
220
16
22
198
262
1992
8871
1104
11
220
17
15
11
220
22
15
8
606
220
16
20
198
262
1992
8871
1104
11
220
22
18
11
220
22
21
8
606
220
16
198
262
1992
8871
1104
11
220
19
22
11
220
21
16
8
606
220
20
198
262
1992
8871
1104
11
220
20
11
220
22
21
8
606
220
17
20
198
262
1992
8871
1104
11
220
20
18
11
220
22
18
8
606
220
24
198
262
1992
8871
1104
11
220
18
15
11
220
18
16
8
606
220
15
198
262
1992
8871
1104
11
220
19
22
11
220
21
18
8
606
220
20
198
262
1992
8871
1104
11
220
17
16
11
220
21
19
8
606
220
24
6987
262
653
10041
4886
198
262
1992
8871
19795
220
16
11
220
16
8
606
220
16
198
262
1992
8871
482
16
17
17
17
504
220
16
11
220
19
8
606
220
15
198
262
1992
8871
482
16
16
16
16
16
16
16
16
16
16
16
16
16
16
16
504
220
16
11
220
16
20
8
606
220
15
198
262
1992
8871
482
16
16
14
17
17
504
220
19
11
220
19
8
606
220
15
6987
262
653
4254
1228
4886
198
262
274
283
3244
17
320
17
14
17
14
17
17
17
320
16
320
16
16
17
320
17
17
16
10997
198
262
1992
8871
1104
11
220
20
11
220
16
18
8
606
220
16
198
262
1992
8871
1104
11
220
17
15
11
220
17
16
8
606
220
16
198
262
1992
8871
1104
11
220
16
18
11
220
17
17
8
606
220
18
198
262
1992
8871
1104
11
220
16
15
11
220
17
20
8
606
220
20
198
262
1992
8871
1104
11
220
18
11
220
20
8
606
220
16
198
262
1992
8871
1104
11
220
16
22
11
220
16
22
8
606
220
15
271
2
5272
1716
8474
59292
1002
52357
6940
19186
5062
15057
8
310
1542
6813
13
198
71093
248046
198
248045
74455
198
248068
271
248069
271
71093
12305
198
727
1866
59292
1002
52357
6940
19186
5062
15057
1104
25
592
11
324
25
514
11
427
25
514
8
1411
514
25
198
262
4071
7145
279
6966
2984
314
264
1146
15057
2785
274
16378
12
16
65086
60
421
7346
449
220
16
16
14
17
17
886
13
198
1031
262
1473
220
16
16
14
17
17
886
369
4364
430
25
198
262
471
1049
682
10016
2984
198
262
471
561
1118
318
2798
10
16
26277
17
471
220
16
5587
513
660
359
16
6
198
262
471
561
5956
3542
506
2234
318
2798
10
16
26277
17
369
14423
198
262
471
561
9376
5587
513
660
359
17
6
198
1031
262
1690
3010
25
54533
359
16
14
17
504
359
16
16
14
17
17
504
359
16
16
16
14
17
17
17
6
513
220
16
16
14
17
17
8796
13
198
1031
262
17167
25
198
285
274
25
357
886
29607
314
5587
359
16
504
359
17
504
321
14423
198
285
324
25
26760
2234
318
16
20834
290
8
198
285
427
25
70923
2234
318
16
20834
290
11
27389
8
198
1031
262
5019
25
198
285
561
6966
2984
314
264
1146
15057
421
7346
449
220
16
16
14
17
17
886
11
466
220
15
413
6643
6513
13
198
1031
262
11765
1866
59292
1002
52357
6940
19186
5062
15057
482
16
16
16
14
17
16
17
504
220
16
11
220
22
8
198
262
220
20
198
262
11765
1866
59292
1002
52357
6940
19186
5062
15057
482
16
16
16
14
17
16
17
14
16
16
17
17
504
220
24
11
220
16
17
8
198
262
220
15
198
262
11765
1866
59292
1002
52357
6940
19186
5062
15057
482
16
16
16
14
17
16
17
14
16
16
17
17
504
220
18
11
220
21
8
198
262
220
18
198
262
4071
198
262
653
22116
279
37172
318
16
20834
290
11
27389
8
198
262
37172
283
274
16378
12
16
65086
60
198
1031
262
653
1165
1144
310
1423
279
6966
2984
314
264
1146
15057
421
7346
449
220
16
16
14
17
17
886
13
198
262
653
1473
220
16
16
14
17
17
886
314
2984
436
318
14137
8
682
25
198
262
653
471
318
43
12
16
26277
17
359
16
579
506
279
6941
198
262
653
471
14423
303
279
5956
198
262
653
471
318
43
12
16
26277
17
359
17
579
506
279
809
6987
262
653
1690
264
1146
15057
11
567
1144
310
3608
5587
303
1906
494
279
37172
13
198
262
653
561
1146
15057
1902
599
25
198
262
653
471
580
359
16
579
318
258
1906
681
1179
264
14423
318
258
1906
1238
279
220
16
82
681
1179
580
359
17
579
318
258
1906
1238
279
593
8
198
262
653
561
2702
2984
369
220
17
41055
478
220
16
13
198
1031
262
653
1165
1144
310
33363
580
1680
421
1017
2905
9599
25
198
262
653
585
16
361
585
17
361
2423
361
12974
361
492
361
295
16
361
295
17
361
2423
361
23044
198
262
653
1332
37172
957
16
486
1524
60
513
660
359
16
504
37172
3681
60
369
54533
321
37172
11722
16
486
23677
60
513
660
359
17
4282
198
1031
262
653
51301
25
1690
1754
3102
2234
314
14423
318
1209
492
303
279
37172
681
198
262
653
1698
1204
1599
359
16
579
4833
1518
492
11
321
1204
1599
359
17
579
4833
1238
492
13
198
262
653
4844
580
628
381
506
1379
1262
11181
62
16
22966
5206
11
1698
62
17
19239
5206
553
198
262
653
561
6966
2984
364
411
492
369
220
17
348
1262
11181
62
16
22966
5206
11
1698
62
17
19239
5206
8
478
220
16
13
198
1031
262
653
1921
3655
471
567
1144
279
359
16
579
310
381
1518
492
321
279
359
17
579
310
381
1238
492
11
3449
279
1906
1902
381
32471
13
198
262
653
8439
567
2224
20483
264
1146
15057
11
866
359
16
6
1518
492
628
381
1429
11
321
866
359
17
6
1238
492
628
381
1429
13
198
262
653
561
1906
2785
279
220
16
82
3070
914
4766
318
19458
2224
660
359
16
4418
321
1788
364
220
17
82
13
198
262
653
1987
364
264
8097
492
1332
37172
3681
60
606
54533
279
6966
580
369
1262
17382
314
359
16
579
303
37172
58
15
55628
1089
1324
314
359
17
579
303
37172
3681
10
16
25
10381
198
1031
262
653
6558
579
9845
411
11870
25
198
262
653
1368
567
3608
492
430
279
2234
314
54533
567
1144
580
359
16
579
1518
424
321
580
359
17
579
1238
424
13
198
262
653
8439
567
628
3608
866
25162
314
359
16
579
1518
492
318
258
1906
11
694
781
2224
660
359
16
6
748
866
580
314
1070
944
8
198
262
653
321
866
25162
314
359
17
579
1238
492
318
258
1906
11
694
781
2224
660
359
17
6
748
866
580
314
1070
944
681
198
262
653
279
20908
369
4777
25
580
2564
1698
314
359
16
579
1518
492
3449
580
2564
1698
314
359
17
579
1238
492
13
198
262
653
1987
1866
580
364
411
492
283
1262
11181
62
16
22966
11
1698
62
17
19239
553
198
1031
262
307
283
2343
10309
889
8
198
262
413
307
606
220
15
25
198
285
460
220
15
6987
262
1786
283
220
15
6987
262
364
492
303
2020
1393
1590
198
285
413
37172
3681
60
606
3244
1170
198
309
653
4356
359
16
579
1518
2234
492
198
309
1698
62
16
22966
283
220
15
198
309
364
585
303
2020
3216
1590
198
388
413
37172
957
60
606
359
16
1170
198
493
1698
62
16
22966
1373
220
16
18015
309
653
4356
359
17
579
1238
2234
492
198
309
1698
62
17
19239
283
220
15
198
309
364
585
303
2020
3216
10
16
11
307
1590
198
388
413
37172
957
60
606
359
17
1170
198
493
1698
62
17
19239
1373
220
16
18015
309
580
283
1262
11181
62
16
22966
11
1698
62
17
19239
8
198
309
2984
283
220
17
348
580
478
220
16
198
309
413
2984
835
1786
25
198
388
1786
283
2984
6987
262
460
1786
198
71093
248046
198