248045
846
198
4274
279
2614
709
11618
321
4479
889
11
6999
4072
279
709
7246
321
1440
660
279
6813
13
2972
5683
4045
67305
3067
13209
50
159029
271
2523
1220
14623
279
1970
488
10490
303
264
64504
1970
2424
318
784
9609
31789
318
19458
668
31153
279
3889
5568
8
271
71093
198
1445
18904
1120
1697
1358
727
1866
4546
9011
43875
5781
87
25
514
11
53105
25
514
11
9599
25
1697
50246
18078
28649
1411
514
25
198
262
4071
695
262
1848
264
220
20
15
87
20
15
31634
2402
11
1017
369
264
45051
506
2234
318
74
87
11
53105
8
321
280
38667
506
279
2574
9599
13
198
262
28445
321
13853
1432
264
2404
5792
1746
318
59605
5601
1118
8
1332
1754
2693
25
198
262
471
8167
82
866
9376
51663
321
38823
424
440
279
45051
1608
279
7776
1324
314
10480
198
262
471
561
45051
628
1440
975
280
38667
1973
38460
1070
2261
279
3166
6987
262
28445
6587
310
33363
279
2702
1324
314
10480
11
1345
13853
6587
310
28377
1070
13
198
262
11396
4078
1432
7314
722
13
198
1031
262
357
45051
10480
303
449
436
7278
1959
25
220
17
7515
303
799
4944
321
220
16
2691
74206
310
421
13
198
1031
262
17167
25
198
285
580
87
25
22268
579
2763
830
77912
318
15
2564
580
87
2564
220
19
24
8
198
285
53105
25
22268
579
2763
374
77912
318
15
2564
53105
2564
220
19
24
8
198
285
9599
25
1697
314
498
87
11
374
60
13534
314
280
38667
318
16
2564
2343
12113
82
8
2564
220
16
20
8
198
1031
262
5019
25
198
285
561
6966
2702
1324
314
10480
28445
628
10752
6987
262
11765
1866
4546
9011
43875
7
16
11
220
16
11
4177
15
11
220
15
28649
198
262
220
19
198
262
11765
1866
4546
9011
43875
7
15
11
220
17
11
4177
16
11
220
16
1089
498
17
11
220
17
1089
498
18
11
220
18
28649
198
262
220
23
198
262
11765
1866
4546
9011
43875
7
15
11
220
15
11
4177
16
11
220
17
1089
498
17
11
220
19
28649
198
262
220
18
198
262
4071
271
727
1716
69574
1590
198
262
653
14204
1228
4886
494
9989
198
262
1992
8871
7
16
11
220
16
11
4177
15
11
220
15
28649
606
220
19
198
262
1992
8871
7
15
11
220
17
11
4177
16
11
220
16
1089
498
17
11
220
17
1089
498
18
11
220
18
28649
606
220
23
198
262
1992
8871
7
15
11
220
15
11
4177
16
11
220
17
1089
498
17
11
220
19
28649
606
220
18
6987
262
653
22484
1228
4886
198
262
1992
8871
7
17
15
11
220
19
11
4177
19
11
220
17
21
1089
498
18
18
11
220
16
22
1089
498
19
16
11
220
18
15
1089
498
17
21
11
220
19
18
1089
498
16
17
11
220
18
24
1089
498
17
21
11
220
16
22
1089
498
19
21
11
220
16
15
1089
498
16
22
11
220
18
1089
498
18
11
220
15
1089
498
17
15
11
220
17
24
1089
498
17
20
11
220
17
19
1089
498
19
24
11
220
17
1089
498
18
24
11
220
19
23
1089
498
21
11
220
17
17
28649
606
220
16
22
20
198
262
1992
8871
7
16
11
220
20
11
4177
16
11
220
24
28649
606
220
17
198
262
1992
8871
7
18
17
11
220
18
18
11
4177
18
21
11
220
21
1089
498
19
24
11
220
16
22
1089
498
17
20
11
220
16
19
1089
498
19
24
11
220
17
1089
498
17
15
11
220
17
21
1089
498
19
15
11
220
18
22
1089
498
16
16
11
220
17
20
1089
498
18
17
11
220
18
1089
498
18
18
11
220
17
21
1089
498
17
23
11
220
20
1089
498
18
18
11
220
18
28649
606
220
16
17
15
198
262
1992
8871
7
16
11
220
21
11
4177
17
11
220
19
28649
606
220
16
198
262
1992
8871
7
17
17
11
220
19
11
4177
19
18
11
220
19
19
1089
498
18
17
11
220
18
17
1089
498
17
19
11
220
18
16
1089
498
19
24
11
220
17
17
1089
498
17
17
11
220
15
1089
498
24
11
220
18
20
1089
498
16
11
220
17
18
1089
498
16
15
11
220
19
20
1089
498
19
23
11
220
24
1089
498
17
19
11
220
18
21
1089
498
19
23
11
220
19
22
28649
606
220
16
20
20
198
262
1992
8871
7
18
11
220
21
11
4177
22
11
220
15
28649
606
220
19
198
262
1992
8871
7
19
17
11
220
16
11
4177
18
24
11
220
19
22
1089
498
23
11
220
19
24
1089
498
16
19
11
220
19
24
1089
498
19
18
11
220
16
1089
498
18
23
11
220
18
24
1089
498
15
11
220
16
21
1089
498
16
24
11
220
18
21
1089
498
16
24
11
220
19
17
1089
498
17
20
11
220
17
1089
498
18
11
220
19
20
1089
498
19
16
11
220
18
22
1089
498
16
21
11
220
19
22
1089
498
18
22
11
220
18
22
1089
498
24
11
220
16
22
1089
498
16
21
11
220
17
22
28649
606
220
16
24
23
198
262
1992
8871
7
17
20
11
220
17
21
11
4177
19
18
11
220
18
21
1089
498
19
24
11
220
20
1089
498
16
23
11
220
17
1089
498
20
11
220
16
22
1089
498
18
16
11
220
16
23
1089
498
19
18
11
220
18
22
1089
498
17
22
11
220
17
23
1089
498
18
23
11
220
18
18
1089
498
20
11
220
17
18
1089
498
19
21
11
220
18
24
1089
498
16
21
11
220
18
21
28649
606
220
16
18
17
198
262
1992
8871
7
17
23
11
220
18
23
11
4177
16
15
11
220
18
16
1089
498
21
11
220
18
23
1089
498
19
20
11
220
16
15
1089
498
16
16
11
220
16
22
1089
498
16
11
220
16
20
1089
498
19
22
11
220
18
17
1089
498
16
11
220
17
15
1089
498
24
11
220
16
1089
498
19
23
11
220
20
1089
498
19
16
11
220
23
1089
498
19
23
11
220
18
20
28649
606
220
16
21
18
198
262
1992
8871
7
18
22
11
220
16
17
11
4177
16
20
11
220
19
16
1089
498
18
24
11
220
19
24
1089
498
19
18
11
220
17
17
1089
498
16
17
11
220
18
15
1089
498
17
16
11
220
18
19
1089
498
15
11
220
16
18
1089
498
17
20
11
220
18
23
1089
498
19
15
11
220
16
18
1089
498
19
16
11
220
16
24
28649
606
220
16
16
21
198
262
1992
8871
7
17
16
11
220
17
15
11
4177
18
21
11
220
18
19
1089
498
19
15
11
220
19
17
1089
498
17
11
220
19
21
1089
498
18
15
11
220
17
24
1089
498
18
23
11
220
17
22
1089
498
23
11
220
16
1089
498
19
19
11
220
17
18
1089
498
21
11
220
17
20
1089
498
16
22
11
220
16
17
1089
498
17
20
11
220
16
1089
498
21
11
220
19
20
1089
498
19
19
11
220
17
23
1089
498
16
20
11
220
22
1089
498
17
19
11
220
16
24
1089
498
19
15
11
220
17
18
28649
606
220
16
22
20
198
262
1992
8871
7
17
11
220
22
11
4177
16
11
220
16
28649
606
220
18
198
262
1992
8871
7
18
11
220
20
11
4177
23
11
220
22
28649
606
220
18
198
262
1992
8871
7
16
22
11
220
16
11
4177
17
23
11
220
17
21
1089
498
19
17
11
220
17
23
1089
498
16
21
11
220
16
19
1089
498
16
11
220
17
15
1089
498
18
19
11
220
18
18
1089
498
19
24
11
220
18
21
1089
498
19
24
11
220
19
1089
498
16
18
11
220
24
1089
498
18
23
11
220
18
16
1089
498
18
18
11
220
16
18
1089
498
16
18
11
220
17
18
1089
498
18
18
11
220
22
28649
606
220
16
18
23
198
262
1992
8871
7
17
16
11
220
17
22
11
4177
18
11
220
17
21
1089
498
23
11
220
20
1089
498
17
18
11
220
17
24
1089
498
19
20
11
220
19
19
1089
498
19
17
11
220
17
23
1089
498
17
21
11
220
19
19
1089
498
17
21
11
220
18
15
1089
498
20
11
220
18
20
1089
498
18
24
11
220
16
24
1089
498
19
15
11
220
19
24
1089
498
16
17
11
220
22
1089
498
17
24
11
220
18
28649
606
220
16
19
23
198
262
1992
8871
7
15
11
220
15
11
4177
19
24
11
220
19
24
1089
498
15
11
220
19
24
1089
498
19
24
11
220
15
28649
606
220
24
18
198
262
1992
8871
7
16
11
220
15
11
4177
24
11
220
18
28649
606
220
20
198
262
1992
8871
7
23
11
220
19
11
4177
20
11
220
18
18
1089
498
18
17
11
220
18
16
1089
498
18
11
220
18
24
1089
498
17
17
11
220
16
15
1089
498
18
20
11
220
17
23
1089
498
17
18
11
220
18
21
1089
498
18
19
11
220
16
17
1089
498
17
21
11
220
18
17
1089
498
18
19
11
220
18
17
1089
498
18
21
11
220
16
20
1089
498
18
18
11
220
17
22
1089
498
17
23
11
220
18
20
28649
606
220
16
15
24
198
262
1992
8871
7
24
11
220
16
17
11
4177
17
22
11
220
15
1089
498
15
11
220
18
1089
498
16
21
11
220
19
18
1089
498
17
23
11
220
16
21
1089
498
18
15
11
220
19
19
1089
498
16
11
220
16
24
1089
498
19
16
11
220
16
23
1089
498
16
20
11
220
16
15
1089
498
23
11
220
17
21
1089
498
19
18
11
220
16
18
1089
498
19
15
11
220
17
28649
606
220
16
19
22
198
262
1992
8871
7
16
21
11
220
18
18
11
4177
17
21
11
220
18
22
1089
498
19
16
11
220
18
19
28649
606
220
17
17
198
262
1992
8871
7
23
11
220
17
23
11
4177
17
18
11
220
17
22
1089
498
23
11
220
17
18
1089
498
17
11
220
19
17
1089
498
22
11
220
17
24
1089
498
17
17
11
220
18
24
1089
498
16
19
11
220
19
20
1089
498
18
18
11
220
18
22
1089
498
16
18
11
220
16
17
28649
606
220
22
23
198
262
1992
8871
7
17
23
11
220
17
21
11
4177
16
15
11
220
19
17
1089
498
18
19
11
220
21
1089
498
21
11
220
16
19
1089
498
16
17
11
220
18
23
1089
498
19
21
11
220
19
1089
498
23
11
220
16
17
1089
498
16
15
11
220
17
19
1089
498
15
11
220
17
16
1089
498
18
20
11
220
19
17
1089
498
19
21
11
220
17
19
1089
498
17
17
11
220
19
15
28649
606
220
16
19
17
198
262
1992
8871
7
16
11
220
18
11
4177
16
11
220
16
28649
606
220
17
198
262
1992
8871
7
15
11
220
15
11
4177
19
15
11
220
19
15
1089
498
19
16
11
220
19
16
1089
498
19
17
11
220
19
17
1089
498
19
18
11
220
19
18
1089
498
19
19
11
220
19
19
1089
498
19
20
11
220
19
20
1089
498
19
21
11
220
19
21
1089
498
19
22
11
220
19
22
1089
498
19
23
11
220
19
23
1089
498
19
24
11
220
19
24
28649
606
220
21
17
198
262
1992
8871
7
16
24
11
220
17
15
11
4177
19
24
11
220
16
1089
498
17
17
11
220
19
24
1089
498
19
17
11
220
22
1089
498
15
11
220
19
19
1089
498
17
17
11
220
19
20
1089
498
18
15
11
220
17
1089
498
19
18
11
220
18
19
1089
498
19
19
11
220
17
22
1089
498
16
11
220
17
17
28649
606
220
16
18
21
198
262
1992
8871
7
17
19
11
220
19
18
11
4177
17
18
11
220
17
22
1089
498
16
16
11
220
19
21
1089
498
19
22
11
220
18
23
1089
498
24
11
220
16
20
1089
498
18
22
11
220
24
1089
498
20
11
220
19
1089
498
19
16
11
220
16
17
1089
498
19
19
11
220
16
15
1089
498
17
17
11
220
18
19
1089
498
19
18
11
220
18
1089
498
19
18
11
220
16
16
1089
498
16
11
220
17
19
1089
498
18
18
11
220
17
17
1089
498
16
24
11
220
19
1089
498
16
16
11
220
17
21
28649
606
220
16
24
21
198
262
1992
8871
7
16
11
220
17
11
4177
16
15
11
220
19
28649
606
220
20
198
262
1992
8871
7
18
11
220
19
11
4177
19
11
220
20
28649
606
220
17
198
262
1992
8871
7
19
16
11
220
19
15
11
4177
17
18
11
220
19
21
1089
498
18
11
220
16
22
28649
606
220
18
23
198
262
1992
8871
7
15
11
220
15
11
4177
19
24
11
220
19
24
1089
498
19
24
11
220
15
1089
498
15
11
220
19
24
28649
606
220
24
18
198
262
1992
8871
7
18
11
220
21
11
4177
19
11
220
21
28649
606
220
18
198
262
1992
8871
7
17
11
220
23
11
4177
23
11
220
16
28649
606
220
20
198
262
1992
8871
7
17
17
11
220
18
20
11
4177
17
15
11
220
18
24
1089
498
18
24
11
220
17
24
1089
498
18
15
11
220
16
1089
498
18
24
11
220
17
22
28649
606
220
20
16
198
262
1992
8871
7
21
11
220
18
19
11
4177
17
21
11
220
17
22
1089
498
19
20
11
220
17
21
1089
498
17
19
11
220
19
15
1089
498
18
18
11
220
24
1089
498
22
11
220
18
21
1089
498
17
23
11
220
16
20
1089
498
17
15
11
220
18
1089
498
17
24
11
220
19
18
1089
498
16
11
220
19
22
1089
498
17
23
11
220
16
19
1089
498
19
11
220
16
18
1089
498
19
24
11
220
17
19
28649
606
220
16
19
24
198
262
1992
8871
7
16
19
11
220
17
19
11
4177
21
11
220
17
17
1089
498
16
21
11
220
16
21
1089
498
19
24
11
220
17
20
1089
498
17
21
11
220
17
19
1089
498
17
20
11
220
18
20
1089
498
17
21
11
220
20
1089
498
19
16
11
220
17
16
1089
498
17
24
11
220
24
1089
498
17
24
11
220
17
1089
498
19
19
11
220
18
17
1089
498
17
11
220
19
16
28649
606
220
16
18
18
198
262
1992
8871
7
15
11
220
17
11
4177
22
11
220
20
28649
606
220
19
198
262
1992
8871
7
17
23
11
220
20
11
4177
17
17
11
220
18
22
1089
498
18
21
11
220
23
1089
498
17
20
11
220
24
1089
498
17
11
220
19
16
1089
498
24
11
220
17
15
1089
498
16
16
11
220
16
22
28649
606
220
22
16
198
262
1992
8871
7
17
11
220
18
11
4177
19
11
220
24
28649
606
220
19
198
262
1992
8871
7
18
11
220
18
11
4177
24
11
220
19
28649
606
220
18
198
262
1992
8871
7
18
15
11
220
18
20
11
4177
20
11
220
17
15
1089
498
16
11
220
16
17
1089
498
18
19
11
220
16
24
1089
498
19
20
11
220
16
20
1089
498
16
21
11
220
19
16
1089
498
18
24
11
220
16
15
1089
498
20
11
220
17
24
1089
498
17
19
11
220
16
15
1089
498
19
20
11
220
20
1089
498
16
17
11
220
19
22
1089
498
18
23
11
220
16
22
1089
498
17
18
11
220
17
18
28649
606
220
16
19
21
271
2
5272
1716
8474
4546
9011
43875
8
310
1542
6813
13
198
71093
248046
198
248045
74455
198
248068
271
248069
271
21765
506
411
3377
11
353
1144
310
25
271
16
13
2972
46270
45051
25704
92217
1690
866
1330
9599
383
264
220
20
15
87
20
15
4331
11
1423
279
7776
1324
314
45051
10480
310
615
494
799
310
279
975
13
198
17
13
2972
50
3815
279
1746
9826
3377
92217
28445
321
13853
1831
10263
38460
280
38667
13
28445
29044
4603
2702
10480
11
13853
20537
4603
13
8618
2404
11
264
2693
21220
866
9376
51663
321
10480
279
45051
310
11969
424
318
1719
45051
10029
506
279
51663
579
2234
553
271
332
1536
24891
64700
198
12
561
45051
579
2234
4203
1238
1754
11969
310
1332
279
51663
557
13
198
12
1061
369
264
3493
16762
518
1746
1332
279
1528
369
318
3127
45051
2234
11
716
314
9376
280
38667
553
198
12
2985
685
310
220
16
20
280
38667
11
567
628
958
20781
1954
440
87828
30715
13
198
12
561
5821
1881
866
1330
3387
628
381
829
68600
1608
87244
383
279
220
20
15
87
20
15
4331
13
271
332
26943
64700
198
16
13
4807
26808
279
45051
5821
494
1396
2234
310
1396
975
2234
383
279
220
20
15
87
20
15
4331
1608
87244
13
8439
279
4331
369
2526
318
20
15
87
20
15
283
220
17
20
15
15
7515
681
567
628
635
87244
494
1754
51663
2234
321
494
279
2763
45051
2234
11
466
2577
11
12204
25704
1881
660
9468
3387
318
74
9011
1151
478
660
280
38667
553
198
17
13
32645
11
567
1132
1144
25704
1881
279
2763
45051
2234
321
1754
51663
11
321
1881
1754
6505
314
280
38667
13
1921
279
45051
10480
494
799
16508
51663
310
2361
11
748
567
1144
1527
957
1404
73
60
283
1262
45051
10480
494
51663
585
310
51663
492
11
321
1527
4747
957
60
283
1262
45051
10480
494
1151
310
51663
585
13
198
18
13
5272
20781
1452
54489
25
1510
9504
34136
11
1428
6276
44646
1332
6696
369
279
716
314
9376
280
38667
318
4341
10931
681
1428
6276
369
279
1857
314
279
1483
16508
51663
318
269
471
16
364
1151
553
695
256
471
1368
424
579
28445
579
2404
11
1292
29044
4603
25
460
1866
888
660
11125
314
1727
51663
492
303
6696
314
318
11863
24947
1404
73
60
478
11002
34136
1973
492
11
492
578
198
256
471
1368
424
579
13853
579
2404
11
551
20537
4603
25
460
1262
888
660
11125
314
1727
51663
492
303
6696
314
318
11863
24947
1404
73
60
478
11002
34136
1973
492
11
492
578
198
256
471
1165
1144
310
3627
6483
2404
424
369
11
864
13402
383
1204
1599
280
38667
599
978
16508
748
2944
13
1368
318
4873
605
38667
471
2341
1767
34136
578
369
1442
11
424
579
28445
579
2404
318
15
38823
11
220
16
267
2693
1174
413
10016
11
424
579
13853
579
2404
13
271
9764
728
4072
411
25
271
71093
12305
198
1445
18904
1120
1697
198
1445
14856
1120
40565
198
1445
54572
1120
324
2585
11198
271
727
1866
4546
9011
43875
5781
87
25
514
11
53105
25
514
11
9599
25
1697
50246
18078
28649
1411
514
25
198
262
307
283
2343
12113
82
8
198
262
413
307
606
220
15
25
198
285
460
220
15
6987
262
653
22268
10480
198
262
45051
43875
283
498
3944
17
11
471
16
681
9987
17
11
220
16
681
9987
16
11
471
17
681
9987
16
11
220
17
681
198
493
318
16
11
471
17
681
318
16
11
220
17
681
318
17
11
471
16
681
318
17
11
220
16
7025
198
1031
262
653
87244
310
12204
5821
494
264
2574
1151
2234
310
660
9599
383
220
20
15
87
20
15
4331
198
262
687
64314
18873
10324
3109
11
1151
4040
1590
198
285
1527
283
4177
12
16
60
348
220
20
15
364
696
303
2020
7
20
15
7025
198
285
6951
283
40565
363
198
285
6951
1989
1148
2388
3109
11
1151
4040
578
198
285
1527
27533
3109
1404
2388
4040
60
283
220
15
198
285
1345
6951
25
198
309
830
11
374
283
6951
541
73643
363
198
309
364
13426
11
13554
303
45051
43875
25
198
388
23721
11
18431
283
830
478
13426
11
374
478
13554
198
388
413
220
15
2564
23721
361
220
20
15
321
220
15
2564
18431
361
220
20
15
321
1527
7426
87
1404
3706
60
606
471
16
25
198
493
1527
7426
87
1404
3706
60
283
1527
8065
1404
88
60
478
220
16
198
493
6951
1989
1148
22632
11
18431
578
198
285
460
1527
6987
262
653
21902
25704
494
2763
45051
2234
310
660
280
38667
198
262
1151
15559
283
64314
18873
5781
87
11
53105
8
198
1031
262
653
21902
25704
1881
1754
6505
314
280
38667
198
262
653
51663
15559
957
1404
73
60
283
5821
494
51663
585
310
51663
492
198
262
51663
15559
283
4177
15
60
348
307
364
696
303
2020
1393
7025
198
262
364
585
303
2020
1393
1590
198
285
16642
11
4362
283
9599
957
60
198
285
1527
15146
283
64314
18873
78845
11
4362
8
198
285
364
492
303
2020
1393
1590
198
309
92711
11
2715
88
283
9599
3681
60
198
309
51663
15559
957
1404
73
60
283
1527
15146
39736
87
1404
80
88
60
198
1031
262
653
11002
34136
11
1428
8
1332
6696
369
87828
314
9376
280
38667
11
1428
369
1857
314
1483
16508
51663
9987
16
3254
1151
8
198
262
653
11658
25
413
1324
314
16508
280
38667
369
1442
318
72
1673
2487
307
471
2341
1767
34136
8
369
1442
681
28445
579
2404
318
2721
8
198
262
653
1368
10016
11
13853
579
2404
318
1030
8
198
1031
262
554
75
2585
11198
8474
2073
5675
8
198
262
687
11002
34136
11
1428
1590
198
285
413
6696
606
220
15
25
198
309
460
220
15
8675
285
653
4356
1204
1599
280
38667
599
978
16508
198
285
16508
283
307
471
9261
34136
553
1767
482
16
837
198
285
369
8158
543
283
318
41778
2974
984
220
17
606
220
15
8
198
1726
285
1786
283
471
16
413
369
8158
543
745
2153
482
13180
837
198
1726
285
364
492
303
2020
1393
1590
198
309
2612
283
220
16
1079
492
198
309
413
6696
594
2612
25
198
388
653
2058
5821
494
1428
2234
310
51663
492
198
388
413
1428
606
471
16
25
198
493
1527
283
1151
15559
58
26547
3681
1404
15
26821
26547
3681
1404
16
4891
198
388
745
25
198
493
1527
283
51663
15559
24947
1404
73
60
198
6159
388
1727
9703
283
6696
594
3835
4341
198
388
1009
283
1527
478
11002
16418
9703
11
492
8
198
6159
388
413
369
8158
543
25
198
493
413
1009
835
1786
25
198
646
1786
283
1009
198
388
745
25
198
493
413
1009
361
1786
25
198
646
1786
283
1009
8675
285
460
1786
6987
262
1067
283
11002
1148
16
1079
307
8
471
220
16
11
471
16
8
198
262
11002
19474
21139
363
198
1031
262
460
1067
198
71093
248046
198