248045
846
198
4274
279
2614
709
11618
321
4479
889
11
6999
4072
279
709
7246
321
1440
660
279
6813
13
2972
5683
4045
67305
3067
13209
50
159029
271
2523
1220
14623
279
1970
488
10490
303
264
64504
1970
2424
318
784
9609
31789
318
19458
668
31153
279
3889
5568
8
271
71093
198
727
1698
43292
3906
65313
7815
16
25
592
11
1572
17
25
592
11
1262
9858
25
514
11
1866
9858
25
514
8
1411
514
25
198
262
4071
4356
279
1324
314
24959
830
1680
421
1572
16
2564
830
2564
1572
17
321
695
262
1262
9858
2564
15262
9858
2007
8
2564
1866
9858
11
1332
15262
9858
2007
8
369
279
2542
314
17955
314
830
13
198
1031
262
3301
279
1698
57844
220
16
15
61
24
478
220
22
13
198
1031
262
17167
25
198
285
1572
16
25
357
23311
886
13661
279
4570
6608
318
16
2564
1572
16
2564
220
16
15
61
17
17
8
198
285
1572
17
25
357
23311
886
13661
279
8156
6608
318
2334
16
2564
1572
17
2564
220
16
15
61
17
17
8
198
285
1262
9858
25
561
7776
5252
15262
2542
318
16
2564
1262
9858
2564
220
19
15
15
8
198
285
1866
9858
25
561
6966
5252
15262
2542
318
1030
9858
2564
1866
9858
2564
220
19
15
15
8
198
1031
262
5019
25
198
285
561
1324
314
1603
24959
57844
220
16
15
61
24
478
220
22
6987
262
11765
1698
43292
3906
65313
437
16
487
328
16
17
487
220
16
11
220
23
8
198
262
220
16
16
198
262
11765
1698
43292
3906
65313
437
16
487
328
20
487
220
16
11
220
20
8
198
262
220
20
198
262
4071
271
727
1716
69574
1590
198
262
653
12996
1228
4886
198
262
1992
8871
437
16
487
328
16
17
487
220
16
11
220
23
8
606
220
16
16
198
262
1992
8871
437
16
487
328
20
487
220
16
11
220
20
8
606
220
20
6987
262
653
22484
1228
4886
198
262
1992
8871
437
16
487
328
16
487
220
16
11
220
16
8
606
220
16
198
262
1992
8871
437
22
16
487
328
22
23
487
220
21
11
220
18
17
8
606
220
23
198
262
1992
8871
437
19
487
328
24
487
220
17
23
22
11
220
18
15
19
8
606
220
15
198
262
1992
8871
437
17
24
487
328
21
24
487
220
17
20
11
220
18
24
8
606
220
15
198
262
1992
8871
437
21
487
328
24
487
220
17
15
23
11
220
18
16
18
8
606
220
15
198
262
1992
8871
437
19
487
328
23
487
220
17
20
15
11
220
18
24
19
8
606
220
15
198
262
1992
8871
437
24
21
487
328
24
21
487
220
18
18
11
220
18
20
8
606
220
15
198
262
1992
8871
437
19
18
20
18
16
24
16
487
328
22
23
18
17
18
18
19
487
220
21
16
11
220
16
19
16
8
606
220
15
198
262
1992
8871
437
19
19
16
23
16
21
19
24
487
328
21
23
16
18
24
20
24
21
487
220
17
23
20
11
220
18
17
19
8
606
220
15
198
262
1992
8871
437
22
18
23
15
23
16
15
18
22
23
17
22
20
16
20
16
24
15
21
19
24
487
328
17
16
24
22
18
15
15
24
22
19
19
18
24
15
19
15
21
24
18
21
15
18
487
220
16
19
22
11
220
16
24
21
8
606
220
17
20
23
18
21
17
22
22
18
198
262
1992
8871
437
24
21
22
19
23
18
24
24
22
15
16
19
22
15
22
15
17
20
16
23
21
21
487
328
24
22
18
17
21
21
17
16
17
24
16
21
15
22
23
18
16
17
22
24
23
16
487
220
21
21
11
220
17
20
18
8
606
220
17
23
24
21
18
18
21
20
17
198
262
1992
8871
437
18
15
19
21
16
20
15
17
21
16
20
15
22
20
15
18
24
24
15
19
23
24
487
328
22
22
22
20
23
17
24
16
23
16
15
24
20
15
21
23
22
18
22
16
18
21
487
220
16
17
22
11
220
16
21
24
8
606
220
16
20
22
16
18
23
15
24
22
271
2
5272
1716
11181
43292
3906
65313
8
310
1542
6813
13
198
71093
248046
198
248045
74455
198
248068
271
248069
271
21765
506
411
3377
11
353
1144
310
1698
24959
303
264
2020
498
2334
16
11
1572
17
60
1332
279
15262
2542
369
1881
1262
9858
321
1866
9858
13
271
1919
369
264
11088
15262
30715
3377
13
353
1144
310
25
198
16
13
4091
264
709
421
14159
4947
494
220
15
310
264
2574
1324
886
440
15262
2542
303
498
1030
9858
11
1866
9858
60
198
17
13
5272
26312
9884
8686
25
1698
7
15
310
1572
17
8
471
1698
7
15
310
1572
16
12
16
8
271
760
15262
30715
5313
25
198
12
8340
17955
2047
310
1245
198
12
3130
25
318
3374
11
1428
46790
9858
11
9990
8
198
12
9990
283
220
16
413
567
2224
1990
59056
539
279
8156
3798
17955
11
220
15
413
567
2224
3559
271
9764
728
4072
411
25
271
71093
12305
198
727
1698
43292
3906
65313
7815
16
25
592
11
1572
17
25
592
11
1262
9858
25
514
11
1866
9858
25
514
8
1411
514
25
198
262
18107
283
220
16
15
332
24
478
220
22
6987
262
687
1698
7980
2270
7815
25
592
11
1262
625
25
514
11
1866
625
25
514
8
1411
514
25
198
285
4071
2427
24959
494
220
15
310
1572
318
94964
8
440
15262
2542
303
498
1030
625
11
1866
625
60
12237
198
285
413
524
1572
466
1572
606
328
15
763
198
309
460
220
16
413
1262
625
2564
220
15
2564
1866
625
745
220
15
8675
285
17955
283
498
390
1446
8
364
293
303
1572
60
198
285
307
283
2343
94969
8
198
285
1866
68826
9858
283
220
24
348
307
8675
285
653
1368
1262
625
835
1866
68826
9858
466
1866
625
361
220
15
11
460
220
15
198
285
413
1262
625
835
1866
68826
9858
466
1866
625
361
220
15
25
198
309
460
220
15
8675
285
653
89621
1262
625
321
1866
625
310
2610
2020
198
285
1262
625
283
1866
7
15
11
1262
625
8
198
285
1866
625
283
1262
8474
68826
9858
11
1866
625
8
198
1726
285
413
1262
625
835
1866
625
25
198
309
460
220
15
8675
285
653
11002
20980
1404
1200
1404
71659
60
283
1698
314
5337
198
285
653
5272
20781
1954
440
324
2585
11198
198
285
494
54572
1120
324
2585
11198
8675
285
554
75
2585
11198
8474
2073
5675
8
198
285
687
24971
11909
11
1428
9858
11
9990
1590
198
309
413
1428
9858
835
1866
625
25
198
388
460
220
15
198
309
413
1097
606
307
25
198
388
460
220
16
413
1262
625
2564
1428
9858
2564
1866
625
745
220
15
18015
309
8156
283
17955
20980
60
413
9990
745
220
24
198
309
2702
283
220
15
198
309
364
293
303
2020
7
13181
478
220
16
1590
198
388
491
516
481
283
9990
321
318
67
606
8156
8
198
388
2702
1373
24971
11909
478
220
16
11
1428
9858
478
293
11
491
516
481
8
198
309
460
2702
984
18107
8675
285
460
24971
7
15
11
220
15
11
2912
8
984
18107
6987
262
687
31192
11331
7815
25
592
8
1411
592
25
198
285
4071
5423
1572
471
220
16
430
264
886
11
11256
4886
1332
1572
369
359
15
6
12237
198
285
413
1572
606
328
15
763
198
309
460
328
15
1
198
1726
285
653
6943
310
1103
314
17955
198
285
17955
283
498
390
1446
8
364
293
303
1572
60
198
285
307
283
2343
94969
8
198
1726
285
653
89999
220
16
440
50804
198
285
585
283
307
471
220
16
198
285
1345
585
2518
220
15
25
198
309
413
17955
957
60
835
220
15
25
198
388
17955
957
60
5794
220
16
198
388
1387
198
309
745
25
198
388
17955
957
60
283
220
24
198
388
585
5794
220
16
8675
285
653
10466
6187
16996
198
285
1067
283
41445
5799
4060
1446
8
364
293
303
17955
553
75
12726
482
15
837
198
285
460
1067
413
1067
745
328
15
1
198
1031
262
653
4356
4947
303
498
2334
16
11
1572
17
60
283
1698
7
15
310
1572
17
8
471
1698
7
15
310
1572
16
12
16
8
198
262
1698
7980
2270
4133
17
283
1698
7980
2270
7815
17
11
1262
9858
11
1866
9858
8
198
262
1572
16
37180
62
16
283
31192
11331
7815
16
8
198
262
1698
7980
2270
4133
16
37180
62
16
283
1698
7980
2270
7815
16
37180
62
16
11
1262
9858
11
1866
9858
8
198
1031
262
1067
283
318
1767
7980
2270
4133
17
471
1698
7980
2270
4133
16
37180
62
16
8
984
18107
198
262
460
1067
198
71093
271
13784
11
353
1144
310
381
16097
883
279
2020
13
561
3377
2640
1510
2334
16
2564
830
2564
1572
17
7561
748
353
1144
310
1698
24959
303
498
2334
16
11
1572
17
906
271
15947
26312
9884
8686
25
1698
7
15
310
1572
17
8
471
1698
7
15
310
1572
16
471
220
16
8
271
3850
353
1048
1144
310
3579
279
1105
1332
1572
16
369
328
16
1
318
36733
869
553
6558
728
9845
279
1228
4886
944
13
271
9764
728
11319
1472
279
1118
3010
25
198
12
1572
16
420
16
487
1572
17
420
16
17
487
1262
9858
28
16
11
1866
9858
28
23
198
12
33565
220
16
12
16
17
440
15262
2542
220
16
12
23
25
198
220
471
220
16
25
2542
28
16
50615
198
220
471
220
17
25
2542
28
17
50615
198
220
471
220
18
25
2542
28
18
50615
198
220
471
220
19
25
2542
28
19
50615
198
220
471
220
20
25
2542
28
20
50615
198
220
471
220
21
25
2542
28
21
50615
198
220
471
220
22
25
2542
28
22
50615
198
220
471
220
23
25
2542
28
23
50615
198
220
471
220
24
25
2542
28
24
24708
245
198
220
471
220
16
15
25
2542
28
16
50615
198
220
471
220
16
16
25
2542
28
17
50615
198
220
471
220
16
17
25
2542
28
18
50615
198
12
2844
579
220
16
16
4947
13
38643
13
271
760
1970
1220
944
11
694
353
1144
310
1236
2617
279
30715
13081
279
6187
16996
12083
13
3095
567
599
9990
28
15
11
567
628
4992
866
15262
220
15
12
24
11
2583
6187
16996
11
864
369
6699
1521
567
2224
24217
494
220
15
310
1572
13
271
9764
728
1048
2708
279
6297
1881
6526
310
5471
4562
13
271
71093
12305
198
727
1698
43292
3906
65313
7815
16
25
592
11
1572
17
25
592
11
1262
9858
25
514
11
1866
9858
25
514
8
1411
514
25
198
262
18107
283
220
16
15
332
24
478
220
22
6987
262
687
1698
7980
2270
7815
25
592
11
1262
625
25
514
11
1866
625
25
514
8
1411
514
25
198
285
4071
2427
24959
494
220
15
310
1572
318
94964
8
440
15262
2542
303
498
1030
625
11
1866
625
60
12237
198
285
413
524
1572
466
1572
606
328
15
763
198
309
460
220
16
413
1262
625
2564
220
15
2564
1866
625
745
220
15
8675
285
17955
283
498
390
1446
8
364
293
303
1572
60
198
285
307
283
2343
94969
8
198
285
1866
68826
9858
283
220
24
348
307
8675
285
653
1368
1262
625
835
1866
68826
9858
466
1866
625
361
220
15
11
460
220
15
198
285
413
1262
625
835
1866
68826
9858
466
1866
625
361
220
15
25
198
309
460
220
15
8675
285
653
89621
1262
625
321
1866
625
310
2610
2020
198
285
1262
625
283
1866
7
15
11
1262
625
8
198
285
1866
625
283
1262
8474
68826
9858
11
1866
625
8
198
1726
285
413
1262
625
835
1866
625
25
198
309
460
220
15
8675
285
494
54572
1120
324
2585
11198
8675
285
554
75
2585
11198
8474
2073
5675
8
198
285
687
24971
11909
11
1428
9858
11
9990
1590
198
309
413
1428
9858
835
1866
625
25
198
388
460
220
15
198
309
413
1097
606
307
25
198
388
460
220
16
413
1262
625
2564
1428
9858
2564
1866
625
745
220
15
18015
309
8156
283
17955
20980
60
413
9990
745
220
24
198
309
2702
283
220
15
198
309
364
293
303
2020
7
13181
478
220
16
1590
198
388
491
516
481
283
9990
321
318
67
606
8156
8
198
388
2702
1373
24971
11909
478
220
16
11
1428
9858
478
293
11
491
516
481
8
198
309
460
2702
984
18107
8675
285
1067
283
24971
7
15
11
220
15
11
2912
8
984
18107
198
285
24971
19474
21139
363
198
285
460
1067
6987
262
687
31192
11331
7815
25
592
8
1411
592
25
198
285
4071
5423
1572
471
220
16
430
264
886
12237
198
285
413
1572
606
328
15
763
198
309
460
328
15
1
198
1726
285
17955
283
498
390
1446
8
364
293
303
1572
60
198
285
307
283
2343
94969
8
198
1726
285
585
283
307
471
220
16
198
285
1345
585
2518
220
15
25
198
309
413
17955
957
60
835
220
15
25
198
388
17955
957
60
5794
220
16
198
388
1387
198
309
745
25
198
388
17955
957
60
283
220
24
198
388
585
5794
220
16
8675
285
1067
283
41445
5799
4060
1446
8
364
293
303
17955
553
75
12726
482
15
837
198
285
460
1067
413
1067
745
328
15
1
198
1031
262
1698
7980
2270
4133
17
283
1698
7980
2270
7815
17
11
1262
9858
11
1866
9858
8
198
262
1572
16
37180
62
16
283
31192
11331
7815
16
8
198
262
1698
7980
2270
4133
16
37180
62
16
283
1698
7980
2270
7815
16
37180
62
16
11
1262
9858
11
1866
9858
8
198
1031
262
1067
283
318
1767
7980
2270
4133
17
471
1698
7980
2270
4133
16
37180
62
16
8
984
18107
198
262
460
1067
198
71093
248046
198
248045
846
198
7525
3555
4621
4490
279
6813
13
5514
579
279
1412
25
198
220
2793
34397
20
43
17
18
926
29595
54
18
6971
487
1500
220
20
15
198
262
471
220
16
25
2542
28
16
50615
198
2215
6108
198
32769
1401
25
8060
3542
359
169361
6
318
52
10
17
22
16
18
8
14200
1206
311
40138
11
411
369
678
3274
25
4310
279
2614
709
11618
321
4479
889
11
6999
4072
279
709
7246
321
1440
660
279
6813
13
2972
5683
4045
67305
3067
13209
50
159029
271
2523
1220
14623
279
1970
488
10490
303
264
64504
1970
2424
318
784
9609
31789
318
19458
668
31153
279
3889
5568
8
248046
198
248045
74455
198
248068
271
248069
271
21765
506
279
1412
11
1017
579
264
18890
4125
440
3175
5587
13
6558
728
3300
264
4101
7873
1973
866
3175
5587
303
5853
13
271
71093
12305
198
727
1698
43292
3906
65313
7815
16
25
592
11
1572
17
25
592
11
1262
9858
25
514
11
1866
9858
25
514
8
1411
514
25
198
262
18107
283
220
16
15
332
24
478
220
22
6987
262
687
1698
7980
2270
7815
25
592
11
1262
625
25
514
11
1866
625
25
514
8
1411
514
25
198
285
4071
2427
24959
494
220
15
310
1572
318
94964
8
440
15262
2542
303
498
1030
625
11
1866
625
60
12237
198
285
413
524
1572
466
1572
606
328
15
763
198
309
460
220
16
413
1262
625
2564
220
15
2564
1866
625
745
220
15
8675
285
17955
283
498
390
1446
8
364
293
303
1572
60
198
285
307
283
2343
94969
8
198
285
1866
68826
9858
283
220
24
348
307
8675
285
413
1262
625
835
1866
68826
9858
466
1866
625
361
220
15
25
198
309
460
220
15
8675
285
1262
625
283
1866
7
15
11
1262
625
8
198
285
1866
625
283
1262
8474
68826
9858
11
1866
625
8
198
1726
285
413
1262
625
835
1866
625
25
198
309
460
220
15
8675
285
494
54572
1120
324
2585
11198
8675
285
554
75
2585
11198
8474
2073
5675
8
198
285
687
24971
11909
11
1428
9858
11
9990
1590
198
309
413
1428
9858
835
1866
625
25
198
388
460
220
15
198
309
413
1097
606
307
25
198
388
460
220
16
413
1262
625
2564
1428
9858
2564
1866
625
745
220
15
18015
309
8156
283
17955
20980
60
413
9990
745
220
24
198
309
2702
283
220
15
198
309
364
293
303
2020
7
13181
478
220
16
1590
198
388
491
516
481
283
9990
321
318
67
606
8156
8
198
388
2702
1373
24971
11909
478
220
16
11
1428
9858
478
293
11
491
516
481
8
198
309
460
2702
984
18107
8675
285
1067
283
24971
7
15
11
220
15
11
2912
8
984
18107
198
285
24971
19474
21139
363
198
285
460
1067
6987
262
687
31192
11331
7815
25
592
8
1411
592
25
198
285
4071
5423
1572
471
220
16
430
264
886
12237
198
285
413
1572
606
328
15
763
198
309
460
328
15
1
198
1726
285
17955
283
498
390
1446
8
364
293
303
1572
60
198
285
307
283
2343
94969
8
198
1726
285
585
283
307
471
220
16
198
285
1345
585
2518
220
15
25
198
309
413
17955
957
60
835
220
15
25
198
388
17955
957
60
5794
220
16
198
388
1387
198
309
745
25
198
388
17955
957
60
283
220
24
198
388
585
5794
220
16
8675
285
1067
283
41445
5799
4060
1446
8
364
293
303
17955
553
75
12726
482
15
837
198
285
460
1067
413
1067
745
328
15
1
198
1031
262
1698
7980
2270
4133
17
283
1698
7980
2270
7815
17
11
1262
9858
11
1866
9858
8
198
262
1572
16
37180
62
16
283
31192
11331
7815
16
8
198
262
1698
7980
2270
4133
16
37180
62
16
283
1698
7980
2270
7815
16
37180
62
16
11
1262
9858
11
1866
9858
8
198
1031
262
1067
283
318
1767
7980
2270
4133
17
471
1698
7980
2270
4133
16
37180
62
16
8
984
18107
198
262
460
1067
198
71093
248046
198