248045
846
198
4274
279
2614
709
11618
321
4479
889
11
6999
4072
279
709
7246
321
1440
660
279
6813
13
2972
5683
4045
67305
3067
13209
50
159029
271
2523
1220
14623
279
1970
488
10490
303
264
64504
1970
2424
318
784
9609
31789
318
19458
668
31153
279
3889
5568
8
271
71093
198
1445
18904
1120
1697
1358
727
1866
15559
7554
9858
48332
32114
10620
25
1697
18078
2387
1411
514
25
198
262
4071
15767
449
7308
1287
11
6507
424
1083
2250
2397
38127
64258
1146
64633
198
262
321
460
279
6966
3102
2542
314
279
14159
314
12103
24959
303
1782
1146
64633
13
198
1031
262
561
1287
369
6507
506
1330
9599
318
72
11
492
8
1332
220
16
2564
585
361
492
2564
2343
10620
7060
16
11
6611
25
198
262
471
5339
1146
1595
25
2796
58
15
14244
60
198
262
471
10130
1146
1595
25
2796
957
55628
60
198
262
471
20226
1146
1595
25
2796
3681
27365
198
1031
262
17167
25
198
285
2796
25
357
1103
314
24959
440
2984
2518
220
18
6987
262
5019
25
198
285
561
6966
2542
314
12103
7308
14159
3808
660
3102
39129
6987
262
11765
1866
15559
7554
9858
48332
32114
2477
18
11
220
16
11
220
19
11
220
16
11
220
20
2387
198
262
220
20
198
262
11765
1866
15559
7554
9858
48332
32114
2477
17
11
220
20
11
220
21
11
220
19
11
220
19
11
220
16
11
220
16
11
220
18
11
220
16
11
220
19
2387
198
262
220
24
198
262
4071
271
727
1716
69574
1590
198
262
653
3284
4886
494
279
3377
198
262
1992
8871
2477
18
11
220
16
11
220
19
11
220
16
11
220
20
2387
606
220
20
198
262
1992
8871
2477
17
11
220
20
11
220
21
11
220
19
11
220
19
11
220
16
11
220
16
11
220
18
11
220
16
11
220
19
2387
606
220
24
6987
262
653
22484
1228
4886
198
262
1992
8871
2477
21
11
220
22
11
220
24
11
220
18
11
220
20
11
220
17
11
220
23
11
220
16
17
11
220
19
11
220
16
11
220
20
11
220
18
2387
606
220
16
17
198
262
1992
8871
2477
16
17
20
11
220
18
23
11
220
16
19
20
11
220
16
15
19
11
220
16
21
19
11
220
16
15
24
11
220
16
18
19
11
220
16
17
22
11
220
23
18
11
220
16
17
23
11
220
16
17
23
11
220
16
21
18
11
220
16
22
17
11
220
20
17
11
220
16
18
24
11
220
16
20
22
11
220
20
22
11
220
18
11
220
23
23
11
220
23
17
11
220
23
18
11
220
16
15
11
220
16
18
20
11
220
18
23
11
220
21
21
11
220
16
20
20
11
220
19
15
11
220
24
23
11
220
16
20
15
11
220
22
21
11
220
16
17
16
11
220
16
22
11
220
17
17
11
220
16
18
18
11
220
16
16
11
220
16
22
11
220
20
23
11
220
18
19
11
220
16
16
11
220
22
22
11
220
19
11
220
16
16
20
11
220
23
20
11
220
19
17
11
220
18
24
11
220
16
21
23
11
220
16
16
23
11
220
24
21
11
220
16
18
15
11
220
24
23
11
220
16
18
21
11
220
16
17
24
11
220
24
11
220
16
19
22
11
220
17
19
11
220
16
18
18
11
220
16
20
19
11
220
17
15
11
220
16
16
15
11
220
20
18
11
220
22
20
11
220
16
18
23
11
220
16
20
19
11
220
16
15
22
11
220
16
17
19
11
220
16
15
15
11
220
16
20
21
11
220
16
20
16
11
220
21
15
11
220
21
11
220
16
21
24
11
220
16
11
220
19
22
11
220
22
23
11
220
16
18
15
11
220
16
19
21
11
220
21
21
11
220
23
21
11
220
16
22
11
220
16
17
22
11
220
21
23
11
220
22
23
11
220
16
15
20
11
220
24
24
11
220
24
24
11
220
16
21
11
220
19
17
11
220
16
21
20
11
220
18
18
11
220
21
17
11
220
22
19
11
220
23
21
11
220
16
20
11
220
16
15
11
220
16
17
19
11
220
16
15
22
11
220
18
22
11
220
16
17
21
11
220
16
20
20
11
220
17
16
11
220
16
22
18
11
220
18
24
11
220
24
16
11
220
16
15
21
11
220
16
15
11
220
16
20
22
11
220
16
17
15
11
220
24
24
11
220
16
16
23
11
220
16
18
11
220
17
21
11
220
16
17
16
11
220
18
24
11
220
21
11
220
24
11
220
16
20
19
11
220
16
20
24
11
220
18
19
11
220
16
21
17
11
220
23
18
11
220
17
22
11
220
16
19
16
11
220
16
21
22
11
220
23
24
11
220
20
15
11
220
24
24
11
220
16
17
21
11
220
17
24
11
220
16
21
11
220
16
20
22
11
220
16
17
15
11
220
16
20
23
11
220
16
21
17
11
220
23
22
11
220
16
21
22
11
220
18
17
11
220
16
21
15
11
220
22
21
11
220
18
18
11
220
16
15
15
11
220
22
21
11
220
18
17
11
220
16
18
18
11
220
19
24
11
220
16
15
11
220
16
15
16
11
220
16
16
19
11
220
24
21
11
220
19
24
11
220
16
16
22
11
220
24
17
11
220
16
21
17
11
220
17
15
11
220
16
17
11
220
16
16
11
220
16
17
20
11
220
21
21
11
220
22
11
220
16
18
19
11
220
16
22
16
11
220
16
19
21
11
220
16
19
22
11
220
20
21
11
220
20
24
11
220
17
19
11
220
16
21
16
11
220
16
17
24
11
220
16
18
20
11
220
16
15
23
11
220
16
18
15
11
220
22
24
11
220
18
15
11
220
18
23
2387
606
220
16
20
21
198
262
1992
8871
2477
19
11
220
16
15
11
220
16
23
11
220
16
15
11
220
19
11
220
16
23
11
220
16
16
11
220
16
23
11
220
22
11
220
16
23
11
220
16
15
11
220
16
20
11
220
18
11
220
16
18
11
220
16
16
11
220
23
11
220
16
15
11
220
21
2387
606
220
16
21
198
262
1992
8871
2477
16
19
11
220
16
17
11
220
16
15
11
220
22
11
220
16
18
11
220
16
16
11
220
16
17
11
220
16
11
220
18
11
220
23
11
220
17
11
220
20
11
220
16
17
11
220
18
11
220
23
2387
606
220
16
20
198
262
1992
8871
2477
19
11
220
16
15
11
220
22
11
220
16
15
11
220
20
11
220
23
11
220
23
11
220
21
11
220
17
11
220
21
2387
606
220
24
198
262
1992
8871
2477
19
11
220
20
11
220
21
11
220
18
11
220
17
11
220
17
2387
606
220
21
198
262
1992
8871
2477
19
11
220
16
11
220
22
11
220
16
11
220
17
11
220
22
11
220
24
11
220
24
11
220
20
2387
606
220
24
198
262
1992
8871
2477
21
11
220
18
11
220
21
11
220
22
11
220
16
11
220
17
11
220
18
11
220
19
11
220
16
11
220
16
15
2387
606
220
16
15
198
262
1992
8871
2477
17
11
220
16
11
220
18
11
220
18
11
220
19
2387
606
220
20
198
262
1992
8871
2477
16
18
11
220
16
20
11
220
22
11
220
16
11
220
20
11
220
24
11
220
23
11
220
22
11
220
16
20
11
220
16
18
11
220
16
19
11
220
20
11
220
23
11
220
21
11
220
16
15
2387
606
220
16
20
198
262
1992
8871
2477
17
11
220
17
11
220
17
11
220
17
11
220
17
11
220
17
11
220
17
11
220
17
11
220
17
11
220
17
2387
606
220
18
198
262
1992
8871
2477
21
11
220
22
11
220
17
11
220
21
11
220
21
11
220
16
16
11
220
16
22
11
220
24
11
220
19
11
220
16
20
11
220
21
11
220
16
11
220
16
21
11
220
16
19
11
220
16
22
11
220
16
15
11
220
16
17
11
220
16
18
2387
606
220
16
22
198
262
1992
8871
2477
16
11
220
17
11
220
18
11
220
19
11
220
18
11
220
17
11
220
16
2387
606
220
22
198
262
1992
8871
2477
16
11
220
16
11
220
16
11
220
16
11
220
16
11
220
17
11
220
17
11
220
17
11
220
17
11
220
17
2387
606
220
19
198
262
1992
8871
2477
24
11
220
18
11
220
20
11
220
18
11
220
17
11
220
20
11
220
24
11
220
18
11
220
20
2387
606
220
24
198
262
1992
8871
2477
24
11
220
23
11
220
22
11
220
21
11
220
20
11
220
19
11
220
18
11
220
17
11
220
16
2387
606
220
24
198
262
1992
8871
2477
18
11
220
17
11
220
16
2387
606
220
18
198
262
1992
8871
2477
18
11
220
19
11
220
18
11
220
20
11
220
21
11
220
17
2387
606
220
21
198
262
1992
8871
2477
16
11
220
16
11
220
17
11
220
17
2387
606
220
19
198
262
1992
8871
2477
16
11
220
23
11
220
16
11
220
17
11
220
22
11
220
19
11
220
20
11
220
21
2387
606
220
23
198
262
1992
8871
2477
18
11
220
24
11
220
16
11
220
23
11
220
17
11
220
21
11
220
16
11
220
24
11
220
20
11
220
18
11
220
19
2387
606
220
16
16
198
262
1992
8871
2477
16
11
220
16
11
220
24
11
220
17
11
220
19
11
220
17
11
220
19
11
220
20
11
220
20
2387
606
220
23
271
2
5272
1716
8474
15559
7554
9858
48332
32114
8
310
1542
6813
13
198
71093
248046
198
248045
74455
198
248068
271
248069
271
21765
506
279
3377
11
353
1144
310
25
271
16
13
26907
279
1287
1083
2250
2397
38127
64258
1146
64633
506
9599
1510
72
63
321
1510
73
63
1332
1510
16
2564
585
361
492
2564
2343
10620
7060
16
63
198
17
13
1690
1754
6507
11
1698
279
12103
24959
303
1754
314
279
2250
1146
64633
198
18
13
3301
279
6966
3102
2542
314
1439
2250
12103
14159
271
9764
728
1683
1472
279
5313
25
198
12
1690
1754
2610
6505
314
6507
3387
47029
72
11
492
8
7561
353
1144
310
12204
25
198
220
471
1510
51241
3079
10620
58
15
14244
2387
63
471
12103
5255
303
1118
1146
1595
198
220
471
1510
51241
3079
10620
957
55628
2387
63
471
12103
5255
303
2018
1146
1595
2228
220
471
1510
51241
3079
10620
3681
92535
63
471
12103
5255
303
4688
1146
1595
198
12
3301
279
6966
2542
888
660
2610
47029
72
11
492
44646
13139
271
760
61934
5176
5313
1000
381
496
1393
61
18
8
864
2493
381
2166
6103
364
3349
17839
318
1719
1228
1105
682
220
16
17
23
5255
553
4213
11
1042
728
1118
1716
413
264
33153
5313
4138
13
271
2381
307
28
16
17
23
11
279
1324
314
318
72
10021
8
13139
369
883
307
61
17
14
17
283
3835
23
15
15
15
11
321
23470
12103
14159
364
1754
1000
381
496
1393
8
791
6505
11
6866
496
1393
61
18
8
283
3835
17
44
7289
13
1061
1220
381
4778
3213
13
271
9764
728
4072
279
29350
5313
25
271
71093
12305
198
1445
18904
1120
1697
1358
727
1866
15559
7554
9858
48332
32114
10620
25
1697
18078
2387
1411
514
25
198
262
4071
15767
449
7308
1287
11
6507
424
1083
2250
2397
38127
64258
1146
64633
198
262
321
460
279
6966
3102
2542
314
279
14159
314
12103
24959
303
1782
1146
64633
13
198
1031
262
561
1287
369
6507
506
1330
9599
318
72
11
492
8
1332
220
16
2564
585
361
492
2564
2343
10620
7060
16
11
6611
25
198
262
471
5339
1146
1595
25
2796
58
15
14244
60
198
262
471
10130
1146
1595
25
2796
957
55628
60
198
262
471
20226
1146
1595
25
2796
3681
27365
198
1031
262
17167
25
198
285
2796
25
357
1103
314
24959
440
2984
2518
220
18
6987
262
5019
25
198
285
561
6966
2542
314
12103
7308
14159
3808
660
3102
39129
6987
262
11765
1866
15559
7554
9858
48332
32114
2477
18
11
220
16
11
220
19
11
220
16
11
220
20
2387
198
262
220
20
198
262
11765
1866
15559
7554
9858
48332
32114
2477
17
11
220
20
11
220
21
11
220
19
11
220
19
11
220
16
11
220
16
11
220
18
11
220
16
11
220
19
2387
198
262
220
24
198
262
4071
198
262
307
283
2343
10620
8
198
262
1866
9858
283
220
15
6987
262
653
585
369
279
809
1857
314
1118
1146
1595
318
86055
681
492
369
1151
1857
314
4688
1146
1595
198
262
653
5339
1146
1595
25
2796
58
15
14244
1089
748
585
20629
494
220
16
310
307
12
17
318
951
5790
2018
321
4688
513
2397
38127
8
198
262
653
10130
1146
1595
25
2796
957
55628
1089
748
492
835
585
198
262
653
20226
1146
1595
25
2796
3681
43982
748
492
361
307
198
262
653
1987
25
220
16
2564
585
2564
307
12
17
11
585
361
492
2564
307
12
16
6987
262
364
585
303
2020
7
16
11
307
471
220
16
1590
198
285
653
5339
1146
1595
25
2796
58
15
14244
60
198
285
1118
15559
7554
283
2343
13765
10620
3337
72
9087
198
1726
285
364
492
303
2020
1889
478
220
16
11
307
1590
198
309
653
10130
1146
1595
25
2796
957
55628
60
198
309
2018
15559
7554
283
2343
13765
10620
957
55628
9087
198
309
653
20226
1146
1595
25
2796
3681
27365
198
309
4688
15559
7554
283
2343
13765
10620
3681
25
9087
198
3265
309
1428
9858
283
1118
15559
7554
478
2018
15559
7554
478
4688
15559
7554
198
309
413
1428
9858
835
1866
9858
25
198
388
1866
9858
283
1428
9858
6987
262
460
1866
9858
198
71093
271
9764
728
11319
1472
279
1118
3010
310
9845
25
198
12
1510
1082
283
498
18
11
220
16
11
220
19
11
220
16
11
220
20
60
7561
307
28
20
198
12
7571
39129
25
585
303
498
16
11
17
11
18
1089
492
835
585
11
492
303
498
17
11
18
11
19
60
198
12
585
28
16
11
492
28
17
25
498
18
1089
498
16
1089
498
19
11
16
11
20
60
11069
220
16
478
220
16
478
220
18
283
220
20
198
12
585
28
16
11
492
28
18
25
498
18
1089
498
16
11
19
1089
498
16
11
20
60
11069
220
16
478
220
17
478
220
17
283
220
20
198
12
585
28
16
11
492
28
19
25
498
18
1089
498
16
11
19
11
16
1089
498
20
60
11069
220
16
478
220
17
478
220
16
283
220
19
198
12
585
28
17
11
492
28
18
25
498
18
11
16
1089
498
19
1089
498
16
11
20
60
11069
220
17
478
220
16
478
220
17
283
220
20
198
12
585
28
17
11
492
28
19
25
498
18
11
16
1089
498
19
11
16
1089
498
20
60
11069
220
17
478
220
17
478
220
16
283
220
20
198
12
585
28
18
11
492
28
19
25
498
18
11
16
11
19
1089
498
16
1089
498
20
60
11069
220
18
478
220
16
478
220
16
283
220
20
271
26427
369
220
20
13
50615
271
1919
1220
944
13
6558
728
9845
440
279
2018
3010
32122
471
424
579
777
6150
11
694
279
11870
369
4950
13
271
760
1970
3294
1220
1440
660
6813
13
6558
728
52275
424
13
271
71093
12305
198
1445
18904
1120
1697
1358
727
1866
15559
7554
9858
48332
32114
10620
25
1697
18078
2387
1411
514
25
198
262
4071
15767
449
7308
1287
11
6507
424
1083
2250
2397
38127
64258
1146
64633
198
262
321
460
279
6966
3102
2542
314
279
14159
314
12103
24959
303
1782
1146
64633
13
198
1031
262
561
1287
369
6507
506
1330
9599
318
72
11
492
8
1332
220
16
2564
585
361
492
2564
2343
10620
7060
16
11
6611
25
198
262
471
5339
1146
1595
25
2796
58
15
14244
60
198
262
471
10130
1146
1595
25
2796
957
55628
60
198
262
471
20226
1146
1595
25
2796
3681
27365
198
1031
262
17167
25
198
285
2796
25
357
1103
314
24959
440
2984
2518
220
18
6987
262
5019
25
198
285
561
6966
2542
314
12103
7308
14159
3808
660
3102
39129
6987
262
11765
1866
15559
7554
9858
48332
32114
2477
18
11
220
16
11
220
19
11
220
16
11
220
20
2387
198
262
220
20
198
262
11765
1866
15559
7554
9858
48332
32114
2477
17
11
220
20
11
220
21
11
220
19
11
220
19
11
220
16
11
220
16
11
220
18
11
220
16
11
220
19
2387
198
262
220
24
198
262
4071
198
262
307
283
2343
10620
8
198
262
1866
9858
283
220
15
6987
262
364
585
303
2020
7
16
11
307
471
220
16
1590
198
285
1118
15559
7554
283
2343
13765
10620
3337
72
9087
198
1726
285
364
492
303
2020
1889
478
220
16
11
307
1590
198
309
2018
15559
7554
283
2343
13765
10620
957
55628
9087
198
309
4688
15559
7554
283
2343
13765
10620
3681
25
9087
198
3265
309
1428
9858
283
1118
15559
7554
478
2018
15559
7554
478
4688
15559
7554
198
309
413
1428
9858
835
1866
9858
25
198
388
1866
9858
283
1428
9858
6987
262
460
1866
9858
198
71093
248046
198
248045
846
198
7525
3555
4621
4490
279
6813
13
5514
579
279
1412
25
198
220
2793
34397
85
43
54
20
78
3152
23
72
16
6971
487
1500
220
20
22
198
262
471
585
28
16
11
492
28
17
25
498
18
1089
498
16
1089
498
19
11
16
11
20
60
11069
220
16
478
220
16
478
220
18
283
220
20
198
6447
6108
198
32769
1401
25
8060
3542
359
49300
6
318
52
10
17
16
24
17
8
14200
1206
311
40138
11
411
369
678
3274
25
4310
279
2614
709
11618
321
4479
889
11
6999
4072
279
709
7246
321
1440
660
279
6813
13
2972
5683
4045
67305
3067
13209
50
159029
271
2523
1220
14623
279
1970
488
10490
303
264
64504
1970
2424
318
784
9609
31789
318
19458
668
31153
279
3889
5568
8
248046
198
248045
74455
198
248068
271
248069
271
71093
12305
198
1445
18904
1120
1697
1358
727
1866
15559
7554
9858
48332
32114
10620
25
1697
18078
2387
1411
514
25
198
262
4071
15767
449
7308
1287
11
6507
424
1083
2250
2397
38127
64258
1146
64633
198
262
321
460
279
6966
3102
2542
314
279
14159
314
12103
24959
303
1782
1146
64633
13
198
1031
262
561
1287
369
6507
506
1330
9599
318
72
11
492
8
1332
220
16
2564
585
361
492
2564
2343
10620
7060
16
11
6611
25
198
262
471
5339
1146
1595
25
2796
58
15
14244
60
198
262
471
10130
1146
1595
25
2796
957
55628
60
198
262
471
20226
1146
1595
25
2796
3681
27365
198
1031
262
17167
25
198
285
2796
25
357
1103
314
24959
440
2984
2518
220
18
6987
262
5019
25
198
285
561
6966
2542
314
12103
7308
14159
3808
660
3102
39129
6987
262
11765
1866
15559
7554
9858
48332
32114
2477
18
11
220
16
11
220
19
11
220
16
11
220
20
2387
198
262
220
20
198
262
11765
1866
15559
7554
9858
48332
32114
2477
17
11
220
20
11
220
21
11
220
19
11
220
19
11
220
16
11
220
16
11
220
18
11
220
16
11
220
19
2387
198
262
220
24
198
262
4071
198
262
307
283
2343
10620
8
198
262
413
307
361
220
18
25
198
285
460
220
15
6987
262
1866
9858
283
220
15
6987
262
364
585
303
2020
7
16
11
307
471
220
16
1590
198
285
1118
15559
7554
283
2343
13765
10620
3337
72
9087
198
1726
285
364
492
303
2020
1889
478
220
16
11
307
1590
198
309
2018
15559
7554
283
2343
13765
10620
957
55628
9087
198
309
4688
15559
7554
283
2343
13765
10620
3681
25
9087
198
3265
309
1428
9858
283
1118
15559
7554
478
2018
15559
7554
478
4688
15559
7554
198
309
413
1428
9858
835
1866
9858
25
198
388
1866
9858
283
1428
9858
6987
262
460
1866
9858
198
71093
248046
198