248045
846
198
4274
279
2614
709
11618
321
4479
889
11
6999
4072
279
709
7246
321
1440
660
279
6813
13
2972
5683
4045
67305
3067
13209
50
159029
271
2523
1220
14623
279
1970
488
10490
303
264
64504
1970
2424
318
784
9609
31789
318
19458
668
31153
279
3889
5568
8
271
71093
198
727
3481
55426
7947
25
514
11
380
25
514
8
1411
514
25
198
262
4071
19892
279
3481
1324
314
7289
32187
1413
29389
25822
383
264
4757
440
443
17044
44
10
16
16720
13
198
1031
262
561
4757
682
16720
47193
220
15
11
220
16
11
58317
443
17044
44
13
561
585
7324
6607
318
16
36059
585
36059
443
17044
44
8
31966
695
262
16720
585
321
1866
1889
471
443
11
220
15
553
56578
11
1132
11597
220
15
369
23235
13
198
1031
262
26760
494
11597
220
15
11
32187
1413
29389
18253
25
198
262
220
16
13
31504
19094
799
23194
11597
75150
506
4055
321
10480
310
424
198
262
220
17
13
1368
279
11597
369
20961
29243
11
551
54946
424
6987
262
1061
9257
2980
660
16720
513
23235
13
198
1031
262
17167
25
198
285
443
25
5339
5555
318
16
36059
443
36059
220
17
17044
16
15
61
20
8
198
285
380
25
10130
5555
318
16
36059
380
36059
220
17
17044
16
15
61
20
8
198
1031
262
5019
25
198
285
561
3481
1324
314
7289
57844
220
24
24
23
17
19
19
18
20
18
6987
262
11765
3481
55426
7
17
11
220
17
8
198
262
220
17
15
198
262
11765
3481
55426
7
16
17
18
19
20
21
11
220
16
23
20
16
23
20
8
198
262
220
21
24
17
24
17
24
16
19
198
262
4071
271
727
1716
69574
1590
198
262
1992
8871
7
17
11
220
17
8
606
220
17
15
198
262
1992
8871
7
16
17
18
19
20
21
11
220
16
23
20
16
23
20
8
606
220
21
24
17
24
17
24
16
19
198
262
1992
8871
7
16
23
23
24
16
15
11
220
16
22
15
23
23
18
8
606
220
18
18
21
21
22
24
18
20
17
198
262
1992
8871
7
16
19
20
20
24
11
220
19
20
15
19
24
8
606
220
21
23
15
19
18
18
16
16
24
198
262
1992
8871
7
16
11
220
17
8
606
220
19
198
262
1992
8871
7
17
23
21
21
11
220
16
19
20
19
23
8
606
220
17
24
16
20
18
22
16
24
22
198
262
1992
8871
7
17
24
11
220
18
24
8
606
220
19
17
24
23
18
18
22
19
17
198
262
1992
8871
7
18
16
11
220
17
15
8
606
220
20
21
15
18
23
17
20
18
19
198
262
1992
8871
7
19
24
11
220
16
18
8
606
220
23
15
24
22
24
18
22
15
17
198
262
1992
8871
7
22
11
220
17
8
606
220
20
24
23
24
19
21
22
20
18
198
262
1992
8871
7
16
23
18
19
19
22
11
220
16
21
23
20
24
24
8
606
220
16
16
24
20
15
17
23
15
198
262
1992
8871
7
19
18
11
220
19
20
8
606
220
17
15
19
15
20
21
20
24
19
198
262
1992
8871
7
19
18
18
20
16
11
220
17
21
22
17
17
8
606
220
23
19
18
20
22
17
18
22
198
262
1992
8871
7
16
23
19
20
15
22
11
220
16
24
18
22
20
15
8
606
220
20
15
15
17
22
20
21
21
22
198
262
1992
8871
7
16
18
15
21
24
11
220
17
23
17
20
19
8
606
220
19
18
24
24
18
15
17
15
18
198
262
1992
8871
7
19
20
11
220
18
24
8
606
220
23
23
19
20
15
15
21
23
18
198
262
1992
8871
7
16
23
23
22
19
23
11
220
16
21
23
20
16
23
8
606
220
17
23
19
24
15
24
20
17
16
198
262
1992
8871
7
17
22
21
19
11
220
17
18
15
20
17
8
606
220
17
18
15
18
23
23
16
15
198
262
1992
8871
7
19
19
11
220
17
15
8
606
220
18
22
21
23
20
24
23
18
18
198
262
1992
8871
7
24
24
24
24
24
11
220
16
15
15
15
15
15
8
606
220
24
15
18
24
19
20
22
18
22
198
262
1992
8871
7
17
15
11
220
16
17
8
606
220
20
22
21
16
23
17
19
16
15
198
262
1992
8871
7
19
15
11
220
24
8
606
220
16
22
17
18
16
18
20
22
18
198
262
1992
8871
7
16
24
15
22
20
16
11
220
16
20
24
18
20
24
8
606
220
22
17
23
17
15
15
23
22
20
198
262
1992
8871
7
19
20
11
220
17
19
8
606
220
24
24
15
21
16
15
19
20
20
198
262
1992
8871
7
16
11
220
17
15
15
15
15
15
8
606
220
22
15
17
17
20
23
23
15
198
262
1992
8871
7
16
23
18
23
17
19
11
220
16
22
20
18
15
15
8
606
220
19
17
19
22
15
21
23
18
23
198
262
1992
8871
7
16
11
220
16
8
606
220
16
198
262
1992
8871
7
23
24
17
21
11
220
16
22
16
17
16
8
606
220
16
15
17
16
20
17
22
18
23
198
262
1992
8871
7
18
21
11
220
16
24
8
606
220
16
21
21
22
15
16
21
16
22
198
262
1992
8871
7
17
18
11
220
17
8
606
220
18
23
17
23
23
15
17
22
24
198
262
1992
8871
7
18
23
11
220
16
15
8
606
220
20
18
23
21
18
20
23
24
20
198
262
1992
8871
7
16
15
15
15
15
15
11
220
24
24
24
24
24
8
606
220
20
20
20
24
17
23
22
22
198
262
1992
8871
7
16
19
11
220
18
23
8
606
220
22
19
17
16
15
19
15
18
16
198
262
1992
8871
7
18
23
11
220
20
8
606
220
18
23
19
17
17
15
15
21
17
198
262
1992
8871
7
16
23
21
21
17
18
11
220
16
22
16
18
21
22
8
606
220
16
17
20
19
17
20
18
22
198
262
1992
8871
7
16
22
17
15
23
22
11
220
16
22
17
15
24
17
8
606
220
17
15
15
23
20
23
20
16
19
198
262
1992
8871
7
16
18
19
22
23
11
220
18
15
15
17
19
8
606
220
18
16
19
23
24
23
24
24
16
198
262
1992
8871
7
18
18
11
220
16
20
8
606
220
19
17
17
15
24
18
24
16
17
198
262
1992
8871
7
19
21
11
220
18
19
8
606
220
23
23
18
18
22
22
16
23
19
198
262
1992
8871
7
22
11
220
16
24
8
606
220
23
24
23
19
18
17
21
21
16
198
262
1992
8871
7
16
17
11
220
18
15
8
606
220
16
24
19
20
17
24
18
16
20
271
2
5272
1716
14809
55426
8
310
1542
6813
13
198
71093
248046
198
248045
74455
198
248068
271
248069
271
21765
506
279
3377
11
353
1144
310
3418
279
5759
314
279
4757
321
41020
279
3481
1324
314
7289
13
271
332
6330
27662
17775
64700
198
12
14620
1175
25
220
15
11
220
16
11
58317
443
17044
44
318
4873
443
17044
44
10
16
16720
8
198
12
10041
585
318
16
36059
585
36059
443
17044
44
8
31966
11597
585
321
1866
1889
10923
11
220
15
8
198
12
1061
3254
25
198
220
471
1690
585
494
220
16
310
443
25
11597
585
31966
310
11597
220
15
318
10957
1866
1889
10923
11
220
15
8
283
220
15
948
585
361
443
11
321
364
585
50247
11
1866
7
15
11
15
11393
15
8
198
220
471
13428
11
1042
728
311
15464
25
364
585
303
498
16
11
443
12
16
1089
585
10923
361
220
15
11
748
1866
1889
10923
11
220
15
8
283
220
15
198
220
471
1690
585
283
443
11
585
10923
283
220
15
11
748
31966
310
220
15
198
220
471
1690
585
283
443
10
16
11
585
10923
283
220
16
11
748
31966
310
11597
220
16
198
220
471
1690
585
283
443
10
17
11
31966
310
11597
220
17
198
220
471
2423
198
220
471
1690
585
283
443
17044
44
11
585
10923
283
443
17044
44
10923
283
443
3088
12
16
681
748
31966
310
11597
443
3088
12
16
8
271
4272
279
4757
369
25
198
12
22501
220
15
369
279
3578
198
12
14620
1175
220
16
1472
443
513
2050
2748
314
11597
220
15
198
12
1690
580
494
220
16
310
380
12
16
25
11597
318
74
10
16
8
45
478
492
318
1891
492
303
220
16
486
45
8
31966
310
11597
580
45
478
492
198
220
471
4254
22898
25
11597
585
318
2777
585
835
443
8
31966
310
11597
585
10923
198
220
471
1987
11597
585
682
2594
585
10923
271
1919
7346
264
4434
443
12
640
4757
314
2521
380
318
2777
2521
14159
5684
494
3578
1590
198
12
9116
220
15
25
11597
220
15
198
12
9116
220
16
25
16720
220
16
11
220
17
11
58317
443
198
12
9116
220
17
25
16720
443
10
16
11
443
10
17
11
58317
220
17
45
198
12
9116
580
25
16720
318
74
12
16
8
45
10
16
1472
580
45
198
12
10342
25
220
16
478
443
17044
44
16720
271
1919
369
264
5611
443
12
640
4757
440
380
5684
314
2397
37916
7552
13
271
332
18326
24093
64700
198
760
1817
369
264
4055
4088
5732
494
11597
220
15
11
1332
506
1754
2923
567
3166
310
264
4055
9281
13
1165
1698
279
1324
314
7123
2980
660
16720
513
23235
318
27926
553
271
760
3481
1324
314
7123
310
3814
660
16720
303
264
4757
628
381
23424
1608
279
7059
314
328
3562
854
3158
1690
264
4757
11
279
3481
3311
854
5732
494
264
2574
11597
628
381
5265
310
279
5759
13
271
50821
11
364
264
4757
11
279
3481
854
310
3814
660
16720
5732
494
279
3578
682
264
3750
14377
13
6558
728
1683
883
411
20648
13
271
760
3481
1324
314
7123
310
1118
3814
264
11597
343
303
264
4055
4088
383
264
4757
628
381
23424
11
321
279
3311
854
628
381
12917
303
3665
314
279
5759
13
271
2381
264
5611
443
12
640
4757
11
1017
2493
381
264
7629
8200
6093
13
6558
728
1683
883
279
3481
7289
777
15060
13
271
50821
11
353
18516
421
364
264
4757
345
440
307
16720
11
279
3481
3311
854
5732
494
11597
274
628
381
23424
11
694
424
579
8524
6150
13
4213
11
364
5611
12052
11
1017
2493
381
264
5215
13
271
9764
728
1353
506
2526
4886
25
198
12
443
28
16
11
380
28
16
25
8672
369
1066
11597
220
15
8173
310
11597
220
16
13
26760
506
220
15
11
1144
310
3814
11597
220
16
13
30003
7123
25
567
3166
310
220
16
440
18356
220
16
318
3138
9281
681
748
220
16
2923
13
21134
25
220
16
50615
198
12
443
28
16
11
380
28
17
25
7683
220
15
12
16
12
17
13
4980
506
220
15
13
14235
310
3814
660
13
695
220
471
14392
220
16
25
1902
708
310
220
16
318
3138
9281
553
16695
220
16
13
198
220
471
4543
506
220
16
11
18146
513
220
15
321
220
17
13
695
220
471
1165
1144
310
9297
3814
220
17
13
695
220
471
1061
369
264
4055
4088
383
1752
314
220
18
7552
5732
506
220
16
318
10378
1118
2923
681
694
567
2908
2582
11653
220
15
321
220
16
13
198
220
471
30003
4945
7123
310
4062
220
17
494
220
16
383
1752
220
15
12
16
12
17
25
695
262
471
5369
220
16
25
440
3448
220
16
14
17
708
310
220
15
11
440
3448
220
16
14
17
708
310
220
17
198
262
471
1368
708
310
220
17
11
2725
318
16
2923
8
198
262
471
1368
708
310
220
15
11
1179
494
220
15
1902
708
1142
310
220
16
318
16
2923
681
1179
567
2224
1142
310
1528
506
220
16
198
262
471
6558
458
381
3481
7123
494
220
16
310
4062
220
17
13
198
262
471
458
283
220
16
14
17
348
220
16
478
220
16
14
17
348
318
16
478
220
16
478
458
8
283
220
16
14
17
478
220
16
14
17
348
318
17
478
458
8
283
220
16
14
17
478
220
16
478
458
14
17
283
220
18
14
17
478
458
14
17
198
262
471
458
14
17
283
220
18
14
17
11
458
283
220
18
198
220
471
10342
3481
25
220
16
318
3765
2923
8
478
220
18
283
220
19
50615
271
4272
364
443
28
16
11
380
28
17
11
4087
369
220
19
13
271
9764
728
1683
883
279
4437
14377
13
1690
264
5611
443
12
640
4757
314
7739
380
318
44
5684
314
2748
681
279
3481
3311
854
494
279
3578
13
271
40
1683
279
3481
1324
314
7289
628
381
23424
1608
1500
10432
314
29208
321
279
2029
421
364
1754
6607
11
567
1144
310
1698
1204
1599
2942
424
579
28457
290
13
271
50821
11
264
1328
19407
25
303
264
4757
11
279
3481
1324
314
2942
449
6607
369
28457
290
2261
279
3311
1817
628
381
5265
310
279
51672
11930
13
271
2381
264
4757
11
948
15899
264
4055
4088
2980
660
16720
513
11653
11
279
3481
1324
314
28457
1091
314
449
6607
378
283
318
84
13862
8
1332
343
369
264
1623
314
560
369
25
198
12
220
17
348
318
2073
314
51672
39527
506
343
8
348
318
16
593
8122
314
560
8
348
318
14265
7911
8
271
13784
11
353
18516
264
1067
25
364
264
4757
11
279
3481
3311
854
494
3578
427
628
381
5158
430
25
198
36
19723
60
283
220
17
348
2542
888
660
12454
378
314
318
50
2135
348
318
77
471
326
2135
8
593
5087
7897
2135
578
271
2777
326
2135
369
279
1331
314
279
51672
383
279
1623
3008
314
6607
378
11
560
2135
369
279
2594
14456
11
321
5087
7897
2135
8
369
279
8122
314
560
2135
13
271
50821
11
1042
728
1353
411
685
7059
1769
13
1690
264
4055
4088
383
264
4757
11
279
3481
1324
314
2942
449
6607
378
369
28457
290
1518
660
16720
513
11653
1076
271
77264
11
411
369
3583
6150
13
6558
728
1683
883
424
20648
13
271
50821
11
353
4267
279
4252
14377
17077
279
2029
421
364
1754
11597
343
318
11347
3578
681
279
3481
1324
314
2942
279
6607
20275
343
310
1141
2594
369
28457
290
369
220
17
348
318
1899
9066
2291
3620
578
348
318
16
14
16023
12132
578
348
2414
13
271
13784
11
353
1669
264
2577
5313
13
1690
264
4757
11
279
3481
3311
854
494
3578
427
369
25
198
36
283
220
17
348
150106
14717
85
91050
427
92
498
318
1899
9066
2291
3620
578
348
318
16
593
5087
12132
3620
7461
2205
271
2665
11
421
579
524
1245
2892
13
271
9764
728
37781
13
353
18516
421
364
264
4757
345
440
3578
427
11
279
3481
854
364
264
4055
4088
5732
506
427
310
3814
660
16720
369
25
198
36
283
150106
14717
85
91050
427
92
220
17
348
318
77
2200
593
5087
12132
3620
7461
271
2777
307
2200
369
279
1324
314
16720
303
279
51672
39527
506
343
13
271
13784
11
1042
728
1228
440
443
28
16
11
380
28
17
25
1752
220
15
12
16
12
17
11
307
28
18
13
198
12
343
28
16
25
51672
2291
28
17
318
12657
220
16
11
17
681
5087
12132
7
16
578
28
16023
7
15
11393
16
198
12
343
28
17
25
51672
2291
28
16
318
11741
220
17
681
5087
12132
7
17
578
28
16023
7
16
11393
17
198
12
458
283
220
17
6391
17
14
16
8
478
220
17
6391
16
14
17
8
283
220
19
478
220
16
283
220
20
30
1921
567
1144
220
19
13
271
4639
579
524
12219
13
6558
728
37781
13
271
50821
11
6970
424
579
25
458
283
150106
14717
85
91050
427
92
220
17
348
318
1899
9066
2291
3620
578
593
5087
3620
8
907
2233
1076
271
9764
728
1683
883
424
494
1118
15694
440
279
2526
3010
13
271
2381
1752
220
15
12
16
12
17
11
1151
506
220
15
25
198
12
3130
220
15
25
313
15
2069
506
220
15
198
12
14392
220
16
25
708
310
220
16
318
23485
553
3130
25
313
15
11
16
2069
506
220
16
198
12
5369
220
16
25
18146
220
15
11
17
198
220
471
2985
3448
220
16
14
17
25
708
310
220
17
13
3130
25
313
15
11
16
11
17
2069
2725
13
10342
7123
25
220
17
198
220
471
2985
3448
220
16
14
17
25
708
310
220
15
13
3130
25
313
15
11
16
2069
506
220
15
198
262
471
5369
220
15
25
708
310
220
16
318
23485
553
3130
25
313
15
11
16
2069
506
220
16
13
318
16
2923
8
198
262
471
4543
1142
310
1788
1528
430
1238
2923
220
16
198
12
6558
458
381
3481
4945
7123
494
1528
313
15
11
16
92
506
11597
220
16
198
12
458
283
220
16
14
17
348
220
16
478
220
16
14
17
348
318
16
478
220
16
478
458
8
283
220
16
14
17
478
220
16
14
17
6391
17
90715
8
283
220
16
14
17
478
220
16
478
458
14
17
283
220
18
14
17
478
458
14
17
198
12
458
283
220
18
198
12
10342
25
220
16
478
220
18
283
220
19
50615
271
4272
279
14377
353
2688
3221
364
1220
2873
220
19
364
411
1105
13
271
9764
728
1380
25
458
283
220
17
348
150106
14717
85
56999
254
81
92
318
1899
9066
2291
3620
8
348
318
16
14
16023
12132
3620
24939
695
12
343
28
16
25
220
17
6391
17
14
16
8
283
220
19
198
12
343
28
17
25
220
17
6391
16
14
17
8
283
220
16
2228
12
7860
283
220
20
11
524
220
19
13
271
3710
413
424
579
458
283
150106
14717
85
56999
254
81
92
318
1899
9066
2291
3620
8
348
318
17
14
16023
3620
7461
30
198
12
343
28
16
25
220
17
6391
17
14
17
8
283
220
17
198
12
343
28
17
25
220
17
6391
16
14
16
8
283
220
17
198
12
7860
283
220
19
50615
271
2198
440
443
28
16
11
380
28
16
25
1752
220
15
12
16
198
12
343
28
16
25
220
17
6391
16
14
16
8
283
220
17
30
1921
4087
1220
381
220
16
13
271
4639
3070
914
944
13
271
9764
728
1380
25
458
283
150106
14717
85
56999
254
81
92
318
1899
9066
2291
3620
8
593
5087
3620
578
348
220
17
30
2233
1076
271
2381
443
28
16
26147
28
16
25
458
28
16
13
343
28
16
25
51672
28
16
11
5087
7
16
11393
16
318
3138
8173
310
220
15
8
198
2592
458
283
220
17
348
220
16
14
16
283
220
17
11
4808
13
271
20734
25
458
283
150106
14717
85
56999
254
81
92
318
1899
9066
2291
3620
8
348
318
16
14
16023
12132
3620
24939
695
12
443
28
16
26147
28
16
25
343
28
16
11
51672
28
16
11
5087
12132
28
15
11393
16
11
748
220
16
9
16
14
16
28
16
13
7860
28
16
50615
198
12
443
28
16
26147
28
17
25
343
28
16
25
51672
28
17
11
5087
12132
28
15
11393
16
11
748
220
17
9
16
28
17
26
343
28
17
25
51672
28
16
11
5087
12132
28
16
11393
17
11
748
220
16
9
16
14
17
28
15
13
20
13
7860
28
17
13
20
11
524
220
19
13
271
2536
12219
13
271
9764
728
1380
310
41020
424
9971
13
353
1683
279
3481
3311
854
364
264
4757
628
381
23424
430
25
198
36
283
220
17
348
150106
14717
68
46723
12454
92
318
50
2135
348
318
77
471
326
2135
578
593
5087
7897
2135
8
271
2777
364
6607
378
20275
560
318
3637
8
321
343
318
2950
681
326
2135
283
1331
314
51672
39527
506
343
11
560
2135
283
560
13
271
2198
443
28
16
26147
28
16
25
307
28
17
198
12
10041
318
15
11
16
1590
326
28
16
11
307
6027
28
16
11
5087
7
15
11393
16
198
12
458
283
220
17
348
318
16
9
16
14
16
8
283
220
17
30
1921
4087
369
220
16
13
271
22597
524
12219
13
271
13784
11
6970
279
14377
369
2086
13
6558
728
2624
821
4779
1076
353
18516
421
364
264
4757
11
279
3481
3311
854
494
3578
369
25
198
36
283
220
17
348
150106
14717
85
56999
254
81
92
318
77
2200
593
5087
3620
578
271
2777
307
2200
369
279
1324
314
16720
303
279
51672
39527
506
343
13
271
2198
443
28
16
26147
28
16
25
307
28
17
11
343
28
16
25
307
2200
28
16
11
5087
7
16
11393
16
13
458
28
17
6391
16
14
16
11393
17
13
39410
11
1220
381
220
16
13
271
34410
5087
3620
8
3254
2414
745
13
733
264
4757
11
279
8122
314
264
15463
369
220
16
13
271
77264
13
6558
728
37781
279
3377
13
10380
353
2688
888
5511
407
1060
411
13
271
21365
279
16484
318
45
11
380
685
310
220
17
17044
16
15
61
20
8
321
421
567
1144
310
12204
57844
220
24
24
23
17
19
19
18
20
18
11
1017
1902
381
264
7629
8200
14377
13
271
9764
728
9370
279
4087
682
264
4145
1304
303
3665
314
443
321
380
13
5369
279
9989
25
198
12
443
28
16
26147
28
16
25
220
16
198
12
443
28
16
26147
28
17
25
220
19
198
12
443
28
17
26147
28
17
25
220
17
15
271
9764
728
7692
424
579
2414
1040
25
281
7947
26147
8
283
220
17
348
443
348
380
348
318
45
348
380
478
220
16
8
593
220
18
466
4283
13
271
2381
443
28
16
26147
28
16
25
220
17
9
16
9
16
9
17
14
18
283
220
19
14
18
11
524
220
16
13
271
20734
25
281
7947
26147
8
283
443
348
380
348
318
45
348
380
478
220
16
8
593
2414
13
271
45
28
16
26147
28
16
25
220
16
9
16
9
17
283
220
17
11
1144
220
16
13
1987
593
17
30
198
45
28
16
26147
28
17
25
220
16
9
17
9
18
283
220
21
11
593
17
28
18
11
1144
220
19
13
2233
13
271
9764
728
1353
506
279
11013
13
10380
424
17077
78440
4947
466
35195
13
271
50821
11
353
1683
353
1144
310
41020
279
14377
9971
13
6558
728
1683
883
279
3481
1324
314
2942
1754
6607
369
28457
290
13
271
623
264
4055
4088
383
264
4757
5732
506
3578
427
11
2980
660
16720
513
11653
11
279
3481
1324
314
28457
1091
314
449
6607
378
4391
84
13862
8
1332
343
369
264
1623
314
560
369
25
198
17
348
318
2073
314
51672
506
343
8
348
318
16
593
5087
7897
578
271
3850
353
8280
411
3070
914
2353
13
6558
728
37781
13
271
50821
11
353
1669
279
4252
1067
13
1690
264
4757
11
279
3481
3311
854
494
11597
427
369
25
198
36
1650
283
220
17
348
150106
14717
85
56999
254
81
92
318
16
14
16023
3620
578
348
318
3946
314
16720
303
279
3566
8222
343
948
6607
318
85
87499
3620
578
369
6747
8
271
13784
11
421
579
1092
353
6470
13
271
9764
728
1380
264
2086
5313
13
10380
279
14377
369
25
198
36
283
150106
14717
85
56999
254
81
92
220
17
348
318
1899
9066
2291
3620
8
471
220
16
8
593
5087
3620
8
271
45
28
16
26147
28
16
25
343
28
16
11
51672
28
16
11
318
16
12
16
5443
16
28
15
11
458
28
15
13
39410
13
271
40
2688
15239
383
279
91967
13
15767
279
854
16484
321
421
411
369
264
14257
15019
3377
440
3349
16484
11
1017
1902
381
264
3750
14377
364
5611
443
12
640
12052
13
271
5836
777
3272
11
353
4267
279
3481
7289
364
264
5611
443
12
640
4757
314
7739
380
318
44
5684
3559
3578
8
5732
494
3578
369
25
271
36
283
220
17
348
380
348
443
348
318
45
348
380
478
220
16
8
593
318
45
478
220
16
8
348
2414
271
3850
1042
728
1066
4072
3018
383
279
5215
13
32645
11
1042
728
1353
506
279
2663
777
15060
321
1436
413
353
628
1423
279
14377
539
12219
440
279
1228
4886
13
271
21365
279
22373
11
353
3172
4072
264
6093
421
55288
279
2542
888
660
16720
314
1010
709
421
628
381
24276
303
496
3088
8
466
496
12171
443
8
854
1608
42441
33633
13
271
5836
3302
303
821
4779
11
353
18516
421
364
264
5611
4757
11
279
3481
3311
854
494
279
3578
369
25
198
36
283
220
17
348
150106
14717
74
28
16
92
46227
44
92
150106
14717
73
28
15
92
46227
74
12
16
92
498
45
61
73
593
318
45
478
66988
3216
28
15
8
471
220
16
7025
348
443
61
73
348
2423
4558
1919
369
3583
2166
6150
13
6558
728
1066
4072
264
2050
14377
3018
383
279
5759
13
271
2381
264
5611
443
12
640
4757
11
279
3481
3311
854
494
3578
369
25
198
36
283
220
17
348
150106
14717
85
56999
254
15
92
318
1899
9066
2291
3620
578
593
5087
3620
8
271
13784
11
353
2426
2019
303
24557
13
6558
728
1066
1970
685
279
14377
421
353
4267
369
4252
3018
383
5129
2961
25
364
264
4757
11
3481
3311
854
494
3578
427
369
220
17
348
150106
14717
85
56999
254
81
92
318
2073
314
51672
39527
506
343
8
593
5087
3620
553
271
3850
411
6348
4808
10926
364
2526
4886
13
6558
728
311
9884
19382
13
271
50821
11
353
1683
353
995
279
14377
4808
13
6558
728
1353
424
685
7059
1769
25
279
3481
1324
314
2942
449
6607
378
369
28457
290
303
264
4055
4088
2980
660
16720
513
11653
369
220
17
348
318
2935
314
51672
11930
383
2107
10744
8
593
318
32228
553
271
40
3172
4072
3018
383
279
23571
421
279
4087
369
220
17
348
443
348
380
348
318
45
46298
478
220
16
8
593
220
18
1410
220
24
24
23
17
19
19
18
20
18
321
1436
413
424
8798
11
694
424
2677
914
13
271
21365
279
854
11
1042
728
1066
3300
279
7873
421
8798
279
3481
15796
539
46485
279
4252
14377
13
271
727
3481
55426
7947
25
514
11
380
25
514
8
1411
514
25
198
262
18107
283
220
24
24
23
17
19
19
18
20
18
198
262
413
443
606
220
16
25
198
285
653
7683
314
380
10
16
16720
25
220
15
12
16
12
17
12
1076
12
44
198
285
653
30003
3311
854
494
220
15
364
1752
314
2984
380
198
285
653
1690
1752
314
307
16720
5732
506
14456
11
458
283
220
17
6391
77
12
16
17201
77
12
17
5443
18
478
2414
198
285
653
32645
364
1752
220
15
12
16
12
1076
12
44
318
77
48010
10
16
16720
681
458
283
220
17
46298
6391
44
10
16
5443
18
30
695
285
653
380
28
16
25
220
17
9
16
9
17
14
18
28
19
14
18
11
874
198
285
653
380
28
16
25
4087
28
16
11
380
28
17
25
4087
28
19
198
285
653
6558
579
12204
25
364
1752
314
307
16720
11
458
283
220
17
6391
77
12
16
8
198
285
653
307
28
17
25
458
28
17
11
694
4087
28
16
13
2233
13
198
285
653
5369
6575
25
307
28
17
25
458
28
16
11
307
28
18
25
458
28
19
198
285
653
10380
458
283
318
77
12
16
17201
77
12
17
5443
18
348
220
17
30
307
28
17
25
220
15
11
874
198
285
653
307
28
17
25
16
11
307
28
18
25
19
11
1042
579
9370
458
283
220
17
6391
77
12
16
8
471
318
77
12
16
17201
77
12
17
5443
18
198
285
653
1061
369
3583
44318
13
6558
728
1066
12204
424
5774
364
2526
380
13
198
285
1440
6987
262
653
353
3172
1144
310
41020
279
5976
14377
271
9764
728
1683
20648
13
353
3172
4072
279
6093
1608
279
2029
421
364
264
5611
443
12
640
4757
11
279
3481
3311
854
682
264
7629
1304
13
271
5836
16097
17345
11
353
4267
279
14377
248046
198
248045
846
198
7525
3555
4621
4490
279
6813
13
5514
579
279
1412
25
198
220
2793
34397
762
56
85
38
85
34
3794
65
6971
487
1500
220
22
16
198
262
471
14620
1175
25
220
15
11
220
16
11
58317
443
17044
44
318
4873
443
17044
44
10
16
16720
8
198
967
6108
198
32769
1401
25
8060
3542
359
17044
6
318
52
10
15
15
35
22
8
14200
1206
311
40138
11
411
369
678
3274
25
4310
279
2614
709
11618
321
4479
889
11
6999
4072
279
709
7246
321
1440
660
279
6813
13
2972
5683
4045
67305
3067
13209
50
159029
271
2523
1220
14623
279
1970
488
10490
303
264
64504
1970
2424
318
784
9609
31789
318
19458
668
31153
279
3889
5568
8
248046
198
248045
74455
198
248068
271
248069
271
21765
506
279
3377
11
353
1144
310
1423
264
14377
364
279
3481
1324
314
7289
383
264
5611
443
12
640
4757
314
7739
380
13
271
9764
728
22903
279
4757
5759
25
198
12
22501
220
15
369
279
3578
198
12
14620
1175
220
16
310
443
513
2748
314
3578
318
3187
220
16
8
198
12
14620
1175
443
10
16
310
220
17
45
513
2748
314
16720
220
16
310
443
318
3187
220
17
8
198
12
733
4437
11
2119
580
682
16720
318
74
12
16
4653
45
10
16
310
580
43150
198
12
10342
16720
25
443
46298
478
220
16
271
760
3481
3311
854
364
264
5611
4757
628
381
23424
13
1690
264
5611
443
12
640
4757
11
279
3481
1324
314
7123
310
3814
660
16720
5732
494
279
3578
682
264
3750
1304
13
271
5836
39664
279
5759
11
279
3481
7289
16327
25
198
17
348
443
348
380
348
318
45
46298
478
220
16
8
593
318
45
478
220
16
8
2423
694
1042
728
9845
440
9989
13
271
2381
443
28
16
11
380
28
16
25
4757
369
220
15
12
16
13
30003
7123
283
220
16
13
29815
25
220
17
9
16
9
16
9
17
11545
16
10
16
8
283
220
17
9
17
14
17
283
220
17
13
39410
13
271
9764
728
1683
20648
13
561
3481
3311
854
364
264
5611
443
12
640
4757
314
7739
380
5732
494
3578
369
25
271
2381
1754
2119
580
318
16
310
380
681
1017
513
443
61
74
16720
1076
3655
11
874
13
733
411
4757
11
2119
580
682
6681
443
16720
318
1856
443
61
74
681
1521
1754
11597
506
2119
580
12
16
682
6681
799
1623
506
2119
580
30
2233
11
1042
728
311
27864
13
271
674
12
5961
25
328
760
585
7324
6607
318
16
36059
585
36059
443
17044
44
8
31966
16720
585
321
1866
1889
471
443
11
220
15
9646
271
4272
25
198
12
10041
220
16
25
31966
11597
220
16
321
1866
7
16
10923
11
220
15
8
198
12
1690
443
28
17
25
10041
220
16
25
11597
220
16
321
1866
7
16
12
17
11
15
11393
15
13
10041
220
17
25
11597
220
17
321
1866
7
15
11
15
11393
15
13
10041
220
18
25
11597
220
18
321
1866
7
16
11
15
11393
16
13
10041
220
19
25
11597
220
19
321
1866
7
17
11
15
11393
17
13
271
4272
364
443
28
17
11
380
28
17
25
16720
220
15
11
16
11
17
11
18
11
19
13
3097
4050
25
318
16
11
15
681
318
17
11
15
681
318
18
11
16
681
318
19
11
17
553
1061
369
264
4434
7620
4757
314
7739
220
17
440
220
20
16720
13
271
2381
264
5611
443
12
640
4757
314
7739
380
11
279
3481
3311
854
494
3578
369
25
271
40
18516
421
364
264
5611
443
12
640
4757
11
279
3481
3311
854
369
5265
310
279
2542
888
660
12454
13
1690
1754
6607
11
279
3481
1324
314
28457
1091
369
220
17
348
318
2073
314
51672
3559
8
348
318
16
593
8122
314
2594
553
271
50821
11
279
3481
3311
854
364
264
4757
494
3578
427
369
25
220
17
348
2542
888
660
16720
343
91050
427
314
318
1899
9066
2291
3620
8
593
5087
3620
5553
1332
51672
2291
3620
8
369
279
1324
314
16720
303
279
51672
39527
506
343
13
271
13784
11
1042
728
37781
13
1690
264
4757
11
279
3481
854
310
3814
660
16720
5732
494
3578
369
25
271
36
283
220
17
348
150106
14717
85
56999
254
2794
92
318
77
2200
593
293
2200
8
271
2777
307
2200
369
279
1324
314
16720
303
279
51672
39527
506
343
11
321
293
2200
369
279
8122
314
343
13
271
3850
411
3070
914
2714
1245
12502
722
13
6558
728
1353
506
2526
4886
13
271
45
28
16
11
380
28
16
25
16720
220
15
11
16
13
10041
318
16
11
15
553
18284
28
15
13
695
12
343
28
16
25
307
62
16
28
16
11
293
62
16
28
16
318
3138
8173
310
220
15
8
198
12
458
283
220
17
348
318
16
14
16
8
283
220
17
11
694
3481
369
220
16
13
271
4272
421
579
524
1245
13
6558
728
1683
1495
13
271
2381
264
4757
11
279
3481
3311
854
494
3578
427
628
381
23424
430
25
198
36
283
150106
14717
85
56999
254
81
92
220
17
348
318
77
2200
8
593
318
16023
3620
578
2423
1990
3583
220
17
364
279
4145
1105
13
271
50821
11
353
1683
279
4252
14377
17077
279
12454
13
1690
1754
6607
378
20275
2594
280
310
1623
272
11
279
3481
1324
314
2942
411
6607
369
28457
290
2261
279
3311
1817
369
25
271
17
348
318
77
648
8
348
318
16
593
5087
1250
578
348
318
32228
8
271
9764
728
1066
41020
424
364
279
5611
4757
13
733
264
5611
443
12
640
4757
314
7739
380
25
198
12
9116
220
15
25
220
16
11597
318
2794
681
8122
443
318
331
380
169553
16
8
466
220
15
318
331
380
28
15
8
198
12
9116
580
318
16
169629
74
169629
44
12
16
1590
443
16720
1076
874
3655
13
271
50821
303
411
3050
4757
25
2119
580
682
6681
443
16720
364
580
28
16
27736
11
44
13
8618
11597
506
2119
580
318
74
32171
8
682
443
2748
30
2233
11
1042
728
1698
12454
13
271
7354
12454
25
443
46298
13
8618
6607
31966
11597
585
310
1866
1889
10923
11
15
553
198
12
14620
1175
220
16
486
45
25
4415
310
220
15
13
1987
3578
682
443
2748
13
198
12
14620
1175
443
10
16
486
17
45
25
4415
310
220
16
486
45
13
1987
1754
314
16720
220
16
486
45
682
799
1623
303
411
2020
30
2233
25
11597
585
318
45
21222
169629
17
45
8
31966
310
585
10923
11
748
11597
220
16
5055
1623
443
10
16
11
11597
220
17
5055
1623
443
10
17
11
4831
13
1987
1754
11597
506
2119
220
16
5055
6681
799
1623
506
2119
220
17
30
2844
628
914
381
1245
364
264
5611
4757
13
271
13784
11
364
443
28
17
11
380
28
17
25
16720
220
15
11
16
11
17
11
18
11
19
13
3097
4050
25
318
16
11
15
22812
17
11
15
22812
18
11
16
22812
19
11
17
553
1987
11597
220
16
682
2748
25
220
18
13
22501
220
17
682
2748
25
220
19
13
1987
1754
5138
11597
682
6681
220
16
1623
30
2844
579
524
264
2400
7620
4757
11
424
579
264
328
21200
1
466
1752
12317
5759
13
271
2665
3655
11
421
6486
25
220
15
682
2748
220
16
11
17
13
220
16
682
1623
220
18
13
220
17
682
1623
220
19
13
220
18
11
19
513
10583
13
1987
424
579
1040
1330
25344
314
2984
220
17
494
3578
13
271
2381
443
28
17
11
380
28
18
25
16720
220
15
486
21
13
3097
4050
25
318
16
11
15
22812
17
11
15
22812
18
11
16
22812
19
11
17
22812
20
11
18
22812
21
11
19
553
1987
220
15
49300
90
16
11
17
2069
220
16
49300
90
18
2069
220
17
49300
90
19
2069
220
18
49300
90
20
2069
220
19
49300
90
21
7563
8771
25344
13
271
4272
411
369
3404
25
3578
682
443
2748
11
321
1754
11597
506
2119
580
318
74
32171
8
682
6681
220
16
1623
506
2119
580
10
16
13
1987
424
579
443
81859
12351
314
2984
380
5732
494
3578
579
2748
11
660
11227
279
3578
13
271
13784
874
11
421
579
524
1245
2892
13
6558
728
311
9884
19382
13
271
8062
585
31966
310
1866
1889
10923
11
220
15
553
1690
585
303
498
16
21359
5491
31966
310
220
15
13
1690
585
303
498
45
10
16
11
17
45
5491
31966
310
585
10923
11
864
369
303
498
16
21359
906
1690
585
303
498
17
45
10
16
11
18
45
5491
31966
310
585
10923
303
498
45
10
16
11
17
45
906
458
10103
13
271
4272
2119
580
318
16
20834
290
8
283
16720
318
74
12
16
4653
45
10
16
310
580
43150
13
8618
11597
506
2119
580
31966
310
264
11597
506
2119
580
12
16
13
43274
11
11597
318
74
12
16
4653
45
478
492
318
16
169629
73
169629
45
8
31966
310
11597
318
74
12
17
4653
45
478
492
364
580
169553
17
13
271
4272
279
4757
682
443
328
65550
487
1754
1602
264
1752
314
2984
380
494
279
3578
13
22501
506
2234
492
303
2119
580
369
318
74
12
16
4653
45
478
492
11
321
424
579
279
492
7324
11597
303
279
492
7324
8602
13
271
4272
279
5759
369
25
3578
220
15
11
440
443
2748
318
12657
220
16
310
443
681
321
1754
314
1439
682
264
8516
314
380
12
16
777
16720
2019
1441
13
271
2381
443
28
17
11
380
28
17
25
22371
513
498
16
11
18
60
321
498
17
11
19
906
1987
220
15
49300
16
49300
18
321
220
15
49300
17
49300
19
13
271
6820
11
279
3481
3311
854
364
411
5759
13
1061
369
443
81859
12351
314
2984
380
12037
310
264
4047
3578
13
271
2381
1680
264
4757
11
279
3481
3311
854
494
3578
628
381
23424
13
1690
1754
8602
318
2267
314
2984
380
681
567
1144
310
36303
424
6999
13
271
40
4267
279
14377
369
25
220
17
348
443
348
380
348
318
44
10
16
8
593
220
17
348
2414
11
694
1042
728
1066
12204
424
430
264
2542
13
271
50821
11
1238
7047
777
15060
11
353
3172
4072
279
6093
1608
279
3750
1067
421
364
411
3050
4757
5759
318
45
12351
314
2984
380
494
3578
681
279
3481
3311
854
369
25
271
17
348
443
348
380
348
318
45
46298
478
220
16
8
593
318
45
478
220
16
8
2423
1990
524
16021
13
271
9764
728
1066
12204
424
5774
1608
279
1500
10432
314
29208
888
12454
13
271
2381
1754
6607
303
279
4757
11
279
3481
1324
314
2942
424
579
28457
290
13
3113
1500
10432
11
458
58
4873
7123
60
283
2542
888
660
12454
314
458
58
371
20905
1091
314
421
6607
906
271
2381
449
6607
20275
2594
280
310
1623
272
303
411
4757
11
1332
272
369
506
2119
580
11
279
51672
3559
272
682
1331
25
318
44
471
580
478
220
16
8
364
279
8602
424
579
303
1076
3404
1754
328
23397
1
369
264
3074
11597
11
321
279
51672
314
11597
506
2119
580
303
8602
492
369
1066
279
1752
494
2119
580
310
2119
380
11
748
1331
283
380
471
580
478
220
16
13
271
760
3481
1324
314
28457
1091
314
6607
318
79
9809
8
2261
3311
494
3578
369
25
220
17
348
318
2073
314
51672
3559
272
8
593
318
39672
314
280
553
271
3850
411
369
364
279
1105
1332
567
2224
3604
264
4145
4055
4088
2980
3311
13
6558
728
9845
440
443
28
16
11
380
28
16
25
6607
318
15
11
16
553
3593
9066
3559
220
16
25
1331
220
16
13
35852
314
220
15
25
220
16
13
30003
28457
1091
25
220
17
9
16
14
16
283
220
17
13
1921
567
1132
36303
424
2957
318
3237
494
220
15
310
220
16
321
2842
553
1987
421
579
4808
13
271
40
1683
353
1144
310
1353
411
685
9971
13
15767
279
854
11
1042
728
1066
3300
264
6093
421
55288
279
4087
3018
383
279
5215
353
22270
494
279
1228
4886
13
271
21765
506
443
28
16
11
380
28
16
25
4087
28
16
198
45
28
16
11
380
28
17
25
4087
28
19
2228
45
28
17
11
380
28
17
25
4087
28
17
15
271
2381
443
28
16
25
424
579
264
1752
314
2984
380
13
30003
3311
854
494
799
809
314
264
1752
314
380
10
16
16720
13
1690
264
1752
314
307
16720
11
458
283
220
17
1393
12
16
2299
77
12
17
5443
18
478
2423
3404
364
1752
220
15
12
16
12
1076
12
44
318
44
10
16
16720
681
5732
506
220
15
11
458
283
220
17
46298
6391
44
10
16
5443
18
30
1690
380
28
16
25
220
17
9
16
9
17
14
18
28
19
14
18
11
874
13
271
9764
728
1066
1970
264
6093
421
13081
279
4437
1105
1608
279
14377
25
220
17
348
2542
888
660
2397
37916
16720
343
314
318
1899
9066
2291
3620
8
348
1475
74491
3620
7461
1410
18107
11
321
1436
413
424
8798
13
271
727
3481
55426
7947
25
514
11
380
25
514
8
1411
514
25
198
262
18107
283
220
24
24
23
17
19
19
18
20
18
198
262
413
443
606
220
15
466
380
606
220
15
25
198
285
460
220
15
198
262
413
443
606
220
16
321
380
606
220
16
25
198
285
460
220
16
6987
262
653
733
411
4757
25
443
22371
11
1754
264
1752
314
2984
380
494
3578
579
1623
310
15463
198
262
653
22501
506
2119
580
318
16
7946
74
7946
44
681
8602
492
25
850
283
318
74
12
16
4653
45
478
492
198
262
653
3593
9066
1331
314
11597
506
2119
580
25
380
471
580
478
220
16
198
262
653
35852
25
364
2119
220
16
11597
25
5087
283
220
17
413
380
29
16
11
745
220
16
318
14844
310
3578
321
6970
1623
8
198
262
653
32645
25
2119
220
16
16720
8173
310
3578
318
16
8
321
310
2119
220
17
318
16
413
380
29
16
681
748
5087
28
17
413
380
29
16
11
745
220
16
198
262
653
9116
580
318
17
7946
74
32171
1590
5087
28
17
318
3637
321
1623
8
198
262
653
9116
380
25
5087
28
16
318
3138
2594
8
198
1031
262
653
1690
11597
506
2119
580
11
8602
492
25
51672
2291
283
380
471
580
478
220
16
198
262
653
5087
283
220
17
413
580
361
380
11
220
16
413
580
606
380
318
1891
580
9628
16
8
198
262
653
1921
2119
220
16
25
413
380
410
16
11
5087
28
16
26
413
380
29
16
11
5087
28
17
6987
262
2702
283
220
15
198
262
364
580
303
2020
7
16
11
380
10
16
1590
198
285
51672
2291
283
380
471
580
478
220
16
198
285
413
580
606
380
25
198
309
5087
283
220
16
198
285
745
25
198
309
5087
283
220
17
198
285
653
2532
513
443
1680
16720
506
2119
580
198
285
4496
283
443
348
51672
2291
984
18107
348
6660
74491
11
18107
12
17
11
18107
8
984
18107
198
285
2702
283
318
4873
478
4496
8
984
18107
6987
262
460
220
17
348
2702
984
18107
271
9764
728
1228
25
443
28
16
26147
28
16
25
580
28
16
11
51672
28
16
11
5087
28
16
11
4496
28
16
9
16
9
16
28
16
11
2702
28
16
11
460
220
17
13
1921
3481
369
220
16
13
1987
279
14377
220
17
9
1200
369
4808
11
466
2542
1220
381
4139
13
271
20734
424
579
1066
2542
11
524
220
17
9
1200
13
443
28
16
26147
28
16
25
2542
28
16
11
460
220
16
13
50615
198
45
28
16
26147
28
17
25
580
28
16
25
51672
28
17
11
5087
28
17
11
4496
28
16
9
17
9
13654
7
17
11393
16
13
580
28
17
25
51672
28
16
11
5087
28
16
11
4496
28
16
9
16
9
16
28
16
13
2542
28
17
11
460
220
17
13
1921
3481
369
220
19
13
24708
245
271
4272
421
579
524
1245
2892
13
353
2688
2019
310
1066
3300
279
1786
7692
321
279
1970
5759
13
271
71093
12305
198
727
3481
55426
7947
25
514
11
380
25
514
8
1411
514
25
198
262
18107
283
220
24
24
23
17
19
19
18
20
18
198
262
413
443
606
220
15
466
380
606
220
15
25
198
285
460
220
15
6987
262
653
561
4757
682
443
22371
11
1754
264
1752
314
2984
380
494
3578
579
2748
310
10583
198
262
653
30003
3311
854
14377
364
411
5759
198
262
653
4486
6157
25
458
283
220
17
348
443
348
2542
14717
74
28
16
92
46227
44
92
318
44
12283
10
16
8
593
5087
4546
198
262
653
1332
5087
4546
283
220
17
364
580
361
380
11
220
16
364
580
606
380
198
262
653
1921
1144
310
2605
364
3578
579
8122
2166
6987
262
653
6558
728
12204
25
2542
888
660
2397
37916
16720
343
314
220
17
348
51672
2291
3620
8
593
5087
3620
8
198
262
653
1690
2119
580
11597
25
51672
2291
283
380
12283
10
16
11
5087
283
220
17
413
580
32171
745
220
16
6987
262
2702
283
220
15
198
262
364
580
303
2020
7
16
11
380
478
220
16
1590
198
285
51672
2291
283
380
471
580
478
220
16
198
285
5087
283
220
17
413
580
361
380
745
220
16
198
285
653
443
16720
506
411
2119
198
285
1475
44520
283
6660
74491
11
18107
471
220
17
11
18107
8
198
285
4496
283
443
348
51672
2291
984
18107
348
220
17
984
18107
348
1475
44520
984
18107
198
285
2702
283
318
4873
478
4496
8
984
18107
6987
262
460
2702
984
18107
198
71093
271
13784
11
1042
728
37781
279
4220
5313
321
1066
3300
264
4101
7873
13
271
71093
12305
198
727
3481
55426
7947
25
514
11
380
25
514
8
1411
514
25
198
262
18107
283
220
24
24
23
17
19
19
18
20
18
198
262
413
443
606
220
15
466
380
606
220
15
25
198
285
460
220
15
6987
262
653
1690
411
3050
4757
318
45
12351
314
2984
380
494
3578
681
198
262
653
279
3481
3311
854
494
3578
369
25
198
262
653
220
17
348
443
348
498
1200
14717
74
28
16
92
46227
44
12
16
92
318
44
12283
10
16
5443
17
478
318
44
7762
44
7030
16
5443
16
60
198
262
653
283
220
17
348
443
348
498
1200
14717
74
28
16
92
46227
44
12
16
92
318
44
12283
10
16
5443
17
478
220
16
60
198
262
653
283
220
17
348
443
348
17294
16
14
17
4653
1200
14717
73
28
16
92
46227
44
92
492
478
220
16
60
220
1332
492
48010
12283
10
16
11
948
580
28
16
486
44
12
16
11
492
48010
486
17
198
262
653
32645
2542
14717
74
28
16
92
46227
44
12
16
92
318
44
12283
10
16
8
283
2542
14717
73
28
17
92
46227
44
92
492
283
380
3088
10
16
5443
17
471
220
16
198
262
653
1987
2542
14717
74
28
16
92
46227
44
12
16
92
318
44
12283
10
16
5443
17
283
318
44
3088
10
16
5443
17
471
220
16
5443
17
283
380
3088
10
16
5443
19
471
220
16
14
17
198
262
653
11990
279
1483
4496
25
220
16
198
262
653
10342
4613
25
380
3088
10
16
5443
19
471
220
16
14
17
478
220
16
283
380
3088
10
16
5443
19
478
220
16
14
17
198
262
653
4844
458
283
220
17
43150
6391
44
3088
10
16
5443
19
478
220
16
14
17
8
283
443
46298
3088
10
16
5443
17
478
443
6987
262
1067
283
318
45
348
318
44
348
318
44
478
220
16
8
434
220
17
478
220
16
578
984
18107
198
262
653
1921
1144
42441
12436
11
1042
728
55979
440
42441
33633
6987
262
380
7245
283
380
984
18107
198
262
380
16
7245
283
318
44
478
220
16
8
984
18107
198
262
653
380
6391
44
10
16
5443
17
1410
18107
198
262
2542
5206
283
380
7245
348
380
16
7245
984
18107
348
6660
7
17
11
18107
12
17
11
18107
8
984
18107
198
262
8906
283
318
1200
5206
478
220
16
8
984
18107
220
653
411
369
2542
14717
74
28
16
92
46227
44
12
16
24734
44
12283
10
16
5443
17
478
220
16
11
12805
198
262
653
32645
1042
728
1066
12204
5774
6987
262
2702
283
220
15
198
262
364
580
303
2020
7
16
11
380
478
220
16
1590
198
285
51672
283
380
471
580
478
220
16
198
285
5087
283
220
17
413
580
361
380
745
220
16
198
285
1475
44520
283
6660
74491
11
18107
471
220
17
11
18107
8
198
285
2702
283
318
4873
478
443
348
51672
984
18107
348
220
17
984
18107
348
1475
44520
8
984
18107
6987
262
460
2702
984
18107
198
71093
248046
198