248045
846
198
4274
279
2614
709
11618
321
4479
889
11
6999
4072
279
709
7246
321
1440
660
279
6813
13
2972
5683
4045
67305
3067
13209
50
159029
271
2523
1220
14623
279
1970
488
10490
303
264
64504
1970
2424
318
784
9609
31789
318
19458
668
31153
279
3889
5568
8
271
71093
198
727
1698
54547
4718
30909
79307
7815
25
592
8
1411
514
25
198
262
4071
15767
264
886
314
17955
11
1698
279
1324
314
12103
69505
421
513
23086
13
198
262
357
886
369
23086
413
279
2542
314
17955
506
1442
14505
16327
279
2542
314
17955
506
10016
14505
13
198
1031
262
4091
279
3759
6725
8781
354
325
269
2075
310
3436
279
1879
79317
303
279
709
13
198
1031
262
17167
25
198
285
1572
25
357
886
29607
314
17955
359
15
6
310
359
24
6
1132
11
440
2984
1881
220
17
321
220
23
15
13
198
1031
262
5019
25
198
285
561
1324
314
12103
23086
69505
57844
220
16
15
61
24
478
220
22
13
198
1031
262
11765
1698
54547
4718
30909
79307
437
16
17
18
871
198
262
220
17
198
262
11765
1698
54547
4718
30909
79307
437
16
16
17
871
198
262
220
16
198
262
11765
1698
54547
4718
30909
79307
437
16
17
18
19
20
871
198
262
220
15
198
262
4071
271
727
1716
69574
1590
198
262
1992
8871
437
16
17
18
871
606
220
17
198
262
1992
8871
437
16
16
17
871
606
220
16
198
262
1992
8871
437
16
17
18
19
20
871
606
220
15
198
262
1992
8871
437
15
16
24
15
15
18
20
17
20
22
21
20
23
24
15
19
22
17
19
15
15
15
20
19
17
20
15
23
19
15
24
23
15
18
17
19
17
17
18
19
19
18
21
21
20
18
24
21
22
23
16
16
21
22
17
19
24
19
21
22
17
18
15
18
15
24
15
23
21
16
24
16
22
24
16
22
18
20
21
871
606
220
22
16
15
17
17
18
18
15
24
198
262
1992
8871
437
19
18
16
16
20
17
20
16
21
17
24
18
24
18
17
19
19
24
19
19
16
22
15
21
21
18
23
15
20
22
20
18
15
20
20
18
19
19
17
23
24
21
15
16
22
24
16
24
15
18
16
16
23
17
15
21
23
23
23
17
17
15
15
21
21
21
18
15
24
22
16
19
21
21
22
22
21
21
871
606
220
19
20
23
24
21
22
24
23
17
198
262
1992
8871
437
21
22
22
20
16
18
23
23
17
18
16
19
21
21
15
22
15
17
22
15
20
24
24
22
20
23
17
21
15
16
19
23
15
15
19
19
15
20
23
20
19
20
18
15
19
16
18
19
21
18
17
21
18
16
15
19
21
17
22
20
21
15
23
16
24
19
23
17
18
23
23
24
18
20
23
23
21
19
18
871
606
220
15
198
262
1992
8871
437
23
15
15
20
20
23
15
18
17
21
17
23
24
15
23
16
18
18
18
17
16
18
20
17
22
19
19
17
17
24
22
17
17
20
15
21
21
23
19
24
20
18
22
17
20
17
19
15
18
21
16
18
20
19
15
15
21
17
18
16
21
16
17
24
22
20
18
21
24
23
20
17
24
17
22
19
24
16
24
19
871
606
220
24
17
18
20
15
23
16
24
22
198
262
1992
8871
437
24
24
24
24
24
24
24
24
24
24
24
24
24
24
24
24
24
24
24
24
24
24
24
24
24
24
24
24
24
24
24
24
24
24
24
24
24
24
24
24
24
24
24
24
24
24
24
24
24
24
24
24
24
24
24
24
24
24
24
24
24
24
24
24
24
24
24
24
24
24
24
24
24
24
24
24
24
24
24
24
871
606
220
16
198
262
1992
8871
437
17
18
871
606
220
15
198
262
1992
8871
437
17
20
871
606
220
15
198
262
1992
8871
437
17
16
871
606
220
15
198
262
1992
8871
437
17
19
871
606
220
15
198
262
1992
8871
437
16
21
871
606
220
15
198
262
1992
8871
437
17
23
871
606
220
15
198
262
1992
8871
437
18
20
871
606
220
15
198
262
1992
8871
437
16
20
871
606
220
15
198
262
1992
8871
437
15
23
19
23
18
15
19
19
18
15
16
24
22
15
16
16
17
18
15
19
23
24
17
17
22
21
22
24
21
21
16
15
23
17
22
22
19
15
17
22
18
16
15
17
15
18
16
17
17
15
23
17
19
19
24
23
23
20
22
19
16
22
19
18
21
16
24
24
17
15
24
23
17
22
20
23
20
18
15
871
606
220
19
15
22
21
20
23
16
16
24
198
262
1992
8871
437
15
20
21
17
15
20
22
20
24
21
17
22
18
18
19
16
15
16
24
22
16
19
20
24
16
17
18
18
20
18
18
21
19
20
20
17
16
21
15
19
15
18
16
20
23
22
23
23
23
15
21
22
17
17
18
23
17
19
16
16
24
20
23
18
19
18
24
22
18
18
21
16
17
21
18
17
23
21
23
871
606
220
22
15
24
17
18
18
15
17
15
198
262
1992
8871
437
18
17
871
606
220
15
198
262
1992
8871
437
18
16
871
606
220
15
198
262
1992
8871
437
16
15
871
606
220
15
198
262
1992
8871
437
16
18
871
606
220
15
198
262
1992
8871
437
23
20
22
18
17
24
24
24
20
19
15
15
15
24
21
24
22
17
20
21
17
15
22
24
24
23
15
24
23
24
17
22
24
22
16
22
15
15
24
21
18
17
21
21
24
22
24
16
18
17
22
16
22
18
20
15
16
15
21
23
20
15
23
17
17
23
23
23
16
16
15
20
20
18
18
24
21
17
17
21
871
606
220
16
24
23
20
18
18
24
16
198
262
1992
8871
437
16
22
871
606
220
15
198
262
1992
8871
437
17
17
871
606
220
16
198
262
1992
8871
437
21
17
15
23
17
22
24
20
15
23
20
24
24
15
16
20
17
15
16
16
21
17
16
17
24
18
21
21
16
20
20
18
16
24
21
18
16
22
15
21
21
21
18
24
18
16
19
22
20
21
16
17
23
20
24
21
22
21
20
19
16
19
24
16
15
21
20
22
17
15
20
22
21
19
24
21
24
22
21
17
871
606
220
15
198
262
1992
8871
437
16
23
871
606
220
15
198
262
1992
8871
437
18
21
871
606
220
15
198
262
1992
8871
437
15
19
24
19
22
21
19
18
15
18
24
19
16
20
21
18
16
23
20
18
17
21
24
21
24
21
17
18
24
21
23
18
17
22
16
17
16
17
21
15
19
16
19
20
24
15
22
20
17
22
15
20
15
23
16
22
18
24
21
19
16
19
24
23
22
17
17
15
15
16
23
22
23
18
22
18
16
22
871
606
220
24
16
15
22
24
24
20
16
19
198
262
1992
8871
437
20
20
20
19
24
20
23
23
19
24
23
21
15
24
19
23
16
16
18
18
17
21
24
23
15
24
15
18
21
23
21
17
21
15
24
23
21
22
15
16
18
19
21
17
21
18
20
23
20
18
19
23
15
18
20
24
19
18
18
21
18
19
15
24
17
23
15
19
20
15
21
18
23
24
19
20
24
19
871
606
220
20
17
24
24
18
20
23
21
18
198
262
1992
8871
437
18
18
871
606
220
16
198
262
1992
8871
437
16
19
871
606
220
15
198
262
1992
8871
437
17
22
20
20
22
24
20
16
15
18
21
21
17
16
19
17
15
15
19
16
18
23
16
15
24
15
19
19
21
24
20
21
21
15
19
22
18
16
21
17
22
21
15
20
21
21
16
21
21
22
17
22
18
21
17
20
16
16
22
21
23
18
16
20
20
23
20
19
22
18
23
15
15
17
19
22
16
18
871
606
220
21
19
17
20
24
22
16
20
19
198
262
1992
8871
437
17
15
871
606
220
15
198
262
1992
8871
437
18
19
871
606
220
15
198
262
1992
8871
437
15
16
15
16
15
16
15
16
15
16
15
16
15
16
15
16
15
16
15
16
15
16
15
16
15
16
15
16
15
16
15
16
15
16
15
16
15
16
15
16
15
16
15
16
15
16
15
16
15
16
15
16
15
16
15
16
15
16
15
16
15
16
15
16
15
16
15
16
15
16
15
16
15
16
15
16
15
16
15
16
871
606
220
19
18
17
24
21
24
19
17
18
198
262
1992
8871
437
16
24
871
606
220
15
198
262
1992
8871
437
17
24
871
606
220
15
198
262
1992
8871
437
15
15
15
15
15
15
15
15
15
15
15
15
15
15
15
15
15
15
15
15
15
15
15
15
15
15
15
15
15
15
15
15
15
15
15
15
15
15
15
15
15
15
15
15
15
15
15
15
15
15
15
15
15
15
15
15
15
15
15
15
15
15
15
15
15
15
15
15
15
15
15
15
15
15
15
15
15
15
15
15
871
606
220
16
198
262
1992
8871
437
17
22
871
606
220
15
198
262
1992
8871
437
15
22
16
15
22
19
24
21
22
18
20
24
15
23
18
17
16
22
17
15
20
17
24
22
21
18
18
21
21
22
18
22
18
20
17
19
23
18
24
15
16
17
22
20
19
20
15
18
24
17
23
17
15
19
16
20
18
24
16
24
24
21
21
17
24
23
17
19
17
15
20
20
17
15
21
18
17
20
18
15
871
606
220
16
20
19
15
16
23
23
18
198
262
1992
8871
437
16
17
871
606
220
15
198
262
1992
8871
437
17
21
871
606
220
15
271
2
5272
1716
11181
54547
4718
30909
79307
8
310
1542
6813
13
198
71093
248046
198
248045
74455
198
248068
271
248069
271
21765
506
279
3377
25
271
16
13
1165
1144
310
1698
12103
69505
314
264
15262
886
1332
279
2542
314
17955
506
1442
14505
16327
279
2542
314
17955
506
10016
14505
13
198
17
13
561
886
2984
369
1881
220
17
321
220
23
15
11
748
567
628
914
12867
660
69505
13
198
18
13
1165
1144
310
3579
21814
17955
318
51241
69505
3254
567
4089
18922
17955
430
1214
85596
470
553
271
332
1536
68563
64700
198
12
1690
264
886
314
2984
1510
77
7561
1017
513
1510
21378
1393
14
17
44646
1442
14505
321
1510
29457
1393
14
17
44646
10016
14505
318
15
20834
290
553
198
12
6558
1510
74
283
27551
1393
14
17
44646
381
279
1324
314
1442
9599
11
321
1510
76
283
6220
1393
14
17
44646
381
279
1324
314
10016
9599
13
198
12
1165
1144
310
4992
1510
74
63
17955
310
1925
506
1442
9599
1680
421
836
2542
16327
279
2542
314
279
9376
1510
76
63
17955
506
10016
9599
13
198
12
10342
2542
283
2542
66034
478
2542
72128
283
220
17
348
2542
66034
11
748
2542
66034
1902
381
6681
2702
9858
593
220
17
13
198
12
1061
3254
2702
9858
1902
381
1442
11
5752
4087
369
220
15
13
271
332
27654
595
64700
198
16
13
4109
413
2702
2542
369
1442
13
1368
524
11
460
220
15
13
198
17
13
4356
11304
314
1754
15262
318
15
12
24
553
198
18
13
5272
30715
310
1698
279
1324
314
5337
310
3186
1510
74
63
17955
494
279
2658
47535
1680
421
836
2542
369
1510
4873
9858
593
220
17
27653
198
19
13
561
30715
1528
25
1510
9504
26645
1404
1200
60
63
283
1324
314
5337
310
3186
1510
1767
63
17955
440
2542
1510
1200
63
494
279
2420
17955
13
198
20
13
1690
1754
15262
11
567
628
958
424
220
15
310
20257
20770
60
2942
13
198
21
13
4486
23470
279
1324
314
2610
36162
11
567
1144
310
1698
12103
69505
13
271
332
2427
286
12103
69505
64700
198
12
1368
567
599
264
2610
6381
314
1510
74
63
17955
364
1442
9599
11
321
279
9376
1510
76
63
17955
364
10016
9599
25
198
12
561
1324
314
12103
5337
310
29880
279
3955
1510
74
63
17955
303
279
1442
9599
283
1510
74
0
593
318
2935
314
7911
10003
314
14159
314
1754
15262
303
279
6381
44646
198
12
33105
364
279
1510
76
63
17955
303
10016
9599
283
1510
76
0
593
318
2935
314
7911
10003
314
14159
314
1754
15262
303
279
9376
44646
198
12
1921
567
1144
310
2542
888
660
3102
36162
13
271
332
53396
51301
64700
198
29781
314
84228
888
660
3102
36162
11
567
628
958
30715
421
13518
25
198
12
2500
1599
17955
599
978
3955
364
1442
9599
198
12
3437
369
279
1428
2542
314
3955
17955
198
12
1541
567
1144
310
2605
364
279
58103
20220
35608
13
271
50821
11
1042
728
37781
13
1165
628
958
22440
5568
466
30715
440
3493
16762
518
9085
13
271
332
674
24574
51301
64700
198
16
13
4807
26808
7911
10003
321
27043
7911
10003
57844
18107
685
310
220
23
15
13
198
17
13
5272
30715
1332
1510
9504
957
1404
73
60
63
10551
279
1324
314
5337
310
1817
1010
17955
321
599
3955
1510
73
63
17955
364
1442
9599
440
264
3050
2542
13
198
18
13
1921
567
1048
1144
310
3627
279
2542
13
6558
1510
9504
26645
1404
1200
60
63
283
1324
314
5337
318
23934
286
12103
26901
8
310
599
3955
1510
1767
63
17955
364
1442
9599
440
2542
1510
1200
27653
271
13784
11
1042
728
1683
883
411
20648
13
4558
760
1324
314
12103
69505
1332
264
3050
2658
47535
314
17955
369
8826
303
1442
9599
321
2361
303
10016
9599
369
25
198
12
47029
74
0
593
14060
92010
518
11181
788
66034
7461
348
318
76
0
593
14060
92010
518
11181
788
72128
7461
63
271
2777
1510
1767
788
66034
63
369
279
1698
314
15262
1510
67
63
303
279
1442
9599
11
321
1510
1767
788
72128
283
2702
3079
20770
60
471
1698
788
66034
27653
271
4272
279
2702
4087
369
279
2542
888
660
2610
36162
318
2777
2542
314
1442
17955
283
2702
9858
14
17
8
314
25
198
63
74
0
348
295
0
593
318
19145
788
51184
11181
788
66034
20770
2387
348
14060
788
51184
11181
788
72128
20770
9087
63
271
1596
628
958
30715
310
12204
411
2542
13
6558
579
6762
25
198
63
9504
20770
12235
7031
1404
1767
1404
1200
60
63
283
2542
314
1510
16
593
318
19145
14717
72
28
15
92
46227
33777
7031
12
16
92
51184
11181
5150
66034
957
2387
348
51184
11181
5150
72128
957
9087
63
888
660
5337
310
9501
14159
310
17955
220
15
486
33777
7031
12
16
1680
421
2702
1698
3955
283
1698
321
2702
2542
283
2542
13
271
3850
411
369
6150
13
6558
728
958
264
2086
53041
13
271
50821
11
567
628
829
26808
279
17973
13
1690
1754
15262
1510
67
63
440
2702
1698
1510
66
788
7561
413
567
9501
1510
87
788
63
10672
310
1442
9599
11
279
17973
7911
369
1510
16
593
318
36347
518
2007
788
8
348
51184
1290
788
471
830
788
578
27653
271
4272
279
4087
369
25
198
63
74
0
348
295
0
348
2542
14717
87
62
15
10
1076
10
87
62
24
43650
11
2542
1446
17930
788
11393
50
14
17
92
14060
14717
67
28
15
92
46227
24
92
318
16
593
318
36347
518
2007
788
8
348
51184
1290
788
471
830
788
7461
63
271
2777
1510
50
283
2702
9858
63
321
1510
50
14
17
63
1902
381
7308
13
271
4272
567
628
958
30715
888
17955
11
14419
1510
1767
63
321
1510
1200
27653
271
63
9504
957
1404
1767
1404
1200
60
63
283
2542
314
1510
19145
14717
67
28
15
92
46227
72
12
16
92
318
16
593
318
36347
518
2007
788
8
348
51184
1290
788
471
830
788
7461
63
888
660
30152
1510
87
62
15
27736
11
87
14717
72
12
16
5368
1680
421
1510
1200
2007
788
8
283
1698
63
321
1510
1200
1446
348
830
788
8
283
2542
27653
271
3845
25
1510
9504
58
15
1404
15
1404
15
60
283
220
16
63
271
21097
364
15262
1510
67
63
440
1698
1510
66
788
43143
198
2381
1754
3102
1510
87
63
494
220
15
310
1510
66
788
43143
198
220
1510
9504
20770
10
16
1404
1767
478
830
1404
1200
478
293
17930
60
1373
11002
20770
1404
1767
1404
1200
60
348
1475
18029
518
8065
60
348
1475
18029
518
12090
788
471
830
60
63
271
23201
11
4087
283
1510
9504
58
16
15
1404
74
1404
50
14
17
60
348
580
0
348
295
0
984
18107
63
271
9764
728
4072
411
13
271
71093
12305
198
727
1698
54547
4718
30909
79307
7815
25
592
8
1411
514
25
198
262
8781
354
325
269
2075
283
1572
198
262
18107
283
220
16
15
332
24
478
220
22
198
262
307
283
2343
7
861
354
325
269
2075
8
198
262
580
283
318
77
478
220
16
8
434
220
17
220
653
1324
314
1442
9599
198
262
295
283
307
434
220
17
285
653
1324
314
10016
9599
6987
262
653
4356
2702
2542
198
262
2702
9858
283
2542
1494
1446
8
364
293
303
8781
354
325
269
2075
8
198
1031
262
653
1368
2702
2542
369
10016
11
874
23086
56470
6513
198
262
413
2702
9858
984
220
17
931
220
15
25
198
285
460
220
15
6987
262
2100
9858
283
2702
9858
434
220
17
6987
262
653
4356
11304
314
1754
15262
198
262
20257
283
498
15
60
348
220
16
15
198
262
364
293
303
8781
354
325
269
2075
25
198
285
20257
18078
1446
7025
1373
220
16
6987
262
653
4807
26808
7911
10003
321
27043
7911
10003
685
310
220
23
15
198
262
1866
1054
283
220
23
15
198
262
2029
283
498
16
60
348
318
2721
1054
478
220
16
8
198
262
364
585
303
2020
7
16
11
1866
1054
478
220
16
1590
198
285
2029
957
60
283
2029
957
12
16
60
348
585
984
18107
6987
262
1475
46211
283
498
16
60
348
318
2721
1054
478
220
16
8
198
262
1475
46211
36474
1054
60
283
6660
925
519
36474
1054
1089
18107
471
220
17
11
18107
8
198
262
364
585
303
2020
8474
1054
471
220
16
11
471
16
11
471
16
1590
198
285
1475
46211
957
60
283
1475
46211
957
10
16
60
348
318
72
10
16
8
984
18107
6987
262
653
30715
25
11002
26645
1404
1200
60
283
2542
314
14060
7
16
11545
36347
518
2007
788
8
348
51184
62959
20770
11359
87
788
7461
198
262
653
8736
198
262
653
7252
2542
567
1144
25
2100
9858
11
1866
1698
25
580
198
262
11002
283
4177
15
60
348
318
5480
9858
478
220
16
8
364
696
303
2020
5781
478
220
16
7025
198
262
11002
58
15
1404
15
60
283
220
16
6987
262
364
293
303
2020
7
16
15
1590
198
285
272
283
20257
20770
60
198
285
653
1478
11002
1898
364
1727
18971
198
285
491
52066
283
4177
15
60
348
318
5480
9858
478
220
16
8
364
696
303
2020
5781
478
220
16
7025
198
285
364
1698
303
2020
5781
478
220
16
1590
198
309
364
274
303
2020
8373
9858
478
220
16
1590
198
388
413
11002
26645
1404
82
60
606
220
15
25
198
493
2962
198
388
653
9446
58706
830
10672
314
15262
293
310
1442
9599
198
388
364
830
303
2020
1290
478
220
16
1590
198
493
491
3079
283
1698
478
830
198
493
491
9858
283
274
478
293
348
830
198
493
413
491
3079
2564
580
321
491
9858
2564
2100
9858
25
198
646
653
90307
25
1475
46211
8065
60
348
1475
46211
12090
471
830
60
198
646
5735
283
11002
26645
1404
82
60
348
1475
46211
8065
60
984
18107
348
1475
46211
12090
471
830
60
984
18107
198
646
491
52066
42049
3079
1404
902
9858
60
283
318
902
52066
42049
3079
1404
902
9858
60
478
5735
8
984
18107
198
285
11002
283
491
52066
6987
262
1067
283
11002
6521
1404
5480
9858
60
348
2029
6521
60
984
18107
348
2029
11722
60
984
18107
198
262
460
1067
198
71093
248046
198