248045
846
198
4274
279
2614
709
11618
321
4479
889
11
6999
4072
279
709
7246
321
1440
660
279
6813
13
2972
5683
4045
67305
3067
13209
50
159029
271
2523
1220
14623
279
1970
488
10490
303
264
64504
1970
2424
318
784
9609
31789
318
19458
668
31153
279
3889
5568
8
271
71093
198
727
1698
23396
10578
25
514
11
457
25
514
11
710
25
514
11
5646
25
1103
16793
2387
1411
514
25
198
262
4071
4356
279
1324
314
5337
310
1236
710
10480
383
264
5646
5732
494
866
4147
2691
13
198
1031
262
561
5646
682
462
6761
321
457
7890
13
8618
2691
369
2892
4147
4178
52214
466
18716
4178
2
1760
198
262
357
1752
16661
314
710
10
16
7515
318
37990
2691
478
710
10480
8
1332
25
198
262
471
1942
7515
303
279
1752
513
4147
198
262
471
1160
82819
7515
513
23194
318
446
11
1441
11
2047
11
466
1245
8
198
262
471
2233
2691
369
11653
777
1056
2957
303
279
1752
6987
262
17167
25
198
285
462
25
5447
314
6761
318
16
2564
462
2564
220
16
15
8
198
285
457
25
5447
314
7890
318
16
2564
457
2564
220
16
15
8
198
285
710
25
5447
314
10480
318
16
2564
710
2564
220
16
16
8
198
285
5646
25
1697
314
462
8796
11
1754
314
2984
457
11
13661
279
5646
6987
262
5019
25
198
285
561
1324
314
2610
12351
314
2984
710
10
16
6987
262
11765
1698
23396
7
17
11
220
17
11
220
17
11
2429
41895
504
43615
4916
198
262
220
17
198
262
11765
1698
23396
7
17
11
220
18
11
220
16
11
2429
41895
15211
5693
41895
4916
198
262
220
15
198
262
4071
271
727
1716
69574
1590
198
262
653
18564
1228
4886
198
262
1992
8871
7
17
11
220
17
11
220
17
11
2429
41895
504
43615
4916
606
220
17
198
262
1992
8871
7
17
11
220
18
11
220
16
11
2429
41895
15211
5693
41895
4916
606
220
15
198
262
1992
8871
7
16
15
11
220
16
15
11
220
16
16
11
2429
1868
2
486
2
486
504
6060
2
17544
550
15211
43615
2
1076
550
486
504
359
1076
2
27235
504
359
27235
550
486
504
43615
2
27235
2
504
5693
3873
2
504
43615
550
27235
504
6060
13962
1868
2
15211
359
1076
2
17544
2
4916
606
220
17
16
23
15
22
15
6987
262
653
22484
1228
4886
198
262
1992
8871
7
24
11
220
23
11
220
16
16
11
86987
46991
504
359
3873
504
359
3873
504
359
3873
504
6060
2
27235
504
359
1868
2
66072
359
3873
504
359
3873
504
359
3873
4916
606
220
24
20
16
15
15
19
198
262
1992
8871
7
18
11
220
18
11
220
16
16
11
2429
66072
6060
550
504
5693
486
4916
606
220
15
198
262
1992
8871
7
23
11
220
16
15
11
220
22
11
2429
1076
550
1076
550
504
359
13962
486
2
486
2
15211
359
27235
2
486
2
504
5693
1076
2
1868
2
504
359
17544
550
486
2
504
43615
550
486
2
66072
5693
486
2
27235
504
359
221535
4916
606
220
19
21
21
21
198
262
1992
8871
7
19
11
220
20
11
220
18
11
2429
17544
504
359
1076
2
15211
6060
2
486
2
504
6060
2
486
2
4916
606
220
22
23
198
262
1992
8871
7
20
11
220
21
11
220
21
11
2429
27235
504
359
27235
504
359
27235
504
359
1868
550
504
359
27235
4916
606
220
19
15
23
21
198
262
1992
8871
7
18
11
220
17
11
220
18
11
2429
41895
504
5693
15211
6060
2
4916
606
220
15
198
262
1992
8871
7
17
11
220
17
11
220
23
11
2429
486
504
359
550
4916
606
220
15
198
262
1992
8871
7
16
11
220
17
11
220
19
11
2429
41895
4916
606
220
15
198
262
1992
8871
7
17
11
220
18
11
220
16
11
2429
66072
359
1076
4916
606
220
16
19
198
262
1992
8871
7
20
11
220
20
11
220
18
11
86987
1076
2
504
6060
2
66072
359
17544
504
5693
1868
504
359
550
1076
4916
606
220
17
18
15
198
262
1992
8871
7
22
11
220
22
11
220
22
11
2429
46991
504
359
46991
504
359
46991
504
359
46991
504
359
46991
504
359
1076
2
66072
359
46991
4916
606
220
17
21
24
16
21
198
262
1992
8871
7
21
11
220
22
11
220
21
11
2429
46991
504
5693
27235
504
5693
41895
1868
504
5693
1076
2
41895
504
359
550
17544
504
5693
486
550
41895
4916
606
220
16
22
16
15
198
262
1992
8871
7
16
11
220
16
11
220
21
11
91939
4916
606
220
15
198
262
1992
8871
7
16
11
220
18
11
220
19
11
2429
550
13
4916
606
220
15
198
262
1992
8871
7
24
11
220
16
15
11
220
16
15
11
2429
486
550
1076
2
486
504
6060
794
1868
2
504
6060
2
3873
504
359
27235
2
66072
5693
13
550
1076
2
486
504
359
1868
13962
66072
359
1076
2
1868
550
504
5693
1868
2
1868
504
43615
2
41895
486
13962
4916
606
220
16
17
19
17
15
198
262
1992
8871
7
16
11
220
18
11
220
16
11
86987
486
4916
606
220
17
198
262
1992
8871
7
18
11
220
17
11
220
19
11
2429
41895
504
85495
43615
4916
606
220
19
198
262
1992
8871
7
17
11
220
16
11
220
22
11
2429
15211
6060
4916
606
220
15
198
262
1992
8871
7
16
11
220
17
11
220
17
11
2429
41895
4916
606
220
15
198
262
1992
8871
7
17
11
220
17
11
220
16
11
2429
486
504
43615
4916
606
220
23
198
262
1992
8871
7
16
15
11
220
18
11
220
16
16
11
86987
486
504
359
66072
359
550
15211
359
550
15211
5693
41895
504
359
13962
504
5693
486
504
359
13962
504
359
13962
504
6060
84818
4916
606
220
15
198
262
1992
8871
7
23
11
220
24
11
220
16
16
11
2429
1076
2
17544
504
5693
41895
1868
2
15211
359
3873
2
504
6060
550
1076
2
486
504
359
1076
794
486
504
359
58920
504
359
3873
2
504
6060
2
486
2
1868
4916
606
220
18
17
20
21
23
198
262
1992
8871
7
16
11
220
16
15
11
220
16
16
11
2429
17544
2
1868
4916
606
220
15
198
262
1992
8871
7
21
11
220
21
11
220
16
15
11
2429
41895
41895
41895
504
5693
41895
41895
15211
6060
2
41895
41895
504
5693
41895
41895
15211
6060
2
41895
41895
504
5693
41895
41895
13
4916
606
220
15
198
262
1992
8871
7
16
15
11
220
16
11
220
16
16
11
2429
15211
44148
44148
44148
44148
44148
44148
44148
44148
6060
4916
606
220
15
198
262
1992
8871
7
20
11
220
20
11
220
16
11
91939
794
504
359
65059
504
359
65059
504
359
65059
504
359
65059
4916
606
220
15
198
262
1992
8871
7
16
11
220
18
11
220
23
11
2429
486
2
4916
606
220
15
198
262
1992
8871
7
18
11
220
17
11
220
16
16
11
2429
486
504
85495
43615
4916
606
220
15
198
262
1992
8871
7
16
11
220
18
11
220
16
15
11
2429
550
13
4916
606
220
15
198
262
1992
8871
7
21
11
220
21
11
220
17
11
2429
1868
2
15211
359
794
41895
504
5693
1868
2
504
6060
2
41895
486
504
43615
550
486
504
359
17544
2
4916
606
220
20
21
198
262
1992
8871
7
18
11
220
17
11
220
23
11
2429
486
504
5693
15211
43615
4916
606
220
15
198
262
1992
8871
7
16
11
220
17
11
220
21
11
2429
486
4916
606
220
15
198
262
1992
8871
7
16
15
11
220
16
15
11
220
20
11
2429
46991
2
486
504
359
221535
504
359
221535
504
359
221535
504
359
221535
504
359
221535
504
359
221535
504
359
221535
504
359
221535
504
359
221535
4916
606
220
16
21
22
21
21
198
262
1992
8871
7
16
11
220
18
11
220
23
11
2429
41895
13
4916
606
220
15
198
262
1992
8871
7
18
11
220
17
11
220
21
11
2429
486
504
85495
5693
13
4916
606
220
15
198
262
1992
8871
7
18
11
220
16
11
220
16
16
11
2429
15211
44148
6060
4916
606
220
15
198
262
1992
8871
7
18
11
220
16
11
220
18
11
2429
15211
44148
5693
4916
606
220
15
198
262
1992
8871
7
18
11
220
17
11
220
21
11
2429
486
504
359
550
504
359
550
4916
606
220
15
198
262
1992
8871
7
17
11
220
17
11
220
17
11
2429
486
504
359
550
4916
606
220
15
198
262
1992
8871
7
24
11
220
16
15
11
220
24
11
2429
221535
504
359
221535
504
359
221535
504
359
221535
504
359
46991
2
486
504
5693
58920
504
359
221535
504
359
221535
504
359
221535
4916
606
220
19
17
17
16
15
23
271
2
5272
1716
11181
23396
8
310
1542
6813
13
198
71093
248046
198
248045
74455
198
248068
271
248069
271
71093
12305
198
727
1698
23396
10578
25
514
11
457
25
514
11
710
25
514
11
5646
25
1103
16793
2387
1411
514
25
198
262
4071
4356
279
1324
314
5337
310
1236
710
10480
383
264
5646
5732
494
866
4147
2691
13
198
1031
262
561
5646
682
462
6761
321
457
7890
13
8618
2691
369
2892
4147
4178
52214
466
18716
4178
2
1760
198
262
357
1752
16661
314
710
10
16
7515
318
37990
2691
478
710
10480
8
1332
25
198
262
471
1942
7515
303
279
1752
513
4147
198
262
471
1160
82819
7515
513
23194
318
446
11
1441
11
2047
11
466
1245
8
198
262
471
2233
2691
369
11653
777
1056
2957
303
279
1752
6987
262
17167
25
198
285
462
25
5447
314
6761
318
16
2564
462
2564
220
16
15
8
198
285
457
25
5447
314
7890
318
16
2564
457
2564
220
16
15
8
198
285
710
25
5447
314
10480
318
16
2564
710
2564
220
16
16
8
198
285
5646
25
1697
314
462
8796
11
1754
314
2984
457
11
13661
279
5646
6987
262
5019
25
198
285
561
1324
314
2610
12351
314
2984
710
10
16
6987
262
11765
1698
23396
7
17
11
220
17
11
220
17
11
2429
41895
504
43615
4916
198
262
220
17
198
262
11765
1698
23396
7
17
11
220
18
11
220
16
11
2429
41895
15211
5693
41895
4916
198
262
220
15
198
262
4071
198
262
653
51692
25
685
11
1441
11
2047
11
1245
198
262
17425
283
498
3944
16
11
220
15
681
318
16
11
220
15
681
318
15
11
471
16
681
318
15
11
220
16
7025
198
1031
262
653
1368
710
369
220
15
11
567
1066
1698
4147
7515
318
7834
710
2518
220
16
791
16484
8
198
262
653
1165
958
54489
440
1142
43075
13
8439
462
11
457
2564
220
16
15
321
710
2564
220
16
16
11
567
1144
310
381
10727
13
198
262
653
10342
7515
685
310
220
16
15
15
13
710
685
310
220
16
16
13
16643
20781
1954
383
11653
716
11
11447
1105
369
2166
1496
13
198
262
653
1921
279
1324
314
4145
12351
314
2984
710
303
264
5646
369
67657
364
1439
16484
13
198
1031
262
2702
283
220
15
6987
262
653
1690
1754
4147
2691
11
635
54489
310
1698
12351
314
2984
710
5732
494
1017
198
262
364
427
303
2020
10578
1590
198
285
364
272
303
2020
13628
1590
198
309
413
5646
15656
1404
66
60
931
6060
1170
198
388
2962
18015
309
653
11653
716
198
309
11653
283
716
363
198
3265
309
687
24971
2515
11
272
11
7123
57241
1590
198
388
2397
2359
2702
198
388
11653
1316
1148
81
11
272
578
198
388
413
7123
57241
606
220
15
25
198
493
2702
1373
220
16
198
493
11653
4695
1148
81
11
272
578
198
493
460
33006
388
364
1305
11
18814
303
17425
25
198
493
19646
11
24330
283
427
478
1305
11
272
478
18814
198
493
413
220
15
2564
19646
361
462
321
220
15
2564
24330
361
457
25
198
646
413
5646
7426
81
1404
982
60
606
23592
321
318
19018
11
24330
8
524
303
11653
25
198
967
24971
86518
11
24330
11
7123
57241
471
220
16
8
198
6159
388
11653
4695
1148
81
11
272
578
198
3265
309
24971
2515
11
272
11
710
8
198
1031
262
460
2702
198
71093
248046
198