248045
846
198
4274
279
2614
709
11618
321
4479
889
11
6999
4072
279
709
7246
321
1440
660
279
6813
13
2972
5683
4045
67305
3067
13209
50
159029
271
2523
1220
14623
279
1970
488
10490
303
264
64504
1970
2424
318
784
9609
31789
318
19458
668
31153
279
3889
5568
8
271
71093
198
1445
18904
1120
1697
1358
727
59373
29626
2270
68
89394
24515
25
1697
50246
18078
28649
1411
592
25
198
262
4071
6834
264
10490
59373
2308
565
4534
68
1746
383
264
220
18
87
18
5646
1332
1754
2691
682
264
869
13
198
1031
262
32187
1413
29389
318
3765
2693
8
321
357
36926
318
5394
2693
8
1831
10263
18207
4022
7515
13
198
262
3095
264
2693
38587
264
2691
11
781
5284
279
3387
303
421
2691
321
5984
424
836
1829
198
262
318
51
73813
29389
25
2438
11
357
36926
25
6105
553
198
1031
262
561
1746
10029
948
25
198
262
471
357
2693
5055
220
18
23173
7515
314
836
1829
318
633
86201
3336
72
22718
8
471
421
2693
14387
198
262
471
1942
7515
513
23235
471
279
2693
440
4918
2702
5284
14387
6987
262
11396
4078
1432
7314
722
13
561
2542
314
660
2663
303
279
5646
369
18739
310
381
10016
13
198
1031
262
17167
25
198
285
5646
25
357
220
18
87
18
5646
314
24959
13661
2691
2663
8675
262
5019
25
198
285
328
51
73813
29389
1
413
32187
1413
29389
14387
11
328
32
36926
1
413
357
36926
14387
8675
262
11765
59373
29626
2270
68
89394
26247
15
11
220
15
11
220
15
1089
498
15
11
220
16
11
220
15
1089
498
15
11
220
15
11
220
15
28649
198
262
359
51
73813
29389
6
198
262
11765
59373
29626
2270
68
89394
2477
7368
16
11
220
16
11
220
15
1089
9758
19
11
471
17
11
471
20
1089
9758
19
11
471
16
11
471
20
28649
198
262
359
32
36926
6
198
262
4071
271
727
1716
69574
1590
198
262
653
18564
1228
4886
198
262
1992
8871
26247
15
11
220
15
11
220
15
1089
498
15
11
220
16
11
220
15
1089
498
15
11
220
15
11
220
15
28649
606
359
51
73813
29389
6
198
262
1992
8871
2477
7368
16
11
220
16
11
220
15
1089
9758
19
11
471
17
11
471
20
1089
9758
19
11
471
16
11
471
20
28649
606
359
32
36926
6
198
1031
262
653
22484
1228
4886
198
262
1992
8871
2477
7368
17
16
16
19
15
19
18
15
20
11
220
17
21
24
18
20
24
15
23
16
11
220
22
18
21
22
24
20
19
20
15
1089
9758
21
16
18
21
16
23
19
16
21
11
220
22
17
19
18
21
23
18
16
20
11
471
24
17
19
16
17
17
19
20
19
1089
9758
24
17
23
16
21
23
21
23
18
11
471
19
17
23
22
20
16
20
18
24
11
471
18
19
21
19
24
15
16
20
15
28649
606
359
32
36926
6
198
262
1992
8871
26247
17
17
21
18
23
22
20
23
24
11
471
16
16
18
23
23
22
15
20
11
220
24
18
18
19
18
21
18
18
15
1089
498
20
17
20
19
22
24
24
20
19
11
471
22
23
20
24
16
17
20
15
15
11
471
20
16
18
24
20
22
17
18
21
1089
498
18
15
24
23
17
21
19
17
17
11
471
23
23
23
19
22
18
20
21
16
11
220
19
24
21
17
17
20
23
21
21
28649
606
359
51
73813
29389
6
198
262
1992
8871
2477
7368
20
23
19
24
21
18
22
16
22
11
220
18
15
22
22
16
22
19
22
18
11
220
16
20
18
22
18
23
18
16
21
1089
9758
18
19
22
21
23
20
21
24
21
11
220
17
18
15
17
16
17
17
23
18
11
471
19
24
19
24
23
22
19
23
22
1089
9758
19
15
19
15
23
24
24
17
18
11
220
23
17
17
15
19
23
18
15
20
11
471
20
18
24
16
16
16
16
19
22
28649
606
359
32
36926
6
198
262
1992
8871
2477
7368
21
19
21
21
20
18
23
18
21
11
220
22
16
20
15
21
24
22
16
11
220
17
24
16
15
19
23
23
20
24
1089
9758
23
16
19
15
20
19
15
21
16
11
220
18
19
22
18
18
23
21
22
15
11
471
18
24
15
15
20
23
21
20
20
1089
498
24
22
18
23
15
24
18
21
24
11
220
16
18
16
21
17
15
23
15
20
11
220
18
19
15
22
17
21
24
19
24
28649
606
359
51
73813
29389
6
198
262
1992
8871
26247
23
19
20
24
24
18
19
17
22
11
471
24
23
23
24
21
19
19
23
23
11
220
22
17
19
23
22
22
19
19
15
1089
9758
20
19
18
24
16
24
23
24
24
11
220
19
24
15
15
24
22
20
15
15
11
471
23
15
16
19
19
15
23
23
15
1089
9758
23
22
19
15
21
23
23
19
22
11
471
21
18
15
19
24
17
17
19
24
11
220
24
21
24
15
20
16
20
24
24
28649
606
359
32
36926
6
198
262
1992
8871
2477
7368
17
18
23
21
22
16
22
20
21
11
471
18
20
21
21
21
18
22
15
22
11
220
20
21
16
19
20
15
15
20
17
1089
9758
23
15
18
20
19
18
18
21
20
11
220
24
16
23
15
23
22
16
19
18
11
471
24
21
19
22
21
22
17
15
20
1089
9758
19
23
18
23
20
15
21
18
17
11
471
17
22
19
15
20
15
19
22
23
11
471
22
19
17
15
24
15
17
15
16
28649
606
359
51
73813
29389
6
198
262
1992
8871
2477
7368
16
19
18
18
18
16
15
19
23
11
471
24
22
24
17
21
21
15
21
17
11
220
17
16
15
16
24
24
23
20
24
1089
9758
17
22
19
22
20
21
18
21
15
11
220
16
22
22
23
20
23
21
18
19
11
471
17
16
19
17
21
22
15
18
20
1089
9758
20
18
24
24
24
22
15
20
16
11
471
24
15
16
19
19
20
18
19
24
11
220
18
17
23
15
19
22
15
19
20
28649
606
359
32
36926
6
198
262
1992
8871
2477
7368
22
23
24
23
22
22
19
24
21
11
471
24
16
15
20
20
15
18
18
15
11
471
19
24
23
19
23
23
20
19
16
1089
9758
17
18
16
17
23
23
19
24
23
11
220
18
15
17
21
24
20
15
18
22
11
220
19
17
19
24
15
16
18
23
20
1089
9758
22
18
21
24
24
18
24
19
23
11
471
24
16
23
20
15
16
19
17
20
11
220
20
17
22
16
16
24
24
23
24
28649
606
359
32
36926
6
198
262
1992
8871
26247
18
15
18
19
20
18
24
21
19
11
471
20
23
17
17
23
24
18
24
21
11
220
24
23
22
15
18
23
24
17
15
1089
498
16
18
19
24
15
16
21
20
24
11
471
18
22
18
16
16
19
19
20
24
11
220
20
16
15
20
21
22
22
19
21
1089
498
23
17
19
20
19
20
21
21
15
11
220
22
19
22
18
21
20
22
21
16
11
220
17
15
17
22
24
22
23
18
15
28649
606
359
51
73813
29389
6
198
262
1992
8871
2477
7368
24
18
21
19
15
22
18
19
11
471
22
24
23
23
20
21
24
19
16
11
471
22
18
15
22
15
22
17
16
16
1089
498
17
24
16
20
23
20
16
19
11
220
22
15
19
17
18
23
22
22
20
11
220
23
20
15
15
20
17
15
19
22
1089
498
22
15
23
23
20
17
16
16
20
11
471
16
18
17
17
19
15
24
15
21
11
220
22
23
20
23
18
24
18
16
15
28649
606
359
51
73813
29389
6
198
262
1992
8871
26247
19
17
20
16
22
17
22
17
17
11
471
17
21
17
19
23
22
18
24
21
11
471
17
20
21
18
19
21
22
18
20
1089
9758
18
21
24
17
20
15
17
19
19
11
471
17
15
16
21
21
17
23
20
19
11
220
18
17
21
17
20
22
15
21
22
1089
9758
23
16
23
20
20
24
16
19
19
11
220
23
18
18
24
16
19
15
23
11
220
23
23
20
19
22
16
20
20
16
28649
606
359
51
73813
29389
6
198
262
1992
8871
26247
23
23
22
22
18
15
20
22
15
11
471
17
15
19
21
24
16
23
20
15
11
220
16
22
19
17
15
22
20
24
18
1089
9758
23
22
21
19
16
15
17
22
17
11
220
21
19
23
16
16
19
17
16
11
471
24
19
20
24
16
17
20
23
17
1089
9758
24
16
19
19
21
20
21
15
23
11
471
18
18
22
23
16
22
21
17
23
11
220
16
15
24
22
22
23
16
24
22
28649
606
359
32
36926
6
198
262
1992
8871
2477
7368
20
22
19
24
21
21
17
18
19
11
471
22
23
21
15
23
16
22
20
16
11
471
22
23
21
17
20
20
17
23
17
1089
498
24
20
24
23
20
20
20
18
11
220
23
23
23
18
20
16
20
24
24
11
220
17
18
15
20
22
21
24
24
24
1089
498
24
18
20
20
17
18
19
20
19
11
471
19
16
19
24
17
21
20
15
15
11
471
19
20
20
17
23
16
17
19
18
28649
606
359
32
36926
6
198
262
1992
8871
2477
7368
18
19
22
24
22
16
23
15
11
471
20
21
17
17
15
22
24
15
21
11
471
16
22
21
15
22
15
18
16
21
1089
498
17
24
19
19
22
21
22
22
21
11
220
16
23
18
15
16
18
15
23
17
11
220
23
22
23
23
24
21
15
20
24
1089
498
16
16
19
22
22
22
24
16
20
11
220
20
20
17
21
15
23
24
22
20
11
471
22
18
18
19
18
17
15
24
19
28649
606
359
51
73813
29389
6
198
262
1992
8871
2477
7368
23
24
21
19
19
24
15
17
24
11
220
19
20
19
16
20
22
20
22
21
11
471
24
18
19
16
20
15
18
20
21
1089
9758
19
20
23
22
24
15
19
23
22
11
220
20
17
20
21
23
22
20
17
23
11
471
18
15
18
15
17
24
23
18
1089
498
18
24
19
24
21
20
16
20
16
11
471
19
23
16
16
15
19
17
17
15
11
471
23
15
16
18
17
24
24
21
16
28649
606
359
51
73813
29389
6
198
262
1992
8871
2477
7368
23
16
23
19
24
22
16
23
23
11
471
23
18
23
22
23
23
17
21
21
11
471
23
16
20
22
20
17
23
21
17
1089
9758
16
19
15
15
24
22
23
21
16
11
220
16
16
21
24
20
16
22
20
21
11
471
23
23
15
16
17
16
21
20
24
1089
498
19
22
23
19
15
18
20
21
24
11
471
22
24
22
21
17
17
23
21
17
11
471
24
19
24
18
17
24
21
20
23
28649
606
359
32
36926
6
198
262
1992
8871
2477
7368
21
23
20
19
15
21
24
15
23
11
220
21
24
16
19
16
18
17
23
19
11
220
17
22
23
22
15
15
20
21
24
1089
498
18
24
15
20
18
19
21
22
23
11
471
24
23
22
15
22
22
17
23
22
11
471
24
24
23
18
20
18
18
15
15
1089
498
16
18
22
19
23
16
17
22
19
11
471
18
21
24
22
18
15
22
24
17
11
220
21
15
20
20
18
24
21
24
20
28649
606
359
51
73813
29389
6
198
262
1992
8871
26247
22
24
18
21
19
22
19
24
20
11
471
17
16
19
16
24
24
24
24
24
11
471
20
19
15
24
22
21
16
24
16
1089
9758
21
17
15
19
21
21
19
17
19
11
220
24
23
15
19
24
15
19
19
16
11
471
20
17
19
24
18
22
21
21
24
1089
9758
16
19
15
18
22
23
18
16
20
11
220
16
21
23
17
20
24
24
23
17
11
471
18
19
16
17
18
15
20
20
16
28649
606
359
32
36926
6
198
262
1992
8871
2477
7368
24
15
24
18
15
15
17
20
23
11
471
21
20
24
15
20
22
15
17
24
11
471
22
24
23
19
15
21
15
22
17
1089
498
19
15
20
17
24
19
20
24
17
11
220
20
15
17
18
18
20
16
16
15
11
220
21
17
24
15
20
20
23
19
22
1089
498
21
24
23
20
15
19
16
16
17
11
471
17
17
16
23
21
20
24
21
15
11
471
18
16
19
23
22
18
22
23
24
28649
606
359
32
36926
6
198
262
1992
8871
2477
7368
18
22
23
22
24
20
21
23
21
11
471
17
20
17
23
21
22
22
23
23
11
471
21
17
21
19
17
15
18
16
22
1089
498
16
16
21
20
23
20
20
15
18
11
220
24
16
21
23
17
21
20
19
22
11
220
18
21
19
15
16
18
16
23
1089
498
21
23
20
17
16
23
20
18
24
11
471
17
21
24
20
19
23
17
22
21
11
471
20
17
23
17
20
15
22
15
16
28649
606
359
32
36926
6
271
2
5272
1716
1117
291
29626
2270
68
89394
8
310
1542
6813
13
198
71093
248046
198
248045
74455
198
248068
271
248069
271
71093
12305
198
1445
18904
1120
1697
198
1445
54572
1120
324
2585
11198
1358
727
59373
29626
2270
68
89394
24515
25
1697
50246
18078
28649
1411
592
25
198
262
4071
6834
264
10490
59373
2308
565
4534
68
1746
383
264
220
18
87
18
5646
1332
1754
2691
682
264
869
13
198
1031
262
32187
1413
29389
318
3765
2693
8
321
357
36926
318
5394
2693
8
1831
10263
18207
4022
7515
13
198
262
3095
264
2693
38587
264
2691
11
781
5284
279
3387
303
421
2691
321
5984
424
836
1829
198
262
318
51
73813
29389
25
2438
11
357
36926
25
6105
553
198
1031
262
561
1746
10029
948
25
198
262
471
357
2693
5055
220
18
23173
7515
314
836
1829
318
633
86201
3336
72
22718
8
471
421
2693
14387
198
262
471
1942
7515
513
23235
471
279
2693
440
4918
2702
5284
14387
6987
262
11396
4078
1432
7314
722
13
561
2542
314
660
2663
303
279
5646
369
18739
310
381
10016
13
198
1031
262
17167
25
198
285
5646
25
357
220
18
87
18
5646
314
24959
13661
2691
2663
8675
262
5019
25
198
285
328
51
73813
29389
1
413
32187
1413
29389
14387
11
328
32
36926
1
413
357
36926
14387
8675
262
11765
59373
29626
2270
68
89394
26247
15
11
220
15
11
220
15
1089
498
15
11
220
16
11
220
15
1089
498
15
11
220
15
11
220
15
28649
198
262
359
51
73813
29389
6
198
262
11765
59373
29626
2270
68
89394
2477
7368
16
11
220
16
11
220
15
1089
9758
19
11
471
17
11
471
20
1089
9758
19
11
471
16
11
471
20
28649
198
262
359
32
36926
6
198
262
4071
198
262
653
6943
5646
310
264
13992
364
5010
2803
198
262
653
13571
2663
25
220
15
3254
632
20622
11
220
16
3254
32187
1413
29389
318
1114
681
220
17
3254
357
36926
318
11855
8
198
1031
262
653
18053
660
10666
4965
198
262
3063
17778
283
498
198
285
318
15
11
220
16
11
220
17
681
256
653
2713
220
15
198
285
318
18
11
220
19
11
220
20
681
256
653
2713
220
16
198
285
318
21
11
220
22
11
220
23
681
256
653
2713
220
17
198
285
318
15
11
220
18
11
220
21
681
256
653
1327
220
15
198
285
318
16
11
220
19
11
220
22
681
256
653
1327
220
16
198
285
318
17
11
220
20
11
220
23
681
256
653
1327
220
17
198
285
318
15
11
220
19
11
220
23
681
256
653
38402
198
285
318
17
11
220
19
11
220
21
681
256
653
6923
48601
346
198
262
2205
198
1031
262
687
1716
24854
8130
1590
198
285
4071
3840
413
1017
579
264
13239
13
5019
359
51
73813
29389
504
359
32
36926
504
466
2168
71483
198
285
364
1500
303
3063
17778
25
198
309
7515
283
498
2374
957
60
364
585
303
1500
60
198
309
413
7515
58
15
60
931
220
15
321
7515
58
15
60
606
7515
58
16
60
606
7515
58
17
5491
198
388
413
7515
58
15
60
606
220
16
25
198
493
460
359
51
73813
29389
6
198
388
745
25
198
493
460
359
32
36926
6
198
285
460
2168
6987
262
554
75
2585
11198
8474
2073
5675
8
198
262
687
11290
8130
11
1428
15068
11
17577
1413
29389
10095
11
264
36926
10095
1590
198
285
4071
198
285
1528
25
13992
314
220
24
52883
318
15
28
3092
11
220
16
58423
73813
29389
11
220
17
45065
36926
8
198
285
1428
15068
25
220
16
364
32187
1413
29389
11
220
17
364
357
36926
198
285
17577
1413
29389
10095
25
2702
5284
748
2944
198
285
264
36926
10095
25
2702
5284
748
2944
8675
285
5019
25
359
51
73813
29389
6
466
359
32
36926
6
18290
852
14387
2574
22113
1432
198
285
4071
198
285
653
4109
413
1746
2582
9202
198
285
13239
283
1716
24854
8130
8
198
285
413
13239
369
524
2168
25
198
309
460
13239
8675
285
653
7145
660
4147
7515
198
285
4147
36546
283
498
72
364
585
303
2020
7
24
8
413
1528
957
60
606
220
15
60
198
1726
285
413
524
4147
36546
25
198
309
653
3914
888
11
9150
11857
198
309
413
17577
1413
29389
10095
835
264
36926
10095
25
198
388
460
359
51
73813
29389
6
198
309
745
25
198
388
460
359
32
36926
6
198
1726
285
653
9446
660
3102
10480
198
285
413
1428
15068
606
220
16
25
198
309
653
32187
1413
29389
579
2404
198
309
1786
283
2168
198
309
364
2691
303
4147
36546
25
198
388
491
4244
283
1103
8130
8
198
388
491
4244
79517
60
283
220
16
198
388
491
4244
283
13992
1693
4244
8
198
388
1067
283
11290
1693
4244
11
220
17
11
17577
1413
29389
10095
478
5646
79517
434
220
18
1404
5691
984
220
18
1089
264
36926
10095
8
198
388
413
1786
369
2168
25
198
493
1786
283
1067
198
388
4265
1067
606
359
51
73813
29389
1170
198
493
1786
283
359
51
73813
29389
6
198
493
1387
198
309
460
1786
198
285
745
25
198
309
653
357
36926
579
2404
198
309
1786
283
2168
198
309
364
2691
303
4147
36546
25
198
388
491
4244
283
1103
8130
8
198
388
491
4244
79517
60
283
220
17
198
388
491
4244
283
13992
1693
4244
8
198
388
1067
283
11290
1693
4244
11
220
16
11
17577
1413
29389
10095
11
264
36926
10095
478
5646
79517
434
220
18
1404
5691
984
220
18
2387
198
388
413
1786
369
2168
25
198
493
1786
283
1067
198
388
4265
1067
606
359
32
36926
1170
198
493
1786
283
359
32
36926
6
198
493
1387
198
309
460
1786
6987
262
2763
4244
283
318
15
44484
348
220
24
198
262
1067
283
11290
33192
4244
11
220
16
11
220
15
11
220
15
8
198
262
460
1067
198
71093
248046
198