248045
846
198
4274
279
2614
709
11618
321
4479
889
11
6999
4072
279
709
7246
321
1440
660
279
6813
13
2972
5683
4045
67305
3067
13209
50
159029
271
2523
1220
14623
279
1970
488
10490
303
264
64504
1970
2424
318
784
9609
31789
318
19458
668
31153
279
3889
5568
8
271
71093
198
1445
18904
1120
1697
1358
727
7776
51757
788
1003
49546
1393
25
514
11
580
25
514
11
830
25
514
11
1906
27430
25
1697
18078
2387
1411
514
25
198
262
4071
15767
307
9861
8826
383
3050
2756
11
1423
279
7776
2702
93451
948
11268
1070
13
198
1031
262
22136
25
198
262
471
2332
1379
580
9861
628
381
26380
3658
303
799
6937
198
262
471
6991
585
318
35166
383
1834
1906
27430
957
2387
628
1132
381
26380
383
466
1238
421
1834
198
262
471
4486
11268
383
1834
264
11
279
1727
42304
628
1132
381
383
1834
264
36641
466
2843
198
262
471
49313
49546
364
1906
585
26380
383
1834
274
369
318
82
471
1906
27430
957
2387
198
1031
262
17167
25
198
285
307
25
5447
314
9861
318
16
2564
307
2564
220
16
15
15
8
198
285
580
25
25749
9861
791
42304
318
16
2564
580
2564
307
8
198
285
830
25
20542
1881
56641
318
16
2564
830
2564
220
16
15
61
24
8
198
285
1906
27430
25
1697
314
307
1906
20791
2756
303
2397
6596
72887
1906
318
16
2564
1906
27430
957
60
2564
220
16
15
61
16
17
8
198
1031
262
5019
25
198
285
561
7776
3102
2702
93451
6987
262
11765
7776
51757
788
1003
49546
7
20
11
220
17
11
220
18
11
498
16
11
220
20
11
220
21
11
220
16
15
11
220
16
17
2387
198
262
220
17
198
262
11765
7776
51757
788
1003
49546
7
16
11
220
16
11
220
16
15
15
15
15
15
15
15
15
15
11
498
16
15
15
15
15
15
15
15
15
15
15
15
15
2387
198
262
220
15
198
262
4071
271
727
1716
69574
1590
198
262
653
3284
4886
494
279
3377
198
262
1992
8871
7
20
11
220
17
11
220
18
11
498
16
11
220
20
11
220
21
11
220
16
15
11
220
16
17
2387
606
220
17
198
262
1992
8871
7
16
11
220
16
11
220
16
15
15
15
15
15
15
15
15
15
11
498
16
15
15
15
15
15
15
15
15
15
15
15
15
2387
606
220
15
198
262
1992
8871
7
16
20
11
220
19
11
220
20
11
498
16
11
220
18
11
220
18
11
220
21
11
220
21
11
220
21
11
220
16
15
11
220
16
15
11
220
16
15
11
220
16
15
11
220
16
20
11
220
16
20
11
220
16
20
11
220
16
20
11
220
16
20
2387
606
220
18
20
6987
262
653
22484
1228
4886
198
262
1992
8871
7
17
11
220
17
11
220
16
20
16
22
11
498
16
21
24
22
11
220
16
23
21
24
2387
606
220
16
22
17
198
262
1992
8871
7
16
15
11
220
16
11
220
17
11
498
16
11
220
16
11
220
17
11
220
18
11
220
19
11
220
20
11
220
20
11
220
20
11
220
20
11
220
21
2387
606
220
21
18
198
262
1992
8871
7
16
11
220
16
11
220
20
23
19
20
20
23
22
22
21
11
498
16
16
17
21
15
20
17
17
24
18
2387
606
220
15
198
262
1992
8871
7
16
11
220
16
11
220
16
11
498
16
2387
606
220
15
6987
262
653
3284
1105
440
580
21076
318
528
9861
303
799
42304
8
198
262
1992
8871
7
16
15
15
11
220
16
15
15
11
220
16
15
15
15
15
15
15
15
15
15
11
498
24
24
24
15
15
15
15
15
15
15
15
16
11
220
24
24
24
15
16
15
16
15
16
15
16
16
11
220
24
24
24
15
17
15
17
15
17
15
17
16
11
220
24
24
24
15
18
15
18
15
18
15
18
16
11
220
24
24
24
15
19
15
19
15
19
15
19
16
11
220
24
24
24
15
20
15
20
15
20
15
20
16
11
220
24
24
24
15
21
15
21
15
21
15
21
16
11
220
24
24
24
15
22
15
22
15
22
15
22
16
11
220
24
24
24
15
23
15
23
15
23
15
23
16
11
220
24
24
24
15
24
15
24
15
24
15
24
16
11
220
24
24
24
16
15
16
15
16
15
16
15
17
11
220
24
24
24
16
16
16
16
16
16
16
16
17
11
220
24
24
24
16
17
16
17
16
17
16
17
17
11
220
24
24
24
16
18
16
18
16
18
16
18
17
11
220
24
24
24
16
19
16
19
16
19
16
19
17
11
220
24
24
24
16
20
16
20
16
20
16
20
17
11
220
24
24
24
16
21
16
21
16
21
16
21
17
11
220
24
24
24
16
22
16
22
16
22
16
22
17
11
220
24
24
24
16
23
16
23
16
23
16
23
17
11
220
24
24
24
16
24
16
24
16
24
16
24
17
11
220
24
24
24
17
15
17
15
17
15
17
15
18
11
220
24
24
24
17
16
17
16
17
16
17
16
18
11
220
24
24
24
17
17
17
17
17
17
17
17
18
11
220
24
24
24
17
18
17
18
17
18
17
18
18
11
220
24
24
24
17
19
17
19
17
19
17
19
18
11
220
24
24
24
17
20
17
20
17
20
17
20
18
11
220
24
24
24
17
21
17
21
17
21
17
21
18
11
220
24
24
24
17
22
17
22
17
22
17
22
18
11
220
24
24
24
17
23
17
23
17
23
17
23
18
11
220
24
24
24
17
24
17
24
17
24
17
24
18
11
220
24
24
24
18
15
18
15
18
15
18
15
19
11
220
24
24
24
18
16
18
16
18
16
18
16
19
11
220
24
24
24
18
17
18
17
18
17
18
17
19
11
220
24
24
24
18
18
18
18
18
18
18
18
19
11
220
24
24
24
18
19
18
19
18
19
18
19
19
11
220
24
24
24
18
20
18
20
18
20
18
20
19
11
220
24
24
24
18
21
18
21
18
21
18
21
19
11
220
24
24
24
18
22
18
22
18
22
18
22
19
11
220
24
24
24
18
23
18
23
18
23
18
23
19
11
220
24
24
24
18
24
18
24
18
24
18
24
19
11
220
24
24
24
19
15
19
15
19
15
19
15
20
11
220
24
24
24
19
16
19
16
19
16
19
16
20
11
220
24
24
24
19
17
19
17
19
17
19
17
20
11
220
24
24
24
19
18
19
18
19
18
19
18
20
11
220
24
24
24
19
19
19
19
19
19
19
19
20
11
220
24
24
24
19
20
19
20
19
20
19
20
20
11
220
24
24
24
19
21
19
21
19
21
19
21
20
11
220
24
24
24
19
22
19
22
19
22
19
22
20
11
220
24
24
24
19
23
19
23
19
23
19
23
20
11
220
24
24
24
19
24
19
24
19
24
19
24
20
11
220
24
24
24
20
15
20
15
20
15
20
15
21
11
220
24
24
24
20
16
20
16
20
16
20
16
21
11
220
24
24
24
20
17
20
17
20
17
20
17
21
11
220
24
24
24
20
18
20
18
20
18
20
18
21
11
220
24
24
24
20
19
20
19
20
19
20
19
21
11
220
24
24
24
20
20
20
20
20
20
20
20
21
11
220
24
24
24
20
21
20
21
20
21
20
21
21
11
220
24
24
24
20
22
20
22
20
22
20
22
21
11
220
24
24
24
20
23
20
23
20
23
20
23
21
11
220
24
24
24
20
24
20
24
20
24
20
24
21
11
220
24
24
24
21
15
21
15
21
15
21
15
22
11
220
24
24
24
21
16
21
16
21
16
21
16
22
11
220
24
24
24
21
17
21
17
21
17
21
17
22
11
220
24
24
24
21
18
21
18
21
18
21
18
22
11
220
24
24
24
21
19
21
19
21
19
21
19
22
11
220
24
24
24
21
20
21
20
21
20
21
20
22
11
220
24
24
24
21
21
21
21
21
21
21
21
22
11
220
24
24
24
21
22
21
22
21
22
21
22
22
11
220
24
24
24
21
23
21
23
21
23
21
23
22
11
220
24
24
24
21
24
21
24
21
24
21
24
22
11
220
24
24
24
22
15
22
15
22
15
22
15
23
11
220
24
24
24
22
16
22
16
22
16
22
16
23
11
220
24
24
24
22
17
22
17
22
17
22
17
23
11
220
24
24
24
22
18
22
18
22
18
22
18
23
11
220
24
24
24
22
19
22
19
22
19
22
19
23
11
220
24
24
24
22
20
22
20
22
20
22
20
23
11
220
24
24
24
22
21
22
21
22
21
22
21
23
11
220
24
24
24
22
22
22
22
22
22
22
22
23
11
220
24
24
24
22
23
22
23
22
23
22
23
23
11
220
24
24
24
22
24
22
24
22
24
22
24
23
11
220
24
24
24
23
15
23
15
23
15
23
15
24
11
220
24
24
24
23
16
23
16
23
16
23
16
24
11
220
24
24
24
23
17
23
17
23
17
23
17
24
11
220
24
24
24
23
18
23
18
23
18
23
18
24
11
220
24
24
24
23
19
23
19
23
19
23
19
24
11
220
24
24
24
23
20
23
20
23
20
23
20
24
11
220
24
24
24
23
21
23
21
23
21
23
21
24
11
220
24
24
24
23
22
23
22
23
22
23
22
24
11
220
24
24
24
23
23
23
23
23
23
23
23
24
11
220
24
24
24
23
24
23
24
23
24
23
24
24
11
220
24
24
24
24
15
24
15
24
15
24
16
15
11
220
24
24
24
24
16
24
16
24
16
24
17
15
11
220
24
24
24
24
17
24
17
24
17
24
18
15
11
220
24
24
24
24
18
24
18
24
18
24
19
15
11
220
24
24
24
24
19
24
19
24
19
24
20
15
11
220
24
24
24
24
20
24
20
24
20
24
21
15
11
220
24
24
24
24
21
24
21
24
21
24
22
15
11
220
24
24
24
24
22
24
22
24
22
24
23
15
11
220
24
24
24
24
23
24
23
24
23
24
24
15
11
220
16
15
15
15
15
15
15
15
15
15
15
15
15
2387
606
220
19
24
15
15
15
15
15
15
15
20
15
6987
262
653
3284
1105
440
580
28
16
318
588
1906
791
42304
8
198
262
1992
8871
7
16
15
15
11
220
16
11
220
16
15
15
15
15
15
15
15
15
15
11
498
24
24
24
15
15
15
15
15
15
15
15
16
11
220
24
24
24
15
16
15
16
15
16
15
16
16
11
220
24
24
24
15
17
15
17
15
17
15
17
16
11
220
24
24
24
15
18
15
18
15
18
15
18
16
11
220
24
24
24
15
19
15
19
15
19
15
19
16
11
220
24
24
24
15
20
15
20
15
20
15
20
16
11
220
24
24
24
15
21
15
21
15
21
15
21
16
11
220
24
24
24
15
22
15
22
15
22
15
22
16
11
220
24
24
24
15
23
15
23
15
23
15
23
16
11
220
24
24
24
15
24
15
24
15
24
15
24
16
11
220
24
24
24
16
15
16
15
16
15
16
15
17
11
220
24
24
24
16
16
16
16
16
16
16
16
17
11
220
24
24
24
16
17
16
17
16
17
16
17
17
11
220
24
24
24
16
18
16
18
16
18
16
18
17
11
220
24
24
24
16
19
16
19
16
19
16
19
17
11
220
24
24
24
16
20
16
20
16
20
16
20
17
11
220
24
24
24
16
21
16
21
16
21
16
21
17
11
220
24
24
24
16
22
16
22
16
22
16
22
17
11
220
24
24
24
16
23
16
23
16
23
16
23
17
11
220
24
24
24
16
24
16
24
16
24
16
24
17
11
220
24
24
24
17
15
17
15
17
15
17
15
18
11
220
24
24
24
17
16
17
16
17
16
17
16
18
11
220
24
24
24
17
17
17
17
17
17
17
17
18
11
220
24
24
24
17
18
17
18
17
18
17
18
18
11
220
24
24
24
17
19
17
19
17
19
17
19
18
11
220
24
24
24
17
20
17
20
17
20
17
20
18
11
220
24
24
24
17
21
17
21
17
21
17
21
18
11
220
24
24
24
17
22
17
22
17
22
17
22
18
11
220
24
24
24
17
23
17
23
17
23
17
23
18
11
220
24
24
24
17
24
17
24
17
24
17
24
18
11
220
24
24
24
18
15
18
15
18
15
18
15
19
11
220
24
24
24
18
16
18
16
18
16
18
16
19
11
220
24
24
24
18
17
18
17
18
17
18
17
19
11
220
24
24
24
18
18
18
18
18
18
18
18
19
11
220
24
24
24
18
19
18
19
18
19
18
19
19
11
220
24
24
24
18
20
18
20
18
20
18
20
19
11
220
24
24
24
18
21
18
21
18
21
18
21
19
11
220
24
24
24
18
22
18
22
18
22
18
22
19
11
220
24
24
24
18
23
18
23
18
23
18
23
19
11
220
24
24
24
18
24
18
24
18
24
18
24
19
11
220
24
24
24
19
15
19
15
19
15
19
15
20
11
220
24
24
24
19
16
19
16
19
16
19
16
20
11
220
24
24
24
19
17
19
17
19
17
19
17
20
11
220
24
24
24
19
18
19
18
19
18
19
18
20
11
220
24
24
24
19
19
19
19
19
19
19
19
20
11
220
24
24
24
19
20
19
20
19
20
19
20
20
11
220
24
24
24
19
21
19
21
19
21
19
21
20
11
220
24
24
24
19
22
19
22
19
22
19
22
20
11
220
24
24
24
19
23
19
23
19
23
19
23
20
11
220
24
24
24
19
24
19
24
19
24
19
24
20
11
220
24
24
24
20
15
20
15
20
15
20
15
21
11
220
24
24
24
20
16
20
16
20
16
20
16
21
11
220
24
24
24
20
17
20
17
20
17
20
17
21
11
220
24
24
24
20
18
20
18
20
18
20
18
21
11
220
24
24
24
20
19
20
19
20
19
20
19
21
11
220
24
24
24
20
20
20
20
20
20
20
20
21
11
220
24
24
24
20
21
20
21
20
21
20
21
21
11
220
24
24
24
20
22
20
22
20
22
20
22
21
11
220
24
24
24
20
23
20
23
20
23
20
23
21
11
220
24
24
24
20
24
20
24
20
24
20
24
21
11
220
24
24
24
21
15
21
15
21
15
21
15
22
11
220
24
24
24
21
16
21
16
21
16
21
16
22
11
220
24
24
24
21
17
21
17
21
17
21
17
22
11
220
24
24
24
21
18
21
18
21
18
21
18
22
11
220
24
24
24
21
19
21
19
21
19
21
19
22
11
220
24
24
24
21
20
21
20
21
20
21
20
22
11
220
24
24
24
21
21
21
21
21
21
21
21
22
11
220
24
24
24
21
22
21
22
21
22
21
22
22
11
220
24
24
24
21
23
21
23
21
23
21
23
22
11
220
24
24
24
21
24
21
24
21
24
21
24
22
11
220
24
24
24
22
15
22
15
22
15
22
15
23
11
220
24
24
24
22
16
22
16
22
16
22
16
23
11
220
24
24
24
22
17
22
17
22
17
22
17
23
11
220
24
24
24
22
18
22
18
22
18
22
18
23
11
220
24
24
24
22
19
22
19
22
19
22
19
23
11
220
24
24
24
22
20
22
20
22
20
22
20
23
11
220
24
24
24
22
21
22
21
22
21
22
21
23
11
220
24
24
24
22
22
22
22
22
22
22
22
23
11
220
24
24
24
22
23
22
23
22
23
22
23
23
11
220
24
24
24
22
24
22
24
22
24
22
24
23
11
220
24
24
24
23
15
23
15
23
15
23
15
24
11
220
24
24
24
23
16
23
16
23
16
23
16
24
11
220
24
24
24
23
17
23
17
23
17
23
17
24
11
220
24
24
24
23
18
23
18
23
18
23
18
24
11
220
24
24
24
23
19
23
19
23
19
23
19
24
11
220
24
24
24
23
20
23
20
23
20
23
20
24
11
220
24
24
24
23
21
23
21
23
21
23
21
24
11
220
24
24
24
23
22
23
22
23
22
23
22
24
11
220
24
24
24
23
23
23
23
23
23
23
23
24
11
220
24
24
24
23
24
23
24
23
24
23
24
24
11
220
24
24
24
24
15
24
15
24
15
24
16
15
11
220
24
24
24
24
16
24
16
24
16
24
17
15
11
220
24
24
24
24
17
24
17
24
17
24
18
15
11
220
24
24
24
24
18
24
18
24
18
24
19
15
11
220
24
24
24
24
19
24
19
24
19
24
20
15
11
220
24
24
24
24
20
24
20
24
20
24
21
15
11
220
24
24
24
24
21
24
21
24
21
24
22
15
11
220
24
24
24
24
22
24
22
24
22
24
23
15
11
220
24
24
24
24
23
24
23
24
23
24
24
15
11
220
16
15
15
15
15
15
15
15
15
15
15
15
15
2387
606
220
19
24
15
15
15
15
15
15
15
15
15
20
15
271
2
5272
1716
13741
3188
51757
788
1003
49546
8
310
1542
6813
13
198
71093
248046
198
248045
74455
198
248068
271
248069
271
21765
506
411
3377
11
353
1144
310
28377
2702
93451
948
11268
9861
440
16484
25
198
12
2332
1379
1510
74
63
9861
791
42304
198
12
1369
5234
1834
1902
381
60052
1866
1906
1834
303
279
6937
198
12
9019
42304
1902
381
60052
3555
42304
1834
478
1510
87
63
198
12
49313
49546
283
2542
314
318
66748
16271
471
1906
16271
8
364
1754
1906
303
279
6937
271
332
1536
68563
64700
8439
1906
27430
369
10300
11
413
567
8026
264
6937
314
23173
9861
318
72
1472
492
8
383
1834
1510
82
7561
279
93451
369
1510
82
348
318
73
17076
10
16
8
471
2542
18797
27430
957
486
73
2387
27653
1165
1318
310
28377
411
13
271
332
9992
51301
64700
6558
1510
9504
3681
60
63
283
7776
93451
364
11268
279
1118
1510
73
63
9861
318
15
20834
290
11
748
9861
220
15
310
492
12
16
553
271
2381
279
1483
6937
11
413
424
5435
9861
494
1510
72
63
310
1510
73
12
16
63
318
2777
1510
73
17076
36059
580
63
681
321
567
8026
1070
383
1834
1510
82
43143
198
12
1510
82
60052
1906
27430
3681
12
16
60
63
318
24028
381
1238
1483
1906
303
6937
8
198
12
1510
82
60052
3555
30024
468
16271
478
830
63
318
331
1017
557
264
3555
42304
8
271
760
8381
369
421
279
22113
42304
1834
13402
383
279
3555
42304
1834
13
6558
728
1683
20648
13
271
9764
1510
9504
3681
60
63
283
7776
2702
93451
364
1118
1510
73
63
9861
11
321
1048
3627
279
28689
3102
42304
1834
364
279
1483
6937
421
79744
411
7776
13
271
50821
11
1042
728
37781
13
1690
264
2574
6937
318
7667
585
310
492
12
16
681
279
22113
42304
1834
369
279
6966
314
25
198
16
13
1510
1310
27430
3681
12
16
60
63
318
1719
5362
1906
1834
303
279
6937
8
198
17
13
561
3555
42304
1834
478
830
271
4272
353
1144
310
1366
1092
42304
1834
557
1429
364
279
3555
6937
13
271
9764
728
6762
25
1510
9504
3681
60
63
283
13992
314
318
1030
788
1003
49546
11
1483
30024
16271
8
364
1118
492
9861
13
1921
567
1318
310
28377
93451
11
321
4082
5951
93451
11
10386
6575
1483
30024
16271
310
1236
424
8397
364
1727
43303
13
271
50821
11
364
264
8097
6937
1331
321
2234
11
279
1786
8024
369
25
198
12
25946
279
6937
430
3988
430
3102
310
28377
93451
3449
310
2070
6575
1727
56641
13
271
4272
364
264
6937
318
72
11
492
12
16
681
2574
421
279
3555
42304
557
383
1834
1510
9590
16271
63
318
269
471
77258
413
874
3555
681
279
22113
42304
1834
369
1510
2721
18797
27430
3681
12
16
1089
7624
16271
478
830
8
27653
271
9764
728
958
30715
1332
1510
9504
3681
60
63
10220
279
7776
93451
364
1118
492
9861
11
321
353
3172
28662
1472
3102
6937
11930
13
271
2381
1510
9504
3681
60
7561
353
1380
660
2610
6937
11930
1510
76
63
318
16
36059
295
36059
1262
5781
11
492
35497
198
12
561
6937
369
9861
1510
73
1395
63
310
1510
73
12
16
63
198
12
561
3555
1528
369
1510
9504
3681
1395
60
63
864
6486
93451
321
1483
8026
1834
198
12
561
491
8026
1834
283
1510
2721
18797
27430
3681
12
16
1089
7624
11847
30024
16271
478
830
44646
198
12
1478
93451
283
1510
9504
3681
1395
60
63
6
82
93451
478
1510
76
348
491
30024
16271
471
2542
18797
27430
3681
1395
486
73
12
16
2387
63
271
40
1144
310
3436
2107
279
93451
321
279
1483
8026
1834
364
1754
1528
13
20994
5134
440
1788
93451
11
353
10386
8882
1483
30024
16271
318
10957
424
579
2577
364
3725
553
271
13784
11
3404
364
264
2574
1510
73
7561
353
1318
279
7776
93451
13
1921
2086
12351
310
1510
73
63
2493
599
2086
1483
30024
27430
13
353
1220
3436
364
1754
1510
73
63
279
1786
318
1030
93451
11
321
4082
1782
11
1262
1483
30024
16271
553
271
9764
728
4072
411
25
271
71093
12305
198
1445
18904
1120
1697
1358
727
7776
51757
788
1003
49546
1393
25
514
11
580
25
514
11
830
25
514
11
1906
27430
25
1697
18078
2387
1411
514
25
198
262
653
4807
26808
8978
35195
364
3841
2542
314
1906
27430
957
486
73
60
198
262
8978
9858
283
498
15
60
348
318
77
478
220
16
8
198
262
364
585
303
2020
1393
1590
198
285
8978
9858
957
478
220
16
60
283
8978
9858
957
60
478
1906
27430
957
60
198
1031
262
653
11002
3681
60
283
318
1030
788
1003
49546
11
1483
30024
16271
8
364
1118
492
9861
198
262
653
5272
53064
364
2763
93451
198
262
33815
283
2153
482
13180
837
198
262
11002
788
1003
266
283
498
35205
60
348
318
77
478
220
16
8
198
262
11002
11847
30024
283
498
15
60
348
318
77
478
220
16
8
220
653
1483
8026
1834
1429
364
279
1483
6937
6987
262
11002
788
1003
266
58
15
60
283
220
15
198
262
11002
11847
30024
58
15
60
283
471
87
220
653
748
421
1118
8026
1834
369
1866
18797
27430
58
15
1089
471
87
478
830
8
283
1866
18797
27430
58
15
1089
220
15
8
198
262
653
32645
11
364
279
1118
42304
11
1017
579
874
3555
20908
11
748
567
628
1066
958
1906
27430
3681
12
16
60
198
262
653
6558
579
958
264
77991
25
364
11002
58
15
1089
1483
30024
283
471
77258
11
694
567
628
3579
424
33188
6987
262
653
22703
25
364
492
28
15
11
874
9861
26380
13
1690
279
1118
6937
11
7624
11847
30024
283
220
15
440
3175
11256
198
262
653
2441
25
716
11002
11847
30024
58
15
60
283
471
16
15
332
16
23
748
421
471
16
15
332
16
23
478
830
369
1990
1546
7968
6987
262
11002
11847
30024
58
15
60
283
471
16
15
332
16
23
220
653
13057
874
20908
6987
262
364
492
303
2020
7
16
11
307
478
220
16
1590
198
285
653
9446
660
2610
6937
11930
295
198
285
1866
697
283
1262
5781
11
492
8
198
285
364
295
303
2020
7
16
11
1866
697
478
220
16
1590
198
309
585
283
492
471
295
220
653
6937
8211
506
1857
585
318
15
20834
290
681
10029
506
492
12
16
198
309
7624
5206
283
585
220
653
3555
1528
369
11002
957
60
198
3265
309
413
11002
788
1003
266
58
9590
5206
60
606
33815
25
198
388
2962
18015
309
653
21902
279
22113
8026
1834
364
411
6937
198
309
7624
30024
283
11002
11847
30024
58
9590
5206
60
198
309
5362
7621
283
1906
27430
3681
471
220
16
60
198
309
8026
16271
283
1866
2257
13494
7621
11
7624
30024
478
830
8
198
3265
309
653
21902
93451
364
411
6937
198
309
6937
9858
283
8978
9858
3681
60
471
8978
9858
957
60
198
309
6937
788
1003
266
283
295
348
8026
16271
471
6937
9858
18015
309
2702
788
1003
266
283
11002
788
1003
266
58
9590
5206
60
478
6937
788
1003
266
18015
309
653
5376
11002
3681
60
198
309
413
2702
788
1003
266
361
11002
788
1003
266
3681
5491
198
388
11002
788
1003
266
3681
60
283
2702
788
1003
266
198
388
11002
11847
30024
3681
60
283
8026
16271
198
309
4265
2702
788
1003
266
606
11002
788
1003
266
3681
60
321
8026
16271
361
11002
11847
30024
3681
5491
198
388
653
24919
93451
694
6575
8026
1834
369
2577
364
3725
198
388
11002
11847
30024
3681
60
283
8026
16271
6987
262
460
11002
788
1003
266
7426
60
198
71093
271
9764
728
11319
1472
279
1118
3010
310
9845
25
198
12
307
28
20
11
580
28
17
11
830
28
18
11
1906
27430
5637
16
11
220
20
11
220
21
11
220
16
15
11
220
16
17
60
271
9504
58
15
60
283
318
15
11
471
16
15
61
16
23
8
271
73
28
16
25
295
28
16
11
585
28
15
198
220
7624
30024
283
471
16
15
61
16
23
11
5362
7621
283
220
16
198
220
8026
16271
283
1866
7
16
11
471
16
15
61
16
23
10
18
8
283
220
16
198
220
6937
788
1003
266
283
220
16
9
16
471
220
16
283
220
15
198
220
11002
58
16
60
283
318
15
11
220
16
8
271
73
28
17
25
295
28
16
11
585
28
16
198
220
7624
30024
283
220
16
11
5362
7621
283
220
20
198
220
8026
16271
283
1866
7
20
11
220
16
10
18
8
283
220
20
198
220
6937
788
1003
266
283
220
16
9
20
471
220
20
283
220
15
198
220
2702
283
220
15
478
220
15
283
220
15
11
11002
58
17
60
283
318
15
11
220
20
8
198
2228
220
295
28
17
11
585
28
15
198
220
7624
30024
283
471
16
15
61
16
23
11
5362
7621
283
220
20
198
220
8026
16271
283
1866
7
20
11
471
16
15
61
16
23
10
18
8
283
220
20
198
220
6937
788
1003
266
283
220
17
9
20
471
318
16
10
20
8
283
220
16
15
471
220
21
283
220
19
198
220
2702
283
220
15
478
220
19
283
220
19
11
524
2577
1056
220
15
271
73
28
18
25
295
28
16
11
585
28
17
198
220
7624
30024
283
220
20
11
5362
7621
283
220
21
198
220
8026
16271
283
1866
7
21
11
220
20
10
18
8
283
220
23
198
220
6937
788
1003
266
283
220
16
9
23
471
220
21
283
220
17
198
220
2702
283
220
15
478
220
17
283
220
17
11
11002
58
18
60
283
318
17
11
220
23
8
198
2228
220
295
28
17
11
585
28
16
198
220
7624
30024
283
220
16
11
5362
7621
283
220
21
198
220
8026
16271
283
1866
7
21
11
220
16
10
18
8
283
220
21
198
220
6937
788
1003
266
283
220
17
9
21
471
318
20
10
21
8
283
220
16
17
471
220
16
16
283
220
16
198
220
2702
283
220
15
478
220
16
283
220
16
11
2577
0
11002
58
18
60
283
318
16
11
220
21
8
271
73
28
19
25
295
28
16
11
585
28
18
198
220
7624
30024
283
220
21
11
5362
7621
283
220
16
15
198
220
8026
16271
283
1866
7
16
15
11
220
21
10
18
8
283
220
16
15
198
220
6937
788
1003
266
283
220
16
9
16
15
471
220
16
15
283
220
15
198
220
2702
283
220
16
478
220
15
283
220
16
11
11002
58
19
60
283
318
16
11
220
16
15
8
198
2228
220
295
28
17
11
585
28
17
198
220
7624
30024
283
220
20
11
5362
7621
283
220
16
15
198
220
8026
16271
283
1866
7
16
15
11
220
20
10
18
8
283
220
16
15
198
220
6937
788
1003
266
283
220
17
9
16
15
471
318
21
10
16
15
8
283
220
17
15
471
220
16
21
283
220
19
198
220
2702
283
220
15
478
220
19
283
220
19
11
524
2577
271
73
28
20
25
295
28
16
11
585
28
19
198
220
7624
30024
283
220
16
15
11
5362
7621
283
220
16
17
198
220
8026
16271
283
1866
7
16
17
11
220
16
15
10
18
8
283
220
16
18
198
220
6937
788
1003
266
283
220
16
9
16
18
471
220
16
17
283
220
16
198
220
2702
283
220
16
478
220
16
283
220
17
11
11002
58
20
60
283
318
17
11
220
16
18
8
198
2228
220
295
28
17
11
585
28
18
198
220
7624
30024
283
220
23
11
5362
7621
283
220
16
17
198
220
8026
16271
283
1866
7
16
17
11
220
23
10
18
8
283
220
16
17
198
220
6937
788
1003
266
283
220
17
9
16
17
471
318
16
15
10
16
17
8
283
220
17
19
471
220
17
17
283
220
17
198
220
2702
283
220
17
478
220
17
283
220
19
11
524
2577
271
15666
283
220
17
50615
271
71093
12305
198
1445
18904
1120
1697
1358
727
7776
51757
788
1003
49546
1393
25
514
11
580
25
514
11
830
25
514
11
1906
27430
25
1697
18078
2387
1411
514
25
198
262
653
4807
26808
8978
35195
364
3841
2542
314
1906
27430
957
486
73
60
198
262
8978
9858
283
498
15
60
348
318
77
478
220
16
8
198
262
364
585
303
2020
1393
1590
198
285
8978
9858
957
478
220
16
60
283
8978
9858
957
60
478
1906
27430
957
60
198
1031
262
653
11002
3681
60
283
318
1030
788
1003
49546
11
1483
30024
16271
8
364
1118
492
9861
198
262
33815
283
2153
482
13180
837
198
262
11002
788
1003
266
283
498
35205
60
348
318
77
478
220
16
8
198
262
11002
11847
30024
283
498
15
60
348
318
77
478
220
16
8
198
1031
262
11002
788
1003
266
58
15
60
283
220
15
198
262
11002
11847
30024
58
15
60
283
471
16
15
332
16
23
220
653
874
3555
20908
6987
262
364
492
303
2020
7
16
11
307
478
220
16
1590
198
285
1866
697
283
1262
5781
11
492
8
198
285
364
295
303
2020
7
16
11
1866
697
478
220
16
1590
198
309
585
283
492
471
295
220
653
6937
8211
506
1857
585
11
10029
506
492
12
16
198
309
7624
5206
283
585
18015
309
413
11002
788
1003
266
58
9590
5206
60
606
33815
25
198
388
2962
18015
309
7624
30024
283
11002
11847
30024
58
9590
5206
60
198
309
5362
7621
283
1906
27430
3681
471
220
16
60
198
309
8026
16271
283
1866
2257
13494
7621
11
7624
30024
478
830
8
198
3265
309
6937
9858
283
8978
9858
3681
60
471
8978
9858
957
60
198
309
6937
788
1003
266
283
295
348
8026
16271
471
6937
9858
18015
309
2702
788
1003
266
283
11002
788
1003
266
58
9590
5206
60
478
6937
788
1003
266
18015
309
413
2702
788
1003
266
361
11002
788
1003
266
3681
5491
198
388
11002
788
1003
266
3681
60
283
2702
788
1003
266
198
388
11002
11847
30024
3681
60
283
8026
16271
198
309
4265
2702
788
1003
266
606
11002
788
1003
266
3681
60
321
8026
16271
361
11002
11847
30024
3681
5491
198
388
11002
11847
30024
3681
60
283
8026
16271
6987
262
460
11002
788
1003
266
7426
60
198
71093
248046
198
248045
846
198
7525
3555
4621
4490
279
6813
13
5514
579
279
1412
25
198
220
2793
34397
10103
21
75
43
3122
24
18
75
6971
487
1500
220
16
15
20
198
262
21134
283
220
17
50615
198
2215
6108
198
32769
1401
25
8060
3542
359
169361
6
318
52
10
17
22
16
18
8
14200
1206
311
40138
11
411
369
678
3274
25
4310
279
2614
709
11618
321
4479
889
11
6999
4072
279
709
7246
321
1440
660
279
6813
13
2972
5683
4045
67305
3067
13209
50
159029
271
2523
1220
14623
279
1970
488
10490
303
264
64504
1970
2424
318
784
9609
31789
318
19458
668
31153
279
3889
5568
8
248046
198
248045
74455
198
248068
271
248069
271
71093
12305
198
1445
18904
1120
1697
1358
727
7776
51757
788
1003
49546
1393
25
514
11
580
25
514
11
830
25
514
11
1906
27430
25
1697
18078
2387
1411
514
25
198
262
653
4807
26808
8978
35195
364
3841
2542
314
1906
27430
957
486
73
60
198
262
8978
9858
283
498
15
60
348
318
77
478
220
16
8
198
262
364
585
303
2020
1393
1590
198
285
8978
9858
957
478
220
16
60
283
8978
9858
957
60
478
1906
27430
957
60
198
1031
262
653
11002
3681
60
283
318
1030
788
1003
49546
11
1483
30024
16271
8
364
1118
492
9861
198
262
33815
283
2153
482
13180
837
198
262
11002
788
1003
266
283
498
35205
60
348
318
77
478
220
16
8
198
262
11002
11847
30024
283
498
15
60
348
318
77
478
220
16
8
198
1031
262
11002
788
1003
266
58
15
60
283
220
15
198
262
11002
11847
30024
58
15
60
283
471
16
15
332
16
23
220
653
874
3555
20908
6987
262
364
492
303
2020
7
16
11
307
478
220
16
1590
198
285
1866
697
283
1262
5781
11
492
8
198
285
364
295
303
2020
7
16
11
1866
697
478
220
16
1590
198
309
585
283
492
471
295
220
653
6937
8211
506
1857
585
11
10029
506
492
12
16
198
309
7624
5206
283
585
18015
309
413
11002
788
1003
266
58
9590
5206
60
606
33815
25
198
388
2962
18015
309
7624
30024
283
11002
11847
30024
58
9590
5206
60
198
309
5362
7621
283
1906
27430
3681
471
220
16
60
198
309
8026
16271
283
1866
2257
13494
7621
11
7624
30024
478
830
8
198
3265
309
6937
9858
283
8978
9858
3681
60
471
8978
9858
957
60
198
309
6937
788
1003
266
283
295
348
8026
16271
471
6937
9858
18015
309
2702
788
1003
266
283
11002
788
1003
266
58
9590
5206
60
478
6937
788
1003
266
18015
309
413
2702
788
1003
266
361
11002
788
1003
266
3681
5491
198
388
11002
788
1003
266
3681
60
283
2702
788
1003
266
198
388
11002
11847
30024
3681
60
283
8026
16271
198
309
4265
2702
788
1003
266
606
11002
788
1003
266
3681
60
321
8026
16271
361
11002
11847
30024
3681
5491
198
388
11002
11847
30024
3681
60
283
8026
16271
6987
262
460
11002
788
1003
266
7426
60
198
71093
248046
198