248045
846
198
4274
279
2614
709
11618
321
4479
889
11
6999
4072
279
709
7246
321
1440
660
279
6813
13
2972
5683
4045
67305
3067
13209
50
159029
271
2523
1220
14623
279
1970
488
10490
303
264
64504
1970
2424
318
784
9609
31789
318
19458
668
31153
279
3889
5568
8
271
71093
198
1445
18904
1120
1697
11
11906
11
23846
1358
727
1423
3430
3650
9858
1393
25
514
11
830
25
514
11
264
25
1697
18078
2387
1411
11906
19723
5871
18078
11
514
11
514
4891
25
198
262
4071
15767
449
7308
8240
357
321
449
7308
1543
11
1423
799
22983
314
14505
318
72
11
492
11
580
8
198
262
1680
421
25
198
262
471
220
16
2564
585
361
492
361
580
2564
307
198
262
471
357
957
12
16
60
478
357
3681
12
16
60
478
357
6521
12
16
60
283
830
6987
262
6817
25
561
14505
5743
513
220
16
5792
318
85978
279
3377
4952
553
198
1031
262
17167
25
198
285
307
25
561
2984
314
279
8240
318
18
2564
307
2564
220
16
15
61
21
8
198
285
830
25
561
2100
2542
318
16
2564
830
2564
220
16
15
61
21
8
198
285
264
25
561
7308
8240
1332
1754
2315
65611
220
16
2564
264
957
60
2564
830
6987
262
5019
25
198
285
357
13992
318
72
11
492
11
580
8
314
220
16
5792
14505
413
1680
264
22983
6513
11
2168
5752
13
198
1031
262
11765
1423
3430
3650
9858
7
20
11
220
16
21
11
498
16
11
220
23
11
220
20
11
220
16
15
11
220
16
18
2387
198
262
318
16
11
220
18
11
220
19
8
198
262
11765
1423
3430
3650
9858
7
20
11
220
17
15
11
498
16
11
220
23
11
220
20
11
220
16
15
11
220
16
18
2387
198
262
2168
198
262
11765
1423
3430
3650
9858
7
18
11
220
21
11
498
17
11
220
17
11
220
17
2387
198
262
318
16
11
220
17
11
220
18
8
198
262
4071
271
727
1716
69574
1590
198
262
653
3284
1105
220
16
198
262
1992
8871
7
20
11
220
16
21
11
498
16
11
220
23
11
220
20
11
220
16
15
11
220
16
18
2387
606
318
16
11
220
18
11
220
19
8
198
1031
262
653
3284
1105
220
17
198
262
1992
8871
7
20
11
220
17
15
11
498
16
11
220
23
11
220
20
11
220
16
15
11
220
16
18
2387
369
2168
6987
262
653
3284
1105
220
18
198
262
1992
8871
7
16
15
11
220
16
15
15
15
15
15
11
498
22
18
22
21
21
11
220
19
22
22
16
23
11
220
22
19
16
19
23
11
220
19
24
17
16
23
11
220
22
21
22
17
16
11
220
18
16
24
15
17
11
220
17
16
24
24
19
11
220
16
23
23
23
15
11
220
17
24
20
24
23
11
220
24
23
24
16
22
2387
606
318
19
11
220
21
11
220
23
8
198
1031
262
653
3284
1105
220
19
198
262
1992
8871
7
16
15
11
220
19
23
11
498
16
16
11
220
17
23
11
220
16
21
11
220
21
11
220
18
19
11
220
16
11
220
19
21
11
220
16
11
220
16
20
11
220
17
2387
606
318
21
11
220
22
11
220
23
8
198
1031
262
653
3284
1105
220
20
198
262
1992
8871
7
18
11
220
20
11
498
16
11
220
17
11
220
18
2387
369
2168
6987
262
653
3284
1105
220
21
198
262
1992
8871
7
20
11
220
16
17
11
498
16
16
11
220
16
16
11
220
16
15
11
220
16
17
11
220
16
16
2387
369
2168
6987
262
653
3284
1105
220
22
198
262
1992
8871
7
22
11
220
19
11
498
17
11
220
18
11
220
19
11
220
17
11
220
17
11
220
17
11
220
19
2387
369
2168
6987
262
653
3284
1105
220
23
198
262
1992
8871
7
18
11
220
21
11
498
17
11
220
17
11
220
17
2387
606
318
16
11
220
17
11
220
18
8
198
1031
262
653
3284
1105
220
24
198
262
1992
8871
7
22
11
220
21
11
498
16
11
220
17
11
220
18
11
220
19
11
220
19
11
220
19
11
220
19
2387
606
318
16
11
220
17
11
220
18
8
198
1031
262
653
3284
1105
220
16
15
198
262
1992
8871
7
20
11
220
17
11
498
17
11
220
17
11
220
17
11
220
17
11
220
17
2387
369
2168
6987
262
653
3284
1105
220
16
16
198
262
1992
8871
7
21
11
220
18
11
498
16
11
220
16
11
220
16
11
220
16
11
220
16
11
220
16
2387
606
318
16
11
220
17
11
220
18
8
198
1031
262
653
3284
1105
220
16
17
198
262
1067
283
8871
7
16
15
11
220
17
16
11
498
17
16
11
220
16
24
11
220
17
15
11
220
16
24
11
220
17
15
11
220
17
16
11
220
16
24
11
220
17
16
11
220
16
24
11
220
16
24
2387
198
262
1992
1067
369
2168
6987
262
653
3284
1105
220
16
18
198
262
1992
8871
7
18
11
220
16
18
11
498
16
17
11
220
16
16
11
220
16
17
2387
369
2168
6987
262
653
3284
1105
220
16
19
198
262
1992
8871
7
20
11
220
17
16
11
498
16
20
11
220
16
11
220
16
24
11
220
16
19
11
220
16
2387
606
318
17
11
220
18
11
220
20
8
198
1031
262
653
3284
1105
220
16
20
198
262
1992
8871
7
21
11
220
18
17
11
498
16
11
220
16
22
11
220
16
11
220
18
15
11
220
16
17
11
220
16
15
2387
606
318
16
11
220
18
11
220
19
8
198
1031
262
653
3284
1105
220
16
21
198
262
1992
8871
7
18
11
220
19
19
11
498
16
11
220
16
11
220
19
17
2387
606
318
16
11
220
17
11
220
18
8
198
1031
262
653
3284
1105
220
16
22
198
262
1992
8871
7
20
11
220
17
24
11
498
17
11
220
16
11
220
17
22
11
220
16
11
220
17
20
2387
606
318
17
11
220
18
11
220
19
8
198
1031
262
653
3284
1105
220
16
23
198
262
1992
8871
7
23
11
220
16
20
11
498
16
18
11
220
16
17
11
220
16
15
11
220
16
16
11
220
16
19
11
220
16
11
220
16
11
220
16
18
2387
606
318
16
11
220
21
11
220
22
8
198
1031
262
653
3284
1105
220
16
24
198
262
1992
8871
7
22
11
220
19
11
498
18
11
220
16
11
220
17
11
220
19
11
220
17
11
220
16
11
220
16
2387
606
318
17
11
220
18
11
220
21
8
198
1031
262
653
3284
1105
220
17
15
198
262
1992
8871
7
22
11
220
16
21
11
498
16
20
11
220
16
21
11
220
16
21
11
220
16
20
11
220
16
21
11
220
16
19
11
220
16
20
2387
369
2168
271
2
5272
1716
32821
3430
3650
9858
8
310
1542
6813
13
198
71093
248046
198
248045
74455
198
248068
271
248069
271
71093
12305
198
1445
18904
1120
1697
11
11906
11
23846
1358
727
1423
3430
3650
9858
1393
25
514
11
830
25
514
11
264
25
1697
18078
2387
1411
11906
19723
5871
18078
11
514
11
514
4891
25
198
262
4071
15767
449
7308
8240
357
321
449
7308
1543
11
1423
799
22983
314
14505
318
72
11
492
11
580
8
198
262
1680
421
25
198
262
471
220
16
2564
585
361
492
361
580
2564
307
198
262
471
357
957
12
16
60
478
357
3681
12
16
60
478
357
6521
12
16
60
283
830
6987
262
6817
25
561
14505
5743
513
220
16
5792
318
85978
279
3377
4952
553
198
1031
262
17167
25
198
285
307
25
561
2984
314
279
8240
318
18
2564
307
2564
220
16
15
61
21
8
198
285
830
25
561
2100
2542
318
16
2564
830
2564
220
16
15
61
21
8
198
285
264
25
561
7308
8240
1332
1754
2315
65611
220
16
2564
264
957
60
2564
830
6987
262
5019
25
198
285
357
13992
318
72
11
492
11
580
8
314
220
16
5792
14505
413
1680
264
22983
6513
11
2168
5752
13
198
1031
262
11765
1423
3430
3650
9858
7
20
11
220
16
21
11
498
16
11
220
23
11
220
20
11
220
16
15
11
220
16
18
2387
198
262
318
16
11
220
18
11
220
19
8
198
262
11765
1423
3430
3650
9858
7
20
11
220
17
15
11
498
16
11
220
23
11
220
20
11
220
16
15
11
220
16
18
2387
198
262
2168
198
262
11765
1423
3430
3650
9858
7
18
11
220
21
11
498
17
11
220
17
11
220
17
2387
198
262
318
16
11
220
17
11
220
18
8
198
262
4071
198
262
653
1690
2526
307
11
958
264
61934
77291
5313
198
262
653
1690
3349
307
11
567
628
958
264
777
10727
5313
6987
262
653
8439
307
628
381
685
310
220
16
15
61
21
11
567
1144
449
10727
5313
13
198
262
653
4213
11
279
16484
1910
220
16
2564
264
957
60
2564
830
11
748
567
628
958
264
11304
78249
286
5313
13
198
1031
262
653
51301
25
1690
1754
6505
318
72
11
492
681
1716
413
1017
6513
580
835
492
1680
421
264
6521
60
283
830
471
264
957
60
471
264
3681
906
198
262
653
1921
421
579
496
1393
61
17
8
864
2493
381
2166
6103
364
307
283
220
16
15
61
21
13
198
1031
262
653
39752
25
8439
264
957
60
2663
513
303
2020
498
16
11
830
1089
567
628
829
26808
364
1754
869
343
11
198
262
653
279
1103
314
14505
1332
264
5733
60
283
343
13
4844
364
1754
6505
318
72
11
492
681
567
1716
413
279
4221
198
262
653
869
343
283
830
471
264
957
60
471
264
3681
60
369
303
2020
498
16
11
830
60
321
413
1017
579
449
1857
580
835
492
303
279
1103
364
343
13
198
1031
262
653
1921
84228
888
660
13139
318
72
11
492
8
369
1990
496
1393
61
17
553
198
1031
262
653
6558
579
1683
20648
13
8439
830
2564
220
16
15
61
21
11
567
628
28662
888
3102
2663
13
198
262
653
32645
11
1042
579
1066
635
264
4145
496
1393
61
17
8
440
3988
33265
11
15193
421
6813
513
2526
3213
13
198
262
653
15767
279
1228
4886
11
307
4816
2526
318
446
310
220
16
15
553
1987
496
1393
61
17
8
466
1442
496
1393
61
18
8
369
6699
13
198
1031
262
653
6558
579
635
496
1393
61
17
8
5313
25
198
262
653
1690
1754
585
494
220
15
310
307
12
17
25
198
262
653
256
1690
1754
492
494
585
10
16
310
307
12
16
25
198
262
653
257
4221
283
830
471
264
957
60
471
264
3681
60
198
262
653
257
1368
4221
369
303
2020
498
16
11
830
60
321
4221
606
264
6521
60
364
1010
580
835
492
25
198
262
653
950
460
318
72
10
16
11
492
10
16
11
580
10
16
8
198
1031
262
653
1946
4478
685
11
567
628
829
26808
364
1754
2234
492
11
264
716
314
2663
421
4833
506
9599
835
492
13
198
262
653
1921
421
579
6150
13
1690
279
2574
1228
11930
11
4145
496
1393
61
17
8
440
264
716
18054
1220
944
13
198
1031
262
653
6558
579
829
26808
19900
7062
25
364
1754
492
11
279
716
314
2663
264
6521
60
364
580
835
492
13
198
262
653
32645
11
567
628
635
424
383
279
11137
466
829
26808
13
198
1031
262
653
1690
37685
321
2574
279
2526
1228
11930
11
1042
579
635
264
29350
5313
13
198
1031
262
653
4807
26808
25
364
1754
1857
492
11
599
264
716
314
2663
421
4833
506
14505
835
492
13
198
262
653
1921
4599
660
19900
7062
369
496
1393
348
830
8
466
496
1393
61
17
8
303
11447
1105
13
198
1031
262
653
6558
579
1066
635
279
1923
6136
321
364
1754
318
72
11
492
681
8307
580
835
492
13
198
262
653
66753
1105
496
1393
61
18
8
694
307
303
6813
369
2526
13
198
1031
262
653
32645
11
1042
728
1716
25
1228
1105
220
18
682
307
28
16
15
13
1942
6813
599
307
2564
220
16
15
466
748
13
198
262
653
1987
496
1393
61
18
8
369
12116
6699
13
198
1031
262
364
585
303
2020
1393
1590
198
285
364
492
303
2020
1889
478
220
16
11
307
1590
198
309
4221
283
830
471
264
957
60
471
264
3681
60
198
309
413
4221
361
220
16
466
4221
835
830
25
198
388
2962
198
309
364
580
303
2020
3216
478
220
16
11
307
1590
198
388
413
264
6521
60
606
4221
25
198
493
460
318
72
478
220
16
11
492
478
220
16
11
580
478
220
16
8
198
1031
262
460
2168
198
71093
248046
198