248045
846
198
4274
279
2614
709
11618
321
4479
889
11
6999
4072
279
709
7246
321
1440
660
279
6813
13
2972
5683
4045
67305
3067
13209
50
159029
271
2523
1220
14623
279
1970
488
10490
303
264
64504
1970
2424
318
784
9609
31789
318
19458
668
31153
279
3889
5568
8
271
71093
198
727
1698
43292
32388
1393
25
514
11
580
25
514
11
274
25
592
8
1411
514
25
198
262
4071
15767
264
886
274
314
2984
307
29607
314
5587
359
32
504
359
33
504
321
30049
504
198
262
321
264
6572
7308
580
11
1698
279
1324
314
5337
310
8032
1754
71018
440
198
262
2892
359
32
6
466
359
33
6
1680
421
279
12571
886
682
874
10537
474
433
291
37172
198
262
314
2984
580
13
198
1031
262
357
886
369
6306
328
17981
1
413
874
64258
37172
314
2984
580
369
264
70613
13
198
262
3301
279
1698
57844
220
24
24
23
17
19
19
18
20
18
13
198
1031
262
17167
25
198
285
307
25
561
2984
314
279
886
318
17
2564
580
2564
307
2564
220
16
15
15
15
8
198
285
580
25
561
2984
314
15305
793
310
1716
364
10537
474
433
287
318
74
2564
220
16
15
8
198
285
274
25
357
886
314
2984
307
29607
314
359
32
504
359
33
504
321
71018
198
1031
262
5019
25
198
285
561
1324
314
1603
8796
57844
220
24
24
23
17
19
19
18
20
18
6987
262
11765
1698
43292
32388
7
22
11
220
19
11
359
1803
30
32
30
6844
837
198
262
220
16
198
262
11765
1698
43292
32388
7
19
15
11
220
22
11
359
25758
25758
25758
25758
25758
25758
25758
25758
25758
25758
837
198
262
220
16
16
21
17
24
20
19
18
21
198
262
11765
1698
43292
32388
7
16
20
11
220
20
11
359
1803
54656
25758
25758
7403
837
198
262
220
15
198
262
4071
271
727
1716
69574
1590
198
262
653
3284
4886
494
279
3377
198
262
1992
8871
7
22
11
220
19
11
359
1803
30
32
30
6844
837
606
220
16
198
262
1992
8871
7
19
15
11
220
22
11
359
25758
25758
25758
25758
25758
25758
25758
25758
25758
25758
837
606
220
16
16
21
17
24
20
19
18
21
198
262
1992
8871
7
16
20
11
220
20
11
359
1803
54656
25758
25758
7403
837
606
220
15
198
262
1992
8871
7
19
15
11
220
23
11
30049
32
30
33
7403
33
30
33
30
5840
30
32
30
33
7403
33
30
32
31921
33
30
9798
30
33
31921
6844
7403
33
5840
837
606
220
17
20
24
17
19
15
6987
262
653
22484
1228
4886
198
262
1992
8871
7
16
15
15
15
11
220
16
15
11
71018
348
220
16
15
15
15
8
606
220
18
18
24
24
24
23
21
16
23
198
262
1992
8871
7
16
15
15
15
11
220
24
11
359
33
6
348
220
16
15
478
359
32
6
348
220
19
478
359
33
6
348
220
18
478
359
32
6
348
220
23
478
359
33
6
478
359
32
6
348
220
20
478
359
33
6
348
220
18
478
359
32
6
478
359
33
6
348
220
19
478
359
32
6
478
359
33
6
348
220
18
478
359
32
6
478
359
33
6
348
220
17
478
359
32
6
478
359
33
6
348
220
16
18
478
359
32
6
478
359
33
6
348
220
16
19
478
359
32
6
348
220
17
478
359
33
6
348
220
17
478
359
32
6
478
359
33
6
348
220
17
478
359
32
6
348
220
17
478
359
33
6
348
220
16
18
478
359
32
6
348
220
17
478
359
33
6
348
220
17
478
359
32
6
348
220
17
478
359
33
6
348
220
16
20
478
359
32
6
348
220
17
478
359
33
6
348
220
17
478
359
32
6
478
359
33
6
348
220
18
478
359
32
6
478
359
33
6
348
220
16
22
478
359
32
6
478
359
33
6
348
220
24
478
359
32
6
478
359
33
6
348
220
19
478
359
32
6
478
359
33
6
348
220
16
16
478
359
32
6
478
359
33
6
348
220
18
478
359
32
6
478
359
33
6
348
220
16
19
478
359
32
6
478
359
33
6
348
220
19
478
359
32
6
478
359
33
6
348
220
24
478
359
32
6
478
359
33
6
348
220
16
23
478
359
32
6
478
359
33
6
348
220
17
21
478
359
32
6
348
220
17
478
359
33
6
348
220
16
16
478
359
32
6
478
359
33
6
348
220
21
478
359
32
6
478
359
33
6
348
220
19
478
359
32
6
478
359
33
6
348
220
17
21
478
359
32
6
348
220
17
478
359
33
6
348
220
21
20
478
359
32
6
478
359
33
6
348
220
17
478
359
32
6
478
359
33
6
348
220
19
478
359
32
6
478
359
33
6
478
359
32
6
478
359
33
6
348
220
17
478
359
32
6
478
359
33
6
348
220
17
478
359
32
6
478
359
33
6
348
220
17
23
478
359
32
6
478
359
33
6
348
220
16
18
478
359
32
6
478
359
33
6
348
220
16
24
478
359
32
6
478
359
33
6
348
220
16
20
478
359
32
6
478
359
33
6
348
220
21
478
359
32
6
478
359
33
6
478
359
32
6
478
359
33
6
348
220
18
478
359
32
6
478
359
33
6
348
220
16
23
478
359
32
6
348
220
17
478
359
33
6
478
359
32
6
478
359
33
6
348
220
17
478
359
32
6
478
359
33
6
348
220
16
23
478
359
32
6
478
359
33
6
348
220
16
19
478
359
32
6
348
220
17
478
359
33
6
348
220
18
478
359
32
6
478
359
33
6
348
220
17
478
359
32
6
348
220
17
478
359
33
6
348
220
16
15
478
359
32
6
478
359
33
6
348
220
18
478
359
32
6
348
220
20
478
359
33
6
478
359
32
6
478
359
33
6
348
220
18
478
359
32
6
478
359
33
6
348
220
24
478
359
32
6
478
359
33
6
348
220
18
15
478
359
32
6
478
359
33
6
348
220
18
20
478
359
32
6
478
359
33
6
348
220
16
17
478
359
32
6
478
359
33
6
348
220
17
478
359
32
6
348
220
17
478
359
33
6
478
359
32
6
348
220
17
478
359
33
6
348
220
16
24
478
359
32
6
478
359
33
6
348
220
20
478
359
32
6
348
220
17
478
359
33
6
478
359
32
6
478
359
33
6
348
220
17
19
478
359
32
6
348
220
17
478
359
33
6
478
359
32
6
478
359
33
6
348
220
17
478
359
32
6
478
359
33
6
348
220
17
23
478
359
32
6
478
359
33
6
348
220
17
15
478
359
32
6
478
359
33
6
348
220
17
18
478
359
32
6
478
359
33
6
348
220
18
16
478
359
32
6
478
359
33
6
348
220
24
478
359
32
6
478
359
33
6
348
220
16
21
478
359
32
6
478
359
33
6
348
220
17
18
478
359
32
6
478
359
33
6
348
220
17
19
478
359
32
6
478
359
33
6
348
220
17
16
478
359
32
6
478
359
33
6
348
220
16
21
478
359
32
6
478
359
33
6
348
220
22
478
359
32
6
478
359
33
6
478
359
32
6
478
359
33
6
348
220
17
478
359
32
6
478
359
33
6
348
220
20
478
359
32
6
478
359
33
6
348
220
23
8
606
220
15
198
262
1992
8871
7
16
15
15
15
11
220
17
11
71018
348
220
21
478
359
32
6
478
71018
348
220
22
478
359
32
6
348
220
19
478
71018
348
220
19
478
359
32
6
478
71018
348
220
17
478
359
32
6
478
71018
478
359
32
6
478
71018
348
220
20
478
359
32
6
478
71018
348
220
22
478
359
32
6
348
220
17
478
71018
348
220
23
478
359
32
6
478
71018
478
359
32
6
348
220
17
478
71018
348
220
17
478
359
32
6
478
71018
348
220
16
15
478
359
32
6
478
71018
348
220
17
478
359
32
6
478
71018
348
220
17
478
359
32
6
478
71018
348
220
18
478
359
32
6
478
71018
348
220
17
478
359
32
6
478
71018
478
359
32
6
478
71018
348
220
19
478
359
32
6
478
71018
348
220
23
478
359
32
6
478
71018
478
359
32
6
478
71018
478
359
32
6
478
71018
348
220
20
478
359
32
6
478
71018
348
220
18
478
359
32
6
478
71018
348
220
16
16
478
359
32
6
478
71018
348
220
20
478
359
32
6
478
71018
348
220
23
478
359
32
6
478
71018
348
220
20
478
359
32
6
478
71018
478
359
32
6
478
71018
348
220
20
478
359
32
6
478
71018
348
220
16
15
478
359
32
6
348
220
17
478
71018
478
359
32
6
478
71018
348
220
23
478
359
32
6
478
71018
348
220
17
478
359
32
6
478
71018
348
220
18
478
359
32
6
478
71018
348
220
17
478
359
32
6
478
71018
478
359
32
6
348
220
17
478
71018
348
220
18
478
359
32
6
478
71018
348
220
17
478
359
32
6
478
71018
348
220
18
478
359
32
6
478
71018
348
220
17
478
359
32
6
478
71018
348
220
19
478
359
32
6
478
71018
348
220
22
478
359
32
6
478
71018
348
220
18
478
359
32
6
478
71018
348
220
24
478
359
32
6
478
71018
348
220
21
478
359
32
6
478
71018
478
359
32
6
348
220
18
478
71018
348
220
17
478
359
32
6
478
71018
348
220
18
478
359
32
6
478
71018
348
220
19
478
359
32
6
478
71018
348
220
16
17
478
359
32
6
478
71018
478
359
32
6
478
71018
348
220
23
478
359
32
6
478
71018
348
220
22
478
359
32
6
348
220
17
478
71018
348
220
20
478
359
32
6
478
71018
478
359
32
6
478
71018
348
220
17
478
359
32
6
478
71018
348
220
21
478
359
32
6
478
71018
348
220
16
20
478
359
32
6
478
71018
348
220
17
478
359
32
6
478
71018
348
220
19
478
359
32
6
478
71018
348
220
19
478
359
32
6
348
220
17
478
71018
478
359
32
6
478
71018
348
220
18
478
359
32
6
478
71018
478
359
32
6
478
71018
348
220
24
478
359
32
6
478
71018
478
359
32
6
478
71018
348
220
20
478
359
32
6
478
71018
348
220
16
24
478
359
32
6
478
71018
348
220
20
478
359
32
6
478
71018
348
220
17
478
359
32
6
478
71018
478
359
32
6
348
220
17
478
71018
348
220
21
478
359
32
6
478
71018
348
220
17
478
359
32
6
478
71018
348
220
21
478
359
32
6
478
71018
348
220
20
478
359
32
6
478
71018
348
220
17
478
359
32
6
348
220
17
478
71018
348
220
23
478
359
32
6
478
71018
478
359
32
6
478
71018
478
359
32
6
478
71018
348
220
16
17
478
359
32
6
348
220
17
478
71018
478
359
32
6
478
71018
348
220
20
478
359
32
6
478
71018
348
220
20
478
359
32
6
478
71018
478
359
32
6
348
220
17
478
71018
348
220
19
478
359
32
6
478
71018
348
220
24
478
359
32
6
478
71018
478
359
32
6
478
71018
348
220
16
17
478
359
32
6
348
220
17
478
71018
478
359
32
6
478
71018
348
220
16
17
478
359
32
6
348
220
17
478
71018
348
220
20
478
359
32
6
478
71018
348
220
17
478
359
32
6
348
220
17
478
71018
478
359
32
6
478
71018
478
359
32
6
478
71018
348
220
21
478
359
32
6
348
220
18
478
71018
478
359
32
6
478
71018
348
220
18
478
359
32
6
478
71018
478
359
32
6
478
71018
348
220
24
478
359
32
6
478
71018
348
220
18
478
359
32
6
478
71018
478
359
32
6
478
71018
348
220
18
478
359
32
6
348
220
17
478
71018
478
359
32
6
348
220
17
478
71018
478
359
32
6
478
71018
478
359
32
6
478
71018
478
359
32
6
478
71018
348
220
20
478
359
32
6
478
71018
478
359
32
6
478
71018
348
220
18
478
359
32
6
478
71018
348
220
18
478
359
32
6
478
71018
348
220
17
478
359
32
6
478
71018
478
359
32
6
478
71018
348
220
16
16
478
359
32
6
348
220
17
478
71018
348
220
23
478
359
32
6
478
71018
348
220
17
478
359
32
6
478
71018
348
220
22
478
359
32
6
478
71018
348
220
18
478
359
32
6
478
71018
348
220
19
478
359
32
6
478
71018
478
359
32
6
478
71018
348
220
22
478
359
32
6
348
220
18
478
71018
348
220
19
478
359
32
6
478
71018
478
359
32
6
478
71018
348
220
17
478
359
32
6
478
71018
348
220
22
478
359
32
6
478
71018
478
359
32
6
478
71018
348
220
23
478
359
32
6
478
71018
348
220
17
478
359
32
6
348
220
17
478
71018
348
220
17
478
359
32
6
478
71018
348
220
18
478
359
32
6
478
71018
348
220
18
478
359
32
6
478
71018
348
220
16
16
478
359
32
6
478
71018
348
220
17
478
359
32
6
348
220
17
478
71018
478
359
32
6
478
71018
348
220
18
478
359
32
6
478
71018
348
220
24
478
359
32
6
478
71018
348
220
22
478
359
32
6
348
220
19
478
71018
348
220
20
478
359
32
6
478
71018
348
220
19
478
359
32
6
478
71018
348
220
21
478
359
32
6
478
71018
348
220
17
478
359
32
6
478
71018
348
220
20
478
359
32
6
348
220
18
478
71018
348
220
24
478
359
32
6
478
71018
348
220
18
478
359
32
6
478
30049
837
606
220
15
198
262
1992
8871
7
16
15
15
15
11
220
23
11
359
32
6
348
220
16
15
15
15
8
606
220
15
198
262
1992
8871
7
16
15
15
15
11
220
16
15
11
71018
348
220
16
15
15
15
8
606
220
18
18
24
24
24
23
21
16
23
198
262
1992
8871
7
16
15
15
15
11
220
16
15
11
71018
348
220
16
15
15
15
8
606
220
18
18
24
24
24
23
21
16
23
198
262
1992
8871
7
16
15
15
15
11
220
23
11
359
33
6
348
220
16
15
15
15
8
606
220
15
198
262
1992
8871
7
20
11
220
20
11
359
5840
30
6844
837
606
220
17
198
262
1992
8871
7
16
15
15
15
11
220
18
11
359
9798
30
33
7403
33
30
9798
33
30
9798
7403
33
7403
9798
31921
9798
25758
31921
33
7403
33
30
33
7403
33
7403
9798
33
30
33
30
9798
25758
33
7403
33
30
33
30
33
30
9798
30
33
25758
30
70944
30
33
31921
9798
25758
30
9798
33
25758
33
25758
33
30
9798
33
30
33
31921
33
25758
33
30
33
31921
33
30
33
31921
33
30
9798
30
9798
30
9798
25758
9798
33
30
33
7403
33
31921
9798
25758
9798
7403
9798
33
25758
7403
70944
30
9798
30
33
25758
9798
30
33
30
9798
33
30
9798
33
7403
9798
30
70944
33
30
9798
30
9798
30
9798
25758
7403
33
30
33
7403
9798
30
9798
33
30
33
7403
33
30
33
31921
33
25758
33
31921
33
30
33
30
70944
33
7403
70944
33
31921
9798
33
7403
33
25758
7403
33
7403
33
30
9798
30
33
30
33
25758
33
30
9798
30
9798
30
33
25758
30
9798
33
7403
9798
33
30
70944
7403
33
25758
9798
33
30
9798
33
25758
33
30
33
25758
9798
7403
9798
33
25758
70944
9798
7403
33
25758
9798
33
7403
9798
33
31921
70944
33
30
9798
33
7403
70944
9798
7403
33
30
9798
7403
33
7403
33
30
33
30
9798
30
33
7403
33
31921
33
30
9798
33
7403
9798
30
9798
25758
9798
33
31921
9798
30
33
30
33
31921
33
7403
33
31921
33
30
9798
33
30
9798
33
30
33
30
70944
30
9798
7403
9798
33
31921
9798
7403
9798
33
31921
33
25758
7403
33
31921
9798
33
25758
30
70944
30
9798
31921
9798
25758
30
70944
7403
9798
33
7403
33
7403
33
7403
33
30
9798
31921
33
7403
33
31921
33
31921
33
7403
33
7403
9798
7403
33
30
9798
30
9798
30
9798
33
30
9798
33
7403
33
31921
33
7403
9798
33
30
9798
30
33
7403
33
30
33
30
70944
33
31921
70944
7403
9798
30
9798
7403
9798
31921
33
30
33
31921
33
7403
9798
30
9798
33
31921
9798
7403
33
31921
33
7403
33
7403
33
30
9798
33
30
33
7403
33
7403
9798
7403
9798
33
31921
33
30
33
30
9798
7403
9798
7403
9798
33
30
9798
30
9798
33
30
9798
30
33
7403
9798
30
9798
30
9798
30
9798
30
9798
31921
70944
33
30
70944
30
33
31921
70944
70944
7403
33
30
33
31921
9798
25758
9798
30
70944
7403
33
25758
70944
9798
7403
9798
7403
33
30
33
7403
9798
25758
33
31921
9798
33
7403
70944
9798
33
30
70944
30
70944
7403
9798
7403
33
30
33
7403
9798
33
7403
33
30
33
30
9798
31921
9798
33
30
33
30
9798
33
7403
9798
30
9798
25758
30
9798
30
9798
31921
70944
7403
9798
31921
33
7403
33
30
9798
30
9798
30
33
30
70944
30
33
30
33
30
33
30
33
7403
9798
30
33
7403
70944
30
33
31921
33
30
33
7403
33
30
9798
30
9798
25758
33
30
9798
30
33
30
33
30
9798
7403
9798
7403
33
30
70944
9798
33
30
9798
837
606
220
15
271
2
5272
1716
11181
43292
32388
8
310
1542
6813
13
198
71093
248046
198
248045
74455
198
248068
271
248069
271
21765
506
411
3377
11
353
1144
310
25
271
16
13
4356
5337
310
8032
71018
440
359
32
6
466
359
33
6
1680
421
874
37172
314
2984
1510
74
63
369
264
70613
198
17
13
357
70613
314
2984
1510
74
63
3254
364
660
1510
72
63
494
220
15
310
1510
74
12
16
7561
1510
82
957
60
606
274
6521
12
16
17076
60
63
198
18
13
1165
1144
449
10727
30715
2394
307
628
381
685
310
220
16
15
15
15
321
580
685
310
220
16
15
271
1536
19407
25
8439
580
36059
220
16
15
11
279
1528
3433
369
67657
13
357
70613
314
2984
580
369
10521
539
279
1118
2765
234
230
74
14
17
158
234
231
5587
318
429
279
5956
413
580
369
10016
553
1987
567
1132
1144
310
3627
279
1483
318
74
12
16
8
5587
310
1716
413
7594
264
491
3542
11121
264
70613
314
2984
580
13
271
9764
728
1683
883
279
30715
1528
25
198
12
1165
1817
279
886
2047
310
1245
198
12
2332
2234
1510
72
7561
567
1144
310
1366
279
1483
1510
74
12
16
63
5587
310
1716
413
279
37172
13004
506
1510
72
63
318
1020
2984
580
8
369
264
70613
198
12
3130
25
279
1483
1510
74
12
16
63
5587
318
7949
628
381
359
32
504
359
33
504
466
30049
837
271
13784
11
694
567
2224
24101
71018
440
359
32
6
466
359
33
504
748
2957
567
1236
264
5576
11
1782
9599
3512
8097
13
561
1528
1220
381
279
4880
5587
11543
364
279
1483
1510
74
12
16
63
9599
13
271
50821
11
1042
728
37781
13
561
1528
3749
310
11969
279
1483
1510
74
12
16
63
5587
430
781
513
318
10378
13329
553
8439
1754
628
381
359
32
6
466
359
33
504
1017
513
220
17
12883
74
12
16
8
3102
5134
13
2985
580
36059
220
16
16
318
10957
580
36059
220
16
15
11
748
580
12
16
36059
220
24
681
421
579
506
1379
220
20
16
17
5134
13
271
9992
5313
25
198
12
1510
9504
957
1404
2374
60
63
283
1324
314
5337
310
4990
9599
220
15
486
72
12
16
1680
421
279
1483
318
74
12
16
8
5587
1304
279
5215
14807
539
1510
2374
7561
321
874
70613
314
2984
580
682
978
13717
748
2944
198
12
1510
2374
63
3107
2458
279
1483
1262
1889
11
580
12
16
8
5587
430
264
7620
1324
318
32
28
15
11
417
28
16
8
271
4350
567
884
264
491
3542
506
2234
585
25
198
12
1165
1304
264
491
1528
494
279
2235
1528
321
279
491
3542
198
12
1165
1716
413
279
1483
580
5587
318
7949
513
1381
303
279
491
1528
11
413
567
599
506
3140
580
5587
8
1304
264
70613
198
12
1368
781
635
11
567
1459
914
884
411
8869
271
9764
728
1970
411
25
271
71093
12305
198
727
1698
43292
32388
1393
25
514
11
580
25
514
11
274
25
592
8
1411
514
25
198
262
18107
283
220
24
24
23
17
19
19
18
20
18
6987
262
653
1165
1144
310
3627
279
1483
318
74
12
16
8
5587
198
262
653
3130
25
7308
13661
1483
318
74
12
16
8
22283
11
357
28
15
11
417
28
16
198
262
653
1368
567
599
16253
1056
318
74
12
16
8
22283
11
567
10694
440
264
3175
869
198
262
653
32645
11
1042
579
958
264
2086
5313
25
3627
279
1483
1262
1889
11
580
12
16
8
22283
6987
262
653
22703
25
958
1528
430
279
1483
318
74
12
16
8
5587
11
694
364
9599
361
580
12
16
11
198
262
653
567
1132
3627
1092
567
599
13
6558
579
958
264
8097
6948
1528
314
318
74
12
16
8
9192
11
198
262
653
321
364
279
1118
2342
9599
11
567
3579
1070
33188
13
198
1031
262
653
39752
25
28662
321
2426
3627
314
279
1483
318
74
12
16
8
5587
430
264
87828
198
262
653
1690
2234
585
11
413
585
2518
580
12
16
11
567
628
1716
413
274
957
12283
10
16
486
72
60
369
70613
198
262
653
561
1483
318
74
12
16
8
22283
1518
7594
2234
585
513
274
957
12283
10
16
486
72
12
16
60
198
262
653
4486
7594
272
506
2234
585
11
279
1483
318
74
12
16
8
22283
513
274
957
12283
10
17
486
72
60
198
1031
262
653
6558
579
6762
25
11002
957
1404
10931
60
1332
6696
10551
279
1483
1262
1889
11
580
12
16
8
5587
198
262
653
1921
411
369
44318
13
11746
11
1042
579
958
264
19484
3136
13
198
1031
262
653
8439
580
2564
220
16
15
11
1042
579
958
279
1483
318
74
12
16
8
5587
430
1528
13
198
262
653
1690
585
361
580
12
16
11
567
1459
914
599
3213
5587
310
1304
264
70613
314
2984
580
11
198
262
653
748
567
1066
1144
310
3627
279
4880
5587
11543
13
198
1031
262
653
3130
25
449
7308
494
220
15
310
220
17
12883
74
12
16
8
471
220
16
13661
279
1483
318
74
12
16
8
5587
198
262
653
1690
9599
1332
567
599
16253
1056
318
74
12
16
8
5587
11
567
628
1990
958
411
198
262
653
539
12463
421
567
8719
914
328
26619
1
660
9599
3482
13
198
1031
262
653
6558
728
958
264
2086
5313
25
11002
957
1404
4119
4546
37180
62
16
60
198
262
653
1332
1483
4546
37180
62
16
369
264
13992
466
567
15688
424
430
449
7308
6987
262
653
8736
25
1518
23294
866
3542
11
567
599
874
5587
198
262
653
4486
23294
3542
506
2234
220
15
11
1528
369
421
3542
318
7834
567
1144
580
12
16
22283
8
198
1031
262
653
6558
579
1910
1004
1528
369
279
1483
318
74
12
16
8
5587
13
1368
567
599
8826
585
5587
25
198
262
653
471
1368
585
361
580
12
16
25
1528
369
279
585
5587
318
868
628
15688
411
430
264
1324
440
585
9192
8
198
262
653
471
1368
585
2518
580
12
16
25
1528
369
279
1483
318
74
12
16
8
5587
6987
262
653
1946
38406
11
1042
579
2590
958
318
74
12
16
8
9192
11
321
364
279
1118
318
74
12
16
8
9599
11
198
262
653
567
1870
685
279
1528
13
1690
2234
585
318
15
20834
290
681
948
567
1925
3542
272
25
198
262
653
471
1368
585
361
580
12
16
25
491
4244
283
318
787
4244
1079
220
16
8
735
272
220
318
7834
567
1132
599
585
10
16
9192
1381
8
198
262
653
256
32645
411
2677
914
944
93531
13
198
1031
262
653
6558
728
1380
25
1528
10551
279
1483
1262
1889
10
16
11
580
12
16
8
5587
1238
23294
585
7324
1122
13
198
262
653
1921
279
1324
314
9192
33094
13
11746
11
1042
579
10694
440
264
77991
13
198
1031
262
653
72658
5313
25
8439
580
369
2526
11
1042
579
1066
3627
279
1483
318
74
12
16
8
5587
20335
13
198
262
653
1690
585
494
220
15
310
307
12
16
25
198
262
653
256
11002
957
60
369
264
6249
466
1287
1332
1328
369
279
1483
1262
1889
11
580
12
16
8
5587
198
262
653
5690
262
653
32645
11
1042
579
958
25
1238
8427
2234
585
11
1528
283
279
5587
506
9599
198
262
653
1866
7
15
11
585
12283
10
17
8
310
585
11
864
369
506
1379
318
74
12
16
8
5587
13
198
1031
262
653
6558
579
958
25
1528
369
449
7308
1332
2612
492
10551
3542
506
2234
585
12948
198
262
653
364
492
283
220
15
11
220
16
11
58317
1262
1889
11
580
12
17
553
1987
279
1379
3110
3542
369
303
279
3140
4927
2612
13
198
1031
262
653
85152
11
411
369
3583
16468
13
6558
728
1066
958
264
4145
5313
440
264
1103
314
279
1483
318
74
12
16
8
22283
13
198
1031
262
653
8439
580
2564
220
16
15
11
321
307
2564
220
16
15
15
15
11
567
628
958
25
198
262
653
11002
957
60
283
10675
12366
318
23814
314
1483
685
310
580
12
16
22283
8
1411
1698
198
262
653
1921
43716
513
11064
13
6558
579
15688
430
7308
13
198
1031
262
653
6558
579
6762
25
1238
23294
3542
506
2234
585
11
279
1528
369
279
1483
318
74
12
16
8
5587
13
198
262
653
1368
585
361
580
12
16
11
567
599
585
10
16
5587
11
748
1528
682
585
10
16
9192
13
198
262
653
1946
1236
424
13398
11
1042
579
1910
1528
2590
682
318
74
12
16
8
9192
11
321
364
279
1118
2342
9599
11
198
262
653
279
328
15006
1
9192
513
220
15
321
567
3627
1204
1599
5587
567
2908
3404
8826
13
198
1031
262
653
32645
11
43070
25
1042
579
1066
28662
321
958
264
30715
1332
279
1528
369
279
1483
318
74
12
16
8
5587
198
262
653
19873
430
449
7308
13
1690
9599
220
15
310
580
12
17
11
567
1870
685
279
1528
13
198
1031
262
653
6558
728
80403
25
695
262
653
11002
957
1404
10931
60
283
1324
314
5337
1332
1238
20621
9599
220
15
486
72
12
16
11
279
1483
318
74
12
16
8
5587
198
262
653
318
269
16253
413
585
361
580
12
16
8
1304
279
5215
6696
11
1332
6696
369
31233
440
279
1379
3110
198
262
653
3542
303
279
3140
4927
2612
13
198
1031
262
653
1690
585
28
15
25
874
5587
8826
3482
13
6696
283
220
15
11
694
567
8719
914
8826
866
1122
13
198
262
653
4486
23294
1122
506
1097
220
15
25
6696
283
272
15
318
16
2612
8
198
262
653
4486
23294
1122
506
1097
220
16
25
6696
283
272
15
9
17
478
272
16
318
17
9192
8
198
262
653
2423
198
262
653
4486
23294
1122
506
1097
585
318
72
2518
580
12
16
1590
6696
283
1483
318
74
12
16
8
22283
11
1379
3110
303
90096
6987
262
653
3095
567
884
264
491
3542
272
506
2234
585
25
198
262
653
491
9703
283
318
787
9703
348
220
17
478
272
8
984
318
17
12883
74
12
16
578
220
653
413
567
2224
9976
1132
318
74
12
16
8
9192
198
262
653
1921
567
1048
1144
310
1716
25
413
585
2518
580
12
16
11
1179
279
37172
274
957
12283
10
16
486
72
60
682
2984
580
13
198
262
653
1061
37172
16661
314
25
279
318
74
12
16
8
5587
303
2235
9703
318
7949
513
274
957
12283
10
16
486
72
12
16
2387
198
262
653
5346
279
491
3542
272
506
2234
585
13
198
262
653
1987
279
2400
580
5587
513
25
274
957
12283
10
16
1089
274
957
12283
10
17
1089
58317
274
957
12
16
1089
272
198
262
653
733
3665
314
2235
9703
25
2235
9703
10551
274
957
12283
10
16
486
72
12
16
60
440
274
957
12283
10
16
60
303
9986
33
321
274
957
12
16
60
303
90096
13
198
262
653
1987
279
580
5587
513
25
498
82
957
12283
10
16
1089
58317
274
957
12
16
1089
272
60
198
262
653
1061
369
264
70613
49388
274
957
12283
10
16
27794
60
606
274
957
12948
60
364
492
28
15
486
74
12
16
198
262
653
585
1673
2487
274
957
12283
10
16
27794
60
606
274
957
12283
10
16
12975
74
12
16
12948
7025
364
492
28
15
486
74
12
16
198
262
653
15451
3254
25
279
886
498
82
957
12283
10
16
1089
58317
274
957
12
16
1089
272
60
16327
498
66
11
274
957
12
16
1089
274
957
12
17
1089
58317
274
957
12283
10
16
4891
198
1031
262
653
1987
25
1042
2400
283
498
787
9703
22283
303
1906
60
478
498
66
60
198
262
653
2235
9703
682
318
74
12
16
8
9192
25
2612
318
74
12
17
8
369
274
957
12283
10
16
1089
2612
318
74
12
18
8
369
274
957
12283
10
17
1089
58317
2612
220
15
369
274
957
12
16
60
198
262
653
1987
279
8240
369
25
274
957
12283
10
16
1089
274
957
12283
10
17
1089
58317
274
957
12
16
60
318
1445
9986
33
310
90096
314
2235
9703
8
198
262
653
2400
8240
25
274
957
12283
10
16
1089
274
957
12283
10
17
1089
58317
274
957
12
16
1089
272
198
262
653
23515
25
272
11
274
957
12
16
1089
274
957
12
17
1089
58317
274
957
12283
10
16
60
198
262
653
4109
413
2400
606
9637
6987
262
653
6558
579
4072
411
13
198
1031
262
1572
22257
283
220
16
1079
318
74
471
220
16
8
198
1031
262
653
11002
82512
60
283
1698
1238
8427
1010
1324
314
5587
198
262
653
8736
25
1518
866
5587
11
6696
283
220
15
11
694
567
1144
310
3579
279
1118
580
12
16
5587
15060
6987
262
653
6558
579
635
424
2234
539
2234
13
198
262
653
11002
957
60
668
381
264
1103
314
1331
1572
22257
198
262
653
11002
957
1404
10931
60
283
1324
314
5337
310
4990
9599
220
15
486
72
1680
421
279
1483
1262
1889
10
16
11
580
12
16
8
22283
1304
6696
198
262
653
256
1332
6696
369
31233
440
279
1379
3110
1122
303
90096
11
321
567
1132
2426
318
74
12
16
8
9192
13
198
262
653
256
1690
585
361
580
12
16
11
6696
1132
682
318
72
10
16
8
21716
9192
11
279
2645
513
220
15
13
198
1031
262
653
32645
11
1042
579
1066
958
25
1238
20621
2234
585
11
279
1528
369
279
1483
1262
1889
10
16
11
580
12
16
8
5587
13
198
262
653
1165
3172
958
449
1287
314
1331
1572
22257
11
694
364
585
361
580
12
16
11
1132
279
1118
220
17
12883
72
10
16
8
5134
513
2610
13
198
1031
262
653
8736
198
262
11002
283
498
15
60
348
1572
22257
198
262
11002
58
15
60
283
220
16
220
653
1518
23294
866
3542
11
4147
1528
6987
262
653
32645
11
1042
728
73071
13
6558
579
1910
11002
957
1404
10931
60
1332
6696
10551
279
1483
1262
1889
11
580
12
16
8
5587
198
262
653
1238
20621
2234
585
12
16
318
684
567
2908
9896
9599
220
15
486
72
12
16
553
198
262
653
4844
948
20621
2234
585
11
567
708
494
11002
957
60
310
11002
957
10
16
906
198
1031
262
653
6558
579
958
25
11002
369
264
1103
314
1331
1572
22257
11
14661
11002
58
15
60
283
220
16
198
262
653
1690
2234
585
494
220
15
310
307
12
16
25
198
262
653
256
491
52066
283
498
15
60
348
1572
22257
198
262
653
256
1690
1754
6696
440
11002
82512
60
835
220
15
25
198
262
653
257
1690
272
303
2429
32
504
359
33
642
318
331
274
957
60
5954
424
1590
198
262
653
950
272
3906
283
220
15
413
272
606
359
32
6
745
220
16
198
262
653
950
653
4109
413
567
628
884
272
1973
28115
264
70613
198
262
653
950
413
585
2518
580
471
220
16
25
198
262
653
260
653
1165
599
318
74
12
16
8
5587
303
6696
11
321
567
2224
7594
272
198
262
653
260
653
561
580
5587
513
25
279
318
74
12
16
8
22283
303
6696
478
272
198
262
653
260
653
6696
682
318
74
12
16
8
9192
25
2612
318
74
12
17
8
283
274
957
12283
10
16
1089
58317
2612
220
15
283
274
957
12
16
60
198
262
653
260
653
4109
413
498
82
957
12283
10
16
1089
58317
274
957
12
16
1089
272
60
369
70613
198
262
653
260
653
585
1673
2487
364
492
303
2020
5781
1590
274
957
12283
10
16
27794
60
606
274
957
12948
60
198
262
653
260
653
274
957
12283
10
16
27794
60
369
2612
318
74
12
17
12948
8
314
6696
364
492
361
580
12
16
198
262
653
260
653
274
957
12948
60
369
25
413
492
606
580
12
16
11
1179
272
26
745
2612
318
73
12
16
8
314
6696
318
10957
274
957
12
16
60
369
2612
220
15
11
274
957
12
17
60
369
2612
220
16
11
4831
5946
198
262
653
260
653
13428
11
1042
728
311
20834
13
198
262
653
15216
262
653
260
653
561
318
74
12
16
8
5587
303
6696
11
303
1906
494
22778
310
22863
25
198
262
653
260
653
274
957
12283
10
16
1089
274
957
12283
10
17
1089
58317
274
957
12
16
60
198
262
653
260
653
733
6696
25
274
957
12283
10
16
60
369
2612
318
74
12
17
681
274
957
12283
10
17
60
369
2612
318
74
12
18
681
58317
274
957
12
16
60
369
2612
220
15
198
262
653
15216
262
653
260
653
561
2400
580
5587
25
274
957
12283
10
16
1089
274
957
12283
10
17
1089
58317
274
957
12
16
1089
272
198
262
653
260
653
1690
70613
25
1122
506
2234
280
606
1122
506
2234
318
74
12
16
2195
8
198
262
653
260
653
12026
220
15
25
274
957
12283
10
16
1089
2234
580
12
16
25
272
198
262
653
260
653
12026
220
16
25
274
957
12283
10
17
1089
2234
580
12
17
25
274
957
12
16
60
198
262
653
260
653
12026
220
17
25
274
957
12283
10
18
1089
2234
580
12
18
25
274
957
12
17
60
198
262
653
260
653
2423
198
262
653
15216
262
653
260
653
1987
567
1144
25
198
262
653
260
653
274
957
12283
10
16
60
606
272
198
262
653
260
653
274
957
12283
10
17
60
606
274
957
12
16
60
198
262
653
260
653
274
957
12283
10
18
60
606
274
957
12
17
60
198
262
653
260
653
4831
13
198
262
653
15216
262
653
260
653
274
957
12283
10
16
60
369
2612
318
74
12
17
8
314
6696
198
262
653
260
653
274
957
12
16
60
369
2612
220
15
314
6696
198
262
653
260
653
274
957
12
17
60
369
2612
220
16
314
6696
198
262
653
260
653
274
957
12283
10
16
27794
60
364
492
361
580
12
16
369
2612
318
74
12
17
12948
8
314
6696
198
262
653
260
653
274
957
12
16
12948
60
364
492
361
580
12
16
369
2612
492
314
6696
198
262
653
15216
262
653
260
653
4109
364
492
283
220
15
310
580
12
17
25
2612
318
74
12
17
12948
8
314
6696
606
2612
492
314
6696
198
262
653
260
653
1541
1048
25
2612
318
74
12
17
8
314
6696
606
272
220
318
10957
274
957
12283
10
16
60
606
272
8
198
262
653
15216
262
653
260
653
13428
11
421
579
524
1245
13
6558
728
55979
13
198
262
653
260
653
25164
220
15
25
2234
220
15
321
2234
580
12
16
25
274
957
12283
10
16
60
321
272
198
262
653
260
653
25164
220
16
25
2234
220
16
321
2234
580
12
17
25
274
957
12283
10
17
60
321
274
957
12
16
60
2228
262
653
260
653
25164
220
17
25
2234
220
17
321
2234
580
12
18
25
274
957
12283
10
18
60
321
274
957
12
17
60
198
262
653
260
653
2423
198
262
653
260
653
25164
492
25
2234
492
321
2234
580
12
16
12948
198
262
653
260
653
256
1368
492
361
580
12
16
25
274
957
12283
10
16
27794
60
321
274
957
12
16
12948
60
198
262
653
260
653
256
1368
492
283
580
12
16
25
1132
948
580
369
10016
11
411
369
279
5956
11
694
492
5601
310
580
12
16
11
321
2234
580
12
16
369
272
198
262
653
15216
262
653
260
653
1690
492
283
220
15
25
274
957
12283
10
16
60
5972
272
198
262
653
260
653
1690
492
283
220
16
25
274
957
12283
10
17
60
5972
274
957
12
16
60
198
262
653
260
653
1690
492
283
220
17
25
274
957
12283
10
18
60
5972
274
957
12
17
60
198
262
653
260
653
2423
198
262
653
260
653
1690
492
283
580
12
17
25
274
957
12
16
60
5972
274
957
12
16
60
318
31063
804
413
580
369
1442
11
466
279
5956
6505
8
198
262
653
260
653
13428
11
948
1503
492
283
580
12
16
30
8020
413
567
2814
279
2400
2020
13
198
262
653
15216
262
653
260
653
32645
364
492
303
2020
5781
1590
2234
492
321
2234
580
12
16
12948
198
262
653
260
653
1921
2234
580
12
16
369
272
11
748
25
198
262
653
260
653
492
283
220
15
25
1097
220
15
5972
1097
580
12
16
25
274
957
12283
10
16
60
5972
272
198
262
653
260
653
492
283
220
16
25
1097
220
16
5972
1097
580
12
17
25
274
957
12283
10
17
60
5972
274
957
12
16
60
198
262
653
260
653
492
283
220
17
25
1097
220
17
5972
1097
580
12
18
25
274
957
12283
10
18
60
5972
274
957
12
17
60
198
262
653
260
653
2423
198
262
653
260
653
492
283
580
12
17
25
1097
580
12
17
5972
1097
220
16
25
274
957
12
16
60
5972
274
957
12283
10
17
60
220
318
23310
430
492
28
16
8
198
262
653
260
653
492
283
580
12
16
25
1097
580
12
16
5972
1097
220
15
25
272
5972
274
957
12283
10
16
60
220
318
23310
430
492
28
15
8
198
262
653
15216
262
653
260
653
1987
567
1132
1144
310
1716
492
283
220
15
310
6220
1148
74
12
16
248046
198
248045
846
198
7525
3555
4621
4490
279
6813
13
5514
579
279
1412
25
198
220
2793
34397
16
83
20
8725
85
77202
18960
6971
487
1500
220
19
24
198
262
5141
19407
25
8439
580
36059
220
16
15
11
279
1528
3433
369
67657
13
357
70613
314
2984
580
369
10521
539
279
1118
2765
234
230
74
14
17
158
234
231
5587
318
429
279
5956
413
580
369
10016
553
1987
567
1132
1144
310
3627
279
1483
318
74
12
16
8
5587
310
1716
413
7594
264
491
3542
11121
264
70613
314
2984
580
13
198
4946
6108
198
32769
1401
25
8060
3542
359
169629
6
318
52
10
17
17
21
19
8
14200
1206
311
40138
11
411
369
678
3274
25
4310
279
2614
709
11618
321
4479
889
11
6999
4072
279
709
7246
321
1440
660
279
6813
13
2972
5683
4045
67305
3067
13209
50
159029
271
2523
1220
14623
279
1970
488
10490
303
264
64504
1970
2424
318
784
9609
31789
318
19458
668
31153
279
3889
5568
8
248046
198
248045
74455
198
248068
271
248069
271
71093
12305
198
727
1698
43292
32388
1393
25
514
11
580
25
514
11
274
25
592
8
1411
514
25
198
262
18107
283
220
24
24
23
17
19
19
18
20
18
6987
262
653
1165
1144
310
1698
5337
310
8032
71018
440
359
32
6
466
359
33
6
1680
421
874
37172
314
2984
580
369
264
70613
13
198
262
653
357
886
314
2984
580
369
264
70613
49388
364
660
585
303
498
15
11
580
320
17
681
274
957
60
606
274
6521
12
16
17076
906
198
262
653
695
262
653
5141
19407
25
8439
580
2564
220
16
15
11
567
628
958
30715
14419
279
1483
318
74
12
16
8
5587
13
198
262
653
3095
567
884
264
491
3542
506
2234
585
11
567
628
1716
413
279
37172
13004
506
585
314
2984
580
369
264
70613
13
198
262
653
198
262
653
3130
25
561
1483
1262
1889
10
16
11
580
12
16
8
5587
13
1165
15688
411
430
449
7308
87828
13
198
262
653
6558
579
958
264
8097
6948
1528
314
318
74
12
16
8
9192
13
1690
9599
1332
567
599
16253
1056
318
74
12
16
8
5587
11
198
262
653
567
1066
3627
1092
567
599
318
1719
4799
9192
513
220
15
321
567
1132
1716
10537
474
433
287
948
567
599
3213
22283
553
198
1031
262
653
11002
82512
60
283
1324
314
5337
1332
279
1483
318
74
12
16
8
5587
1304
279
5215
1510
10931
27653
198
262
653
1165
13792
6696
430
10695
25
2612
220
15
283
1379
3110
3542
11
2612
220
16
283
2018
1379
3110
11
4831
13
198
262
653
32645
11
1042
579
381
777
16097
13
6558
579
1910
6696
10551
279
8240
314
279
1483
318
74
12
16
8
5587
198
262
653
1332
279
22778
369
303
279
8166
2612
321
279
22863
369
303
279
15003
2612
13
198
262
653
695
262
653
6558
728
37781
13
6558
579
1910
567
3627
279
1483
318
74
12
16
8
5587
430
264
13992
466
567
15688
1070
13
198
262
653
8439
580
12
16
2564
220
24
11
567
599
506
1379
220
20
16
17
5134
13
198
262
653
198
262
653
6558
579
6762
25
1238
8427
2234
585
318
15
20834
290
681
279
1528
369
279
5587
506
9599
198
262
653
1866
7
15
11
585
12283
10
17
8
1472
585
13
1061
369
264
3136
314
1331
1262
1889
10
16
11
580
12
16
553
198
262
653
695
262
653
1690
37685
11
1042
579
2590
958
264
1528
314
1331
318
74
12
16
553
1690
279
1118
2342
9599
11
567
1066
1870
685
13
198
262
653
198
262
653
6558
579
958
25
1528
283
7308
1332
2612
492
318
15
20834
290
494
90096
8
10551
279
3542
506
2234
585
12948
13
198
262
653
1987
2612
220
15
283
274
957
1089
2612
220
16
283
274
957
12
16
1089
2612
220
17
283
274
957
12
17
1089
4831
13
198
262
653
1165
2426
318
74
12
16
8
9192
25
9192
220
15
1472
580
12
17
13
198
1031
262
1572
22257
283
220
16
1079
318
74
471
220
16
8
198
1031
262
653
8736
25
1518
8427
866
5587
11
1528
283
220
15
198
262
11002
283
498
15
60
348
1572
22257
198
262
11002
58
15
60
283
220
16
6987
262
364
585
303
2020
1393
1590
198
285
491
52066
283
498
15
60
348
1572
22257
198
285
364
6696
303
2020
7815
22257
1590
198
309
413
11002
82512
60
606
220
15
25
198
388
2962
198
309
364
272
303
2429
32
504
359
33
41984
198
388
413
274
957
60
524
303
2429
47962
272
5491
198
493
2962
198
388
272
3906
283
220
15
413
272
606
359
32
6
745
220
16
33006
388
653
1478
6696
25
6206
2047
321
884
491
3542
303
90096
198
388
653
10306
6696
682
9192
25
2612
492
283
274
957
12
16
12948
60
364
492
28
15
486
74
12
17
198
388
653
4486
7594
272
506
2234
585
25
491
2612
220
15
283
272
11
491
2612
492
283
2235
2612
318
73
12
16
8
364
492
28
16
486
74
12
17
198
388
491
9703
283
1718
10931
1079
220
16
8
735
272
3906
8
984
318
16
1079
318
74
471
220
16
578
198
6159
388
653
4109
413
7594
411
3542
11121
264
70613
314
2984
580
198
388
653
561
37172
314
2984
580
13004
506
2234
585
369
274
957
12283
10
16
60
486
82
957
60
198
388
653
1165
1132
1144
310
1716
411
413
585
2518
580
12
16
318
72
1673
2487
567
599
506
3140
580
5587
8
198
388
413
585
2518
580
471
220
16
25
198
493
653
561
580
5587
513
25
274
957
12283
10
16
1089
274
957
12283
10
17
1089
58317
274
957
12
16
1089
272
198
493
653
733
3665
314
279
62696
6696
318
14372
7594
272
1590
198
493
653
256
2235
2612
220
15
283
274
957
12
16
1089
2235
2612
220
16
283
274
957
12
17
1089
58317
2235
2612
318
74
12
17
8
283
274
957
12283
10
16
60
198
493
653
1987
279
580
5587
303
1906
513
25
274
957
12283
10
16
1089
274
957
12283
10
17
1089
58317
274
957
12
16
1089
272
198
493
653
256
283
2235
2612
318
74
12
17
681
2235
2612
318
74
12
18
681
58317
2235
2612
220
15
11
272
198
493
653
695
493
653
1690
411
310
381
264
70613
25
198
493
653
256
1122
58
15
60
606
1122
6521
12
16
5491
274
957
12283
10
16
60
606
272
198
493
653
256
1122
58
16
60
606
1122
6521
12
17
5491
274
957
12283
10
17
60
606
274
957
12
16
60
198
493
653
256
1122
58
17
60
606
1122
6521
12
18
5491
274
957
12283
10
18
60
606
274
957
12
17
60
198
493
653
256
2423
198
493
653
733
4437
11
364
492
303
2020
7
15
11
318
74
10
16
26277
17
1590
198
493
653
256
1122
3681
60
606
1122
6521
12
16
12948
60
198
493
653
695
493
653
1122
3681
60
364
492
361
580
12
16
369
2235
2612
318
74
12
17
12948
8
198
493
653
1122
6521
12
16
12948
60
364
580
12
16
12948
361
580
12
16
318
72
1673
2487
492
835
220
15
8
369
2235
2612
318
73
12
16
8
198
493
653
1122
58
15
60
283
2235
2612
318
74
12
17
681
1122
6521
12
16
60
283
272
198
493
653
1122
58
16
60
283
2235
2612
318
74
12
18
681
1122
6521
12
17
60
283
2235
2612
220
15
198
493
653
1122
58
17
60
283
2235
2612
318
74
12
19
681
1122
6521
12
18
60
283
2235
2612
220
16
198
493
653
2423
198
493
653
695
493
653
1987
567
1144
310
1716
25
198
493
653
1690
492
303
2020
7
15
11
318
74
10
16
26277
17
1590
198
493
653
256
413
492
606
220
15
25
2235
2612
318
74
12
17
8
606
272
198
493
653
256
745
413
492
606
580
12
16
12948
318
19055
948
580
369
10016
1590
1066
1716
424
16327
4924
318
31063
804
8
198
493
653
256
745
25
2235
2612
318
74
12
17
12948
8
606
2235
2612
318
73
12
16
8
198
10367
493
369
70817
34864
283
2912
198
493
364
492
303
2020
5781
1590
198
646
413
492
2518
580
471
492
471
220
16
25
220
653
8020
1716
1118
4139
198
967
1387
198
646
653
1122
3681
60
321
1122
6521
12
16
12948
60
198
646
413
492
606
220
15
25
198
967
653
1122
58
15
60
283
2235
2612
318
74
12
17
681
1122
6521
12
16
60
283
272
198
967
2612
5996
283
318
10931
3459
318
74
471
220
17
578
594
220
16
198
967
413
2612
5996
931
272
3906
25
198
1335
369
70817
34864
283
3439
198
1335
1387
198
646
745
25
198
967
653
1122
3681
60
283
2235
2612
318
74
12
17
12948
681
1122
6521
12
16
12948
60
283
2235
2612
318
73
12
16
8
198
967
2612
9293
283
318
10931
3459
318
74
471
220
17
471
492
578
594
220
16
198
967
2612
10226
283
318
10931
3459
318
73
471
220
16
578
594
220
16
198
967
413
2612
9293
931
2612
10226
25
198
1335
369
70817
34864
283
3439
198
1335
1387
57103
493
413
369
70817
34864
25
198
646
2962
33006
388
491
52066
42049
9703
60
283
318
902
52066
42049
9703
60
478
11002
82512
2387
984
18107
198
285
11002
283
491
52066
6987
262
460
2542
33647
8
984
18107
198
71093
248046
198