248045
846
198
4274
279
2614
709
11618
321
4479
889
11
6999
4072
279
709
7246
321
1440
660
279
6813
13
2972
5683
4045
67305
3067
13209
50
159029
271
2523
1220
14623
279
1970
488
10490
303
264
64504
1970
2424
318
784
9609
31789
318
19458
668
31153
279
3889
5568
8
271
71093
198
1445
18904
1120
1697
1358
727
1423
4662
53406
7
41419
25
1697
50246
18078
28649
1411
1697
18078
5491
198
262
4071
357
7737
1287
364
449
7308
830
369
279
37847
10300
1287
314
13043
314
1330
421
2542
685
310
830
13
198
262
1690
3010
11
279
7737
1287
364
220
16
16
369
498
16
11
220
17
11
220
23
906
198
1031
262
561
1287
2330
50129
369
3354
539
38645
1060
279
7737
17839
364
1396
6572
7308
585
695
262
303
34217
1906
25
220
16
11
220
17
11
220
18
11
321
748
12857
13
13891
11
2330
50129
8211
430
498
16
11
220
17
11
220
16
11
220
17
11
220
19
11
220
16
11
220
19
11
220
17
11
220
19
11
220
16
11
220
17
11
220
19
11
220
23
11
2423
906
198
1031
262
15767
264
1103
314
18959
1332
1754
3134
369
498
1445
5150
11
310
5150
11
1410
5150
1089
12204
695
262
318
15679
50129
75643
5150
60
348
2330
50129
75643
5150
478
220
16
60
348
2423
348
2330
50129
64062
5150
2387
984
1410
5150
364
1754
3134
13
198
1031
262
6817
25
2330
50129
5533
220
15
5792
50233
13
198
1031
262
17167
25
198
285
18959
25
1697
314
18959
11
1332
1754
3134
369
498
1445
5150
11
310
5150
11
1410
5150
60
198
336
220
15
2564
494
5150
2564
310
5150
2564
220
16
15
61
16
20
11
220
16
2564
1410
5150
2564
220
16
15
61
20
6987
262
5019
25
198
285
1697
314
24959
1332
279
585
7324
2315
369
279
4087
310
279
585
7324
3134
6987
262
11765
1423
4662
53406
26247
16
11
18
11
22
28649
198
262
498
19
60
198
262
11765
1423
4662
53406
26247
17
11
20
11
18
14522
22
11
22
11
19
28649
198
262
498
17
11
220
17
60
198
262
4071
271
727
1716
69574
1590
198
262
653
14204
1228
4886
198
262
1992
8871
26247
16
11
18
11
22
28649
606
498
19
60
198
262
1992
8871
26247
17
11
20
11
18
14522
22
11
22
11
19
28649
606
498
17
11
220
17
60
198
1031
262
653
11000
2315
3134
198
262
1992
8871
26247
15
11
15
11
16
19
28649
606
498
16
60
198
1031
262
653
4254
1228
4886
198
262
1992
8871
26247
21
22
11
16
23
16
11
16
21
14522
16
18
21
11
16
23
17
11
16
19
24
28649
606
498
15
11
24
23
60
198
1031
262
1992
8871
26247
19
21
11
16
16
18
11
16
15
20
14522
16
16
23
11
16
21
21
11
24
20
14522
16
17
20
11
16
20
15
11
16
19
23
14522
18
17
11
16
23
24
11
18
23
14522
18
20
11
19
19
11
18
14522
21
22
11
16
15
22
11
16
23
17
14522
18
22
11
16
18
23
11
16
15
16
28649
606
498
16
21
11
16
21
11
16
18
21
11
16
23
11
16
11
16
16
19
11
23
22
60
198
1031
262
1992
8871
26247
19
15
11
16
22
20
11
19
21
14522
16
20
11
16
21
17
11
16
21
20
14522
22
16
11
16
16
23
11
21
18
14522
19
16
11
22
17
11
18
15
14522
23
19
11
16
24
23
11
16
17
19
14522
17
17
11
19
17
11
16
17
22
14522
16
20
11
20
18
11
18
23
14522
19
22
11
16
16
17
11
16
17
15
14522
19
19
11
16
22
23
11
16
23
28649
606
498
18
21
11
16
17
19
11
16
11
23
11
16
21
11
21
19
11
16
23
11
23
11
17
60
198
1031
262
1992
8871
26247
21
11
16
16
24
11
16
15
15
14522
16
18
11
16
20
21
11
23
14522
21
19
11
16
16
17
11
16
23
19
14522
21
23
11
22
17
11
16
23
16
14522
20
19
11
16
20
18
11
16
17
22
14522
24
20
11
24
24
11
22
21
14522
16
20
11
16
18
17
11
21
21
14522
17
18
11
22
15
11
16
18
17
14522
19
11
16
15
16
11
19
14522
17
11
21
16
11
22
22
28649
606
498
23
11
15
11
18
17
11
16
16
19
11
18
17
11
21
15
11
20
23
11
16
16
21
11
15
11
22
16
60
198
1031
262
1992
8871
26247
21
17
11
16
23
20
11
16
17
18
14522
22
21
11
16
21
19
11
21
16
14522
16
18
11
19
16
11
16
24
20
14522
16
16
19
11
16
16
23
11
16
19
21
14522
20
21
11
16
22
20
11
16
23
22
14522
16
20
22
11
16
23
22
11
23
14522
20
16
11
16
20
22
11
16
22
14522
20
18
11
16
23
21
11
16
24
15
14522
22
17
11
16
16
18
11
17
15
28649
606
498
19
15
11
19
23
11
16
17
17
11
21
19
11
16
16
20
11
15
11
23
11
22
19
11
19
60
198
1031
262
1992
8871
26247
19
22
11
20
15
11
16
16
23
14522
16
20
23
11
16
22
17
11
23
20
14522
16
18
16
11
16
18
21
11
16
17
16
14522
16
18
15
11
16
18
17
11
16
15
24
14522
16
22
20
11
16
23
24
11
23
14522
21
20
11
23
20
11
16
22
15
14522
16
17
20
11
16
22
21
11
16
19
17
28649
606
498
16
15
11
18
17
11
16
16
21
11
22
21
11
15
11
16
21
11
16
17
60
198
1031
262
1992
8871
26247
16
15
21
11
16
19
21
11
16
22
17
14522
16
17
16
11
16
24
16
11
16
19
23
14522
23
23
11
16
22
18
11
22
16
14522
16
15
24
11
16
20
20
11
18
17
28649
606
498
16
17
23
11
24
21
11
16
11
15
60
198
1031
262
1992
8871
26247
19
19
11
16
21
22
11
21
20
14522
20
18
11
16
19
18
11
16
18
21
14522
21
18
11
16
16
23
11
18
19
14522
16
16
23
11
16
22
16
11
16
24
14522
16
17
17
11
16
20
24
11
16
20
24
14522
16
20
11
16
15
24
11
16
21
20
14522
16
24
16
11
16
24
24
11
17
21
14522
16
22
18
11
16
24
24
11
16
15
23
14522
16
16
11
16
22
24
11
21
14522
18
17
11
16
22
15
11
16
24
15
28649
606
498
18
18
11
22
17
11
16
21
11
16
15
11
24
22
11
16
11
17
19
11
20
17
11
17
11
16
18
17
60
198
1031
262
1992
8871
26247
16
21
20
11
16
23
20
11
16
19
15
14522
20
16
11
23
17
11
17
23
14522
23
18
11
16
19
23
11
22
22
14522
16
18
16
11
16
18
17
11
16
19
15
14522
17
17
11
21
24
11
16
15
20
14522
22
16
11
23
19
11
16
23
20
28649
606
498
18
17
11
16
21
11
17
11
24
17
11
24
17
11
16
60
198
1031
262
653
19670
2020
1228
4886
198
262
1992
8871
26247
15
11
220
20
24
19
22
19
18
11
220
16
20
22
22
16
1089
498
20
24
19
22
19
19
11
220
24
23
20
15
21
17
11
220
23
22
16
22
20
1089
498
24
23
20
15
21
18
11
220
16
23
18
15
24
16
21
11
220
23
16
24
19
15
1089
498
16
23
18
15
24
16
22
11
220
16
24
19
21
22
24
19
11
220
22
22
15
18
21
1089
498
16
24
19
21
22
24
20
11
220
17
22
15
22
19
17
15
11
220
20
21
15
16
20
1089
498
17
22
15
22
19
17
16
11
220
17
22
22
15
15
21
17
11
220
17
20
22
21
16
1089
498
17
22
22
15
15
21
18
11
220
18
15
21
24
20
21
18
11
220
21
24
21
17
1089
498
18
15
21
24
20
21
19
11
220
18
19
16
15
20
16
24
11
220
23
15
21
15
18
1089
498
18
19
16
15
20
17
15
11
220
19
16
22
16
23
22
24
11
220
21
19
20
15
17
1089
498
19
16
22
16
23
23
15
11
220
19
17
16
15
17
23
24
11
220
17
19
18
17
19
28649
606
498
21
20
18
24
11
220
16
22
20
21
17
11
220
21
19
11
220
22
16
18
21
11
220
18
19
21
15
18
11
220
23
19
22
24
11
220
16
20
19
19
11
220
19
15
15
17
16
11
220
20
23
18
17
17
11
220
17
23
21
15
60
198
1031
262
1992
8871
26247
15
11
220
23
17
21
19
23
20
11
220
24
21
21
21
24
1089
498
23
17
21
19
23
21
11
220
23
21
24
15
22
20
11
220
18
18
24
23
15
1089
498
23
21
24
15
22
21
11
220
16
16
16
16
15
16
15
11
220
24
18
20
22
1089
498
16
16
16
16
15
16
16
11
220
16
21
18
19
23
17
20
11
220
23
18
19
22
16
1089
498
16
21
18
19
23
17
21
11
220
17
20
21
21
23
21
18
11
220
21
16
17
19
16
1089
498
17
20
21
21
23
21
19
11
220
18
20
21
20
20
23
21
11
220
24
18
16
23
18
1089
498
18
20
21
20
20
23
22
11
220
18
23
24
17
23
15
16
11
220
16
23
18
20
21
1089
498
18
23
24
17
23
15
17
11
220
19
16
19
22
24
22
17
11
220
22
23
17
24
19
1089
498
19
16
19
22
24
22
18
11
220
19
21
24
24
15
23
15
11
220
24
18
23
23
17
1089
498
19
21
24
24
15
23
16
11
220
20
17
24
24
15
24
20
11
220
22
20
22
19
28649
606
498
19
17
16
16
11
220
17
21
22
17
11
220
22
19
23
15
11
220
18
19
22
16
21
11
220
16
23
18
17
20
11
220
21
20
18
16
20
11
220
19
16
24
17
11
220
22
21
21
23
19
11
220
21
16
21
15
19
11
220
19
22
15
21
60
198
1031
262
1992
8871
26247
15
11
220
22
23
18
22
18
19
11
220
18
16
19
20
17
1089
498
22
23
18
22
18
20
11
220
16
15
15
22
19
19
15
11
220
20
15
20
24
23
1089
498
16
15
15
22
19
19
16
11
220
16
18
20
20
19
20
18
11
220
21
18
20
18
19
1089
498
16
18
20
20
19
20
19
11
220
16
23
15
16
19
17
20
11
220
19
24
15
20
24
1089
498
16
23
15
16
19
17
21
11
220
17
16
21
21
20
20
17
11
220
20
19
22
18
15
1089
498
17
16
21
21
20
20
18
11
220
17
22
17
22
15
19
17
11
220
24
18
18
23
17
1089
498
17
22
17
22
15
19
18
11
220
18
18
16
16
22
19
16
11
220
18
24
19
20
18
1089
498
18
18
16
16
22
19
17
11
220
18
21
15
20
23
19
22
11
220
23
24
18
17
20
1089
498
18
21
15
20
23
19
23
11
220
18
23
21
18
18
22
21
11
220
19
18
17
20
18
1089
498
18
23
21
18
18
22
22
11
220
19
22
15
24
23
24
15
11
220
21
16
23
19
20
28649
606
498
17
17
16
19
19
11
220
17
17
21
18
19
11
220
16
18
21
15
11
220
18
20
17
20
17
11
220
19
19
18
18
23
11
220
17
21
24
19
19
11
220
16
24
16
18
11
220
19
24
21
15
24
11
220
17
19
24
15
22
11
220
16
17
19
24
22
60
198
1031
262
1992
8871
26247
15
11
220
24
20
17
24
18
24
11
220
19
18
17
24
20
1089
498
24
20
17
24
19
15
11
220
16
22
21
15
20
20
22
11
220
24
20
16
20
18
1089
498
16
22
21
15
20
20
23
11
220
17
22
17
23
24
20
17
11
220
19
24
22
23
21
1089
498
17
22
17
23
24
20
18
11
220
18
21
23
18
19
22
15
11
220
16
22
21
19
19
1089
498
18
21
23
18
19
22
16
11
220
18
24
16
16
24
19
15
11
220
21
22
23
21
1089
498
18
24
16
16
24
19
16
11
220
19
17
16
23
21
20
18
11
220
18
17
16
24
22
1089
498
19
17
16
23
21
20
19
11
220
19
20
22
17
18
15
23
11
220
20
21
21
20
1089
498
19
20
22
17
18
15
24
11
220
19
22
22
21
16
23
17
11
220
21
17
18
23
1089
498
19
22
22
21
16
23
18
11
220
20
21
15
17
19
15
24
11
220
22
17
19
19
23
1089
498
20
21
15
17
19
16
15
11
220
20
21
22
21
23
19
23
11
220
23
16
16
16
17
28649
606
498
16
20
16
16
19
11
220
17
16
22
16
22
11
220
21
19
11
220
23
23
17
19
11
220
24
20
17
11
220
19
17
17
18
11
220
19
15
19
24
11
220
19
19
19
21
11
220
16
21
23
24
21
11
220
24
24
17
23
60
271
2
5272
1716
32821
4662
53406
8
310
1542
6813
13
198
71093
248046
198
248045
74455
198
248068
271
248069
271
1206
11290
411
3377
11
567
1144
310
28750
12204
279
1918
314
5255
303
264
3050
2020
314
264
829
37435
1287
1510
15679
50129
63
57844
264
2574
1324
364
5081
18959
13
561
1287
1510
15679
50129
63
369
19729
539
38645
1060
279
328
12793
1218
17839
1
314
660
6572
24959
303
34217
1906
13
357
7737
1287
364
449
7308
1510
87
63
369
279
37847
10300
1287
314
13043
314
1330
421
2542
685
310
1510
87
63
318
425
29569
279
716
9192
314
1510
87
63
6
82
7620
12669
11
14807
430
13043
314
220
17
553
271
13962
5141
29833
778
25
198
16
13
2972
22238
314
1510
15679
50129
63
92217
198
256
471
1690
1754
7308
1510
72
7561
1141
7737
1287
16661
314
1510
17
61
74
63
364
1754
1510
74
63
1332
279
1510
74
63
12
337
2612
314
1510
72
63
369
716
13
198
256
471
561
2702
2984
314
279
7737
17839
364
4947
494
1510
16
63
310
1510
77
63
628
381
16100
13
198
256
471
1165
1144
310
2336
264
220
15
5792
1857
303
1510
15679
50129
63
310
279
11811
869
318
64
2279
314
1330
8
303
279
7737
1287
314
1010
7308
1510
72
27653
271
17
13
2972
2766
27212
92217
198
256
471
1690
1754
3134
74988
1445
5150
11
310
5150
11
1410
5150
60
7561
567
1144
310
12204
279
1918
314
1510
15679
50129
75643
5150
60
63
310
1510
15679
50129
64062
5150
60
63
57844
1510
2508
5150
27653
198
256
471
8439
279
2020
628
381
1546
3349
318
446
310
393
16
15
46227
16
20
30675
681
567
4021
829
26808
279
4307
1287
13
11746
11
567
958
34780
24891
310
12204
279
1918
28750
13
271
18
13
2972
45031
5217
1158
12935
92217
198
256
471
2972
8046
220
16
92217
28924
864
24959
6
7737
17839
3311
279
2020
74988
1445
5150
11
310
5150
60
27653
198
256
471
2972
8046
220
17
92217
1690
1754
7308
1510
72
63
6483
7737
1287
85146
440
279
3134
2020
11
12204
279
1918
314
279
9468
5255
318
74661
314
1330
8
57844
1510
2508
5150
27653
198
256
471
2972
8046
220
18
92217
8439
279
5255
513
13043
314
1330
11
279
1918
369
393
17
46227
50
92
1088
2508
1410
5150
53031
1332
393
50
3
369
279
2542
314
279
495
2613
314
279
13043
314
1330
303
279
2020
13
198
256
471
1165
1144
310
12204
393
50
3
364
279
2020
74988
1445
5150
11
310
5150
60
63
28750
13
271
19
13
2972
6593
7757
310
1326
1109
7860
92217
198
256
471
6558
393
43
1393
14646
381
279
2702
2984
314
7737
17839
364
24959
393
16
3
310
393
77
12576
198
256
471
6558
393
47
1393
14646
381
279
2702
2542
314
495
2613
318
72
1673
2487
279
2542
314
393
74
3
364
1754
2279
314
1330
393
17
61
74
3
303
279
7737
17839
314
24959
393
16
3
310
393
77
3
8
364
24959
393
16
3
310
393
77
12576
198
256
471
4844
11
279
2542
314
495
2613
303
1510
15679
50129
63
494
1857
1510
15
63
310
1857
1510
77
63
318
94964
8
369
393
47
1393
8
12576
198
256
471
4213
11
1510
15679
50129
63
369
220
15
20834
290
11
321
279
14505
303
1510
15679
50129
63
7618
310
9599
303
279
94170
7737
17839
13
198
256
471
1165
1144
310
1423
279
2542
314
495
2613
364
279
1146
1595
1510
15679
50129
16378
486
81
60
27653
198
256
471
1061
628
381
23424
430
25
393
50
283
387
2515
8
471
387
2257
12
16
14646
11
694
567
1144
310
7265
364
279
4581
2234
13
271
256
32645
11
264
2577
5313
25
198
256
471
18053
393
37
11909
14646
430
279
2542
314
495
2613
314
279
1118
1510
936
63
5255
303
1510
15679
50129
63
318
72
1673
2487
494
1857
1510
15
63
310
1510
936
12
16
57208
198
256
471
4844
279
2542
314
495
2613
494
1510
1445
5150
63
310
1510
951
5150
63
369
393
37
11838
5150
478
220
16
8
471
426
16518
5150
8
12576
198
256
471
2500
310
12204
393
37
11909
14646
30
198
257
471
7145
279
7308
1510
72
63
321
279
4206
2785
1141
7737
1287
1680
421
279
1510
936
63
12
337
2315
318
15
20834
290
8
314
1510
15679
50129
63
369
279
1118
2315
314
279
7737
1287
314
1510
72
63
466
2843
13
198
257
471
43274
11
1423
279
7526
1510
77
63
1680
421
393
43
1393
8
361
1097
53031
1332
393
43
1393
14646
369
279
2702
2984
314
7737
17839
364
393
16
3
310
393
77
12576
198
257
471
4844
11
279
1510
936
63
12
337
2315
369
303
279
7737
1287
314
7308
393
77
10
16
12576
198
257
471
561
1324
314
5255
494
279
7737
17839
314
24959
393
16
3
310
393
77
3
369
393
43
1393
8
12576
198
257
471
561
9376
5255
2785
279
7737
1287
314
393
77
10
16
3
513
1510
936
471
436
1393
44646
5255
13
198
257
471
561
2542
314
495
2613
364
279
1118
1510
936
63
5255
369
25
198
950
393
47
1393
8
478
1088
1272
90
1200
314
495
2613
314
279
1118
333
318
936
471
436
1393
578
1088
1272
90
5255
303
279
7737
1287
314
333
318
77
10
16
8
12576
271
256
471
2500
310
12204
393
43
1393
14646
321
393
47
1393
14646
30
198
257
471
393
43
1393
8
283
1088
1200
14717
72
28
16
92
46227
77
92
1088
1272
90
8115
1767
24734
72
14646
11
1332
2341
1767
369
279
1324
314
716
9192
13
198
257
471
393
47
1393
8
283
1088
1200
14717
72
28
16
92
46227
77
92
1088
1200
14717
74
25
580
59
1272
19390
337
2612
314
333
585
1088
1272
90
369
716
3307
580
12576
198
257
471
11396
628
381
23424
1608
15262
30715
466
539
2542
5143
18453
314
1754
2612
2234
13
198
257
471
1690
264
2574
2612
2234
393
74
3
318
2777
393
17
61
74
3
369
279
2279
681
279
1324
314
24959
494
393
16
3
310
393
77
3
421
599
279
393
74
3
12
337
2612
716
628
381
23424
13
198
257
471
393
43
1393
8
283
1088
1200
14717
74
28
15
92
61
34521
258
35733
92
1088
1272
90
1767
24734
77
11
580
14646
11
1332
56014
1272
90
1767
24734
77
11
580
14646
369
279
1324
314
24959
303
393
58
16
11
307
91027
440
279
393
74
3
337
2612
716
13
198
257
471
393
47
1393
8
283
1088
1200
14717
74
28
15
92
61
34521
258
35733
92
580
1088
49142
1088
1272
90
1767
24734
77
11
580
8
12576
271
256
471
5534
310
1698
4947
303
393
58
16
11
307
91027
440
279
393
74
3
12
337
2612
716
25
198
257
471
561
393
74
3
12
337
2612
318
15
20834
290
8
369
716
303
4947
303
26126
393
58
73
1088
49142
220
17
46227
74
10
16
92
478
220
17
61
74
11
492
1088
49142
220
17
46227
74
10
16
92
478
220
17
46227
74
10
16
92
471
220
16
91027
364
393
73
1088
689
220
15
12576
198
257
471
561
1698
628
381
23424
430
25
198
950
56014
1272
90
1767
24734
77
11
580
8
283
1088
2282
59
10686
3859
1088
35790
88216
478
220
17
61
74
14728
17
46227
74
10
16
3307
1088
1246
59
7799
3859
1088
49142
220
17
61
74
478
1088
2721
7
15
11
318
77
478
220
16
8
1088
65
2508
220
17
46227
74
10
16
92
471
220
17
61
74
14646
198
257
471
1921
264
5129
14377
369
25
198
950
6558
393
76
283
220
17
46227
74
10
16
30675
11
393
71
283
220
17
61
74
12576
198
950
56014
1272
90
1767
92
283
318
77
434
295
8
348
304
478
1088
2721
7
15
11
318
77
92964
295
478
220
16
8
471
304
14646
271
256
471
4844
11
393
43
1393
14646
321
393
47
1393
14646
628
381
23424
539
2542
5143
888
660
9468
393
74
3
318
446
310
883
220
21
15
2394
393
77
3
628
381
685
310
393
16
15
46227
16
20
30675
553
271
20
13
2972
26943
364
1754
3134
92217
198
256
471
1690
1754
3134
74988
1445
5150
11
310
5150
11
1410
5150
60
43143
198
257
220
16
13
21902
393
50
283
426
11838
5150
478
220
16
8
471
426
16518
5150
14646
11
1332
393
37
11909
14646
369
279
2542
314
495
2613
314
279
1118
1510
936
63
5255
314
1510
15679
50129
27653
198
257
220
17
13
561
4087
369
4771
17
61
50
1088
2508
1410
5150
8
12576
198
257
220
18
13
5272
4778
26793
6880
310
12204
393
17
61
50
1088
2508
1410
5150
12576
271
21
13
2972
56074
286
393
37
11909
14646
92217
198
256
471
15767
1510
936
63
318
3946
314
5255
310
2814
11
585
1673
2487
14505
1510
15
63
310
1510
936
12
16
63
1590
198
257
471
1368
1510
936
606
220
15
7561
460
220
15
13
198
257
471
7145
279
7526
1510
77
63
1680
421
393
43
1393
8
361
1097
12576
1165
628
958
7620
2624
383
1510
77
63
2394
393
43
1393
14646
369
1559
25025
2586
7459
13
198
950
471
561
8156
6608
364
1510
77
63
628
381
12572
25
2394
393
43
1393
8
1088
46451
307
1088
813
62
17
307
53031
321
1510
936
63
628
381
685
310
393
16
15
46227
16
20
30675
11
1510
77
63
369
883
393
16
15
46227
16
18
30675
466
748
13
1165
628
7620
2624
303
279
2020
393
58
15
11
220
16
15
46227
16
18
24634
3
466
7265
3018
383
393
43
1393
8
12576
198
257
471
6558
1510
77
63
381
279
7526
7308
1680
421
393
43
1393
8
361
1097
12576
4844
279
7737
1287
314
393
77
10
16
3
369
279
799
421
5435
279
1510
936
63
12
337
2315
318
331
1510
936
835
436
1393
44646
553
198
257
471
561
2542
314
495
2613
364
279
1118
1510
936
63
5255
369
25
198
950
393
47
1393
8
478
1088
1272
90
1200
314
495
2613
314
279
1118
333
318
936
471
436
1393
578
1088
1272
90
5255
303
279
7737
1287
314
333
318
77
10
16
8
12576
198
257
471
2500
310
12204
279
2542
314
495
2613
314
279
1118
1510
83
63
5255
303
279
7737
1287
314
1510
76
283
307
10
16
63
30
198
950
471
561
7737
1287
314
1510
76
63
369
10300
303
34217
1906
314
13043
11
585
1673
2487
34217
1906
314
495
2613
13
198
950
471
1987
279
1118
1510
83
63
5255
513
279
1510
83
63
23856
13043
314
1330
303
279
716
9192
314
1510
76
27653
198
950
471
1165
1144
310
2542
279
495
2613
314
279
1510
83
63
23856
716
9192
303
1510
76
27653
198
950
471
1946
635
411
11
28662
888
279
9192
314
1510
76
63
494
3238
310
1496
11
321
884
279
26793
393
74
3
364
1754
716
2612
2980
567
599
3568
1510
83
63
9192
13
271
22
13
2972
35629
11956
92217
198
256
471
4807
26808
4161
11
694
958
5568
310
12204
393
43
1393
14646
321
393
47
1393
14646
383
279
11137
364
2574
1510
77
63
318
940
279
2612
25730
286
14377
553
198
256
471
17190
2624
364
1510
77
63
2574
1510
936
63
303
393
37
11909
8
12576
198
256
471
85943
391
12204
279
2542
314
279
1118
1510
83
63
495
2613
303
279
7737
1287
314
264
2574
1324
1510
76
27653
271
9764
579
4072
2923
539
2923
13
271
8839
25
561
6966
26793
393
74
3
567
1144
310
2814
369
685
310
883
220
21
15
318
10957
393
17
46227
21
15
92
1088
46451
220
16
15
46227
16
23
30675
553
271
9764
579
1970
26211
13
271
71093
12305
198
1445
18904
1120
1697
271
727
1423
4662
53406
7
41419
25
1697
50246
18078
28649
1411
1697
18078
5491
198
262
687
1698
13594
1393
11
580
1590
198
285
4071
2427
4947
303
498
16
11
307
60
440
279
580
7324
2612
716
71483
198
285
413
307
2564
220
15
25
198
309
460
220
15
198
285
295
283
220
16
1079
318
74
478
220
16
8
198
285
304
283
220
16
1079
580
198
285
2400
66636
283
307
434
295
198
285
25472
283
307
984
295
198
285
1698
1201
37785
283
304
198
285
1698
283
2400
66636
348
1698
1201
37785
198
285
653
733
279
9376
919
11
279
580
7324
2612
369
716
364
4947
494
304
310
1262
7
74734
11
295
12
16
8
198
285
653
32645
11
279
580
7324
2612
369
716
303
279
2020
498
71
11
295
12
16
60
2785
1754
10458
314
2984
295
13
198
285
653
733
279
6907
10458
318
15
310
25472
681
279
580
7324
2612
369
716
364
4947
303
498
71
11
25472
60
413
25472
2518
304
11
745
220
15
13
198
285
653
1921
5020
25
279
2020
303
279
6907
10458
369
498
15
11
25472
906
198
285
653
561
580
7324
2612
369
716
364
830
303
498
71
11
1262
7
74734
11
295
12
16
7025
694
2394
25472
361
295
11
424
579
498
71
11
25472
60
413
25472
2518
304
13
198
285
413
25472
2518
304
25
198
309
1698
1373
318
74734
471
304
478
220
16
8
198
285
460
1698
271
262
687
436
1393
1590
198
285
4071
7354
2984
314
7737
17839
364
24959
220
16
310
307
71483
198
285
413
307
2564
220
15
25
198
309
460
220
15
198
285
2702
283
220
15
198
285
653
580
494
220
15
310
220
21
15
198
285
364
580
303
2020
7
21
16
1590
198
309
413
318
16
1079
580
8
835
307
25
198
388
1387
198
309
2702
1373
1698
13594
1393
11
580
8
198
285
460
2702
271
262
687
387
1393
1590
198
285
4071
7354
2542
314
495
2613
303
7737
17839
364
24959
220
16
310
307
71483
198
285
413
307
2564
220
15
25
198
309
460
220
15
198
285
2702
283
220
15
198
285
364
580
303
2020
7
21
16
1590
198
309
413
318
16
1079
580
8
835
307
25
198
388
1387
198
309
272
283
1698
13594
1393
11
580
8
198
309
2702
1373
580
348
272
198
285
460
2702
271
262
687
2542
12606
516
2615
2613
1212
11
259
1590
198
285
4071
8917
279
495
2613
314
279
1118
259
5255
303
279
7737
1287
314
295
318
27379
539
26793
34217
553
12237
198
285
413
259
2564
220
15
25
198
309
460
220
15
198
285
1698
283
220
15
198
285
274
283
220
15
198
285
364
580
303
2020
7
21
16
1590
198
309
413
318
16
1079
580
8
835
295
25
198
388
1387
198
309
413
318
76
594
318
16
1079
580
35497
198
388
413
1698
361
259
25
198
493
274
1373
580
198
493
1698
1373
220
16
198
493
413
1698
606
259
25
198
646
1387
198
388
745
25
198
493
1387
198
285
460
274
271
262
687
426
11909
1590
198
285
4071
8917
314
495
2613
314
279
1118
359
936
6
5255
314
2330
50129
318
14553
220
15
310
1097
12
16
553
12237
198
285
413
1097
2564
220
15
25
198
309
460
220
15
198
285
653
17190
2624
364
279
7526
307
1680
421
436
1393
8
361
1097
198
285
750
11
15131
283
220
15
11
220
16
15
332
16
18
220
653
15131
25
307
1680
421
436
3101
72
8
2518
1097
198
285
653
1921
436
1393
8
26817
16757
430
307
1433
307
11
748
364
1097
685
310
220
16
68
16
20
11
307
369
883
220
16
68
16
18
30
6558
579
716
15131
20359
13
198
285
653
1165
1366
436
1393
8
2518
307
11
748
15131
283
1097
369
5902
694
3349
13
6558
579
958
15131
283
220
16
15
332
16
20
11
694
7620
2624
668
381
1433
17
7
16
68
16
20
8
3835
220
20
15
7123
13
198
285
653
4213
11
436
1393
8
364
307
28
16
68
16
18
369
883
220
16
68
16
18
348
220
19
18
283
220
19
13
18
68
16
19
11
321
364
307
28
17
68
16
18
424
579
883
220
23
13
21
68
16
19
11
748
364
1097
28
16
68
16
20
11
307
369
883
220
19
68
16
18
30
695
285
653
6558
579
716
15131
283
220
16
15
332
16
19
310
381
5902
13
198
285
15131
283
220
16
15
332
16
19
198
285
653
7145
7526
307
440
436
1393
8
361
1097
198
285
1345
750
361
15131
25
198
309
4937
283
318
379
478
15131
478
220
16
8
434
220
17
198
309
413
436
54987
8
361
1097
25
198
388
750
283
4937
198
309
745
25
198
388
15131
283
4937
471
220
16
198
285
307
283
750
198
285
653
436
1393
8
361
1097
2564
436
1393
10
16
8
198
285
653
561
1118
1097
5255
6475
314
25
198
285
653
1942
7737
17839
364
220
16
486
77
11
321
279
1118
318
936
471
436
1393
578
5255
314
279
7737
1287
314
307
10
16
13
198
285
2343
1054
283
436
1393
8
198
285
280
1054
283
387
1393
8
198
285
259
283
1097
471
2343
1054
198
285
295
283
307
478
220
16
198
285
4799
283
2542
12606
516
2615
2613
1212
11
259
8
198
285
460
280
1054
478
4799
271
262
687
1410
54294
12300
11
1295
11
1410
1590
198
285
413
1410
606
220
16
25
198
309
460
220
15
198
285
1067
283
220
16
198
285
2255
283
2255
984
1410
198
285
1345
1295
25
198
309
413
1295
594
220
16
25
198
388
1067
283
318
1334
348
2255
8
984
1410
198
309
1295
31878
220
16
198
309
2255
283
318
3051
348
2255
8
984
1410
198
285
460
1067
271
262
7843
283
2958
198
262
364
2715
303
18959
25
198
285
494
5150
11
310
5150
11
1410
5150
283
2715
198
285
653
21902
2542
314
495
2613
303
2330
50129
75643
5150
5074
310
5150
60
198
285
653
283
426
11838
5150
478
220
16
8
471
426
16518
5150
8
198
285
326
283
426
11838
5150
478
220
16
8
471
426
16518
5150
8
198
285
577
283
1410
54294
7
17
11
326
11
1410
5150
8
198
285
7843
1989
4441
8
198
262
460
7843
198
71093
248046
198