248045
846
198
4274
279
2614
709
11618
321
4479
889
11
6999
4072
279
709
7246
321
1440
660
279
6813
13
2972
5683
4045
67305
3067
13209
50
159029
271
2523
1220
14623
279
1970
488
10490
303
264
64504
1970
2424
318
784
9609
31789
318
19458
668
31153
279
3889
5568
8
271
71093
198
1445
18904
1120
1697
11
11906
1358
727
1262
55426
2270
10392
15221
3256
10578
25
514
11
457
25
514
11
357
25
1697
50246
18078
19867
417
25
1697
50246
18078
28649
1411
11906
18078
5491
198
262
4071
15767
1330
54455
357
321
417
314
14890
462
830
457
11
7995
413
424
579
3102
310
5000
695
262
5646
357
1083
5646
417
1608
1132
23194
2713
70664
321
23194
3145
70664
13
198
1031
262
24093
5252
25
198
262
471
42398
2713
585
440
2713
585
10
16
318
1891
220
16
2564
585
361
462
8
198
262
471
42398
3145
585
440
3145
585
10
16
318
1891
220
16
2564
585
361
457
8
198
1031
262
1368
17454
369
3102
11
460
279
7776
1324
314
7289
2483
13
198
262
1368
17454
369
11656
11
460
2168
13
198
1031
262
17167
25
198
285
462
25
5447
314
6761
318
17
2564
462
2564
220
20
8
198
285
457
25
5447
314
7890
318
17
2564
457
2564
220
20
8
198
285
357
25
3991
5646
430
264
1103
314
11140
198
285
417
25
13095
5646
430
264
1103
314
11140
6987
262
5019
25
198
285
29910
1324
314
7289
413
3102
11
2168
5752
6987
262
11765
1262
55426
2270
10392
15221
3256
7
17
11
220
17
11
4177
17
11
220
16
1089
498
16
11
220
17
19867
4177
16
11
220
17
1089
498
17
11
220
16
28649
198
262
220
16
198
262
11765
1262
55426
2270
10392
15221
3256
7
17
11
220
17
11
4177
16
11
220
16
1089
498
16
11
220
16
19867
4177
16
11
220
16
1089
498
16
11
220
16
15
15
15
15
15
15
15
15
15
28649
198
262
2168
198
262
11765
1262
55426
2270
10392
15221
3256
7
18
11
220
18
11
4177
23
11
220
16
11
220
21
1089
498
18
11
220
20
11
220
22
1089
498
19
11
220
24
11
220
17
19867
4177
23
11
220
16
11
220
21
1089
498
18
11
220
20
11
220
22
1089
498
19
11
220
24
11
220
17
28649
198
262
220
15
198
262
4071
271
727
1716
69574
1590
198
262
653
3284
1105
220
16
25
8722
220
17
87
17
5646
440
799
13881
4221
198
262
1992
8871
7
17
11
220
17
11
4177
17
11
220
16
1089
498
16
11
220
17
19867
4177
16
11
220
17
1089
498
17
11
220
16
28649
606
220
16
6987
262
653
3284
1105
220
17
25
79801
17454
198
262
1992
8871
7
17
11
220
17
11
4177
17
11
220
16
1089
498
16
11
220
17
19867
4177
16
11
220
17
1089
498
16
11
220
17
28649
606
2168
6987
262
653
3284
1105
220
18
25
38205
18922
54455
198
262
1992
8871
7
17
11
220
17
11
4177
17
20
19
17
15
23
24
16
24
11
220
17
20
19
17
15
23
24
16
24
1089
498
17
20
19
17
15
23
24
16
24
11
220
17
20
19
17
15
23
24
16
24
19867
695
3388
4177
17
20
19
17
15
23
24
16
24
11
220
17
20
19
17
15
23
24
16
24
1089
498
17
20
19
17
15
23
24
16
24
11
220
17
20
19
17
15
23
24
16
24
28649
606
220
15
6987
262
653
3284
1105
220
19
25
32290
5255
11
11656
198
262
1992
8871
7
17
11
220
17
11
4177
19
24
24
17
18
15
18
24
15
11
220
18
22
23
16
15
17
18
15
23
1089
498
24
23
17
22
23
23
18
15
20
11
220
19
20
15
18
19
19
19
18
23
19867
695
3388
4177
23
22
21
17
18
16
18
16
23
11
220
19
16
16
22
15
22
18
17
16
1089
498
21
20
18
20
21
18
18
21
18
11
220
20
24
15
22
23
19
20
17
20
28649
606
2168
6987
262
653
3284
1105
220
20
25
220
17
87
18
5646
198
262
1992
8871
7
17
11
220
18
11
4177
23
16
22
21
23
21
16
15
15
11
220
23
16
22
21
23
21
16
15
15
11
220
23
16
22
21
23
21
16
15
15
1089
498
23
22
15
15
24
17
20
16
22
11
220
23
22
15
15
24
17
20
16
22
11
220
23
16
22
21
23
21
16
15
15
19867
695
3388
4177
23
22
15
15
24
17
20
16
22
11
220
23
16
22
21
23
21
16
15
15
11
220
23
22
15
15
24
17
20
16
22
1089
498
23
16
22
21
23
21
16
15
15
11
220
23
16
22
21
23
21
16
15
15
11
220
23
16
22
21
23
21
16
15
15
28649
606
220
17
6987
262
653
3284
1105
220
21
25
220
18
87
17
11656
198
262
1992
8871
7
18
11
220
17
11
4177
19
22
17
21
22
22
21
23
15
11
220
17
20
22
15
16
16
16
15
18
1089
498
23
18
22
16
20
24
17
19
17
11
220
16
15
23
17
23
17
18
20
21
1089
498
22
17
23
19
24
24
20
22
16
11
220
20
24
17
24
20
19
20
18
22
19867
695
3388
4177
20
22
19
22
15
22
22
20
16
11
220
17
24
17
16
24
18
23
16
21
1089
498
16
22
23
18
20
20
22
18
21
11
220
23
18
19
18
21
17
16
15
19
1089
498
18
22
18
19
17
16
17
23
11
220
17
19
24
24
15
23
24
16
23
28649
606
2168
6987
262
653
3284
1105
220
22
25
220
19
87
17
5646
198
262
1992
8871
7
19
11
220
17
11
4177
24
18
19
16
24
16
16
19
16
11
220
17
23
21
22
16
20
22
17
24
1089
498
16
15
21
22
22
22
22
20
20
11
220
18
24
20
18
18
22
19
22
17
1089
498
23
15
16
21
16
17
24
18
17
11
220
20
22
18
16
16
22
23
18
20
1089
498
17
21
17
15
20
17
22
16
23
11
220
17
16
19
16
21
21
21
24
18
19867
695
3388
4177
17
21
17
15
20
17
22
16
23
11
220
17
16
19
16
21
21
21
24
18
1089
498
16
15
21
22
22
22
22
20
20
11
220
18
24
20
18
18
22
19
22
17
1089
498
24
18
19
16
24
16
16
19
16
11
220
17
23
21
22
16
20
22
17
24
1089
498
23
15
16
21
16
17
24
18
17
11
220
20
22
18
16
16
22
23
18
20
28649
606
220
19
6987
262
653
3284
1105
220
23
25
1942
1788
5255
198
262
1992
8871
7
17
11
220
20
11
4177
21
20
21
18
23
23
15
18
24
60
348
220
20
60
348
220
17
11
4177
21
20
21
18
23
23
15
18
24
60
348
220
20
60
348
220
17
8
606
220
15
6987
262
653
3284
1105
220
24
25
21412
220
20
87
20
5646
198
262
357
24
283
4177
24
17
20
17
18
19
23
16
20
11
220
16
24
20
17
15
17
19
17
15
11
220
24
23
20
17
24
18
22
15
17
11
220
24
17
20
17
18
19
23
16
20
11
220
20
23
19
24
22
24
23
18
24
1089
198
670
498
24
23
20
17
24
18
22
15
17
11
220
24
17
20
17
18
19
23
16
20
11
220
24
17
20
17
18
19
23
16
20
11
220
16
24
20
17
15
17
19
17
15
11
220
24
22
18
22
16
24
18
20
24
1089
198
670
498
22
17
15
20
16
15
20
20
18
11
220
24
23
20
17
24
18
22
15
17
11
220
24
22
18
22
16
24
18
20
24
11
220
20
23
19
24
22
24
23
18
24
11
220
22
17
15
20
16
15
20
20
18
1089
198
670
498
22
24
22
22
15
22
20
24
15
11
220
21
19
18
15
18
22
16
24
20
11
220
24
23
20
17
24
18
22
15
17
11
220
22
17
15
20
16
15
20
20
18
11
220
24
17
20
17
18
19
23
16
20
1089
198
670
498
16
24
20
17
15
17
19
17
15
11
220
22
17
15
20
16
15
20
20
18
11
220
22
24
22
22
15
22
20
24
15
11
220
16
24
20
17
15
17
19
17
15
11
220
22
17
15
20
16
15
20
20
18
4891
198
262
417
24
283
4177
16
24
20
17
15
17
19
17
15
11
220
16
24
20
17
15
17
19
17
15
11
220
22
17
15
20
16
15
20
20
18
11
220
22
24
22
22
15
22
20
24
15
11
220
22
17
15
20
16
15
20
20
18
1089
198
670
498
22
17
15
20
16
15
20
20
18
11
220
22
24
22
22
15
22
20
24
15
11
220
21
19
18
15
18
22
16
24
20
11
220
24
23
20
17
24
18
22
15
17
11
220
24
17
20
17
18
19
23
16
20
1089
198
670
498
16
24
20
17
15
17
19
17
15
11
220
24
23
20
17
24
18
22
15
17
11
220
24
17
20
17
18
19
23
16
20
11
220
24
17
20
17
18
19
23
16
20
11
220
24
22
18
22
16
24
18
20
24
1089
198
670
498
24
17
20
17
18
19
23
16
20
11
220
24
17
20
17
18
19
23
16
20
11
220
16
24
20
17
15
17
19
17
15
11
220
24
23
20
17
24
18
22
15
17
11
220
20
23
19
24
22
24
23
18
24
1089
198
670
498
20
23
19
24
22
24
23
18
24
11
220
22
17
15
20
16
15
20
20
18
11
220
24
23
20
17
24
18
22
15
17
11
220
24
22
18
22
16
24
18
20
24
11
220
22
17
15
20
16
15
20
20
18
4891
198
262
1992
8871
7
20
11
220
20
11
357
24
11
417
24
8
606
220
16
16
6987
262
653
3284
1105
220
16
15
25
220
20
87
20
7620
12317
198
262
357
16
15
283
4177
19
17
23
18
24
18
16
23
19
11
220
16
19
16
19
16
17
19
17
16
11
220
16
19
16
19
16
17
19
17
16
11
220
16
19
16
19
16
17
19
17
16
11
220
19
17
23
18
24
18
16
23
19
1089
198
1779
498
16
19
16
19
16
17
19
17
16
11
220
16
19
16
19
16
17
19
17
16
11
220
19
17
23
18
24
18
16
23
19
11
220
19
17
23
18
24
18
16
23
19
11
220
19
17
23
18
24
18
16
23
19
1089
198
1779
498
19
17
23
18
24
18
16
23
19
11
220
19
17
23
18
24
18
16
23
19
11
220
16
19
16
19
16
17
19
17
16
11
220
16
19
16
19
16
17
19
17
16
11
220
19
17
23
18
24
18
16
23
19
1089
198
1779
498
16
19
16
19
16
17
19
17
16
11
220
16
19
16
19
16
17
19
17
16
11
220
19
17
23
18
24
18
16
23
19
11
220
16
19
16
19
16
17
19
17
16
11
220
19
17
23
18
24
18
16
23
19
1089
198
1779
498
19
17
23
18
24
18
16
23
19
11
220
19
17
23
18
24
18
16
23
19
11
220
16
19
16
19
16
17
19
17
16
11
220
19
17
23
18
24
18
16
23
19
11
220
16
19
16
19
16
17
19
17
16
4891
198
262
417
16
15
283
4177
19
17
23
18
24
18
16
23
19
11
220
19
17
23
18
24
18
16
23
19
11
220
16
19
16
19
16
17
19
17
16
11
220
16
19
16
19
16
17
19
17
16
11
220
16
19
16
19
16
17
19
17
16
1089
198
1779
498
16
19
16
19
16
17
19
17
16
11
220
19
17
23
18
24
18
16
23
19
11
220
19
17
23
18
24
18
16
23
19
11
220
16
19
16
19
16
17
19
17
16
11
220
19
17
23
18
24
18
16
23
19
1089
198
1779
498
16
19
16
19
16
17
19
17
16
11
220
19
17
23
18
24
18
16
23
19
11
220
19
17
23
18
24
18
16
23
19
11
220
16
19
16
19
16
17
19
17
16
11
220
16
19
16
19
16
17
19
17
16
1089
198
1779
498
19
17
23
18
24
18
16
23
19
11
220
19
17
23
18
24
18
16
23
19
11
220
16
19
16
19
16
17
19
17
16
11
220
19
17
23
18
24
18
16
23
19
11
220
16
19
16
19
16
17
19
17
16
1089
198
1779
498
16
19
16
19
16
17
19
17
16
11
220
16
19
16
19
16
17
19
17
16
11
220
19
17
23
18
24
18
16
23
19
11
220
19
17
23
18
24
18
16
23
19
11
220
19
17
23
18
24
18
16
23
19
4891
198
262
1992
8871
7
20
11
220
20
11
357
16
15
11
417
16
15
8
606
220
16
16
6987
262
653
3284
1105
220
16
16
25
79801
220
20
87
20
198
262
357
16
16
283
4177
18
22
19
23
23
15
16
21
18
11
220
21
20
23
21
16
17
19
21
22
11
220
23
17
17
23
23
20
16
24
19
11
220
17
21
17
20
17
15
19
16
22
11
220
22
20
23
18
24
17
19
24
17
1089
198
1779
498
22
20
23
18
24
17
19
24
17
11
220
17
21
17
20
17
15
19
16
22
11
220
21
20
23
21
16
17
19
21
22
11
220
21
20
23
21
16
17
19
21
22
11
220
24
22
24
15
18
16
15
17
22
1089
198
1779
498
23
17
17
23
23
20
16
24
19
11
220
24
15
22
16
20
17
22
19
15
11
220
24
15
22
16
20
17
22
19
15
11
220
24
15
22
16
20
17
22
19
15
11
220
22
20
23
18
24
17
19
24
17
1089
198
1779
498
17
21
17
20
17
15
19
16
22
11
220
21
20
23
21
16
17
19
21
22
11
220
24
22
24
15
18
16
15
17
22
11
220
17
21
17
20
17
15
19
16
22
11
220
24
18
22
19
19
17
17
19
17
1089
198
1779
498
18
22
19
23
23
15
16
21
18
11
220
22
20
23
18
24
17
19
24
17
11
220
18
22
19
23
23
15
16
21
18
11
220
18
22
19
23
23
15
16
21
18
11
220
24
22
24
15
18
16
15
17
22
4891
198
262
417
16
16
283
4177
18
22
19
23
23
15
16
21
18
11
220
21
20
23
21
16
17
19
21
22
11
220
23
17
17
23
23
20
16
24
19
11
220
17
21
17
20
17
15
19
16
22
11
220
22
20
23
18
24
17
19
24
17
1089
198
1779
498
22
20
23
18
24
17
19
24
17
11
220
18
22
19
23
23
15
16
21
18
11
220
21
20
23
21
16
17
19
21
22
11
220
21
20
23
21
16
17
19
21
22
11
220
24
22
24
15
18
16
15
17
22
1089
198
1779
498
23
17
17
23
23
20
16
24
19
11
220
24
15
22
16
20
17
22
19
15
11
220
24
15
22
16
20
17
22
19
15
11
220
24
15
22
16
20
17
22
19
15
11
220
22
20
23
18
24
17
19
24
17
1089
198
1779
498
17
21
17
20
17
15
19
16
22
11
220
21
20
23
21
16
17
19
21
22
11
220
24
22
24
15
18
16
15
17
22
11
220
17
21
17
20
17
15
19
16
22
11
220
24
18
22
19
19
17
17
19
17
1089
198
1779
498
17
21
17
20
17
15
19
16
22
11
220
22
20
23
18
24
17
19
24
17
11
220
18
22
19
23
23
15
16
21
18
11
220
18
22
19
23
23
15
16
21
18
11
220
24
22
24
15
18
16
15
17
22
4891
198
262
1992
8871
7
20
11
220
20
11
357
16
16
11
417
16
16
8
606
2168
6987
262
653
3284
1105
220
16
17
25
18564
1879
220
16
198
262
357
16
17
283
4177
16
11
220
17
11
220
18
11
220
19
11
220
20
1089
498
21
11
220
22
11
220
23
11
220
24
11
220
16
15
1089
498
16
16
11
220
16
17
11
220
16
18
11
220
16
19
11
220
16
20
1089
498
16
21
11
220
16
22
11
220
16
23
11
220
16
24
11
220
17
15
4891
198
262
417
16
17
283
4177
16
11
220
18
11
220
17
11
220
20
11
220
19
1089
498
16
16
11
220
16
18
11
220
16
17
11
220
16
20
11
220
16
19
1089
498
21
11
220
23
11
220
22
11
220
16
15
11
220
24
1089
498
16
21
11
220
16
23
11
220
16
22
11
220
17
15
11
220
16
24
4891
198
262
1992
8871
7
19
11
220
20
11
357
16
17
11
417
16
17
8
606
220
18
6987
262
653
3284
1105
220
16
18
25
18564
1879
220
19
198
262
357
16
18
283
4177
22
16
15
20
16
16
15
17
24
11
220
16
18
21
18
24
22
20
17
22
11
220
22
21
18
15
17
22
18
22
24
11
220
21
19
19
22
15
21
24
17
22
11
220
19
19
22
21
22
17
17
18
15
1089
198
1779
498
24
22
24
23
21
16
17
15
19
11
220
20
22
23
23
17
19
24
18
11
220
19
19
17
24
18
16
20
23
24
11
220
24
20
16
15
20
18
21
19
19
11
220
16
20
17
18
15
15
21
23
23
1089
198
1779
498
19
18
24
22
16
18
22
15
11
220
16
17
21
20
16
20
19
22
20
11
220
24
21
17
16
18
24
24
24
21
11
220
20
19
16
17
23
17
18
15
18
11
220
23
18
19
15
17
17
20
22
23
1089
198
1779
498
18
16
17
20
17
18
15
18
24
11
220
20
15
21
21
24
21
19
24
22
11
220
21
21
19
24
17
17
22
16
17
11
220
19
16
19
22
17
15
22
20
18
11
220
18
15
19
21
17
16
18
21
17
1089
198
1779
498
18
17
20
17
21
24
23
18
17
11
220
16
24
16
19
16
15
23
18
23
11
220
17
23
21
22
20
16
22
23
19
11
220
22
18
17
22
19
16
23
19
24
11
220
23
15
21
21
15
17
21
24
18
4891
198
262
417
16
18
283
4177
23
15
21
21
15
17
21
24
18
11
220
22
18
17
22
19
16
23
19
24
11
220
17
23
21
22
20
16
22
23
19
11
220
16
24
16
19
16
15
23
18
23
11
220
18
17
20
17
21
24
23
18
17
1089
198
1779
498
18
15
19
21
17
16
18
21
17
11
220
19
16
19
22
17
15
22
20
18
11
220
21
21
19
24
17
17
22
16
17
11
220
20
15
21
21
24
21
19
24
22
11
220
18
16
17
20
17
18
15
18
24
1089
198
1779
498
23
18
19
15
17
17
20
22
23
11
220
20
19
16
17
23
17
18
15
18
11
220
24
21
17
16
18
24
24
24
21
11
220
16
17
21
20
16
20
19
22
20
11
220
19
18
24
22
16
18
22
15
1089
198
1779
498
16
20
17
18
15
15
21
23
23
11
220
24
20
16
15
20
18
21
19
19
11
220
19
19
17
24
18
16
20
23
24
11
220
20
22
23
23
17
19
24
18
11
220
24
22
24
23
21
16
17
15
19
1089
198
1779
498
19
19
22
21
22
17
17
18
15
11
220
21
19
19
22
15
21
24
17
22
11
220
22
21
18
15
17
22
18
22
24
11
220
16
18
21
18
24
22
20
17
22
11
220
22
16
15
20
16
16
15
17
24
4891
198
262
1992
8871
7
20
11
220
20
11
357
16
18
11
417
16
18
8
606
220
17
15
271
2
5272
1716
13741
55426
2270
10392
15221
3256
8
310
1542
6813
13
198
71093
248046
198
248045
74455
198
248068
271
248069
271
21765
506
411
3377
11
353
1144
310
25
271
16
13
4109
413
5646
417
628
381
11832
494
5646
357
539
791
6767
286
6761
321
7890
198
17
13
1368
9542
11
1423
279
7776
1324
314
23194
70664
4221
310
10752
1782
69505
198
18
13
561
2702
7289
283
318
1030
23194
70664
310
615
2713
56470
8
478
318
1030
23194
70664
310
615
3145
56470
8
271
332
1536
24891
64700
198
12
1368
567
628
13457
1035
6761
321
7890
314
357
310
615
417
11
1179
279
2713
56470
321
3145
56470
513
9209
198
12
1690
264
2574
56470
11
279
7776
1324
314
23194
70664
310
10752
424
369
279
1324
314
1475
34109
303
421
56470
198
12
1165
1144
310
1423
12719
2610
2713
69505
321
3145
69505
11
1179
1423
279
10286
421
20537
4603
2702
1475
34109
271
332
26943
64700
198
16
13
5339
11
1716
413
417
579
2658
47535
314
5255
16327
357
579
2658
47535
318
90966
2876
8
198
17
13
9446
660
69505
314
6761
318
446
310
220
20
0
283
220
16
17
15
8
198
18
13
1690
1754
2713
56470
11
1716
413
279
12571
5646
628
381
22773
310
417
539
3145
69505
198
19
13
1946
1716
3145
69505
25
364
264
8097
2713
56470
11
279
7890
314
279
12571
5646
1902
2353
7890
314
417
303
1010
1906
13
1165
628
7995
413
1017
579
264
2610
3145
56470
321
1423
279
799
440
7776
1475
34109
13
271
13784
11
1042
728
1683
777
15060
13
1690
264
8097
2713
56470
11
567
615
5646
357
4282
4844
567
1144
310
1716
413
357
6
628
381
22773
310
417
539
3145
70664
13
1061
3254
1017
6513
264
3145
56470
1680
421
18377
424
310
357
6
6486
417
13
271
2381
264
8097
2713
56470
11
1042
579
1436
413
1017
579
264
2610
3145
56470
13
1165
628
1380
660
3145
69505
318
446
310
220
20
0
283
220
16
17
15
8
321
1716
413
279
1067
16327
417
13
1690
1754
2610
3145
56470
11
12204
1141
44935
1698
13
11440
279
7776
13
271
11861
364
1754
2610
2713
56470
11
567
599
279
7776
3145
44935
1698
13
10342
283
2713
1201
27372
478
1327
1201
27372
7033
13
271
12189
462
11
457
36059
220
20
11
567
599
506
1379
220
16
17
15
23985
220
16
17
15
283
220
16
19
11
19
15
15
26569
310
1716
11
864
369
6699
13
271
9764
728
4072
411
25
271
71093
12305
198
1445
18904
1120
1697
11
11906
198
1445
39965
1120
69505
1358
727
1262
55426
2270
10392
15221
3256
10578
25
514
11
457
25
514
11
357
25
1697
50246
18078
19867
417
25
1697
50246
18078
28649
1411
11906
18078
5491
198
262
4071
15767
1330
54455
357
321
417
314
14890
462
830
457
11
7995
413
424
579
3102
310
5000
695
262
5646
357
1083
5646
417
1608
1132
23194
2713
70664
321
23194
3145
70664
13
198
1031
262
24093
5252
25
198
262
471
42398
2713
585
440
2713
585
10
16
318
1891
220
16
2564
585
361
462
8
198
262
471
42398
3145
585
440
3145
585
10
16
318
1891
220
16
2564
585
361
457
8
198
1031
262
1368
17454
369
3102
11
460
279
7776
1324
314
7289
2483
13
198
262
1368
17454
369
11656
11
460
2168
13
198
1031
262
17167
25
198
285
462
25
5447
314
6761
318
17
2564
462
2564
220
20
8
198
285
457
25
5447
314
7890
318
17
2564
457
2564
220
20
8
198
285
357
25
3991
5646
430
264
1103
314
11140
198
285
417
25
13095
5646
430
264
1103
314
11140
6987
262
5019
25
198
285
29910
1324
314
7289
413
3102
11
2168
5752
6987
262
11765
1262
55426
2270
10392
15221
3256
7
17
11
220
17
11
4177
17
11
220
16
1089
498
16
11
220
17
19867
4177
16
11
220
17
1089
498
17
11
220
16
28649
198
262
220
16
198
262
11765
1262
55426
2270
10392
15221
3256
7
17
11
220
17
11
4177
16
11
220
16
1089
498
16
11
220
16
19867
4177
16
11
220
16
1089
498
16
11
220
16
15
15
15
15
15
15
15
15
15
28649
198
262
2168
198
262
11765
1262
55426
2270
10392
15221
3256
7
18
11
220
18
11
4177
23
11
220
16
11
220
21
1089
498
18
11
220
20
11
220
22
1089
498
19
11
220
24
11
220
17
19867
4177
23
11
220
16
11
220
21
1089
498
18
11
220
20
11
220
22
1089
498
19
11
220
24
11
220
17
28649
198
262
220
15
198
262
4071
198
1031
262
687
1698
1201
27372
7
19306
1590
198
285
4071
2427
279
1324
314
1475
34109
303
264
56470
71483
198
285
1475
34109
283
220
15
198
285
307
283
2343
7
19306
8
198
285
364
585
303
2020
1393
1590
198
309
364
492
303
2020
1889
478
220
16
11
307
1590
198
388
413
13457
957
60
835
13457
3681
5491
198
493
1475
34109
1373
220
16
198
285
460
1475
34109
6987
262
687
3668
8268
30909
21999
24515
11
13457
1590
198
285
4071
27567
2713
56470
310
5646
13
13457
369
264
1103
1332
13457
957
60
369
279
3889
2713
1857
71483
198
285
460
498
4064
58
19306
957
4891
364
585
303
2020
6686
24515
78589
198
1031
262
687
3668
9907
30909
21999
24515
11
13457
1590
198
285
4071
27567
3145
56470
310
5646
13
13457
369
264
1103
1332
13457
957
60
369
279
3889
1327
1857
364
2234
585
71483
198
285
462
283
2343
24515
8
198
285
457
283
2343
24515
58
15
2387
198
285
460
4177
4064
957
1404
19306
3681
4891
364
492
303
2020
13628
7025
364
585
303
2020
10578
7025
198
1031
262
653
19208
660
69505
364
6761
321
7890
198
262
2713
94662
283
1103
50757
50011
21649
10578
7461
198
262
1327
94662
283
1103
50757
50011
21649
13628
7461
198
1031
262
1786
283
2168
6987
262
364
32010
303
2713
94662
25
198
285
653
19927
2713
56470
310
357
198
285
357
30909
2686
283
3668
8268
30909
21999
4205
11
32010
8
198
1726
285
653
4109
413
357
30909
2686
628
381
22773
310
417
539
3145
56470
198
285
1262
9907
19387
283
2168
198
285
364
12133
303
1327
94662
25
198
309
357
30909
2686
24542
283
3668
9907
30909
21999
4205
30909
2686
11
12133
8
198
309
413
357
30909
2686
24542
606
417
25
198
388
1475
283
1698
1201
27372
42615
8
198
388
413
1262
9907
19387
369
2168
466
1475
361
1262
9907
19387
25
198
493
1262
9907
19387
283
1475
8675
285
413
1262
9907
19387
369
524
2168
25
198
309
2713
19387
283
1698
1201
27372
92652
8
198
309
2702
283
2713
19387
478
1262
9907
19387
198
309
413
1786
369
2168
466
2702
361
1786
25
198
388
1786
283
2702
6987
262
460
1786
198
71093
271
13784
11
353
1144
310
37781
279
44935
24217
13
3095
567
599
264
56470
1510
19306
63
1332
1510
19306
957
60
63
369
279
3889
1857
421
5601
310
2234
1510
72
7561
279
1324
314
23194
70664
4221
369
279
1324
314
1475
34109
303
1510
19306
27653
271
9764
728
9845
25
413
13457
283
498
16
11
220
15
1089
421
3254
3889
2713
220
16
5601
310
2234
220
15
11
321
3889
2713
220
15
5601
310
2234
220
16
13
1946
615
494
498
15
11
220
16
60
310
498
16
11
220
15
1089
567
1144
220
16
13881
13
733
27372
303
498
16
11
220
15
5491
318
16
11
15
8
369
799
44935
13
38643
13
271
2592
13457
283
498
17
11
220
15
11
220
16
1089
421
3254
3889
2713
220
17
5601
310
1097
220
15
11
3889
2713
220
15
5601
310
1097
220
16
11
3889
2713
220
16
5601
310
1097
220
17
13
26760
494
498
15
11
220
16
11
220
17
1089
567
1144
310
615
498
17
11
220
15
11
220
16
906
733
27372
303
498
17
11
220
15
11
220
16
5491
318
17
11
15
681
318
17
11
16
8
283
220
17
1475
34109
13
6558
579
9845
25
498
15
11
16
11
17
60
1411
13881
220
16
11
17
25
498
15
11
17
11
16
60
1411
13881
220
15
11
17
25
498
17
11
15
11
16
906
2844
579
220
17
70664
13
38643
13
271
4272
279
5313
369
4252
13
6558
728
11319
1472
1228
1105
220
16
25
198
12
462
28
17
11
457
28
17
11
357
44404
17
11
16
14522
16
11
17
19867
417
44404
16
11
17
14522
17
11
16
4891
198
12
10484
79442
25
498
15
11
16
1089
498
16
11
15
60
198
12
4115
79442
25
498
15
11
16
1089
498
16
11
15
60
271
2381
32010
5637
15
11
16
5491
357
30909
2686
283
4177
17
11
16
14522
16
11
17
4891
198
220
471
12133
5637
15
11
16
5491
1067
283
4177
17
11
16
14522
16
11
17
4891
931
417
198
220
471
12133
5637
16
11
15
5491
1067
283
4177
16
11
17
14522
17
11
16
4891
606
417
11
1475
28
16
198
220
471
1262
9907
19387
283
220
16
11
2713
19387
283
220
15
11
2702
283
220
16
271
2381
32010
5637
16
11
15
5491
357
30909
2686
283
4177
16
11
17
14522
17
11
16
4891
198
220
471
12133
5637
15
11
16
5491
1067
283
4177
16
11
17
14522
17
11
16
4891
606
417
11
1475
28
15
198
220
471
12133
5637
16
11
15
5491
1067
283
4177
17
11
16
14522
16
11
17
4891
931
417
198
220
471
1262
9907
19387
283
220
15
11
2713
19387
283
220
16
11
2702
283
220
16
271
14055
283
220
16
13
38643
0
271
9764
728
1542
279
1970
32122
383
1228
1105
220
20
310
1236
2617
424
4138
25
198
12
462
28
17
11
457
28
18
198
12
357
283
4177
23
16
22
21
23
21
16
15
15
11
220
23
16
22
21
23
21
16
15
15
11
220
23
16
22
21
23
21
16
15
15
1089
498
23
22
15
15
24
17
20
16
22
11
220
23
22
15
15
24
17
20
16
22
11
220
23
16
22
21
23
21
16
15
15
4891
198
12
417
283
4177
23
22
15
15
24
17
20
16
22
11
220
23
16
22
21
23
21
16
15
15
11
220
23
22
15
15
24
17
20
16
22
1089
498
23
16
22
21
23
21
16
15
15
11
220
23
16
22
21
23
21
16
15
15
11
220
23
16
22
21
23
21
16
15
15
4891
271
3002
79442
364
462
28
17
25
498
15
11
16
1089
498
16
11
15
60
198
5935
79442
364
457
28
18
25
498
15
11
16
11
17
1089
498
15
11
17
11
16
1089
498
16
11
15
11
17
1089
498
16
11
17
11
15
1089
498
17
11
15
11
16
1089
498
17
11
16
11
15
60
271
1919
1220
1423
279
4087
314
220
17
13
271
760
7873
5686
4252
13
6558
728
52275
424
13
271
71093
12305
198
1445
18904
1120
1697
11
11906
198
1445
39965
1120
69505
1358
727
1262
55426
2270
10392
15221
3256
10578
25
514
11
457
25
514
11
357
25
1697
50246
18078
19867
417
25
1697
50246
18078
28649
1411
11906
18078
5491
198
262
4071
15767
1330
54455
357
321
417
314
14890
462
830
457
11
7995
413
424
579
3102
310
5000
695
262
5646
357
1083
5646
417
1608
1132
23194
2713
70664
321
23194
3145
70664
13
198
1031
262
24093
5252
25
198
262
471
42398
2713
585
440
2713
585
10
16
318
1891
220
16
2564
585
361
462
8
198
262
471
42398
3145
585
440
3145
585
10
16
318
1891
220
16
2564
585
361
457
8
198
1031
262
1368
17454
369
3102
11
460
279
7776
1324
314
7289
2483
13
198
262
1368
17454
369
11656
11
460
2168
13
198
1031
262
17167
25
198
285
462
25
5447
314
6761
318
17
2564
462
2564
220
20
8
198
285
457
25
5447
314
7890
318
17
2564
457
2564
220
20
8
198
285
357
25
3991
5646
430
264
1103
314
11140
198
285
417
25
13095
5646
430
264
1103
314
11140
6987
262
5019
25
198
285
29910
1324
314
7289
413
3102
11
2168
5752
6987
262
11765
1262
55426
2270
10392
15221
3256
7
17
11
220
17
11
4177
17
11
220
16
1089
498
16
11
220
17
19867
4177
16
11
220
17
1089
498
17
11
220
16
28649
198
262
220
16
198
262
11765
1262
55426
2270
10392
15221
3256
7
17
11
220
17
11
4177
16
11
220
16
1089
498
16
11
220
16
19867
4177
16
11
220
16
1089
498
16
11
220
16
15
15
15
15
15
15
15
15
15
28649
198
262
2168
198
262
11765
1262
55426
2270
10392
15221
3256
7
18
11
220
18
11
4177
23
11
220
16
11
220
21
1089
498
18
11
220
20
11
220
22
1089
498
19
11
220
24
11
220
17
19867
4177
23
11
220
16
11
220
21
1089
498
18
11
220
20
11
220
22
1089
498
19
11
220
24
11
220
17
28649
198
262
220
15
198
262
4071
198
1031
262
687
1698
1201
27372
7
19306
1590
198
285
4071
2427
279
1324
314
1475
34109
303
264
56470
71483
198
285
1475
34109
283
220
15
198
285
307
283
2343
7
19306
8
198
285
364
585
303
2020
1393
1590
198
309
364
492
303
2020
1889
478
220
16
11
307
1590
198
388
413
13457
957
60
835
13457
3681
5491
198
493
1475
34109
1373
220
16
198
285
460
1475
34109
6987
262
687
3668
8268
30909
21999
24515
11
13457
1590
198
285
4071
27567
2713
56470
310
5646
13
13457
369
264
1103
1332
13457
957
60
369
279
3889
2713
1857
364
2234
585
71483
198
285
460
498
4064
58
19306
957
4891
364
585
303
2020
6686
24515
78589
198
1031
262
687
3668
9907
30909
21999
24515
11
13457
1590
198
285
4071
27567
3145
56470
310
5646
13
13457
369
264
1103
1332
13457
3681
60
369
279
3889
1327
1857
364
2234
492
71483
198
285
304
283
2343
24515
8
198
285
288
283
2343
24515
58
15
2387
198
285
460
4177
4064
957
1404
19306
3681
4891
364
492
303
2020
3501
7025
364
585
303
2020
3101
7025
198
1031
262
653
19208
660
69505
364
6761
321
7890
198
262
2713
94662
283
1103
50757
50011
21649
10578
7461
198
262
1327
94662
283
1103
50757
50011
21649
13628
7461
198
1031
262
1786
283
2168
6987
262
364
32010
303
2713
94662
25
198
285
653
19927
2713
56470
310
357
198
285
357
30909
2686
283
3668
8268
30909
21999
4205
11
32010
8
198
1726
285
653
4109
413
357
30909
2686
628
381
22773
310
417
539
3145
56470
198
285
1262
9907
19387
283
2168
198
285
364
12133
303
1327
94662
25
198
309
357
30909
2686
24542
283
3668
9907
30909
21999
4205
30909
2686
11
12133
8
198
309
413
357
30909
2686
24542
606
417
25
198
388
1475
283
1698
1201
27372
42615
8
198
388
413
1262
9907
19387
369
2168
466
1475
361
1262
9907
19387
25
198
493
1262
9907
19387
283
1475
8675
285
413
1262
9907
19387
369
524
2168
25
198
309
2713
19387
283
1698
1201
27372
92652
8
198
309
2702
283
2713
19387
478
1262
9907
19387
198
309
413
1786
369
2168
466
2702
361
1786
25
198
388
1786
283
2702
6987
262
460
1786
198
71093
248046
198
248045
846
198
7525
3555
4621
4490
279
6813
13
5514
579
279
1412
25
198
220
2793
34397
80
12741
32
22
20
21521
84982
6971
487
1500
220
16
16
24
198
262
13428
11
353
1144
310
37781
279
44935
24217
13
3095
567
599
264
56470
1510
19306
63
1332
1510
19306
957
60
63
369
279
3889
1857
421
5601
310
2234
1510
72
7561
279
1324
314
23194
70664
4221
369
279
1324
314
1475
34109
303
1510
19306
27653
198
309
6108
21203
61
198
32769
1401
25
8060
18890
14200
1206
311
40138
11
411
369
678
3274
25
4310
279
2614
709
11618
321
4479
889
11
6999
4072
279
709
7246
321
1440
660
279
6813
13
2972
5683
4045
67305
3067
13209
50
159029
271
2523
1220
14623
279
1970
488
10490
303
264
64504
1970
2424
318
784
9609
31789
318
19458
668
31153
279
3889
5568
8
248046
198
248045
74455
198
248068
271
248069
271
71093
12305
198
1445
18904
1120
1697
11
11906
198
1445
39965
1120
69505
1358
727
1262
55426
2270
10392
15221
3256
10578
25
514
11
457
25
514
11
357
25
1697
50246
18078
19867
417
25
1697
50246
18078
28649
1411
11906
18078
5491
198
262
4071
15767
1330
54455
357
321
417
314
14890
462
830
457
11
7995
413
424
579
3102
310
5000
695
262
5646
357
1083
5646
417
1608
1132
23194
2713
70664
321
23194
3145
70664
13
198
1031
262
24093
5252
25
198
262
471
42398
2713
585
440
2713
585
10
16
318
1891
220
16
2564
585
361
462
8
198
262
471
42398
3145
585
440
3145
585
10
16
318
1891
220
16
2564
585
361
457
8
198
1031
262
1368
17454
369
3102
11
460
279
7776
1324
314
7289
2483
13
198
262
1368
17454
369
11656
11
460
2168
13
198
1031
262
17167
25
198
285
462
25
5447
314
6761
318
17
2564
462
2564
220
20
8
198
285
457
25
5447
314
7890
318
17
2564
457
2564
220
20
8
198
285
357
25
3991
5646
430
264
1103
314
11140
198
285
417
25
13095
5646
430
264
1103
314
11140
6987
262
5019
25
198
285
29910
1324
314
7289
413
3102
11
2168
5752
6987
262
11765
1262
55426
2270
10392
15221
3256
7
17
11
220
17
11
4177
17
11
220
16
1089
498
16
11
220
17
19867
4177
16
11
220
17
1089
498
17
11
220
16
28649
198
262
220
16
198
262
11765
1262
55426
2270
10392
15221
3256
7
17
11
220
17
11
4177
16
11
220
16
1089
498
16
11
220
16
19867
4177
16
11
220
16
1089
498
16
11
220
16
15
15
15
15
15
15
15
15
15
28649
198
262
2168
198
262
11765
1262
55426
2270
10392
15221
3256
7
18
11
220
18
11
4177
23
11
220
16
11
220
21
1089
498
18
11
220
20
11
220
22
1089
498
19
11
220
24
11
220
17
19867
4177
23
11
220
16
11
220
21
1089
498
18
11
220
20
11
220
22
1089
498
19
11
220
24
11
220
17
28649
198
262
220
15
198
262
4071
198
1031
262
687
1698
1201
27372
7
19306
1590
198
285
4071
2427
279
1324
314
1475
34109
303
264
56470
71483
198
285
1475
34109
283
220
15
198
285
307
283
2343
7
19306
8
198
285
364
585
303
2020
1393
1590
198
309
364
492
303
2020
1889
478
220
16
11
307
1590
198
388
413
13457
957
60
835
13457
3681
5491
198
493
1475
34109
1373
220
16
198
285
460
1475
34109
6987
262
687
3668
8268
30909
21999
24515
11
13457
1590
198
285
4071
27567
2713
56470
310
5646
13
13457
369
264
1103
1332
13457
957
60
369
279
3889
2713
1857
364
2234
585
71483
198
285
460
498
4064
58
19306
957
4891
364
585
303
2020
6686
24515
78589
198
1031
262
687
3668
9907
30909
21999
24515
11
13457
1590
198
285
4071
27567
3145
56470
310
5646
13
13457
369
264
1103
1332
13457
3681
60
369
279
3889
1327
1857
364
2234
492
71483
198
285
304
283
2343
24515
8
198
285
288
283
2343
24515
58
15
2387
198
285
460
4177
4064
957
1404
19306
3681
4891
364
492
303
2020
3501
7025
364
585
303
2020
3101
7025
198
1031
262
653
19208
660
69505
364
6761
321
7890
198
262
2713
94662
283
1103
50757
50011
21649
10578
7461
198
262
1327
94662
283
1103
50757
50011
21649
13628
7461
198
1031
262
1786
283
2168
6987
262
364
32010
303
2713
94662
25
198
285
653
19927
2713
56470
310
357
198
285
357
30909
2686
283
3668
8268
30909
21999
4205
11
32010
8
198
1726
285
653
4109
413
357
30909
2686
628
381
22773
310
417
539
3145
56470
198
285
1262
9907
19387
283
2168
198
285
364
12133
303
1327
94662
25
198
309
357
30909
2686
24542
283
3668
9907
30909
21999
4205
30909
2686
11
12133
8
198
309
413
357
30909
2686
24542
606
417
25
198
388
1475
283
1698
1201
27372
42615
8
198
388
413
1262
9907
19387
369
2168
466
1475
361
1262
9907
19387
25
198
493
1262
9907
19387
283
1475
8675
285
413
1262
9907
19387
369
524
2168
25
198
309
2713
19387
283
1698
1201
27372
92652
8
198
309
2702
283
2713
19387
478
1262
9907
19387
198
309
413
1786
369
2168
466
2702
361
1786
25
198
388
1786
283
2702
6987
262
460
1786
198
71093
248046
198