248045
846
198
4274
279
2614
709
11618
321
4479
889
11
6999
4072
279
709
7246
321
1440
660
279
6813
13
2972
5683
4045
67305
3067
13209
50
159029
271
2523
1220
14623
279
1970
488
10490
303
264
64504
1970
2424
318
784
9609
31789
318
19458
668
31153
279
3889
5568
8
271
71093
198
1445
18904
1120
1697
1358
727
2542
3456
5062
15057
605
15493
20449
25
1697
18078
1089
580
25
514
8
1411
514
25
198
262
4071
15767
449
7308
1287
10001
321
264
6572
7308
580
11
10724
279
2542
314
13043
198
262
314
660
12708
2303
314
10001
13
561
2279
314
264
1146
15057
369
4364
430
279
1324
314
198
262
1141
12708
2303
421
2542
310
580
13
198
1031
262
3301
279
2542
57844
220
16
15
61
24
478
220
22
13
198
1031
262
17167
25
198
285
10001
25
1697
314
24959
1332
220
16
2564
2343
20449
8
2564
220
16
15
15
321
220
16
2564
10001
957
60
2564
220
16
15
61
19
198
285
580
25
13095
2542
1332
220
16
2564
580
2564
220
16
15
15
6987
262
5019
25
198
285
561
2542
314
13043
314
660
12708
2303
57844
220
16
15
61
24
478
220
22
6987
262
11765
2542
3456
5062
15057
605
15493
2477
16
11
220
17
11
220
18
1089
220
18
8
198
262
220
21
198
262
11765
2542
3456
5062
15057
605
15493
2477
17
11
220
18
11
220
18
1089
220
20
8
198
262
220
19
198
262
11765
2542
3456
5062
15057
605
15493
2477
16
11
220
17
11
220
18
1089
220
22
8
198
262
220
15
198
262
4071
271
727
1716
69574
1590
198
262
653
14204
1228
4886
494
9989
198
262
1992
8871
2477
16
11
220
17
11
220
18
1089
220
18
8
606
220
21
198
262
1992
8871
2477
17
11
220
18
11
220
18
1089
220
20
8
606
220
19
198
262
1992
8871
2477
16
11
220
17
11
220
18
1089
220
22
8
606
220
15
6987
262
653
11000
2315
1228
198
262
1992
8871
2477
16
1089
220
16
8
606
220
16
6987
262
653
22484
1228
4886
198
262
1992
8871
2477
20
11
220
16
1089
220
20
8
606
220
17
198
262
1992
8871
2477
22
11
220
20
11
220
16
15
11
220
23
11
220
17
11
220
18
11
220
21
1089
220
19
8
606
220
15
198
262
1992
8871
2477
24
11
220
16
15
11
220
17
11
220
16
11
220
24
11
220
20
11
220
24
11
220
22
11
220
20
1089
220
17
8
606
220
17
20
21
198
262
1992
8871
2477
20
11
220
23
11
220
23
1089
220
16
8
606
220
15
198
262
1992
8871
2477
16
11
220
18
11
220
22
11
220
23
1089
220
16
8
606
220
23
198
262
1992
8871
2477
23
11
220
16
11
220
16
11
220
23
11
220
22
1089
220
17
8
606
220
23
198
262
1992
8871
2477
18
11
220
16
22
11
220
17
11
220
22
1089
220
16
22
8
606
220
23
198
262
1992
8871
2477
24
11
220
21
11
220
19
11
220
21
11
220
23
1089
220
24
8
606
220
16
21
198
262
1992
8871
2477
17
11
220
20
11
220
20
11
220
16
11
220
20
1089
220
21
8
606
220
17
19
6987
262
653
78020
1228
4886
198
262
1992
8871
2477
17
24
11
220
19
24
11
220
23
16
11
220
24
11
220
18
18
11
220
16
21
11
220
21
15
11
220
17
24
11
220
20
19
11
220
24
15
11
220
17
11
220
22
21
11
220
19
19
11
220
18
18
11
220
16
19
11
220
17
19
11
220
22
18
1089
220
20
22
8
606
220
21
20
20
18
21
6987
262
653
3284
440
660
1788
2663
198
262
1992
8871
2477
23
60
348
220
16
15
15
11
220
16
19
8
606
220
15
6987
262
653
21412
1228
4886
440
3481
15796
198
262
10001
16
283
498
23
11
20
11
21
11
24
11
23
11
21
11
20
11
21
11
18
11
16
15
11
17
11
17
11
18
11
19
11
21
11
19
11
19
11
16
15
11
17
11
20
11
17
11
23
11
20
11
16
11
16
11
16
11
19
11
18
11
17
11
16
11
19
11
16
15
11
20
11
24
11
18
11
19
11
20
11
18
11
24
11
16
15
11
19
11
24
11
23
11
19
11
20
11
19
11
22
11
21
11
23
11
20
11
24
11
18
11
23
11
17
11
23
11
24
11
18
11
22
11
16
11
16
11
18
11
16
11
17
11
17
11
16
15
11
17
11
17
11
23
11
17
11
20
11
19
11
24
11
19
11
23
11
23
11
17
11
16
15
11
16
11
16
15
11
18
11
19
11
20
11
18
11
16
15
11
24
11
24
11
20
11
17
11
24
11
21
11
22
11
21
11
16
15
11
16
15
11
20
11
16
15
11
24
11
18
11
23
11
18
60
198
262
1992
8871
20449
16
11
220
16
17
8
606
220
19
15
17
17
21
18
16
18
16
6987
262
10001
17
283
498
17
20
11
19
23
11
24
20
11
18
22
11
21
22
11
23
21
11
23
18
11
20
15
11
24
24
11
16
19
11
17
22
11
21
22
11
22
15
11
18
19
11
19
18
11
21
16
11
16
11
23
16
11
23
23
11
16
18
11
23
21
11
24
11
16
18
11
18
22
11
18
21
11
19
17
11
18
17
11
17
16
11
19
11
22
18
11
19
19
11
23
23
11
16
21
11
22
16
11
16
21
11
20
19
11
22
19
11
18
19
11
17
22
11
22
24
11
18
16
11
21
20
11
19
17
11
22
23
11
16
20
11
19
15
11
22
24
11
17
22
11
17
11
18
11
20
20
11
17
15
11
24
19
11
21
18
11
21
16
11
17
23
11
16
24
11
16
23
11
16
20
11
17
20
11
20
11
17
15
11
16
16
11
16
18
11
16
17
11
18
16
11
17
20
11
23
15
11
16
18
11
23
17
11
24
20
11
23
22
11
24
21
11
22
24
11
17
11
23
18
11
18
21
11
21
24
11
21
23
11
23
17
11
19
16
11
17
17
11
24
18
11
16
18
11
16
16
11
22
19
11
17
24
11
24
19
11
19
15
11
22
23
11
16
15
11
20
22
11
16
17
11
19
11
23
15
11
18
15
11
19
16
11
22
18
11
21
19
11
23
24
60
198
262
1992
8871
20449
17
11
220
16
15
15
8
606
220
17
21
24
16
17
19
18
15
17
6987
262
10001
18
283
498
16
15
11
19
11
18
11
16
11
16
15
11
17
11
20
11
19
11
19
11
20
11
17
11
17
11
18
11
18
11
24
11
24
11
16
15
11
17
11
16
15
11
18
11
21
11
18
11
18
11
24
11
24
11
23
11
16
11
17
11
22
11
23
11
18
11
22
11
18
11
18
11
18
11
16
11
17
11
16
15
11
20
11
19
11
16
15
11
19
11
23
11
19
11
21
11
16
15
11
24
11
21
11
24
11
16
11
17
11
21
11
17
11
16
15
11
23
11
17
11
17
11
19
11
17
11
20
11
16
15
11
16
15
11
24
11
23
11
17
11
20
11
21
11
20
11
18
11
18
11
16
11
19
11
22
11
16
15
11
16
15
11
24
11
22
11
19
11
19
11
18
11
16
15
11
24
11
21
11
16
15
11
22
11
24
11
16
15
11
16
11
19
11
16
15
11
21
11
22
11
17
11
21
11
24
11
20
11
23
11
21
11
23
11
24
60
198
262
1992
8871
20449
18
11
220
24
8
606
220
18
19
15
24
19
15
21
15
17
6987
262
10001
19
283
498
23
11
16
15
11
23
11
24
11
16
11
17
11
20
11
16
15
11
19
11
17
11
23
11
22
11
23
11
22
11
19
11
24
11
19
11
23
11
21
11
16
11
24
11
20
11
20
11
17
11
21
11
16
11
17
11
19
11
16
15
11
19
11
21
11
16
11
23
11
18
11
18
11
20
11
17
11
20
11
16
15
11
16
11
20
11
17
11
19
11
16
15
11
24
11
17
11
22
11
24
11
18
11
23
11
24
11
21
11
20
11
23
11
16
15
11
18
11
20
11
21
11
23
11
16
15
11
18
11
20
11
17
11
17
11
21
11
19
11
16
11
24
11
20
11
19
11
24
11
19
11
19
11
16
11
16
15
11
20
11
20
11
23
11
24
11
22
11
22
11
24
11
16
15
11
21
11
24
11
16
11
22
11
16
11
16
11
16
11
22
11
16
15
11
21
11
16
15
11
17
11
18
11
18
11
24
11
18
11
20
60
198
262
1992
8871
20449
19
11
220
21
8
606
220
19
20
17
18
20
20
16
17
16
271
2
5272
1716
19111
3456
5062
15057
605
15493
8
310
1542
6813
13
198
71093
248046
198
248045
74455
198
248068
271
248069
271
1206
11290
411
3377
11
567
1144
310
10724
279
2542
314
13043
314
660
12708
2303
314
264
2574
7308
1287
1510
25509
7561
1332
279
2279
314
264
1146
15057
369
4364
430
279
1324
314
1141
12708
2303
421
2542
310
264
2100
869
1510
74
27653
4558
13962
51301
198
16
13
2972
30177
17775
92217
695
256
471
1165
1144
310
2814
660
3102
12708
2303
314
1510
25509
27653
198
256
471
1690
1754
1146
15057
1510
50
7561
567
1144
310
1698
1204
1599
314
1141
1765
12708
2303
318
1899
17431
59626
8
2542
310
1510
74
27653
198
256
471
561
2542
314
1439
14159
888
660
1510
50
63
369
279
2483
4087
13
271
17
13
2972
1536
68563
92217
198
256
471
11746
314
84228
888
660
12708
2303
318
7949
369
56768
321
303
86204
1196
364
1510
77
28
16
15
15
63
681
567
628
958
264
3493
16762
518
5313
13
198
256
471
357
1146
17431
15057
1510
51
63
314
1510
50
63
369
1048
264
1146
15057
314
279
3889
1287
1510
25509
27653
695
256
471
561
2876
421
1510
51
63
369
264
1146
15057
314
1510
50
63
23197
421
1510
50
63
1902
6435
660
5255
314
1510
51
27653
8439
1510
50
63
369
264
1146
15057
314
1510
25509
7561
411
3254
1510
51
63
369
264
1146
15057
314
1510
25509
63
321
279
5255
314
1510
50
63
4732
1510
51
63
628
381
866
5255
494
1510
25509
63
421
513
524
303
1510
51
63
318
7834
66100
279
1906
11
864
369
2582
17083
539
279
2029
421
2107
513
12708
2303
314
279
1788
1287
553
198
256
471
4254
22898
11
413
567
4884
264
1146
15057
1510
51
63
314
1510
25509
63
421
35195
310
1510
74
7561
1179
1510
51
63
41553
310
279
2279
314
866
1146
15057
1510
50
63
314
1510
25509
63
421
5435
1510
51
27653
695
256
471
2500
1599
12708
2303
1510
50
63
314
1510
25509
63
6435
264
3050
1146
15057
1510
51
63
30
6558
1510
51
63
6475
314
14505
1510
72
16
361
585
17
361
2423
361
712
27653
561
5255
314
1510
50
63
1902
2830
1439
14505
13
561
9376
5255
314
1510
50
63
628
381
866
25162
314
279
975
1510
77
471
295
63
14505
303
1510
25509
27653
13891
11
279
1324
314
1680
1510
50
63
369
393
17
46227
77
471
295
30675
11
1332
393
76
3
369
279
2984
314
1510
51
12576
198
256
471
14833
11
279
2702
2542
314
13043
369
279
2542
888
660
12708
2303
1510
51
63
314
1510
25509
63
421
2542
310
1510
74
63
314
393
17
46227
77
471
1088
1272
90
2798
24734
51
8866
12576
271
18
13
2972
26943
92217
198
256
471
1165
1144
310
12204
25
56014
1200
14717
51
1088
50634
1088
1272
90
25509
2069
1088
1200
345
283
580
92
220
17
46227
77
471
1088
1272
90
2798
24734
51
8866
12576
198
256
471
1061
628
381
311
734
81
1422
430
25
1690
1754
3102
2984
1510
76
63
314
279
1146
15057
1510
51
7561
1423
279
1324
314
12708
2303
314
2984
1510
76
63
421
2542
310
1510
74
7561
29283
539
393
17
46227
77
471
295
30675
11
321
2542
1439
2663
13
198
256
471
4213
11
567
628
958
264
8476
15019
5313
421
13518
279
2542
321
50029
9331
364
279
29560
13
198
256
471
6558
1510
9504
11541
60
63
381
279
2542
314
393
17
46227
77
471
1088
1272
90
2798
24734
51
8866
3
888
660
12708
2303
1510
51
63
421
2542
310
1510
82
27653
695
256
471
1165
628
41020
264
72632
13
20495
8427
1754
1324
303
1510
25509
27653
1921
5020
421
279
29560
393
17
46227
77
471
1088
1272
90
2798
24734
51
8866
3
13402
383
279
2984
314
1510
51
27653
695
256
471
37201
11
567
628
1683
314
424
411
1560
25
8618
2315
303
1510
25509
63
628
381
2892
303
1510
51
63
466
524
13
1368
424
369
303
1510
51
7561
424
41553
310
279
2542
13
1368
424
369
524
303
1510
51
7561
424
3070
914
7556
279
2542
314
1510
51
7561
694
424
1503
7556
279
29560
13
198
256
471
6558
579
6762
1510
9504
11541
60
63
430
279
2542
314
18453
314
660
12708
2303
1510
51
63
421
2542
310
1510
82
7561
1332
279
17973
314
264
3050
1510
51
63
314
2984
1510
76
63
369
393
17
46227
77
471
295
92
12576
198
256
471
23961
421
393
17
46227
77
471
295
92
283
220
17
83193
1088
49142
318
16
14
17
28803
76
12576
1061
12846
567
2493
1144
310
3627
279
328
4612
1
314
1754
2315
13
198
256
471
357
30835
1560
25
6558
1510
69
11541
60
63
381
279
1324
314
12708
2303
421
2542
310
1510
82
7561
35604
539
393
17
84203
59
1272
90
2798
24734
51
8866
12576
4844
279
4087
369
393
17
83193
1088
49142
281
6521
60
12576
198
256
471
1921
567
628
635
7308
33633
13
6558
579
6762
1510
9504
11541
60
63
430
279
2542
314
393
17
46227
77
471
295
30675
364
660
12708
2303
314
2984
1510
76
63
2542
5143
310
1510
82
27653
198
256
471
1165
628
1870
1510
9504
63
5199
7638
13
56578
11
1510
9504
58
15
60
283
220
17
83193
63
318
1719
4147
1146
15057
11
2984
220
15
11
41553
393
17
83193
3
553
198
256
471
1690
1754
1324
1510
87
63
303
1510
25509
7561
567
2560
1510
9504
63
494
1496
35195
1441
310
3238
35195
310
5471
1608
279
1788
2315
10598
13
695
256
471
13428
11
279
5129
220
15
14
16
1111
2538
463
30715
14159
279
1324
314
12708
2303
13
5514
11
279
4528
314
264
1146
15057
13402
383
1141
2984
13
198
256
471
6558
1510
9504
11541
60
63
381
279
2542
314
393
17
46227
77
471
1088
1272
90
2798
24734
51
8866
3
364
660
1510
51
63
2542
5143
310
1510
82
27653
198
256
471
3095
567
884
264
491
2315
1510
87
63
310
264
1146
15057
1510
51
63
318
7949
995
2542
1510
82
6354
63
321
2984
1510
76
63
681
279
491
2984
369
1510
76
10
16
7561
321
279
491
17973
369
393
17
46227
77
471
318
76
10
16
8866
283
1088
35790
90
16
14728
17
92
1088
49142
220
17
46227
77
471
295
92
12576
198
256
471
1987
11
279
491
17973
494
1510
51
63
11244
539
1510
87
63
369
1510
9504
11541
6354
60
434
220
17
63
30
1921
567
1902
381
16097
440
7308
12436
321
57844
13
198
256
471
8439
567
513
3133
57844
393
16
15
61
24
10
22
53031
321
220
17
682
449
27043
57844
393
16
15
61
24
10
22
53031
567
628
958
42441
27043
13
1921
5020
421
393
17
46227
77
1395
30675
369
449
7308
13
1165
628
4370
3627
279
2663
1680
421
567
29283
539
220
17
506
279
809
13
198
256
471
39752
53041
25
6558
1510
9504
11541
60
63
381
279
1324
314
12708
2303
2542
5143
310
1510
82
7561
694
1754
1146
15057
314
2984
1510
76
63
369
29014
440
4528
393
17
84203
76
92
12576
4844
4087
283
393
17
83193
1088
49142
11002
6521
60
1088
2508
220
16
15
61
24
10
22
12576
198
256
471
1165
628
5471
62700
539
25471
1510
9504
11541
60
63
430
279
2542
314
393
17
46227
45
471
295
30675
1332
393
45
3
369
279
2702
1324
314
5255
11
694
567
1817
5255
799
539
799
13
695
256
471
6558
579
958
279
2614
30715
25
695
257
471
6558
1510
9504
11541
60
63
381
279
2542
314
18453
314
660
12708
2303
14789
748
2944
421
2542
310
1510
82
7561
1332
279
17973
314
264
1146
15057
314
2984
1510
76
63
369
393
17
61
34521
1272
90
42000
5255
92
471
318
76
471
1088
1272
90
20766
2582
303
1146
15057
5242
30675
30
1061
369
3583
16468
13
198
256
471
4319
12540
25
6558
1510
9504
11541
60
63
381
279
2542
888
660
12708
2303
1510
51
63
318
1020
279
14789
5255
8
421
2542
310
1510
82
63
314
393
17
46227
11189
1272
90
3946
314
632
32895
5255
5242
471
19185
1272
90
3993
314
333
345
471
1088
1272
90
3946
314
14789
5255
303
333
345
8866
12576
695
256
471
32645
11
279
4101
467
369
25
695
257
471
6558
1510
9504
11541
60
63
283
2542
314
393
17
46227
77
471
295
30675
364
660
12708
2303
1510
51
63
314
279
2972
305
540
332
1287
1510
25509
63
421
2542
310
1510
82
63
321
599
2984
1510
76
27653
198
257
471
1165
628
12204
411
539
84228
888
1754
2315
13
6558
1510
902
52066
11541
60
63
283
1510
9504
11541
60
63
318
1856
4483
279
2315
8
478
1510
9504
11541
6354
60
434
220
17
63
30
2233
13
198
257
471
23961
421
413
567
599
264
1146
15057
1510
51
63
314
279
1118
1510
72
12
16
63
5255
2542
5143
310
1510
82
6354
63
440
17973
393
17
46227
77
471
295
30675
11
1179
279
1146
15057
1510
51
11654
103
313
87
5368
682
2984
1510
76
10
16
63
321
17973
393
17
46227
77
471
318
76
10
16
8866
283
220
17
46227
77
1395
4324
17
12576
198
257
471
1987
11
1510
902
52066
11541
60
283
11002
11541
60
478
11002
11541
6354
60
348
1475
17
1410
18107
63
30
1921
1510
9504
11541
60
63
303
411
72632
1000
1144
310
381
4364
430
279
2542
364
279
2972
305
540
332
1287
11
864
369
524
29350
13
198
256
471
6558
579
6762
1510
9504
11541
60
63
430
279
2542
314
393
17
46227
77
471
295
30675
364
660
12708
2303
1510
51
63
314
279
2972
305
540
332
1287
13
1165
628
1870
424
539
12463
1754
2315
13
695
256
471
6558
1510
9504
11541
60
63
381
279
2542
314
18453
364
12708
2303
1608
866
25162
314
279
14789
5255
11
1332
279
17973
369
393
17
46227
77
471
295
92
12576
1921
1510
77
63
369
8097
13
198
256
471
3095
567
884
2315
1510
87
7561
364
1754
1146
15057
1510
51
63
421
3105
914
2830
1510
87
63
321
63452
310
1510
82
7561
1141
17973
8198
393
17
46227
77
471
295
92
12576
1690
264
1146
15057
1510
51
63
421
3105
914
2830
1510
87
63
321
63452
310
1510
82
6354
7561
279
491
1146
15057
1510
51
11654
103
313
87
5368
682
17973
393
17
46227
77
471
318
76
10
16
8866
283
220
17
46227
77
1395
4324
17
12576
198
256
471
1987
11
1510
9504
5737
11541
60
283
11002
20461
11541
60
478
11002
20461
11541
6354
60
348
1475
17
1410
18107
27653
198
256
471
1921
1510
9504
20461
11541
60
63
369
279
2542
364
279
3555
5255
13
56578
11
1510
9504
58
15
60
283
220
17
83193
7561
1510
9504
11541
29
15
60
283
220
15
27653
198
256
471
4844
567
1817
1754
2315
13
4486
8427
660
5255
11
1510
9504
6521
60
63
369
279
4087
13
198
256
471
1165
1144
1510
13654
17
283
6660
7
17
11
18107
12
17
11
18107
8
27653
271
13962
38540
198
16
13
8736
1510
9504
58
15
60
283
6660
7
17
11
307
11
18107
8
7561
1510
9504
11541
60
283
220
15
63
364
1510
82
835
220
15
27653
198
17
13
1690
1754
1510
87
63
303
1510
25509
43143
198
256
471
5376
1510
9504
63
494
1510
74
63
1441
310
1510
87
43143
198
257
471
1510
9504
11541
60
283
318
9504
11541
60
478
11002
11541
6354
60
348
1475
17
8
984
18107
63
198
18
13
3301
1510
9504
6521
60
27653
271
3850
3655
25
561
3294
72632
5533
1510
9504
11541
6354
60
63
494
279
2972
23310
332
18971
318
72
1673
2487
279
5860
869
8
413
567
708
494
3238
310
1496
11
694
567
1902
958
279
3555
1528
13
1987
567
708
494
1496
310
3238
310
5790
1510
9504
11541
6354
60
63
369
494
279
3555
1528
13
271
9764
579
9845
440
74988
16
11
17
11
18
1089
580
28
18
43143
198
12
1510
77
28
18
7561
1510
25613
28
16
15
61
24
10
22
7561
1510
13654
17
283
318
25613
10
16
26277
17
63
198
12
3991
25
1510
9504
58
15
4678
23
11
11002
58
16
486
18
4678
15
63
198
12
8340
1510
87
28
16
43143
198
220
471
1510
82
28
18
43143
1510
9504
58
18
60
283
220
15
478
11002
58
17
8205
13654
17
283
220
15
63
198
220
471
1510
82
28
17
43143
1510
9504
58
17
60
283
220
15
478
11002
58
16
8205
13654
17
283
220
15
63
198
220
471
1510
82
28
16
43143
1510
9504
58
16
60
283
220
15
478
11002
58
15
8205
13654
17
283
220
23
348
1475
17
283
220
19
63
198
220
471
4543
25
1510
9504
58
15
4678
23
11
11002
58
16
4678
19
11
11002
58
17
4678
15
11
11002
58
18
4678
15
63
198
12
8340
1510
87
28
17
43143
198
220
471
1510
82
28
18
43143
1510
9504
58
18
60
283
220
15
478
11002
58
16
8205
13654
17
283
220
19
348
1475
17
283
220
17
63
198
220
471
1510
82
28
17
43143
1510
9504
58
17
60
283
220
15
478
11002
58
15
8205
13654
17
283
220
23
348
1475
17
283
220
19
63
198
220
471
4543
25
1510
9504
58
15
4678
23
11
11002
58
16
4678
19
11
11002
58
17
4678
19
11
11002
58
18
4678
17
63
198
12
8340
1510
87
28
18
43143
198
220
471
1510
82
28
18
43143
1510
9504
58
18
60
283
220
17
478
11002
58
15
8205
13654
17
283
220
17
478
220
23
9
13654
17
283
220
17
10
19
28
21
63
198
12
5536
25
220
21
13
38643
13
271
4272
279
11767
369
25
198
12
1510
9504
283
498
15
35399
74
10
16
44646
198
12
1510
9504
58
15
60
283
6660
7
17
11
307
11
18107
44646
198
12
1510
13654
17
283
6660
7
17
11
18107
12
17
11
18107
44646
198
12
1690
1754
1510
87
63
303
1510
25509
43143
198
220
471
1690
1510
82
63
494
1510
74
63
1441
310
1510
87
43143
198
262
471
1510
9504
11541
60
283
318
9504
11541
60
478
11002
11541
6354
60
348
1475
17
8
984
18107
63
198
12
3301
1510
9504
6521
60
63
271
9764
579
1228
74988
16
1089
580
28
16
43143
198
12
1510
77
28
16
7561
1510
9504
58
15
4678
17
7561
1510
9504
58
16
4678
15
63
198
12
1510
87
28
16
43143
1510
82
28
16
43143
1510
9504
58
16
60
283
220
15
478
11002
58
15
8205
13654
17
283
220
17
348
1475
17
283
220
16
27653
38643
13
271
63
58
20
11
16
1089
580
28
20
43143
198
12
1510
77
28
17
7561
1510
9504
58
15
4678
19
63
198
12
1510
87
28
20
43143
1510
82
28
20
43143
1510
9504
58
20
60
283
220
15
478
11002
58
15
8205
13654
17
283
220
19
9
13654
17
28
17
63
198
12
1510
87
28
16
43143
1510
82
28
20
43143
1510
9504
58
20
60
283
220
17
478
11002
58
19
8205
13654
17
283
220
17
63
318
10957
1510
9504
58
19
4678
15
31789
198
12
5536
220
17
13
38643
13
271
63
58
16
11
18
11
22
11
23
1089
580
28
16
43143
198
12
1510
77
28
19
7561
1510
9504
58
15
4678
16
21
63
198
12
1510
87
28
16
43143
1510
9504
58
16
60
283
220
16
21
9
13654
17
28
23
63
198
12
1510
87
28
18
43143
874
2376
383
1510
9504
58
16
60
63
198
12
1510
87
28
22
43143
874
2376
198
12
1510
87
28
23
43143
874
2376
198
12
5536
220
23
13
38643
13
271
4272
279
7873
369
4252
13
271
71093
12305
198
1445
18904
1120
1697
271
25613
283
220
16
15
332
24
478
220
22
271
727
2542
3456
5062
15057
605
15493
20449
25
1697
18078
1089
580
25
514
8
1411
514
25
198
262
307
283
2343
20449
8
198
262
653
11002
11541
60
668
3222
279
2542
314
220
17
12883
77
471
295
8
364
660
12708
2303
314
279
14789
5255
198
262
653
421
2542
310
274
11
1332
295
369
279
2984
314
279
1146
15057
13
198
262
653
56578
11
1132
279
4147
1146
15057
6513
11
2542
28
15
11
2984
28
15
11
17973
28
17
83193
13
198
262
11002
283
498
15
60
348
318
74
478
220
16
8
198
262
11002
58
15
60
283
6660
7
17
11
307
11
18107
8
198
1031
262
653
81923
27043
314
220
17
57844
18107
198
262
1475
17
283
6660
7
17
11
18107
471
220
17
11
18107
8
198
1031
262
364
830
303
10001
25
198
285
413
830
835
580
25
198
309
2962
198
285
653
83739
494
580
1441
310
830
310
5790
567
958
279
3555
1528
314
11002
198
285
364
274
303
2020
5781
11
830
471
220
16
11
471
16
1590
198
309
11002
11541
60
283
318
9504
11541
60
478
11002
11541
471
830
60
348
1475
17
8
984
18107
6987
262
460
11002
6521
60
984
18107
198
71093
248046
198