248045
846
198
4274
279
2614
709
11618
321
4479
889
11
6999
4072
279
709
7246
321
1440
660
279
6813
13
2972
5683
4045
67305
3067
13209
50
159029
271
2523
1220
14623
279
1970
488
10490
303
264
64504
1970
2424
318
784
9609
31789
318
19458
668
31153
279
3889
5568
8
271
71093
198
1445
18904
1120
1697
11
23846
1358
727
1262
27957
15422
1393
25
514
11
13753
25
1697
18078
1089
11661
16
25
23846
18078
11
514
11
514
1089
11661
17
25
23846
18078
11
514
11
514
2387
1411
514
25
198
262
4071
15767
443
13753
310
8453
383
264
47491
18547
11
1423
279
7776
2695
310
8453
660
13753
1608
1330
4346
314
24296
13
198
1031
262
8618
3644
682
264
2984
303
19434
421
3749
310
381
38791
13
2532
513
1330
4346
314
24296
2420
25
198
262
471
3856
220
16
25
2885
8453
436
16
19434
11
6829
351
16
791
11661
11
321
488
628
958
506
1379
710
16
24296
198
262
471
3856
220
17
25
2885
8453
436
17
19434
11
6829
351
17
791
11661
11
321
488
628
958
506
1379
710
17
24296
6987
262
91160
628
26370
321
628
8453
777
1056
279
2483
2984
13
1690
3010
11
310
8453
264
220
20
70040
3644
11
198
262
488
1362
958
799
220
19
70040
11661
321
799
220
17
70040
11661
318
4873
9888
25
220
21
19434
553
198
1031
262
17167
25
198
285
307
25
5447
314
13753
310
8453
318
16
2564
307
2564
220
16
15
15
8
198
285
13753
25
1697
314
3644
27396
414
5150
303
19434
318
16
2564
414
5150
2564
220
16
15
61
20
8
198
285
11661
16
25
23846
318
43
16
11
351
16
11
710
16
8
471
2984
11
2695
11
321
1866
1698
364
913
220
16
24296
198
285
11661
17
25
23846
318
43
17
11
351
17
11
710
17
8
471
2984
11
2695
11
321
1866
1698
364
913
220
17
24296
8675
262
5019
25
198
285
561
7776
2702
2695
310
8453
660
13753
11
466
471
16
413
11656
13
198
1726
262
11765
1262
27957
15422
7
18
11
498
18
11
220
20
11
220
16
15
1089
318
19
11
220
18
11
220
18
681
318
17
11
220
17
11
220
21
578
198
262
220
16
22
198
262
11765
1262
27957
15422
7
18
11
498
18
11
220
20
11
220
16
15
1089
318
19
11
220
18
11
220
18
681
318
17
11
220
17
11
220
18
578
198
262
471
16
198
262
11765
1262
27957
15422
7
17
11
498
19
11
220
23
1089
318
18
11
220
16
11
220
16
15
15
681
318
19
11
220
16
15
15
15
15
11
220
16
15
15
578
198
262
220
20
198
262
4071
271
727
1716
69574
1590
198
262
653
3284
4886
494
279
3377
198
262
1992
8871
7
18
11
498
18
11
220
20
11
220
16
15
1089
318
19
11
220
18
11
220
18
681
318
17
11
220
17
11
220
21
578
606
220
16
22
198
262
1992
8871
7
18
11
498
18
11
220
20
11
220
16
15
1089
318
19
11
220
18
11
220
18
681
318
17
11
220
17
11
220
18
578
606
471
16
198
262
1992
8871
7
17
11
498
19
11
220
23
1089
318
18
11
220
16
11
220
16
15
15
681
318
19
11
220
16
15
15
15
15
11
220
16
15
15
578
606
220
20
6987
262
653
22484
1228
4886
198
262
1992
8871
7
16
11
498
16
1089
318
16
11
220
16
11
220
16
681
318
16
11
220
16
11
220
16
578
606
220
16
198
262
1992
8871
7
16
11
498
16
18
17
23
1089
318
16
11
220
22
18
16
24
17
20
16
21
11
220
22
22
24
681
318
16
11
220
19
21
23
17
22
24
21
22
22
11
220
21
23
17
578
606
220
18
16
19
16
15
17
20
16
17
21
18
22
198
262
1992
8871
7
16
11
498
16
15
24
18
1089
318
16
11
220
16
20
15
16
17
22
24
20
21
11
220
17
18
22
681
318
16
11
220
24
15
20
21
21
15
24
21
21
11
220
23
24
19
578
606
220
23
16
15
23
17
21
16
16
17
19
21
23
198
262
1992
8871
7
16
11
498
16
19
23
15
22
1089
318
19
18
11
220
20
23
18
23
17
19
23
15
23
11
220
22
17
24
681
318
16
20
11
220
24
16
22
16
22
19
23
17
23
11
220
16
20
24
578
606
220
17
15
16
19
16
24
20
20
23
22
21
15
198
262
1992
8871
7
16
11
498
23
16
23
23
18
1089
318
16
17
17
11
220
19
21
21
17
19
17
19
24
21
11
220
21
15
16
681
318
22
18
11
220
18
17
24
24
21
17
16
18
21
11
220
16
19
20
578
606
220
18
16
24
15
16
15
24
24
16
22
23
19
198
262
1992
8871
7
16
11
498
17
15
15
15
1089
318
16
11
220
16
15
15
15
15
15
15
15
15
15
11
220
16
15
15
15
681
318
16
11
220
16
15
15
15
15
15
15
15
15
15
11
220
16
15
15
15
578
606
220
17
15
15
15
15
15
15
15
15
15
15
15
15
198
262
1992
8871
7
17
11
498
22
18
21
18
20
11
220
17
16
17
23
20
1089
318
24
20
11
220
20
18
22
16
21
15
18
16
11
220
24
18
17
681
318
24
21
11
220
21
16
21
19
18
16
24
21
15
11
220
17
23
15
578
606
220
24
16
18
21
19
17
23
17
17
16
17
198
262
1992
8871
7
17
11
498
17
24
21
18
24
11
220
23
24
23
16
22
1089
318
21
24
11
220
23
16
19
17
19
21
21
15
11
220
24
21
23
681
318
16
21
22
11
220
16
18
19
24
24
16
21
19
24
11
220
21
18
20
578
606
220
16
15
16
20
24
22
20
15
20
23
16
20
271
2
5272
1716
13741
27957
15422
8
310
1542
6813
13
198
71093
248046
198
248045
74455
198
248068
271
248069
271
71093
12305
198
1445
18904
1120
1697
11
23846
1358
727
1262
27957
15422
1393
25
514
11
13753
25
1697
18078
1089
11661
16
25
23846
18078
11
514
11
514
1089
11661
17
25
23846
18078
11
514
11
514
2387
1411
514
25
198
262
4071
15767
443
13753
310
8453
383
264
47491
18547
11
1423
279
7776
2695
310
8453
660
13753
1608
1330
4346
314
24296
13
198
1031
262
8618
3644
682
264
2984
303
19434
421
3749
310
381
38791
13
2532
513
1330
4346
314
24296
2420
25
198
262
471
3856
220
16
25
2885
8453
436
16
19434
11
6829
351
16
791
11661
11
321
488
628
958
506
1379
710
16
24296
198
262
471
3856
220
17
25
2885
8453
436
17
19434
11
6829
351
17
791
11661
11
321
488
628
958
506
1379
710
17
24296
6987
262
91160
628
26370
321
628
8453
777
1056
279
2483
2984
13
1690
3010
11
310
8453
264
220
20
70040
3644
11
198
262
488
1362
958
799
220
19
70040
11661
321
799
220
17
70040
11661
318
4873
9888
25
220
21
19434
553
198
1031
262
17167
25
198
285
307
25
5447
314
13753
310
8453
318
16
2564
307
2564
220
16
15
15
8
198
285
13753
25
1697
314
3644
27396
414
5150
303
19434
318
16
2564
414
5150
2564
220
16
15
61
20
8
198
285
11661
16
25
23846
318
43
16
11
351
16
11
710
16
8
471
2984
11
2695
11
321
1866
1698
364
913
220
16
24296
198
285
11661
17
25
23846
318
43
17
11
351
17
11
710
17
8
471
2984
11
2695
11
321
1866
1698
364
913
220
17
24296
8675
262
5019
25
198
285
561
7776
2702
2695
310
8453
660
13753
11
466
471
16
413
11656
13
198
1726
262
11765
1262
27957
15422
7
18
11
498
18
11
220
20
11
220
16
15
1089
318
19
11
220
18
11
220
18
681
318
17
11
220
17
11
220
21
578
198
262
220
16
22
198
262
11765
1262
27957
15422
7
18
11
498
18
11
220
20
11
220
16
15
1089
318
19
11
220
18
11
220
18
681
318
17
11
220
17
11
220
18
578
198
262
471
16
198
262
11765
1262
27957
15422
7
17
11
498
19
11
220
23
1089
318
18
11
220
16
11
220
16
15
15
681
318
19
11
220
16
15
15
15
15
11
220
16
15
15
578
198
262
220
20
198
262
4071
198
262
436
16
11
351
16
11
710
16
283
11661
16
198
262
436
17
11
351
17
11
710
17
283
11661
17
6987
262
2702
55503
283
2542
7
23884
8
198
1031
262
653
4109
413
424
579
1442
3102
25
6966
9888
440
660
24296
198
262
1866
70886
283
436
16
348
710
16
478
436
17
348
710
17
198
262
413
1866
70886
361
2702
55503
25
198
285
460
471
16
6987
262
653
1165
1144
310
1423
7776
2695
283
264
74468
16
478
292
74468
17
3704
310
25
198
262
653
220
15
2564
264
2564
710
16
11
220
15
2564
292
2564
710
17
11
7308
198
262
653
436
16
32624
478
436
17
32176
2518
2702
55503
6987
262
653
1061
369
264
220
17
37506
7308
13094
15019
3377
13
198
262
653
1165
628
28662
888
3102
2663
314
264
318
269
292
8
321
1423
279
7776
292
4221
13
198
1031
262
653
26846
25
28662
888
264
494
220
15
310
710
16
11
12204
9376
4221
11
1423
1262
292
1680
421
436
17
32176
2518
9376
13
198
262
653
1368
9376
2564
220
15
11
292
283
220
15
13
198
262
653
17673
292
283
27551
7
42000
593
436
17
681
1716
413
292
2564
710
17
13
198
262
653
19182
1262
2695
13
198
1031
262
33815
283
2153
482
13180
837
198
262
1786
283
33815
6987
262
364
264
303
2020
16247
16
478
220
16
1590
198
285
9376
283
2702
55503
471
436
16
348
264
198
285
413
9376
2564
220
15
25
198
309
292
283
220
15
198
285
745
25
198
309
653
14235
292
1680
421
436
17
348
292
2518
9376
198
309
413
436
17
606
220
15
25
198
388
2962
198
309
292
283
318
42000
478
436
17
471
220
16
8
434
436
17
220
653
27551
12436
198
285
413
292
2564
710
17
25
198
309
2695
283
264
348
351
16
478
292
348
351
17
198
309
413
2695
361
1786
25
198
388
1786
283
2695
6987
262
413
1786
606
33815
25
198
285
460
471
16
198
262
460
1786
198
71093
248046
198
248045
846
198
7525
3555
4621
4490
279
6813
13
5514
579
279
1412
25
198
6347
1371
318
3444
3110
1562
1483
1590
198
220
2793
34397
20
81
15
17040
80
74
418
54
6971
487
1500
220
16
16
23
11
303
361
4211
29
198
262
1716
13741
27957
15422
8
198
220
2793
34397
20
81
15
17040
80
74
418
54
6971
487
1500
220
18
18
11
303
1716
198
262
1992
8871
7
18
11
498
18
11
220
20
11
220
16
15
1089
318
19
11
220
18
11
220
18
681
318
17
11
220
17
11
220
21
578
606
220
16
22
198
1779
6108
59641
59641
59641
59641
59641
59641
59641
59641
59641
59641
59641
59641
21203
61
198
66317
1401
14200
1206
311
40138
11
411
369
678
3274
25
4310
279
2614
709
11618
321
4479
889
11
6999
4072
279
709
7246
321
1440
660
279
6813
13
2972
5683
4045
67305
3067
13209
50
159029
271
2523
1220
14623
279
1970
488
10490
303
264
64504
1970
2424
318
784
9609
31789
318
19458
668
31153
279
3889
5568
8
248046
198
248045
74455
198
248068
271
248069
271
9764
728
11319
1472
279
1118
1228
1105
310
3418
279
3481
7465
25
271
12
1510
77
28
18
7561
1510
23884
5637
18
11
220
20
11
220
16
15
60
7561
1510
28549
16
4391
19
11
220
18
11
220
18
8
7561
1510
28549
17
4391
17
11
220
17
11
220
21
44646
198
12
10342
2984
283
220
18
478
220
20
478
220
16
15
283
220
16
23
271
2278
821
5313
25
198
12
436
16
28
19
11
351
16
28
18
11
710
16
28
18
198
12
436
17
28
17
11
351
17
28
17
11
710
17
28
21
198
12
1866
70886
283
220
19
9
18
478
220
17
9
21
283
220
16
17
478
220
16
17
283
220
17
19
2518
220
16
23
50615
271
9764
728
1716
279
2695
364
5090
2663
314
264
25
198
12
264
28
15
25
9376
28
16
23
11
292
28
24
11
694
292
51510
17
28
21
11
8060
198
12
264
28
16
25
9376
28
16
19
11
292
28
22
11
292
51510
17
28
21
11
8060
198
12
264
28
17
25
9376
28
16
15
11
292
28
20
11
2695
28
17
9
18
10
20
9
17
28
21
10
16
15
28
16
21
198
12
264
28
18
25
9376
28
21
11
292
28
18
11
2695
28
18
9
18
10
18
9
17
28
24
10
21
28
16
20
271
4272
821
11767
4523
220
16
20
11
694
3481
369
220
16
22
13
4558
13784
11
1042
728
311
27864
279
3377
13
561
1328
19407
353
2688
7167
25
2972
82
25681
513
12244
310
3714
13753
11
524
5904
3808
660
13753
159034
8618
3644
3749
310
381
38791
27222
0
271
674
12
5961
25
328
21365
443
13753
310
8453
383
264
47491
18547
1
471
1754
3644
682
1141
1765
2984
421
3749
16070
13
91160
628
914
381
6507
3808
13753
13
271
4272
364
1754
3644
414
5150
11
567
1144
310
4992
264
5150
913
12
16
24296
321
292
5150
913
12
17
24296
1680
421
436
16
32624
5150
478
436
17
32176
5150
2518
414
5150
13
561
2702
20908
369
2542
2784
5150
8
2564
710
16
321
2542
1818
5150
8
2564
710
17
13
271
1919
369
264
1691
15288
3377
0
1165
1144
310
21405
24296
310
13753
13
271
9764
728
1683
883
411
20648
13
1690
1754
3644
11
567
628
829
26808
660
40803
318
64
11
292
8
13139
321
836
6829
13
4844
567
1144
310
3608
799
6505
791
3644
1680
421
2702
264
2564
710
16
11
2702
292
2564
710
17
11
73681
2702
2695
13
271
1919
369
264
1111
2538
463
12317
3377
13
2985
307
2564
220
16
15
15
11
710
16
321
710
17
628
381
685
310
1076
1042
579
1716
279
16484
13
710
2663
303
6813
708
685
310
3835
24
21
23
13
1987
710
16
62078
17
1362
381
3835
24
18
20
15
15
15
13
2985
307
28
16
15
15
11
421
579
220
16
15
15
348
220
24
18
20
15
15
15
283
220
24
18
13
20
3410
5134
11
864
2493
381
2166
6103
13
271
13784
11
1042
728
1353
506
279
1228
4886
777
15060
25
198
12
1510
44732
7
16
11
498
16
18
17
23
1089
318
16
11
220
22
18
16
24
17
20
16
21
11
220
22
22
24
681
318
16
11
220
19
21
23
17
22
24
21
22
22
11
220
21
23
17
578
606
220
18
16
19
16
15
17
20
16
17
21
18
22
63
198
220
471
436
16
28
16
11
351
16
28
22
18
16
24
17
20
16
21
11
710
16
28
22
22
24
11
436
17
28
16
11
351
17
28
19
21
23
17
22
24
21
22
22
11
710
17
28
21
23
17
198
220
471
14235
310
3311
220
16
18
17
23
440
24296
314
2984
220
16
13
198
220
471
10342
24296
4221
283
220
16
18
17
23
11
694
1866
2420
283
220
22
22
24
478
220
21
23
17
283
220
16
19
21
16
2518
220
16
18
17
23
50615
198
220
471
5272
430
1599
11533
913
12
16
24296
430
3102
25
220
22
22
24
913
12
16
11
1179
220
16
18
17
23
12
22
22
24
28
20
19
24
913
12
17
198
220
471
10869
283
220
22
22
24
9
22
18
16
24
17
20
16
21
478
220
20
19
24
9
19
21
23
17
22
24
21
22
22
283
1042
728
12204
25
198
262
471
220
22
22
24
9
22
18
16
24
17
20
16
21
283
220
20
22
11
15
16
22
11
24
22
15
11
15
15
19
198
262
471
220
20
19
24
9
19
21
23
17
22
24
21
22
22
283
220
17
20
22
11
15
23
20
11
20
19
17
11
21
22
18
198
262
471
10342
283
220
18
16
19
11
16
15
18
11
20
16
17
11
21
22
22
30
1921
3481
369
220
18
16
19
11
16
15
17
11
20
16
17
11
21
18
22
6987
220
85152
11
3160
694
524
12219
13
6558
728
1347
43924
1076
32645
1042
728
1066
4072
279
4252
5313
13
271
2381
1754
3644
585
11
279
40803
318
64
11
292
8
13139
25705
25
264
303
498
15
11
1262
16247
16
11
27551
5263
5150
7199
16
8
413
436
16
29
15
745
220
15
24242
292
303
498
15
11
1262
16247
17
11
27551
5263
5150
7199
17
8
413
436
17
29
15
745
220
15
24242
321
436
16
32624
478
436
17
32176
2518
414
5150
13
271
11861
567
635
30715
25
11002
957
1404
64
10467
1404
65
10467
60
283
1262
2695
310
3311
1118
585
13753
1608
6681
264
10467
913
12
16
321
292
10467
913
12
17
24296
13
271
3850
710
16
321
710
17
1362
381
3349
13
6558
728
1716
25
303
6813
710
16
685
310
3835
24
21
23
11
710
17
685
310
3835
21
18
20
13
1987
710
16
62078
17
3835
220
21
16
20
11
15
15
15
13
2985
307
28
16
15
15
11
421
579
220
21
16
13
20
3410
5134
13
8618
1528
5199
942
888
3102
318
64
8142
8
364
1428
3644
13
2844
1362
381
6103
13
271
50821
11
364
1754
3644
11
279
1324
314
40803
318
64
8142
8
13139
369
59056
13
1690
264
3644
314
2984
414
11
264
20629
494
1866
7
15
11
27551
1148
35
471
436
17
62078
17
5443
43
16
578
310
1262
16247
16
11
27551
5263
7199
16
578
12805
13
33105
364
292
13
271
9764
728
4072
411
30715
5313
13
271
71093
12305
198
1445
18904
1120
1697
11
23846
1358
727
1262
27957
15422
1393
25
514
11
13753
25
1697
18078
1089
11661
16
25
23846
18078
11
514
11
514
1089
11661
17
25
23846
18078
11
514
11
514
2387
1411
514
25
198
262
436
16
11
351
16
11
710
16
283
11661
16
198
262
436
17
11
351
17
11
710
17
283
11661
17
6987
262
33815
283
2153
482
13180
837
198
1031
262
653
11002
15027
1404
65
60
283
1262
2695
310
3311
14789
13753
1608
264
913
12
16
321
292
913
12
17
24296
198
262
653
8736
440
11002
58
15
1404
15
60
283
220
15
11
2645
33815
198
262
11002
283
4177
35205
60
348
318
42
17
478
220
16
8
364
696
303
2020
16247
16
478
220
16
7025
198
262
11002
58
15
1404
15
60
283
220
15
6987
262
364
414
303
13753
25
198
285
491
52066
283
4177
35205
60
348
318
42
17
478
220
16
8
364
696
303
2020
16247
16
478
220
16
7025
198
1726
285
653
1690
411
3644
11
1423
660
40803
318
64
11
292
8
13139
198
285
653
264
303
498
15
11
710
16
1089
292
303
498
15
11
710
17
1089
436
16
32624
478
436
17
32176
2518
414
198
285
364
264
303
2020
16247
16
478
220
16
1590
198
309
364
292
303
2020
16247
17
478
220
16
1590
198
388
413
436
16
348
264
478
436
17
348
292
361
414
25
198
493
2962
198
388
653
1061
318
64
11
292
8
369
40803
364
3644
414
198
388
2695
283
264
348
351
16
478
292
348
351
17
198
388
653
5376
491
52066
198
388
364
7624
4165
303
2020
16247
16
471
264
478
220
16
1590
198
493
364
7624
853
303
2020
16247
17
471
292
478
220
16
1590
198
646
413
11002
58
9590
4165
1404
9590
853
60
931
33815
25
198
967
491
15422
283
11002
58
9590
4165
1404
9590
853
60
478
2695
198
967
413
491
15422
361
491
52066
58
9590
4165
478
264
1404
9590
853
478
292
5491
198
1335
491
52066
58
9590
4165
478
264
1404
9590
853
478
292
60
283
491
15422
198
285
11002
283
491
52066
6987
262
653
7145
1262
888
660
11002
15027
1404
65
60
198
262
1786
283
33815
198
262
364
264
303
2020
16247
16
478
220
16
1590
198
285
364
292
303
2020
16247
17
478
220
16
1590
198
309
413
11002
15027
1404
65
60
361
1786
25
198
388
1786
283
11002
15027
1404
65
60
198
1031
262
413
1786
606
33815
25
198
285
460
471
16
198
262
460
1786
198
71093
271
13784
11
411
369
496
1393
348
710
16
61
17
348
710
17
61
17
8
864
369
1560
2166
6103
13
6558
728
1683
20648
13
271
2381
1754
3644
11
353
1144
310
3608
318
64
11
292
553
561
30715
1528
369
318
4873
4165
11
2702
853
553
1690
1754
3644
11
353
28662
888
660
3102
318
64
11
292
8
364
421
3644
321
2560
13
1921
279
8906
6136
888
7624
5134
3520
424
496
16247
16
61
17
348
710
17
61
17
8
791
3644
13
271
53396
25
364
1754
3644
11
829
26808
279
1103
314
40803
318
64
11
292
8
13139
13
4844
364
1754
1528
318
9590
4165
11
7624
853
681
1380
1754
40803
318
64
11
292
553
15896
13188
6103
13
271
73174
25
1690
1754
3644
11
279
22113
318
64
11
292
8
364
2574
9376
7786
1076
874
11
421
579
6150
13
271
9764
728
1683
25
710
16
321
710
17
513
506
1379
3835
16
15
15
15
13
710
16
62078
17
3835
220
16
68
21
13
307
2564
220
16
15
15
13
1690
1754
3644
11
364
1754
1528
318
42
16
62078
17
5134
681
567
1380
660
318
64
8142
8
13139
13
5447
314
318
64
8142
8
13139
791
3644
369
506
1379
710
16
62078
17
3835
220
16
68
21
13
1987
2702
369
220
16
15
15
348
220
16
68
21
348
220
16
68
21
283
220
16
68
16
19
13
11801
2166
6103
13
271
22916
264
2577
5313
13
1690
1754
3644
11
279
40803
318
64
8142
8
13139
1304
264
5364
13
1165
628
364
1754
318
9590
4165
11
7624
853
8
1423
279
1262
38806
40803
318
64
11
292
8
1680
421
7624
4165
478
264
2564
710
16
11
7624
853
478
292
2564
710
17
13
271
50821
11
364
264
8097
3644
414
321
8097
9376
7786
318
2721
4165
283
710
16
471
7624
4165
11
1866
853
283
710
17
471
7624
853
681
567
1318
310
28377
264
74468
16
478
292
74468
17
3704
310
436
16
32624
478
436
17
32176
2518
414
11
220
15
2564
264
2564
1866
4165
11
220
15
2564
292
2564
1866
853
13
271
1919
369
264
220
17
37506
3377
421
628
381
27050
539
84228
888
799
3759
13
1690
1754
3102
264
303
498
15
11
1866
4165
1089
12204
1262
292
4221
25
292
7033
283
1866
7
15
11
27551
1148
35
471
436
16
32624
5443
43
17
578
413
436
17
29
15
11
321
1716
292
7033
2564
1866
853
13
4844
2695
283
264
74468
16
478
292
7033
74468
17
13
11440
1262
888
660
2610
264
13
271
3850
3604
411
364
1396
1528
318
9590
4165
11
7624
853
8
369
1990
11064
13
271
9764
728
1066
4072
279
29350
30715
321
3769
279
1228
4886
513
2526
3213
11
466
28476
539
1132
84228
888
40803
318
64
8142
8
791
3644
13
271
50821
11
1042
728
37781
13
1690
1754
3644
11
279
1324
314
12103
40803
318
64
8142
8
13139
369
1691
8882
13
6558
728
12867
1070
321
1179
635
279
30715
2560
13
271
71093
12305
198
1445
18904
1120
1697
11
23846
1358
727
1262
27957
15422
1393
25
514
11
13753
25
1697
18078
1089
11661
16
25
23846
18078
11
514
11
514
1089
11661
17
25
23846
18078
11
514
11
514
2387
1411
514
25
198
262
436
16
11
351
16
11
710
16
283
11661
16
198
262
436
17
11
351
17
11
710
17
283
11661
17
6987
262
33815
283
2153
482
13180
837
198
1031
262
11002
283
4177
35205
60
348
318
42
17
478
220
16
8
364
696
303
2020
16247
16
478
220
16
7025
198
262
11002
58
15
1404
15
60
283
220
15
6987
262
364
414
303
13753
25
198
285
491
52066
283
4177
35205
60
348
318
42
17
478
220
16
8
364
696
303
2020
16247
16
478
220
16
7025
198
1726
285
653
7145
660
40803
318
64
11
292
8
13139
364
411
3644
198
285
40803
283
2958
198
285
364
264
303
2020
16247
16
478
220
16
1590
198
309
413
436
16
348
264
2518
414
25
198
388
653
292
628
381
220
15
198
388
40803
1989
1148
64
11
220
15
578
198
388
2962
198
309
653
14235
436
17
32176
2518
414
471
436
16
32624
198
309
1254
283
414
471
436
16
348
264
198
309
413
436
17
606
220
15
25
198
388
2962
198
309
292
7033
283
318
1763
478
436
17
471
220
16
8
434
436
17
198
309
413
292
7033
2564
710
17
25
198
388
653
1165
628
958
292
494
292
7033
310
710
17
11
694
1262
2695
369
506
292
7033
318
63157
351
17
835
220
15
8
198
388
653
32645
567
1318
1262
2695
11
748
958
292
7033
198
388
40803
1989
1148
64
11
292
7033
578
198
1726
285
653
10466
40922
198
285
40803
283
1103
13765
88752
299
1196
578
198
1726
285
364
264
11
292
303
40803
25
198
309
2695
283
264
348
351
16
478
292
348
351
17
198
309
364
7624
4165
303
2020
16247
16
471
264
478
220
16
1590
198
388
364
7624
853
303
2020
16247
17
471
292
478
220
16
1590
198
493
413
11002
58
9590
4165
1404
9590
853
60
931
33815
25
198
646
491
15422
283
11002
58
9590
4165
1404
9590
853
60
478
2695
198
646
413
491
15422
361
491
52066
58
9590
4165
478
264
1404
9590
853
478
292
5491
198
967
491
52066
58
9590
4165
478
264
1404
9590
853
478
292
60
283
491
15422
198
285
11002
283
491
52066
6987
262
1786
283
33815
198
262
364
264
303
2020
16247
16
478
220
16
1590
198
285
364
292
303
2020
16247
17
478
220
16
1590
198
309
413
11002
15027
1404
65
60
361
1786
25
198
388
1786
283
11002
15027
1404
65
60
198
1031
262
413
1786
606
33815
25
198
285
460
471
16
198
262
460
1786
198
71093
248046
198