248045
846
198
4274
279
2614
709
11618
321
4479
889
11
6999
4072
279
709
7246
321
1440
660
279
6813
13
2972
5683
4045
67305
3067
13209
50
159029
271
2523
1220
14623
279
1970
488
10490
303
264
64504
1970
2424
318
784
9609
31789
318
19458
668
31153
279
3889
5568
8
271
71093
198
1445
18904
1120
1697
1358
727
1866
62
16
16
17
17
5062
1595
4956
1393
25
514
11
264
25
1697
18078
2387
1411
514
25
198
262
4071
15767
264
1103
314
6572
24959
11
1423
279
6966
2984
314
264
64258
1146
1595
695
262
421
7346
264
220
16
16
17
17
8240
13
198
1031
262
357
220
16
16
17
17
8240
369
4364
430
264
8240
421
25
198
262
220
16
13
11114
1442
2984
198
262
220
17
13
1690
1754
585
494
220
16
310
2343
14
17
11
5255
506
9599
220
17
72
12
16
321
220
17
72
513
5951
318
16
20834
290
8
198
262
220
18
13
8618
6572
7308
7701
2892
220
15
2942
466
6681
220
17
2942
303
279
8240
6987
262
17167
25
198
285
307
25
561
2984
314
279
1287
318
16
2564
307
2564
220
17
9
16
15
61
20
8
198
285
264
25
561
1287
314
6572
24959
318
16
2564
264
957
60
2564
307
8
198
1031
262
5019
25
198
285
561
6966
2984
314
264
64258
1146
1595
421
369
264
220
16
16
17
17
8240
6987
262
11765
1866
62
16
16
17
17
5062
1595
4956
7
23
11
498
17
11
220
18
11
220
16
11
220
16
11
220
17
11
220
17
11
220
16
11
220
16
2387
198
262
220
19
198
262
11765
1866
62
16
16
17
17
5062
1595
4956
7
18
11
498
16
11
220
17
11
220
17
2387
198
262
220
17
198
262
11765
1866
62
16
16
17
17
5062
1595
4956
7
16
11
498
16
2387
198
262
220
15
198
262
4071
271
727
1716
69574
1590
198
262
653
3284
4886
494
279
3377
198
262
1992
8871
7
23
11
498
17
11
220
18
11
220
16
11
220
16
11
220
17
11
220
17
11
220
16
11
220
16
2387
606
220
19
198
262
1992
8871
7
18
11
498
16
11
220
17
11
220
17
2387
606
220
17
198
262
1992
8871
7
16
11
498
16
2387
606
220
15
6987
262
653
22484
1228
4886
198
262
1992
8871
7
19
11
498
16
11
220
16
11
220
17
11
220
17
2387
606
220
19
198
262
1992
8871
7
21
17
11
498
18
15
11
220
17
20
11
220
17
19
11
220
18
20
11
220
20
18
11
220
16
15
11
220
22
11
220
18
24
11
220
18
17
11
220
16
15
11
220
18
22
11
220
17
21
11
220
19
16
11
220
19
19
11
220
17
23
11
220
20
22
11
220
18
19
11
220
18
17
11
220
19
19
11
220
20
24
11
220
20
22
11
220
17
16
11
220
20
19
11
220
18
17
11
220
18
17
11
220
19
16
11
220
19
18
11
220
20
21
11
220
16
18
11
220
18
20
11
220
19
15
11
220
21
15
11
220
16
20
11
220
16
11
220
17
17
11
220
19
21
11
220
21
17
11
220
19
23
11
220
20
23
11
220
17
16
11
220
20
18
11
220
17
16
11
220
18
11
220
18
19
11
220
16
15
11
220
20
21
11
220
16
22
11
220
18
24
11
220
20
16
11
220
16
15
11
220
20
19
11
220
17
20
11
220
18
23
11
220
16
24
11
220
19
21
11
220
19
21
11
220
20
17
11
220
18
16
11
220
20
11
220
20
17
11
220
21
11
220
18
19
2387
606
220
17
198
262
1992
8871
7
16
24
11
498
16
18
11
220
18
11
220
18
11
220
18
11
220
22
11
220
23
11
220
17
11
220
16
18
11
220
16
11
220
19
11
220
16
18
11
220
16
23
11
220
16
22
11
220
16
15
11
220
16
20
11
220
16
21
11
220
16
24
11
220
22
11
220
16
19
2387
606
220
17
198
262
1992
8871
7
16
23
11
498
22
11
220
16
23
11
220
16
15
11
220
16
20
11
220
18
11
220
16
18
11
220
16
16
11
220
23
11
220
16
15
11
220
21
11
220
22
11
220
21
11
220
17
11
220
24
11
220
16
21
11
220
18
11
220
18
11
220
20
2387
606
220
17
198
262
1992
8871
7
17
15
11
498
19
11
220
24
11
220
18
11
220
23
11
220
18
11
220
16
15
11
220
16
17
11
220
16
19
11
220
21
11
220
17
11
220
16
22
11
220
16
20
11
220
17
11
220
17
15
11
220
19
11
220
16
18
11
220
22
11
220
24
11
220
16
17
11
220
16
21
2387
606
220
15
198
262
1992
8871
7
23
11
498
16
11
220
17
11
220
16
11
220
17
11
220
16
11
220
17
11
220
16
11
220
17
2387
606
220
15
198
262
1992
8871
7
16
17
11
498
16
15
11
220
16
16
11
220
16
15
11
220
18
11
220
16
17
11
220
20
11
220
22
11
220
16
17
11
220
22
11
220
16
16
11
220
17
11
220
16
2387
606
220
15
198
262
1992
8871
7
22
11
498
16
11
220
21
11
220
22
11
220
16
11
220
22
11
220
21
11
220
20
2387
606
220
15
198
262
1992
8871
7
17
11
498
16
11
220
17
2387
606
220
15
198
262
1992
8871
7
24
11
498
24
11
220
19
11
220
19
11
220
22
11
220
20
11
220
23
11
220
23
11
220
21
11
220
17
2387
606
220
17
198
262
1992
8871
7
16
17
11
498
17
11
220
16
11
220
16
15
11
220
16
11
220
19
11
220
18
11
220
16
17
11
220
17
11
220
23
11
220
19
11
220
16
17
11
220
16
2387
606
220
15
198
262
1992
8871
7
21
11
498
18
11
220
18
11
220
17
11
220
17
11
220
16
11
220
16
2387
606
220
21
198
262
1992
8871
7
17
11
498
16
11
220
16
2387
606
220
17
198
262
1992
8871
7
16
15
11
498
17
11
220
17
11
220
16
11
220
16
11
220
18
11
220
18
11
220
16
11
220
16
11
220
17
11
220
17
2387
606
220
21
198
262
1992
8871
7
22
11
498
16
11
220
16
11
220
17
11
220
18
11
220
18
11
220
17
11
220
17
2387
606
220
19
271
2
5272
1716
8474
62
16
16
17
17
5062
1595
4956
8
310
1542
6813
13
198
71093
248046
198
248045
74455
198
248068
271
248069
271
71093
12305
198
1445
18904
1120
1697
1358
727
1866
62
16
16
17
17
5062
1595
4956
1393
25
514
11
264
25
1697
18078
2387
1411
514
25
198
262
4071
15767
264
1103
314
6572
24959
11
1423
279
6966
2984
314
264
64258
1146
1595
695
262
421
7346
264
220
16
16
17
17
8240
13
198
1031
262
357
220
16
16
17
17
8240
369
4364
430
264
8240
421
25
198
262
220
16
13
11114
1442
2984
198
262
220
17
13
1690
1754
585
494
220
16
310
2343
14
17
11
5255
506
9599
220
17
72
12
16
321
220
17
72
513
5951
318
16
20834
290
8
198
262
220
18
13
8618
6572
7308
7701
2892
220
15
2942
466
6681
220
17
2942
303
279
8240
6987
262
17167
25
198
285
307
25
561
2984
314
279
1287
318
16
2564
307
2564
220
17
9
16
15
61
20
8
198
285
264
25
561
1287
314
6572
24959
318
16
2564
264
957
60
2564
307
8
198
1031
262
5019
25
198
285
561
6966
2984
314
264
64258
1146
1595
421
369
264
220
16
16
17
17
8240
6987
262
11765
1866
62
16
16
17
17
5062
1595
4956
7
23
11
498
17
11
220
18
11
220
16
11
220
16
11
220
17
11
220
17
11
220
16
11
220
16
2387
198
262
220
19
198
262
11765
1866
62
16
16
17
17
5062
1595
4956
7
18
11
498
16
11
220
17
11
220
17
2387
198
262
220
17
198
262
11765
1866
62
16
16
17
17
5062
1595
4956
7
16
11
498
16
2387
198
262
220
15
198
262
4071
198
262
653
357
220
16
16
17
17
8240
1902
599
1442
2984
11
321
364
1754
6505
318
17
72
12
16
11
220
17
72
681
279
5255
513
5951
13
198
262
653
7054
11
1754
12103
869
7701
6681
220
15
466
220
17
2942
13
198
262
653
1987
279
1146
1595
1902
6475
314
13139
314
18922
5255
11
321
874
869
628
4833
303
777
1056
799
6505
13
198
1031
262
653
5141
19407
25
357
2610
220
16
16
17
17
1146
1595
314
2984
220
17
74
16661
314
580
13139
11
1332
25
198
262
653
471
264
27533
478
220
17
72
60
606
264
27533
478
220
17
72
478
220
16
60
364
585
283
220
15
486
74
12
16
198
262
653
471
1942
2663
303
279
13139
513
12103
318
2083
869
7701
303
1330
2086
13139
8
198
1031
262
653
1165
1144
310
1423
279
6966
1680
1146
1595
13
198
262
653
26846
25
4807
26808
364
1754
1857
585
318
16296
94090
13139
5732
506
585
681
3315
264
957
60
606
264
957
10
16
906
198
262
653
4844
567
628
1683
314
328
12306
9714
3158
357
2610
1146
1595
314
2984
220
17
74
5732
506
2234
274
318
82
1442
8
695
262
653
7225
421
13139
506
274
11
274
10
17
11
274
10
19
11
58317
274
10
17
5781
12
16
8
513
660
2610
13139
11
321
660
279
2663
303
1782
13139
513
12103
13
198
1031
262
653
1921
279
5732
2234
3070
914
599
310
381
1442
303
279
3889
1287
30
13428
11
1042
728
37781
13
198
262
653
561
1146
1595
369
64258
13
6558
424
381
264
16378
65086
60
318
15
20834
290
11
2984
427
2759
553
198
262
653
1690
424
310
381
264
220
16
16
17
17
8240
25
198
262
653
471
318
81
2759
8
1902
381
1442
198
262
653
471
1690
492
283
220
15
310
318
81
2759
26277
17
471
220
16
25
264
16378
478
220
17
73
60
606
264
16378
478
220
17
73
478
220
16
60
198
262
653
471
1942
2663
303
279
1146
1595
1902
381
12103
3808
13139
318
72
1673
2487
413
869
343
7701
11
424
7701
6681
10598
11
321
1132
303
799
6505
8
198
1031
262
653
51301
25
695
262
653
220
16
13
4091
449
1287
1510
284
14031
63
1332
369
14031
957
60
283
220
16
413
264
957
60
606
264
957
10
16
1089
745
220
15
13
1061
369
4364
364
585
494
220
15
310
307
12
17
13
198
262
653
220
17
13
357
2610
1146
1595
314
2984
220
17
74
5732
506
2234
324
7225
25
198
262
653
262
471
369
14031
16378
60
606
220
16
11
369
14031
16378
10
17
60
606
220
16
11
58317
369
14031
16378
10
17
5781
12
16
7025
606
220
16
198
262
653
262
471
561
2663
264
16378
1089
264
16378
10
17
1089
58317
264
16378
10
17
5781
12
16
7025
513
660
12103
318
10957
1754
6505
682
279
1788
869
11
567
1066
1144
279
6505
2663
310
381
12103
8
198
1031
262
653
1987
567
1144
310
1423
279
6966
220
17
74
1680
421
1017
6513
324
1332
279
580
23173
13139
318
37990
506
324
11
2923
220
17
8
513
660
2610
321
599
12103
2663
13
198
1031
262
653
8439
307
628
381
685
310
220
17
9
16
15
61
20
11
567
1144
449
10727
5313
13
198
262
653
6817
25
561
5732
2234
324
628
381
866
1857
494
220
15
310
307
12
17
318
1891
580
28
16
553
1690
7875
580
11
324
10
17
5781
12
16
8
2564
307
12
17
13
198
1031
262
653
6558
579
1683
20648
13
1690
1754
3102
5732
1857
324
318
15
20834
290
681
567
628
12663
430
2944
430
3102
13
198
262
653
1921
3604
411
4176
3032
369
496
1393
61
17
553
198
1031
262
653
39752
25
1690
1754
6505
2234
318
72
1332
369
14031
957
60
369
2912
681
567
628
2814
424
430
919
314
264
2610
8240
13
198
262
653
1165
1318
279
21354
64258
8240
314
13139
318
4058
2923
220
17
303
279
3889
1287
8
1332
660
2663
513
12103
13
198
1031
262
653
6558
579
6762
25
364
1754
1442
94090
5732
2234
11
694
3404
279
1146
1595
628
1151
506
866
2234
13
198
262
653
13428
11
279
13139
1902
381
506
23173
1442
33887
494
279
1151
13
1987
413
279
1146
1595
8211
506
324
11
279
13139
513
506
324
11
324
10
17
11
324
10
19
11
4831
13
198
1031
262
653
1987
567
599
1330
3102
1298
1313
25
324
369
1442
466
324
369
10016
13
1165
628
3579
1070
24358
13
198
1031
262
653
1690
264
8097
47944
318
35571
11
5732
506
1442
9599
681
567
599
13139
506
9599
220
15
11
220
17
11
220
19
11
58317
307
12
17
318
331
307
12
17
369
1442
553
198
262
653
1690
264
8097
47944
11
567
628
958
264
32713
3136
5313
25
198
262
653
471
6558
13139
957
60
283
264
58
17
72
60
318
1891
47944
1442
11
5732
506
220
15
8
466
264
58
17
72
10
16
60
318
1891
47944
10016
11
5732
506
220
16
8
198
262
653
471
1165
1144
279
21354
64258
1146
1595
314
13139
1332
660
2663
513
12103
13
198
262
653
471
1061
369
279
11088
328
4670
467
37172
1973
38495
5587
1
694
383
279
6505
2663
13
198
1031
262
653
38540
25
198
262
653
220
16
13
1690
1442
18364
286
1146
64633
25
2814
13139
506
9599
220
15
11
220
17
11
220
19
11
2423
695
262
653
262
6505
8873
957
60
283
264
58
17
22302
60
364
585
1332
220
17
22302
10
16
361
307
198
262
653
220
17
13
1690
10016
18364
286
1146
64633
25
2814
13139
506
9599
220
16
11
220
18
11
220
20
11
2423
198
262
653
262
6505
8873
957
60
283
264
58
17
22302
10
16
60
364
585
1332
220
17
22302
10
17
361
307
198
262
653
220
18
13
1690
1754
716
314
6505
8873
11
1423
279
21354
64258
1146
1595
440
660
12103
2663
13
198
262
653
220
19
13
561
4087
369
220
17
348
1866
20714
314
1680
1146
1595
494
1442
18364
11
2984
494
10016
18364
8
198
1031
262
687
21354
15559
7554
10620
25
1697
18078
2387
1411
514
25
198
285
4071
9592
279
2984
314
279
21354
64258
1146
1595
440
660
12103
2663
71483
198
285
413
524
2796
25
198
309
460
220
15
198
285
1483
58623
283
4535
198
285
2047
283
220
15
198
285
1866
5854
283
220
15
198
285
364
1245
303
2020
6686
10620
35497
198
309
1009
283
2796
51140
60
198
309
413
1009
303
1483
58623
321
1483
58623
66134
60
2518
2047
25
198
388
2047
283
1483
58623
66134
60
478
220
16
198
309
1483
58623
66134
60
283
1245
198
309
1866
5854
283
1866
8474
5854
11
1245
471
2047
478
220
16
8
198
285
460
1866
5854
6987
262
653
7606
6505
869
17839
364
1442
321
10016
5732
9599
198
262
653
7183
5732
25
13139
506
14505
220
15
11
220
17
11
220
19
11
2423
198
262
653
25164
506
1857
585
318
258
3889
1287
8
3254
264
957
60
606
264
957
10
16
1089
321
279
6505
869
369
264
957
60
198
262
1442
35226
283
2958
198
262
364
585
303
2020
7
15
11
307
471
220
16
11
220
17
1590
198
285
413
264
957
60
606
264
957
478
220
16
5491
198
309
1442
35226
1989
2784
957
2387
198
285
745
25
198
309
653
1061
17758
279
47364
364
1442
18364
286
22958
198
309
653
1165
1144
310
3579
411
539
42898
1083
20006
198
309
1440
6987
262
653
32645
11
567
1144
310
1423
64258
20006
1332
369
14031
369
2912
364
279
9468
47944
13
198
262
653
6558
728
55979
411
13
198
1031
262
653
1690
1442
5732
9599
318
75
283
220
15
11
220
17
11
220
19
11
2423
1590
198
262
653
1165
1353
506
13139
506
9599
220
15
11
220
17
11
220
19
11
2423
198
262
653
357
6505
506
2234
220
17
73
369
2610
413
264
58
17
73
60
606
264
58
17
73
10
16
60
198
262
653
1165
1144
64258
2610
13139
440
12103
2663
13
198
1031
262
653
6558
579
1791
17839
314
2610
6505
2663
11
42898
948
264
6505
369
8060
13
198
1031
262
687
615
53865
1250
10432
25
514
11
2796
25
1697
18078
1089
2984
25
514
8
1411
1697
50246
18078
4891
25
198
285
4071
198
285
2058
20006
314
2610
13139
364
279
2574
47944
13
198
285
47944
220
15
25
13139
1151
506
1442
14505
318
15
11
220
17
11
220
19
11
45347
198
285
47944
220
16
25
13139
1151
506
10016
14505
318
16
11
220
18
11
220
20
11
45347
198
285
5019
264
1103
314
11140
11
1754
8222
279
6505
2663
303
264
64258
2610
9933
13
198
285
4071
198
285
20006
283
2958
198
285
1428
27153
283
2958
198
1726
285
364
585
303
2020
1250
10432
11
2984
471
220
16
11
220
17
1590
198
309
413
2796
957
60
606
2796
957
478
220
16
5491
198
388
1428
27153
1989
10620
957
2387
198
309
745
25
198
388
413
1428
27153
25
198
493
20006
1989
8497
27153
8
198
493
1428
27153
283
2958
198
1726
285
413
1428
27153
25
198
309
20006
1989
8497
27153
8
198
1726
285
460
20006
6987
262
653
7183
5732
13139
198
262
1442
53865
283
615
53865
7
15
11
264
11
307
8
198
262
653
53187
5732
13139
198
262
10016
53865
283
615
53865
7
16
11
264
11
307
8
198
1031
262
1866
3079
283
220
15
198
262
364
4657
303
1442
53865
25
198
285
1866
3079
283
1866
8474
3079
11
21354
15559
7554
66583
578
198
262
364
4657
303
10016
53865
25
198
285
1866
3079
283
1866
8474
3079
11
21354
15559
7554
66583
578
198
1031
262
460
220
17
348
1866
3079
198
71093
248046
198