248045
846
198
4274
279
2614
709
11618
321
4479
889
11
6999
4072
279
709
7246
321
1440
660
279
6813
13
2972
5683
4045
67305
3067
13209
50
159029
271
2523
1220
14623
279
1970
488
10490
303
264
64504
1970
2424
318
784
9609
31789
318
19458
668
31153
279
3889
5568
8
271
71093
198
1445
18904
1120
1697
11
23846
271
727
28377
2551
20467
1393
25
514
11
12454
25
1697
19723
5871
18078
11
514
11
514
19867
264
25
1697
18078
1089
292
25
1697
18078
2387
1411
514
25
198
262
4071
15767
264
4145
8173
1962
72073
4618
440
307
16720
321
12454
318
2777
1754
6607
369
695
262
14807
430
318
84
11
343
11
288
8
7063
16720
560
321
343
513
8173
440
4528
288
681
321
1330
695
262
22958
264
321
292
314
279
1788
2984
11
1423
279
7776
3102
2542
314
1752
13914
13
198
1031
262
1690
866
1752
303
279
4618
11
1141
4528
369
4364
430
279
6966
4528
314
866
6607
303
421
1752
13
198
262
281
2007
11
374
8
369
4364
430
279
7776
3102
1752
4528
494
11597
830
310
11597
374
13
198
1031
262
561
3274
369
310
13457
1035
8240
292
1680
421
279
2542
314
281
2784
957
1089
292
957
2387
364
660
585
369
78284
13
198
1031
262
17167
25
198
285
307
25
5447
314
16720
318
12657
513
47193
220
16
310
307
8
198
285
12454
25
1697
314
12454
11
1754
6607
369
318
84
11
343
11
288
8
1332
560
361
343
198
285
264
25
5339
8240
314
11597
4947
198
285
292
25
10130
8240
314
11597
4947
318
951
381
13457
2686
8
198
1031
262
5019
25
198
285
561
7776
3102
2542
314
281
2784
957
1089
292
957
2387
1238
7314
722
791
6767
286
292
6987
262
11765
28377
2551
20467
7
19
11
17294
16
11
220
18
11
220
17
681
318
18
11
220
19
11
220
16
681
318
17
11
220
19
11
220
20
681
318
16
11
220
19
11
220
19
24242
498
16
11
220
16
11
220
18
1089
498
19
11
220
19
11
220
17
2387
198
262
220
23
198
262
11765
28377
2551
20467
7
18
11
17294
16
11
220
17
11
220
20
681
318
17
11
220
18
11
220
17
681
318
16
11
220
18
11
220
16
24242
498
16
11
220
16
1089
498
17
11
220
18
2387
198
262
220
18
198
262
4071
271
727
1716
69574
1590
198
262
653
3284
1105
220
16
198
262
1992
8871
7
19
11
17294
16
11
220
18
11
220
17
681
318
18
11
220
19
11
220
16
681
318
17
11
220
19
11
220
20
681
318
16
11
220
19
11
220
19
24242
498
16
11
220
16
11
220
18
1089
498
19
11
220
19
11
220
17
2387
606
220
23
6987
262
653
3284
1105
220
17
198
262
1992
8871
7
18
11
17294
16
11
220
17
11
220
20
681
318
17
11
220
18
11
220
17
681
318
16
11
220
18
11
220
16
24242
498
16
11
220
16
1089
498
17
11
220
18
2387
606
220
18
6987
262
653
3284
1105
220
18
198
262
1992
8871
7
20
11
17294
16
11
220
17
11
220
22
21
24
16
22
15
18
23
22
681
318
17
11
220
18
11
220
19
16
17
19
20
21
21
16
19
681
318
16
11
220
19
11
220
18
20
20
15
23
16
21
16
16
681
318
19
11
220
20
11
220
21
24
20
22
24
15
15
17
18
24242
498
18
11
220
16
1089
498
20
11
220
17
2387
606
220
16
16
15
23
17
19
21
21
18
22
6987
262
653
3284
1105
220
19
198
262
1992
8871
7
16
17
11
17294
16
11
220
17
11
220
16
15
15
15
15
15
15
15
15
15
681
318
16
11
220
18
11
220
16
15
15
15
15
15
15
15
15
15
681
318
18
11
220
19
11
220
16
15
15
15
15
15
15
15
15
15
681
318
16
11
220
20
11
220
16
15
15
15
15
15
15
15
15
15
681
318
18
11
220
21
11
220
16
15
15
15
15
15
15
15
15
15
681
318
18
11
220
22
11
220
16
15
15
15
15
15
15
15
15
15
681
318
22
11
220
23
11
220
16
15
15
15
15
15
15
15
15
15
681
318
20
11
220
24
11
220
16
15
15
15
15
15
15
15
15
15
681
318
18
11
220
16
15
11
220
16
15
15
15
15
15
15
15
15
15
681
318
16
15
11
220
16
16
11
220
16
15
15
15
15
15
15
15
15
15
681
318
16
16
11
220
16
17
11
220
16
15
15
15
15
15
15
15
15
15
681
318
19
11
220
22
11
220
16
15
15
15
15
15
15
15
15
15
681
318
23
11
220
16
17
11
220
16
15
15
15
15
15
15
15
15
15
681
318
16
11
220
24
11
220
16
15
15
15
15
15
15
15
15
15
681
318
20
11
220
16
16
11
220
16
15
15
15
15
15
15
15
15
15
681
318
22
11
220
16
15
11
220
16
15
15
15
15
15
15
15
15
15
681
318
17
11
220
20
11
220
16
15
15
15
15
15
15
15
15
15
681
318
21
11
220
24
11
220
16
15
15
15
15
15
15
15
15
15
681
318
22
11
220
24
11
220
16
15
15
15
15
15
15
15
15
15
681
318
17
11
220
23
11
220
16
15
15
15
15
15
15
15
15
15
24242
498
16
16
11
220
18
11
220
22
11
220
16
15
11
220
21
11
220
24
1089
498
17
11
220
16
11
220
23
11
220
20
11
220
19
11
220
16
17
2387
606
220
21
15
15
15
15
15
15
15
15
15
6987
262
653
3284
1105
220
20
198
262
1992
8871
7
19
11
17294
16
11
220
17
11
220
21
24
21
24
18
24
22
17
20
681
318
17
11
220
18
11
220
22
23
16
22
20
18
15
17
15
681
318
18
11
220
19
11
220
19
18
23
22
21
18
23
21
18
681
318
16
11
220
19
11
220
19
18
24
19
21
20
23
16
21
681
318
16
11
220
18
11
220
17
20
19
23
23
20
18
19
16
24242
498
19
11
220
18
1089
498
16
11
220
17
2387
606
220
24
20
16
23
17
20
15
21
21
6987
262
653
3284
1105
220
21
198
262
1992
8871
7
20
11
17294
16
11
220
17
11
220
16
18
20
17
17
22
22
24
16
681
318
17
11
220
18
11
220
19
18
18
15
23
21
24
17
17
681
318
18
11
220
19
11
220
17
24
17
17
17
17
17
15
24
681
318
19
11
220
20
11
220
24
17
17
16
20
17
19
24
24242
498
17
11
220
16
1089
498
19
11
220
18
2387
606
220
23
21
21
16
22
18
23
19
19
6987
262
653
3284
1105
220
22
198
262
1992
8871
7
18
11
17294
16
11
220
17
11
220
20
15
21
19
15
18
24
18
19
681
318
17
11
220
18
11
220
24
21
21
19
22
17
24
17
19
681
318
16
11
220
18
11
220
22
19
16
22
21
20
17
24
16
24242
498
18
1089
498
17
2387
606
220
22
19
16
22
21
20
17
24
16
6987
262
653
3284
1105
220
23
198
262
1992
8871
7
16
15
11
17294
16
11
220
17
11
220
22
20
21
15
16
15
18
17
23
681
318
17
11
220
18
11
220
24
24
22
24
18
22
17
18
16
681
318
18
11
220
19
11
220
20
15
22
23
21
22
24
23
24
681
318
19
11
220
20
11
220
19
19
20
18
21
19
15
22
15
681
318
20
11
220
21
11
220
24
19
20
17
21
21
17
15
22
681
318
21
11
220
22
11
220
17
21
19
15
15
21
22
24
24
681
318
22
11
220
23
11
220
19
15
16
19
22
15
24
22
22
681
318
23
11
220
24
11
220
17
24
18
23
15
15
20
20
23
681
318
24
11
220
16
15
11
220
24
23
20
23
20
24
19
17
20
24242
498
16
15
11
220
19
11
220
24
11
220
22
11
220
16
1089
498
17
11
220
23
11
220
18
11
220
21
11
220
20
2387
606
220
17
22
19
20
15
19
16
16
23
15
6987
262
653
3284
1105
220
24
471
3074
11597
13139
198
262
1992
8871
7
18
11
17294
16
11
220
17
11
220
19
16
18
19
20
23
15
16
22
681
318
17
11
220
18
11
220
24
20
16
17
20
18
24
21
24
681
318
16
11
220
19
11
220
18
18
21
18
24
16
20
18
15
681
318
17
11
220
20
11
220
24
16
18
20
16
20
21
16
681
318
19
11
220
21
11
220
21
24
16
18
23
20
17
18
23
681
318
20
11
220
22
11
220
23
15
19
22
22
19
20
21
23
681
318
17
11
220
23
11
220
20
17
17
24
23
22
15
15
681
318
19
11
220
24
11
220
19
19
17
23
18
18
21
24
17
681
318
16
11
220
16
15
11
220
20
15
21
19
21
17
21
15
681
318
16
15
11
220
16
16
11
220
23
18
24
21
23
18
19
19
19
681
318
22
11
220
16
17
11
220
16
19
17
17
20
21
17
20
20
681
318
24
11
220
16
18
11
220
22
23
20
15
20
23
20
22
22
681
318
16
17
11
220
16
19
11
220
18
16
24
16
16
21
18
22
17
681
318
22
11
220
16
20
11
220
19
18
19
20
21
20
24
19
20
681
318
16
19
11
220
16
20
11
220
20
23
21
21
18
18
24
21
15
681
318
16
11
220
16
17
11
220
23
24
23
20
18
23
22
23
21
681
318
23
11
220
16
20
11
220
20
23
17
18
24
22
18
19
22
681
318
18
11
220
24
11
220
24
21
23
19
18
21
20
16
19
681
318
18
11
220
16
16
11
220
17
17
17
21
15
16
22
24
19
681
318
18
11
220
16
15
11
220
23
24
17
15
19
21
21
17
21
681
318
17
11
220
16
15
11
220
20
15
19
17
18
17
17
20
23
681
318
19
11
220
20
11
220
19
18
17
23
21
21
22
15
15
24242
498
18
1089
498
19
2387
606
220
23
18
24
21
23
18
19
19
19
6987
262
653
3284
1105
220
16
15
198
262
1992
8871
7
21
11
17294
16
11
220
17
11
220
18
21
18
23
18
16
15
18
21
681
318
16
11
220
18
11
220
19
24
24
17
16
19
18
16
20
681
318
16
11
220
19
11
220
22
23
19
18
22
17
22
23
16
681
318
16
11
220
20
11
220
16
15
17
18
21
20
17
16
17
681
318
16
11
220
21
11
220
22
17
15
17
18
18
24
17
17
24242
498
18
11
220
19
11
220
21
1089
498
17
11
220
20
11
220
16
2387
606
220
17
15
15
18
23
17
16
15
16
23
6987
262
653
3284
1105
220
16
16
198
262
1992
8871
7
17
11
17294
16
11
220
17
11
220
18
23
23
24
18
18
18
21
24
24242
498
17
1089
498
16
2387
606
220
18
23
23
24
18
18
18
21
24
6987
262
653
3284
1105
220
16
17
198
262
1992
8871
7
22
11
17294
16
11
220
17
11
220
21
15
21
20
17
18
23
19
23
681
318
16
11
220
18
11
220
18
21
24
24
24
16
17
17
23
681
318
17
11
220
19
11
220
18
16
17
21
21
18
20
19
18
681
318
18
11
220
20
11
220
18
19
21
23
17
16
17
17
17
681
318
19
11
220
21
11
220
23
19
15
20
15
24
19
15
22
681
318
19
11
220
22
11
220
21
19
19
24
24
24
24
18
16
24242
498
22
11
220
20
11
220
18
1089
498
21
11
220
16
11
220
17
2387
606
220
16
23
16
22
15
17
19
19
23
18
271
2
5272
1716
13741
11514
2551
20467
8
310
1542
6813
13
198
71093
248046
198
248045
74455
198
248068
271
248069
271
71093
12305
198
1445
18904
1120
1697
11
23846
198
1445
14856
1120
40565
271
727
28377
2551
20467
1393
25
514
11
12454
25
1697
19723
5871
18078
11
514
11
514
19867
264
25
1697
18078
1089
292
25
1697
18078
2387
1411
514
25
198
262
4071
15767
264
4145
8173
1962
72073
4618
440
307
16720
321
12454
318
2777
1754
6607
369
695
262
14807
430
318
84
11
343
11
288
8
7063
16720
560
321
343
513
8173
440
4528
288
681
321
1330
695
262
22958
264
321
292
314
279
1788
2984
11
1423
279
7776
3102
2542
314
1752
13914
13
198
1031
262
1690
866
1752
303
279
4618
11
1141
4528
369
4364
430
279
6966
4528
314
866
6607
303
421
1752
13
198
262
281
2007
11
374
8
369
4364
430
279
7776
3102
1752
4528
494
11597
830
310
11597
374
13
198
1031
262
561
3274
369
310
13457
1035
8240
292
1680
421
279
2542
314
281
2784
957
1089
292
957
2387
364
660
585
369
78284
13
198
1031
262
17167
25
198
285
307
25
5447
314
16720
318
12657
513
47193
220
16
310
307
8
198
285
12454
25
1697
314
12454
11
1754
6607
369
318
84
11
343
11
288
8
1332
560
361
343
198
285
264
25
5339
8240
314
11597
4947
198
285
292
25
10130
8240
314
11597
4947
318
951
381
13457
2686
8
198
1031
262
5019
25
198
285
561
7776
3102
2542
314
281
2784
957
1089
292
957
2387
1238
7314
722
791
6767
286
292
6987
262
11765
28377
2551
20467
7
19
11
17294
16
11
220
18
11
220
17
681
318
18
11
220
19
11
220
16
681
318
17
11
220
19
11
220
20
681
318
16
11
220
19
11
220
19
24242
498
16
11
220
16
11
220
18
1089
498
19
11
220
19
11
220
17
2387
198
262
220
23
198
262
11765
28377
2551
20467
7
18
11
17294
16
11
220
17
11
220
20
681
318
17
11
220
18
11
220
17
681
318
16
11
220
18
11
220
16
24242
498
16
11
220
16
1089
498
17
11
220
18
2387
198
262
220
18
198
262
4071
198
262
653
14392
220
16
25
21902
660
2195
4568
281
2007
11
374
8
283
7776
84810
1752
4528
198
262
653
5272
264
10490
414
84170
593
81370
5313
25
279
7776
84810
5821
628
381
1669
198
262
653
539
8427
12454
303
7459
4528
1906
321
1608
8872
7049
474
13
198
262
653
43274
11
281
2007
11
374
8
369
279
7776
11823
457
1680
421
830
321
374
513
8173
303
279
1146
4293
198
262
653
314
12454
440
4528
2564
457
13
1061
369
13185
310
279
6966
6607
4528
383
279
1752
1881
830
321
374
198
262
653
303
279
29910
11564
1187
8672
318
44
759
553
198
1031
262
653
7606
81370
1608
15965
31693
278
579
11767
198
262
12454
39914
283
10300
72532
11
1328
26612
378
25
378
58
17
2387
198
1031
262
2594
283
1103
21649
1393
478
220
16
578
198
262
6857
283
498
15
60
348
318
77
478
220
16
8
198
1031
262
687
1423
2007
1590
198
285
1345
2594
8065
60
931
830
25
198
309
2594
8065
60
283
2594
81303
8065
4891
198
309
830
283
2594
8065
60
198
285
460
830
6987
262
687
10973
2007
11
374
1590
198
285
18534
11
32797
283
1423
2007
681
1423
6803
8
198
285
413
18534
606
32797
25
198
309
460
3439
198
285
413
6857
58
12288
60
361
6857
58
856
5491
198
309
18534
11
32797
283
32797
11
18534
198
285
2594
58
856
60
283
18534
198
285
413
6857
58
12288
60
606
6857
58
856
5491
198
309
6857
58
12288
60
1373
220
16
198
285
460
2912
6987
262
295
267
27120
283
2958
198
262
364
560
11
343
11
288
303
12454
39914
25
198
285
413
10973
7897
11
343
1590
198
309
295
267
27120
1989
1148
84
11
343
11
288
578
198
1031
262
653
4543
1870
279
81370
71339
1103
198
262
295
267
41145
283
81592
364
696
303
2020
1393
478
220
16
7025
198
262
364
560
11
343
11
288
303
295
267
27120
25
198
285
295
267
41145
20679
906
4928
1148
85
11
288
578
198
285
295
267
41145
16042
906
4928
1148
84
11
288
578
198
1031
262
653
14392
220
17
25
4807
26808
281
2007
11
374
8
364
660
830
303
264
321
374
303
292
198
262
653
8439
307
2493
381
3349
11
694
264
321
292
513
11140
314
2984
295
11
567
1132
1144
281
364
1782
3050
13139
13
198
262
653
4213
11
567
1144
310
13457
1035
292
11
748
567
1144
310
1366
281
2784
957
1089
292
3681
2387
364
660
585
321
492
13
198
262
653
695
262
653
561
1328
19407
25
281
2007
11
374
8
303
279
81370
369
279
6966
6607
4528
383
279
4752
1752
1881
830
321
374
13
198
262
653
1165
628
12204
411
28750
13
198
262
653
198
262
653
51301
25
1690
1754
11597
303
264
11
635
264
54489
15797
8225
383
279
81370
310
1423
279
6966
6607
4528
383
279
1752
198
262
653
310
1396
975
11597
13
8439
279
81370
682
307
12
16
12454
11
411
369
496
1393
8
791
11597
303
264
13
198
262
653
10342
25
496
21729
64
91
348
307
8
864
1220
381
20895
13
198
1031
262
653
32645
11
567
1144
281
2784
957
1089
292
3681
2387
364
660
585
11
492
13
6558
579
12204
264
5979
13
198
262
653
1921
735
64
91
283
735
65
91
283
295
11
748
567
1144
449
295
830
295
5979
13
198
262
653
1690
1754
264
957
1089
567
12204
279
1866
6607
4528
383
1752
310
660
16720
11
1179
3608
1782
303
292
13
198
1031
262
653
6558
579
635
87244
494
1754
264
957
60
383
279
81370
13
198
262
653
733
264
4757
11
1017
579
264
4752
1752
11
748
567
628
1066
635
54489
13
198
1031
262
295
283
2343
2784
8
198
262
653
281
9890
957
1404
73
60
283
281
2784
957
1089
292
3681
2387
198
262
281
9890
283
4177
15
60
348
295
364
696
303
2020
1212
7025
198
1031
262
364
585
303
2020
1212
1590
198
285
1151
283
264
957
60
198
285
653
87244
14
60168
494
1151
383
81370
198
285
11653
283
498
3913
60
348
318
77
478
220
16
8
198
285
1866
1611
2270
283
498
15
60
348
318
77
478
220
16
8
198
285
6951
283
40565
363
198
285
6951
1989
1148
2388
11
220
15
578
198
285
11653
27533
60
283
2912
8675
285
1345
6951
25
198
309
2357
11
1428
6144
1611
283
6951
541
73643
363
198
309
1866
1611
2270
28920
60
283
1428
6144
1611
198
309
364
9281
11
288
303
295
267
41145
28920
5491
198
388
413
524
11653
58
35265
5491
198
493
11653
58
35265
60
283
2912
198
493
491
6144
1611
283
1866
8497
6144
1611
11
288
8
198
493
6951
1989
1148
35265
11
491
6144
1611
578
198
1726
285
364
492
303
2020
1212
1590
198
309
281
9890
957
1404
73
60
283
1866
1611
2270
17932
3681
4891
198
1031
262
653
14392
220
18
25
4543
567
599
264
2695
5979
281
9890
1332
281
9890
957
1404
73
60
283
281
2784
957
1089
292
3681
10381
198
262
653
1165
1144
310
9501
1754
2713
585
310
264
4752
3145
492
310
28377
279
2542
13
198
262
653
1061
369
279
15840
3377
13
198
262
653
198
262
653
561
11930
25
295
283
2343
2784
8
283
2343
1818
553
695
262
653
1690
2526
295
11
567
628
958
54871
11767
13
198
262
653
1690
7875
295
11
567
2493
1144
449
10727
7873
13
198
1031
262
413
295
606
220
15
25
198
285
460
220
15
6987
262
653
54871
11767
364
7776
2695
15840
198
262
653
307
10630
283
295
11
307
24542
283
295
198
262
653
1165
3172
4072
279
54871
11767
364
9057
34030
13
198
1031
262
653
8439
295
1362
381
685
310
264
2342
7493
466
15706
11
1042
579
958
449
496
1212
61
18
8
54871
13
198
262
653
1921
1118
11
1042
579
1716
279
1228
4886
13
561
7526
295
303
6813
4816
2526
13
198
1031
262
653
29806
314
54871
11767
364
20537
1954
198
262
33815
283
2153
482
13180
837
198
262
307
10630
283
295
198
262
307
24542
283
295
6987
262
653
560
321
343
513
91005
198
262
560
283
498
15
60
348
318
77
10630
478
220
16
8
198
262
343
283
498
15
60
348
318
77
24542
478
220
16
8
198
262
653
280
3681
60
283
2713
12244
310
3145
492
318
16
20834
290
364
279
11767
11
567
958
220
16
486
77
10630
364
6761
8
198
262
280
283
498
15
60
348
318
77
24542
478
220
16
8
198
262
653
1560
3681
60
283
279
2713
421
3145
492
557
17515
494
303
279
1483
76092
198
262
1560
283
498
15
60
348
318
77
24542
478
220
16
8
198
1031
262
364
585
303
2020
7
16
11
307
10630
478
220
16
1590
198
285
280
58
15
60
283
585
198
285
492
15
283
220
15
198
285
1262
85
283
498
35205
60
348
318
77
24542
478
220
16
8
198
285
1429
283
498
3913
60
348
318
77
24542
478
220
16
8
198
1726
285
1345
2912
25
198
309
1429
3681
15
60
283
2912
198
309
585
15
283
280
3681
15
60
198
309
9197
283
33815
198
309
492
16
283
471
16
18015
309
364
492
303
2020
7
16
11
307
24542
478
220
16
1590
198
388
413
524
1429
3681
5491
198
493
2754
283
281
9890
957
15
471
220
16
1404
73
471
220
16
60
471
560
957
15
60
471
343
3681
60
198
493
413
2754
361
1262
85
3681
5491
198
646
1262
85
3681
60
283
2754
198
646
1560
3681
60
283
492
15
198
493
413
1262
85
3681
60
361
9197
25
198
646
9197
283
1262
85
3681
60
198
646
492
16
283
492
18015
309
364
492
303
2020
1393
24542
478
220
16
1590
198
388
413
1429
3681
5491
198
493
560
11079
3681
4891
1373
9197
198
493
343
3681
60
5794
9197
198
388
745
25
198
493
1262
85
3681
60
5794
9197
18015
309
492
15
283
492
16
18015
309
413
280
3681
15
60
606
220
15
25
198
388
1387
8675
285
653
4769
468
198
285
1345
492
15
931
220
15
25
198
309
492
16
283
1560
3681
15
60
198
309
280
3681
15
60
283
280
3681
16
60
198
309
492
15
283
492
16
6987
262
653
561
4087
369
471
85
58
15
60
198
262
1067
283
471
85
58
15
60
198
1031
262
460
1067
198
71093
248046
198
248045
846
198
7525
3555
4621
4490
279
6813
13
5514
579
279
1412
25
198
6347
1371
318
3444
3110
1562
1483
1590
198
220
2793
34397
74482
24
18
2196
922
66
40
6971
487
1500
220
17
20
16
11
303
361
4211
29
198
262
1716
13741
11514
2551
20467
8
198
220
2793
34397
74482
24
18
2196
922
66
40
6971
487
1500
220
20
19
11
303
1716
198
262
1992
8871
7
18
11
17294
16
11
220
17
11
220
19
16
18
19
20
23
15
16
22
681
318
17
11
220
18
11
220
24
20
16
17
20
18
24
21
24
681
318
16
11
220
19
11
220
18
18
21
18
24
16
20
18
15
681
318
17
11
220
20
11
220
24
16
18
20
16
20
21
16
681
318
19
11
220
21
11
220
21
24
16
18
23
20
17
18
23
681
318
20
11
220
22
11
220
23
15
19
22
22
19
20
21
23
681
318
17
11
220
23
11
220
20
17
17
24
23
22
15
15
681
318
19
11
220
24
11
220
19
19
17
23
18
18
21
24
17
681
318
16
11
220
16
15
11
220
20
15
21
19
21
17
21
15
681
318
16
15
11
220
16
16
11
220
23
18
24
21
23
18
19
19
19
681
318
22
11
220
16
17
11
220
16
19
17
17
20
21
17
20
20
681
318
24
11
220
16
18
11
220
22
23
20
15
20
23
20
22
22
681
318
16
17
11
220
16
19
11
220
18
16
24
16
16
21
18
22
17
681
318
22
11
220
16
20
11
220
19
18
19
20
21
20
24
19
20
681
318
16
19
11
220
16
20
11
220
20
23
21
21
18
18
24
21
15
681
318
16
11
220
16
17
11
220
23
24
23
20
18
23
22
23
21
681
318
23
11
220
16
20
11
220
20
23
17
18
24
22
18
19
22
681
318
18
11
220
24
11
220
24
21
23
19
18
21
20
16
19
681
318
18
11
220
16
16
11
220
17
17
17
21
15
16
22
24
19
681
318
18
11
220
16
15
11
220
23
24
17
15
19
21
21
17
21
681
318
17
11
220
16
15
11
220
20
15
19
17
18
17
17
20
23
681
318
19
11
220
20
11
220
19
18
17
23
21
21
22
15
15
24242
498
18
1089
498
19
2387
606
220
23
18
24
21
23
18
19
19
19
198
1779
6108
59641
59641
59641
59641
59641
59641
59641
59641
59641
59641
59641
59641
59641
59641
59641
59641
59641
59641
59641
59641
59641
59641
59641
59641
59641
59641
59641
59641
59641
59641
59641
59641
59641
59641
59641
59641
59641
59641
59641
59641
59641
59641
59641
59641
59641
59641
59641
59641
59641
59641
59641
59641
59641
59641
59641
59641
59641
59641
59641
59641
59641
59641
59641
59641
59641
59641
59641
59641
59641
59641
59641
59641
59641
59641
59641
59641
59641
59641
59641
59641
59641
59641
59641
59641
59641
59641
59641
59641
59641
59641
59641
59641
59641
59641
59641
59641
59641
59641
59641
59641
59641
59641
59641
59641
59641
59641
59641
59641
59641
59641
59641
59641
59641
61
198
220
2793
34397
74482
24
18
2196
922
66
40
6971
487
1500
220
16
17
18
11
303
28377
2551
20467
198
262
413
10973
7897
11
343
1590
198
950
6108
59641
59641
21203
198
220
2793
34397
74482
24
18
2196
922
66
40
6971
487
1500
220
16
16
16
11
303
10973
198
262
18534
11
32797
283
1423
2007
681
1423
6803
8
198
2467
6108
59641
21203
198
220
2793
34397
74482
24
18
2196
922
66
40
6971
487
1500
220
16
15
20
11
303
1423
198
262
1345
2594
8065
60
931
830
25
198
670
3835
10007
93
21203
61
198
1498
1401
25
1103
1857
680
314
2020
14200
1206
311
40138
11
411
369
678
3274
25
4310
279
2614
709
11618
321
4479
889
11
6999
4072
279
709
7246
321
1440
660
279
6813
13
2972
5683
4045
67305
3067
13209
50
159029
271
2523
1220
14623
279
1970
488
10490
303
264
64504
1970
2424
318
784
9609
31789
318
19458
668
31153
279
3889
5568
8
248046
198
248045
74455
198
248068
271
248069
271
9764
728
22903
279
4125
13
561
3377
369
421
279
4618
682
16720
47193
494
220
16
310
307
11
694
303
1228
1105
220
24
11
279
12454
6435
11597
4947
421
12131
307
28
18
13
6558
728
311
9884
19382
13
271
21765
506
1228
1105
220
24
25
198
71093
198
44732
7
18
11
17294
16
11
220
17
11
220
19
16
18
19
20
23
15
16
22
681
318
17
11
220
18
11
220
24
20
16
17
20
18
24
21
24
681
318
16
11
220
19
11
220
18
18
21
18
24
16
20
18
15
681
318
17
11
220
20
11
220
24
16
18
20
16
20
21
16
681
318
19
11
220
21
11
220
21
24
16
18
23
20
17
18
23
681
318
20
11
220
22
11
220
23
15
19
22
22
19
20
21
23
681
318
17
11
220
23
11
220
20
17
17
24
23
22
15
15
681
318
19
11
220
24
11
220
19
19
17
23
18
18
21
24
17
681
318
16
11
220
16
15
11
220
20
15
21
19
21
17
21
15
681
318
16
15
11
220
16
16
11
220
23
18
24
21
23
18
19
19
19
681
318
22
11
220
16
17
11
220
16
19
17
17
20
21
17
20
20
681
318
24
11
220
16
18
11
220
22
23
20
15
20
23
20
22
22
681
318
16
17
11
220
16
19
11
220
18
16
24
16
16
21
18
22
17
681
318
22
11
220
16
20
11
220
19
18
19
20
21
20
24
19
20
681
318
16
19
11
220
16
20
11
220
20
23
21
21
18
18
24
21
15
681
318
16
11
220
16
17
11
220
23
24
23
20
18
23
22
23
21
681
318
23
11
220
16
20
11
220
20
23
17
18
24
22
18
19
22
681
318
18
11
220
24
11
220
24
21
23
19
18
21
20
16
19
681
318
18
11
220
16
16
11
220
17
17
17
21
15
16
22
24
19
681
318
18
11
220
16
15
11
220
23
24
17
15
19
21
21
17
21
681
318
17
11
220
16
15
11
220
20
15
19
17
18
17
17
20
23
681
318
19
11
220
20
11
220
19
18
17
23
21
21
22
15
15
24242
498
18
1089
498
19
2387
606
220
23
18
24
21
23
18
19
19
19
198
71093
271
8160
307
28
18
694
279
12454
599
16720
685
310
220
16
20
13
561
1510
64
63
321
1510
65
63
11140
1132
6435
16720
220
18
321
220
19
13
1987
567
1144
310
3579
279
1105
1332
279
4880
1324
314
16720
303
279
4618
2493
381
7875
1056
307
10661
13
13428
11
694
279
3377
2640
328
77
25
5447
314
16720
318
12657
513
47193
220
16
310
307
90765
4558
50821
11
3221
777
15060
11
424
4816
1040
279
1510
77
63
5555
2493
524
2353
279
4880
11597
1698
303
279
12454
13
561
4618
369
4364
539
279
12454
11
321
16720
628
708
685
310
8554
7701
303
279
12454
13
1987
353
1220
7995
279
4880
1324
314
16720
494
279
12454
11
524
1066
958
1510
77
27653
271
9764
728
4884
411
539
24782
279
6966
11597
1324
494
279
12454
321
264
3359
11140
11
321
1608
421
430
279
4880
1331
13
271
71093
12305
198
1445
18904
1120
1697
11
23846
198
1445
14856
1120
40565
271
727
28377
2551
20467
1393
25
514
11
12454
25
1697
19723
5871
18078
11
514
11
514
19867
264
25
1697
18078
1089
292
25
1697
18078
2387
1411
514
25
198
262
4071
15767
264
4145
8173
1962
72073
4618
440
307
16720
321
12454
318
2777
1754
6607
369
695
262
14807
430
318
84
11
343
11
288
8
7063
16720
560
321
343
513
8173
440
4528
288
681
321
1330
695
262
22958
264
321
292
314
279
1788
2984
11
1423
279
7776
3102
2542
314
1752
13914
13
198
1031
262
1690
866
1752
303
279
4618
11
1141
4528
369
4364
430
279
6966
4528
314
866
6607
303
421
1752
13
198
262
281
2007
11
374
8
369
4364
430
279
7776
3102
1752
4528
494
11597
830
310
11597
374
13
198
1031
262
561
3274
369
310
13457
1035
8240
292
1680
421
279
2542
314
281
2784
957
1089
292
957
2387
364
660
585
369
78284
13
198
1031
262
17167
25
198
285
307
25
5447
314
16720
318
12657
513
47193
220
16
310
307
8
198
285
12454
25
1697
314
12454
11
1754
6607
369
318
84
11
343
11
288
8
1332
560
361
343
198
285
264
25
5339
8240
314
11597
4947
198
285
292
25
10130
8240
314
11597
4947
318
951
381
13457
2686
8
198
1031
262
5019
25
198
285
561
7776
3102
2542
314
281
2784
957
1089
292
957
2387
1238
7314
722
791
6767
286
292
6987
262
11765
28377
2551
20467
7
19
11
17294
16
11
220
18
11
220
17
681
318
18
11
220
19
11
220
16
681
318
17
11
220
19
11
220
20
681
318
16
11
220
19
11
220
19
24242
498
16
11
220
16
11
220
18
1089
498
19
11
220
19
11
220
17
2387
198
262
220
23
198
262
11765
28377
2551
20467
7
18
11
17294
16
11
220
17
11
220
20
681
318
17
11
220
18
11
220
17
681
318
16
11
220
18
11
220
16
24242
498
16
11
220
16
1089
498
17
11
220
18
2387
198
262
220
18
198
262
4071
198
262
413
524
12454
25
198
285
653
2233
12454
11
660
281
2007
7127
8
1000
381
220
15
413
830
410
88
11
33815
5752
11
694
4618
369
8173
748
411
12752
914
3420
198
285
460
220
15
6987
262
653
28924
4880
1324
314
16720
494
12454
321
22958
198
262
1866
25759
283
1866
1393
11
1866
8474
7897
11
343
8
364
560
11
343
11
288
303
12454
578
198
262
413
264
25
198
285
1866
25759
283
1866
8474
25759
11
1866
2784
578
198
262
413
292
25
198
285
1866
25759
283
1866
8474
25759
11
1866
1818
578
198
1031
262
653
14392
220
16
25
7606
81370
1608
15965
31693
278
579
11767
198
262
12454
39914
283
10300
72532
11
1328
26612
378
25
378
58
17
2387
198
1031
262
2594
283
1103
21649
8474
25759
478
220
16
578
198
262
6857
283
498
15
60
348
318
2721
25759
478
220
16
8
198
1031
262
687
1423
2007
1590
198
285
1345
2594
8065
60
931
830
25
198
309
2594
8065
60
283
2594
81303
8065
4891
198
309
830
283
2594
8065
60
198
285
460
830
6987
262
687
10973
2007
11
374
1590
198
285
18534
11
32797
283
1423
2007
681
1423
6803
8
198
285
413
18534
606
32797
25
198
309
460
3439
198
285
413
6857
58
12288
60
361
6857
58
856
5491
198
309
18534
11
32797
283
32797
11
18534
198
285
2594
58
856
60
283
18534
198
285
413
6857
58
12288
60
606
6857
58
856
5491
198
309
6857
58
12288
60
1373
220
16
198
285
460
2912
6987
262
295
267
27120
283
2958
198
262
364
560
11
343
11
288
303
12454
39914
25
198
285
413
10973
7897
11
343
1590
198
309
295
267
27120
1989
1148
84
11
343
11
288
578
198
1031
262
653
14392
220
17
25
7606
81370
71339
1103
198
262
295
267
41145
283
81592
364
696
303
2020
8474
25759
478
220
16
7025
198
262
364
560
11
343
11
288
303
295
267
27120
25
198
285
295
267
41145
20679
906
4928
1148
85
11
288
578
198
285
295
267
41145
16042
906
4928
1148
84
11
288
578
198
1031
262
653
14392
220
18
25
21902
281
2784
957
1089
292
3681
2387
364
660
585
11
492
198
262
653
281
2007
11
374
8
283
1866
6607
4528
383
4752
1752
303
81370
1881
830
321
374
198
262
295
283
2343
2784
8
198
262
281
9890
283
4177
15
60
348
295
364
696
303
2020
1212
7025
198
1031
262
364
585
303
2020
1212
1590
198
285
1151
283
264
957
60
198
285
653
87244
494
1151
383
81370
198
285
11653
283
498
3913
60
348
318
2721
25759
478
220
16
8
198
285
1866
1611
2270
283
498
15
60
348
318
2721
25759
478
220
16
8
198
285
6951
283
40565
363
198
285
6951
1989
1148
2388
11
220
15
578
198
285
11653
27533
60
283
2912
8675
285
1345
6951
25
198
309
2357
11
1428
6144
1611
283
6951
541
73643
363
198
309
1866
1611
2270
28920
60
283
1428
6144
1611
198
309
364
9281
11
288
303
295
267
41145
28920
5491
198
388
413
524
11653
58
35265
5491
198
493
11653
58
35265
60
283
2912
198
493
491
6144
1611
283
1866
8497
6144
1611
11
288
8
198
493
6951
1989
1148
35265
11
491
6144
1611
578
198
1726
285
364
492
303
2020
1212
1590
198
309
281
9890
957
1404
73
60
283
1866
1611
2270
17932
3681
4891
198
1031
262
653
14392
220
19
25
61148
15840
3377
1608
54871
11767
198
262
413
295
606
220
15
25
198
285
460
220
15
6987
262
33815
283
2153
482
13180
837
198
262
307
10630
283
295
198
262
307
24542
283
295
6987
262
653
54871
11767
364
20537
1954
198
262
560
283
498
15
60
348
318
77
10630
478
220
16
8
198
262
343
283
498
15
60
348
318
77
24542
478
220
16
8
198
262
280
283
498
15
60
348
318
77
24542
478
220
16
8
198
262
1560
283
498
15
60
348
318
77
24542
478
220
16
8
198
1031
262
364
585
303
2020
7
16
11
307
10630
478
220
16
1590
198
285
280
58
15
60
283
585
198
285
492
15
283
220
15
198
285
1262
85
283
498
35205
60
348
318
77
24542
478
220
16
8
198
285
1429
283
498
3913
60
348
318
77
24542
478
220
16
8
198
1726
285
1345
2912
25
198
309
1429
3681
15
60
283
2912
198
309
585
15
283
280
3681
15
60
198
309
9197
283
33815
198
309
492
16
283
471
16
18015
309
364
492
303
2020
7
16
11
307
24542
478
220
16
1590
198
388
413
524
1429
3681
5491
198
493
2754
283
281
9890
957
15
471
220
16
1404
73
471
220
16
60
471
560
957
15
60
471
343
3681
60
198
493
413
2754
361
1262
85
3681
5491
198
646
1262
85
3681
60
283
2754
198
646
1560
3681
60
283
492
15
198
493
413
1262
85
3681
60
361
9197
25
198
646
9197
283
1262
85
3681
60
198
646
492
16
283
492
18015
309
364
492
303
2020
1393
24542
478
220
16
1590
198
388
413
1429
3681
5491
198
493
560
11079
3681
4891
1373
9197
198
493
343
3681
60
5794
9197
198
388
745
25
198
493
1262
85
3681
60
5794
9197
18015
309
492
15
283
492
16
18015
309
413
280
3681
15
60
606
220
15
25
198
388
1387
8675
285
653
4769
468
198
285
1345
492
15
931
220
15
25
198
309
492
16
283
1560
3681
15
60
198
309
280
3681
15
60
283
280
3681
16
60
198
309
492
15
283
492
16
6987
262
1067
283
471
85
58
15
60
198
1031
262
460
1067
198
71093
248046
198