248045
846
198
4274
279
2614
709
11618
321
4479
889
11
6999
4072
279
709
7246
321
1440
660
279
6813
13
2972
5683
4045
67305
3067
13209
50
159029
271
2523
1220
14623
279
1970
488
10490
303
264
64504
1970
2424
318
784
9609
31789
318
19458
668
31153
279
3889
5568
8
271
71093
198
1445
18904
1120
1697
11
23846
1358
727
628
1243
595
6018
1393
25
514
11
295
25
514
11
264
25
514
11
292
25
514
11
3743
87682
25
1697
19723
5871
18078
11
514
28649
1411
1744
25
198
262
4071
28924
413
424
579
3102
310
3166
494
9057
220
16
310
9057
443
539
18253
28055
13
198
1031
262
2532
513
443
30308
26899
303
264
2713
11
28853
220
16
310
443
13
1394
1151
506
9057
220
16
321
1318
310
5372
9057
443
13
198
262
733
1754
3166
11
413
488
2224
506
9057
830
11
488
628
7538
310
9057
830
478
585
1332
25
198
262
471
264
2564
585
2564
292
198
262
471
830
478
585
2564
307
198
262
471
9057
830
478
585
369
524
303
866
314
279
3743
26126
6987
262
357
9057
492
369
3743
413
1017
6513
1010
9581
318
75
5150
11
427
5150
8
1680
421
324
5150
2564
492
2564
427
5150
13
198
1031
262
17167
25
198
285
307
25
561
1324
314
30308
318
17
2564
307
2564
220
16
15
61
16
17
8
198
285
295
25
561
1324
314
3743
26126
318
15
2564
295
2564
220
17
9
16
15
61
19
8
198
285
264
25
561
7776
7538
1331
318
16
2564
264
2564
292
2564
220
17
15
8
198
285
292
25
561
6966
7538
1331
198
285
3743
87682
25
1697
314
43716
318
75
5150
11
427
5150
8
13661
3743
26126
13
198
2467
561
26126
513
10300
321
2397
27335
87502
13
198
1031
262
5019
25
198
285
2912
413
424
579
3102
310
5372
9057
307
494
9057
220
16
11
3439
5752
13
198
1031
262
11765
628
1243
595
6018
7
17
19
11
220
17
11
220
18
11
220
20
11
17294
22
11
220
23
681
318
16
22
11
220
17
15
45047
198
262
2912
198
262
11765
628
1243
595
6018
7
18
15
11
220
16
11
220
20
11
220
23
11
17294
19
11
220
17
19
45047
198
262
3439
198
262
11765
628
1243
595
6018
7
16
15
15
11
220
19
11
220
16
15
11
220
16
16
11
17294
16
21
11
220
16
23
681
318
18
24
11
220
19
17
681
318
20
15
11
220
20
20
681
318
24
18
11
220
24
24
45047
198
262
2912
198
262
4071
271
727
1716
69574
1590
198
262
653
3284
4886
494
279
3377
198
262
1992
8871
7
17
19
11
220
17
11
220
18
11
220
20
11
17294
22
11
220
23
681
318
16
22
11
220
17
15
45047
606
2912
198
262
1992
8871
7
18
15
11
220
16
11
220
20
11
220
23
11
17294
19
11
220
17
19
45047
606
3439
198
262
1992
8871
7
16
15
15
11
220
19
11
220
16
15
11
220
16
16
11
17294
16
21
11
220
16
23
681
318
18
24
11
220
19
17
681
318
20
15
11
220
20
20
681
318
24
18
11
220
24
24
45047
606
2912
6987
262
653
22484
1228
4886
198
262
1992
8871
7
18
11
220
16
11
220
16
11
220
16
11
17294
17
11
220
17
45047
606
3439
198
262
1992
8871
7
16
19
24
11
220
15
11
220
22
11
220
16
18
11
40784
606
2912
198
262
1992
8871
7
22
21
11
220
15
11
220
16
19
11
220
16
19
11
40784
606
3439
198
262
1992
8871
7
16
21
22
11
220
16
11
220
16
16
11
220
16
21
11
17294
17
11
220
18
45047
606
2912
198
262
1992
8871
7
16
15
15
15
15
15
15
15
15
15
15
15
15
11
220
20
11
220
20
11
220
17
15
11
17294
17
11
220
18
681
318
16
15
11
220
16
20
681
318
24
24
11
220
16
15
15
681
318
17
15
15
11
220
17
15
15
681
318
24
24
24
24
24
24
24
24
24
24
24
24
11
220
24
24
24
24
24
24
24
24
24
24
24
24
45047
606
2912
6987
262
653
3284
440
5081
3743
26126
198
262
1992
8871
7
17
15
11
220
21
11
220
17
11
220
18
11
17294
17
11
220
17
681
318
18
11
220
18
681
318
19
11
220
19
681
318
20
11
220
20
681
318
22
11
220
22
681
318
24
11
220
24
45047
606
3439
198
262
1992
8871
7
17
20
11
220
21
11
220
19
11
220
16
17
11
17294
17
11
220
19
681
318
21
11
220
24
681
318
16
16
11
220
16
20
681
318
16
21
11
220
16
21
681
318
16
23
11
220
16
24
681
318
17
16
11
220
17
19
45047
606
2912
6987
262
653
10041
4886
198
262
1992
8871
7
16
15
22
11
220
16
17
11
220
16
17
11
220
16
17
11
17294
17
11
220
20
681
318
21
11
220
24
681
318
16
15
11
220
16
18
681
318
16
20
11
220
16
24
681
318
17
16
11
220
17
16
681
318
17
18
11
220
17
18
681
318
17
19
11
220
17
19
681
318
17
20
11
220
17
22
681
318
17
23
11
220
18
15
681
318
18
17
11
220
18
18
681
318
18
20
11
220
18
22
681
318
18
24
11
220
19
18
45047
606
3439
198
262
1992
8871
7
16
17
24
11
220
17
20
11
220
16
11
220
16
16
11
17294
17
11
220
17
681
318
18
11
220
21
681
318
22
11
220
24
681
318
16
15
11
220
16
18
681
318
16
19
11
220
16
19
681
318
16
20
11
220
16
20
681
318
16
21
11
220
16
22
681
318
16
23
11
220
17
15
681
318
17
17
11
220
17
18
681
318
17
20
11
220
17
24
681
318
18
16
11
220
18
20
681
318
18
22
11
220
18
22
681
318
18
23
11
220
19
15
681
318
19
16
11
220
19
18
681
318
19
19
11
220
19
20
681
318
19
21
11
220
20
15
681
318
20
16
11
220
20
16
681
318
20
18
11
220
20
18
681
318
20
19
11
220
20
23
681
318
21
15
11
220
21
15
681
318
21
17
11
220
21
20
681
318
21
21
11
220
22
15
681
318
22
17
11
220
22
20
681
318
22
21
11
220
22
22
681
318
22
24
11
220
23
15
45047
606
3439
198
262
1992
8871
7
22
24
11
220
16
23
11
220
16
24
11
220
17
15
11
17294
17
11
220
22
681
318
24
11
220
24
681
318
16
15
11
220
16
20
681
318
16
22
11
220
17
17
681
318
17
19
11
220
17
22
681
318
17
24
11
220
18
18
681
318
18
20
11
220
18
22
681
318
18
23
11
220
19
15
681
318
19
17
11
220
19
18
681
318
19
19
11
220
19
22
681
318
19
24
11
220
20
16
681
318
20
17
11
220
20
18
681
318
20
19
11
220
20
20
681
318
20
21
11
220
21
15
681
318
21
17
11
220
21
22
681
318
21
23
11
220
22
15
681
318
22
16
11
220
22
19
681
318
22
21
11
220
22
23
45047
606
3439
198
262
1992
8871
7
16
17
24
11
220
16
21
11
220
16
11
220
20
11
17294
17
11
220
17
681
318
18
11
220
19
681
318
21
11
220
22
681
318
23
11
220
16
15
681
318
16
16
11
220
16
16
681
318
16
18
11
220
16
18
681
318
16
20
11
220
16
22
681
318
16
24
11
220
17
15
681
318
17
16
11
220
17
18
681
318
17
20
11
220
17
22
681
318
17
24
11
220
18
15
681
318
18
17
11
220
18
19
681
318
18
20
11
220
18
20
681
318
18
22
11
220
18
22
681
318
18
23
11
220
18
23
681
318
18
24
11
220
19
16
45047
606
3439
198
262
1992
8871
7
18
15
11
220
17
23
11
220
16
11
220
16
11
17294
17
11
220
17
681
318
18
11
220
18
681
318
19
11
220
19
681
318
20
11
220
20
681
318
21
11
220
21
681
318
22
11
220
22
681
318
23
11
220
23
681
318
24
11
220
24
681
318
16
15
11
220
16
15
681
318
16
16
11
220
16
16
681
318
16
17
11
220
16
17
681
318
16
18
11
220
16
18
681
318
16
19
11
220
16
19
681
318
16
20
11
220
16
20
681
318
16
21
11
220
16
21
681
318
16
22
11
220
16
22
681
318
16
23
11
220
16
23
681
318
16
24
11
220
16
24
681
318
17
15
11
220
17
15
681
318
17
16
11
220
17
16
681
318
17
17
11
220
17
17
681
318
17
18
11
220
17
18
681
318
17
19
11
220
17
19
681
318
17
20
11
220
17
20
681
318
17
21
11
220
17
21
681
318
17
22
11
220
17
22
681
318
17
23
11
220
17
23
681
318
17
24
11
220
17
24
45047
606
3439
198
262
1992
8871
7
16
15
19
11
220
17
11
220
20
11
220
16
20
11
17294
17
11
220
19
681
318
21
11
220
21
45047
606
2912
198
262
1992
8871
7
19
24
11
220
18
11
220
16
23
11
220
17
15
11
17294
17
11
220
18
681
318
20
11
220
22
681
318
23
11
220
16
16
45047
606
3439
198
262
1992
8871
7
21
20
11
220
23
11
220
16
18
11
220
16
18
11
17294
17
11
220
18
681
318
19
11
220
20
681
318
22
11
220
22
681
318
24
11
220
16
15
681
318
16
16
11
220
16
16
681
318
16
18
11
220
16
19
681
318
16
20
11
220
16
20
681
318
16
22
11
220
16
23
45047
606
3439
198
262
1992
8871
7
24
15
11
220
19
11
220
16
23
11
220
17
15
11
17294
17
11
220
20
681
318
21
11
220
22
681
318
23
11
220
24
681
318
16
15
11
220
16
15
45047
606
3439
198
262
1992
8871
7
16
15
21
11
220
22
11
220
16
23
11
220
16
23
11
17294
17
11
220
18
681
318
19
11
220
20
681
318
21
11
220
22
681
318
23
11
220
23
681
318
16
15
11
220
16
16
681
318
16
17
11
220
16
18
681
318
16
19
11
220
16
20
45047
606
3439
198
262
1992
8871
7
16
23
20
11
220
21
11
220
16
23
11
220
16
23
11
17294
17
11
220
17
681
318
18
11
220
18
681
318
20
11
220
20
681
318
21
11
220
21
681
318
22
11
220
22
681
318
24
11
220
24
45047
606
3439
198
262
1992
8871
7
19
24
11
220
21
11
220
16
24
11
220
16
24
11
17294
17
11
220
19
681
318
20
11
220
22
681
318
24
11
220
24
681
318
16
15
11
220
16
17
681
318
16
18
11
220
16
18
681
318
16
20
11
220
16
22
45047
606
3439
198
262
1992
8871
7
16
23
19
11
220
18
15
11
220
20
11
220
16
21
11
17294
17
11
220
17
681
318
19
11
220
19
681
318
21
11
220
21
681
318
23
11
220
23
681
318
16
15
11
220
16
15
681
318
16
17
11
220
16
17
681
318
16
19
11
220
16
19
681
318
16
20
11
220
16
20
681
318
16
21
11
220
16
21
681
318
16
22
11
220
16
22
681
318
16
23
11
220
16
23
681
318
17
15
11
220
17
15
681
318
17
17
11
220
17
17
681
318
17
18
11
220
17
18
681
318
17
19
11
220
17
19
681
318
17
20
11
220
17
20
681
318
17
22
11
220
17
22
681
318
17
24
11
220
17
24
681
318
18
16
11
220
18
16
681
318
18
17
11
220
18
17
681
318
18
18
11
220
18
18
681
318
18
20
11
220
18
20
681
318
18
22
11
220
18
22
681
318
18
24
11
220
18
24
681
318
19
15
11
220
19
15
681
318
19
16
11
220
19
16
681
318
19
17
11
220
19
17
681
318
19
18
11
220
19
18
681
318
19
20
11
220
19
20
681
318
19
22
11
220
19
22
45047
606
2912
271
2
5272
1716
87533
1243
595
6018
8
310
1542
6813
13
198
71093
248046
198
248045
74455
198
248068
271
248069
271
21765
506
411
3377
11
353
1144
310
7995
413
567
628
5372
9057
443
494
9057
220
16
539
3154
33075
314
1331
1881
1510
64
63
321
1510
65
7561
29436
660
3743
26126
13
271
332
1536
22980
64700
198
16
13
443
628
381
685
310
220
16
15
61
16
17
11
748
567
628
914
958
87244
14
60168
383
660
30308
198
17
13
11132
26126
513
10300
321
2397
27335
87502
11
440
506
1379
220
17
9
16
15
61
19
26126
198
18
13
27846
11930
513
2526
318
16
12
17
15
681
748
279
1528
3433
2094
3743
26126
369
6973
271
332
19211
64700
198
12
1165
628
1683
314
411
430
25
1881
3743
26126
11
567
1144
310
1716
413
567
628
328
27900
1
279
12558
13
561
1328
19407
369
421
413
567
628
5372
866
9057
303
264
328
18112
9842
1
318
6082
1402
327
30308
681
567
628
2962
28055
4487
13
198
12
8439
33075
513
59056
318
64
36059
585
36059
292
681
567
1132
1144
310
3627
864
30308
303
264
3136
314
1331
292
513
65975
13
198
12
1165
628
1817
279
3377
9933
539
9933
11
20434
383
279
13211
2094
3743
26126
1332
5372
2803
2493
381
18716
13
271
332
26943
64700
198
16
13
4980
506
9057
220
16
13
1368
9057
220
16
369
3743
11
460
3439
13
198
17
13
1165
1144
310
7995
279
716
314
65975
30308
13
1921
2394
443
369
6552
11
567
958
279
2029
421
25
198
256
471
1368
567
628
5372
264
9057
830
11
567
628
5372
830
54938
11
830
54938
10
16
11
58317
830
33932
318
299
1248
430
781
2224
524
3743
321
36059
443
553
198
256
471
561
8751
20908
369
25786
3743
26126
13
271
53396
5313
25
5374
440
279
328
6735
1223
1
314
65975
9599
13
8439
33075
513
59056
11
413
567
628
5372
866
2234
303
264
2020
498
43
11
423
1089
1179
567
628
5372
9599
685
310
423
33932
318
37093
3743
30308
553
4558
9764
728
1683
777
15060
13
561
3743
26126
513
279
29998
13
26260
3743
26126
11
1017
513
328
17981
1
47929
13
1165
1144
310
9845
421
494
279
1483
65975
2234
1518
264
3743
9581
11
567
628
7538
888
466
2094
424
310
5372
9599
1238
424
13
271
50821
11
264
30835
5313
25
198
12
83392
279
6966
65975
2234
1510
2721
1243
595
63
5732
494
220
16
13
198
12
1921
411
4290
914
4847
1245
1521
567
1144
310
1366
864
3050
9599
513
65975
13
271
13784
471
2394
567
628
7538
539
866
3202
494
1510
64
63
310
1510
65
7561
413
567
628
5372
2234
1510
87
7561
567
628
5372
660
9599
303
74988
87
54938
11
830
33932
60
63
421
513
524
3743
13
1061
3254
279
65975
716
369
64258
303
328
17981
1
13211
430
1248
430
279
31092
1881
1603
30308
1459
914
12131
1510
65
27653
271
9764
728
37781
25
8340
279
24024
494
2047
310
1245
13
19182
279
1245
3444
65975
328
18112
1
2234
13
1690
1754
3743
9581
11
1716
413
567
628
7538
888
424
13
271
332
3812
1533
5313
64700
198
12
1165
3627
864
9599
303
264
32713
3136
513
65975
13
1921
443
369
2166
3349
13
198
12
11746
25
561
1328
369
421
1881
3743
26126
11
413
279
12558
314
3743
30308
369
2166
1248
318
49516
722
11
413
494
279
1483
65975
5902
2234
1518
264
3743
9581
11
567
4021
7538
310
866
5902
2234
1238
424
681
1179
567
3564
13
271
9764
728
4072
411
25
198
16
13
4980
440
65975
283
313
16
92
318
331
220
16
369
524
3743
8
198
17
13
1690
1754
3743
9581
11
7995
279
2020
314
9599
421
1902
381
328
27900
290
1
198
18
13
5272
279
2029
421
413
567
628
5372
866
2234
280
1332
280
478
292
2518
1151
314
3743
9581
11
321
280
478
264
2564
809
314
3743
9581
478
292
318
684
567
628
4128
1238
681
567
1144
310
1716
413
1017
579
264
19710
7458
13
271
50821
11
33153
25
10000
279
716
314
65975
9599
303
264
59056
2020
13
8439
33075
513
506
1379
220
17
15
11
279
328
6735
1223
1
314
13238
65975
9599
2167
506
1379
220
17
15
8047
13
1165
628
36213
2980
567
2892
5372
443
466
7995
567
2224
15239
13
271
3850
443
628
381
220
16
15
61
16
17
1076
1165
1144
310
7538
888
3349
1603
47929
5964
13
271
332
15020
481
64700
733
264
1248
1603
14084
318
2083
3743
30308
681
413
567
628
5372
2234
830
11
567
628
5372
830
54938
11
1179
830
10
17
64
11
4831
13
561
65975
9599
303
264
1603
14084
1304
264
5215
13
43274
11
413
567
628
5372
2234
830
303
264
1603
14084
11
567
628
5372
660
9599
60052
830
478
264
421
513
29184
11344
310
3529
2663
1410
43364
1076
874
11
421
579
364
632
63471
33075
13
271
2278
33075
314
1331
498
64
8142
1089
303
264
6999
1603
5364
11
413
567
628
5372
2234
830
11
567
628
5372
660
9599
494
830
54938
310
830
33932
13
4844
494
1782
11
567
628
5372
685
310
830
10
17
65
11
4831
13
1987
279
65975
716
26817
2980
424
8772
27044
13
271
1536
25
9358
567
628
5372
1330
23173
9599
11
567
628
5372
660
16905
9599
318
1634
28055
539
264
466
292
33744
553
4254
22898
11
413
567
628
5372
9599
280
321
280
10
16
318
429
264
28
16
681
567
2224
2725
13
1690
4437
264
8142
11
279
65975
716
303
264
1603
5364
668
9297
3512
328
77518
1
1238
1010
1406
13
271
9764
728
4072
264
6093
421
25
198
16
13
60204
9599
303
25903
11
41244
888
1248
1603
47929
198
17
13
62550
279
7776
321
6966
65975
2234
303
279
1428
328
2932
1
2020
198
18
13
3095
88130
264
3743
9581
11
11988
413
567
628
7538
888
424
271
8160
579
821
7873
25
271
71093
12305
198
1445
18904
1120
1697
11
23846
1358
727
628
1243
595
6018
1393
25
514
11
295
25
514
11
264
25
514
11
292
25
514
11
3743
87682
25
1697
19723
5871
18078
11
514
28649
1411
1744
25
198
262
4071
28924
413
424
579
3102
310
3166
494
9057
220
16
310
9057
443
539
18253
28055
13
198
1031
262
2532
513
443
30308
26899
303
264
2713
11
28853
220
16
310
443
13
1394
1151
506
9057
220
16
321
1318
310
5372
9057
443
13
198
262
733
1754
3166
11
413
488
2224
506
9057
830
11
488
628
7538
310
9057
830
478
585
1332
25
198
262
471
264
2564
585
2564
292
198
262
471
830
478
585
2564
307
198
262
471
9057
830
478
585
369
524
303
866
314
279
3743
26126
6987
262
357
9057
492
369
3743
413
1017
6513
1010
9581
318
75
5150
11
427
5150
8
1680
421
324
5150
2564
492
2564
427
5150
13
198
1031
262
17167
25
198
285
307
25
561
1324
314
30308
318
17
2564
307
2564
220
16
15
61
16
17
8
198
285
295
25
561
1324
314
3743
26126
318
15
2564
295
2564
220
17
9
16
15
61
19
8
198
285
264
25
561
7776
7538
1331
318
16
2564
264
2564
292
2564
220
17
15
8
198
285
292
25
561
6966
7538
1331
198
285
3743
87682
25
1697
314
43716
318
75
5150
11
427
5150
8
13661
3743
26126
13
198
2467
561
26126
513
10300
321
2397
27335
87502
13
198
1031
262
5019
25
198
285
2912
413
424
579
3102
310
5372
9057
307
494
9057
220
16
11
3439
5752
13
198
1031
262
11765
628
1243
595
6018
7
17
19
11
220
17
11
220
18
11
220
20
11
17294
22
11
220
23
681
318
16
22
11
220
17
15
45047
198
262
2912
198
262
11765
628
1243
595
6018
7
18
15
11
220
16
11
220
20
11
220
23
11
17294
19
11
220
17
19
45047
198
262
3439
198
262
11765
628
1243
595
6018
7
16
15
15
11
220
19
11
220
16
15
11
220
16
16
11
17294
16
21
11
220
16
23
681
318
18
24
11
220
19
17
681
318
20
15
11
220
20
20
681
318
24
18
11
220
24
24
45047
198
262
2912
198
262
4071
198
1031
262
653
4109
413
9057
220
16
369
3743
198
262
364
324
11
427
303
3743
87682
25
198
285
413
324
2564
220
16
2564
427
25
198
309
460
3439
6987
262
653
1368
307
606
220
16
11
567
2224
2582
1017
198
262
413
307
606
220
16
25
198
285
460
2912
6987
262
653
4109
413
307
369
3743
198
262
364
324
11
427
303
3743
87682
25
198
285
413
324
2564
307
2564
427
25
198
309
460
3439
6987
262
653
1165
3172
36213
279
5372
2803
11
8427
3743
26126
303
1906
198
262
653
19182
279
2020
314
65975
9599
25
567
1366
421
303
1603
47929
11
198
262
653
2957
567
628
5372
264
2234
11
567
628
12663
5372
2803
4487
13
198
1031
262
653
26846
25
83392
279
328
6735
1223
1
471
279
7776
2234
494
864
567
628
198
262
653
1990
1236
4936
13
1165
1817
1754
3743
9581
321
1716
413
567
628
5144
424
13
198
1031
262
653
5141
19407
25
733
264
5364
440
874
3743
30308
11
413
567
628
5372
2234
280
11
198
262
653
567
628
5372
660
9599
494
280
54938
310
280
33932
13
3113
38495
11
279
65975
198
262
653
716
50110
13
561
8751
20908
369
25786
3743
26126
13
198
1031
262
653
1165
3627
279
2047
3444
321
1245
3444
65975
328
18112
1
9599
13
198
262
653
32645
11
1042
579
3627
25
628
567
5372
866
2234
303
2020
498
43
11
423
48282
198
1031
262
653
22703
25
36213
2923
539
2923
694
7538
888
1248
1603
47929
13
198
262
653
8439
292
2564
220
17
15
11
567
1132
1144
310
3627
506
1379
220
17
15
9599
506
264
854
13
198
1031
262
653
6558
579
958
264
2086
5313
25
695
262
653
561
65975
716
11
948
26463
8366
279
1324
1500
11
668
599
31092
1132
198
262
653
1332
3743
30308
513
13
26260
3743
30308
11
413
279
12558
369
2526
3213
11
198
262
653
5372
2803
16494
942
13
198
1031
262
653
353
3172
1817
1754
3743
9581
321
7995
279
65975
2020
1518
321
1238
13
198
1031
262
653
4980
25
65975
9599
2830
220
16
198
262
653
1165
3172
10000
25
279
716
314
65975
9599
303
264
3136
11
694
29648
13
198
1031
262
653
32645
11
1042
579
1683
883
424
411
1560
25
198
262
653
6558
65975
7033
283
23856
65975
2234
198
262
653
6558
65975
6144
283
7526
65975
2234
2228
262
653
1921
411
4290
914
13613
1521
524
660
9599
1881
513
65975
13
198
1031
262
653
1690
33075
498
64
8142
1089
413
567
628
5372
2234
830
11
567
628
5372
498
87
54938
11
830
33932
60
11654
102
1603
13
198
262
653
561
65975
716
303
264
1603
5364
668
9297
3512
328
77518
1
318
528
9599
65975
8
198
262
653
2957
567
599
3213
23173
65975
9599
13
198
1031
262
653
43274
11
413
567
628
5372
9599
280
11
280
10
16
11
58317
280
43938
364
580
2518
292
11
1179
567
628
198
262
653
5372
660
9599
2518
280
54938
318
258
1603
13211
553
198
1031
262
653
6558
728
1066
36213
440
264
59056
6951
11
8427
9599
303
1906
11
198
262
653
321
10390
888
1248
1603
47929
539
4778
43314
286
13
198
1031
262
494
14856
1120
40565
6987
262
653
1165
3172
3627
864
9599
513
65975
11
694
1132
303
264
32713
3136
13
198
262
653
8439
1866
7538
369
220
17
15
11
567
1132
1144
310
1353
220
17
15
9599
8047
13
198
1031
262
653
8340
9599
494
220
16
310
307
11
694
10390
888
1248
1603
47929
13
198
1031
262
653
6558
579
10000
25
65975
283
716
314
65975
9599
303
1428
3136
198
262
653
1165
1817
2234
539
2234
11
694
948
567
599
264
1248
14084
440
874
3743
30308
11
198
262
653
567
628
4778
43314
13
198
1031
262
653
4319
12540
5313
2574
279
16484
318
65
2564
220
17
15
11
295
2564
220
17
15
15
15
15
1590
198
262
653
1690
1754
3743
9581
11
1716
413
567
628
7538
494
279
65975
716
1518
424
198
262
653
310
866
2234
1238
424
13
198
1031
262
653
19182
25
279
1245
3444
65975
2234
11
321
1048
5790
29270
13
198
1031
262
653
6558
728
958
25
10000
279
7776
65975
2234
1510
1030
1243
595
63
321
695
262
653
279
2029
421
660
9599
494
1510
1030
1243
595
63
310
1010
1866
513
65975
303
1603
13211
13
198
1031
262
653
32645
11
1532
579
264
4101
5313
25
198
262
653
83392
264
2623
1287
364
264
3136
314
1331
292
10
16
11
32713
424
4487
13
198
1031
262
653
1921
307
369
685
310
220
16
15
61
16
17
11
748
567
628
914
28662
1472
660
9599
13
198
1031
262
653
1478
3019
25
8340
1132
2094
3743
26126
13
198
262
653
26260
3743
26126
11
413
279
12558
369
3349
11
5372
2803
668
328
7320
303
3158
198
1031
262
653
18053
25
264
2234
369
328
17981
1
413
524
303
866
3743
9581
13
198
1031
262
687
369
33067
11909
1590
198
285
364
324
11
427
303
3743
87682
25
198
309
413
324
2564
1097
2564
427
25
198
388
460
2912
198
309
413
324
835
1097
25
198
388
1387
198
285
460
3439
6987
262
653
1061
369
496
1212
8
791
1562
11
864
369
2166
6103
413
2512
1599
2942
13
198
1031
262
653
22703
25
829
26808
321
958
7620
2624
13
198
1031
262
1120
14410
431
6987
262
653
3743
87682
369
10300
11
748
567
628
958
7620
2624
13
198
262
653
6558
728
1791
17839
364
2047
321
1245
35141
13
198
262
413
295
606
220
15
25
198
285
653
2233
3743
26126
11
1066
1716
413
567
628
5372
307
494
220
16
198
285
653
1165
628
5372
307
413
321
1132
413
318
77
12
16
8
628
381
12917
430
2542
314
2663
303
498
64
8142
60
198
285
653
1061
369
3102
49388
307
12
16
2518
264
348
27551
1148
77
12
16
5443
65
8
2423
3404
33153
25
198
285
653
1165
628
5372
866
2234
2518
220
16
478
264
413
307
12
16
2518
264
321
567
628
328
7320
1
279
12558
13
198
285
653
2985
33075
498
64
8142
1089
567
628
5372
2234
830
494
220
16
49388
830
12
16
369
303
279
5067
72119
7658
539
498
64
8142
906
198
285
653
8439
43364
36515
1076
694
264
8142
513
2526
13
198
1726
285
653
32645
440
33075
498
64
8142
1089
279
716
314
65975
13075
31982
494
220
16
369
25
198
285
653
1942
293
2518
264
1680
421
293
628
381
5158
430
2542
314
2663
1754
303
498
64
8142
906
198
285
653
1061
369
660
293
2518
264
348
220
16
283
264
11
3525
10451
1010
2526
2663
13
198
285
653
43274
11
293
369
65975
49388
293
2518
264
321
293
369
524
303
313
16
11
220
17
11
58317
264
12
16
92
26401
1092
579
65975
13
198
1726
285
653
1690
1004
1105
25
567
1144
307
12
16
310
381
65975
430
264
2542
314
2663
303
498
64
8142
906
198
285
653
561
7776
2542
369
264
318
588
7538
681
1179
264
54938
28
17
64
11
264
12975
64
10
16
681
4831
13
198
1726
285
653
32645
11
567
628
5372
41633
293
49388
293
2518
264
321
293
2564
580
32176
364
1010
580
11
321
293
2518
580
32624
364
1010
580
13
198
285
653
4254
22898
25
293
369
65975
49388
1017
6513
580
2518
220
16
1680
421
580
32624
2564
293
2564
580
32176
13
198
285
653
1061
369
13185
310
25
293
13780
2564
580
2564
293
3359
364
1010
7308
580
2518
220
16
13
198
1726
285
293
283
307
471
220
16
198
285
413
293
361
264
25
198
309
460
3439
198
285
653
4109
413
1017
6513
7308
580
2518
220
16
440
580
32624
2564
293
2564
580
32176
198
285
653
585
1673
2487
580
2564
293
13780
321
580
2518
293
3359
11
748
567
1144
27551
1446
3359
8
2564
6220
1446
13780
8
198
285
580
7033
283
318
67
478
292
471
220
16
8
434
292
220
653
27551
1446
3359
8
198
285
580
6144
283
293
434
264
309
653
6220
1446
13780
8
198
285
413
580
7033
2564
580
6144
321
580
7033
2518
220
16
25
198
309
460
2912
198
285
460
3439
6987
262
2047
82
283
498
75
364
324
11
427
303
3743
87682
60
198
262
3087
283
498
81
364
324
11
427
303
3743
87682
60
198
1031
262
687
369
33067
34558
11909
1590
198
285
653
7145
1245
3444
9581
440
324
2564
1097
198
285
6961
283
14410
431
918
284
431
10226
17145
82
11
1097
8
471
220
16
198
285
413
6961
2518
220
15
321
1097
2564
3087
11264
5491
198
309
460
2912
198
285
460
3439
6987
262
653
4543
36213
25
567
3172
3627
279
716
314
65975
9599
11
694
1132
3043
328
84540
1
13211
13
198
262
653
1165
1817
494
2234
220
16
4487
11
694
7538
888
1248
1603
47929
13
198
1031
262
653
83392
25
279
7776
65975
2234
11
321
9370
660
9599
494
1262
1243
595
310
1866
1243
595
198
262
653
421
513
1603
513
65975
318
258
1603
47929
11
5372
2803
39248
303
553
198
1031
262
653
32645
11
1042
579
10000
264
6951
314
65975
9599
11
694
1132
685
310
264
3136
13
198
1031
262
653
15767
292
2564
220
17
15
11
1042
579
10000
65975
430
264
2612
723
364
264
3136
314
1331
3835
65
478
1866
50046
13
198
1031
262
653
353
3172
958
264
2086
36650
25
28662
1472
328
54929
1
4364
539
3743
26126
13
198
1031
262
653
6558
579
6762
25
567
1151
440
65975
283
313
16
92
198
262
653
1690
1754
3743
9581
11
567
1144
310
7995
864
9599
1238
424
513
65975
13
198
1031
262
653
19182
279
1245
3444
2234
567
2908
328
32895
1
321
279
716
314
65975
9599
303
498
3127
6276
11
1428
6276
478
292
60
198
1031
262
653
6558
728
1066
635
264
87244
12317
18465
694
10390
888
1248
1603
13211
13
198
1031
262
653
83392
25
264
716
1510
21905
63
314
65975
9599
11
694
1132
2426
9599
303
498
43
11
423
60
1332
423
471
436
2564
1010
6608
13
198
262
653
3095
567
599
264
1248
1603
14084
11
279
65975
716
668
3512
328
77518
3158
198
1031
262
653
5141
25
303
264
1603
14084
11
413
567
628
5372
2234
830
11
567
628
5372
830
54938
11
830
54938
10
16
11
58317
830
33932
13
198
262
653
1987
1238
799
2923
11
65975
716
26817
539
292
9599
13
4486
259
7123
11
424
26817
539
3835
83
32176
13
198
262
653
561
65975
716
303
264
1603
14084
668
3311
660
9599
494
318
2388
478
264
8
310
318
400
8
695
262
653
2957
567
2908
1801
3213
33075
13
198
1031
262
653
43274
11
413
567
628
5372
2234
280
303
264
1603
14084
5732
506
274
11
695
262
653
1179
567
628
5372
660
9599
494
280
478
264
310
280
478
292
13
198
262
653
997
62683
11
567
628
5372
660
9599
494
280
478
264
310
280
478
580
32176
364
7459
580
13
198
262
653
561
328
6735
1223
1
314
65975
9599
28926
539
506
3140
264
791
328
77299
3158
198
1031
262
653
1690
25786
264
3743
9581
498
43
11
423
5491
198
262
653
1165
1144
310
1423
264
65975
2234
280
361
436
1680
421
280
478
264
2564
423
321
280
478
292
2518
436
478
220
16
198
262
653
318
684
567
628
7538
494
280
310
1010
2234
303
498
43
10
16
11
280
33932
60
421
579
835
423
466
303
279
12558
8
198
262
653
32645
11
567
1144
280
478
585
835
423
364
1010
585
303
498
64
8142
1089
585
1673
2487
280
478
264
835
423
369
524
2483
11
695
262
653
567
1144
1017
6513
585
303
498
64
8142
60
440
280
478
585
835
423
321
280
478
585
2564
307
11
321
280
478
585
369
1603
13
198
1031
262
653
1987
25
280
478
292
835
423
321
280
478
264
2564
423
318
57913
413
280
478
264
835
423
11
567
7538
888
11040
8
198
262
653
13428
11
413
280
478
264
835
423
11
1179
660
33075
494
280
4128
1238
423
11
864
369
1603
413
1782
9599
513
1603
13
198
1031
262
653
6558
728
4072
264
30835
18465
13
198
1031
262
653
1165
3172
3627
279
716
314
65975
9599
11
694
3875
424
16338
391
13
198
262
653
8439
292
369
2526
11
567
628
3627
65975
9599
303
264
32713
3136
13
198
1031
262
653
8340
9599
303
7459
1906
11
694
10390
888
20629
1332
874
3743
30308
2905
13
198
1031
262
653
6558
1510
2276
63
381
279
1428
2234
567
2224
8427
13
198
262
653
83392
1510
44996
63
430
264
716
314
9599
303
498
2276
471
292
11
2754
478
292
60
421
513
65975
13
198
1031
262
653
4980
25
65975
283
313
16
2069
2754
283
220
16
6987
262
653
1690
14588
11
353
3172
1817
1754
3743
9581
321
7995
5372
2803
3808
424
13
198
1031
262
653
6558
728
6762
264
709
310
615
279
1727
3743
9581
18169
13
198
1031
262
653
32645
11
1042
728
1066
28662
1472
660
9468
9599
11
1608
279
2029
421
198
262
653
1881
3743
26126
11
567
628
4778
43314
13
198
1031
262
653
72812
314
2647
25
220
16
11
321
279
22005
314
3743
26126
318
43
12
16
11
436
11
423
11
423
10
16
364
1754
498
43
22774
2387
198
1031
262
653
6558
579
6327
660
8751
248046
198
248045
846
198
7525
3555
4621
4490
279
6813
13
5514
579
279
1412
25
198
220
2793
34397
85
51
396
89
43
24
83
56
18
6971
487
1500
220
21
23
198
262
220
16
13
443
628
381
685
310
220
16
15
61
16
17
11
748
567
628
914
958
87244
14
60168
383
660
30308
198
8074
6108
198
32769
1401
25
20848
49477
886
22419
318
18702
1514
506
1500
220
21
23
8
14200
1206
311
40138
11
411
369
678
3274
25
4310
279
2614
709
11618
321
4479
889
11
6999
4072
279
709
7246
321
1440
660
279
6813
13
2972
5683
4045
67305
3067
13209
50
159029
271
2523
1220
14623
279
1970
488
10490
303
264
64504
1970
2424
318
784
9609
31789
318
19458
668
31153
279
3889
5568
8
248046
198
248045
74455
198
248068
271
248069
271
21765
506
411
3377
11
353
1144
310
7995
413
567
628
5372
9057
443
494
9057
220
16
539
3154
33075
314
1331
1881
1510
64
63
321
1510
65
7561
29436
660
3743
26126
13
271
332
1536
22980
64700
198
16
13
443
628
381
685
310
220
16
15
61
16
17
11
748
567
628
914
958
87244
14
60168
383
660
30308
198
17
13
11132
26126
513
10300
321
2397
27335
87502
11
440
506
1379
220
17
9
16
15
61
19
26126
198
18
13
27846
11930
513
2526
318
16
12
17
15
681
748
279
1528
3433
2094
3743
26126
369
6973
271
332
19211
64700
198
12
1165
628
1683
314
411
430
25
1881
3743
26126
11
567
1144
310
1716
413
567
628
328
27900
1
279
12558
13
561
1328
19407
369
421
413
567
628
5372
866
9057
303
264
328
18112
9842
1
318
6082
1402
327
30308
681
567
628
2962
28055
4487
13
198
12
8439
33075
513
59056
318
64
36059
585
36059
292
681
567
1132
1144
310
3627
864
30308
303
264
3136
314
1331
292
513
65975
13
198
12
1165
628
1817
279
3377
9933
539
9933
11
20434
383
279
13211
2094
3743
26126
1332
5372
2803
2493
381
18716
13
271
332
26943
64700
198
12
83392
279
1245
3444
65975
2234
13
8340
3743
26126
303
1906
13
1690
1754
3743
9581
11
1716
413
567
628
7538
494
264
65975
2234
1518
424
310
866
65975
2234
1238
424
13
198
12
733
1603
47929
318
2083
3743
30308
681
2957
567
628
5372
264
2234
11
567
628
5372
660
16905
9599
685
310
1004
1866
7538
2020
13
561
65975
716
8772
328
77518
1
5964
13
271
9764
728
4072
411
25
271
71093
12305
198
1445
18904
1120
1697
11
23846
198
464
14410
431
1358
727
628
1243
595
6018
1393
25
514
11
295
25
514
11
264
25
514
11
292
25
514
11
3743
87682
25
1697
19723
5871
18078
11
514
28649
1411
1744
25
198
262
4071
28924
413
424
579
3102
310
3166
494
9057
220
16
310
9057
443
539
18253
28055
13
198
1031
262
2532
513
443
30308
26899
303
264
2713
11
28853
220
16
310
443
13
1394
1151
506
9057
220
16
321
1318
310
5372
9057
443
13
198
262
733
1754
3166
11
413
488
2224
506
9057
830
11
488
628
7538
310
9057
830
478
585
1332
25
198
262
471
264
2564
585
2564
292
198
262
471
830
478
585
2564
307
198
262
471
9057
830
478
585
369
524
303
866
314
279
3743
26126
6987
262
357
9057
492
369
3743
413
1017
6513
1010
9581
318
75
5150
11
427
5150
8
1680
421
324
5150
2564
492
2564
427
5150
13
198
1031
262
17167
25
198
285
307
25
561
1324
314
30308
318
17
2564
307
2564
220
16
15
61
16
17
8
198
285
295
25
561
1324
314
3743
26126
318
15
2564
295
2564
220
17
9
16
15
61
19
8
198
285
264
25
561
7776
7538
1331
318
16
2564
264
2564
292
2564
220
17
15
8
198
285
292
25
561
6966
7538
1331
198
285
3743
87682
25
1697
314
43716
318
75
5150
11
427
5150
8
13661
3743
26126
13
198
2467
561
26126
513
10300
321
2397
27335
87502
13
198
1031
262
5019
25
198
285
2912
413
424
579
3102
310
5372
9057
307
494
9057
220
16
11
3439
5752
13
198
1031
262
11765
628
1243
595
6018
7
17
19
11
220
17
11
220
18
11
220
20
11
17294
22
11
220
23
681
318
16
22
11
220
17
15
45047
198
262
2912
198
262
11765
628
1243
595
6018
7
18
15
11
220
16
11
220
20
11
220
23
11
17294
19
11
220
17
19
45047
198
262
3439
198
262
11765
628
1243
595
6018
7
16
15
15
11
220
19
11
220
16
15
11
220
16
16
11
17294
16
21
11
220
16
23
681
318
18
24
11
220
19
17
681
318
20
15
11
220
20
20
681
318
24
18
11
220
24
24
45047
198
262
2912
198
262
4071
198
1031
262
653
4109
413
9057
220
16
369
3743
198
262
413
3743
87682
25
198
285
324
15
11
427
15
283
3743
87682
58
15
60
198
285
413
324
15
2564
220
16
2564
427
15
25
198
309
460
3439
6987
262
413
307
606
220
16
25
198
285
460
2912
6987
262
653
4109
413
307
369
3743
198
262
364
324
11
427
303
3743
87682
25
198
285
413
324
2564
307
2564
427
25
198
309
460
3439
6987
262
413
295
606
220
15
25
198
285
653
2233
3743
26126
25
628
567
5372
307
494
220
16
30
198
285
293
283
307
471
220
16
198
285
413
293
361
264
25
198
309
460
3439
198
285
653
14235
6513
580
2518
220
16
1680
421
580
32624
2564
293
2564
580
32176
198
285
580
7033
283
318
67
478
292
471
220
16
8
434
292
220
653
27551
1446
3359
8
198
285
580
6144
283
293
434
264
309
653
6220
1446
13780
8
198
285
460
580
7033
2564
580
6144
321
580
7033
2518
220
16
6987
262
2047
82
283
498
75
364
324
11
427
303
3743
87682
60
198
262
3087
283
498
81
364
324
11
427
303
3743
87682
60
198
1031
262
687
369
33067
11909
1590
198
285
6961
283
14410
431
918
284
431
10226
17145
82
11
1097
8
471
220
16
198
285
413
6961
2518
220
15
321
1097
2564
3087
11264
5491
198
309
460
2912
198
285
460
3439
6987
262
653
1165
3172
36213
5372
2803
11
8427
9599
303
1906
694
41244
1248
1603
47929
13
198
262
653
19182
279
716
314
65975
9599
303
264
32713
3136
13
198
1031
262
653
5141
19407
25
733
264
1603
14084
11
413
567
628
5372
2234
280
11
567
628
5372
660
9599
198
262
653
494
280
54938
310
280
33932
421
513
1603
13
561
65975
716
50110
13
198
1031
262
653
1165
10000
25
1262
1243
595
283
23856
65975
2234
567
1366
883
198
262
653
1541
567
1817
4487
11
14419
864
9599
513
65975
13
198
1031
262
653
8439
292
2564
220
17
15
11
567
628
3627
65975
9599
303
264
3136
314
1331
3835
17
32176
13
198
1031
262
653
6558
579
10000
264
716
314
65975
9599
11
694
1132
2426
9599
303
498
43
11
423
60
198
262
653
1332
567
2224
4862
8427
13
198
1031
262
653
8340
494
2234
220
16
4487
13
198
262
653
1165
3172
3627
25
65975
283
716
314
65975
9599
198
262
653
1921
310
5471
496
1393
8
854
11
567
7538
888
1248
1603
47929
13
198
1031
262
653
733
264
1603
14084
318
2083
3743
30308
681
413
567
628
5372
2234
280
11
1179
1238
3213
7123
11
198
262
653
567
628
5372
660
9599
2518
280
478
264
318
10957
567
628
7538
539
264
18253
553
198
262
653
4254
22898
11
279
65975
716
303
264
1603
5364
8772
660
9599
494
198
262
653
1010
1406
75509
13
198
1031
262
653
6558
579
10000
25
279
1245
3444
2234
567
2908
328
81397
1
430
65975
11
321
695
262
653
9370
660
1603
9599
494
1010
2047
18169
310
1245
3444
513
65975
13
198
1031
262
653
32645
11
1042
579
10000
264
6951
314
65975
9599
11
8427
303
1906
13
198
1031
262
653
353
3172
958
264
2086
5313
25
1817
1754
3743
9581
321
1716
413
567
628
5144
424
13
198
1031
262
653
19182
25
279
2020
314
65975
9599
13
56578
498
16
11
220
16
906
198
262
653
4486
8427
11
567
1366
660
1603
9599
303
498
379
11
15131
60
513
65975
13
198
1031
262
750
283
220
16
198
262
15131
283
220
16
6987
262
364
6961
303
2020
1212
1590
198
285
436
11
423
283
3743
87682
11264
60
198
1726
285
653
1368
279
3743
9581
8211
1238
1004
1428
15131
478
292
11
567
628
12663
15131
4487
198
285
653
1472
1603
30308
2980
567
615
3160
310
279
3743
9581
13
198
1726
285
653
5339
11
1716
413
567
628
12663
1004
65975
2020
4487
303
1603
17435
13
198
285
653
733
1603
17435
11
413
567
628
5372
2234
280
11
567
628
5372
280
54938
11
58317
280
33932
13
198
285
653
1987
1004
65975
2020
628
12663
13
198
1726
285
653
561
1328
3296
25
628
567
5372
866
2234
303
498
43
10
16
11
1262
1393
11
423
478
292
7025
30
198
285
653
2441
628
567
7538
888
279
4307
3743
9581
30
198
1726
285
653
6558
579
7995
279
7139
65975
2020
1518
411
3743
9581
13
198
285
653
733
1603
17435
494
750
310
1262
3101
72
11
436
12
16
681
660
9599
513
65975
318
19458
2224
1603
553
198
285
653
32645
11
524
660
471
567
1144
310
381
16097
13
1921
303
264
1603
14084
11
5372
2803
39248
303
13
198
1726
285
653
6558
728
1683
20648
25
10000
279
1245
3444
65975
2234
13
198
285
653
733
1603
17435
11
567
628
2590
12663
4487
13
198
1726
285
653
1368
436
835
15131
478
292
11
1017
579
264
12558
314
1603
30308
1881
15131
321
436
13
198
285
653
1165
628
5372
660
9599
494
15131
478
264
310
15131
478
292
11
1179
494
1782
11
777
11
4831
13
198
285
653
35943
567
628
5372
685
310
436
12
16
318
331
424
579
1603
11
864
424
369
2394
436
369
1151
314
3743
9581
553
198
1726
285
653
32645
11
303
264
6999
1603
14084
11
413
567
628
5372
2234
280
11
567
628
5372
198
285
653
660
9599
2518
280
478
264
318
1634
28055
539
264
18253
11
466
1608
7875
33075
553
198
285
653
1987
567
628
5372
436
12
16
413
436
12
16
2518
750
478
264
11
864
369
2590
804
413
436
835
750
13
198
1726
285
653
4254
15060
25
494
2234
280
303
1603
17435
11
567
628
5372
280
54938
11
280
54938
10
16
11
58317
280
33932
13
198
285
653
1987
279
65975
716
26817
13
733
264
1248
3213
1603
14084
11
660
9599
3512
65975
13
198
1726
285
653
561
7776
2234
567
628
5372
494
15131
369
15131
478
264
318
331
15131
478
264
2564
307
321
1603
553
198
285
653
1987
567
628
12663
15131
4487
13
198
1726
285
653
6558
579
1066
12663
15131
310
381
506
3140
436
471
220
16
318
1719
1483
1603
2234
1518
3743
9581
8
198
285
653
413
424
579
65975
13
198
1726
285
653
2885
567
5372
436
471
220
16
30
1165
1144
436
471
220
16
2518
750
478
264
466
436
471
220
16
369
303
1004
1428
65975
716
13
198
285
653
733
1603
17435
11
413
436
471
220
16
835
15131
11
567
628
5372
424
413
436
471
220
16
2518
750
478
264
13
198
285
653
8439
750
2518
220
16
321
264
2518
220
16
11
321
436
2518
220
17
318
10957
220
16
369
524
3743
321
3743
26126
1151
1238
220
16
10813
681
198
285
653
436
471
220
16
2518
220
16
13
1368
436
471
220
16
2518
750
478
264
11
567
628
5372
424
13
198
1726
285
653
32645
11
567
628
5372
866
2234
830
303
1603
17435
413
830
2518
750
478
264
321
695
285
653
279
1752
6513
13
733
264
6999
1603
14084
11
2957
567
628
5372
750
11
567
628
5372
198
285
653
660
9599
2518
750
478
264
318
1634
35826
25
413
567
628
5372
830
11
567
628
5372
830
54938
11
321
695
285
653
830
54938
2518
750
478
264
478
264
283
750
478
220
17
64
11
4831
13
7054
567
628
5372
830
54938
10
16
11
58317
830
33932
553
198
1726
285
653
1987
303
1603
17435
11
65975
9599
513
660
1603
9599
2518
750
478
264
13
198
285
653
13428
11
524
6681
471
567
1151
506
750
11
748
567
628
5372
750
54938
11
750
54938
10
16
11
58317
750
33932
13
198
285
653
4844
494
750
54938
11
567
628
5372
220
17
64
10
379
11
58317
264
33932
10
379
13
458
10103
13
198
1726
285
653
561
1406
369
25
303
264
1248
1603
14084
11
660
9599
7551
1010
1406
513
65975
13
198
1726
285
653
1690
25786
279
3743
9581
498
43
11
423
5491
198
285
653
1165
1144
310
1423
264
65975
2234
280
361
436
1680
421
280
478
585
835
423
364
1010
585
303
498
64
8142
60
198
285
653
321
280
478
585
369
1603
318
7949
424
668
381
413
835
423
321
567
2224
3162
279
3743
9581
553
198
1726
285
653
1987
567
1144
25
1017
6513
65975
280
303
498
379
11
1262
3101
72
11
436
12
16
7025
1680
421
280
478
264
835
423
695
285
653
2639
280
478
292
2518
436
478
220
16
321
280
478
264
2564
423
318
868
4128
303
498
43
10
16
11
280
33932
60
864
1902
2830
1010
2234
835
423
553
198
1726
285
653
32645
25
567
1144
280
478
585
835
423
364
1010
585
303
498
64
8142
1089
585
1673
2487
280
478
264
835
423
369
13613
318
3282
660
33075
4128
1238
423
553
198
285
653
2441
280
478
264
2564
423
361
280
478
292
11
303
864
1105
567
4128
506
1010
2234
303
498
49
10
16
11
280
33932
1089
864
369
1603
13
198
1726
285
653
1987
2876
25
1017
6513
65975
280
303
498
379
11
436
12
16
60
440
280
478
292
835
423
13
198
285
653
1541
567
1048
1144
280
478
264
2518
436
318
951
524
4128
303
3743
9581
8
2639
280
478
264
361
436
694
567
10390
279
3743
919
13
198
1726
285
653
13428
11
567
1144
280
478
585
310
4045
381
3743
13
1987
413
280
478
264
361
436
11
1010
33075
4128
1518
436
318
17981
8
321
1010
695
285
653
2493
4128
303
498
43
11
423
60
318
13458
553
1165
1132
2373
883
33075
421
4128
835
423
466
361
436
13
198
1726
285
653
1690
19710
835
423
25
1144
280
478
585
835
423
11
585
1673
2487
585
835
423
471
280
13
8439
585
2564
292
11
1144
423
471
280
361
292
11
585
1673
2487
280
835
423
471
292
13
198
285
653
1541
585
2518
264
11
748
1144
423
471
280
361
292
321
1048
567
1144
264
2610
585
25
1866
2784
11
423
2195
10
16
8
2564
1262
1818
11
307
2195
553
198
1726
285
653
59176
1806
25
567
628
4128
1238
423
413
280
478
264
835
423
318
528
33075
2708
424
8
466
423
471
280
361
292
318
14265
33075
2708
424
553
198
285
653
32645
25
567
628
4128
506
2234
835
423
49388
280
478
292
835
423
321
1017
6513
585
303
498
64
8142
60
440
280
20561
835
423
11
198
285
653
864
369
49388
280
478
264
2564
280
33932
321
280
33932
835
423
321
280
478
1866
2784
11
423
2195
10
16
8
2564
280
478
292
11
585
1673
2487
1866
2784
11
423
2195
10
16
8
2564
292
13
198
285
653
1061
369
49388
423
471
280
478
220
16
2564
292
2639
264
835
423
471
280
13
353
1673
2487
280
2518
423
471
292
478
220
16
2639
280
478
264
835
423
13
198
1726
285
653
1987
2876
310
5144
25
6513
65975
280
303
498
379
11
436
12
16
60
440
318
79
478
264
835
423
8
2639
318
79
2518
423
471
292
478
220
16
553
198
285
653
1921
280
478
264
835
423
23197
280
835
423
471
264
11
321
2394
264
2564
292
11
423
471
264
2518
423
471
292
11
748
280
835
423
471
264
23197
280
2518
423
471
292
478
220
16
13
198
285
653
1987
279
2876
369
4777
25
6513
65975
280
303
498
379
11
436
12
16
60
440
280
2518
423
471
292
478
220
16
13
198
1726
285
653
7054
1144
280
478
585
2564
307
364
1010
2610
585
11
694
413
423
361
307
321
280
478
292
835
423
11
567
628
4128
506
423
10
16
864
2564
307
13
198
1726
285
653
21708
11
567
1144
421
280
4924
369
65975
11
864
424
369
413
280
369
1603
321
280
2518
750
478
264
466
280
606
750
13
198
1726
285
653
6558
579
7995
25
1092
579
279
23856
65975
2234
303
498
379
11
436
12
16
48282
1049
579
750
318
331
750
369
1603
11
864
424
369
553
198
285
653
1541
660
9599
303
498
379
11
436
12
16
60
421
513
2518
750
478
264
513
65975
318
258
1603
17435
553
198
285
653
32645
750
369
65975
539
23571
13
72812
750
10
16
11
58317
2493
524
660
381
65975
6849
11
198
285
653
694
303
264
1603
14084
11
781
4990
303
13
198
1726
285
653
1690
6925
11
1042
579
1910
25
279
65975
9599
303
498
379
11
436
12
16
60
2830
750
11
321
660
9599
695
285
653
303
498
379
478
264
11
436
12
16
60
318
10957
567
628
7538
539
264
494
750
310
750
54938
11
4831
2487
321
279
14084
369
1603
553
198
1726
285
653
1987
279
2876
369
25
750
478
264
2518
423
471
292
478
220
16
2639
750
2518
423
471
292
478
220
16
318
331
750
835
423
471
292
478
220
16
553
198
285
653
353
1673
2487
1866
71147
11
750
478
264
8
2518
423
471
292
478
220
16
11
864
369
750
478
264
2518
423
471
292
478
220
16
318
10957
264
2518
220
16
553
198
1726
285
653
13428
11
750
4924
369
65975
13
1987
413
750
2518
423
471
292
478
220
16
11
567
628
5144
13
198
285
653
7054
413
750
478
264
2518
423
471
292
478
220
16
11
567
628
5144
318
19492
2234
750
54938
864
369
65975
553
198
1726
285
653
1987
2876
25
1866
71147
11
750
478
264
8
2518
423
471
292
478
220
16
11
585
1673
2487
750
478
264
2518
423
471
292
478
220
16
318
10957
264
2518
220
16
11
750
54938
835
750
553
198
1726
285
653
85152
11
694
750
54938
2493
381
835
436
12
16
13
6558
728
381
777
16097
13
198
1726
285
653
561
65975
9599
303
498
379
11
436
12
16
60
513
25
750
11
321
660
9599
303
498
379
54938
11
1262
4796
12
16
11
2423
25334
198
285
653
1987
279
7526
65975
2234
1518
436
369
1262
4796
12
16
11
1010
3349
1324
553
198
1726
285
653
32645
11
303
1603
17435
11
494
750
567
628
5372
750
54938
11
750
54938
10
16
11
58317
750
33932
13
198
285
653
5369
750
54938
11
567
628
5372
220
17
64
10
379
11
58317
264
33932
10
379
13
458
10103
13
198
285
653
1987
660
9599
2518
750
478
264
421
513
361
436
513
65975
318
258
279
1603
14084
553
198
1726
285
653
1987
65975
9599
303
498
379
11
436
12
16
5491
313
379
92
11654
103
498
379
54938
11
436
12
16
60
318
331
750
54938
2564
436
12
16
553
198
1726
285
653
561
7526
1680
2234
369
436
12
16
318
331
750
54938
2564
436
12
16
8
466
750
318
331
750
54938
835
436
12
16
553
198
1726
285
653
1690
25786
11
567
1144
264
65975
280
440
280
2518
423
471
292
478
220
16
13
198
285
653
1368
436
12
16
2518
423
471
292
478
220
16
321
318
379
54938
2564
436
12
16
466
750
2518
423
1402
10
16
681
567
628
5144
13
198
1726
285
653
1061
369
3583
6150
13
6558
728
1066
3627
279
1245
3444
65975
2234
9971
13
198
1726
285
653
353
3172
10000
25
1245
3444
1243
74641
283
279
1245
3444
2234
567
1366
369
65975
13
198
285
653
733
1603
17435
11
567
628
2590
12663
424
4487
13
198
1726
285
1440
220
653
6558
728
16526
440
264
30835
18465
6987
262
653
72658
5313
25
36213
440
264
59056
1528
13
198
262
653
8439
292
2564
220
17
15
11
10000
264
716
314
65975
9599
303
264
32713
3136
13
198
1031
262
653
1165
3172
1817
9599
303
7459
1906
11
694
10390
888
1248
1603
47929
13
198
1031
262
653
3130
25
716
314
65975
9599
11
694
1132
2426
9599
303
498
2276
5386
11
2754
45649
60
198
262
653
1332
2754
45649
471
2754
5386
2564
1010
6608
13
198
1031
262
653
32645
11
1042
728
10000
25
279
7776
321
6966
65975
2234
11
321
9370
198
262
653
660
1603
9599
303
1881
513
65975
318
7949
369
804
303
1603
47929
553
198
1031
262
1262
1243
595
283
220
16
198
262
1866
1243
595
283
220
16
6987
262
364
6961
303
2020
1212
1590
198
285
436
11
423
283
3743
87682
11264
60
198
1726
285
653
67710
1866
1243
595
4487
303
1603
17435
685
310
436
12
16
198
285
653
733
1603
17435
11
494
1262
1243
595
567
628
5372
1262
1243
595
478
264
11
58317
1262
1243
595
478
292
198
285
653
1987
567
628
12663
13
198
1726
285
653
561
65975
9599
303
1603
17435
498
1030
1243
595
11
436
12
16
60
2830
660
9599
198
285
653
494
1262
1243
595
478
264
310
436
12
16
318
331
1262
1243
595
478
264
2564
436
12
16
553
198
1726
285
653
1690
25786
279
3743
9581
498
43
11
423
1089
567
1144
264
65975
2234
280
361
436
198
285
653
1680
421
567
628
7538
310
264
2234
835
423
318
429
2564
307
11
321
1603
553
198
1726
285
653
561
1786
1105
25
279
7526
65975
2234
1518
436
369
436
12
16
318
331
424
579
1603
321
65975
553
198
285
653
5369
436
12
16
11
567
628
7538
310
436
12
16
54938
11
58317
436
12
16
33932
13
198
285
653
1165
1144
436
12
16
478
264
835
423
466
436
12
16
478
292
835
423
440
264
2610
19710
13
198
1726
285
653
32645
494
866
65975
280
303
498
1030
248046
198