248045
846
198
4274
279
2614
709
11618
321
4479
889
11
6999
4072
279
709
7246
321
1440
660
279
6813
13
2972
5683
4045
67305
3067
13209
50
159029
271
2523
1220
14623
279
1970
488
10490
303
264
64504
1970
2424
318
784
9609
31789
318
19458
668
31153
279
3889
5568
8
271
71093
198
1445
18904
1120
1697
1358
727
1698
5062
15057
35226
20449
25
1697
18078
2387
1411
514
25
198
262
4071
7145
279
1324
314
13139
314
2397
38127
12708
2303
318
12877
16
11
12609
17
8
314
10001
421
25705
25
198
262
220
16
13
561
12708
2303
12609
16
321
12609
17
513
81859
318
2083
1857
314
10001
369
4047
1881
1070
8
198
262
220
17
13
561
469
6281
314
279
5255
314
12609
16
369
5951
310
279
469
6281
314
279
5255
314
12609
17
6987
262
3301
279
2702
1324
314
1680
13139
57844
220
16
15
61
24
478
220
22
13
198
1031
262
17167
25
198
285
10001
25
1473
7308
1287
1332
220
16
2564
2343
20449
8
2564
220
17
15
15
321
220
16
2564
10001
957
60
2564
220
17
15
15
6987
262
5019
25
198
285
561
1324
314
2610
1146
15057
13139
57844
220
16
15
61
24
478
220
22
6987
262
11765
1698
5062
15057
35226
2477
16
11
220
17
11
220
18
11
220
19
2387
198
262
220
16
15
198
262
11765
1698
5062
15057
35226
2477
16
15
11
220
17
15
11
220
18
15
2387
198
262
220
17
198
262
11765
1698
5062
15057
35226
2477
16
11
220
16
11
220
16
11
220
16
2387
198
262
220
20
15
198
262
4071
271
727
1716
69574
1590
198
262
653
14204
9989
494
3377
4952
198
262
1992
8871
2477
16
11
220
17
11
220
18
11
220
19
2387
606
220
16
15
198
262
1992
8871
2477
16
15
11
220
17
15
11
220
18
15
2387
606
220
17
198
262
1992
8871
2477
16
11
220
16
11
220
16
11
220
16
2387
606
220
20
15
6987
262
653
11000
2315
4886
198
262
1992
8871
2477
21
2387
606
220
15
198
262
1992
8871
2477
24
2387
606
220
15
198
262
1992
8871
2477
23
2387
606
220
15
198
262
1992
8871
2477
18
2387
606
220
15
198
262
1992
8871
2477
17
2387
606
220
15
198
262
1992
8871
2477
22
2387
606
220
15
198
262
1992
8871
2477
19
2387
606
220
15
6987
262
653
8771
2315
4886
198
262
1992
8871
2477
22
11
220
17
2387
606
220
15
198
262
1992
8871
2477
16
11
220
23
2387
606
220
15
198
262
1992
8871
2477
23
11
220
21
2387
606
220
15
198
262
1992
8871
2477
23
11
220
22
2387
606
220
15
198
262
1992
8871
2477
16
11
220
21
2387
606
220
15
198
262
1992
8871
2477
24
11
220
16
2387
606
220
15
198
262
1992
8871
2477
22
11
220
23
2387
606
220
15
198
262
1992
8871
2477
16
15
11
220
19
2387
606
220
15
198
262
1992
8871
2477
22
11
220
22
2387
606
220
17
198
262
1992
8871
2477
23
11
220
16
2387
606
220
15
198
262
1992
8871
2477
16
15
11
220
21
2387
606
220
15
6987
262
653
78020
1228
4886
198
262
1992
8871
2477
16
24
23
11
16
24
15
11
16
24
20
11
16
24
17
11
16
24
15
11
16
24
15
11
16
24
24
11
17
15
15
11
16
24
24
11
16
24
15
11
16
24
22
11
16
24
24
11
16
24
21
11
16
24
21
11
16
24
23
11
16
24
21
11
17
15
15
11
16
24
19
11
16
24
18
11
16
24
22
11
17
15
15
11
16
24
23
11
16
24
15
11
16
24
20
11
16
24
18
11
16
24
24
11
17
15
15
11
16
24
18
11
16
24
23
11
16
24
16
11
16
24
18
11
16
24
17
11
17
15
15
11
16
24
24
11
16
24
17
11
16
24
21
11
16
24
20
11
16
24
17
11
17
15
15
11
16
24
17
11
16
24
15
11
16
24
19
11
16
24
19
11
16
24
18
11
16
24
18
11
16
24
20
11
16
24
19
11
16
24
15
11
16
24
21
11
17
15
15
11
16
24
23
11
17
15
15
11
16
24
21
11
16
24
21
11
16
24
15
11
16
24
16
11
16
24
19
11
16
24
22
11
16
24
16
11
16
24
19
11
16
24
17
11
16
24
20
11
16
24
24
11
16
24
18
11
16
24
24
11
16
24
21
11
16
24
19
11
16
24
15
11
16
24
21
11
17
15
15
2387
606
220
20
22
15
19
19
20
17
17
19
6987
262
1992
8871
2477
17
15
15
11
16
15
15
11
17
20
11
18
11
17
15
15
11
16
15
15
11
17
20
11
18
11
17
15
15
11
16
15
15
11
17
20
11
18
11
17
15
15
11
16
15
15
11
17
20
11
18
11
17
15
15
11
16
15
15
11
17
20
11
18
11
17
15
15
11
16
15
15
11
17
20
11
18
11
17
15
15
11
16
15
15
11
17
20
11
18
11
17
15
15
11
16
15
15
11
17
20
11
18
11
17
15
15
11
16
15
15
11
17
20
11
18
11
17
15
15
11
16
15
15
11
17
20
11
18
11
17
15
15
11
16
15
15
11
17
20
11
18
11
17
15
15
11
16
15
15
11
17
20
11
18
11
17
15
15
11
16
15
15
11
17
20
11
18
11
17
15
15
11
16
15
15
11
17
20
11
18
11
17
15
15
11
16
15
15
11
17
20
11
18
11
17
15
15
11
16
15
15
11
17
20
11
18
11
17
15
15
11
16
15
15
11
17
20
11
18
11
17
15
15
11
16
15
15
11
17
20
11
18
11
17
15
15
11
16
15
15
11
17
20
11
18
11
17
15
15
11
16
15
15
11
17
20
11
18
11
17
15
15
11
16
15
15
11
17
20
11
18
11
17
15
15
11
16
15
15
11
17
20
11
18
11
17
15
15
11
16
15
15
11
17
20
11
18
11
17
15
15
11
16
15
15
11
17
20
11
18
11
17
15
15
11
16
15
15
11
17
20
11
18
2387
606
220
18
18
15
20
20
18
18
23
23
6987
262
1992
8871
2477
17
18
11
17
23
11
17
17
11
17
22
11
17
17
11
17
22
11
17
15
11
17
18
11
17
22
11
18
15
11
18
15
11
17
17
11
17
19
11
17
19
11
17
15
11
17
20
11
17
22
11
17
17
11
17
22
11
17
16
11
17
24
11
17
18
11
17
18
11
17
22
11
17
21
11
17
23
11
17
22
11
17
15
11
17
23
11
17
16
11
17
17
11
17
22
11
17
19
11
17
23
11
17
15
11
17
19
11
17
16
11
17
15
11
17
24
11
17
19
11
17
17
11
17
15
11
17
19
11
17
22
11
18
15
11
17
24
11
17
16
11
17
20
11
17
17
11
17
17
11
17
22
11
17
19
11
17
17
11
17
24
11
17
17
11
17
20
11
17
20
11
17
18
11
17
20
11
17
19
11
17
21
11
17
16
11
17
23
11
17
20
11
17
21
11
17
15
11
17
19
11
17
22
11
17
22
11
17
18
11
17
15
11
17
19
11
17
18
11
17
16
11
17
19
2387
606
220
19
19
16
24
22
18
16
16
6987
262
1992
8871
2477
17
24
11
17
16
11
17
24
11
17
20
11
17
18
11
17
22
11
17
22
11
17
24
11
17
15
11
17
23
11
17
21
11
18
15
11
17
19
11
17
19
11
17
21
11
17
17
11
17
24
11
17
23
11
17
15
11
17
17
11
17
18
11
18
15
11
17
22
11
18
15
11
17
19
11
18
15
11
17
19
11
17
19
11
17
20
11
18
15
11
17
17
11
17
24
11
17
18
11
18
15
11
17
15
11
17
23
11
17
15
11
17
24
11
17
22
11
17
17
11
17
19
11
17
23
11
17
22
11
17
15
11
17
20
11
17
16
11
17
23
11
17
16
11
17
17
11
17
23
11
17
24
11
17
15
11
17
22
11
17
24
11
17
17
11
17
17
11
18
15
11
17
19
11
17
20
11
17
15
11
17
24
11
17
15
11
17
18
11
17
16
11
17
19
11
17
18
11
17
19
11
17
24
11
17
19
11
17
24
11
17
16
11
17
18
11
17
23
11
17
24
11
17
16
2387
606
220
22
22
15
18
23
23
18
16
19
6987
262
1992
8871
2477
17
15
15
11
16
15
15
11
17
15
15
11
16
15
15
11
17
15
15
11
16
15
15
11
17
15
15
11
16
15
15
11
17
15
15
11
16
15
15
11
17
15
15
11
16
15
15
11
17
15
15
11
16
15
15
11
17
15
15
11
16
15
15
11
17
15
15
11
16
15
15
11
17
15
15
11
16
15
15
11
17
15
15
11
16
15
15
11
17
15
15
11
16
15
15
11
17
15
15
11
16
15
15
11
17
15
15
11
16
15
15
11
17
15
15
11
16
15
15
11
17
15
15
11
16
15
15
11
17
15
15
11
16
15
15
11
17
15
15
11
16
15
15
11
17
15
15
11
16
15
15
11
17
15
15
11
16
15
15
11
17
15
15
11
16
15
15
11
17
15
15
11
16
15
15
11
17
15
15
11
16
15
15
11
17
15
15
11
16
15
15
11
17
15
15
11
16
15
15
11
17
15
15
11
16
15
15
11
17
15
15
11
16
15
15
11
17
15
15
11
16
15
15
11
17
15
15
11
16
15
15
11
17
15
15
11
16
15
15
11
17
15
15
11
16
15
15
11
17
15
15
11
16
15
15
11
17
15
15
11
16
15
15
11
17
15
15
11
16
15
15
11
17
15
15
11
16
15
15
11
17
15
15
11
16
15
15
11
17
15
15
11
16
15
15
11
17
15
15
11
16
15
15
11
17
15
15
11
16
15
15
11
17
15
15
11
16
15
15
11
17
15
15
11
16
15
15
11
17
15
15
11
16
15
15
11
17
15
15
11
16
15
15
11
17
15
15
11
16
15
15
11
17
15
15
11
16
15
15
11
17
15
15
11
16
15
15
11
17
15
15
11
16
15
15
11
17
15
15
11
16
15
15
11
17
15
15
11
16
15
15
11
17
15
15
11
16
15
15
2387
606
220
19
21
19
21
21
18
21
24
22
271
2
5272
1716
11181
5062
15057
35226
8
310
1542
6813
13
198
71093
248046
198
248045
74455
198
1206
11290
411
3377
11
567
1144
310
1698
279
1324
314
13139
314
81859
2397
38127
12708
2303
47029
12877
16
11
12609
17
44646
494
279
2574
1287
1510
25509
63
1680
421
279
469
6281
314
5255
303
1510
12877
16
63
16327
279
469
6281
314
5255
303
1510
12877
17
27653
271
13962
51301
271
16
13
2972
15771
2598
3593
59626
321
469
6281
92217
198
256
471
357
1146
15057
369
13849
539
31918
6942
466
777
5255
494
279
3889
1287
13
198
256
471
561
469
6281
314
264
1146
15057
369
279
11848
4047
47461
314
660
1141
5255
13
198
256
471
1165
1144
310
1423
13139
314
12708
2303
421
513
81859
318
2083
4047
14505
8
321
599
279
1788
469
6281
13
271
17
13
2972
1536
68563
92217
198
256
471
11746
314
9851
1060
660
3102
13139
314
12708
2303
318
7949
369
3590
28106
11064
681
567
628
1809
12708
2303
539
836
469
6281
2663
13
198
256
471
1690
1754
3102
469
6281
869
1510
70
7561
1698
1204
1599
12708
2303
599
469
6281
1510
70
27653
6558
411
1698
381
1510
34
31439
60
27653
198
256
471
4213
11
567
1144
310
5790
279
1330
12708
2303
513
81859
13
1061
65827
942
2433
1521
279
14159
1510
34
31439
60
63
2830
48142
12708
2303
13
271
18
13
2972
73174
26846
92217
198
256
471
1690
1754
2315
303
1510
25509
7561
567
628
2814
3315
424
369
5064
303
1510
12877
16
7561
1510
12877
17
7561
466
13468
13
1049
4021
381
303
2107
13
198
256
471
1165
628
28662
888
660
3102
469
6281
2663
1510
70
63
318
1445
220
16
310
220
17
15
15
11
2394
1510
25509
957
60
2564
220
17
15
15
57208
198
256
471
1690
264
8097
1510
70
7561
567
1318
310
1698
13139
314
81859
12708
2303
1332
2107
599
469
6281
1510
70
27653
198
256
471
6558
1510
50
1824
63
381
279
716
314
14505
303
1510
25509
63
1332
1510
25509
957
60
63
369
72364
539
1510
70
27653
8020
5255
303
1510
50
1824
63
628
381
919
314
264
1146
15057
440
469
6281
1510
70
27653
198
256
471
4213
11
264
1146
15057
1801
494
5255
303
1510
50
1824
63
2493
599
264
469
6281
421
369
264
5081
314
1510
70
7561
524
13902
1510
70
27653
1987
567
1144
310
958
26312
9884
8686
466
8476
15019
310
615
279
4581
1698
364
469
6281
1510
70
27653
271
19
13
2972
21081
37149
440
469
6281
92217
198
256
471
6558
1510
9504
31439
60
63
381
279
1324
314
2397
38127
12708
2303
6483
469
6281
369
6681
1510
70
27653
198
256
471
1946
12204
1510
9504
31439
60
7561
567
628
1118
1698
660
12708
2303
13717
539
5255
72364
539
1510
70
63
318
7949
6486
12708
2303
440
469
6281
1602
264
5081
314
1510
70
63
681
1179
31192
1782
6483
469
6281
369
264
5976
5081
314
1510
70
27653
198
256
471
43274
11
1042
1510
4873
31439
60
63
381
279
1324
314
2397
38127
12708
2303
1608
1132
5255
72364
539
1510
70
27653
1368
1017
513
1510
74
63
1680
5255
11
1179
1510
4873
31439
60
283
318
17
61
74
471
220
16
8
27653
198
256
471
4844
11
1510
9504
31439
60
283
2702
31439
60
471
2542
33647
11722
2387
63
364
660
1510
76
63
864
513
62862
314
1510
70
63
321
1510
76
835
338
27653
271
20
13
2972
2427
286
3957
31762
387
4568
92217
198
256
471
1690
264
8097
1510
70
7561
567
1144
310
1698
13139
314
81859
12708
2303
2107
3322
469
6281
1510
70
27653
198
256
471
20495
279
716
314
14505
1510
40
1824
63
1332
1510
25509
957
60
63
369
72364
539
1510
70
27653
198
256
471
1690
1754
2315
303
1510
40
1824
7561
424
628
381
303
1510
12877
16
7561
303
1510
12877
17
7561
466
303
13468
318
7834
524
2107
553
198
256
471
4213
11
279
469
6281
314
1510
12877
16
63
1902
381
6681
1510
70
7561
321
1788
364
1510
12877
17
27653
198
256
471
357
2577
5313
25
1690
1754
1510
70
7561
1042
1510
2210
31439
60
63
381
279
1324
314
5337
310
1304
264
3074
1146
15057
440
469
6281
1510
70
63
318
7949
369
1510
9504
31439
60
57208
198
256
471
1921
310
5790
81859
2022
11
567
628
1683
314
58706
1754
2315
72364
539
1510
70
63
310
799
314
2250
5134
25
303
1510
12877
16
7561
303
1510
12877
17
7561
466
19396
13
198
256
471
4213
11
279
469
6281
2876
1902
381
18933
364
2107
1510
12877
16
63
321
1510
12877
17
27653
198
256
471
1165
628
958
279
16988
25
1690
1754
1510
70
7561
279
1324
314
13139
314
81859
12708
2303
440
469
6281
1510
70
63
369
25
198
257
471
20495
660
5255
72364
539
1510
70
27653
1690
1754
1680
2315
11
567
599
220
18
11125
25
9501
310
1510
12877
16
7561
9501
310
1510
12877
17
7561
466
10390
13
198
257
471
10342
30152
25
1510
18
61
74
63
1332
1510
74
63
369
1698
314
5255
72364
539
1510
70
27653
198
257
471
89999
4886
1332
1510
12877
16
63
369
4147
466
1510
12877
17
63
369
4147
25
1510
17
348
318
17
61
74
471
220
16
8
478
220
16
63
318
7834
16097
440
888
1767
286
553
198
257
471
32645
11
2702
2610
30152
1332
2107
513
2397
38127
25
1510
18
61
74
471
220
17
348
220
17
61
74
478
220
16
27653
198
257
471
1921
411
14159
13139
1332
279
469
6281
314
1510
12877
16
63
369
264
5081
314
1510
70
63
321
1788
364
1510
12877
17
27653
198
257
471
1987
567
1144
310
958
26312
9884
8686
1495
310
615
4581
469
6281
1510
70
27653
271
21
13
2972
674
24574
9392
92217
198
256
471
4807
26808
364
1754
1510
70
63
318
16
310
220
17
15
15
1590
198
257
471
1510
15387
31439
60
43143
1324
314
5255
303
1510
25509
63
72364
539
1510
70
27653
198
257
471
1510
4873
31439
60
43143
1324
314
5337
310
4992
1330
81859
2397
38127
12708
2303
494
5255
72364
539
1510
70
63
318
607
5330
279
4581
469
6281
2876
11
1066
421
836
469
6281
369
264
5081
314
1510
70
57208
198
950
471
1690
1510
15387
31439
60
63
5255
11
1754
628
381
303
1510
12877
16
7561
1510
12877
17
7561
466
13468
1411
1510
18
61
15387
31439
60
63
2702
30152
13
198
950
471
89999
4886
1332
1510
12877
16
63
369
4147
25
1510
17
61
15387
31439
60
63
318
9264
2315
303
1510
12877
17
63
466
13468
553
198
950
471
89999
4886
1332
1510
12877
17
63
369
4147
25
1510
17
61
15387
31439
60
27653
198
950
471
2604
1142
279
1105
1332
2107
513
4147
25
1510
16
27653
198
950
471
1987
1510
4873
31439
60
283
220
18
61
15387
31439
60
471
220
17
348
220
17
61
15387
31439
60
478
220
16
27653
198
257
471
4844
11
279
1324
314
13139
1332
2107
469
6281
82
513
6681
1510
70
63
369
25
198
950
471
1510
44839
31439
60
283
2702
31439
60
471
2542
5291
519
11722
2387
63
364
660
1510
76
63
864
513
62862
314
1510
70
63
321
1510
76
835
338
27653
198
256
471
7860
1510
44839
31439
60
63
364
660
1510
70
63
310
615
279
4087
13
271
22
13
2972
35629
11956
92217
198
256
471
5473
8498
33633
25
1942
27204
57844
1510
16
15
61
24
478
220
22
27653
198
256
471
4807
26808
13043
314
220
17
321
220
18
685
310
220
17
15
15
318
10957
1510
2798
20449
8
2564
220
17
15
15
57208
198
256
471
52516
1510
70
63
494
220
17
15
15
1441
310
220
16
310
12204
1510
44839
31439
60
63
318
10957
567
1144
62862
864
513
7875
553
271
13962
14392
13909
12
8046
29806
271
16
13
2972
4551
26808
43532
92217
4807
26808
13043
314
220
17
321
220
18
57844
1510
25613
63
685
310
220
17
15
15
13
198
17
13
2972
2427
8500
22348
33027
92217
1690
1754
1510
70
63
494
220
16
310
220
17
15
15
11
1698
1204
1599
4947
303
1510
25509
63
513
72364
539
1510
70
27653
198
18
13
2972
44712
1510
4873
31439
60
63
92217
1690
1754
1510
70
7561
12204
1510
4873
31439
60
283
220
18
61
15387
31439
60
471
220
17
9
17
61
15387
31439
60
478
220
16
63
1410
1510
25613
27653
198
19
13
2972
44712
1510
44839
31439
60
63
92217
52516
494
1510
70
283
220
17
15
15
63
1441
310
220
16
11
321
31192
1510
44839
11722
60
63
364
660
62862
1510
76
835
338
27653
198
20
13
2972
8917
17560
92217
7860
660
1510
44839
31439
60
63
321
460
57844
1510
25613
27653
271
13962
5927
271
71093
12305
198
1445
18904
1120
1697
198
464
6673
271
727
1698
5062
15057
35226
20449
25
1697
18078
2387
1411
514
25
198
262
18107
283
220
16
15
332
24
478
220
22
198
262
307
283
2343
20449
8
198
262
1866
5996
283
220
17
15
15
220
653
8439
10001
957
60
2564
220
17
15
15
6987
262
653
4807
26808
13043
314
220
17
321
220
18
685
310
307
198
262
6660
17
283
498
16
60
348
318
77
478
220
16
8
198
262
6660
18
283
498
16
60
348
318
77
478
220
16
8
198
262
364
585
303
2020
7
16
11
307
478
220
16
1590
198
285
6660
17
957
60
283
318
21072
17
957
12
16
60
348
220
17
8
984
18107
198
285
6660
18
957
60
283
318
21072
18
957
12
16
60
348
220
18
8
984
18107
6987
262
653
4356
364
1754
338
318
16
310
220
17
15
15
8
1204
1599
4947
303
10001
513
72364
539
338
198
262
12813
283
498
15
60
348
318
2721
5996
478
220
16
8
198
262
364
830
303
10001
25
198
285
364
338
303
2020
7
16
11
1866
5996
478
220
16
1590
198
309
413
830
984
338
606
220
15
25
198
388
12813
31439
60
1373
220
16
6987
262
653
2702
31439
5491
1324
314
5337
310
4992
1330
81859
2397
38127
12708
2303
695
262
653
494
5255
72364
539
338
318
48055
469
6281
668
381
264
5081
314
338
8
198
262
2702
283
498
15
60
348
318
2721
5996
478
220
16
8
198
262
364
338
303
2020
7
16
11
1866
5996
478
220
16
1590
198
285
580
283
12813
31439
60
198
285
413
580
606
220
15
25
198
309
2702
31439
60
283
220
15
198
285
745
25
198
309
653
220
18
61
74
471
220
17
9
17
61
74
478
220
16
198
309
1009
283
318
21072
18
6521
60
471
220
17
348
6660
17
6521
60
478
220
16
8
984
18107
198
309
2702
31439
60
283
1009
6987
262
653
4581
31439
5491
1324
314
13139
1332
2107
12708
2303
599
469
6281
6681
338
198
262
4581
283
498
15
60
348
318
2721
5996
478
220
16
8
198
262
653
52516
494
7526
338
1441
310
220
16
198
262
364
338
303
2020
8474
5996
11
220
15
11
471
16
1590
198
285
4581
31439
60
283
2702
31439
60
198
285
653
89999
4581
11722
60
364
660
62862
295
314
338
1332
295
835
338
198
285
295
283
220
17
348
338
198
285
1345
295
2564
1866
5996
25
198
309
4581
31439
60
283
318
44839
31439
60
471
4581
11722
60
478
18107
8
984
18107
198
309
295
1373
338
6987
262
653
7860
660
4581
31439
60
364
338
494
220
16
310
1866
5996
198
262
1067
283
2542
5291
519
8
984
18107
198
262
460
1067
198
71093
271
13962
68868
314
5141
38540
271
12
2972
4551
26808
43532
92217
1165
829
26808
13043
314
220
17
321
220
18
685
310
1510
77
63
318
1719
2984
314
1510
25509
31789
310
28750
10724
1510
17
61
74
63
321
1510
18
61
74
63
364
866
1510
74
27653
198
12
2972
2427
8500
22348
33027
92217
1690
1754
1510
70
63
494
220
16
310
220
17
15
15
11
567
1698
1204
1599
4947
303
1510
25509
63
513
72364
539
1510
70
27653
1061
8346
303
24782
1204
1599
5255
628
381
1429
310
1304
12708
2303
440
469
6281
264
5081
314
1510
70
27653
198
12
2972
46270
1510
4873
31439
60
63
92217
1690
1754
1510
70
7561
1510
4873
31439
60
63
369
279
1324
314
5337
310
1304
1330
81859
2397
38127
12708
2303
494
279
5255
72364
539
1510
70
27653
1061
369
16100
430
1510
18
61
74
471
220
17
9
17
61
74
478
220
16
7561
1332
1510
74
63
369
279
1698
314
5255
72364
539
1510
70
27653
198
12
2972
46270
1510
44839
31439
60
63
92217
11747
26312
9884
8686
11
567
12204
279
1324
314
13139
1332
2107
12708
2303
599
469
6281
6681
1510
70
63
539
31192
286
279
14159
364
62862
314
1510
70
27653
198
12
2972
8917
17560
92217
561
1534
1067
369
279
2542
314
1510
44839
31439
60
63
364
660
1510
70
63
494
220
16
310
220
17
15
15
11
57844
1510
16
15
61
24
478
220
22
27653
271
1919
5313
28750
26613
1098
34780
24891
321
8476
15019
310
5471
279
56768
22373
314
9851
1060
660
3102
1146
15057
13139
13
248046
198
248045
846
198
7525
3555
4621
4490
279
6813
13
5514
579
279
1412
25
198
6347
1371
318
3444
3110
1562
1483
1590
198
220
2793
34397
52
1795
20
19
30695
2301
67
6971
487
1500
220
16
16
17
11
303
361
4211
29
198
262
1716
11181
5062
15057
35226
8
198
220
2793
34397
52
1795
20
19
30695
2301
67
6971
487
1500
220
17
22
11
303
1716
198
262
1992
8871
2477
16
11
220
17
11
220
18
11
220
19
2387
606
220
16
15
198
1779
6108
59641
59641
59641
59641
59641
59641
59641
198
66317
1401
14200
1206
311
40138
11
411
369
678
3274
25
4310
279
2614
709
11618
321
4479
889
11
6999
4072
279
709
7246
321
1440
660
279
6813
13
2972
5683
4045
67305
3067
13209
50
159029
271
2523
1220
14623
279
1970
488
10490
303
264
64504
1970
2424
318
784
9609
31789
318
19458
668
31153
279
3889
5568
8
248046
198
248045
74455
198
248068
271
248069
271
760
3555
5313
4490
1521
279
11870
364
24217
81859
13139
440
264
3050
469
6281
557
45341
13
43274
11
4777
24217
30152
1332
5255
513
303
1510
12877
16
7561
1510
12877
17
7561
466
13468
11
321
1179
31192
286
62862
11
3070
914
12083
2605
364
279
2876
421
279
469
6281
314
279
348
1334
286
9
12708
2303
1902
381
6681
1510
70
27653
561
26312
9884
8686
383
279
328
92982
1
3433
3070
914
2336
5774
310
279
328
38
6281
21106
1
3433
303
279
1560
16693
13
271
332
31995
51301
64700
271
16
13
220
2972
2427
3593
59626
539
469
6281
92217
5339
11
567
1144
310
7995
11
364
1754
3102
469
6281
869
1510
70
7561
1204
1599
2397
38127
12708
2303
314
1510
25509
63
599
264
469
6281
6681
5951
310
1510
70
27653
6558
579
1562
411
1510
1767
68672
31439
60
27653
198
262
471
1165
628
12204
1510
1767
10467
31439
60
7561
864
369
279
1324
314
2397
38127
12708
2303
13717
539
5255
72364
539
1510
70
27653
1368
1017
513
1510
74
63
1680
5255
11
1510
1767
10467
31439
60
283
220
17
61
74
471
220
16
27653
198
262
471
4844
11
1510
1767
68672
31439
60
283
1698
10467
31439
60
471
2542
11181
68672
11722
2387
63
364
660
62862
1510
76
63
314
1510
70
63
318
2777
1510
76
835
338
57208
1061
369
264
5129
26312
9884
8686
318
269
47057
7964
350
44935
8
383
279
47461
52448
13
1165
28662
494
279
7526
3102
469
6281
1441
310
220
16
13
271
17
13
220
2972
2427
3957
31762
387
4568
92217
561
3377
16561
364
13139
314
348
4104
31762
9
12708
2303
47029
12877
16
11
12609
17
44646
1680
421
1510
88144
33667
16
8
606
43364
33667
17
8
606
338
27653
198
262
471
6558
1510
50
63
381
279
716
314
14505
303
1510
25509
63
1332
1510
25509
957
60
63
369
72364
539
1510
70
27653
198
262
471
5586
2610
6505
47029
12877
16
11
12609
17
44646
440
1510
88144
33667
16
8
283
43364
33667
17
8
283
338
63
1902
958
5255
1132
494
1510
50
27653
198
262
471
4213
11
4777
13660
279
1698
314
12708
2303
440
469
6281
1510
70
63
4290
914
3213
310
5774
15491
1070
1083
81859
13139
1521
279
7062
314
14505
2493
26370
13
198
262
471
2972
53396
26846
92217
11746
314
4313
310
15491
829
11147
18709
14159
11
1042
579
28662
888
1754
3102
469
6281
1510
70
27653
198
262
471
1690
264
8097
1510
70
7561
2814
279
25162
314
4947
303
1510
25509
63
421
513
72364
539
1510
70
27653
6558
411
25162
381
1510
32
1824
27653
198
262
471
1165
1144
310
4992
1330
81859
2397
38127
12708
2303
494
1510
32
1824
63
1680
421
279
469
6281
314
279
1118
369
1510
70
63
321
279
469
6281
314
279
2018
369
1510
70
27653
198
262
471
1061
369
1990
6150
1521
279
469
6281
20908
16298
310
279
3050
5255
11543
11
524
1066
421
781
513
72364
539
1510
70
27653
198
262
471
2972
73174
68563
92217
561
2876
1510
88144
33667
16
8
606
43364
33667
17
8
606
338
63
23197
421
1510
12877
16
63
321
1510
12877
17
63
513
2107
13717
494
5255
72364
539
1510
70
7561
321
13468
682
264
469
6281
421
369
264
5976
5081
314
1510
70
27653
198
262
471
6558
579
311
6550
25
1690
1754
1510
70
7561
567
1318
310
1698
13139
314
81859
2397
38127
12708
2303
47029
12877
16
11
12609
17
44646
1680
421
1510
88144
33667
16
8
283
338
63
321
1510
88144
33667
17
8
283
338
27653
198
262
471
6558
1510
69
3163
44646
381
279
1324
314
2397
38127
12708
2303
440
469
6281
6681
1510
70
27653
1165
23424
411
303
2923
220
16
13
198
262
471
1921
1510
69
3163
44646
14159
12708
2303
11
524
13139
314
81859
5981
13
198
262
471
2972
31995
4356
286
364
3957
31762
387
4568
92217
198
285
471
1690
264
8097
1510
70
7561
1042
1510
74
63
381
279
1324
314
5255
303
1510
25509
63
72364
539
1510
70
27653
198
285
471
1165
1144
310
9501
1754
314
1439
1510
74
63
5255
310
799
314
2250
5134
25
303
1510
12877
16
7561
303
1510
12877
17
7561
466
303
13468
13
318
6651
4021
381
303
2107
553
198
285
471
10342
30152
25
1510
18
61
74
27653
198
285
471
1165
1902
31192
4886
1332
1510
12877
16
63
369
4147
466
1510
12877
17
63
369
4147
13
198
285
471
44487
1332
1510
12877
16
63
369
4147
25
1510
17
61
74
63
318
9264
2315
303
1510
12877
17
63
466
13468
553
198
285
471
44487
1332
1510
12877
17
63
369
4147
25
1510
17
61
74
27653
198
285
471
44487
1332
2107
513
4147
25
1510
16
63
318
1767
290
10598
11
748
884
1142
2957
553
198
285
471
10342
2610
30152
1332
2107
513
2397
38127
25
1510
18
61
74
471
220
17
9
17
61
74
478
220
16
27653
198
285
471
4213
11
411
14159
13139
1332
1510
88144
33667
16
44646
369
264
5081
314
1510
70
63
321
1510
88144
33667
17
44646
369
264
5081
314
1510
70
27653
198
285
471
6558
1510
7354
52405
3163
44646
381
411
869
25
1510
18
61
74
471
220
17
9
17
61
74
478
220
16
27653
198
285
471
1165
1318
1510
56009
52405
3163
8
7561
279
1324
314
13139
1332
1510
88144
33667
16
8
283
338
63
321
1510
88144
33667
17
8
283
338
27653
198
285
471
3113
26312
9884
8686
25
1510
56009
52405
3163
8
283
10342
52405
3163
8
471
2542
7
56009
52405
1212
578
63
364
660
62862
1510
76
63
314
1510
70
63
318
2777
1510
76
835
338
57208
198
285
471
1061
4138
1521
866
6505
1332
2107
469
6281
82
513
62862
314
1510
70
63
369
2892
29014
303
1510
7354
52405
3163
44646
321
1179
31192
290
680
539
279
62862
11
9101
1132
279
4581
1510
70
63
4886
13
271
18
13
220
2972
26943
92217
198
262
471
4807
26808
13043
314
220
17
321
220
18
57844
1510
16
15
61
24
478
220
22
27653
198
262
471
4356
1510
15387
31439
60
63
364
1754
1510
70
63
494
220
16
310
220
17
15
15
318
3946
314
5255
303
1510
25509
63
72364
539
1510
70
57208
198
262
471
21902
1510
7354
52405
3163
8
283
220
18
61
15387
31439
60
471
220
17
348
220
17
61
15387
31439
60
478
220
16
63
364
1754
1510
70
27653
198
262
471
21902
1510
56009
52405
3163
44646
539
84228
1510
70
63
494
220
17
15
15
1441
310
220
16
25
198
406
1510
56009
52405
3163
8
283
10342
52405
3163
8
471
2542
7
56009
52405
1212
578
63
364
1510
76
283
220
17
70
11
220
18
70
11
2423
63
198
262
471
7860
660
1510
56009
52405
3163
44646
310
615
279
1534
4087
13
271
1919
5313
12083
13081
279
81859
2022
321
279
469
6281
16484
1608
26312
9884
8686
383
279
716
314
2610
30152
13
271
71093
12305
198
1445
18904
1120
1697
271
727
1698
5062
15057
35226
20449
25
1697
18078
2387
1411
514
25
198
262
18107
283
220
16
15
332
24
478
220
22
198
262
307
283
2343
20449
8
198
262
1866
5996
283
220
17
15
15
220
653
8439
10001
957
60
2564
220
17
15
15
6987
262
653
4807
26808
13043
314
220
17
321
220
18
685
310
307
198
262
6660
17
283
498
16
60
348
318
77
478
220
16
8
198
262
6660
18
283
498
16
60
348
318
77
478
220
16
8
198
262
364
585
303
2020
7
16
11
307
478
220
16
1590
198
285
6660
17
957
60
283
318
21072
17
957
12
16
60
348
220
17
8
984
18107
198
285
6660
18
957
60
283
318
21072
18
957
12
16
60
348
220
18
8
984
18107
6987
262
653
4356
364
1754
338
318
16
310
220
17
15
15
8
1204
1599
4947
303
10001
513
72364
539
338
198
262
12813
283
498
15
60
348
318
2721
5996
478
220
16
8
198
262
364
830
303
10001
25
198
285
653
1165
1132
2373
883
3319
39852
685
310
1866
5996
198
285
364
338
303
2020
7
16
11
1866
5996
478
220
16
1590
198
309
413
830
984
338
606
220
15
25
198
388
12813
31439
60
1373
220
16
6987
262
653
2702
35226
31439
5491
1324
314
5337
310
4992
1330
81859
2397
38127
12708
2303
695
262
653
494
5255
72364
539
338
318
48055
469
6281
668
381
264
5081
314
338
8
198
262
2702
35226
283
498
15
60
348
318
2721
5996
478
220
16
8
198
262
364
338
303
2020
7
16
11
1866
5996
478
220
16
1590
198
285
580
283
12813
31439
60
198
285
413
580
606
220
15
25
198
309
2702
35226
31439
60
283
220
15
198
285
745
25
198
309
653
220
18
61
74
471
220
17
9
17
61
74
478
220
16
198
309
1009
283
318
21072
18
6521
60
471
220
17
348
6660
17
6521
60
478
220
16
8
984
18107
198
309
2702
35226
31439
60
283
1009
6987
262
653
4581
35226
31439
5491
1324
314
13139
1332
2107
12708
2303
599
469
6281
6681
338
198
262
4581
35226
283
498
15
60
348
318
2721
5996
478
220
16
8
198
1031
262
653
52516
494
7526
338
1441
310
220
16
310
3668
26312
9884
8686
198
262
364
338
303
2020
8474
5996
11
220
15
11
471
16
1590
198
285
4581
35226
31439
60
283
2702
35226
31439
60
198
285
653
89999
4581
35226
11722
60
364
660
62862
295
314
338
1332
295
835
338
198
285
295
283
220
17
348
338
198
285
1345
295
2564
1866
5996
25
198
309
4581
35226
31439
60
283
318
44839
35226
31439
60
471
4581
35226
11722
60
478
18107
8
984
18107
198
309
295
1373
338
6987
262
653
7860
660
4581
35226
31439
60
364
338
494
220
16
310
1866
5996
198
262
1067
283
2542
5291
519
35226
8
984
18107
198
262
460
1067
198
71093
248046
198