248045
846
198
4274
279
2614
709
11618
321
4479
889
11
6999
4072
279
709
7246
321
1440
660
279
6813
13
2972
5683
4045
67305
3067
13209
50
159029
271
2523
1220
14623
279
1970
488
10490
303
264
64504
1970
2424
318
784
9609
31789
318
19458
668
31153
279
3889
5568
8
271
71093
198
1445
18904
1120
1697
1358
727
1698
8078
32388
16247
25
514
11
351
25
1697
18078
2387
1411
514
25
198
262
4071
4356
279
1324
314
8796
29607
314
38175
6163
11592
440
2984
1881
695
262
220
16
321
710
318
94964
8
421
25705
279
2614
2876
25
364
1754
6321
318
32
28
15
11
417
28
16
11
58317
1799
28
17
20
681
198
262
279
1324
314
54133
303
279
886
369
506
1379
351
957
906
198
1031
262
3301
279
1698
57844
220
24
24
23
17
19
19
18
20
18
13
198
1031
262
17167
25
198
285
710
25
25749
2984
314
8796
310
2814
318
16
2564
710
2564
220
16
15
15
15
8
198
285
351
25
1697
314
220
17
21
24959
1332
351
957
60
369
279
6966
5252
54133
314
279
585
7324
6321
198
309
318
15
2564
351
957
60
2564
220
16
15
15
15
8
198
1031
262
5019
25
198
285
561
1324
314
2610
8796
57844
220
24
24
23
17
19
19
18
20
18
6987
262
11765
1698
8078
32388
7
17
11
498
17
11
220
16
11
220
16
11
220
15
11
220
15
11
220
15
11
220
15
11
220
15
11
220
15
11
220
15
11
220
15
11
220
15
11
220
15
11
220
15
11
220
15
11
220
15
11
220
15
11
220
15
11
220
15
11
220
15
11
220
15
11
220
15
11
220
15
11
220
15
11
220
15
11
220
15
2387
198
262
220
16
15
198
262
11765
1698
8078
32388
7
18
20
23
11
498
16
11
220
15
11
220
16
11
220
15
11
220
16
11
220
15
11
220
16
11
220
15
11
220
15
11
220
15
11
220
15
11
220
15
11
220
15
11
220
15
11
220
15
11
220
15
11
220
15
11
220
15
11
220
15
11
220
15
11
220
15
11
220
15
11
220
15
11
220
15
11
220
15
11
220
15
2387
198
262
220
21
19
198
262
4071
271
727
1716
69574
1590
198
262
653
18564
1228
4886
198
262
1992
8871
7
17
11
498
17
11
220
16
11
220
16
11
220
15
11
220
15
11
220
15
11
220
15
11
220
15
11
220
15
11
220
15
11
220
15
11
220
15
11
220
15
11
220
15
11
220
15
11
220
15
11
220
15
11
220
15
11
220
15
11
220
15
11
220
15
11
220
15
11
220
15
11
220
15
11
220
15
11
220
15
2387
606
220
16
15
198
262
1992
8871
7
18
20
23
11
498
16
11
220
15
11
220
16
11
220
15
11
220
16
11
220
15
11
220
16
11
220
15
11
220
15
11
220
15
11
220
15
11
220
15
11
220
15
11
220
15
11
220
15
11
220
15
11
220
15
11
220
15
11
220
15
11
220
15
11
220
15
11
220
15
11
220
15
11
220
15
11
220
15
11
220
15
2387
606
220
21
19
198
262
1992
8871
7
16
15
15
15
11
498
16
15
15
15
60
348
220
17
21
8
606
220
17
22
15
17
22
19
15
18
20
6987
262
653
22484
1228
4886
198
262
1992
8871
7
22
15
24
11
498
23
22
24
11
220
19
22
24
11
220
19
21
16
11
220
16
19
11
220
16
17
18
11
220
22
19
19
11
220
19
15
15
11
220
24
19
11
220
19
19
22
11
220
17
15
11
220
16
20
17
11
220
24
21
18
11
220
21
22
19
11
220
23
17
24
11
220
24
23
19
11
220
24
18
15
11
220
18
17
17
11
220
21
21
20
11
220
21
19
21
11
220
18
23
20
11
220
16
24
16
11
220
18
20
18
11
220
21
15
20
11
220
16
16
15
11
220
19
20
18
11
220
18
20
21
2387
606
220
16
16
22
16
21
24
23
20
17
198
262
1992
8871
7
24
20
16
11
498
19
24
17
11
220
19
17
15
11
220
16
24
22
11
220
21
15
22
11
220
24
17
20
11
220
16
21
22
11
220
22
16
22
11
220
19
18
23
11
220
17
15
15
11
220
24
23
21
11
220
16
15
19
11
220
19
23
18
11
220
21
17
15
11
220
23
15
21
11
220
23
23
16
11
220
23
20
23
11
220
20
20
24
11
220
20
20
18
11
220
20
15
17
11
220
20
20
19
11
220
24
21
17
11
220
18
17
20
11
220
19
18
20
11
220
17
22
24
11
220
19
21
19
11
220
18
17
22
2387
606
220
17
15
15
15
16
20
20
17
21
198
262
1992
8871
7
16
18
11
498
21
16
16
11
220
24
22
19
11
220
24
18
16
11
220
17
19
11
220
21
15
24
11
220
16
22
21
11
220
18
15
19
11
220
16
20
16
11
220
16
24
24
11
220
23
22
21
11
220
23
17
20
11
220
23
24
18
11
220
24
18
24
11
220
22
18
22
11
220
18
22
19
11
220
18
17
18
11
220
23
19
21
11
220
23
16
24
11
220
16
20
19
11
220
16
20
22
11
220
23
16
19
11
220
18
19
18
11
220
23
23
21
11
220
16
24
22
11
220
16
15
15
11
220
23
20
21
2387
606
220
19
16
21
16
19
20
21
16
18
198
262
1992
8871
7
17
15
17
11
498
22
22
20
11
220
18
17
20
11
220
24
23
17
11
220
22
23
19
11
220
19
16
22
11
220
16
20
21
11
220
24
18
17
11
220
24
15
17
11
220
22
17
23
11
220
20
18
22
11
220
23
20
22
11
220
22
18
24
11
220
24
16
23
11
220
17
16
16
11
220
21
22
24
11
220
20
15
21
11
220
18
19
15
11
220
20
21
23
11
220
23
21
23
11
220
16
21
11
220
24
19
15
11
220
17
21
18
11
220
20
24
18
11
220
19
19
24
11
220
24
24
16
11
220
18
16
15
2387
606
220
24
21
22
15
19
16
20
16
19
198
262
1992
8871
7
20
17
11
498
22
19
22
11
220
24
19
18
11
220
22
19
15
11
220
20
24
18
11
220
19
21
24
11
220
18
22
15
11
220
20
16
21
11
220
19
19
18
11
220
22
11
220
20
17
20
11
220
17
24
24
11
220
19
16
17
11
220
16
21
18
11
220
21
24
24
11
220
20
22
16
11
220
24
22
21
11
220
19
20
20
11
220
17
16
22
11
220
20
24
15
11
220
18
19
18
11
220
19
17
22
11
220
17
17
15
11
220
18
19
17
11
220
20
23
19
11
220
17
18
24
11
220
19
24
21
2387
606
220
17
21
22
18
18
24
16
18
17
198
262
1992
8871
7
23
22
20
11
498
21
15
16
11
220
17
20
23
11
220
19
19
24
11
220
18
22
22
11
220
19
15
11
220
19
17
23
11
220
17
18
23
11
220
19
20
20
11
220
20
16
22
11
220
21
20
18
11
220
19
18
18
11
220
22
21
23
11
220
24
20
22
11
220
18
15
22
11
220
19
20
21
11
220
23
22
23
11
220
24
22
22
11
220
18
21
23
11
220
24
24
24
11
220
23
23
17
11
220
20
19
16
11
220
23
17
21
11
220
22
21
19
11
220
17
21
24
11
220
19
15
16
11
220
24
23
2387
606
220
17
19
22
15
17
22
21
16
21
198
262
1992
8871
7
19
19
20
11
498
15
11
220
15
11
220
15
11
220
15
11
220
15
11
220
15
11
220
15
11
220
15
11
220
15
11
220
15
11
220
15
11
220
15
11
220
15
11
220
15
11
220
15
11
220
15
11
220
15
11
220
15
11
220
15
11
220
15
11
220
22
22
17
11
220
15
11
220
15
11
220
15
11
220
15
11
220
15
2387
606
220
19
19
20
198
262
1992
8871
7
20
18
15
11
498
23
16
16
11
220
20
21
24
11
220
16
19
23
11
220
18
23
19
11
220
24
20
19
11
220
24
16
18
11
220
16
16
19
11
220
18
16
20
11
220
21
23
21
11
220
18
18
19
11
220
18
23
17
11
220
18
24
17
11
220
18
17
21
11
220
23
11
220
20
20
18
11
220
24
21
17
11
220
24
20
22
11
220
23
20
15
11
220
17
18
16
11
220
21
16
11
220
16
23
20
11
220
20
23
23
11
220
18
15
20
11
220
24
23
15
11
220
20
21
19
11
220
23
24
15
2387
606
220
23
17
21
18
22
23
17
18
18
198
262
1992
8871
7
16
16
16
11
498
24
17
21
11
220
19
19
19
11
220
22
23
23
11
220
23
17
21
11
220
24
19
19
11
220
22
15
17
11
220
23
23
23
11
220
24
19
19
11
220
21
20
20
11
220
20
17
16
11
220
19
23
24
11
220
24
19
21
11
220
16
18
16
11
220
21
16
21
11
220
19
19
20
11
220
21
20
19
11
220
19
18
19
11
220
20
17
17
11
220
23
20
15
11
220
21
23
18
11
220
20
19
17
11
220
17
17
21
11
220
22
19
16
11
220
19
23
21
11
220
16
15
16
11
220
21
21
16
2387
606
220
22
18
19
16
22
22
23
21
16
198
262
1992
8871
7
20
18
17
11
498
15
60
348
220
17
21
8
606
220
15
198
262
1992
8871
7
17
19
18
11
498
21
24
19
11
220
23
20
19
11
220
17
24
22
11
220
22
20
11
220
23
18
16
11
220
24
22
19
11
220
22
17
15
11
220
23
18
22
11
220
21
24
20
11
220
23
19
20
11
220
16
20
19
11
220
21
22
18
11
220
18
15
21
11
220
23
21
20
11
220
20
17
19
11
220
24
20
17
11
220
17
18
16
11
220
18
17
24
11
220
18
20
18
11
220
18
18
16
11
220
21
24
17
11
220
17
22
11
220
19
16
18
11
220
23
16
11
220
19
18
23
11
220
21
18
2387
606
220
22
19
15
16
24
15
21
21
18
198
262
1992
8871
7
20
17
17
11
498
15
11
220
15
11
220
15
11
220
15
11
220
15
11
220
15
11
220
15
11
220
15
11
220
15
11
220
15
11
220
15
11
220
15
11
220
15
11
220
15
11
220
15
11
220
15
11
220
15
11
220
15
11
220
15
11
220
15
11
220
15
11
220
15
11
220
15
11
220
20
22
20
11
220
15
11
220
15
2387
606
220
20
17
17
198
262
1992
8871
7
17
24
16
11
498
20
19
17
11
220
20
19
17
11
220
16
18
19
11
220
24
19
11
220
22
20
16
11
220
23
24
11
220
23
24
23
11
220
22
17
24
11
220
17
16
17
11
220
24
21
19
11
220
17
24
22
11
220
23
17
18
11
220
22
17
15
11
220
17
24
22
11
220
17
23
15
11
220
24
16
22
11
220
18
18
23
11
220
16
22
21
11
220
16
23
18
11
220
24
21
20
11
220
22
19
15
11
220
20
19
16
11
220
20
20
20
11
220
18
11
220
18
16
21
11
220
17
20
21
2387
606
220
20
19
24
17
22
15
15
18
16
198
262
1992
8871
7
16
20
17
11
498
18
17
20
11
220
22
18
16
11
220
18
15
17
11
220
16
20
18
11
220
23
24
21
11
220
17
17
11
220
19
23
24
11
220
18
24
24
11
220
21
15
22
11
220
19
21
21
11
220
19
18
17
11
220
20
15
17
11
220
24
21
23
11
220
18
18
18
11
220
19
22
20
11
220
22
24
17
11
220
23
19
11
220
16
15
11
220
21
24
19
11
220
18
17
23
11
220
18
20
19
11
220
22
16
17
11
220
19
15
24
11
220
19
23
15
11
220
21
19
18
11
220
16
17
16
2387
606
220
17
17
22
19
23
21
16
22
24
198
262
1992
8871
7
23
20
23
11
498
18
20
23
11
220
17
21
21
11
220
23
15
16
11
220
24
20
11
220
18
22
19
11
220
23
15
22
11
220
20
16
11
220
23
21
23
11
220
19
22
23
11
220
23
15
24
11
220
18
15
19
11
220
22
11
220
18
15
23
11
220
24
24
17
11
220
19
24
24
11
220
21
20
15
11
220
22
15
21
11
220
18
24
24
11
220
23
17
17
11
220
21
24
23
11
220
16
20
11
220
18
23
16
11
220
17
21
22
11
220
17
23
17
11
220
17
18
22
11
220
16
16
24
2387
606
220
17
21
17
17
16
15
24
24
17
198
262
1992
8871
7
22
15
24
11
498
23
22
24
11
220
19
22
24
11
220
19
21
16
11
220
16
19
11
220
16
17
18
11
220
22
19
19
11
220
19
15
15
11
220
24
19
11
220
19
19
22
11
220
17
15
11
220
16
20
17
11
220
24
21
18
11
220
21
22
19
11
220
23
17
24
11
220
24
23
19
11
220
24
18
15
11
220
18
17
17
11
220
21
21
20
11
220
21
19
21
11
220
18
23
20
11
220
16
24
16
11
220
18
20
18
11
220
21
15
20
11
220
16
16
15
11
220
19
20
18
11
220
18
20
21
2387
606
220
24
24
24
24
24
24
24
24
24
198
262
1992
8871
7
18
20
20
11
498
21
23
11
220
19
18
16
11
220
20
23
15
11
220
22
20
22
11
220
17
16
23
11
220
24
18
19
11
220
18
17
23
11
220
21
22
21
11
220
18
20
20
11
220
17
17
16
11
220
23
15
11
220
24
17
17
11
220
20
19
20
11
220
20
16
16
11
220
21
22
11
220
19
21
22
11
220
21
22
19
11
220
21
24
16
11
220
20
15
19
11
220
23
18
20
11
220
18
19
11
220
24
21
20
11
220
24
23
15
11
220
17
17
16
11
220
23
24
20
11
220
20
15
16
2387
606
220
17
22
15
23
23
21
24
19
16
198
262
1992
8871
7
19
19
22
11
498
15
11
220
15
11
220
15
11
220
15
11
220
15
11
220
15
11
220
15
11
220
15
11
220
15
11
220
15
11
220
21
17
24
11
220
15
11
220
15
11
220
15
11
220
15
11
220
15
11
220
15
11
220
15
11
220
15
11
220
15
11
220
15
11
220
15
11
220
15
11
220
15
11
220
15
11
220
15
2387
606
220
19
19
22
198
262
1992
8871
7
21
24
23
11
498
22
21
18
11
220
20
16
20
11
220
19
16
18
11
220
19
24
20
11
220
20
17
18
11
220
20
22
16
11
220
17
15
21
11
220
18
20
22
11
220
24
15
19
11
220
18
16
15
11
220
19
16
15
11
220
23
19
19
11
220
21
16
16
11
220
19
23
19
11
220
19
16
15
11
220
20
20
24
11
220
17
21
17
11
220
18
24
19
11
220
24
19
24
11
220
16
15
22
11
220
20
19
21
11
220
22
18
22
11
220
24
23
22
11
220
24
22
24
11
220
18
15
21
11
220
21
23
20
2387
606
220
16
20
17
20
19
18
17
20
22
198
262
1992
8871
7
20
19
24
11
498
23
18
17
11
220
20
24
20
11
220
17
15
15
11
220
22
17
15
11
220
21
20
23
11
220
21
18
24
11
220
24
24
17
11
220
16
18
15
11
220
19
21
22
11
220
24
23
24
11
220
24
20
23
11
220
20
23
16
11
220
21
15
15
11
220
19
21
21
11
220
19
22
18
11
220
24
17
24
11
220
22
22
20
11
220
20
23
16
11
220
22
22
15
11
220
19
20
20
11
220
22
16
23
11
220
21
17
23
11
220
23
15
22
11
220
18
18
20
11
220
23
24
23
11
220
20
20
17
2387
606
220
18
16
19
23
18
22
24
21
24
271
2
5272
1716
11181
8078
32388
8
310
1542
6813
13
198
71093
248046
198
248045
74455
198
71093
12305
198
1445
18904
1120
1697
198
1445
39965
1120
26569
198
1445
54572
1120
324
2585
11198
271
25613
283
220
24
24
23
17
19
19
18
20
18
271
727
1698
8078
32388
16247
25
514
11
351
25
1697
18078
2387
1411
514
25
198
262
4071
4356
279
1324
314
8796
29607
314
38175
6163
11592
440
2984
1881
695
262
220
16
321
710
318
94964
8
421
25705
279
2614
2876
25
364
1754
6321
318
32
28
15
11
417
28
16
11
58317
1799
28
17
20
681
198
262
279
1324
314
54133
303
279
886
369
506
1379
351
957
906
198
1031
262
3301
279
1698
57844
220
24
24
23
17
19
19
18
20
18
13
198
1031
262
17167
25
198
285
710
25
25749
2984
314
8796
310
2814
318
16
2564
710
2564
220
16
15
15
15
8
198
285
351
25
1697
314
220
17
21
24959
1332
351
957
60
369
279
6966
5252
54133
314
279
585
7324
6321
198
309
318
15
2564
351
957
60
2564
220
16
15
15
15
8
198
1031
262
5019
25
198
285
561
1324
314
2610
8796
57844
220
24
24
23
17
19
19
18
20
18
198
262
4071
198
262
653
1165
1144
310
1698
660
8796
314
2984
220
16
310
710
1680
421
364
1754
6321
585
11
198
262
653
279
1698
314
6321
585
303
279
886
369
506
1379
351
957
906
198
1031
262
653
51301
25
5272
22440
5568
13
198
262
653
1690
1754
6321
585
11
279
22440
709
364
1141
54133
369
25
198
262
653
256
281
5150
2007
8
283
220
16
478
830
478
830
61
17
14
17
0
478
2423
478
830
46227
34
957
60
4324
34
957
60
0
198
262
653
1921
2394
567
2224
14131
440
22958
318
10231
8796
681
567
1144
310
958
56768
22440
5568
13
198
262
653
695
262
653
32645
11
1042
579
1683
20648
13
1690
264
8097
2984
307
11
279
1324
314
2610
8796
369
25
198
262
653
256
7860
888
660
2610
14159
272
62
15
11
58317
272
62
17
20
1332
2542
1290
5150
8
283
307
321
220
15
2564
272
5150
2564
351
957
5491
198
262
653
256
307
0
593
318
66
62
15
0
348
272
62
16
0
348
2423
348
272
62
17
20
15836
198
262
653
695
262
653
1061
369
13185
310
8996
279
34429
314
830
83193
303
25
198
262
653
256
307
0
348
498
87
83193
60
5466
14717
72
28
15
92
46227
17
20
92
318
1200
14717
73
28
15
92
46227
34
957
13587
830
61
73
593
492
15836
198
262
653
198
262
653
1987
567
12204
279
1918
314
1439
1418
74330
318
446
310
8122
710
681
1179
364
1754
8122
307
494
220
16
310
710
11
198
262
653
279
34429
314
830
83193
53070
539
307
0
6486
279
1324
314
2610
8796
314
2984
307
13
198
262
653
7860
1439
685
57844
18107
13
198
1031
262
653
6558
579
12204
279
45735
1918
13
198
262
653
1165
599
220
17
21
1418
74330
13
8618
45735
585
682
3665
830
61
73
4291
0
364
492
283
220
15
310
351
957
906
198
262
653
1165
29283
1070
660
3658
11
9976
1132
3665
685
310
830
50220
13
198
1031
262
653
4807
26808
7911
10003
321
27043
7911
10003
198
262
1866
1054
283
710
478
220
16
198
262
2029
283
498
16
60
348
1866
1054
198
262
1475
46211
283
498
16
60
348
1866
1054
6987
262
364
585
303
2020
7
16
11
1866
1054
1590
198
285
2029
957
60
283
2029
957
12
16
60
348
585
984
18107
6987
262
653
21902
27043
51184
314
710
1118
11
1179
944
27484
198
262
1475
46211
36474
1054
12
16
60
283
6660
925
519
36474
1054
12
16
1089
18107
471
220
17
11
18107
8
198
262
364
585
303
2020
8474
1054
12
17
11
471
16
11
471
16
1590
198
285
1475
46211
957
60
283
1475
46211
957
10
16
60
348
318
72
10
16
8
984
18107
6987
262
653
72592
44896
198
262
653
4980
440
45735
498
16
60
318
17538
4496
220
16
8
198
262
9569
283
498
16
60
220
653
9569
3681
60
10551
279
34429
314
830
61
73
593
492
0
2423
3655
11
1042
728
37781
6987
262
653
32645
11
1042
579
6762
279
45735
20648
13
198
262
653
6558
387
2007
8
283
5466
14717
72
28
15
92
46227
17
20
92
318
1200
14717
73
28
15
92
46227
34
957
13587
830
61
73
593
492
15836
198
262
653
561
34429
314
830
83193
303
387
2007
8
369
1010
869
264
1054
13
198
262
653
4844
279
1324
314
2610
8796
314
2984
307
369
307
0
348
264
1054
13
198
1031
262
653
1987
567
1066
1144
310
12204
279
35608
264
62
15
11
264
62
16
11
58317
264
9802
314
387
2007
553
198
1031
262
653
8736
45735
430
498
16
60
318
4111
279
6570
4496
220
16
8
198
262
76457
283
498
16
60
220
653
76457
7426
60
369
279
34429
314
830
83193
6987
262
364
585
303
2020
7
17
21
1590
198
285
413
351
957
60
606
220
15
25
198
309
653
1061
7911
369
1066
220
16
11
748
874
2222
1076
3655
11
2542
14717
73
28
15
92
61
15
830
61
73
4291
0
283
220
16
198
309
653
1987
81288
539
220
16
3070
914
2222
3977
13
1921
413
351
957
60
606
220
15
11
279
6321
628
914
4833
13
198
309
653
561
45735
364
411
6321
369
220
16
318
3138
492
28
15
4496
553
198
309
653
1987
567
29283
539
220
16
11
864
3254
874
2222
13
198
309
2962
198
285
745
25
198
309
653
72592
364
6321
585
25
2542
14717
73
28
15
92
46227
1030
2929
957
1089
710
8866
830
61
73
593
492
0
198
309
653
1165
1144
310
29283
1428
76457
539
411
45735
13
198
3265
309
653
4091
491
45735
198
309
491
82983
283
498
15
60
348
318
42
478
220
16
8
198
309
3798
283
1262
2929
957
1089
710
8
198
3265
309
364
307
303
2020
6686
80326
35497
198
388
413
76457
7426
60
606
220
15
25
198
493
2962
198
388
364
492
303
2020
50508
478
220
16
1590
198
493
413
307
478
492
2564
710
25
198
646
653
2604
76457
7426
60
348
318
16
4291
15836
310
491
82983
7426
27794
60
198
646
4496
283
76457
7426
60
348
1475
46211
3681
60
984
18107
198
646
491
82983
7426
478
492
60
283
318
902
82983
7426
478
492
60
478
4496
8
984
18107
18015
309
76457
283
491
82983
6987
262
653
4543
76457
7426
60
369
279
34429
314
830
83193
303
387
2007
553
198
262
653
5447
314
2610
8796
314
2984
307
369
307
0
348
76457
7426
906
198
1031
262
2702
283
220
15
198
262
364
307
303
2020
7
16
11
710
478
220
16
1590
198
285
1698
283
2029
7426
60
348
76457
7426
60
984
18107
198
285
2702
283
318
4873
478
1698
8
984
18107
6987
262
460
2702
1358
727
1716
69574
1590
198
262
653
18564
1228
4886
198
262
1992
8871
7
17
11
498
17
11
220
16
11
220
16
11
220
15
11
220
15
11
220
15
11
220
15
11
220
15
11
220
15
11
220
15
11
220
15
11
220
15
11
220
15
11
220
15
11
220
15
11
220
15
11
220
15
11
220
15
11
220
15
11
220
15
11
220
15
11
220
15
11
220
15
11
220
15
11
220
15
11
220
15
2387
606
220
16
15
198
262
1992
8871
7
18
20
23
11
498
16
11
220
15
11
220
16
11
220
15
11
220
16
11
220
15
11
220
16
11
220
15
11
220
15
11
220
15
11
220
15
11
220
15
11
220
15
11
220
15
11
220
15
11
220
15
11
220
15
11
220
15
11
220
15
11
220
15
11
220
15
11
220
15
11
220
15
11
220
15
11
220
15
11
220
15
2387
606
220
21
19
198
262
1992
8871
7
16
15
15
15
11
498
16
15
15
15
60
348
220
17
21
8
606
220
17
22
15
17
22
19
15
18
20
6987
262
653
22484
1228
4886
198
262
1992
8871
7
22
15
24
11
498
23
22
24
11
220
19
22
24
11
220
19
21
16
11
220
16
19
11
220
16
17
18
11
220
22
19
19
11
220
19
15
15
11
220
24
19
11
220
19
19
22
11
220
17
15
11
220
16
20
17
11
220
24
21
18
11
220
21
22
19
11
220
23
17
24
11
220
24
23
19
11
220
24
18
15
11
220
18
17
17
11
220
21
21
20
11
220
21
19
21
11
220
18
23
20
11
220
16
24
16
11
220
18
20
18
11
220
21
15
20
11
220
16
16
15
11
220
19
20
18
11
220
18
20
21
2387
606
220
16
16
22
16
21
24
23
20
17
198
262
1992
8871
7
24
20
16
11
498
19
24
17
11
220
19
17
15
11
220
16
24
22
11
220
21
15
22
11
220
24
17
20
11
220
16
21
22
11
220
22
16
22
11
220
19
18
23
11
220
17
15
15
11
220
24
23
21
11
220
16
15
19
11
220
19
23
18
11
220
21
17
15
11
220
23
15
21
11
220
23
23
16
11
220
23
20
23
11
220
20
20
24
11
220
20
20
18
11
220
20
15
17
11
220
20
20
19
11
220
24
21
17
11
220
18
17
20
11
220
19
18
20
11
220
17
22
24
11
220
19
21
19
11
220
18
17
22
2387
606
220
17
15
15
15
16
20
20
17
21
198
262
1992
8871
7
16
18
11
498
21
16
16
11
220
24
22
19
11
220
24
18
16
11
220
17
19
11
220
21
15
24
11
220
16
22
21
11
220
18
15
19
11
220
16
20
16
11
220
16
24
24
11
220
23
22
21
11
220
23
17
20
11
220
23
24
18
11
220
24
18
24
11
220
22
18
22
11
220
18
22
19
11
220
18
17
18
11
220
23
19
21
11
220
23
16
24
11
220
16
20
19
11
220
16
20
22
11
220
23
16
19
11
220
18
19
18
11
220
23
23
21
11
220
16
24
22
11
220
16
15
15
11
220
23
20
21
2387
606
220
19
16
21
16
19
20
21
16
18
198
262
1992
8871
7
17
15
17
11
498
22
22
20
11
220
18
17
20
11
220
24
23
17
11
220
22
23
19
11
220
19
16
22
11
220
16
20
21
11
220
24
18
17
11
220
24
15
17
11
220
22
17
23
11
220
20
18
22
11
220
23
20
22
11
220
22
18
24
11
220
24
16
23
11
220
17
16
16
11
220
21
22
24
11
220
20
15
21
11
220
18
19
15
11
220
20
21
23
11
220
23
21
23
11
220
16
21
11
220
24
19
15
11
220
17
21
18
11
220
20
24
18
11
220
19
19
24
11
220
24
24
16
11
220
18
16
15
2387
606
220
24
21
22
15
19
16
20
16
19
198
262
1992
8871
7
20
17
11
498
22
19
22
11
220
24
19
18
11
220
22
19
15
11
220
20
24
18
11
220
19
21
24
11
220
18
22
15
11
220
20
16
21
11
220
19
19
18
11
220
22
11
220
20
17
20
11
220
17
24
24
11
220
19
16
17
11
220
16
21
18
11
220
21
24
24
11
220
20
22
16
11
220
24
22
21
11
220
19
20
20
11
220
17
16
22
11
220
20
24
15
11
220
18
19
18
11
220
19
17
22
11
220
17
17
15
11
220
18
19
17
11
220
20
23
19
11
220
17
18
24
11
220
19
24
21
2387
606
220
17
21
22
18
18
24
16
18
17
198
262
1992
8871
7
23
22
20
11
498
21
15
16
11
220
17
20
23
11
220
19
19
24
11
220
18
22
22
11
220
19
15
11
220
19
17
23
11
220
17
18
23
11
220
19
20
20
11
220
20
16
22
11
220
21
20
18
11
220
19
18
18
11
220
22
21
23
11
220
24
20
22
11
220
18
15
22
11
220
19
20
21
11
220
23
22
23
11
220
24
22
22
11
220
18
21
23
11
220
24
24
24
11
220
23
23
17
11
220
20
19
16
11
220
23
17
21
11
220
22
21
19
11
220
17
21
24
11
220
19
15
16
11
220
24
23
2387
606
220
17
19
22
15
17
22
21
16
21
198
262
1992
8871
7
19
19
20
11
498
15
11
220
15
11
220
15
11
220
15
11
220
15
11
220
15
11
220
15
11
220
15
11
220
15
11
220
15
11
220
15
11
220
15
11
220
15
11
220
15
11
220
15
11
220
15
11
220
15
11
220
15
11
220
15
11
220
15
11
220
22
22
17
11
220
15
11
220
15
11
220
15
11
220
15
11
220
15
2387
606
220
19
19
20
198
262
1992
8871
7
20
18
15
11
498
23
16
16
11
220
20
21
24
11
220
16
19
23
11
220
18
23
19
11
220
24
20
19
11
220
24
16
18
11
220
16
16
19
11
220
18
16
20
11
220
21
23
21
11
220
18
18
19
11
220
18
23
17
11
220
18
24
17
11
220
18
17
21
11
220
23
11
220
20
20
18
11
220
24
21
17
11
220
24
20
22
11
220
23
20
15
11
220
17
18
16
11
220
21
16
11
220
16
23
20
11
220
20
23
23
11
220
18
15
20
11
220
24
23
15
11
220
20
21
19
11
220
23
24
15
2387
606
220
23
17
21
18
22
23
17
18
18
198
262
1992
8871
7
16
16
16
11
498
24
17
21
11
220
19
19
19
11
220
22
23
23
11
220
23
17
21
11
220
24
19
19
11
220
22
15
17
11
220
23
23
23
11
220
24
19
19
11
220
21
20
20
11
220
20
17
16
11
220
19
23
24
11
220
24
19
21
11
220
16
18
16
11
220
21
16
21
11
220
19
19
20
11
220
21
20
19
11
220
19
18
19
11
220
20
17
17
11
220
23
20
15
11
220
21
23
18
11
220
20
19
17
11
220
17
17
21
11
220
22
19
16
11
220
19
23
21
11
220
16
15
16
11
220
21
21
16
2387
606
220
22
18
19
16
22
22
23
21
16
198
262
1992
8871
7
20
18
17
11
498
15
60
348
220
17
21
8
606
220
15
198
262
1992
8871
7
17
19
18
11
498
21
24
19
11
220
23
20
19
11
220
17
24
22
11
220
22
20
11
220
23
18
16
11
220
24
22
19
11
220
22
17
15
11
220
23
18
22
11
220
21
24
20
11
220
23
19
20
11
220
16
20
19
11
220
21
22
18
11
220
18
15
21
11
220
23
21
20
11
220
20
17
19
11
220
24
20
17
11
220
17
18
16
11
220
18
17
24
11
220
18
20
18
11
220
18
18
16
11
220
21
24
17
11
220
17
22
11
220
19
16
18
11
220
23
16
11
220
19
18
23
11
220
21
18
2387
606
220
22
19
15
16
24
15
21
21
18
198
262
1992
8871
7
20
17
17
11
498
15
11
220
15
11
220
15
11
220
15
11
220
15
11
220
15
11
220
15
11
220
15
11
220
15
11
220
15
11
220
15
11
220
15
11
220
15
11
220
15
11
220
15
11
220
15
11
220
15
11
220
15
11
220
15
11
220
15
11
220
15
11
220
15
11
220
15
11
220
20
22
20
11
220
15
11
220
15
2387
606
220
20
17
17
198
262
1992
8871
7
17
24
16
11
498
20
19
17
11
220
20
19
17
11
220
16
18
19
11
220
24
19
11
220
22
20
16
11
220
23
24
11
220
23
24
23
11
220
22
17
24
11
220
17
16
17
11
220
24
21
19
11
220
17
24
22
11
220
23
17
18
11
220
22
17
15
11
220
17
24
22
11
220
17
23
15
11
220
24
16
22
11
220
18
18
23
11
220
16
22
21
11
220
16
23
18
11
220
24
21
20
11
220
22
19
15
11
220
20
19
16
11
220
20
20
20
11
220
18
11
220
18
16
21
11
220
17
20
21
2387
606
220
20
19
24
17
22
15
15
18
16
198
262
1992
8871
7
16
20
17
11
498
18
17
20
11
220
22
18
16
11
220
18
15
17
11
220
16
20
18
11
220
23
24
21
11
220
17
17
11
220
19
23
24
11
220
18
24
24
11
220
21
15
22
11
220
19
21
21
11
220
19
18
17
11
220
20
15
17
11
220
24
21
23
11
220
18
18
18
11
220
19
22
20
11
220
22
24
17
11
220
23
19
11
220
16
15
11
220
21
24
19
11
220
18
17
23
11
220
18
20
19
11
220
22
16
17
11
220
19
15
24
11
220
19
23
15
11
220
21
19
18
11
220
16
17
16
2387
606
220
17
17
22
19
23
21
16
22
24
198
262
1992
8871
7
23
20
23
11
498
18
20
23
11
220
17
21
21
11
220
23
15
16
11
220
24
20
11
220
18
22
19
11
220
23
15
22
11
220
20
16
11
220
23
21
23
11
220
19
22
23
11
220
23
15
24
11
220
18
15
19
11
220
22
11
220
18
15
23
11
220
24
24
17
11
220
19
24
24
11
220
21
20
15
11
220
22
15
21
11
220
18
24
24
11
220
23
17
17
11
220
21
24
23
11
220
16
20
11
220
18
23
16
11
220
17
21
22
11
220
17
23
17
11
220
17
18
22
11
220
16
16
24
2387
606
220
17
21
17
17
16
15
24
24
17
198
262
1992
8871
7
22
15
24
11
498
23
22
24
11
220
19
22
24
11
220
19
21
16
11
220
16
19
11
220
16
17
18
11
220
22
19
19
11
220
19
15
15
11
220
24
19
11
220
19
19
22
11
220
17
15
11
220
16
20
17
11
220
24
21
18
11
220
21
22
19
11
220
23
17
24
11
220
24
23
19
11
220
24
18
15
11
220
18
17
17
11
220
21
21
20
11
220
21
19
21
11
220
18
23
20
11
220
16
24
16
11
220
18
20
18
11
220
21
15
20
11
220
16
16
15
11
220
19
20
18
11
220
18
20
21
2387
606
220
24
24
24
24
24
24
24
24
24
198
262
1992
8871
7
18
20
20
11
498
21
23
11
220
19
18
16
11
220
20
23
15
11
220
22
20
22
11
220
17
16
23
11
220
24
18
19
11
220
18
17
23
11
220
21
22
21
11
220
18
20
20
11
220
17
17
16
11
220
23
15
11
220
24
17
17
11
220
20
19
20
11
220
20
16
16
11
220
21
22
11
220
19
21
22
11
220
21
22
19
11
220
21
24
16
11
220
20
15
19
11
220
23
18
20
11
220
18
19
11
220
24
21
20
11
220
24
23
15
11
220
17
17
16
11
220
23
24
20
11
220
20
15
16
2387
606
220
17
22
15
23
23
21
24
19
16
198
262
1992
8871
7
19
19
22
11
498
15
11
220
15
11
220
15
11
220
15
11
220
15
11
220
15
11
220
15
11
220
15
11
220
15
11
220
15
11
220
21
17
24
11
220
15
11
220
15
11
220
15
11
220
15
11
220
15
11
220
15
11
220
15
11
220
15
11
220
15
11
220
15
11
220
15
11
220
15
11
220
15
11
220
15
11
220
15
2387
606
220
19
19
22
198
262
1992
8871
7
21
24
23
11
498
22
21
18
11
220
20
16
20
11
220
19
16
18
11
220
19
24
20
11
220
20
17
18
11
220
20
22
16
11
220
17
15
21
11
220
18
20
22
11
220
24
15
19
11
220
18
16
15
11
220
19
16
15
11
220
23
19
19
11
220
21
16
16
11
220
19
23
19
11
220
19
16
15
11
220
20
20
24
11
220
17
21
17
11
220
18
24
19
11
220
24
19
24
11
220
16
15
22
11
220
20
19
21
11
220
22
18
22
11
220
24
23
22
11
220
24
22
24
11
220
18
15
21
11
220
21
23
20
2387
606
220
16
20
17
20
19
18
17
20
22
198
262
1992
8871
7
20
19
24
11
498
23
18
17
11
220
20
24
20
11
220
17
15
15
11
220
22
17
15
11
220
21
20
23
11
220
21
18
24
11
220
24
24
17
11
220
16
18
15
11
220
19
21
22
11
220
24
23
24
11
220
24
20
23
11
220
20
23
16
11
220
21
15
15
11
220
19
21
21
11
220
19
22
18
11
220
24
17
24
11
220
22
22
20
11
220
20
23
16
11
220
22
22
15
11
220
19
20
20
11
220
22
16
23
11
220
21
17
23
11
220
23
15
22
11
220
18
18
20
11
220
23
24
23
11
220
20
20
17
2387
606
220
18
16
19
23
18
22
24
21
24
198
71093
248046
198
248045
846
198
7525
3555
4621
4490
279
6813
13
5514
579
279
1412
25
198
22407
359
79221
67065
1904
1385
74131
17594
782
30498
7393
1401
6073
7117
24382
680
1238
220
18
15
6283
987
1206
311
40138
11
411
369
678
3274
25
4310
279
2614
709
11618
321
4479
889
11
6999
4072
279
709
7246
321
1440
660
279
6813
13
2972
5683
4045
67305
3067
13209
50
159029
271
2523
1220
14623
279
1970
488
10490
303
264
64504
1970
2424
318
784
9609
31789
318
19458
668
31153
279
3889
5568
8
248046
198
248045
74455
198
248068
271
248069
271
71093
12305
198
1445
18904
1120
1697
271
25613
283
220
24
24
23
17
19
19
18
20
18
271
727
1698
8078
32388
16247
25
514
11
351
25
1697
18078
2387
1411
514
25
198
262
4071
4356
279
1324
314
8796
29607
314
38175
6163
11592
440
2984
1881
695
262
220
16
321
710
318
94964
8
421
25705
279
2614
2876
25
364
1754
6321
318
32
28
15
11
417
28
16
11
58317
1799
28
17
20
681
198
262
279
1324
314
54133
303
279
886
369
506
1379
351
957
906
198
1031
262
3301
279
1698
57844
220
24
24
23
17
19
19
18
20
18
13
198
1031
262
17167
25
198
285
710
25
25749
2984
314
8796
310
2814
318
16
2564
710
2564
220
16
15
15
15
8
198
285
351
25
1697
314
220
17
21
24959
1332
351
957
60
369
279
6966
5252
54133
314
279
585
7324
6321
198
309
318
15
2564
351
957
60
2564
220
16
15
15
15
8
198
1031
262
5019
25
198
285
561
1324
314
2610
8796
57844
220
24
24
23
17
19
19
18
20
18
198
262
4071
198
262
653
1165
1144
310
1698
660
8796
314
2984
220
16
310
710
1680
421
364
1754
6321
585
11
198
262
653
279
1698
314
6321
585
303
279
886
369
506
1379
351
957
906
198
1031
262
653
11747
22440
5568
440
56768
22440
5568
13
198
262
653
1690
1754
6321
585
11
279
458
35131
369
25
2542
14717
73
28
15
92
46227
34
957
13587
830
61
73
593
492
0
198
262
653
561
1918
314
660
220
17
21
458
35131
82
6486
279
458
35131
364
279
4307
3377
13
198
262
653
561
34429
314
830
83193
9325
0
303
411
1918
2942
307
0
6486
279
1324
314
2610
8796
314
2984
307
13
198
1031
262
653
4807
26808
7911
10003
321
27043
7911
10003
198
262
1866
1054
283
710
478
220
16
198
262
2029
283
498
16
60
348
1866
1054
198
262
1475
46211
283
498
16
60
348
1866
1054
6987
262
364
585
303
2020
7
16
11
1866
1054
1590
198
285
2029
957
60
283
2029
957
12
16
60
348
585
984
18107
6987
262
1475
46211
36474
1054
12
16
60
283
6660
925
519
36474
1054
12
16
1089
18107
471
220
17
11
18107
8
198
262
364
585
303
2020
8474
1054
12
17
11
471
16
11
471
16
1590
198
285
1475
46211
957
60
283
1475
46211
957
10
16
60
348
318
72
10
16
8
984
18107
6987
262
653
8736
45735
35608
430
498
16
60
318
17538
4496
220
16
8
198
262
653
9569
7426
60
10551
279
34429
314
830
83193
303
279
1918
198
262
9569
283
498
15
60
348
318
42
478
220
16
8
198
262
9569
58
15
60
283
220
16
6987
262
364
585
303
2020
7
17
21
1590
198
285
413
351
957
60
606
220
15
25
198
309
653
561
7911
369
1066
220
16
11
748
9569
3070
914
2222
1076
694
3655
11
413
351
957
4678
15
11
279
6321
628
914
4833
13
198
309
653
561
458
35131
364
411
6321
369
220
16
318
3138
492
28
15
4496
553
56727
6501
539
220
16
3070
914
2222
3977
13
198
309
653
1921
3404
11
413
660
11592
599
351
957
4678
15
11
1179
874
8796
314
2984
2518
220
16
513
2610
13
198
309
653
9569
58
15
4678
16
10551
279
4147
886
13
1165
1459
914
1698
424
506
279
809
13
198
309
2962
8675
285
653
72592
364
6321
585
25
2542
14717
73
28
15
92
46227
1030
2929
957
1089
710
8866
830
61
73
593
492
0
198
285
653
1165
1144
310
5508
3815
9569
440
411
45735
13
198
285
3798
283
1262
2929
957
1089
710
8
198
285
491
34938
283
498
15
60
348
318
42
478
220
16
8
198
1726
285
653
1690
1754
1428
8122
307
303
9569
11
321
1754
492
494
220
15
310
3798
11
198
285
653
884
9569
7426
60
348
1475
46211
3681
60
310
491
34938
7426
27794
60
198
285
364
307
303
2020
16247
478
220
16
1590
198
309
413
9569
7426
60
606
220
15
25
198
388
2962
198
309
364
492
303
2020
50508
478
220
16
1590
198
388
413
307
478
492
2564
710
25
198
493
491
34938
7426
478
492
60
283
318
902
34938
7426
478
492
60
478
9569
7426
60
348
1475
46211
3681
2387
984
18107
8675
285
9569
283
491
34938
6987
262
653
4543
9569
7426
60
369
279
34429
314
830
83193
303
279
1918
314
458
35131
82
13
198
262
653
561
1324
314
2610
8796
314
2984
307
369
307
0
348
9569
7426
906
198
1031
262
2702
283
220
15
198
262
364
307
303
2020
7
16
11
710
478
220
16
1590
198
285
1698
283
2029
7426
60
348
9569
7426
60
984
18107
198
285
2702
283
318
4873
478
1698
8
984
18107
6987
262
460
2702
1358
727
1716
69574
1590
198
262
653
18564
1228
4886
198
262
1992
8871
7
17
11
498
17
11
220
16
11
220
16
11
220
15
11
220
15
11
220
15
11
220
15
11
220
15
11
220
15
11
220
15
11
220
15
11
220
15
11
220
15
11
220
15
11
220
15
11
220
15
11
220
15
11
220
15
11
220
15
11
220
15
11
220
15
11
220
15
11
220
15
11
220
15
11
220
15
11
220
15
2387
606
220
16
15
198
262
1992
8871
7
18
20
23
11
498
16
11
220
15
11
220
16
11
220
15
11
220
16
11
220
15
11
220
16
11
220
15
11
220
15
11
220
15
11
220
15
11
220
15
11
220
15
11
220
15
11
220
15
11
220
15
11
220
15
11
220
15
11
220
15
11
220
15
11
220
15
11
220
15
11
220
15
11
220
15
11
220
15
11
220
15
2387
606
220
21
19
198
262
1992
8871
7
16
15
15
15
11
498
16
15
15
15
60
348
220
17
21
8
606
220
17
22
15
17
22
19
15
18
20
6987
262
653
22484
1228
4886
198
262
1992
8871
7
22
15
24
11
498
23
22
24
11
220
19
22
24
11
220
19
21
16
11
220
16
19
11
220
16
17
18
11
220
22
19
19
11
220
19
15
15
11
220
24
19
11
220
19
19
22
11
220
17
15
11
220
16
20
17
11
220
24
21
18
11
220
21
22
19
11
220
23
17
24
11
220
24
23
19
11
220
24
18
15
11
220
18
17
17
11
220
21
21
20
11
220
21
19
21
11
220
18
23
20
11
220
16
24
16
11
220
18
20
18
11
220
21
15
20
11
220
16
16
15
11
220
19
20
18
11
220
18
20
21
2387
606
220
16
16
22
16
21
24
23
20
17
198
262
1992
8871
7
24
20
16
11
498
19
24
17
11
220
19
17
15
11
220
16
24
22
11
220
21
15
22
11
220
24
17
20
11
220
16
21
22
11
220
22
16
22
11
220
19
18
23
11
220
17
15
15
11
220
24
23
21
11
220
16
15
19
11
220
19
23
18
11
220
21
17
15
11
220
23
15
21
11
220
23
23
16
11
220
23
20
23
11
220
20
20
24
11
220
20
20
18
11
220
20
15
17
11
220
20
20
19
11
220
24
21
17
11
220
18
17
20
11
220
19
18
20
11
220
17
22
24
11
220
19
21
19
11
220
18
17
22
2387
606
220
17
15
15
15
16
20
20
17
21
198
262
1992
8871
7
16
18
11
498
21
16
16
11
220
24
22
19
11
220
24
18
16
11
220
17
19
11
220
21
15
24
11
220
16
22
21
11
220
18
15
19
11
220
16
20
16
11
220
16
24
24
11
220
23
22
21
11
220
23
17
20
11
220
23
24
18
11
220
24
18
24
11
220
22
18
22
11
220
18
22
19
11
220
18
17
18
11
220
23
19
21
11
220
23
16
24
11
220
16
20
19
11
220
16
20
22
11
220
23
16
19
11
220
18
19
18
11
220
23
23
21
11
220
16
24
22
11
220
16
15
15
11
220
23
20
21
2387
606
220
19
16
21
16
19
20
21
16
18
198
262
1992
8871
7
17
15
17
11
498
22
22
20
11
220
18
17
20
11
220
24
23
17
11
220
22
23
19
11
220
19
16
22
11
220
16
20
21
11
220
24
18
17
11
220
24
15
17
11
220
22
17
23
11
220
20
18
22
11
220
23
20
22
11
220
22
18
24
11
220
24
16
23
11
220
17
16
16
11
220
21
22
24
11
220
20
15
21
11
220
18
19
15
11
220
20
21
23
11
220
23
21
23
11
220
16
21
11
220
24
19
15
11
220
17
21
18
11
220
20
24
18
11
220
19
19
24
11
220
24
24
16
11
220
18
16
15
2387
606
220
24
21
22
15
19
16
20
16
19
198
262
1992
8871
7
20
17
11
498
22
19
22
11
220
24
19
18
11
220
22
19
15
11
220
20
24
18
11
220
19
21
24
11
220
18
22
15
11
220
20
16
21
11
220
19
19
18
11
220
22
11
220
20
17
20
11
220
17
24
24
11
220
19
16
17
11
220
16
21
18
11
220
21
24
24
11
220
20
22
16
11
220
24
22
21
11
220
19
20
20
11
220
17
16
22
11
220
20
24
15
11
220
18
19
18
11
220
19
17
22
11
220
17
17
15
11
220
18
19
17
11
220
20
23
19
11
220
17
18
24
11
220
19
24
21
2387
606
220
17
21
22
18
18
24
16
18
17
198
262
1992
8871
7
23
22
20
11
498
21
15
16
11
220
17
20
23
11
220
19
19
24
11
220
18
22
22
11
220
19
15
11
220
19
17
23
11
220
17
18
23
11
220
19
20
20
11
220
20
16
22
11
220
21
20
18
11
220
19
18
18
11
220
22
21
23
11
220
24
20
22
11
220
18
15
22
11
220
19
20
21
11
220
23
22
23
11
220
24
22
22
11
220
18
21
23
11
220
24
24
24
11
220
23
23
17
11
220
20
19
16
11
220
23
17
21
11
220
22
21
19
11
220
17
21
24
11
220
19
15
16
11
220
24
23
2387
606
220
17
19
22
15
17
22
21
16
21
198
262
1992
8871
7
19
19
20
11
498
15
11
220
15
11
220
15
11
220
15
11
220
15
11
220
15
11
220
15
11
220
15
11
220
15
11
220
15
11
220
15
11
220
15
11
220
15
11
220
15
11
220
15
11
220
15
11
220
15
11
220
15
11
220
15
11
220
15
11
220
22
22
17
11
220
15
11
220
15
11
220
15
11
220
15
11
220
15
2387
606
220
19
19
20
198
262
1992
8871
7
20
18
15
11
498
23
16
16
11
220
20
21
24
11
220
16
19
23
11
220
18
23
19
11
220
24
20
19
11
220
24
16
18
11
220
16
16
19
11
220
18
16
20
11
220
21
23
21
11
220
18
18
19
11
220
18
23
17
11
220
18
24
17
11
220
18
17
21
11
220
23
11
220
20
20
18
11
220
24
21
17
11
220
24
20
22
11
220
23
20
15
11
220
17
18
16
11
220
21
16
11
220
16
23
20
11
220
20
23
23
11
220
18
15
20
11
220
24
23
15
11
220
20
21
19
11
220
23
24
15
2387
606
220
23
17
21
18
22
23
17
18
18
198
262
1992
8871
7
16
16
16
11
498
24
17
21
11
220
19
19
19
11
220
22
23
23
11
220
23
17
21
11
220
24
19
19
11
220
22
15
17
11
220
23
23
23
11
220
24
19
19
11
220
21
20
20
11
220
20
17
16
11
220
19
23
24
11
220
24
19
21
11
220
16
18
16
11
220
21
16
21
11
220
19
19
20
11
220
21
20
19
11
220
19
18
19
11
220
20
17
17
11
220
23
20
15
11
220
21
23
18
11
220
20
19
17
11
220
17
17
21
11
220
22
19
16
11
220
19
23
21
11
220
16
15
16
11
220
21
21
16
2387
606
220
22
18
19
16
22
22
23
21
16
198
262
1992
8871
7
20
18
17
11
498
15
60
348
220
17
21
8
606
220
15
198
262
1992
8871
7
17
19
18
11
498
21
24
19
11
220
23
20
19
11
220
17
24
22
11
220
22
20
11
220
23
18
16
11
220
24
22
19
11
220
22
17
15
11
220
23
18
22
11
220
21
24
20
11
220
23
19
20
11
220
16
20
19
11
220
21
22
18
11
220
18
15
21
11
220
23
21
20
11
220
20
17
19
11
220
24
20
17
11
220
17
18
16
11
220
18
17
24
11
220
18
20
18
11
220
18
18
16
11
220
21
24
17
11
220
17
22
11
220
19
16
18
11
220
23
16
11
220
19
18
23
11
220
21
18
2387
606
220
22
19
15
16
24
15
21
21
18
198
262
1992
8871
7
20
17
17
11
498
15
11
220
15
11
220
15
11
220
15
11
220
15
11
220
15
11
220
15
11
220
15
11
220
15
11
220
15
11
220
15
11
220
15
11
220
15
11
220
15
11
220
15
11
220
15
11
220
15
11
220
15
11
220
15
11
220
15
11
220
15
11
220
15
11
220
15
11
220
20
22
20
11
220
15
11
220
15
2387
606
220
20
17
17
198
262
1992
8871
7
17
24
16
11
498
20
19
17
11
220
20
19
17
11
220
16
18
19
11
220
24
19
11
220
22
20
16
11
220
23
24
11
220
23
24
23
11
220
22
17
24
11
220
17
16
17
11
220
24
21
19
11
220
17
24
22
11
220
23
17
18
11
220
22
17
15
11
220
17
24
22
11
220
17
23
15
11
220
24
16
22
11
220
18
18
23
11
220
16
22
21
11
220
16
23
18
11
220
24
21
20
11
220
22
19
15
11
220
20
19
16
11
220
20
20
20
11
220
18
11
220
18
16
21
11
220
17
20
21
2387
606
220
20
19
24
17
22
15
15
18
16
198
262
1992
8871
7
16
20
17
11
498
18
17
20
11
220
22
18
16
11
220
18
15
17
11
220
16
20
18
11
220
23
24
21
11
220
17
17
11
220
19
23
24
11
220
18
24
24
11
220
21
15
22
11
220
19
21
21
11
220
19
18
17
11
220
20
15
17
11
220
24
21
23
11
220
18
18
18
11
220
19
22
20
11
220
22
24
17
11
220
23
19
11
220
16
15
11
220
21
24
19
11
220
18
17
23
11
220
18
20
19
11
220
22
16
17
11
220
19
15
24
11
220
19
23
15
11
220
21
19
18
11
220
16
17
16
2387
606
220
17
17
22
19
23
21
16
22
24
198
262
1992
8871
7
23
20
23
11
498
18
20
23
11
220
17
21
21
11
220
23
15
16
11
220
24
20
11
220
18
22
19
11
220
23
15
22
11
220
20
16
11
220
23
21
23
11
220
19
22
23
11
220
23
15
24
11
220
18
15
19
11
220
22
11
220
18
15
23
11
220
24
24
17
11
220
19
24
24
11
220
21
20
15
11
220
22
15
21
11
220
18
24
24
11
220
23
17
17
11
220
21
24
23
11
220
16
20
11
220
18
23
16
11
220
17
21
22
11
220
17
23
17
11
220
17
18
22
11
220
16
16
24
2387
606
220
17
21
17
17
16
15
24
24
17
198
262
1992
8871
7
22
15
24
11
498
23
22
24
11
220
19
22
24
11
220
19
21
16
11
220
16
19
11
220
16
17
18
11
220
22
19
19
11
220
19
15
15
11
220
24
19
11
220
19
19
22
11
220
17
15
11
220
16
20
17
11
220
24
21
18
11
220
21
22
19
11
220
23
17
24
11
220
24
23
19
11
220
24
18
15
11
220
18
17
17
11
220
21
21
20
11
220
21
19
21
11
220
18
23
20
11
220
16
24
16
11
220
18
20
18
11
220
21
15
20
11
220
16
16
15
11
220
19
20
18
11
220
18
20
21
2387
606
220
24
24
24
24
24
24
24
24
24
198
262
1992
8871
7
18
20
20
11
498
21
23
11
220
19
18
16
11
220
20
23
15
11
220
22
20
22
11
220
17
16
23
11
220
24
18
19
11
220
18
17
23
11
220
21
22
21
11
220
18
20
20
11
220
17
17
16
11
220
23
15
11
220
24
17
17
11
220
20
19
20
11
220
20
16
16
11
220
21
22
11
220
19
21
22
11
220
21
22
19
11
220
21
24
16
11
220
20
15
19
11
220
23
18
20
11
220
18
19
11
220
24
21
20
11
220
24
23
15
11
220
17
17
16
11
220
23
24
20
11
220
20
15
16
2387
606
220
17
22
15
23
23
21
24
19
16
198
262
1992
8871
7
19
19
22
11
498
15
11
220
15
11
220
15
11
220
15
11
220
15
11
220
15
11
220
15
11
220
15
11
220
15
11
220
15
11
220
21
17
24
11
220
15
11
220
15
11
220
15
11
220
15
11
220
15
11
220
15
11
220
15
11
220
15
11
220
15
11
220
15
11
220
15
11
220
15
11
220
15
11
220
15
11
220
15
2387
606
220
19
19
22
198
262
1992
8871
7
21
24
23
11
498
22
21
18
11
220
20
16
20
11
220
19
16
18
11
220
19
24
20
11
220
20
17
18
11
220
20
22
16
11
220
17
15
21
11
220
18
20
22
11
220
24
15
19
11
220
18
16
15
11
220
19
16
15
11
220
23
19
19
11
220
21
16
16
11
220
19
23
19
11
220
19
16
15
11
220
20
20
24
11
220
17
21
17
11
220
18
24
19
11
220
24
19
24
11
220
16
15
22
11
220
20
19
21
11
220
22
18
22
11
220
24
23
22
11
220
24
22
24
11
220
18
15
21
11
220
21
23
20
2387
606
220
16
20
17
20
19
18
17
20
22
198
262
1992
8871
7
20
19
24
11
498
23
18
17
11
220
20
24
20
11
220
17
15
15
11
220
22
17
15
11
220
21
20
23
11
220
21
18
24
11
220
24
24
17
11
220
16
18
15
11
220
19
21
22
11
220
24
23
24
11
220
24
20
23
11
220
20
23
16
11
220
21
15
15
11
220
19
21
21
11
220
19
22
18
11
220
24
17
24
11
220
22
22
20
11
220
20
23
16
11
220
22
22
15
11
220
19
20
20
11
220
22
16
23
11
220
21
17
23
11
220
23
15
22
11
220
18
18
20
11
220
23
24
23
11
220
20
20
17
2387
606
220
18
16
19
23
18
22
24
21
24
198
71093
248046
198