248045
846
198
4274
279
2614
709
11618
321
4479
889
11
6999
4072
279
709
7246
321
1440
660
279
6813
13
2972
5683
4045
67305
3067
13209
50
159029
271
2523
1220
14623
279
1970
488
10490
303
264
64504
1970
2424
318
784
9609
31789
318
19458
668
31153
279
3889
5568
8
271
71093
198
1445
18904
1120
1697
11
11906
11
23846
1358
727
1423
3430
3650
9858
1393
25
514
11
830
25
514
11
264
25
1697
18078
2387
1411
11906
19723
5871
18078
11
514
11
514
4891
25
198
262
4071
15767
449
7308
8240
357
321
449
7308
1543
11
1423
799
22983
314
14505
318
72
11
492
11
580
8
198
262
1680
421
25
198
262
471
220
16
2564
585
361
492
361
580
2564
307
198
262
471
357
957
12
16
60
478
357
3681
12
16
60
478
357
6521
12
16
60
283
830
6987
262
6817
25
561
14505
5743
513
220
16
5792
318
85978
279
3377
4952
553
198
1031
262
17167
25
198
285
307
25
561
2984
314
279
8240
318
18
2564
307
2564
220
16
15
61
21
8
198
285
830
25
561
2100
2542
318
16
2564
830
2564
220
16
15
61
21
8
198
285
264
25
561
7308
8240
1332
1754
2315
65611
220
16
2564
264
957
60
2564
830
6987
262
5019
25
198
285
357
13992
318
72
11
492
11
580
8
314
220
16
5792
14505
413
1680
264
22983
6513
11
2168
5752
13
198
1031
262
11765
1423
3430
3650
9858
7
20
11
220
16
21
11
498
16
11
220
23
11
220
20
11
220
16
15
11
220
16
18
2387
198
262
318
16
11
220
18
11
220
19
8
198
262
11765
1423
3430
3650
9858
7
20
11
220
17
15
11
498
16
11
220
23
11
220
20
11
220
16
15
11
220
16
18
2387
198
262
2168
198
262
11765
1423
3430
3650
9858
7
18
11
220
21
11
498
17
11
220
17
11
220
17
2387
198
262
318
16
11
220
17
11
220
18
8
198
262
4071
271
727
1716
69574
1590
198
262
653
3284
1105
220
16
198
262
1992
8871
7
20
11
220
16
21
11
498
16
11
220
23
11
220
20
11
220
16
15
11
220
16
18
2387
606
318
16
11
220
18
11
220
19
8
198
1031
262
653
3284
1105
220
17
198
262
1992
8871
7
20
11
220
17
15
11
498
16
11
220
23
11
220
20
11
220
16
15
11
220
16
18
2387
369
2168
6987
262
653
3284
1105
220
18
198
262
1992
8871
7
16
15
11
220
16
15
15
15
15
15
11
498
22
18
22
21
21
11
220
19
22
22
16
23
11
220
22
19
16
19
23
11
220
19
24
17
16
23
11
220
22
21
22
17
16
11
220
18
16
24
15
17
11
220
17
16
24
24
19
11
220
16
23
23
23
15
11
220
17
24
20
24
23
11
220
24
23
24
16
22
2387
606
318
19
11
220
21
11
220
23
8
198
1031
262
653
3284
1105
220
19
198
262
1992
8871
7
16
15
11
220
19
23
11
498
16
16
11
220
17
23
11
220
16
21
11
220
21
11
220
18
19
11
220
16
11
220
19
21
11
220
16
11
220
16
20
11
220
17
2387
606
318
21
11
220
22
11
220
23
8
198
1031
262
653
3284
1105
220
20
198
262
1992
8871
7
18
11
220
20
11
498
16
11
220
17
11
220
18
2387
369
2168
6987
262
653
3284
1105
220
21
198
262
1992
8871
7
20
11
220
16
17
11
498
16
16
11
220
16
16
11
220
16
15
11
220
16
17
11
220
16
16
2387
369
2168
6987
262
653
3284
1105
220
22
198
262
1992
8871
7
22
11
220
19
11
498
17
11
220
18
11
220
19
11
220
17
11
220
17
11
220
17
11
220
19
2387
369
2168
6987
262
653
3284
1105
220
23
198
262
1992
8871
7
18
11
220
21
11
498
17
11
220
17
11
220
17
2387
606
318
16
11
220
17
11
220
18
8
198
1031
262
653
3284
1105
220
24
198
262
1992
8871
7
22
11
220
21
11
498
16
11
220
17
11
220
18
11
220
19
11
220
19
11
220
19
11
220
19
2387
606
318
16
11
220
17
11
220
18
8
198
1031
262
653
3284
1105
220
16
15
198
262
1992
8871
7
20
11
220
17
11
498
17
11
220
17
11
220
17
11
220
17
11
220
17
2387
369
2168
6987
262
1992
8871
7
20
11
220
16
21
11
498
16
11
220
23
11
220
20
11
220
16
15
11
220
16
18
2387
369
2168
6987
262
653
3284
1105
220
16
16
198
262
1992
8871
7
21
11
220
18
11
498
16
11
220
16
11
220
16
11
220
16
11
220
16
11
220
16
2387
606
318
16
11
220
17
11
220
18
8
198
1031
262
653
3284
1105
220
16
17
198
262
1067
283
8871
7
16
15
11
220
17
16
11
498
17
16
11
220
16
24
11
220
17
15
11
220
16
24
11
220
17
15
11
220
17
16
11
220
16
24
11
220
17
16
11
220
16
24
11
220
16
24
2387
198
262
1992
1067
369
2168
6987
262
653
3284
1105
220
16
18
198
262
1992
8871
7
18
11
220
16
18
11
498
16
17
11
220
16
16
11
220
16
17
2387
369
2168
6987
262
653
3284
1105
220
16
19
198
262
1992
8871
7
20
11
220
17
16
11
498
16
20
11
220
16
11
220
16
24
11
220
16
19
11
220
16
2387
606
318
17
11
220
18
11
220
20
8
198
1031
262
653
3284
1105
220
16
20
198
262
1992
8871
7
21
11
220
18
17
11
498
16
11
220
16
22
11
220
16
11
220
18
15
11
220
16
17
11
220
16
15
2387
606
318
16
11
220
18
11
220
19
8
198
1031
262
653
3284
1105
220
16
21
198
262
1992
8871
7
18
11
220
19
19
11
498
16
11
220
16
11
220
19
17
2387
606
318
16
11
220
17
11
220
18
8
198
1031
262
653
3284
1105
220
16
22
198
262
1992
8871
7
20
11
220
17
24
11
498
17
11
220
16
11
220
17
22
11
220
16
11
220
17
20
2387
606
318
17
11
220
18
11
220
19
8
198
1031
262
653
3284
1105
220
16
23
198
262
1992
8871
7
23
11
220
16
20
11
498
16
18
11
220
16
17
11
220
16
15
11
220
16
16
11
220
16
19
11
220
16
11
220
16
11
220
16
18
2387
606
318
16
11
220
21
11
220
22
8
198
1031
262
653
3284
1105
220
16
24
198
262
1992
8871
7
22
11
220
19
11
498
18
11
220
16
11
220
17
11
220
19
11
220
17
11
220
16
11
220
16
2387
606
318
17
11
220
18
11
220
21
8
198
1031
262
653
3284
1105
220
17
15
198
262
1992
8871
7
22
11
220
16
21
11
498
16
20
11
220
16
21
11
220
16
21
11
220
16
20
11
220
16
21
11
220
16
19
11
220
16
20
2387
369
2168
271
2
5272
1716
32821
3430
3650
9858
8
310
1542
6813
13
198
71093
248046
198
248045
74455
198
71093
12305
198
1445
18904
1120
1697
11
11906
11
23846
198
464
14410
431
1358
727
1423
3430
3650
9858
1393
25
514
11
830
25
514
11
264
25
1697
18078
2387
1411
11906
19723
5871
18078
11
514
11
514
4891
25
198
262
4071
15767
449
7308
8240
357
321
449
7308
1543
11
1423
799
22983
314
14505
318
72
11
492
11
580
8
198
262
1680
421
25
198
262
471
220
16
2564
585
361
492
361
580
2564
307
198
262
471
357
957
12
16
60
478
357
3681
12
16
60
478
357
6521
12
16
60
283
830
6987
262
6817
25
561
14505
5743
513
220
16
5792
318
85978
279
3377
4952
553
198
1031
262
17167
25
198
285
307
25
561
2984
314
279
8240
318
18
2564
307
2564
220
16
15
61
21
8
198
285
830
25
561
2100
2542
318
16
2564
830
2564
220
16
15
61
21
8
198
285
264
25
561
7308
8240
1332
1754
2315
65611
220
16
2564
264
957
60
2564
830
6987
262
5019
25
198
285
357
13992
318
72
11
492
11
580
8
314
220
16
5792
14505
413
1680
264
22983
6513
11
2168
5752
13
198
1031
262
11765
1423
3430
3650
9858
7
20
11
220
16
21
11
498
16
11
220
23
11
220
20
11
220
16
15
11
220
16
18
2387
198
262
318
16
11
220
18
11
220
19
8
198
262
11765
1423
3430
3650
9858
7
20
11
220
17
15
11
498
16
11
220
23
11
220
20
11
220
16
15
11
220
16
18
2387
198
262
2168
198
262
11765
1423
3430
3650
9858
7
18
11
220
21
11
498
17
11
220
17
11
220
17
2387
198
262
318
16
11
220
17
11
220
18
8
198
262
4071
198
262
653
1165
1144
310
1423
585
361
492
361
580
318
16
5792
8
1680
421
264
957
12
16
60
478
264
3681
12
16
60
478
264
6521
12
16
60
283
830
198
262
653
6943
310
220
15
5792
25
585
15
361
492
15
361
580
15
1680
421
264
957
15
60
478
264
3681
15
60
478
264
6521
15
60
283
830
6987
262
653
1690
1754
6505
318
72
11
492
8
440
585
361
492
11
567
1144
264
6521
60
283
830
471
264
957
60
471
264
3681
60
440
580
835
492
198
262
653
8439
307
628
381
685
310
220
16
15
61
21
11
567
1144
449
10727
5313
13
198
262
653
496
1393
61
17
8
2493
381
2166
6103
364
307
283
220
16
15
61
21
13
198
1031
262
653
4213
11
279
16484
1910
220
16
2564
264
957
60
2564
830
321
830
2564
220
16
15
61
21
13
198
262
653
6558
579
1683
883
411
20648
13
198
1031
262
653
3648
5313
25
364
1754
492
11
567
1318
310
1423
585
361
492
321
580
835
492
1680
421
264
957
60
478
264
6521
60
283
830
471
264
3681
60
198
262
653
1165
628
10000
264
11304
2336
314
5255
310
279
2047
314
492
11
321
2624
310
279
1245
13
198
1031
262
653
1921
1442
496
1393
8
791
492
1000
381
496
1393
61
17
553
1165
1144
2414
2577
13
198
1031
262
653
39752
25
958
264
5010
2336
5313
1332
567
28662
1472
3102
13139
777
26802
391
13
198
1031
262
653
6558
579
1380
25
364
1754
580
11
1353
364
585
361
492
361
580
440
264
957
60
478
264
3681
60
283
830
471
264
6521
60
198
262
653
1165
628
10000
264
716
314
13139
466
958
264
11304
5313
13
198
1031
262
653
32645
11
1042
579
1683
883
424
20648
13
1690
1754
492
11
567
1318
310
1423
413
1017
6513
198
262
653
264
869
343
1680
421
343
7701
303
264
58
15
486
73
12
16
60
321
318
87
471
264
3681
60
471
343
8
7701
303
264
3681
10
16
486
77
12
16
906
198
1031
262
653
1165
628
829
26808
264
19900
11304
2336
321
1179
28662
492
494
220
16
310
307
12
17
11
198
262
653
19720
264
8978
11304
2336
13
198
1031
262
653
1061
369
496
1393
8
854
321
496
1393
8
3433
11
864
1220
944
364
307
685
310
220
16
15
61
21
13
198
1031
262
413
307
361
220
18
25
198
285
460
2168
6987
262
653
7606
19900
11304
2336
364
660
5255
198
262
494
14856
1120
41489
198
262
19900
3079
283
41489
1494
8
198
262
364
1009
303
264
25
198
285
19900
3079
66134
60
1373
220
16
6987
262
8978
3079
283
41489
1494
8
198
1031
262
653
10466
264
58
15
60
321
264
58
16
60
494
19900
430
567
3172
1817
492
5732
494
1857
220
16
318
15
5792
8
198
262
653
32645
11
1042
579
28662
492
494
220
16
310
307
12
17
318
15
5792
14505
8
198
262
653
1690
492
28
16
11
8978
682
264
58
15
1089
19900
682
264
58
17
486
77
12
16
60
198
1031
262
653
8736
25
492
28
16
318
15
5792
681
8978
682
264
58
15
1089
19900
682
264
58
17
486
77
12
16
60
198
262
653
10466
264
58
15
60
494
19900
318
275
579
303
8978
1381
1076
3655
11
19900
1220
524
2830
14505
2564
492
8
198
1031
262
653
6558
728
311
7324
741
13
1690
1754
492
318
15
5792
11
494
220
16
310
307
12
17
1590
198
262
653
471
8978
3079
5435
32655
314
264
58
15
1089
264
58
16
1089
58317
264
3681
12
16
60
198
262
653
471
19900
3079
5435
32655
314
264
3681
10
16
1089
264
3681
10
17
1089
58317
264
7426
12
16
60
198
1031
262
653
56578
11
492
28
16
25
198
262
653
471
8978
3079
283
313
64
58
15
5491
220
16
92
198
262
653
471
19900
3079
283
313
64
58
17
5491
58317
264
7426
12
16
5491
2423
92
198
1031
262
653
1987
567
1151
440
19900
3079
1602
660
5255
11
1179
3921
264
58
15
60
321
264
58
16
60
494
19900
198
262
653
1518
8427
492
28
16
13
198
1031
262
653
10466
264
58
15
60
494
19900
198
262
19900
3079
15027
58
15
4891
5794
220
16
198
262
413
19900
3079
15027
58
15
4891
606
220
15
25
198
285
1538
19900
3079
15027
58
15
4891
198
1031
262
653
10466
264
58
16
60
494
19900
318
73
8211
506
220
16
11
748
264
58
16
60
369
279
1428
492
11
524
303
8978
466
19900
8
198
262
19900
3079
15027
58
16
4891
5794
220
16
198
262
413
19900
3079
15027
58
16
4891
606
220
15
25
198
285
1538
19900
3079
15027
58
16
4891
198
1031
262
8978
3079
15027
58
15
4891
283
220
16
6987
262
653
4543
28662
492
494
220
16
310
307
12
17
198
262
364
492
303
2020
7
16
11
307
471
220
16
1590
198
285
2100
283
830
471
264
3681
60
198
1726
285
653
1165
1144
310
1423
264
869
343
303
8978
1680
421
318
5480
471
343
8
369
303
19900
198
285
364
343
11
12813
303
8978
3079
9328
4406
198
309
4221
283
2100
471
343
198
309
413
4221
303
19900
3079
321
19900
3079
58
39470
60
835
220
15
25
198
388
653
11962
264
2610
6505
0
198
388
653
1165
1144
310
460
279
220
16
5792
14505
13
1165
1144
799
1857
585
361
492
318
15
5792
8
1332
264
957
60
283
343
198
388
653
321
799
1857
580
835
492
318
15
5792
8
1332
264
6521
60
283
4221
13
198
388
653
8439
8978
3079
13518
660
14505
361
492
11
567
1066
1144
866
585
361
492
440
264
957
60
283
343
198
388
653
321
866
580
835
492
440
264
6521
60
283
4221
13
198
6159
388
653
7145
1680
585
25
8307
494
220
15
310
492
12
16
198
388
364
585
303
2020
3216
1590
198
493
413
264
957
60
606
343
25
198
646
653
7145
1680
580
25
8307
494
492
10
16
310
307
12
16
198
646
364
580
303
2020
3216
478
220
16
11
307
1590
198
967
413
264
6521
60
606
4221
25
198
1335
653
3301
220
16
5792
14505
198
1335
460
318
72
478
220
16
11
492
478
220
16
11
580
478
220
16
8
198
1726
285
653
14142
264
3681
60
310
8978
321
3921
494
19900
364
1727
18971
198
285
653
2604
264
3681
60
310
8978
198
285
8978
3079
15027
3681
4891
283
8978
3079
652
2784
3681
1089
220
15
8
478
220
16
8675
285
653
1368
492
10
16
361
307
11
3921
264
3681
10
16
60
494
19900
364
279
1727
18971
318
2777
492
8772
492
10
16
8
198
285
413
492
478
220
16
361
307
471
220
16
25
198
309
19900
3079
15027
3681
478
220
16
4891
5794
220
16
198
309
413
19900
3079
15027
3681
478
220
16
4891
606
220
15
25
198
388
1538
19900
3079
15027
3681
478
220
16
4891
198
1031
262
460
2168
198
71093
248046
198
248045
846
198
7525
3555
4621
4490
279
6813
13
5514
579
279
1412
25
198
6347
1371
318
3444
3110
1562
1483
1590
198
220
2793
34397
68
17
75
4746
15
22
69
7146
6971
487
1500
220
17
17
17
11
303
361
4211
29
198
262
1716
32821
3430
3650
9858
8
198
220
2793
34397
68
17
75
4746
15
22
69
7146
6971
487
1500
220
20
24
11
303
1716
198
262
1992
8871
7
20
11
220
16
21
11
498
16
11
220
23
11
220
20
11
220
16
15
11
220
16
18
2387
369
2168
198
1779
6108
59641
59641
59641
59641
59641
59641
59641
59641
59641
59641
21203
198
66317
1401
14200
1206
311
40138
11
411
369
678
3274
25
4310
279
2614
709
11618
321
4479
889
11
6999
4072
279
709
7246
321
1440
660
279
6813
13
2972
5683
4045
67305
3067
13209
50
159029
271
2523
1220
14623
279
1970
488
10490
303
264
64504
1970
2424
318
784
9609
31789
318
19458
668
31153
279
3889
5568
8
248046
198
248045
74455
198
248068
271
248069
271
71093
12305
198
1445
18904
1120
1697
11
11906
11
23846
198
1445
14856
1120
41489
1358
727
1423
3430
3650
9858
1393
25
514
11
830
25
514
11
264
25
1697
18078
2387
1411
11906
19723
5871
18078
11
514
11
514
4891
25
198
262
4071
15767
449
7308
8240
357
321
449
7308
1543
11
1423
799
22983
314
14505
318
72
11
492
11
580
8
198
262
1680
421
25
198
262
471
220
16
2564
585
361
492
361
580
2564
307
198
262
471
357
957
12
16
60
478
357
3681
12
16
60
478
357
6521
12
16
60
283
830
6987
262
6817
25
561
14505
5743
513
220
16
5792
318
85978
279
3377
4952
553
198
1031
262
17167
25
198
285
307
25
561
2984
314
279
8240
318
18
2564
307
2564
220
16
15
61
21
8
198
285
830
25
561
2100
2542
318
16
2564
830
2564
220
16
15
61
21
8
198
285
264
25
561
7308
8240
1332
1754
2315
65611
220
16
2564
264
957
60
2564
830
6987
262
5019
25
198
285
357
13992
318
72
11
492
11
580
8
314
220
16
5792
14505
413
1680
264
22983
6513
11
2168
5752
13
198
1031
262
11765
1423
3430
3650
9858
7
20
11
220
16
21
11
498
16
11
220
23
11
220
20
11
220
16
15
11
220
16
18
2387
198
262
318
16
11
220
18
11
220
19
8
198
262
11765
1423
3430
3650
9858
7
20
11
220
17
15
11
498
16
11
220
23
11
220
20
11
220
16
15
11
220
16
18
2387
198
262
2168
198
262
11765
1423
3430
3650
9858
7
18
11
220
21
11
498
17
11
220
17
11
220
17
2387
198
262
318
16
11
220
17
11
220
18
8
198
262
4071
198
262
413
307
361
220
18
25
198
285
460
2168
6987
262
653
7606
264
10675
12366
1754
869
310
264
1103
314
14505
318
15
5792
8
1332
424
7701
198
262
1009
2270
17788
283
41489
7080
8
198
262
364
6961
11
1009
303
12867
2784
1590
198
285
1009
2270
17788
66134
906
4928
19175
8
198
1031
262
653
1690
1754
492
494
220
16
310
307
12
17
318
15
5792
681
567
1318
310
1423
585
361
492
321
580
835
492
198
262
653
1680
421
264
957
60
478
264
6521
60
283
830
471
264
3681
60
198
262
653
1165
28662
492
11
321
364
1754
492
11
567
1716
660
3102
13139
318
72
11
580
553
198
262
653
1921
421
1362
381
496
1393
61
17
8
303
279
11447
1105
13
198
1031
262
653
39752
5313
25
1690
1754
492
11
567
1144
310
1423
413
1017
6513
264
869
343
16
198
262
653
1680
421
343
16
369
303
264
58
15
486
73
12
16
60
321
318
87
471
264
3681
60
471
343
16
8
369
303
264
3681
10
16
486
77
12
16
906
198
262
653
1165
628
10000
264
716
314
2663
3753
748
2944
318
11510
2663
8
321
264
19900
5759
13
198
1031
262
653
6558
579
958
264
2086
5313
25
28662
888
660
3102
13139
318
72
11
580
8
440
585
361
580
11
198
262
653
321
1716
413
1017
6513
264
492
440
585
361
492
361
580
1680
421
264
3681
60
283
830
471
264
957
60
471
264
6521
906
198
262
653
1061
369
1990
13188
496
1393
61
17
553
198
1031
262
653
15767
279
16484
318
77
685
310
220
16
15
61
21
681
567
1144
449
10727
6093
13
198
262
653
6558
579
1683
1495
1076
198
1031
262
653
32645
11
364
1754
492
11
567
628
1716
413
1017
579
264
2610
6505
539
3221
685
2663
13
198
262
653
83392
8978
716
321
19900
11304
2336
13
198
1031
262
653
7606
19900
11304
2336
364
660
5255
198
262
19900
3079
283
41489
1494
8
198
262
364
1009
303
264
25
198
285
19900
3079
66134
60
1373
220
16
6987
262
8978
2516
283
716
363
198
1031
262
653
8736
25
1518
866
492
11
8978
369
4147
11
19900
682
660
5255
198
262
653
1165
3172
28662
492
494
220
16
310
307
12
17
198
262
653
1690
492
28
16
25
8978
682
264
58
15
1089
19900
682
264
58
17
486
77
12
16
60
198
1031
262
653
4980
440
19900
3079
1602
660
5255
198
262
653
10466
264
58
15
60
494
19900
318
275
668
381
303
8978
948
492
28
16
8
198
262
653
32645
11
1042
579
1817
2923
539
2923
13
198
1031
262
653
12851
8427
492
28
16
25
198
262
653
471
264
58
15
60
1220
381
303
8978
198
262
653
471
264
58
16
60
369
279
1428
492
11
524
303
8978
466
19900
198
262
653
471
264
58
17
486
77
12
16
60
1220
381
303
19900
6987
262
653
1987
2763
1528
1518
6136
25
198
262
653
8978
2516
283
313
64
58
15
13587
198
262
653
19900
3079
1220
599
14159
364
264
58
17
486
77
12
16
60
198
1031
262
653
6558
579
30456
19900
3079
310
1132
599
264
58
17
486
77
12
16
60
198
262
19900
3079
283
41489
1494
8
198
262
364
6961
303
2020
7
17
11
307
1590
198
285
19900
3079
15027
11264
4891
1373
220
16
6987
262
8978
2516
283
313
64
58
15
13587
198
1031
262
364
492
303
2020
7
16
11
307
471
220
16
1590
198
285
2100
283
830
471
264
3681
60
198
1726
285
653
4109
413
1017
579
264
869
343
303
8978
2516
1680
421
318
5480
471
343
8
369
303
19900
3079
440
1698
835
220
15
198
285
1669
283
3439
198
285
364
343
303
8978
2516
25
198
309
4221
283
2100
471
343
198
309
413
4221
303
19900
3079
321
19900
3079
58
39470
60
835
220
15
25
198
388
1669
283
2912
198
388
1387
8675
285
413
1669
25
198
309
653
7145
4880
14505
198
309
653
7145
585
361
492
440
264
957
60
283
343
364
1010
343
303
8978
2516
1332
4221
283
2100
471
343
369
303
19900
198
309
364
343
303
8978
2516
25
198
388
4221
283
2100
471
343
198
388
413
4221
303
19900
3079
321
19900
3079
58
39470
60
835
220
15
25
198
493
653
7145
585
25
866
1857
303
220
15
486
73
12
16
440
264
957
60
606
343
198
493
364
585
303
2020
3216
1590
198
646
413
264
957
60
606
343
25
198
967
653
7145
580
25
866
1857
303
492
10
16
486
77
12
16
440
264
6521
60
606
4221
198
967
364
580
303
2020
3216
478
220
16
11
307
1590
198
1335
413
264
6521
60
606
4221
25
198
1855
460
318
72
478
220
16
11
492
478
220
16
11
580
478
220
16
8
198
1726
285
653
5376
364
1727
18971
25
884
264
3681
60
310
8978
11
3921
264
3681
10
16
60
494
19900
198
285
8978
2516
1316
2784
3681
2387
198
285
413
492
478
220
16
361
307
471
220
16
25
198
309
19900
3079
15027
3681
478
220
16
4891
5794
220
16
198
309
413
19900
3079
15027
3681
478
220
16
4891
606
220
15
25
198
388
1538
19900
3079
15027
3681
478
220
16
4891
198
1031
262
460
2168
198
71093
248046
198