248045
846
198
4274
279
2614
709
11618
321
4479
889
11
6999
4072
279
709
7246
321
1440
660
279
6813
13
2972
5683
4045
67305
3067
13209
50
159029
271
2523
1220
14623
279
1970
488
10490
303
264
64504
1970
2424
318
784
9609
31789
318
19458
668
31153
279
3889
5568
8
271
71093
198
1445
18904
1120
1697
1358
727
59373
29626
2270
68
89394
24515
25
1697
50246
18078
28649
1411
592
25
198
262
4071
6834
264
10490
59373
2308
565
4534
68
1746
383
264
220
18
87
18
5646
1332
1754
2691
682
264
869
13
198
1031
262
32187
1413
29389
318
3765
2693
8
321
357
36926
318
5394
2693
8
1831
10263
18207
4022
7515
13
198
262
3095
264
2693
38587
264
2691
11
781
5284
279
3387
303
421
2691
321
5984
424
836
1829
198
262
318
51
73813
29389
25
2438
11
357
36926
25
6105
553
198
1031
262
561
1746
10029
948
25
198
262
471
357
2693
5055
220
18
23173
7515
314
836
1829
318
633
86201
3336
72
22718
8
471
421
2693
14387
198
262
471
1942
7515
513
23235
471
279
2693
440
4918
2702
5284
14387
6987
262
11396
4078
1432
7314
722
13
561
2542
314
660
2663
303
279
5646
369
18739
310
381
10016
13
198
1031
262
17167
25
198
285
5646
25
357
220
18
87
18
5646
314
24959
13661
2691
2663
8675
262
5019
25
198
285
328
51
73813
29389
1
413
32187
1413
29389
14387
11
328
32
36926
1
413
357
36926
14387
8675
262
11765
59373
29626
2270
68
89394
26247
15
11
220
15
11
220
15
1089
498
15
11
220
16
11
220
15
1089
498
15
11
220
15
11
220
15
28649
198
262
359
51
73813
29389
6
198
262
11765
59373
29626
2270
68
89394
2477
7368
16
11
220
16
11
220
15
1089
9758
19
11
471
17
11
471
20
1089
9758
19
11
471
16
11
471
20
28649
198
262
359
32
36926
6
198
262
4071
271
727
1716
69574
1590
198
262
653
18564
1228
4886
198
262
1992
8871
26247
15
11
220
15
11
220
15
1089
498
15
11
220
16
11
220
15
1089
498
15
11
220
15
11
220
15
28649
606
359
51
73813
29389
6
198
262
1992
8871
2477
7368
16
11
220
16
11
220
15
1089
9758
19
11
471
17
11
471
20
1089
9758
19
11
471
16
11
471
20
28649
606
359
32
36926
6
198
1031
262
653
22484
1228
4886
198
262
1992
8871
2477
7368
17
16
16
19
15
19
18
15
20
11
220
17
21
24
18
20
24
15
23
16
11
220
22
18
21
22
24
20
19
20
15
1089
9758
21
16
18
21
16
23
19
16
21
11
220
22
17
19
18
21
23
18
16
20
11
471
24
17
19
16
17
17
19
20
19
1089
9758
24
17
23
16
21
23
21
23
18
11
471
19
17
23
22
20
16
20
18
24
11
471
18
19
21
19
24
15
16
20
15
28649
606
359
32
36926
6
198
262
1992
8871
26247
17
17
21
18
23
22
20
23
24
11
471
16
16
18
23
23
22
15
20
11
220
24
18
18
19
18
21
18
18
15
1089
498
20
17
20
19
22
24
24
20
19
11
471
22
23
20
24
16
17
20
15
15
11
471
20
16
18
24
20
22
17
18
21
1089
498
18
15
24
23
17
21
19
17
17
11
471
23
23
23
19
22
18
20
21
16
11
220
19
24
21
17
17
20
23
21
21
28649
606
359
51
73813
29389
6
198
262
1992
8871
2477
7368
20
23
19
24
21
18
22
16
22
11
220
18
15
22
22
16
22
19
22
18
11
220
16
20
18
22
18
23
18
16
21
1089
9758
18
19
22
21
23
20
21
24
21
11
220
17
18
15
17
16
17
17
23
18
11
471
19
24
19
24
23
22
19
23
22
1089
9758
19
15
19
15
23
24
24
17
18
11
220
23
17
17
15
19
23
18
15
20
11
471
20
18
24
16
16
16
16
19
22
28649
606
359
32
36926
6
198
262
1992
8871
2477
7368
21
19
21
21
20
18
23
18
21
11
220
22
16
20
15
21
24
22
16
11
220
17
24
16
15
19
23
23
20
24
1089
9758
23
16
19
15
20
19
15
21
16
11
220
18
19
22
18
18
23
21
22
15
11
471
18
24
15
15
20
23
21
20
20
1089
498
24
22
18
23
15
24
18
21
24
11
220
16
18
16
21
17
15
23
15
20
11
220
18
19
15
22
17
21
24
19
24
28649
606
359
51
73813
29389
6
198
262
1992
8871
26247
23
19
20
24
24
18
19
17
22
11
471
24
23
23
24
21
19
19
23
23
11
220
22
17
19
23
22
22
19
19
15
1089
9758
20
19
18
24
16
24
23
24
24
11
220
19
24
15
15
24
22
20
15
15
11
471
23
15
16
19
19
15
23
23
15
1089
9758
23
22
19
15
21
23
23
19
22
11
471
21
18
15
19
24
17
17
19
24
11
220
24
21
24
15
20
16
20
24
24
28649
606
359
32
36926
6
198
262
1992
8871
2477
7368
17
18
23
21
22
16
22
20
21
11
471
18
20
21
21
21
18
22
15
22
11
220
20
21
16
19
20
15
15
20
17
1089
9758
23
15
18
20
19
18
18
21
20
11
220
24
16
23
15
23
22
16
19
18
11
471
24
21
19
22
21
22
17
15
20
1089
9758
19
23
18
23
20
15
21
18
17
11
471
17
22
19
15
20
15
19
22
23
11
471
22
19
17
15
24
15
17
15
16
28649
606
359
51
73813
29389
6
198
262
1992
8871
2477
7368
16
19
18
18
18
16
15
19
23
11
471
24
22
24
17
21
21
15
21
17
11
220
17
16
15
16
24
24
23
20
24
1089
9758
17
22
19
22
20
21
18
21
15
11
220
16
22
22
23
20
23
21
18
19
11
471
17
16
19
17
21
22
15
18
20
1089
9758
20
18
24
24
24
22
15
20
16
11
471
24
15
16
19
19
20
18
19
24
11
220
18
17
23
15
19
22
15
19
20
28649
606
359
32
36926
6
198
262
1992
8871
2477
7368
22
23
24
23
22
22
19
24
21
11
471
24
16
15
20
20
15
18
18
15
11
471
19
24
23
19
23
23
20
19
16
1089
9758
17
18
16
17
23
23
19
24
23
11
220
18
15
17
21
24
20
15
18
22
11
220
19
17
19
24
15
16
18
23
20
1089
9758
22
18
21
24
24
18
24
19
23
11
471
24
16
23
20
15
16
19
17
20
11
220
20
17
22
16
16
24
24
23
24
28649
606
359
32
36926
6
198
262
1992
8871
26247
18
15
18
19
20
18
24
21
19
11
471
20
23
17
17
23
24
18
24
21
11
220
24
23
22
15
18
23
24
17
15
1089
498
16
18
19
24
15
16
21
20
24
11
471
18
22
18
16
16
19
19
20
24
11
220
20
16
15
20
21
22
22
19
21
1089
498
23
17
19
20
19
20
21
21
15
11
220
22
19
22
18
21
20
22
21
16
11
220
17
15
17
22
24
22
23
18
15
28649
606
359
51
73813
29389
6
198
262
1992
8871
2477
7368
24
18
21
19
15
22
18
19
11
471
22
24
23
23
20
21
24
19
16
11
471
22
18
15
22
15
22
17
16
16
1089
498
17
24
16
20
23
20
16
19
11
220
22
15
19
17
18
23
22
22
20
11
220
23
20
15
15
20
17
15
19
22
1089
498
22
15
23
23
20
17
16
16
20
11
471
16
18
17
17
19
15
24
15
21
11
220
22
23
20
23
18
24
18
16
15
28649
606
359
51
73813
29389
6
198
262
1992
8871
26247
19
17
20
16
22
17
22
17
17
11
471
17
21
17
19
23
22
18
24
21
11
471
17
20
21
18
19
21
22
18
20
1089
9758
18
21
24
17
20
15
17
19
19
11
471
17
15
16
21
21
17
23
20
19
11
220
18
17
21
17
20
22
15
21
22
1089
9758
23
16
23
20
20
24
16
19
19
11
220
23
18
18
24
16
19
15
23
11
220
23
23
20
19
22
16
20
20
16
28649
606
359
51
73813
29389
6
198
262
1992
8871
26247
23
23
22
22
18
15
20
22
15
11
471
17
15
19
21
24
16
23
20
15
11
220
16
22
19
17
15
22
20
24
18
1089
9758
23
22
21
19
16
15
17
22
17
11
220
21
19
23
16
16
19
17
16
11
471
24
19
20
24
16
17
20
23
17
1089
9758
24
16
19
19
21
20
21
15
23
11
471
18
18
22
23
16
22
21
17
23
11
220
16
15
24
22
22
23
16
24
22
28649
606
359
32
36926
6
198
262
1992
8871
2477
7368
20
22
19
24
21
21
17
18
19
11
471
22
23
21
15
23
16
22
20
16
11
471
22
23
21
17
20
20
17
23
17
1089
498
24
20
24
23
20
20
20
18
11
220
23
23
23
18
20
16
20
24
24
11
220
17
18
15
20
22
21
24
24
24
1089
498
24
18
20
20
17
18
19
20
19
11
471
19
16
19
24
17
21
20
15
15
11
471
19
20
20
17
23
16
17
19
18
28649
606
359
32
36926
6
198
262
1992
8871
2477
7368
20
23
19
24
21
18
22
16
22
11
220
18
15
22
22
16
22
19
22
18
11
220
16
20
18
22
18
23
18
16
21
1089
9758
18
19
22
21
23
20
21
24
21
11
220
17
18
15
17
16
17
17
23
18
11
471
19
24
19
24
23
22
19
23
22
1089
9758
19
15
19
15
23
24
24
17
18
11
220
23
17
17
15
19
23
18
15
20
11
471
20
18
24
16
16
16
16
19
22
28649
606
359
51
73813
29389
6
198
262
1992
8871
2477
7368
18
19
22
24
22
16
23
15
11
471
20
21
17
17
15
22
24
15
21
11
471
16
22
21
15
22
15
18
16
21
1089
498
17
24
19
19
22
21
22
22
21
11
220
16
23
18
15
16
18
15
23
17
11
220
23
22
23
23
24
21
15
20
24
1089
498
16
16
19
22
22
22
24
16
20
11
220
20
20
17
21
15
23
24
22
20
11
471
22
18
18
19
18
17
15
24
19
28649
606
359
51
73813
29389
6
198
262
1992
8871
2477
7368
23
24
21
19
19
24
15
17
24
11
220
19
20
19
16
20
22
20
22
21
11
471
24
18
19
16
20
15
18
20
21
1089
9758
19
20
23
22
24
15
19
23
22
11
220
20
17
20
21
23
22
20
17
23
11
471
18
15
18
15
17
24
23
18
1089
498
18
24
19
24
21
20
16
20
16
11
471
19
23
16
16
15
19
17
17
15
11
471
23
15
16
18
17
24
24
21
16
28649
606
359
51
73813
29389
6
198
262
1992
8871
2477
7368
23
16
23
19
24
22
16
23
23
11
471
23
18
23
22
23
23
17
21
21
11
471
23
16
20
22
20
17
23
21
17
1089
9758
16
19
15
15
24
22
23
21
16
11
220
16
16
21
24
20
16
22
20
21
11
471
23
23
15
16
17
16
21
20
24
1089
498
19
22
23
19
15
18
20
21
24
11
471
22
24
22
21
17
17
23
21
17
11
471
24
19
24
18
17
24
21
20
23
28649
606
359
32
36926
6
198
262
1992
8871
2477
7368
21
23
20
19
15
21
24
15
23
11
220
21
24
16
19
16
18
17
23
19
11
220
17
22
23
22
15
15
20
21
24
1089
498
18
24
15
20
18
19
21
22
23
11
471
24
23
22
15
22
22
17
23
22
11
471
24
24
23
18
20
18
18
15
15
1089
498
16
18
22
19
23
16
17
22
19
11
471
18
21
24
22
18
15
22
24
17
11
220
21
15
20
20
18
24
21
24
20
28649
606
359
51
73813
29389
6
198
262
1992
8871
26247
22
24
18
21
19
22
19
24
20
11
471
17
16
19
16
24
24
24
24
24
11
471
20
19
15
24
22
21
16
24
16
1089
9758
21
17
15
19
21
21
19
17
19
11
220
24
23
15
19
24
15
19
19
16
11
471
20
17
19
24
18
22
21
21
24
1089
9758
16
19
15
18
22
23
18
16
20
11
220
16
21
23
17
20
24
24
23
17
11
471
18
19
16
17
18
15
20
20
16
28649
606
359
32
36926
6
198
262
1992
8871
2477
7368
24
15
24
18
15
15
17
20
23
11
471
21
20
24
15
20
22
15
17
24
11
471
22
24
23
19
15
21
15
22
17
1089
498
19
15
20
17
24
19
20
24
17
11
220
20
15
17
18
18
20
16
16
15
11
220
21
17
24
15
20
20
23
19
22
1089
498
21
24
23
20
15
19
16
16
17
11
471
17
17
16
23
21
20
24
21
15
11
471
18
16
19
23
22
18
22
23
24
28649
606
359
32
36926
6
198
262
1992
8871
2477
7368
18
22
23
22
24
20
21
23
21
11
471
17
20
17
23
21
22
22
23
23
11
471
21
17
21
19
17
15
18
16
22
1089
498
16
16
21
20
23
20
20
15
18
11
220
24
16
21
23
17
21
20
19
22
11
220
18
21
19
15
16
18
16
23
1089
498
21
23
20
17
16
23
20
18
24
11
471
17
21
24
20
19
23
17
22
21
11
471
20
17
23
17
20
15
22
15
16
28649
606
359
32
36926
6
271
2
5272
1716
1117
291
29626
2270
68
89394
8
310
1542
6813
13
198
71093
248046
198
248045
74455
198
1206
11290
411
3377
11
567
1144
310
7995
279
13239
314
264
10490
59373
2308
565
4534
68
1746
1332
2107
4078
1432
7314
722
13
561
1746
17077
1330
4078
11
32187
1413
29389
321
357
36926
11
852
1831
10263
25460
7515
494
264
220
18
87
18
5646
13
8618
2691
682
264
869
11
321
25460
264
2691
11039
421
869
310
279
2693
579
5284
13
561
1746
10029
948
264
2693
79744
2250
23173
7515
314
836
1829
318
7290
1187
6849
8
466
948
660
7515
513
9896
318
1719
2693
440
279
4918
2702
5284
14387
553
271
13962
51301
198
16
13
2972
6022
72550
38989
92217
8439
2107
4078
1432
7314
722
11
567
628
958
279
3277
72550
11767
310
14989
660
3102
1746
5134
13
561
5614
369
310
33363
279
1428
2693
579
9144
1345
73681
279
14279
579
4499
8457
13
198
17
13
2972
4712
3130
75371
92217
561
1528
628
381
14807
539
279
1428
5646
6343
321
6483
2404
424
369
13
4213
11
2394
279
5646
369
2526
318
18
87
18
681
567
628
958
48575
440
20781
1954
466
4777
12804
279
1746
4757
2574
1141
6973
7739
318
24
10480
1866
553
198
18
13
2972
16472
1187
14738
4109
92217
12851
3154
264
3166
11
1716
413
279
3555
3166
18433
303
264
3063
364
279
1428
2693
13
1368
748
11
460
279
13239
13
198
19
13
2972
46291
3130
53844
92217
1368
660
7515
513
9896
321
874
799
682
2677
11
9150
279
2702
11857
314
2107
4078
13
561
2693
440
279
4918
5284
14387
13
198
20
13
2972
20711
2768
6834
92217
2332
1754
2923
11
279
1428
2693
668
4992
279
3166
421
11177
310
279
1786
14830
364
1070
13
32187
1413
29389
318
2721
316
4694
2693
8
15818
310
33363
279
5284
6463
318
24434
5284
471
357
36926
579
5284
681
1345
357
36926
318
1030
316
4694
2693
8
15818
310
28377
424
13
271
13962
5141
69589
198
12
2972
50959
11842
92217
1368
264
2693
628
4434
264
1500
314
2250
11
781
668
635
748
321
3063
6849
13
1061
34282
5284
36515
13
198
12
2972
10256
53230
92217
561
20537
686
709
1220
460
279
5284
6463
318
51
73813
29389
579
5284
471
357
36926
579
5284
8
494
279
12682
314
279
1428
2404
13
357
6572
869
52041
32187
1413
29389
11
264
7968
869
52041
357
36926
13
198
12
2972
44856
1954
92217
1946
28476
11
567
628
20781
537
5134
3018
383
279
5646
6343
321
6483
2404
424
369
13
271
13962
29806
11956
198
12
2972
3840
11842
92217
357
12755
709
11988
413
279
1483
3166
18433
303
264
3063
318
18
303
264
2713
11
3145
11
466
36004
553
198
12
2972
6022
72550
5534
92217
3931
76991
64013
660
3102
10480
13
1690
1754
4147
2691
11
36213
279
3166
11
2560
279
5284
11
321
51070
1562
279
20537
686
709
364
279
14279
13
198
12
2972
3845
44487
92217
1368
279
1746
369
2677
11
460
279
13239
13
1368
279
4331
369
2400
11
460
279
5284
6463
13
271
13962
68230
198
12
2972
1409
68230
92217
496
7
24
15836
303
279
11447
1105
1973
20781
1954
11
694
440
20781
1954
318
940
279
4331
1528
430
1328
681
424
579
67657
2394
279
1324
314
4752
5134
369
6973
13
198
12
2972
9620
68230
92217
496
7
24
15836
364
279
48575
5436
321
20781
1954
1898
13
271
13962
5927
271
71093
12305
198
1445
18904
1120
1697
198
1445
54572
1120
324
2585
11198
271
727
59373
29626
2270
68
89394
24515
25
1697
50246
18078
28649
1411
592
25
198
262
4071
6834
264
10490
59373
2308
565
4534
68
1746
383
264
220
18
87
18
5646
1332
1754
2691
682
264
869
13
198
1031
262
32187
1413
29389
318
3765
2693
8
321
357
36926
318
5394
2693
8
1831
10263
18207
4022
7515
13
198
262
3095
264
2693
38587
264
2691
11
781
5284
279
3387
303
421
2691
321
5984
424
836
1829
198
262
318
51
73813
29389
25
2438
11
357
36926
25
6105
553
198
1031
262
561
1746
10029
948
25
198
262
471
357
2693
5055
220
18
23173
7515
314
836
1829
318
633
86201
3336
72
22718
8
471
421
2693
14387
198
262
471
1942
7515
513
23235
471
279
2693
440
4918
2702
5284
14387
6987
262
11396
4078
1432
7314
722
13
561
2542
314
660
2663
303
279
5646
369
18739
310
381
10016
13
198
1031
262
17167
25
198
285
5646
25
357
220
18
87
18
5646
314
24959
13661
2691
2663
8675
262
5019
25
198
285
328
51
73813
29389
1
413
32187
1413
29389
14387
11
328
32
36926
1
413
357
36926
14387
198
262
4071
198
1031
262
653
6943
5646
310
264
13992
314
43716
364
69898
3082
6515
1954
198
262
2763
15146
283
13992
56623
7587
8
364
2713
303
5646
8
198
1031
262
653
4807
26808
660
10666
4965
198
262
10666
17778
283
498
198
285
17294
15
11
15
681
318
15
11
16
681
318
15
11
17
24242
653
10484
220
15
198
285
17294
16
11
15
681
318
16
11
16
681
318
16
11
17
24242
653
10484
220
16
198
285
17294
17
11
15
681
318
17
11
16
681
318
17
11
17
24242
653
10484
220
17
198
285
17294
15
11
15
681
318
16
11
15
681
318
17
11
15
24242
653
4115
220
15
198
285
17294
15
11
16
681
318
16
11
16
681
318
17
11
16
24242
653
4115
220
16
198
285
17294
15
11
17
681
318
16
11
17
681
318
17
11
17
24242
653
4115
220
17
198
285
17294
15
11
15
681
318
16
11
16
681
318
17
11
17
24242
653
201143
220
16
198
285
17294
15
11
17
681
318
16
11
16
681
318
17
11
15
7025
220
653
201143
220
17
198
262
2205
271
262
653
4109
413
264
3050
2693
682
2677
383
279
2574
5646
198
262
653
2693
25
220
16
364
32187
1413
29389
11
471
16
364
357
36926
198
262
653
5646
25
13992
314
43716
314
7515
13
220
15
28
3092
11
220
16
58423
73813
29389
11
471
16
45065
36926
318
3313
23235
8
198
262
653
6817
25
561
2663
303
279
3889
5646
513
11857
13
561
5646
5642
1532
668
3627
852
23235
1092
13
198
262
653
1165
1144
310
8387
279
5284
5646
494
279
23235
5646
13
198
1031
262
653
6558
579
80403
279
1528
13
198
262
653
3130
25
318
79
29243
15146
21102
11
17577
10095
11
264
36926
10095
11
6483
36040
8
198
262
653
1921
23235
15146
369
3213
310
41020
6483
2404
318
1767
314
220
16
82
5972
471
16
82
553
198
262
653
32645
11
567
1144
310
1366
852
1066
7481
310
1716
3063
2876
28750
30
198
262
653
2441
1066
1716
660
4965
1238
1396
3166
13
198
1031
262
653
6558
579
958
264
2086
5313
364
20781
1954
1328
25
198
262
653
318
4064
3456
62
22265
11
17577
10095
11
264
36926
10095
8
198
262
653
5646
3456
62
22265
25
13992
314
43716
314
220
15
11
220
16
11
471
16
198
262
653
17577
10095
25
514
198
262
653
264
36926
10095
25
514
6987
262
653
4213
11
17577
10095
321
264
36926
10095
513
13849
494
279
7576
321
279
2763
2663
13
198
262
653
1987
1528
628
381
1066
318
4064
3456
62
22265
553
198
1031
262
554
75
2585
11198
8474
2073
5675
8
198
262
687
615
89394
7
22265
21102
25
13992
11
369
516
73813
29389
36040
25
1744
8
1411
514
25
198
285
4071
198
285
5019
220
16
413
32187
1413
29389
14387
11
471
16
413
357
36926
14387
13
198
285
4071
198
285
653
6943
13992
310
1103
364
8397
32570
198
285
7576
283
498
1551
7587
8
364
2713
303
7576
21102
60
198
1726
285
653
4109
413
1428
2693
1066
2677
30
695
285
653
32645
11
567
1716
364
3063
1238
279
3166
369
1801
13
695
285
653
1921
2394
411
709
369
2512
46655
264
3166
369
44213
303
279
20537
686
11
198
285
653
567
1220
1716
413
279
1528
10551
264
3063
364
279
2693
852
1066
7481
13
198
285
653
4213
11
279
20537
686
709
668
1716
3063
1518
7842
51070
13
198
285
653
6558
579
5759
20537
686
1680
421
424
4523
279
14830
494
279
1428
1528
13
198
1726
285
653
7145
4147
7515
198
285
4147
36546
283
2958
198
285
364
427
303
2020
7
18
1590
198
309
364
272
303
2020
7
18
1590
198
388
413
7576
15656
1404
66
60
606
220
15
25
198
493
4147
36546
1989
1148
81
11
272
578
198
1726
285
653
1368
874
4147
7515
11
1746
369
888
13
19892
13239
3018
383
11857
13
198
285
413
524
4147
36546
25
198
309
17577
10095
283
220
15
198
309
264
36926
10095
283
220
15
198
309
653
1165
1144
279
3889
2663
13
6558
579
1440
1070
466
3436
1070
29458
13
198
309
653
22703
25
9675
3889
5646
2663
1083
279
21278
466
3521
6676
13
198
309
1440
695
285
745
25
198
309
653
1368
1017
513
4147
7515
11
1716
413
3555
3166
8613
264
3063
13
198
309
653
1921
852
1801
279
3555
3166
30
198
309
653
1368
369
516
73813
29389
36040
369
2912
11
424
3254
424
579
32187
1413
29389
579
2404
310
3166
13
198
309
653
1987
279
1483
3166
557
1801
539
357
36926
13
198
309
653
1368
369
516
73813
29389
36040
369
3439
11
1483
3166
557
539
32187
1413
29389
13
198
3265
309
1483
15068
283
471
16
413
369
516
73813
29389
36040
745
220
16
18015
309
413
369
1611
263
7
22265
11
1483
15068
1590
198
388
460
1483
15068
8675
285
653
1368
1746
524
888
11
36213
10480
198
285
413
369
516
73813
29389
36040
25
198
309
653
32187
1413
29389
6587
310
33363
279
14830
318
16
835
471
16
8
198
309
1786
5996
283
471
17
653
26644
1056
1262
3102
9987
16
8
198
309
364
427
11
272
303
4147
36546
25
198
388
7576
15656
1404
66
60
283
220
16
198
388
653
19892
5284
5253
25
884
5646
15656
1404
66
60
310
32187
1413
29389
579
5284
198
388
653
1165
1144
3521
5646
2663
13
6558
579
6762
1070
303
15484
6676
13
198
388
17577
15384
283
615
89394
56623
56623
7587
8
364
2713
303
7576
681
3439
8
198
388
7576
15656
1404
66
60
283
220
15
33006
388
413
17577
15384
835
1786
5996
25
198
493
1786
5996
283
17577
15384
198
388
413
1786
5996
606
220
16
25
198
493
460
220
16
198
309
460
1786
5996
198
285
745
25
198
309
653
357
36926
6587
310
28377
279
14830
198
309
1786
5996
283
220
17
653
33088
1056
1866
3102
318
16
8
198
309
364
427
11
272
303
4147
36546
25
198
388
7576
15656
1404
66
60
283
471
16
198
388
264
36926
15384
283
615
89394
56623
56623
7587
8
364
2713
303
7576
681
2912
8
198
388
7576
15656
1404
66
60
283
220
15
33006
388
413
264
36926
15384
361
1786
5996
25
198
493
1786
5996
283
264
36926
15384
198
388
413
1786
5996
606
471
16
25
198
493
460
471
16
198
309
460
1786
5996
271
262
687
369
1611
263
7
22265
25
1697
50246
18078
19867
2693
25
514
8
1411
1744
25
198
285
364
1500
303
10666
17778
25
198
309
1698
283
220
15
198
309
364
427
11
272
303
1500
25
198
388
413
7576
15656
1404
66
60
606
2693
25
198
493
1698
1373
220
16
198
309
413
1698
606
220
18
25
198
388
460
2912
198
285
460
3439
271
262
653
1165
1144
310
2528
279
3889
5646
2663
310
10724
11857
364
279
17592
33208
261
198
262
653
1921
3655
11
279
20537
686
3294
4523
220
16
466
471
16
3018
383
14387
13
198
262
653
3437
413
279
1746
10029
1973
264
3063
30
561
1510
447
89394
63
709
13081
14586
5134
50029
30
198
262
653
2233
11
1510
447
89394
63
11988
364
4147
7515
13
1368
4147
11
424
3749
310
9150
11857
13
198
262
653
2921
1428
1510
447
89394
63
3070
914
599
2528
310
3889
5646
2663
310
12204
11857
13
198
1031
262
653
6558
579
89109
13
198
1031
262
2763
62
22265
283
1718
15
11
15
11
15
22812
15
11
15
11
15
22812
15
11
15
11
15
578
198
1031
262
653
1165
1144
310
1440
3889
5646
2663
310
279
29812
709
466
3436
1070
303
21278
13
198
1031
262
3521
15146
283
2763
15146
653
1061
369
13992
314
43716
314
52883
6987
262
554
75
2585
11198
8474
2073
5675
8
198
262
687
11290
7
22265
21102
25
13992
11
369
516
73813
29389
36040
25
1744
8
1411
514
25
198
285
7576
283
498
1551
7587
8
364
2713
303
7576
21102
60
198
1726
285
653
7145
4147
7515
198
285
4147
36546
283
2958
198
285
364
427
303
2020
7
18
1590
198
309
364
272
303
2020
7
18
1590
198
388
413
7576
15656
1404
66
60
606
220
15
25
198
493
4147
36546
1989
1148
81
11
272
578
198
10367
285
653
4109
413
279
1746
9202
303
264
3063
383
279
3555
3166
198
285
653
1368
424
579
32187
1413
29389
579
2404
11
357
36926
1066
7481
13
1368
424
579
357
36926
579
2404
11
32187
1413
29389
1066
7481
13
198
285
413
4147
36546
25
198
309
1483
15068
283
471
16
413
369
516
73813
29389
36040
745
220
16
198
309
413
369
1611
263
7
22265
11
1483
15068
1590
198
388
460
1483
15068
8675
285
653
1368
874
4147
7515
11
10724
11857
198
285
413
524
4147
36546
25
198
309
17577
10095
283
220
15
198
309
264
36926
10095
283
220
15
198
309
364
427
303
2020
7
18
1590
198
388
364
272
303
2020
7
18
1590
198
493
1009
283
3521
15146
15656
1404
66
60
198
493
413
7576
15656
1404
66
60
606
220
16
25
198
646
17577
10095
1373
1009
198
493
4265
7576
15656
1404
66
60
606
471
16
25
198
646
264
36926
10095
1373
1009
18015
309
413
17577
10095
835
264
36926
10095
25
198
388
460
220
16
198
309
745
25
198
388
460
471
16
8675
285
653
82930
2923
198
285
413
369
516
73813
29389
36040
25
198
309
1786
5996
283
471
17
198
309
364
427
11
272
303
4147
36546
25
198
388
7576
15656
1404
66
60
283
220
16
198
388
1009
283
11290
56623
56623
7587
8
364
2713
303
7576
681
3439
8
198
388
7576
15656
1404
66
60
283
220
15
33006
388
413
1009
835
1786
5996
25
198
493
1786
5996
283
1009
198
388
413
1786
5996
606
220
16
25
198
493
460
220
16
198
309
460
1786
5996
198
285
745
25
198
309
1786
5996
283
220
17
198
309
364
427
11
272
303
4147
36546
25
198
388
7576
15656
1404
66
60
283
471
16
198
388
1009
283
11290
56623
56623
7587
8
364
2713
303
7576
681
2912
8
198
388
7576
15656
1404
66
60
283
220
15
33006
388
413
1009
361
1786
5996
25
198
493
1786
5996
283
1009
198
388
413
1786
5996
606
471
16
25
198
493
460
471
16
198
309
460
1786
5996
271
262
1067
283
11290
33192
62
22265
11
2912
8
198
1031
262
413
1067
606
220
16
25
198
285
460
328
51
73813
29389
1
198
262
745
25
198
285
460
328
32
36926
1
271
2
3284
279
709
198
2
1716
1117
291
29626
2270
68
89394
8
248046
198
248045
846
198
7525
3555
4621
4490
279
6813
13
5514
579
279
1412
25
198
220
2793
34397
48
81
80244
15
74
23
3071
80
6971
487
1500
220
20
21
198
262
1946
11290
411
3377
11
567
1144
310
7995
279
13239
314
264
10490
59373
2308
565
4534
68
1746
1332
2107
4078
1432
7314
722
13
561
1746
17077
1330
4078
11
32187
1413
29389
321
357
36926
11
852
1831
10263
25460
7515
494
264
220
18
87
18
5646
13
8618
2691
682
264
869
11
321
25460
264
2691
11039
421
869
310
279
2693
579
5284
13
561
1746
10029
948
264
2693
79744
2250
23173
7515
314
836
1829
318
7290
1187
6849
8
466
948
660
7515
513
9896
318
1719
2693
440
279
4918
2702
5284
14387
553
198
55036
5071
2467
6108
198
32769
1401
25
8060
11778
22419
14200
1206
311
40138
11
411
369
678
3274
25
4310
279
2614
709
11618
321
4479
889
11
6999
4072
279
709
7246
321
1440
660
279
6813
13
2972
5683
4045
67305
3067
13209
50
159029
271
2523
1220
14623
279
1970
488
10490
303
264
64504
1970
2424
318
784
9609
31789
318
19458
668
31153
279
3889
5568
8
248046
198
248045
74455
198
248068
271
248069
271
71093
12305
198
1445
18904
1120
1697
198
1445
54572
1120
324
2585
11198
1358
727
59373
29626
2270
68
89394
24515
25
1697
50246
18078
28649
1411
592
25
198
262
4071
6834
264
10490
59373
2308
565
4534
68
1746
383
264
220
18
87
18
5646
1332
1754
2691
682
264
869
13
198
1031
262
32187
1413
29389
318
3765
2693
8
321
357
36926
318
5394
2693
8
1831
10263
18207
4022
7515
13
198
262
3095
264
2693
38587
264
2691
11
781
5284
279
3387
303
421
2691
321
5984
424
836
1829
198
262
318
51
73813
29389
25
2438
11
357
36926
25
6105
553
198
1031
262
561
1746
10029
948
25
198
262
471
357
2693
5055
220
18
23173
7515
314
836
1829
318
633
86201
3336
72
22718
8
471
421
2693
14387
198
262
471
1942
7515
513
23235
471
279
2693
440
4918
2702
5284
14387
6987
262
11396
4078
1432
7314
722
13
561
2542
314
660
2663
303
279
5646
369
18739
310
381
10016
13
198
1031
262
17167
25
198
285
5646
25
357
220
18
87
18
5646
314
24959
13661
2691
2663
8675
262
5019
25
198
285
328
51
73813
29389
1
413
32187
1413
29389
14387
11
328
32
36926
1
413
357
36926
14387
8675
262
11765
59373
29626
2270
68
89394
26247
15
11
220
15
11
220
15
1089
498
15
11
220
16
11
220
15
1089
498
15
11
220
15
11
220
15
28649
198
262
359
51
73813
29389
6
198
262
11765
59373
29626
2270
68
89394
2477
7368
16
11
220
16
11
220
15
1089
9758
19
11
471
17
11
471
20
1089
9758
19
11
471
16
11
471
20
28649
198
262
359
32
36926
6
198
262
4071
271
262
653
70484
4965
14505
198
262
10666
17778
283
498
198
285
17294
15
11
15
681
318
15
11
16
681
318
15
11
17
24242
198
285
17294
16
11
15
681
318
16
11
16
681
318
16
11
17
24242
198
285
17294
17
11
15
681
318
17
11
16
681
318
17
11
17
24242
198
285
17294
15
11
15
681
318
16
11
15
681
318
17
11
15
24242
198
285
17294
15
11
16
681
318
16
11
16
681
318
17
11
16
24242
198
285
17294
15
11
17
681
318
16
11
17
681
318
17
11
17
24242
198
285
17294
15
11
15
681
318
16
11
16
681
318
17
11
17
24242
198
285
17294
15
11
17
681
318
16
11
16
681
318
17
11
15
7025
198
262
2205
271
262
653
6943
5646
310
13992
364
69898
198
262
3521
15146
283
13992
56623
7587
8
364
2713
303
5646
8
271
262
687
369
1611
263
7
22265
25
13992
11
2693
25
514
8
1411
1744
25
198
285
7576
1951
283
498
1551
7587
8
364
2713
303
7576
60
198
285
364
1500
303
10666
17778
25
198
309
1698
283
220
15
198
309
364
427
11
272
303
1500
25
198
388
413
7576
1951
15656
1404
66
60
606
2693
25
198
493
1698
1373
220
16
198
309
413
1698
606
220
18
25
198
388
460
2912
198
285
460
3439
271
262
554
75
2585
11198
8474
2073
5675
8
198
262
687
20537
686
7
22265
21102
25
13992
11
369
516
73813
29389
36040
25
1744
8
1411
514
25
198
285
653
220
16
413
32187
1413
29389
14387
11
471
16
413
357
36926
14387
8675
285
653
4109
413
4331
369
2400
198
285
369
15891
283
2912
198
285
364
427
303
2020
7
18
1590
198
309
364
272
303
2020
7
18
1590
198
388
413
7576
21102
15656
1404
66
60
606
220
15
25
198
493
369
15891
283
3439
198
493
1387
198
309
413
524
369
15891
25
198
388
1387
8675
285
413
369
15891
25
198
309
17577
10095
283
220
15
198
309
264
36926
10095
283
220
15
198
309
364
427
303
2020
7
18
1590
198
388
364
272
303
2020
7
18
1590
198
493
1009
283
3521
15146
15656
1404
66
60
198
493
6171
283
7576
21102
15656
1404
66
60
198
493
413
6171
606
220
16
25
198
646
17577
10095
1373
1009
198
493
4265
6171
606
471
16
25
198
646
264
36926
10095
1373
1009
198
309
460
220
16
413
17577
10095
835
264
36926
10095
745
471
16
8675
285
653
4109
413
279
2693
852
45946
7481
2677
198
285
653
1368
424
579
32187
1413
29389
579
2404
11
357
36926
1066
7481
13
198
285
653
1368
424
579
357
36926
579
2404
11
32187
1413
29389
1066
7481
13
198
285
1483
15068
283
471
16
413
369
516
73813
29389
36040
745
220
16
8675
285
653
8020
1716
3063
413
279
4331
369
524
4147
318
57913
424
579
2400
321
17083
3294
8
198
285
653
32645
11
413
4184
2677
11
279
1746
10029
6849
11
748
567
12752
914
599
4147
7515
2047
310
1716
364
2400
2022
11870
303
411
8602
413
264
3063
9721
13
198
285
653
1921
567
1716
3063
2876
1518
3154
264
3166
303
279
6136
13
198
285
653
5514
11
567
513
303
264
1528
46655
264
3166
13
1987
567
1716
413
279
1483
15068
2677
13
198
285
413
369
1611
263
7
22265
21102
11
1483
15068
1590
198
309
460
1483
15068
271
285
653
7145
4147
7515
198
285
4147
36546
283
2958
198
285
364
427
303
2020
7
18
1590
198
309
364
272
303
2020
7
18
1590
198
388
413
7576
21102
15656
1404
66
60
606
220
15
25
198
493
4147
36546
1989
1148
81
11
272
578
198
1726
285
413
369
516
73813
29389
36040
25
198
309
1786
5996
283
471
17
198
309
364
427
11
272
303
4147
36546
25
198
388
653
4091
491
7576
13992
198
388
7576
1951
283
498
1551
7587
8
364
2713
303
7576
21102
60
198
388
7576
1951
15656
1404
66
60
283
220
16
198
388
491
62
22265
283
13992
56623
7587
8
364
2713
303
7576
1951
8
198
6159
388
1009
283
20537
686
1693
62
22265
11
3439
8
198
6159
388
413
1009
835
1786
5996
25
198
493
1786
5996
283
1009
198
388
413
1786
5996
606
220
16
25
198
493
460
220
16
198
309
460
1786
5996
198
285
745
25
198
309
1786
5996
283
220
17
198
309
364
427
11
272
303
4147
36546
25
198
388
7576
1951
283
498
1551
7587
8
364
2713
303
7576
21102
60
198
388
7576
1951
15656
1404
66
60
283
471
16
198
388
491
62
22265
283
13992
56623
7587
8
364
2713
303
7576
1951
8
198
6159
388
1009
283
20537
686
1693
62
22265
11
2912
8
198
6159
388
413
1009
361
1786
5996
25
198
493
1786
5996
283
1009
198
388
413
1786
5996
606
471
16
25
198
493
460
471
16
198
309
460
1786
5996
271
262
2763
62
22265
283
1718
15
11
220
15
11
220
15
681
318
15
11
220
15
11
220
15
681
318
15
11
220
15
11
220
15
578
198
262
1067
283
20537
686
33192
62
22265
11
2912
8
198
1031
262
413
1067
606
220
16
25
198
285
460
328
51
73813
29389
1
198
262
745
25
198
285
460
328
32
36926
1
198
71093
248046
198