248045
846
198
4274
279
2614
709
11618
321
4479
889
11
6999
4072
279
709
7246
321
1440
660
279
6813
13
2972
5683
4045
67305
3067
13209
50
159029
271
2523
1220
14623
279
1970
488
10490
303
264
64504
1970
2424
318
784
9609
31789
318
19458
668
31153
279
3889
5568
8
271
71093
198
727
1698
1611
912
2270
1217
1264
5781
25
514
8
1411
514
25
198
262
4071
28445
8211
383
35342
220
16
321
6587
310
5372
35342
580
13
2838
682
264
7538
869
5732
506
220
15
13
198
262
5369
35342
585
11
1292
628
2649
1330
4346
314
7289
25
198
262
220
16
13
5805
1441
310
35342
585
12
16
318
32157
381
1429
19301
330
3032
466
383
35342
220
15
8
198
262
220
17
13
5805
685
310
35342
585
478
220
17
61
41866
11
1179
15773
7538
539
220
16
6987
262
3301
279
2702
1324
314
5337
28445
628
5372
35342
580
13
198
262
6817
421
28445
628
5372
35342
580
5081
2942
321
2962
7289
13
198
1031
262
17167
25
198
285
580
25
561
2100
35342
1324
318
15
2564
580
2564
220
16
15
61
24
8
198
1031
262
5019
25
198
285
561
1324
314
12103
5337
310
5372
35342
580
6987
262
11765
1698
1611
912
2270
1217
1264
7
15
8
198
262
220
17
198
262
11765
1698
1611
912
2270
1217
1264
7
16
8
198
262
220
19
198
262
11765
1698
1611
912
2270
1217
1264
7
20
16
17
8
198
262
220
16
198
262
4071
271
727
1716
69574
1590
198
262
1992
8871
7
15
8
606
220
17
198
262
1992
8871
7
16
8
606
220
19
198
262
1992
8871
7
16
18
19
17
16
22
22
17
21
8
606
220
18
22
23
198
262
1992
8871
7
16
15
22
18
22
19
16
23
16
21
8
606
220
22
23
23
23
22
17
20
198
262
1992
8871
7
20
16
17
8
606
220
16
198
262
1992
8871
7
16
15
20
21
24
21
19
21
15
23
8
606
220
15
198
262
1992
8871
7
16
24
20
20
17
21
21
23
17
8
606
220
15
198
262
1992
8871
7
24
18
24
20
17
19
15
24
21
8
606
220
15
198
262
1992
8871
7
16
18
19
17
16
22
22
17
23
8
606
220
16
198
262
1992
8871
7
16
15
22
18
21
22
21
17
23
23
8
606
220
15
198
262
1992
8871
7
16
15
15
15
15
15
15
15
15
15
8
606
220
15
198
262
1992
8871
7
23
23
17
16
20
23
23
21
21
8
606
220
15
198
262
1992
8871
7
24
24
24
24
24
24
24
24
20
8
606
220
15
198
262
1992
8871
7
17
21
23
19
18
20
19
20
21
8
606
220
15
198
262
1992
8871
7
24
20
20
22
22
19
24
16
20
8
606
220
15
198
262
1992
8871
7
16
18
20
8
606
220
15
198
262
1992
8871
7
23
24
16
23
18
24
23
18
22
8
606
220
15
198
262
1992
8871
7
22
24
24
19
18
16
22
23
17
8
606
220
15
198
262
1992
8871
7
23
16
20
18
21
15
22
21
22
8
606
220
15
198
262
1992
8871
7
16
22
15
8
606
220
15
198
262
1992
8871
7
22
23
20
15
15
15
16
23
15
8
606
220
15
198
262
1992
8871
7
19
18
15
16
17
22
23
21
22
8
606
220
15
198
262
1992
8871
7
23
15
18
22
17
21
15
15
24
8
606
220
15
198
262
1992
8871
7
23
24
17
15
24
17
20
23
16
8
606
220
15
198
262
1992
8871
7
22
23
18
16
23
21
17
17
19
8
606
220
15
198
262
1992
8871
7
17
21
23
19
18
20
19
20
21
8
606
220
16
198
262
1992
8871
7
18
16
18
17
17
21
8
606
220
15
198
262
1992
8871
7
16
21
18
23
18
8
606
220
16
20
271
2
5272
1716
11181
1611
912
2270
1217
1264
8
310
1542
6813
13
198
71093
248046
198
248045
74455
198
1206
11290
411
3377
11
567
1144
310
7995
279
1324
314
12103
5337
28445
628
5372
35342
1510
74
63
5732
494
35342
220
16
440
264
7538
869
314
220
15
13
28445
628
2649
1330
7289
25
198
16
13
5805
1441
310
35342
1510
72
12
16
63
318
1856
5252
19301
330
3032
466
383
35342
220
15
553
198
17
13
5805
685
310
35342
1510
72
478
220
17
61
41866
7561
1179
15773
1510
41866
63
539
220
16
13
271
760
16484
513
3349
27718
74
63
685
310
393
16
15
61
24
3
681
748
567
4021
958
264
4145
18465
466
8476
15019
383
279
35342
9599
5774
13
4213
11
5125
421
279
328
3237
1441
1
5488
369
1546
55089
318
32157
381
1429
19301
330
3032
553
1061
12846
421
279
1752
16661
314
22958
314
328
446
1
10480
78128
30262
290
440
3074
328
2829
1
10480
13
271
9764
579
22903
279
5759
314
279
12351
13
198
12
561
328
446
1
10480
513
69892
303
3665
314
279
7538
1331
8240
413
567
1132
2814
1070
25
393
17
61
15
11
220
17
61
16
11
220
17
61
17
11
1088
65529
12576
198
12
561
2702
41633
1238
393
77
3
328
446
1
10480
1973
866
328
2829
1
10480
369
56014
1200
14717
72
28
15
92
46227
77
12
16
92
220
17
61
72
283
220
17
83193
471
220
16
12576
198
12
26760
494
35342
220
16
11
279
2234
1238
393
77
3
23173
685
10480
369
393
16
478
318
17
83193
471
220
16
8
283
220
17
83193
12576
198
12
1987
11
310
5372
35342
393
74
283
220
17
83193
3
1973
866
1441
10480
11
1017
369
6681
220
16
1560
413
567
1151
506
220
16
321
599
279
1245
7538
5373
13
1690
393
74
28
20
16
17
28
17
61
24
53031
279
4087
369
220
16
13
1061
8798
279
3010
13
271
3710
883
975
4947
30
198
760
1328
19407
369
421
279
328
2829
1
3166
5954
586
310
7345
279
2234
694
59521
279
7538
5373
30
2233
11
279
7538
5373
369
4045
7345
13
1049
63815
13
198
9764
579
11319
279
1528
25
47029
3127
1217
1264
11
7538
5996
8
27653
198
3367
25
47029
16
11
220
15
8
27653
198
6196
25
47029
74
11
866
8
27653
6817
421
328
59605
628
5372
35342
580
5081
2942
321
2962
7289
1149
561
3377
16561
364
279
1324
314
2972
51241
5337
332
310
5372
35342
1510
74
27653
31874
11
411
23197
24217
279
1324
314
12103
22958
314
7289
421
1067
303
1602
383
35342
1510
74
63
364
279
1118
854
30
2441
1066
18176
424
30
561
1273
93144
328
671
279
2702
1324
314
5337
28445
628
5372
35342
580
1
303
3493
16762
518
5154
3428
18675
310
279
1324
314
12103
12351
318
59626
314
10480
8
421
809
506
1510
74
27653
4213
11
2394
1292
628
2962
11
1503
279
1752
2842
30
328
46756
1
5802
23197
279
1118
18085
13
1921
279
5020
328
59605
628
5372
35342
580
5081
2942
321
2962
7289
1
369
32343
13
1049
2493
32396
421
567
513
24217
279
1324
314
2610
12351
421
348
2987
1769
9
5372
1510
74
63
30
2233
11
421
1000
381
23064
13
1049
4222
3254
567
1698
279
1324
314
12103
348
22230
9
12351
466
12351
4364
539
279
8240
314
33075
76360
82
421
809
6681
948
1510
74
63
369
1118
8379
13
6558
579
9370
5129
328
3946
314
5337
310
5372
1
7063
279
1118
854
567
4128
383
1510
74
27653
271
9764
579
1353
506
1510
1767
1611
912
2270
1217
1264
7
16
8
283
220
19
27653
198
3367
506
220
16
13
1165
513
2582
506
220
16
30
198
2592
567
2814
279
1151
1528
430
328
66246
8379
220
16
487
369
421
264
1560
30
198
9764
579
11319
12351
5732
494
47029
16
11
15
44646
310
5372
1510
16
27653
198
16
13
3054
4161
30
1368
328
21905
1
5469
279
1151
11
1179
220
16
1560
13
198
3850
279
4087
369
220
19
13
198
9764
579
1353
506
279
7289
13
198
3702
220
16
25
198
12
6087
310
220
15
30
2717
5252
383
35342
220
15
11
694
628
567
708
348
951
9
220
15
30
328
10533
1441
310
35342
585
12
16
318
32157
381
1429
19301
330
3032
466
383
35342
220
15
90765
1061
5802
3254
488
4021
381
6004
35342
220
15
321
708
1441
11
466
488
4021
708
1441
11219
424
11177
310
220
15
30
2441
488
4021
2649
1441
494
220
15
30
328
1860
35342
220
15
1
23197
488
4021
381
506
220
15
13
2885
488
708
310
220
15
30
1368
488
513
506
220
16
11
1441
310
220
15
13
2091
220
15
5252
430
264
8833
30
328
32157
381
1429
2423
383
35342
220
15
3158
1061
4222
8623
82
279
348
2348
9
314
264
1441
3166
13
1394
628
914
635
1441
494
220
15
13
2885
488
708
310
220
15
30
1368
488
708
310
220
15
11
488
513
1381
383
35342
220
15
13
4844
488
628
914
635
1441
1495
13
1394
1902
635
685
13
198
9764
579
311
27864
15060
25
328
10533
1441
310
35342
585
12
16
318
32157
381
1429
19301
330
3032
466
383
35342
220
15
90765
1061
1273
93144
369
9781
52920
13
1049
4222
3254
25
198
12
33508
381
1429
19301
330
3032
13
198
12
33508
381
1429
413
279
1428
35342
369
220
15
318
7949
369
11656
413
488
628
914
381
383
220
15
45690
198
12
2441
11
4021
708
310
35342
220
15
30
585
1673
2487
393
72
12
16
1088
689
220
16
1088
6182
536
585
1088
689
220
17
12576
271
9764
579
9370
279
20908
369
393
72
1088
689
220
17
3
310
708
1441
13
1987
494
220
16
11
488
4021
708
1441
13
198
3702
220
16
11
488
628
1132
708
685
25
393
16
478
220
17
61
15
283
220
17
12576
27846
8772
220
16
13
3130
47029
17
11
220
16
8
27653
198
3702
220
17
25
198
12
3038
25
393
17
478
220
17
61
16
283
220
19
12576
27846
8772
220
17
13
198
12
6087
25
393
17
12
16
28
16
12576
27846
8198
220
16
13
3130
47029
16
11
220
16
8
27653
271
1596
1318
310
5372
35342
220
16
13
198
26038
13004
506
220
16
318
3765
854
30
466
1066
18176
52294
198
2592
1151
506
220
16
14159
430
264
1560
25
198
16
13
4980
506
220
16
13
318
16
1560
8
271
3702
47029
17
11
16
8
43143
198
17
13
1510
16
1411
220
17
1411
220
16
27653
7683
25
3038
11
6087
13
58518
506
220
16
13
198
3702
47029
16
11
16
44646
318
10378
3038
11
6087
1590
198
5666
10480
494
47029
16
11
16
8
43143
198
12
33508
708
1441
318
435
82819
30
2233
11
3555
557
6087
13
328
16928
381
1429
19301
330
3032
3158
1987
494
1528
13004
303
6087
11
1727
4021
381
6087
13
5369
47029
16
11
16
8
7561
1483
3166
557
6087
13
1987
1727
1902
381
3038
30
2441
628
567
708
3038
30
7179
13
198
12
3038
494
220
16
25
393
16
478
220
17
61
16
283
220
18
12576
27846
8772
220
17
13
3130
47029
18
11
220
17
8
27653
198
12
6087
494
220
16
30
2233
11
393
16
12
16
28
15
12576
1368
2019
310
220
15
369
35594
11
466
413
567
628
914
708
1441
494
220
16
13
271
1919
369
3583
16468
13
6558
579
1353
506
279
3349
4947
303
279
6813
13
198
63
1767
1611
912
2270
1217
1264
7
16
18
19
17
16
22
22
17
23
8
606
220
16
27653
198
3
16
18
19
17
16
22
22
17
23
283
220
17
46227
17
22
92
12576
198
1919
91229
279
4374
421
393
17
83193
3
65975
303
220
16
1560
318
49991
685
8240
553
271
63
1767
1611
912
2270
1217
1264
7
16
18
20
8
606
220
15
27653
198
63
1767
1611
912
2270
1217
1264
7
16
22
15
8
606
220
15
27653
271
9764
579
1353
506
1510
1767
1611
912
2270
1217
1264
7
16
21
18
23
18
8
606
220
16
20
27653
198
3
16
21
18
23
18
283
220
17
46227
16
19
92
471
220
16
12576
271
9764
579
1353
506
1510
1767
1611
912
2270
1217
1264
7
15
8
606
220
17
27653
198
3367
506
220
16
13
198
4199
310
5372
220
15
30
198
2592
567
628
708
310
220
15
25
198
16
1411
220
15
318
4308
553
5369
220
16
11
1441
310
220
15
13
198
3742
220
15
65975
30
198
2592
279
4087
369
220
17
11
6970
25
198
16
13
6916
30
2233
11
1151
506
220
16
13
198
17
13
220
16
1411
220
17
1411
220
16
1411
220
15
30
198
256
220
16
318
2388
8
1411
3038
310
220
17
318
41866
220
16
8
1411
6087
310
220
16
318
41866
220
16
8
1411
6087
310
220
15
30
198
256
1160
82819
1441
30
5369
220
17
397
16
369
6087
13
5369
220
16
397
15
369
6087
13
1160
82819
81756
513
35594
13
1987
220
16
397
17
397
16
397
15
369
8060
13
198
5690
9764
579
37781
279
328
32854
869
5732
506
220
15
1
321
328
34559
7538
539
220
16
1
383
11641
1132
13
271
9764
579
1380
264
87244
14
9992
5313
364
2526
393
74
3
310
1423
264
5215
11
9976
303
3838
279
1528
369
47029
267
1264
11
7538
11
1483
88452
13596
8
27653
198
12189
393
74
3
369
685
310
393
16
15
61
24
53031
567
1144
264
34780
6093
13
561
1528
3433
364
7538
628
708
685
310
56014
46451
220
18
15
3
318
10957
393
17
46227
18
15
92
835
220
16
15
61
24
3
553
271
9764
393
54
1104
11
492
11
293
14646
381
279
1324
314
5337
310
5372
35342
393
82
3
440
7538
869
393
73
53031
1332
393
67
28
16
3
413
279
1483
3166
557
6087
11
393
67
28
15
3
413
3038
318
269
1151
553
198
50821
11
567
1318
279
2542
314
5337
310
5372
393
74
3
364
866
393
73
11
293
12576
271
21365
279
16484
321
279
3050
1228
4886
318
60777
220
15
11
1010
220
16
11
1010
2526
24959
1040
220
19
11
220
16
20
11
220
18
22
23
11
220
22
23
23
23
22
17
20
681
411
5686
1040
264
3377
421
628
381
27050
440
48575
478
20781
1954
466
8476
15019
383
279
7538
2119
11
430
279
328
2479
1
318
267
1264
8
369
10521
13375
539
279
2542
314
13043
314
220
17
13
271
760
1866
7538
369
2094
220
18
15
13
198
9764
579
6762
393
9992
3681
1404
67
91027
430
264
2336
466
5759
30
2233
11
35342
369
3349
13
198
10883
11
5125
421
279
2234
369
2590
314
279
1304
393
16
478
1088
1200
1088
5022
220
17
46227
73
5150
92
12576
198
1919
5686
1040
264
11096
314
279
7620
12669
466
264
4088
383
24959
440
3050
2923
11930
13
271
9764
579
1353
506
279
2397
35704
2526
4886
25
198
92451
28
15
1088
18899
220
17
3
198
92451
28
16
1088
18899
220
19
3
198
92451
28
20
16
17
1088
18899
220
16
3
198
92451
28
16
21
18
23
18
1088
18899
220
16
20
3
198
92451
28
16
18
19
17
16
22
22
17
23
1088
18899
220
16
3
1651
17
46227
17
22
30675
8
198
92451
28
17
21
23
19
18
20
19
20
21
1088
18899
220
16
3
318
2198
2640
220
16
364
220
17
21
23
19
18
20
19
20
21
30
13428
11
1228
2640
1510
44732
7
17
21
23
19
18
20
19
20
21
8
606
220
16
63
506
279
809
13
1921
6575
1510
44732
7
17
21
23
19
18
20
19
20
21
8
606
220
15
27653
2972
40066
327
2399
303
1228
999
170286
198
9764
579
1716
279
3766
1228
1970
25
198
63
2138
8871
7
17
21
23
19
18
20
19
20
21
8
606
220
15
63
318
2380
220
16
20
8
198
63
2138
8871
7
17
21
23
19
18
20
19
20
21
8
606
220
16
63
318
2380
220
17
20
8
198
1919
369
11656
364
264
69892
709
7014
279
1228
4924
369
45341
466
353
1044
5605
5961
13
198
23982
11
3221
14706
506
279
9640
25
198
71093
198
262
1992
8871
7
17
21
23
19
18
20
19
20
21
8
606
220
15
198
262
2423
198
262
1992
8871
7
17
21
23
19
18
20
19
20
21
8
606
220
16
198
71093
198
1919
369
264
48086
13
4213
11
5802
11
1680
49219
599
264
82170
13
6558
579
1353
506
279
2663
13
198
3
17
21
23
19
18
20
19
20
21
283
220
17
46227
17
23
92
12576
198
3
16
18
19
17
16
22
22
17
23
283
220
17
46227
17
22
92
12576
198
2592
393
17
46227
17
22
92
1088
18899
220
16
53031
1179
393
17
46227
17
23
92
1088
18899
220
16
3
369
12594
440
279
5215
393
17
83193
1088
18899
220
16
12576
198
9930
1000
424
381
220
15
30
10380
279
7538
5373
3798
30
198
5786
7538
30
1368
567
635
220
17
23
31649
11
7538
8772
220
17
23
13
198
3742
1017
264
20908
383
1866
35342
30
2233
11
393
74
1088
273
220
16
15
61
24
12576
393
17
46227
17
23
92
1088
46451
220
17
13
21
23
1088
14695
220
16
15
61
23
1088
273
220
16
15
61
24
12576
198
2064
369
7309
4222
421
279
1118
26532
1510
410
220
15
63
369
264
82170
321
1220
381
1510
410
220
16
63
318
269
16282
43782
553
15767
393
20
16
17
318
17
61
24
8
1088
18899
220
16
53031
393
16
18
19
17
16
22
22
17
23
318
17
46227
17
22
5242
1088
18899
220
16
53031
424
369
12594
421
393
17
46227
17
23
92
1088
18899
220
16
12576
561
2018
26532
369
4222
279
4252
799
13
353
668
9370
393
17
83193
3
34237
220
16
13
271
9764
579
1380
310
41020
279
72632
13
198
760
1817
369
264
4055
4088
440
4779
13
198
17413
279
7538
1331
37996
1396
11641
3166
11
321
26602
3070
914
2222
7538
1331
11
279
8240
314
7538
11930
22339
369
8097
539
279
1324
314
11641
10480
10345
748
2944
13
198
9764
393
84
3
381
279
1324
314
11641
10480
10345
748
2944
13
561
1428
7538
1331
364
279
1727
11641
3166
369
393
84
12576
198
760
2234
369
393
16
478
1088
1200
14717
72
28
15
92
46227
84
12
16
92
274
5150
220
17
61
72
53031
1332
393
82
5150
1088
258
1088
90
16
11
471
16
11
220
15
31541
92
12576
198
50821
11
1754
11641
3166
11039
393
17
61
84
3
318
3127
7538
8
321
59521
393
84
12576
198
4699
26602
3166
31192
82
220
16
321
13205
393
84
3
1788
13
198
33
1333
11
567
4021
708
26602
19301
330
3032
13
271
1919
5759
12846
567
628
1558
411
539
279
1324
314
11641
10480
321
26602
10480
13
198
9764
579
6762
393
45
7897
11
1483
73150
15648
73150
2829
14646
430
279
716
314
65975
30129
30
2233
11
567
1144
1698
13
198
9764
393
69
7897
11
1483
73150
15648
73150
2829
11
1428
73150
267
1264
14646
381
279
1324
314
5337
13
198
1919
369
1990
2166
2330
13
271
10883
11
5020
421
364
264
8097
1324
314
11641
10480
393
84
53031
279
328
3051
1
2234
3568
539
11641
82
369
56014
1200
14717
73
28
15
92
46227
84
12
16
92
220
17
61
73
283
220
17
61
84
471
220
16
12576
198
760
26602
10480
31192
220
16
1754
13
198
2592
567
599
393
84
3
11641
10480
321
393
67
3
26602
10480
11
279
1534
35342
369
393
16
478
318
17
61
84
471
220
16
8
471
293
283
220
17
61
84
471
293
12576
198
4272
11
393
74
283
220
17
61
84
471
293
1088
6182
536
293
283
220
17
61
84
471
580
12576
198
2381
264
8097
393
84
53031
413
567
1366
393
67
53031
567
1366
393
74
12576
198
3850
524
660
22958
314
393
84
3
11641
82
321
393
67
3
26602
82
513
2610
13
198
67182
16484
25
198
16
13
2233
1330
26602
82
513
23173
13
198
17
13
33508
708
310
35342
220
15
30
2441
4021
381
383
35342
220
15
30
198
256
1368
567
9370
567
4021
381
383
35342
220
15
11
1179
506
866
1406
11
35342
393
29
220
15
12576
198
18
13
33508
708
1441
494
35342
220
16
30
318
1378
3330
539
393
72
1088
689
220
17
3
310
708
1441
310
393
72
12
16
1088
689
220
16
3
553
271
9764
579
1716
393
74
28
16
21
18
23
18
283
220
17
46227
16
19
92
471
220
16
12576
198
8160
393
84
28
16
19
11
293
28
16
12576
198
50903
25
393
74
283
220
17
46227
16
19
92
471
220
16
12576
198
2742
314
5337
310
29880
220
16
19
11641
82
321
220
16
26602
1680
421
874
1330
26602
82
513
23173
318
371
25806
391
804
2394
1132
220
16
26602
8
321
27510
30129
393
29
220
15
3
318
429
2610
10480
553
198
12189
393
67
28
16
53031
279
26602
628
11822
506
866
2234
4082
279
220
16
19
11641
82
30
198
44268
364
26602
25
198
12
12851
866
11641
25
6087
494
220
16
30
13483
318
267
1264
220
16
1411
220
15
553
198
12
4486
11641
220
16
25
18306
220
17
13
6087
310
220
16
13
7571
13
198
12
2423
198
12
4486
11641
220
16
19
25
18306
393
17
46227
16
19
92
12576
6087
310
393
17
46227
16
19
19130
16
12576
7571
13
198
4272
1017
513
220
16
19
3102
15250
30
198
3850
4087
369
220
16
20
13
198
13784
11
413
393
67
28
15
53031
393
74
28
17
46227
16
19
92
12576
11801
25
220
16
318
528
11641
82
553
198
7354
5337
283
39954
679
84
28
16
19
11
293
28
15
3
8
478
39954
679
84
28
16
19
11
293
28
16
3
11504
198
54
912
679
84
28
16
19
11
293
28
15
3
8
283
220
16
13
198
54
912
679
84
28
16
19
11
293
28
16
3
8
283
220
16
19
30
198
7354
283
220
16
20
13
198
1919
8798
1510
1767
1611
912
2270
1217
1264
7
16
21
18
23
18
8
606
220
16
20
63
0
198
8839
25
393
16
21
18
23
18
283
220
17
46227
16
19
92
471
220
16
12576
198
4272
364
393
74
283
220
17
61
84
471
293
53031
567
2542
888
2610
393
84
3
30
198
50821
11
364
264
8097
393
74
53031
1017
2493
381
5081
13139
4771
84
11
293
14646
1680
421
393
17
61
84
471
293
283
580
12576
198
12189
393
67
1088
689
220
15
53031
567
1902
599
393
17
61
84
1088
689
580
12576
198
13007
393
67
3
369
279
1324
314
26602
10480
13
198
760
1324
314
2610
22958
314
393
84
3
11641
82
321
393
67
3
26602
82
440
874
23173
26602
82
321
35342
393
29
220
15
3
20908
13
271
9764
393
32
7897
11
293
14646
381
279
1324
314
2610
12351
440
393
84
3
11641
82
321
393
67
3
26602
82
13
198
760
2702
5337
310
5372
393
74
3
369
56014
1200
14717
84
92
357
7897
11
220
17
61
84
471
580
14646
364
660
393
84
3
1680
421
393
17
61
84
1088
689
580
12576
271
4199
310
10724
393
32
7897
11
293
14646
30
198
7354
9599
303
8240
25
393
84
49682
12576
198
1596
1144
310
1925
393
67
3
26602
82
303
393
84
49682
3
15250
1680
421
25
198
16
13
2233
1330
26602
82
513
23194
13
198
17
13
561
1752
2496
27692
24993
4485
82
279
18169
2876
318
267
1264
56014
273
220
15
3
553
271
760
328
2083
23173
26602
82
1
2876
3254
567
628
958
279
328
35425
321
15436
1
440
31092
1654
413
279
18169
5532
914
1017
13
198
2742
314
5337
310
29880
393
84
3
533
579
321
393
67
3
414
579
440
874
29891
369
56014
6649
315
90
84
10
16
14728
67
92
12576
198
1919
369
264
5129
1067
25
21513
393
67
3
15250
494
393
84
10
16
3
3102
31092
2094
393
84
3
533
579
13
271
6820
11
1503
279
328
267
1264
393
29
220
15
88827
20908
3915
680
866
314
1439
56014
6649
315
90
84
10
16
14728
67
30675
12351
30
198
9764
579
1716
393
74
28
16
3
1651
84
28
15
11
293
28
15
3
30
2233
11
393
17
61
15
28
16
11
293
28
15
1088
6182
536
580
28
16
12576
393
32
7
15
11
15
11393
16
3
30
198
92451
28
16
3
1048
494
393
84
28
16
11
293
28
16
1088
6182
536
220
17
61
16
12
16
28
16
12576
393
32
7
16
11
16
14646
30
198
92451
28
16
3
1048
494
393
84
28
17
11
293
28
18
1088
6182
536
220
19
12
18
28
16
12576
198
92451
28
16
3
1048
494
393
84
28
18
11
293
28
22
1088
6182
536
220
23
12
22
28
16
12576
271
9764
579
1716
393
32
7
15
11
15
8
12576
27929
25
43413
4980
506
220
16
13
55406
220
16
13
4356
220
16
13
198
3
32
7
16
11
16
8
12576
27929
1902
599
220
16
533
11
220
16
414
13
198
63020
69505
314
533
26386
25
75862
11
45485
13
198
12
75862
25
4980
220
16
13
3038
310
220
17
13
6087
310
220
16
13
7571
13
198
12
45485
25
4980
220
16
13
6087
310
220
15
13
13483
13
198
4272
393
32
7
16
11
16
8
283
220
16
12576
198
3
32
7
17
11
18
8
12576
393
84
28
17
11
293
28
18
12576
56014
6649
315
90
17
10
16
14728
18
92
283
1088
6649
315
90
18
14728
18
92
283
220
16
12576
198
13673
25
414
533
414
533
414
30
2233
11
874
23173
414
82
13
198
2278
393
67
835
560
53031
424
579
11656
310
5471
23173
414
82
413
567
1132
599
393
84
10
16
3
15250
30
198
13784
11
56014
6649
315
90
84
10
16
14728
67
30675
369
220
15
413
393
67
835
560
10
16
12576
198
8160
393
67
28
18
11
560
28
17
1088
6182
536
293
283
560
10
16
12576
56014
6649
315
90
18
14728
18
49463
16
12576
198
760
1132
25278
369
414
533
414
533
414
30
2233
11
421
682
23173
414
82
30
198
38
2538
2094
533
533
25
88461
533
696
533
696
27653
220
18
31092
13
10454
220
18
414
82
25
414
533
414
533
414
13
198
3840
10480
25
198
3367
220
16
13
198
16
13
414
25
220
16
397
15
13
13483
13
198
4272
411
1752
369
8060
4016
310
18169
13
198
43022
393
32
7
17
11
18
8
283
220
15
12576
271
4272
364
393
74
28
16
60439
198
3
84
28
15
11
293
28
15
25
357
7
15
11
15
8
283
220
16
12576
198
3
84
28
16
11
293
28
16
25
357
7
16
11
16
8
283
220
16
12576
198
3
84
28
17
11
293
28
18
25
357
7
17
11
18
8
283
220
15
12576
198
3
84
28
18
11
293
28
22
25
293
835
560
10
16
1088
6182
536
220
15
12576
198
8917
283
220
17
13
198
3850
3481
4087
364
393
74
28
16
3
369
220
19
13
198
8791
513
279
975
220
17
5337
30
271
20734
393
84
3
3070
914
599
310
381
16866
30
198
13784
11
1467
353
3016
393
84
3
2663
30
198
92451
28
16
12576
198
3
17
61
84
471
293
283
220
16
1088
6182
536
293
283
220
17
61
84
471
220
16
12576
198
3
84
28
15
1088
6182
536
293
28
15
12576
198
3
84
28
16
1088
6182
536
293
28
16
12576
198
3
84
28
17
1088
6182
536
293
28
18
12576
198
3
84
28
18
1088
6182
536
293
28
22
12576
271
9764
579
311
5478
19042
393
32
7
16
11
16
8
12576
198
1596
1669
220
16
2610
1752
25
75862
13
198
3742
1017
2361
30
198
3710
413
279
7538
5373
70573
20648
30
198
2665
11
279
1558
4816
4252
13
271
9764
579
1716
393
74
28
15
12576
198
3
17
61
84
471
293
283
220
15
1088
6182
536
293
283
220
17
61
84
12576
198
3
84
28
15
11
293
28
16
60439
56014
6649
315
90
16
14728
16
49463
16
12576
7683
414
13
4980
220
16
397
15
13
13483
318
331
220
15
35594
553
198
3
84
28
16
11
293
28
17
60439
56014
6649
315
90
17
14728
17
49463
16
12576
7683
414
533
414
13
198
3367
220
16
13
198
16
13
414
25
220
16
397
15
13
13483
13
198
4272
220
15
13
198
3
84
28
17
11
293
28
19
60439
56014
6649
315
90
18
14728
19
49463
15
12576
198
8917
283
220
15
13
198
18326
4087
364
393
74
28
15
3
369
220
17
13
271
3733
369
264
75332
13
561
328
62980
1
2876
2493
381
2086
13
198
1
32157
381
1429
2423
383
35342
220
15
3158
198
1919
2493
2977
488
628
12241
310
220
15
11
694
488
4021
17320
10501
264
26602
3166
4154
220
15
13
198
2939
6970
488
628
708
26602
310
220
15
30
198
2592
2019
310
220
15
369
5252
25
198
92451
28
15
3
12351
25
198
3
84
28
15
11
293
28
16
60439
414
13
4980
220
16
397
15
13
7571
413
220
15
369
5252
8833
13
4356
220
16
13
198
3
84
28
16
11
293
28
17
60439
414
533
414
13
198
16
13
414
25
220
16
397
15
13
198
17
13
533
25
220
15
478
220
17
61
15
283
220
16
13
27846
220
16
13
198
18
13
414
25
220
16
397
15
13
198
3952
30
7179
11
874
23173
26602
82
318
35
11
533
11
414
553
769
1264
2496
328
267
912
1
383
220
15
30
1049
20406
220
15
13
198
2427
220
16
13
198
3
84
28
17
11
293
28
19
60439
56014
6649
315
90
18
14728
19
49463
15
12576
198
8917
283
220
17
13
59187
393
74
28
15
1088
18899
220
17
12576
271
92451
28
16
3
12351
318
265
2595
5672
440
328
15
5252
35821
198
3
84
28
15
11
293
28
15
60439
1535
318
3367
506
220
16
553
4356
220
16
13
198
3
84
28
16
11
293
28
16
60439
75862
11
45485
13
198
12
75862
25
220
16
397
17
397
16
13
7571
13
198
12
45485
25
220
16
397
15
397
16
13
318
16
397
15
414
11
220
15
397
16
533
553
7571
13
198
2427
220
17
13
198
3
84
28
17
11
293
28
18
60439
56014
6649
315
90
18
14728
18
49463
16
12576
414
533
414
533
414
30
2233
11
220
17
3852
11
220
18
414
82
13
469
2538
220
18
13
414
533
414
533
414
13
198
16
13
414
25
220
16
397
15
13
198
17
13
533
25
220
15
397
16
13
27846
220
16
13
198
18
13
414
25
220
16
397
15
13
198
19
13
533
25
220
15
397
16
13
27846
220
17
13
198
20
13
414
25
220
16
397
15
13
58518
506
220
15
13
198
13784
11
567
1318
310
809
506
220
16
13
198
92451
28
16
12576
198
3
17
61
17
471
220
18
283
220
16
12576
198
1757
414
533
414
533
414
10029
506
220
15
30
198
3367
220
16
13
198
44264
25
414
3944
16
681
533
39587
16
681
414
3944
16
681
533
39587
17
681
414
3944
16
553
198
8917
25
393
12
16
10
16
12
16
10
17
12
16
283
220
15
12576
198
3601
35342
25
393
16
10
15
28
16
12576
198
9764
579
11319
25
198
16
397
15
318
35
8
198
15
397
16
318
52
11
7538
220
15
397
16
8
198
16
397
15
318
35
8
198
15
397
17
318
52
11
7538
220
16
397
17
8
907
2233
11
393
15
10
17
61
16
28
17
12576
198
17
397
16
318
35
8
198
3601
506
220
16
13
198
3952
30
198
1073
82819
414
82
30
2233
13
198
608
1264
220
15
11653
30
7179
13
55688
30
7179
13
198
2427
220
16
13
198
3
84
28
18
11
293
28
22
60439
56014
6649
315
90
19
14728
22
49463
15
12576
198
7354
364
393
74
28
16
60439
393
16
478
220
17
478
220
16
283
220
19
12576
59187
393
74
28
16
1088
18899
220
19
12576
271
4272
279
5728
369
25
198
16
13
769
1264
220
15
369
264
2610
1528
318
4660
4128
383
424
553
198
17
13
33508
2649
26602
494
220
15
13
318
12189
393
15
12
16
10512
16
3
30
2441
1066
5728
328
263
35342
220
15
1764
198
256
733
414
533
414
533
414
3010
25
198
256
14142
220
18
25
6087
494
220
16
310
220
15
13
7571
318
3488
220
16
553
198
256
14142
220
20
25
6087
494
220
16
310
220
15
13
7571
318
3488
220
16
553
198
256
14142
220
16
25
6087
494
220
16
310
220
15
13
7571
318
3488
220
16
553
198
256
1165
2496
708
6087
4154
220
15
13
198
256
561
20908
328
32157
381
1429
2423
383
35342
220
15
1
13057
3254
328
16928
708
6087
413
8852
769
1264
369
220
15
3158
198
256
8439
567
1151
506
220
16
11
321
6087
31192
82
220
16
11
413
567
513
506
220
15
11
567
1902
708
3038
13
198
256
1061
369
12594
440
279
328
2083
23173
81756
1
413
567
513
506
220
15
30
198
256
1368
567
513
506
220
15
11
1483
3166
557
4222
3038
466
4980
13
198
256
1368
1483
3166
557
6087
11
567
1000
599
2445
494
220
16
310
220
15
13
4844
1727
4021
381
6087
13
1987
1902
381
3038
13
198
256
1987
279
20908
328
2665
23173
81756
1
478
328
16928
6087
494
220
15
1
369
46142
30
198
256
1368
567
513
506
220
15
11
567
1066
2597
1017
4417
6087
13
1987
1727
4021
381
6087
13
198
256
1987
567
1066
1144
328
2665
23173
81756
1
321
328
608
1264
2518
220
15
42418
198
5690
256
6558
579
1716
413
866
1752
303
56014
6649
315
90
84
10
16
14728
67
30675
48624
769
1264
56014
689
220
15
12576
198
256
733
279
5129
3493
16762
518
1558
56014
6649
315
90
84
10
16
14728
67
30675
11
567
1925
414
82
303
31092
13
198
256
12193
411
14988
769
1264
56014
689
220
15
3
30
198
256
1690
393
74
28
16
11
560
28
16
11
293
28
16
53031
1752
45485
25
198
256
414
25
220
16
397
15
13
198
256
533
25
220
15
397
16
13
198
256
769
1264
56014
689
220
15
12576
10092
13
198
5690
256
1690
393
74
28
15
11
560
28
15
11
293
28
16
53031
1752
414
25
198
256
414
25
220
16
397
15
13
198
256
769
1264
56014
689
220
15
12576
10092
13
271
256
1049
4816
421
440
4980
506
220
16
11
321
7123
56014
5022
220
16
3
318
35
8
321
393
17
61
73
3
318
52
681
321
874
23173
81756
11
279
35342
2496
20382
3559
220
15
30
198
256
6558
579
1716
264
1105
1332
424
2493
13
198
256
393
84
28
16
11
293
28
16
12576
7683
75862
25
220
16
397
17
397
16
13
198
256
7683
45485
25
220
16
397
15
397
16
13
198
5690
256
3437
413
393
84
28
17
11
293
28
18
3
30
7683
414
533
414
533
414
13
198
256
220
16
397
15
397
16
397
15
397
17
397
16
13
198
256
3277
35342
220
15
13
198
5690
256
3437
413
393
67
3
369
3349
30
198
256
393
84
28
15
11
293
28
16
12576
414
13
220
16
397
15
13
198
5690
256
2091
424
3102
310
708
310
471
16
30
198
256
1946
708
310
471
16
11
567
1902
6087
494
220
15
13
198
256
1946
6087
494
220
15
11
1483
3166
1902
524
381
6087
13
198
256
1368
1483
3166
557
3038
11
567
1362
381
506
220
15
13
198
256
12996
25
4980
220
16
13
533
30
2233
11
533
494
220
16
369
310
220
17
13
198
256
1946
381
506
220
15
11
567
1902
599
6087
494
220
16
13
198
256
1987
310
381
506
220
15
11
1483
3166
369
414
13
198
256
9019
4021
381
414
318
435
82819
553
198
256
1987
1727
369
533
13
198
256
1987
567
628
2496
6087
494
220
15
13
198
256
13891
11
35342
2496
361
220
15
13
198
5690
256
71366
25
561
1324
314
5337
369
4777
56014
1200
14717
84
92
1088
6649
315
90
84
10
16
14728
17
61
84
471
580
30675
364
660
393
84
1088
689
220
15
3
1680
421
393
15
1088
273
220
17
61
84
471
580
1088
273
560
10
16
12576
198
256
6817
25
56014
6649
315
88216
14728
74
92
283
220
15
3
413
393
74
361
220
15
3
466
393
74
835
307
12576
198
5690
256
6558
579
9845
393
74
28
16
21
18
23
18
283
220
17
46227
16
19
92
471
220
16
12576
198
256
393
67
283
220
17
46227
16
19
92
471
220
16
21
18
23
18
283
220
16
12576
198
256
393
84
28
16
19
11
293
28
16
12576
56014
6649
315
90
16
20
14728
16
92
283
220
16
20
12576
198
256
6728
393
84
3
30
198
256
393
84
28
16
18
11
293
28
17
46227
16
18
19130
16
21
18
23
18
361
220
15
12576
198
256
393
84
28
16
20
11
293
28
17
46227
16
20
19130
16
21
18
23
18
283
220
18
17
22
21
23
12
16
21
18
23
18
283
220
16
21
18
23
20
12576
198
256
4109
413
393
67
1088
273
560
10
16
283
220
16
21
12576
393
16
21
18
23
20
835
220
16
21
12576
56014
6649
315
90
16
21
14728
16
21
18
23
20
92
283
220
15
12576
198
256
1987
1132
393
84
28
16
19
3
41553
220
16
20
13
198
256
59187
220
16
20
13
271
256
6558
579
9845
393
74
28
20
16
17
283
220
17
61
24
12576
198
256
393
67
28
15
12576
198
256
393
84
28
24
11
293
28
15
12576
56014
6649
315
90
16
15
14728
15
92
283
220
16
12576
198
256
393
84
28
23
11
293
28
17
20
21
12576
56014
6649
315
90
24
14728
17
20
21
92
283
220
15
12576
198
256
393
84
28
16
15
11
293
28
16
15
17
19
12
20
16
17
28
20
16
17
12576
56014
6649
315
90
16
16
14728
20
16
17
92
283
220
15
12576
198
256
5536
220
16
13
59187
13
271
256
6558
579
9845
393
74
28
15
12576
198
256
393
67
28
17
61
84
12576
198
256
393
84
28
15
11
293
28
16
12576
56014
6649
315
90
16
14728
16
49463
16
12576
198
256
393
84
28
16
11
293
28
17
12576
56014
6649
315
90
17
14728
17
49463
16
12576
198
256
393
84
28
17
11
293
28
19
12576
56014
6649
315
90
18
14728
19
49463
15
12576
198
256
5536
220
17
13
59187
13
271
256
6558
579
9845
393
74
28
16
18
19
17
16
22
22
17
23
283
220
17
46227
17
22
92
12576
198
256
393
84
28
17
22
11
293
28
15
1088
6182
536
220
16
12576
198
256
5536
220
16
13
59187
13
271
256
6558
579
9845
393
74
28
16
18
20
12576
198
256
4109
393
84
3
1680
421
393
17
61
84
1088
689
220
16
18
20
3
321
393
17
61
84
471
220
16
18
20
1088
273
560
10
16
12576
198
256
393
84
28
22
11
220
17
61
22
28
16
17
23
361
220
16
18
20
12576
198
256
393
84
28
23
11
220
17
61
23
28
17
20
21
11
293
28
16
17
16
12576
56014
6649
315
90
24
14728
16
17
16
49463
15
12576
198
256
393
84
28
24
11
220
17
61
24
28
20
16
17
11
293
28
18
22
22
12576
56014
6649
315
90
16
15
14728
18
22
22
49463
15
12576
198
256
5536
220
15
13
59187
13
271
256
6558
579
9845
393
74
28
16
18
19
17
16
22
22
17
21
12576
198
256
393
16
18
19
17
16
22
22
17
23
471
220
17
283
220
16
18
19
17
16
22
22
17
21
12576
198
256
393
84
28
17
22
11
293
28
17
12576
56014
6649
315
90
17
23
14728
17
92
283
1088
35790
90
17
23
1088
14695
220
17
22
14728
17
92
283
220
18
22
23
12576
198
256
5536
220
18
22
23
13
59187
0
271
256
6558
579
9845
393
74
28
16
15
22
18
22
19
16
23
16
21
12576
198
256
393
16
15
22
18
22
19
16
23
17
19
283
220
17
46227
18
15
92
12576
198
256
393
74
283
220
17
46227
18
15
92
471
220
23
12576
198
256
393
84
28
18
15
11
293
28
23
12576
56014
6649
315
90
18
16
14728
23
92
12576
198
256
56014
6649
315
90
18
16
14728
23
92
283
1088
35790
90
18
16
1088
14695
220
18
15
1088
14695
220
17
24
1088
14695
220
17
23
1088
14695
220
17
22
1088
14695
220
17
21
1088
14695
220
17
20
1088
14695
220
17
19
14728
23
1088
14695
220
22
1088
14695
220
21
1088
14695
220
20
1088
14695
220
19
1088
14695
220
18
1088
14695
220
17
1088
14695
220
16
92
12576
198
256
71690
25
198
256
393
18
16
1088
14695
220
18
15
1088
14695
220
17
24
1088
14695
220
17
23
1088
14695
220
17
22
1088
14695
220
17
21
1088
14695
220
17
20
1088
14695
220
17
19
593
220
19
15
18
17
15
12576
198
256
1061
16327
220
22
11
23
23
23
11
22
17
20
13
59187
0
271
256
14833
11
279
14377
369
25
198
256
25273
1088
1272
90
67240
92
283
1088
1200
14717
84
28
15
92
61
34521
258
35733
92
1088
6649
315
90
84
10
16
14728
17
61
84
471
580
92
25273
198
256
1332
279
2542
369
888
393
84
3
1680
421
393
15
1088
273
220
17
61
84
471
580
1088
273
560
10
16
12576
271
256
29806
3447
25
198
256
471
52516
393
84
3
494
220
15
42499
13
198
256
471
13809
948
393
17
61
84
471
580
835
560
10
16
3
3449
393
17
61
84
471
580
3
9257
310
2965
10281
1056
393
84
10
16
12576
198
257
8439
393
17
61
84
3
26817
71630
321
393
84
10
16
3
13094
391
11
2957
393
17
61
84
471
580
835
560
10
16
53031
364
660
7875
393
84
53031
393
17
61
84
471
580
3
668
381
1691
7875
1056
393
84
10
16
12576
198
257
43274
11
413
393
17
61
84
835
580
478
560
478
220
16
53031
567
628
2842
13
198
256
471
19892
56014
6649
315
88216
14728
81
30675
1608
7308
33633
13
198
256
471
7860
279
2610
9261
20220
35608
13
271
256
10041
1105
25
393
74
28
15
12576
393
84
28
15
11
293
28
16
1088
273
220
16
12576
10092
13
198
5690
256
7252
393
74
283
220
16
15
61
24
12576
198
256
393
17
46227
18
15
92
1088
46451
220
16
15
61
24
12576
198
256
20703
393
84
3
685
310
3835
18
15
12
18
20
13
14862
4778
13
271
71093
12305
198
464
6673
271
727
307
15529
1393
11
427
1590
198
262
413
427
361
220
15
466
427
835
307
25
198
285
460
220
15
198
262
413
427
606
220
15
466
427
606
307
25
198
285
460
220
16
198
262
413
427
835
307
434
220
17
25
198
285
427
283
307
471
427
6987
262
577
283
220
16
198
262
364
585
303
2020
2515
1590
198
285
577
283
577
348
318
77
471
585
8
434
318
72
478
220
16
8
198
262
460
577
271
727
1698
1611
912
2270
1217
1264
5781
25
514
8
1411
514
25
198
262
2702
1611
912
283
220
15
198
262
560
283
220
15
198
262
1345
2912
25
198
285
2279
3456
62
17
283
220
16
1079
560
220
653
220
17
61
84
198
285
293
283
2279
3456
62
17
471
580
8675
285
653
1368
293
361
220
15
11
220
17
61
84
361
580
13
8439
220
17
61
84
26817
11
567
2962
2980
220
17
61
84
2518
580
13
198
285
413
293
361
220
15
25
198
309
560
1373
220
16
198
309
2962
18015
285
653
1368
293
835
560
478
220
16
11
1179
9261
20220
17069
369
220
15
13
198
285
653
7054
11
2394
220
17
61
84
26817
71630
11
413
293
835
560
478
220
16
11
695
285
653
424
668
1132
615
10639
364
7875
560
13
198
285
413
293
835
560
478
220
16
25
198
309
1387
18015
285
2702
1611
912
1373
307
15529
7897
478
220
16
11
293
8
198
285
560
1373
220
16
8675
285
653
18139
1387
11
3384
11870
3294
1220
73549
198
285
413
560
835
220
21
15
25
198
309
1387
18015
262
460
2702
1611
912
271
727
1716
69574
1590
198
262
1992
8871
7
15
8
606
220
17
198
262
1992
8871
7
16
8
606
220
19
198
262
1992
8871
7
16
18
19
17
16
22
22
17
21
8
606
220
18
22
23
198
262
1992
8871
7
16
15
22
18
22
19
16
23
16
21
8
606
220
22
23
23
23
22
17
20
198
262
1992
8871
7
20
16
17
8
606
220
16
198
262
1992
8871
7
16
15
20
21
24
21
19
21
15
23
8
606
220
15
198
262
1992
8871
7
16
24
20
20
17
21
21
23
17
8
606
220
15
198
262
1992
8871
7
24
18
24
20
17
19
15
24
21
8
606
220
15
198
262
1992
8871
7
16
18
19
17
16
22
22
17
23
8
606
220
16
198
262
1992
8871
7
16
15
22
18
21
22
21
17
23
23
8
606
220
15
198
262
1992
8871
7
16
15
15
15
15
15
15
15
15
15
8
606
220
15
198
262
1992
8871
7
23
23
17
16
20
23
23
21
21
8
606
220
15
198
262
1992
8871
7
24
24
24
24
24
24
24
24
20
8
606
220
15
198
262
1992
8871
7
17
21
23
19
18
20
19
20
21
8
606
220
16
220
653
61806
82170
303
3889
1228
318
588
1018
220
15
11
799
1018
220
16
8
198
262
1992
8871
7
18
16
18
17
17
21
8
606
220
15
198
262
1992
8871
7
16
21
18
23
18
8
606
220
16
20
198
262
653
561
2018
26532
364
220
17
21
23
19
18
20
19
20
21
557
220
16
13
561
1118
557
220
15
13
198
262
653
19592
383
5215
11
220
17
61
17
23
1220
381
220
16
13
198
262
653
353
668
1542
279
1716
430
3766
303
279
9640
11
694
5020
279
11712
13
198
262
653
561
9640
682
25
198
262
653
1992
8871
7
17
21
23
19
18
20
19
20
21
8
606
220
15
198
262
653
2423
198
262
653
1992
8871
7
17
21
23
19
18
20
19
20
21
8
606
220
16
198
262
653
1061
668
3564
799
314
1070
13
198
262
653
4213
11
353
1902
1440
12719
6813
13
198
262
653
1368
279
6813
513
15433
430
5158
11
424
579
11656
13
198
262
653
61806
279
45719
26532
369
279
10287
799
11
466
279
33660
369
264
82170
13
198
262
653
15767
220
20
16
17
397
16
11
220
16
18
19
44
397
16
11
220
17
21
23
44
397
16
369
12594
13
198
262
653
353
668
4072
279
709
12083
13
561
1228
31338
668
15919
413
1017
579
264
3050
22134
13
198
262
653
1921
3655
11
413
353
9042
1970
11
279
6813
513
8097
13
198
262
653
353
668
9370
279
716
314
6813
303
279
1510
1960
63
709
3766
303
279
9640
369
1092
353
1144
310
1440
13
198
262
653
8439
353
4021
5427
6813
11
321
781
41050
11
353
668
3300
279
4252
11870
13
198
262
653
733
449
4880
6906
26412
11
353
1000
35932
13
5514
11
353
3172
8941
310
279
6673
13
198
262
1440
271
2
997
12
5961
279
9640
579
1716
709
15060
13
198
2
1049
11140
25
198
2
1992
8871
7
17
21
23
19
18
20
19
20
21
8
606
220
15
198
2
2423
198
2
1992
8871
7
17
21
23
19
18
20
19
20
21
8
606
220
16
198
2
1061
369
8231
264
9584
303
279
3377
4952
13
198
2
4213
11
353
668
3300
279
709
421
8798
279
8421
314
279
12261
13
198
71093
248046
198
248045
846
198
7525
3555
4621
4490
279
6813
13
5514
579
279
1412
25
198
6347
1371
318
3444
3110
1562
1483
1590
198
220
2793
34397
51
5032
4428
80
48
53
9420
6971
487
1500
220
20
22
11
303
361
4211
29
198
262
1716
11181
1611
912
2270
1217
1264
8
198
220
2793
34397
51
5032
4428
80
48
53
9420
6971
487
1500
220
17
20
11
303
1716
198
262
1992
8871
7
15
8
606
220
17
198
1779
6108
59641
59641
59641
59641
198
66317
1401
14200
1206
311
40138
11
411
369
678
3274
25
4310
279
2614
709
11618
321
4479
889
11
6999
4072
279
709
7246
321
1440
660
279
6813
13
2972
5683
4045
67305
3067
13209
50
159029
271
2523
1220
14623
279
1970
488
10490
303
264
64504
1970
2424
318
784
9609
31789
318
19458
668
31153
279
3889
5568
8
248046
198
248045
74455
198
248068
271
248069
271
1206
11290
411
3377
11
567
1144
310
7995
279
1324
314
12103
5337
28445
628
5372
35342
1510
74
63
5732
494
35342
220
16
440
264
7538
869
314
220
15
13
561
1328
21254
369
421
279
3377
628
381
59476
1608
3493
16762
1171
3018
383
279
1324
314
328
2248
1
10480
321
328
4308
1
10480
13
271
13962
17775
271
16
13
220
2972
1349
75371
92217
198
262
471
256
28445
8211
506
35342
220
16
13
198
262
471
256
1473
328
2248
1
3166
494
35342
1510
72
63
440
7538
869
1510
73
63
4829
1024
310
1510
72
478
220
17
61
73
63
321
59521
1510
73
63
310
1510
73
10
16
27653
198
262
471
256
357
328
4308
1
3166
494
35342
1510
72
63
4829
1024
310
1510
72
471
220
16
27653
1061
4021
381
2725
19301
330
3032
11
321
4021
381
2725
494
35342
220
15
318
4387
35342
220
15
369
264
2610
2234
310
381
348
263
11961
799
4021
2649
264
6087
3166
494
424
11
864
369
12594
440
279
328
2083
23173
37894
1
5728
413
279
3555
3166
557
6087
553
271
17
13
220
2972
1757
27662
92217
198
262
471
256
6558
393
84
3
381
279
1324
314
328
2248
1
10480
13
561
2702
41633
18991
539
328
2248
1
10480
369
56014
1200
14717
73
28
15
92
46227
84
12
16
92
220
17
61
73
283
220
17
61
84
471
220
16
12576
198
262
471
256
6558
393
67
3
381
279
1324
314
328
4308
1
10480
13
8618
328
4308
1
3166
41553
471
16
13
198
262
471
256
561
1534
35342
2234
393
74
3
369
2574
539
25
393
16
478
318
17
61
84
471
220
16
8
471
293
283
220
17
61
84
471
293
12576
198
262
471
256
14833
11
393
67
283
220
17
61
84
471
580
12576
198
262
471
256
1690
264
2610
1752
11
567
1902
599
393
67
1088
689
220
15
53031
748
393
17
61
84
1088
689
580
12576
271
18
13
220
2972
2427
286
7571
24027
2303
92217
198
262
471
256
357
8240
16661
314
393
84
3
328
2248
1
10480
321
393
67
3
328
4308
1
10480
13
198
262
471
256
561
20908
328
2083
1330
6087
10480
628
381
23173
1
3254
421
279
393
67
3
6087
10480
1902
381
8826
303
279
31092
1881
279
393
84
3
3038
10480
318
15693
279
10029
553
2532
513
393
84
10
16
3
1680
31092
13
198
262
471
256
561
1324
314
5337
310
4992
393
67
3
31092
680
314
393
84
10
16
3
369
56014
6649
315
90
84
10
16
14728
67
92
12576
198
262
471
256
1165
1902
1048
5790
279
1752
2496
5601
3559
35342
220
15
13
1577
13849
303
279
3272
1817
11
5732
494
220
16
321
2614
279
5426
318
2665
23173
81756
11
6087
494
220
16
5601
310
220
15
681
279
35342
1698
2496
20382
3559
220
15
13
13891
11
660
26569
56014
6649
315
90
84
10
16
14728
67
30675
513
2610
3766
393
67
1088
273
560
10
16
12576
1368
393
67
835
560
10
16
53031
424
579
11656
310
1925
279
6087
10480
1973
1070
1602
23173
11
748
279
1698
369
220
15
13
271
19
13
220
2972
26943
92217
198
262
471
256
52516
1472
3102
2663
314
393
84
3
5732
494
220
15
13
198
262
471
256
19892
393
67
283
220
17
61
84
471
580
12576
198
262
471
256
1368
393
67
361
220
15
53031
2962
318
16546
777
68895
553
198
262
471
256
1368
393
67
835
560
478
220
16
53031
1387
318
10957
393
17
61
84
3
26817
71630
11
393
67
3
668
1132
5096
8410
310
393
84
10
16
53031
3154
2610
12351
11656
364
7875
393
84
3
553
198
262
471
256
17673
11
884
56014
6649
315
90
84
10
16
14728
67
30675
310
279
2702
1698
13
271
13962
29806
271
71093
12305
198
727
307
15529
1393
11
427
1590
198
262
413
427
361
220
15
466
427
835
307
25
198
285
460
220
15
198
262
413
427
606
220
15
466
427
606
307
25
198
285
460
220
16
198
262
413
427
835
307
434
220
17
25
198
285
427
283
307
471
427
6987
262
577
283
220
16
198
262
364
585
303
2020
2515
1590
198
285
577
283
577
348
318
77
471
585
8
434
318
72
478
220
16
8
198
262
460
577
271
727
1698
1611
912
2270
1217
1264
5781
25
514
8
1411
514
25
198
262
2702
1611
912
283
220
15
198
262
560
283
220
15
198
262
1345
2912
25
198
285
653
19892
220
17
61
84
198
285
2279
3456
62
17
283
220
16
1079
560
8675
285
653
19892
2483
6087
10480
198
285
293
283
2279
3456
62
17
471
580
8675
285
653
1368
220
17
61
84
361
580
11
567
1144
777
3038
10480
13
14569
13
198
285
413
293
361
220
15
25
198
309
560
1373
220
16
198
309
2962
8675
285
653
1368
293
835
560
478
220
16
11
567
4021
1925
293
6087
10480
303
560
10
16
31092
1973
23173
81756
13
198
285
653
8439
220
17
61
84
26817
1691
10281
1056
560
11
364
866
7875
560
11
293
668
381
1442
7875
8410
310
560
10
16
13
198
285
413
293
835
560
478
220
16
25
198
309
1387
8675
285
653
2604
279
1324
314
2610
69505
198
285
2702
1611
912
1373
307
15529
7897
478
220
16
11
293
8
198
1726
285
560
1373
220
16
8675
285
653
18139
1387
364
8744
3349
580
318
4387
6136
11870
13081
33265
8
198
285
413
560
835
220
21
15
25
198
309
1387
18015
262
460
2702
1611
912
271
727
1716
69574
1590
198
262
1992
8871
7
15
8
606
220
17
198
262
1992
8871
7
16
8
606
220
19
198
262
1992
8871
7
16
18
19
17
16
22
22
17
21
8
606
220
18
22
23
198
262
1992
8871
7
16
15
22
18
22
19
16
23
16
21
8
606
220
22
23
23
23
22
17
20
198
262
1992
8871
7
20
16
17
8
606
220
16
198
262
1992
8871
7
16
15
20
21
24
21
19
21
15
23
8
606
220
15
198
262
1992
8871
7
16
24
20
20
17
21
21
23
17
8
606
220
15
198
262
1992
8871
7
24
18
24
20
17
19
15
24
21
8
606
220
15
198
262
1992
8871
7
16
18
19
17
16
22
22
17
23
8
606
220
16
198
262
1992
8871
7
16
15
22
18
21
22
21
17
23
23
8
606
220
15
198
262
1992
8871
7
16
15
15
15
15
15
15
15
15
15
8
606
220
15
198
262
1992
8871
7
23
23
17
16
20
23
23
21
21
8
606
220
15
198
262
1992
8871
7
24
24
24
24
24
24
24
24
20
8
606
220
15
198
262
653
6817
25
561
1228
15705
5435
264
48086
364
220
17
21
23
19
18
20
19
20
21
318
20385
220
15
321
220
16
553
198
262
653
19592
383
279
5215
318
17
83193
1411
220
16
681
220
17
21
23
19
18
20
19
20
21
318
17
61
17
23
8
1220
381
220
16
13
198
262
653
561
2018
26532
369
4222
279
10287
799
13
198
262
1992
8871
7
17
21
23
19
18
20
19
20
21
8
606
220
16
198
262
1992
8871
7
18
16
18
17
17
21
8
606
220
15
198
262
1992
8871
7
16
21
18
23
18
8
606
220
16
20
198
262
1992
8871
7
17
21
23
19
18
20
19
20
21
8
606
220
16
198
262
1992
8871
7
17
21
23
19
18
20
19
20
21
8
606
220
16
271
2
5272
1716
11181
1611
912
2270
1217
1264
8
310
1542
6813
13
198
71093
248046
198