248045
846
198
4274
279
2614
709
11618
321
4479
889
11
6999
4072
279
709
7246
321
1440
660
279
6813
13
2972
5683
4045
67305
3067
13209
50
159029
271
2523
1220
14623
279
1970
488
10490
303
264
64504
1970
2424
318
784
9609
31789
318
19458
668
31153
279
3889
5568
8
271
71093
198
1445
18904
1120
1697
11
23846
1358
727
1262
36146
1187
11327
7245
4546
1393
25
514
11
295
25
514
11
580
25
514
11
12454
25
1697
19723
5871
18078
11
514
11
514
28649
1411
514
25
198
262
4071
15767
264
35604
4145
8173
1962
72073
4618
440
307
16720
321
295
12454
11
198
262
1423
279
7776
2695
314
264
53915
4757
1332
279
2695
369
4364
430
279
2542
314
695
262
6607
13914
57844
580
13
198
1031
262
17167
25
198
285
307
25
5447
314
16720
318
17
2564
307
2564
220
23
8
198
285
295
25
5447
314
12454
318
77
12
16
2564
295
2564
307
6391
77
12
16
5443
17
8
198
285
580
25
5473
8498
869
318
16
2564
580
2564
220
16
15
61
16
20
8
198
285
12454
25
1697
314
43716
318
84
11
343
11
288
8
1332
560
321
343
513
16720
318
16
20834
290
8
321
288
369
279
4528
198
2215
471
220
16
2564
560
361
343
2564
307
198
2215
471
220
15
2564
288
361
580
6987
262
5019
25
198
285
561
7776
2695
314
264
53915
4757
57844
580
6987
262
11765
1262
36146
1187
11327
7245
4546
7
20
11
220
21
11
220
18
17
23
11
17294
16
11
220
17
11
220
24
24
681
318
16
11
220
18
11
220
16
15
17
681
318
17
11
220
18
11
220
23
21
681
318
17
11
220
19
11
220
24
19
681
318
17
11
220
20
11
220
24
20
681
318
18
11
220
19
11
220
23
16
45047
198
262
220
18
18
198
262
11765
1262
36146
1187
11327
7245
4546
7
21
11
220
20
11
220
24
24
23
17
19
19
18
20
18
11
17294
16
11
220
17
11
220
18
18
22
18
21
16
20
21
23
681
318
16
11
220
21
11
220
19
20
15
18
19
18
18
15
19
681
318
17
11
220
18
11
220
21
16
19
22
22
17
19
19
681
318
17
11
220
20
11
220
22
19
20
18
23
18
19
18
23
681
318
19
11
220
20
11
220
22
17
22
18
21
15
23
19
15
45047
198
262
220
18
17
20
19
18
22
21
23
23
198
262
4071
271
727
1716
69574
1590
198
262
653
18564
1228
4886
198
262
1992
8871
7
20
11
220
21
11
220
18
17
23
11
17294
16
11
220
17
11
220
24
24
681
318
16
11
220
18
11
220
16
15
17
681
318
17
11
220
18
11
220
23
21
681
318
17
11
220
19
11
220
24
19
681
318
17
11
220
20
11
220
24
20
681
318
18
11
220
19
11
220
23
16
45047
606
220
18
18
198
262
1992
8871
7
21
11
220
20
11
220
24
24
23
17
19
19
18
20
18
11
17294
16
11
220
17
11
220
18
18
22
18
21
16
20
21
23
681
318
16
11
220
21
11
220
19
20
15
18
19
18
18
15
19
681
318
17
11
220
18
11
220
21
16
19
22
22
17
19
19
681
318
17
11
220
20
11
220
22
19
20
18
23
18
19
18
23
681
318
19
11
220
20
11
220
22
17
22
18
21
15
23
19
15
45047
606
220
18
17
20
19
18
22
21
23
23
198
262
1992
8871
7
23
11
220
17
23
11
220
24
18
21
17
24
19
15
19
16
23
20
15
16
24
22
11
498
198
285
318
16
11
220
17
11
220
19
22
18
17
24
19
22
17
15
24
15
21
22
23
15
681
318
16
11
220
18
11
220
22
19
18
15
18
15
23
15
15
16
18
24
17
19
19
681
318
16
11
220
19
11
220
22
15
24
18
21
18
15
16
24
19
16
19
22
22
19
681
318
16
11
220
20
11
220
18
23
18
21
19
18
21
16
17
19
24
15
18
16
17
681
198
285
318
16
11
220
21
11
220
20
20
22
16
15
17
22
23
16
15
17
17
23
21
16
681
318
16
11
220
22
11
220
21
17
18
16
22
24
17
23
23
20
18
23
16
18
23
681
318
16
11
220
23
11
220
22
18
24
21
16
23
20
24
24
19
16
15
23
15
24
681
318
17
11
220
18
11
220
23
20
22
21
23
22
23
16
17
17
24
19
19
15
19
681
198
285
318
17
11
220
19
11
220
23
24
18
24
17
18
16
21
23
16
18
24
22
16
19
681
318
17
11
220
20
11
220
20
23
16
23
17
17
19
22
16
23
21
15
21
21
17
681
318
17
11
220
21
11
220
22
19
15
20
19
24
18
21
18
20
23
21
20
20
23
681
318
17
11
220
22
11
220
18
15
22
17
17
21
19
18
23
23
18
18
17
17
17
681
198
285
318
17
11
220
23
11
220
19
19
22
18
24
24
15
17
24
24
20
17
24
24
23
681
318
18
11
220
19
11
220
21
18
21
18
16
23
15
23
18
21
17
17
22
21
23
681
318
18
11
220
20
11
220
19
19
20
19
23
22
15
22
21
19
18
21
17
17
681
318
18
11
220
21
11
220
18
15
22
17
21
17
22
23
16
17
19
15
22
20
20
681
198
285
318
18
11
220
22
11
220
16
17
15
22
15
17
21
22
18
23
23
17
18
15
681
318
18
11
220
23
11
220
22
15
15
17
19
22
17
21
18
16
23
19
15
23
17
681
318
19
11
220
20
11
220
20
21
15
20
21
22
23
24
15
18
17
20
18
18
18
681
318
19
11
220
21
11
220
22
15
19
22
17
21
16
16
18
22
16
22
16
19
22
681
198
285
318
19
11
220
22
11
220
20
23
23
17
21
18
23
16
23
21
16
20
21
23
22
681
318
19
11
220
23
11
220
20
19
24
15
15
22
20
18
21
18
24
18
16
22
17
681
318
20
11
220
21
11
220
22
22
24
17
18
15
23
22
16
15
23
15
19
15
23
681
318
20
11
220
22
11
220
23
17
20
24
23
17
20
23
18
22
23
21
19
24
23
681
198
285
318
20
11
220
23
11
220
22
16
18
24
17
23
24
24
23
16
22
19
17
22
17
681
318
21
11
220
22
11
220
22
20
16
18
18
16
15
22
19
20
18
23
23
17
21
681
318
21
11
220
23
11
220
19
19
24
23
22
18
21
18
20
19
18
15
17
17
23
681
318
22
11
220
23
11
220
16
16
17
24
23
18
23
16
22
21
16
19
22
24
8
198
262
40199
606
220
16
16
18
21
15
22
16
21
18
22
18
6987
262
653
22484
1228
4886
198
262
1992
8871
7
17
11
220
16
11
220
17
19
24
24
20
24
24
17
23
23
22
23
24
16
21
11
17294
16
11
220
17
11
220
23
16
22
15
18
22
18
24
18
21
24
22
21
23
45047
606
220
23
16
22
15
18
22
18
24
18
21
24
22
21
23
198
262
1992
8871
7
17
11
220
16
11
220
24
15
24
17
20
20
18
24
16
15
18
22
22
18
22
11
17294
16
11
220
17
11
220
20
17
17
15
17
24
24
16
20
15
22
15
18
24
18
45047
606
220
20
17
17
15
17
24
24
16
20
15
22
15
18
24
18
198
262
1992
8871
7
17
11
220
16
11
220
18
23
19
22
24
17
23
15
17
23
19
15
22
19
23
11
17294
16
11
220
17
11
220
17
23
24
20
15
18
19
20
17
20
22
17
21
24
22
45047
606
220
17
23
24
20
15
18
19
20
17
20
22
17
21
24
22
198
262
1992
8871
7
17
11
220
16
11
220
24
18
24
23
20
22
16
19
22
20
20
15
21
23
22
11
17294
16
11
220
17
11
220
17
15
16
20
21
24
16
24
19
20
18
20
20
15
18
45047
606
220
17
15
16
20
21
24
16
24
19
20
18
20
20
15
18
198
262
1992
8871
7
18
11
220
17
11
220
23
20
17
24
19
22
16
21
18
23
17
23
17
24
11
17294
16
11
220
18
11
220
17
24
22
18
22
16
22
15
21
19
19
23
24
18
681
318
16
11
220
17
11
220
16
17
15
24
16
16
19
23
16
22
18
19
15
17
45047
606
220
19
16
23
17
23
18
16
23
23
16
23
17
24
20
198
262
1992
8871
7
18
11
220
17
11
220
17
20
21
15
21
18
21
16
20
16
17
19
16
21
20
11
17294
17
11
220
18
11
220
17
18
19
24
20
18
17
18
22
22
18
20
24
20
16
681
318
16
11
220
17
11
220
19
18
19
17
15
24
23
23
15
19
18
21
15
24
45047
606
220
17
17
18
16
15
21
16
15
21
20
20
18
24
20
198
262
1992
8871
7
18
11
220
18
11
220
16
16
24
24
20
24
17
20
21
20
19
20
22
16
21
11
17294
17
11
220
18
11
220
16
24
18
19
19
20
24
22
18
15
18
21
16
21
681
318
16
11
220
17
11
220
19
20
16
20
15
23
17
19
24
17
22
17
20
24
681
318
16
11
220
18
11
220
19
20
24
19
16
24
20
19
24
15
16
19
23
17
45047
606
220
21
19
19
24
20
19
17
17
17
18
15
23
22
20
6987
262
1992
8871
7
23
11
220
16
16
11
220
22
16
23
22
21
17
24
22
24
16
21
16
19
21
22
11
498
198
285
318
18
11
220
19
11
220
20
24
19
24
24
22
23
20
23
15
18
18
16
17
17
681
318
16
11
220
22
11
220
16
23
22
20
15
15
17
23
18
15
16
20
18
22
20
681
318
19
11
220
21
11
220
18
24
19
23
19
17
15
21
16
19
20
15
22
18
19
681
318
17
11
220
23
11
220
20
22
20
24
17
23
21
18
21
17
21
19
21
24
16
681
198
285
318
16
11
220
20
11
220
16
15
21
18
20
24
17
20
19
21
23
17
24
18
23
681
318
22
11
220
23
11
220
19
22
20
23
23
19
23
19
16
22
18
15
23
16
20
681
318
20
11
220
23
11
220
22
23
16
16
18
24
16
15
24
24
17
19
21
681
318
16
11
220
18
11
220
21
22
24
23
15
20
24
24
16
18
18
20
22
18
22
681
198
285
318
16
11
220
19
11
220
21
22
22
19
17
17
15
20
23
17
18
18
19
16
22
681
318
16
11
220
23
11
220
18
24
24
17
21
16
18
15
23
17
20
24
24
21
681
318
17
11
220
22
11
220
18
23
23
23
17
17
19
20
22
16
19
21
18
16
24
8
198
262
40199
606
220
18
20
20
23
20
15
18
15
24
19
24
19
21
22
6987
262
1992
8871
7
23
11
220
16
20
11
220
22
24
20
21
22
17
21
15
19
18
17
18
18
15
20
11
498
198
285
318
19
11
220
23
11
220
22
19
16
23
16
22
23
17
17
17
22
17
22
21
20
681
318
18
11
220
19
11
220
18
18
24
15
17
21
24
17
21
22
17
20
17
20
681
318
21
11
220
22
11
220
16
18
24
24
19
15
23
16
15
21
23
19
21
19
16
681
318
19
11
220
22
11
220
23
17
20
23
19
22
17
18
21
21
16
21
22
19
681
198
285
318
21
11
220
23
11
220
18
23
22
23
19
18
16
24
17
16
22
22
18
22
16
681
318
17
11
220
21
11
220
18
23
22
24
23
23
17
21
20
21
23
17
19
21
17
681
318
20
11
220
21
11
220
21
23
16
19
23
22
18
23
18
19
15
15
23
17
681
318
18
11
220
22
11
220
16
17
22
19
16
19
17
17
18
24
15
24
16
24
18
681
198
285
318
17
11
220
19
11
220
20
17
21
16
18
16
20
20
23
19
15
20
16
16
21
681
318
16
11
220
21
11
220
18
23
16
23
17
20
16
23
18
21
20
15
17
19
681
318
16
11
220
19
11
220
20
15
24
19
17
19
16
18
19
22
18
18
23
18
18
681
318
18
11
220
21
11
220
21
18
18
17
21
17
19
22
15
21
15
20
20
19
16
681
198
285
318
18
11
220
20
11
220
17
24
20
21
20
17
23
15
16
16
20
15
681
318
16
11
220
18
11
220
23
15
24
16
21
23
20
16
16
21
15
23
22
16
681
318
17
11
220
23
11
220
20
17
21
23
15
23
19
19
23
23
19
24
19
17
22
8
198
262
40199
606
220
17
24
15
24
24
22
16
15
16
19
18
6987
262
1992
8871
7
17
11
220
16
11
220
17
19
24
24
20
24
24
17
23
23
22
23
24
16
21
11
17294
16
11
220
17
11
220
23
16
22
15
18
22
18
24
18
21
24
22
21
23
45047
606
220
24
24
24
24
24
24
24
24
24
24
24
24
24
24
198
262
1992
8871
7
23
11
220
17
21
11
220
23
16
24
23
20
16
24
15
21
20
21
22
21
20
20
11
498
198
285
318
17
11
220
22
11
220
18
15
22
15
24
19
21
23
22
16
20
23
24
22
681
318
19
11
220
23
11
220
19
17
21
15
19
24
19
20
19
18
23
18
15
22
20
681
318
16
11
220
19
11
220
20
18
21
17
23
21
21
20
15
23
22
21
22
16
18
681
318
18
11
220
19
11
220
21
21
22
22
22
20
16
22
24
22
19
16
18
19
19
681
198
285
318
17
11
220
19
11
220
19
23
23
15
16
17
17
24
16
22
19
15
21
16
16
681
318
16
11
220
20
11
220
22
15
22
23
15
19
24
23
18
20
21
15
23
20
15
681
318
20
11
220
21
11
220
16
18
19
24
16
15
20
21
23
16
19
22
22
22
20
681
318
18
11
220
20
11
220
20
24
24
24
20
24
15
24
16
23
23
19
24
15
17
681
198
285
318
17
11
220
20
11
220
20
23
19
20
20
23
20
22
20
21
19
23
21
23
681
318
18
11
220
23
11
220
20
20
17
24
20
19
21
21
17
22
18
17
22
17
22
681
318
17
11
220
21
11
220
19
23
23
19
16
23
15
17
19
15
19
17
19
15
21
681
318
16
11
220
17
11
220
23
16
22
20
16
15
17
18
22
21
23
20
22
17
21
681
198
285
318
16
11
220
22
11
220
22
22
20
20
18
20
15
24
24
23
22
24
19
19
24
681
318
18
11
220
21
11
220
19
17
20
19
24
23
20
17
24
20
16
22
23
681
318
21
11
220
23
11
220
19
23
23
20
22
19
22
17
19
18
19
15
24
24
18
681
318
21
11
220
22
11
220
16
20
16
18
24
23
23
17
22
20
21
15
23
20
24
681
198
285
318
17
11
220
18
11
220
19
17
18
17
17
23
22
16
21
24
15
17
22
21
15
681
318
19
11
220
22
11
220
16
23
21
19
24
21
23
22
15
23
21
21
21
22
681
318
17
11
220
23
11
220
21
16
17
18
16
22
23
20
24
19
18
24
18
21
18
681
318
20
11
220
23
11
220
18
21
15
17
17
15
16
21
16
19
16
20
16
22
15
681
198
285
318
16
11
220
23
11
220
22
22
15
21
17
24
20
23
20
19
20
16
18
18
23
681
318
19
11
220
21
11
220
21
22
18
18
22
21
18
16
22
21
23
15
23
18
16
681
318
18
11
220
22
11
220
20
18
23
20
16
16
17
16
17
24
21
23
16
20
18
681
318
16
11
220
18
11
220
22
22
22
20
23
23
20
17
24
24
17
15
23
18
22
681
198
285
318
20
11
220
22
11
220
18
20
19
24
23
23
22
18
15
20
16
23
19
21
15
681
318
22
11
220
23
11
220
17
23
19
17
19
17
22
17
19
23
18
18
22
17
20
8
198
262
40199
606
220
20
19
16
21
22
19
17
23
20
23
271
2
5272
1716
13741
36146
1187
11327
7245
4546
8
310
1542
6813
13
198
71093
248046
198
248045
74455
198
1206
11290
411
3377
11
567
1144
310
1423
279
7776
2695
314
264
53915
4757
303
264
2574
35604
1962
72073
4618
11
1332
279
2695
369
4364
430
279
2542
314
279
6607
13914
57844
393
74
12576
561
16484
513
2526
3213
1651
77
1088
273
220
23
3
8
310
2070
364
449
5313
421
9851
942
660
3102
53915
12052
466
5533
8476
15019
440
87828
13
271
13962
51301
198
16
13
2972
30177
17775
92217
561
3377
16561
364
279
7776
2542
314
6607
13914
57844
393
74
3
4082
660
3102
53915
12052
13
8439
393
77
3
369
1546
2526
318
446
310
220
23
681
279
1324
314
53915
12052
628
381
3349
694
67657
13
4213
11
4777
22440
660
53915
12052
321
23470
836
35195
2493
381
61240
413
1017
513
2166
1599
13
357
2577
5313
369
310
958
8476
15019
466
3258
3309
10288
48382
11
694
2574
393
45
1088
273
220
23
53031
567
628
28662
1472
660
71970
314
12454
421
1304
264
53915
4757
13
271
17
13
2972
1536
68563
92217
357
53915
4757
383
393
77
3
16720
682
6681
393
77
12
16
3
12454
321
31966
660
16720
13
1165
628
6707
660
71970
314
12454
314
1331
393
77
12
16
3
321
1716
413
781
1304
264
53915
4757
13
1690
1754
2610
53915
4757
11
567
12204
279
2542
314
13914
57844
393
74
12576
4213
11
279
1324
314
71970
314
12454
628
381
3349
413
393
76
3
369
3349
13
1690
393
77
28
23
53031
393
76
3
628
381
685
310
220
17
23
13
56014
6649
315
90
17
23
14728
22
30675
369
883
220
16
11
16
23
19
11
15
19
15
11
864
369
67657
13
271
18
13
2972
26943
23389
92217
198
256
471
19208
660
26569
314
393
77
12
16
3
12454
494
279
393
76
3
2420
12454
13
198
256
471
1690
1754
10286
11
1716
413
424
7346
264
53915
4757
318
72
1673
2487
424
31966
660
393
77
3
16720
321
682
874
23709
553
198
256
471
1368
424
369
264
53915
4757
11
12204
279
2542
314
279
13914
57844
393
74
12576
198
256
471
19182
279
7776
1680
2542
13
271
19
13
2972
20711
63738
92217
11746
314
12910
660
26569
11
567
628
958
264
29812
1142
43075
5313
310
1870
53915
12052
15773
722
11
21873
567
1132
12804
2610
6907
12052
13
1061
534
8269
279
2624
3433
11602
13
1165
628
1048
3269
12454
539
4528
310
13188
1423
8882
35195
6575
11
694
2394
567
1144
279
7776
57844
393
74
53031
321
57844
33633
3070
914
20480
1906
11
567
1902
1716
660
13
4213
11
82253
539
29270
628
1438
13
271
256
37201
11
567
628
958
264
87828
30715
5313
1332
279
1528
369
264
25162
314
16720
318
4341
10931
8
321
567
3627
279
7776
2695
310
4415
421
25162
13
1921
2394
279
2695
369
57844
393
74
53031
321
393
74
3
369
3349
11
567
4021
958
449
1287
364
279
2695
13
4213
11
364
264
8097
25162
314
16720
11
1017
2493
381
5081
5337
310
4415
1070
440
2086
2702
35195
13
1165
1132
1144
279
7776
2542
57844
393
74
12576
1921
2086
35195
628
7302
2086
57844
2663
13
1690
3010
11
2542
393
50
62
16
3
321
393
50
62
17
3
440
393
50
62
16
361
326
62
17
3
2493
599
393
50
62
16
1088
79
2508
580
835
326
62
17
1088
79
2508
580
3
413
393
50
62
17
3
38394
2094
13
1987
567
4021
1066
2426
279
7776
2542
13
1165
2493
1144
310
2426
3627
314
3102
35195
13
1921
279
1324
314
3102
35195
628
381
3349
13
271
256
15767
393
45
1088
273
220
23
53031
279
1324
314
53915
12052
369
506
1379
393
23
46227
21
30675
539
51008
3078
579
14377
318
70546
2599
364
4437
37707
681
864
369
393
17
21
17
11
16
19
19
12576
1061
369
2526
13
1987
9851
1060
660
53915
12052
369
40803
13
271
20
13
2972
35629
11956
92217
198
256
471
5272
48575
310
3186
393
77
12
16
3
12454
13
198
256
471
5272
8872
7049
474
318
4684
31762
2488
8872
8
310
1716
364
23709
321
29270
28750
13
198
256
471
1690
1754
2610
53915
4757
11
12204
279
2542
314
13914
11
1831
57844
393
74
53031
321
2560
279
3521
7776
13
271
13962
12121
5927
271
71093
12305
198
1445
18904
1120
1697
11
23846
198
1445
39965
1120
26569
271
727
1262
36146
1187
11327
7245
4546
1393
25
514
11
295
25
514
11
580
25
514
11
12454
25
1697
19723
5871
18078
11
514
11
514
28649
1411
514
25
198
262
4071
15767
264
35604
4145
8173
1962
72073
4618
440
307
16720
321
295
12454
11
198
262
1423
279
7776
2695
314
264
53915
4757
1332
279
2695
369
4364
430
279
2542
314
695
262
6607
13914
57844
580
13
198
262
4071
198
1031
262
653
12536
523
364
8872
7049
474
198
262
523
8872
9592
25
198
285
687
1259
2251
3676
701
11
1331
1590
198
309
638
8395
283
1103
21649
6642
578
198
309
638
43101
283
498
15
60
348
1331
18015
285
687
1423
1153
11
830
1590
198
309
413
638
8395
8065
60
931
830
25
198
388
638
8395
8065
60
283
638
2571
1153
8395
8065
2387
198
309
460
638
8395
8065
60
198
3265
285
687
10973
1153
11
830
11
374
1590
198
309
16642
11
4362
283
638
2571
2007
681
638
2571
6803
8
198
309
413
16642
606
4362
25
198
388
460
3439
198
309
413
638
43101
58
1705
60
361
638
43101
58
3181
5491
198
388
638
8395
58
1705
60
283
4362
198
309
4265
638
43101
58
1705
60
835
638
43101
58
3181
5491
198
388
638
8395
58
3181
60
283
16642
198
309
745
25
198
388
638
8395
58
3181
60
283
16642
198
388
638
43101
58
1705
60
1373
220
16
198
309
460
2912
271
262
1262
7245
9858
283
2153
482
13180
837
198
1031
262
653
5447
314
12454
303
264
53915
4757
198
262
1572
11327
27120
283
307
471
220
16
6987
262
653
1368
307
28
16
11
279
2695
369
220
15
318
2083
12454
8
198
262
413
307
606
220
16
25
198
285
460
220
15
8675
262
653
19208
660
26569
314
307
12
16
12454
198
262
364
6607
17788
303
26569
21649
1212
681
1572
11327
27120
1590
198
285
52236
283
8872
9592
1393
478
220
16
8
653
220
16
20834
290
16720
198
285
1428
9858
283
220
15
198
285
2610
283
2912
8675
285
364
6961
303
6607
17788
25
198
309
560
11
343
11
288
283
12454
11264
60
198
309
653
4109
413
7594
411
6607
11121
264
10458
198
309
413
524
52236
61116
7897
11
343
1590
198
388
2610
283
3439
198
388
1387
198
309
1428
9858
1373
288
8675
285
413
524
2610
25
198
309
2962
18015
285
653
4109
413
660
16720
513
8173
198
285
653
1942
16720
220
16
486
77
1220
599
279
1788
3578
198
285
3578
283
52236
2571
7
16
8
198
285
660
41848
283
2912
198
285
364
585
303
2020
7
17
11
307
478
220
16
1590
198
309
413
52236
2571
1889
8
931
3578
25
198
388
660
41848
283
3439
198
388
1387
33006
285
413
660
41848
25
198
309
1410
9858
283
1428
9858
984
580
198
309
413
1410
9858
361
1262
7245
9858
25
198
388
1262
7245
9858
283
1410
9858
33006
262
460
1262
7245
9858
271
727
1716
69574
1590
198
262
653
18564
1228
4886
198
262
1992
8871
7
20
11
220
21
11
220
18
17
23
11
17294
16
11
220
17
11
220
24
24
681
318
16
11
220
18
11
220
16
15
17
681
318
17
11
220
18
11
220
23
21
681
318
17
11
220
19
11
220
24
19
681
318
17
11
220
20
11
220
24
20
681
318
18
11
220
19
11
220
23
16
45047
606
220
18
18
198
262
1992
8871
7
21
11
220
20
11
220
24
24
23
17
19
19
18
20
18
11
17294
16
11
220
17
11
220
18
18
22
18
21
16
20
21
23
681
318
16
11
220
21
11
220
19
20
15
18
19
18
18
15
19
681
318
17
11
220
18
11
220
21
16
19
22
22
17
19
19
681
318
17
11
220
20
11
220
22
19
20
18
23
18
19
18
23
681
318
19
11
220
20
11
220
22
17
22
18
21
15
23
19
15
45047
606
220
18
17
20
19
18
22
21
23
23
198
262
1992
8871
7
23
11
220
17
23
11
220
24
18
21
17
24
19
15
19
16
23
20
15
16
24
22
11
498
198
285
318
16
11
220
17
11
220
19
22
18
17
24
19
22
17
15
24
15
21
22
23
15
681
318
16
11
220
18
11
220
22
19
18
15
18
15
23
15
15
16
18
24
17
19
19
681
318
16
11
220
19
11
220
22
15
24
18
21
18
15
16
24
19
16
19
22
22
19
681
318
16
11
220
20
11
220
18
23
18
21
19
18
21
16
17
19
24
15
18
16
17
681
198
285
318
16
11
220
21
11
220
20
20
22
16
15
17
22
23
16
15
17
17
23
21
16
681
318
16
11
220
22
11
220
21
17
18
16
22
24
17
23
23
20
18
23
16
18
23
681
318
16
11
220
23
11
220
22
18
24
21
16
23
20
24
24
19
16
15
23
15
24
681
318
17
11
220
18
11
220
23
20
22
21
23
22
23
16
17
17
24
19
19
15
19
681
198
285
318
17
11
220
19
11
220
23
24
18
24
17
18
16
21
23
16
18
24
22
16
19
681
318
17
11
220
20
11
220
20
23
16
23
17
17
19
22
16
23
21
15
21
21
17
681
318
17
11
220
21
11
220
22
19
15
20
19
24
18
21
18
20
23
21
20
20
23
681
318
17
11
220
22
11
220
18
15
22
17
17
21
19
18
23
23
18
18
17
17
17
681
198
285
318
17
11
220
23
11
220
19
19
22
18
24
24
15
17
24
24
20
17
24
24
23
681
318
18
11
220
19
11
220
21
18
21
18
16
23
15
23
18
21
17
17
22
21
23
681
318
18
11
220
20
11
220
19
19
20
19
23
22
15
22
21
19
18
21
17
17
681
318
18
11
220
21
11
220
18
15
22
17
21
17
22
23
16
17
19
15
22
20
20
681
198
285
318
18
11
220
22
11
220
16
17
15
22
15
17
21
22
18
23
23
17
18
15
681
318
18
11
220
23
11
220
22
15
15
17
19
22
17
21
18
16
23
19
15
23
17
681
318
19
11
220
20
11
220
20
21
15
20
21
22
23
24
15
18
17
20
18
18
18
681
318
19
11
220
21
11
220
22
15
19
22
17
21
16
16
18
22
16
22
16
19
22
681
198
285
318
19
11
220
22
11
220
20
23
23
17
21
18
23
16
23
21
16
20
21
23
22
681
318
19
11
220
23
11
220
20
19
24
15
15
22
20
18
21
18
24
18
16
22
17
681
318
20
11
220
21
11
220
22
22
24
17
18
15
23
22
16
15
23
15
19
15
23
681
318
20
11
220
22
11
220
23
17
20
24
23
17
20
23
18
22
23
21
19
24
23
681
198
285
318
20
11
220
23
11
220
22
16
18
24
17
23
24
24
23
16
22
19
17
22
17
681
318
21
11
220
22
11
220
22
20
16
18
18
16
15
22
19
20
18
23
23
17
21
681
318
21
11
220
23
11
220
19
19
24
23
22
18
21
18
20
19
18
15
17
17
23
681
318
22
11
220
23
11
220
16
16
17
24
23
18
23
16
22
21
16
19
22
24
8
198
262
40199
606
220
16
16
18
21
15
22
16
21
18
22
18
6987
262
653
22484
1228
4886
198
262
1992
8871
7
17
11
220
16
11
220
17
19
24
24
20
24
24
17
23
23
22
23
24
16
21
11
17294
16
11
220
17
11
220
23
16
22
15
18
22
18
24
18
21
24
22
21
23
45047
606
220
23
16
22
15
18
22
18
24
18
21
24
22
21
23
198
262
1992
8871
7
17
11
220
16
11
220
24
15
24
17
20
20
18
24
16
15
18
22
22
18
22
11
17294
16
11
220
17
11
220
20
17
17
15
17
24
24
16
20
15
22
15
18
24
18
45047
606
220
20
17
17
15
17
24
24
16
20
15
22
15
18
24
18
198
262
1992
8871
7
17
11
220
16
11
220
18
23
19
22
24
17
23
15
17
23
19
15
22
19
23
11
17294
16
11
220
17
11
220
17
23
24
20
15
18
19
20
17
20
22
17
21
24
22
45047
606
220
17
23
24
20
15
18
19
20
17
20
22
17
21
24
22
198
262
1992
8871
7
17
11
220
16
11
220
24
18
24
23
20
22
16
19
22
20
20
15
21
23
22
11
17294
16
11
220
17
11
220
17
15
16
20
21
24
16
24
19
20
18
20
20
15
18
45047
606
220
17
15
16
20
21
24
16
24
19
20
18
20
20
15
18
198
262
1992
8871
7
18
11
220
17
11
220
23
20
17
24
19
22
16
21
18
23
17
23
17
24
11
17294
16
11
220
18
11
220
17
24
22
18
22
16
22
15
21
19
19
23
24
18
681
318
16
11
220
17
11
220
16
17
15
24
16
16
19
23
16
22
18
19
15
17
45047
606
220
19
16
23
17
23
18
16
23
23
16
23
17
24
20
198
262
1992
8871
7
18
11
220
17
11
220
17
20
21
15
21
18
21
16
20
16
17
19
16
21
20
11
17294
17
11
220
18
11
220
17
18
19
24
20
18
17
18
22
22
18
20
24
20
16
681
318
16
11
220
17
11
220
19
18
19
17
15
24
23
23
15
19
18
21
15
24
45047
606
220
17
17
18
16
15
21
16
15
21
20
20
18
24
20
198
262
1992
8871
7
18
11
220
18
11
220
16
16
24
24
20
24
17
20
21
20
19
20
22
16
21
11
17294
17
11
220
18
11
220
16
24
18
19
19
20
24
22
18
15
18
21
16
21
681
318
16
11
220
17
11
220
19
20
16
20
15
23
17
19
24
17
22
17
20
24
681
318
16
11
220
18
11
220
19
20
24
19
16
24
20
19
24
15
16
19
23
17
45047
606
220
21
19
19
24
20
19
17
17
17
18
15
23
22
20
6987
262
1992
8871
7
23
11
220
16
16
11
220
22
16
23
22
21
17
24
22
24
16
21
16
19
21
22
11
498
198
285
318
18
11
220
19
11
220
20
24
19
24
24
22
23
20
23
15
18
18
16
17
17
681
318
16
11
220
22
11
220
16
23
22
20
15
15
17
23
18
15
16
20
18
22
20
681
318
19
11
220
21
11
220
18
24
19
23
19
17
15
21
16
19
20
15
22
18
19
681
318
17
11
220
23
11
220
20
22
20
24
17
23
21
18
21
17
21
19
21
24
16
681
198
285
318
16
11
220
20
11
220
16
15
21
18
20
24
17
20
19
21
23
17
24
18
23
681
318
22
11
220
23
11
220
19
22
20
23
23
19
23
19
16
22
18
15
23
16
20
681
318
20
11
220
23
11
220
22
23
16
16
18
24
16
15
24
24
17
19
21
681
318
16
11
220
18
11
220
21
22
24
23
15
20
24
24
16
18
18
20
22
18
22
681
198
285
318
16
11
220
19
11
220
21
22
22
19
17
17
15
20
23
17
18
18
19
16
22
681
318
16
11
220
23
11
220
18
24
24
17
21
16
18
15
23
17
20
24
24
21
681
318
17
11
220
22
11
220
18
23
23
23
17
17
19
20
22
16
19
21
18
16
24
8
198
262
40199
606
220
18
20
20
23
20
15
18
15
24
19
24
19
21
22
6987
262
1992
8871
7
23
11
220
16
20
11
220
22
24
20
21
22
17
21
15
19
18
17
18
18
15
20
11
498
198
285
318
19
11
220
23
11
220
22
19
16
23
16
22
23
17
17
17
22
17
22
21
20
681
318
18
11
220
19
11
220
18
18
24
15
17
21
24
17
21
22
17
20
17
20
681
318
21
11
220
22
11
220
16
18
24
24
19
15
23
16
15
21
23
19
21
19
16
681
318
19
11
220
22
11
220
23
17
20
23
19
22
17
18
21
21
16
21
22
19
681
198
285
318
21
11
220
23
11
220
18
23
22
23
19
18
16
24
17
16
22
22
18
22
16
681
318
17
11
220
21
11
220
18
23
22
24
23
23
17
21
20
21
23
17
19
21
17
681
318
20
11
220
21
11
220
21
23
16
19
23
22
18
23
18
19
15
15
23
17
681
318
18
11
220
22
11
220
16
17
22
19
16
19
17
17
18
24
15
24
16
24
18
681
198
285
318
17
11
220
19
11
220
20
17
21
16
18
16
20
20
23
19
15
20
16
16
21
681
318
16
11
220
21
11
220
18
23
16
23
17
20
16
23
18
21
20
15
17
19
681
318
16
11
220
19
11
220
20
15
24
19
17
19
16
18
19
22
18
18
23
18
18
681
318
18
11
220
21
11
220
21
18
18
17
21
17
19
22
15
21
15
20
20
19
16
681
198
285
318
18
11
220
20
11
220
17
24
20
21
20
17
23
15
16
16
20
15
681
318
16
11
220
18
11
220
23
15
24
16
21
23
20
16
16
21
15
23
22
16
681
318
17
11
220
23
11
220
20
17
21
23
15
23
19
19
23
23
19
24
19
17
22
8
198
262
40199
606
220
17
24
15
24
24
22
16
15
16
19
18
6987
262
1992
8871
7
17
11
220
16
11
220
17
19
24
24
20
24
24
17
23
23
22
23
24
16
21
11
17294
16
11
220
17
11
220
23
16
22
15
18
22
18
24
18
21
24
22
21
23
45047
606
220
24
24
24
24
24
24
24
24
24
24
24
24
24
24
198
262
1992
8871
7
23
11
220
17
21
11
220
23
16
24
23
20
16
24
15
21
20
21
22
21
20
20
11
498
198
285
318
17
11
220
22
11
220
18
15
22
15
24
19
21
23
22
16
20
23
24
22
681
318
19
11
220
23
11
220
19
17
21
15
19
24
19
20
19
18
23
18
15
22
20
681
318
16
11
220
19
11
220
20
18
21
17
23
21
21
20
15
23
22
21
22
16
18
681
318
18
11
220
19
11
220
21
21
22
22
22
20
16
22
24
22
19
16
18
19
19
681
198
285
318
17
11
220
19
11
220
19
23
23
15
16
17
17
24
16
22
19
15
21
16
16
681
318
16
11
220
20
11
220
22
15
22
23
15
19
24
23
18
20
21
15
23
20
15
681
318
20
11
220
21
11
220
16
18
19
24
16
15
20
21
23
16
19
22
22
22
20
681
318
18
11
220
20
11
220
20
24
24
24
20
24
15
24
16
23
23
19
24
15
17
681
198
285
318
17
11
220
20
11
220
20
23
19
20
20
23
20
22
20
21
19
23
21
23
681
318
18
11
220
23
11
220
20
20
17
24
20
19
21
21
17
22
18
17
22
17
22
681
318
17
11
220
21
11
220
19
23
23
19
16
23
15
17
19
15
19
17
19
15
21
681
318
16
11
220
17
11
220
23
16
22
20
16
15
17
18
22
21
23
20
22
17
21
681
198
285
318
16
11
220
22
11
220
22
22
20
20
18
20
15
24
24
23
22
24
19
19
24
681
318
18
11
220
21
11
220
19
17
20
19
24
23
20
17
24
20
16
22
23
681
318
21
11
220
23
11
220
19
23
23
20
22
19
22
17
19
18
19
15
24
24
18
681
318
21
11
220
22
11
220
16
20
16
18
24
23
23
17
22
20
21
15
23
20
24
681
198
285
318
17
11
220
18
11
220
19
17
18
17
17
23
22
16
21
24
15
17
22
21
15
681
318
19
11
220
22
11
220
16
23
21
19
24
21
23
22
15
23
21
21
21
22
681
318
17
11
220
23
11
220
21
16
17
18
16
22
23
20
24
19
18
24
18
21
18
681
318
20
11
220
23
11
220
18
21
15
17
17
15
16
21
16
19
16
20
16
22
15
681
198
285
318
16
11
220
23
11
220
22
22
15
21
17
24
20
23
20
19
20
16
18
18
23
681
318
19
11
220
21
11
220
21
22
18
18
22
21
18
16
22
21
23
15
23
18
16
681
318
18
11
220
22
11
220
20
18
23
20
16
16
17
16
17
24
21
23
16
20
18
681
318
16
11
220
18
11
220
22
22
22
20
23
23
20
17
24
24
17
15
23
18
22
681
198
285
318
20
11
220
22
11
220
18
20
19
24
23
23
22
18
15
20
16
23
19
21
15
681
318
22
11
220
23
11
220
17
23
19
17
19
17
22
17
19
23
18
18
22
17
20
8
198
262
40199
606
220
20
19
16
21
22
19
17
23
20
23
271
2
5272
1716
13741
36146
1187
11327
7245
4546
8
310
1542
6813
13
198
71093
248046
198
248045
846
198
7525
3555
4621
4490
279
6813
13
5514
579
279
1412
25
198
6347
1371
318
3444
3110
1562
1483
1590
198
220
2793
34397
81
33
13452
452
20
68
57
89
6971
487
1500
220
16
24
21
11
303
361
4211
29
198
262
1716
13741
36146
1187
11327
7245
4546
8
198
220
2793
34397
81
33
13452
452
20
68
57
89
6971
487
1500
220
16
23
18
11
303
1716
198
262
1992
8871
7
17
11
220
16
11
220
17
19
24
24
20
24
24
17
23
23
22
23
24
16
21
11
17294
16
11
220
17
11
220
23
16
22
15
18
22
18
24
18
21
24
22
21
23
45047
606
220
24
24
24
24
24
24
24
24
24
24
24
24
24
24
198
1779
6108
59641
59641
59641
59641
59641
59641
59641
59641
59641
59641
59641
59641
59641
59641
59641
59641
59641
59641
21203
61
198
66317
1401
14200
1206
311
40138
11
411
369
678
3274
25
4310
279
2614
709
11618
321
4479
889
11
6999
4072
279
709
7246
321
1440
660
279
6813
13
2972
5683
4045
67305
3067
13209
50
159029
271
2523
1220
14623
279
1970
488
10490
303
264
64504
1970
2424
318
784
9609
31789
318
19458
668
31153
279
3889
5568
8
248046
198
248045
74455
198
248068
271
248069
271
71093
12305
198
1445
18904
1120
1697
11
23846
198
1445
39965
1120
26569
271
727
1262
36146
1187
11327
7245
4546
1393
25
514
11
295
25
514
11
580
25
514
11
12454
25
1697
19723
5871
18078
11
514
11
514
28649
1411
514
25
198
262
4071
15767
264
35604
4145
8173
1962
72073
4618
440
307
16720
321
295
12454
11
198
262
1423
279
7776
2695
314
264
53915
4757
1332
279
2695
369
4364
430
279
2542
314
695
262
6607
13914
57844
580
13
198
262
4071
198
1031
262
653
12536
523
364
8872
7049
474
198
262
523
8872
9592
25
198
285
687
1259
2251
3676
701
11
1331
1590
198
309
638
8395
283
1103
21649
6642
578
198
309
638
43101
283
498
15
60
348
1331
18015
285
687
1423
1153
11
830
1590
198
309
413
638
8395
8065
60
931
830
25
198
388
638
8395
8065
60
283
638
2571
1153
8395
8065
2387
198
309
460
638
8395
8065
60
198
3265
285
687
10973
1153
11
830
11
374
1590
198
309
16642
11
4362
283
638
2571
2007
681
638
2571
6803
8
198
309
413
16642
606
4362
25
198
388
460
3439
198
309
413
638
43101
58
1705
60
361
638
43101
58
3181
5491
198
388
638
8395
58
1705
60
283
4362
198
309
4265
638
43101
58
1705
60
835
638
43101
58
3181
5491
198
388
638
8395
58
3181
60
283
16642
198
309
745
25
198
388
638
8395
58
3181
60
283
16642
198
388
638
43101
58
1705
60
1373
220
16
198
309
460
2912
271
262
1262
7245
9858
283
2153
482
13180
837
198
1031
262
653
5447
314
12454
303
264
53915
4757
198
262
1572
11327
27120
283
307
471
220
16
6987
262
653
1368
307
28
16
11
279
2695
369
220
15
318
2083
12454
8
198
262
413
307
606
220
16
25
198
285
460
220
15
8675
262
653
19208
660
26569
314
307
12
16
12454
198
262
364
6607
17788
303
26569
21649
1212
681
1572
11327
27120
1590
198
285
52236
283
8872
9592
1393
478
220
16
8
653
220
16
20834
290
16720
198
285
1428
9858
283
220
15
198
285
2610
283
2912
8675
285
364
6961
303
6607
17788
25
198
309
560
11
343
11
288
283
12454
11264
60
198
309
653
4109
413
7594
411
6607
11121
264
10458
198
309
413
524
52236
61116
7897
11
343
1590
198
388
2610
283
3439
198
388
1387
198
309
1428
9858
1373
288
8675
285
413
524
2610
25
198
309
2962
18015
285
653
4109
413
660
16720
513
8173
198
285
653
1942
16720
220
16
486
77
1220
599
279
1788
3578
198
285
3578
283
52236
2571
7
16
8
198
285
660
41848
283
2912
198
285
364
585
303
2020
7
17
11
307
478
220
16
1590
198
309
413
52236
2571
1889
8
931
3578
25
198
388
660
41848
283
3439
198
388
1387
33006
285
413
660
41848
25
198
309
1410
9858
283
1428
9858
984
580
198
309
413
1410
9858
361
1262
7245
9858
25
198
388
1262
7245
9858
283
1410
9858
33006
262
460
1262
7245
9858
271
727
1716
69574
1590
198
262
653
18564
1228
4886
198
262
1992
8871
7
20
11
220
21
11
220
18
17
23
11
17294
16
11
220
17
11
220
24
24
681
318
16
11
220
18
11
220
16
15
17
681
318
17
11
220
18
11
220
23
21
681
318
17
11
220
19
11
220
24
19
681
318
17
11
220
20
11
220
24
20
681
318
18
11
220
19
11
220
23
16
45047
606
220
18
18
198
262
1992
8871
7
21
11
220
20
11
220
24
24
23
17
19
19
18
20
18
11
17294
16
11
220
17
11
220
18
18
22
18
21
16
20
21
23
681
318
16
11
220
21
11
220
19
20
15
18
19
18
18
15
19
681
318
17
11
220
18
11
220
21
16
19
22
22
17
19
19
681
318
17
11
220
20
11
220
22
19
20
18
23
18
19
18
23
681
318
19
11
220
20
11
220
22
17
22
18
21
15
23
19
15
45047
606
220
18
17
20
19
18
22
21
23
23
198
262
1992
8871
7
23
11
220
17
23
11
220
24
18
21
17
24
19
15
19
16
23
20
15
16
24
22
11
498
198
285
318
16
11
220
17
11
220
19
22
18
17
24
19
22
17
15
24
15
21
22
23
15
681
318
16
11
220
18
11
220
22
19
18
15
18
15
23
15
15
16
18
24
17
19
19
681
318
16
11
220
19
11
220
22
15
24
18
21
18
15
16
24
19
16
19
22
22
19
681
318
16
11
220
20
11
220
18
23
18
21
19
18
21
16
17
19
24
15
18
16
17
681
198
285
318
16
11
220
21
11
220
20
20
22
16
15
17
22
23
16
15
17
17
23
21
16
681
318
16
11
220
22
11
220
21
17
18
16
22
24
17
23
23
20
18
23
16
18
23
681
318
16
11
220
23
11
220
22
18
24
21
16
23
20
24
24
19
16
15
23
15
24
681
318
17
11
220
18
11
220
23
20
22
21
23
22
23
16
17
17
24
19
19
15
19
681
198
285
318
17
11
220
19
11
220
23
24
18
24
17
18
16
21
23
16
18
24
22
16
19
681
318
17
11
220
20
11
220
20
23
16
23
17
17
19
22
16
23
21
15
21
21
17
681
318
17
11
220
21
11
220
22
19
15
20
19
24
18
21
18
20
23
21
20
20
23
681
318
17
11
220
22
11
220
18
15
22
17
17
21
19
18
23
23
18
18
17
17
17
681
198
285
318
17
11
220
23
11
220
19
19
22
18
24
24
15
17
24
24
20
17
24
24
23
681
318
18
11
220
19
11
220
21
18
21
18
16
23
15
23
18
21
17
17
22
21
23
681
318
18
11
220
20
11
220
19
19
20
19
23
22
15
22
21
19
18
21
17
17
681
318
18
11
220
21
11
220
18
15
22
17
21
17
22
23
16
17
19
15
22
20
20
681
198
285
318
18
11
220
22
11
220
16
17
15
22
15
17
21
22
18
23
23
17
18
15
681
318
18
11
220
23
11
220
22
15
15
17
19
22
17
21
18
16
23
19
15
23
17
681
318
19
11
220
20
11
220
20
21
15
20
21
22
23
24
15
18
17
20
18
18
18
681
318
19
11
220
21
11
220
22
15
19
22
17
21
16
16
18
22
16
22
16
19
22
681
198
285
318
19
11
220
22
11
220
20
23
23
17
21
18
23
16
23
21
16
20
21
23
22
681
318
19
11
220
23
11
220
20
19
24
15
15
22
20
18
21
18
24
18
16
22
17
681
318
20
11
220
21
11
220
22
22
24
17
18
15
23
22
16
15
23
15
19
15
23
681
318
20
11
220
22
11
220
23
17
20
24
23
17
20
23
18
22
23
21
19
24
23
681
198
285
318
20
11
220
23
11
220
22
16
18
24
17
23
24
24
23
16
22
19
17
22
17
681
318
21
11
220
22
11
220
22
20
16
18
18
16
15
22
19
20
18
23
23
17
21
681
318
21
11
220
23
11
220
19
19
24
23
22
18
21
18
20
19
18
15
17
17
23
681
318
22
11
220
23
11
220
16
16
17
24
23
18
23
16
22
21
16
19
22
24
8
198
262
40199
606
220
16
16
18
21
15
22
16
21
18
22
18
6987
262
653
22484
1228
4886
198
262
1992
8871
7
17
11
220
16
11
220
17
19
24
24
20
24
24
17
23
23
22
23
24
16
21
11
17294
16
11
220
17
11
220
23
16
22
15
18
22
18
24
18
21
24
22
21
23
45047
606
220
23
16
22
15
18
22
18
24
18
21
24
22
21
23
198
262
1992
8871
7
17
11
220
16
11
220
24
15
24
17
20
20
18
24
16
15
18
22
22
18
22
11
17294
16
11
220
17
11
220
20
17
17
15
17
24
24
16
20
15
22
15
18
24
18
45047
606
220
20
17
17
15
17
24
24
16
20
15
22
15
18
24
18
198
262
1992
8871
7
17
11
220
16
11
220
18
23
19
22
24
17
23
15
17
23
19
15
22
19
23
11
17294
16
11
220
17
11
220
17
23
24
20
15
18
19
20
17
20
22
17
21
24
22
45047
606
220
17
23
24
20
15
18
19
20
17
20
22
17
21
24
22
198
262
1992
8871
7
17
11
220
16
11
220
24
18
24
23
20
22
16
19
22
20
20
15
21
23
22
11
17294
16
11
220
17
11
220
17
15
16
20
21
24
16
24
19
20
18
20
20
15
18
45047
606
220
17
15
16
20
21
24
16
24
19
20
18
20
20
15
18
198
262
1992
8871
7
18
11
220
17
11
220
23
20
17
24
19
22
16
21
18
23
17
23
17
24
11
17294
16
11
220
18
11
220
17
24
22
18
22
16
22
15
21
19
19
23
24
18
681
318
16
11
220
17
11
220
16
17
15
24
16
16
19
23
16
22
18
19
15
17
45047
606
220
19
16
23
17
23
18
16
23
23
16
23
17
24
20
198
262
1992
8871
7
18
11
220
17
11
220
17
20
21
15
21
18
21
16
20
16
17
19
16
21
20
11
17294
17
11
220
18
11
220
17
18
19
24
20
18
17
18
22
22
18
20
24
20
16
681
318
16
11
220
17
11
220
19
18
19
17
15
24
23
23
15
19
18
21
15
24
45047
606
220
17
17
18
16
15
21
16
15
21
20
20
18
24
20
198
262
1992
8871
7
18
11
220
18
11
220
16
16
24
24
20
24
17
20
21
20
19
20
22
16
21
11
17294
17
11
220
18
11
220
16
24
18
19
19
20
24
22
18
15
18
21
16
21
681
318
16
11
220
17
11
220
19
20
16
20
15
23
17
19
24
17
22
17
20
24
681
318
16
11
220
18
11
220
19
20
24
19
16
24
20
19
24
15
16
19
23
17
45047
606
220
21
19
19
24
20
19
17
17
17
18
15
23
22
20
6987
262
1992
8871
7
23
11
220
16
16
11
220
22
16
23
22
21
17
24
22
24
16
21
16
19
21
22
11
498
198
285
318
18
11
220
19
11
220
20
24
19
24
24
22
23
20
23
15
18
18
16
17
17
681
318
16
11
220
22
11
220
16
23
22
20
15
15
17
23
18
15
16
20
18
22
20
681
318
19
11
220
21
11
220
18
24
19
23
19
17
15
21
16
19
20
15
22
18
19
681
318
17
11
220
23
11
220
20
22
20
24
17
23
21
18
21
17
21
19
21
24
16
681
198
285
318
16
11
220
20
11
220
16
15
21
18
20
24
17
20
19
21
23
17
24
18
23
681
318
22
11
220
23
11
220
19
22
20
23
23
19
23
19
16
22
18
15
23
16
20
681
318
20
11
220
23
11
220
22
23
16
16
18
24
16
15
24
24
17
19
21
681
318
16
11
220
18
11
220
21
22
24
23
15
20
24
24
16
18
18
20
22
18
22
681
198
285
318
16
11
220
19
11
220
21
22
22
19
17
17
15
20
23
17
18
18
19
16
22
681
318
16
11
220
23
11
220
18
24
24
17
21
16
18
15
23
17
20
24
24
21
681
318
17
11
220
22
11
220
18
23
23
23
17
17
19
20
22
16
19
21
18
16
24
8
198
262
40199
606
220
18
20
20
23
20
15
18
15
24
19
24
19
21
22
6987
262
1992
8871
7
23
11
220
16
20
11
220
22
24
20
21
22
17
21
15
19
18
17
18
18
15
20
11
498
198
285
318
19
11
220
23
11
220
22
19
16
23
16
22
23
17
17
17
22
17
22
21
20
681
318
18
11
220
19
11
220
18
18
24
15
17
21
24
17
21
22
17
20
17
20
681
318
21
11
220
22
11
220
16
18
24
24
19
15
23
16
15
21
23
19
21
19
16
681
318
19
11
220
22
11
220
23
17
20
23
19
22
17
18
21
21
16
21
22
19
681
198
285
318
21
11
220
23
11
220
18
23
22
23
19
18
16
24
17
16
22
22
18
22
16
681
318
17
11
220
21
11
220
18
23
22
24
23
23
17
21
20
21
23
17
19
21
17
681
318
20
11
220
21
11
220
21
23
16
19
23
22
18
23
18
19
15
15
23
17
681
318
18
11
220
22
11
220
16
17
22
19
16
19
17
17
18
24
15
24
16
24
18
681
198
285
318
17
11
220
19
11
220
20
17
21
16
18
16
20
20
23
19
15
20
16
16
21
681
318
16
11
220
21
11
220
18
23
16
23
17
20
16
23
18
21
20
15
17
19
681
318
16
11
220
19
11
220
20
15
24
19
17
19
16
18
19
22
18
18
23
18
18
681
318
18
11
220
21
11
220
21
18
18
17
21
17
19
22
15
21
15
20
20
19
16
681
198
285
318
18
11
220
20
11
220
17
24
20
21
20
17
23
15
16
16
20
15
681
318
16
11
220
18
11
220
23
15
24
16
21
23
20
16
16
21
15
23
22
16
681
318
17
11
220
23
11
220
20
17
21
23
15
23
19
19
23
23
19
24
19
17
22
8
198
262
40199
606
220
17
24
15
24
24
22
16
15
16
19
18
6987
262
1992
8871
7
17
11
220
16
11
220
17
19
24
24
20
24
24
17
23
23
22
23
24
16
21
11
17294
16
11
220
17
11
220
23
16
22
15
18
22
18
24
18
21
24
22
21
23
45047
606
220
24
24
24
24
24
24
24
24
24
24
24
24
24
24
198
262
1992
8871
7
23
11
220
17
21
11
220
23
16
24
23
20
16
24
15
21
20
21
22
21
20
20
11
498
198
285
318
17
11
220
22
11
220
18
15
22
15
24
19
21
23
22
16
20
23
24
22
681
318
19
11
220
23
11
220
19
17
21
15
19
24
19
20
19
18
23
18
15
22
20
681
318
16
11
220
19
11
220
20
18
21
17
23
21
21
20
15
23
22
21
22
16
18
681
318
18
11
220
19
11
220
21
21
22
22
22
20
16
22
24
22
19
16
18
19
19
681
198
285
318
17
11
220
19
11
220
19
23
23
15
16
17
17
24
16
22
19
15
21
16
16
681
318
16
11
220
20
11
220
22
15
22
23
15
19
24
23
18
20
21
15
23
20
15
681
318
20
11
220
21
11
220
16
18
19
24
16
15
20
21
23
16
19
22
22
22
20
681
318
18
11
220
20
11
220
20
24
24
24
20
24
15
24
16
23
23
19
24
15
17
681
198
285
318
17
11
220
20
11
220
20
23
19
20
20
23
20
22
20
21
19
23
21
23
681
318
18
11
220
23
11
220
20
20
17
24
20
19
21
21
17
22
18
17
22
17
22
681
318
17
11
220
21
11
220
19
23
23
19
16
23
15
17
19
15
19
17
19
15
21
681
318
16
11
220
17
11
220
23
16
22
20
16
15
17
18
22
21
23
20
22
17
21
681
198
285
318
16
11
220
22
11
220
22
22
20
20
18
20
15
24
24
23
22
24
19
19
24
681
318
18
11
220
21
11
220
19
17
20
19
24
23
20
17
24
20
16
22
23
681
318
21
11
220
23
11
220
19
23
23
20
22
19
22
17
19
18
19
15
24
24
18
681
318
21
11
220
22
11
220
16
20
16
18
24
23
23
17
22
20
21
15
23
20
24
681
198
285
318
17
11
220
18
11
220
19
17
18
17
17
23
22
16
21
24
15
17
22
21
15
681
318
19
11
220
22
11
220
16
23
21
19
24
21
23
22
15
23
21
21
21
22
681
318
17
11
220
23
11
220
21
16
17
18
16
22
23
20
24
19
18
24
18
21
18
681
318
20
11
220
23
11
220
18
21
15
17
17
15
16
21
16
19
16
20
16
22
15
681
198
285
318
16
11
220
23
11
220
22
22
15
21
17
24
20
23
20
19
20
16
18
18
23
681
318
19
11
220
21
11
220
21
22
18
18
22
21
18
16
22
21
23
15
23
18
16
681
318
18
11
220
22
11
220
20
18
23
20
16
16
17
16
17
24
21
23
16
20
18
681
318
16
11
220
18
11
220
22
22
22
20
23
23
20
17
24
24
17
15
23
18
22
681
198
285
318
20
11
220
22
11
220
18
20
19
24
23
23
22
18
15
20
16
23
19
21
15
681
318
22
11
220
23
11
220
17
23
19
17
19
17
22
17
19
23
18
18
22
17
20
8
198
262
40199
606
220
20
19
16
21
22
19
17
23
20
23
271
2
5272
1716
13741
36146
1187
11327
7245
4546
8
310
1542
6813
13
198
71093
248046
198