248045
846
198
4274
279
2614
709
11618
321
4479
889
11
6999
4072
279
709
7246
321
1440
660
279
6813
13
2972
5683
4045
67305
3067
13209
50
159029
271
2523
1220
14623
279
1970
488
10490
303
264
64504
1970
2424
318
784
9609
31789
318
19458
668
31153
279
3889
5568
8
271
71093
198
1445
18904
1120
1697
1358
727
7776
51757
788
1003
49546
1393
25
514
11
580
25
514
11
830
25
514
11
1906
27430
25
1697
18078
2387
1411
514
25
198
262
4071
15767
307
9861
8826
383
3050
2756
11
1423
279
7776
2702
93451
948
11268
1070
13
198
1031
262
22136
25
198
262
471
2332
1379
580
9861
628
381
26380
3658
303
799
6937
198
262
471
6991
585
318
35166
383
1834
1906
27430
957
2387
628
1132
381
26380
383
466
1238
421
1834
198
262
471
4486
11268
383
1834
264
11
279
1727
42304
628
1132
381
383
1834
264
36641
466
2843
198
262
471
49313
49546
364
1906
585
26380
383
1834
274
369
318
82
471
1906
27430
957
2387
198
1031
262
17167
25
198
285
307
25
5447
314
9861
318
16
2564
307
2564
220
16
15
15
8
198
285
580
25
25749
9861
791
42304
318
16
2564
580
2564
307
8
198
285
830
25
20542
1881
56641
318
16
2564
830
2564
220
16
15
61
24
8
198
285
1906
27430
25
1697
314
307
1906
20791
2756
303
2397
6596
72887
1906
318
16
2564
1906
27430
957
60
2564
220
16
15
61
16
17
8
198
1031
262
5019
25
198
285
561
7776
3102
2702
93451
6987
262
11765
7776
51757
788
1003
49546
7
20
11
220
17
11
220
18
11
498
16
11
220
20
11
220
21
11
220
16
15
11
220
16
17
2387
198
262
220
17
198
262
11765
7776
51757
788
1003
49546
7
16
11
220
16
11
220
16
15
15
15
15
15
15
15
15
15
11
498
16
15
15
15
15
15
15
15
15
15
15
15
15
2387
198
262
220
15
198
262
4071
271
727
1716
69574
1590
198
262
653
3284
4886
494
279
3377
198
262
1992
8871
7
20
11
220
17
11
220
18
11
498
16
11
220
20
11
220
21
11
220
16
15
11
220
16
17
2387
606
220
17
198
262
1992
8871
7
16
11
220
16
11
220
16
15
15
15
15
15
15
15
15
15
11
498
16
15
15
15
15
15
15
15
15
15
15
15
15
2387
606
220
15
198
262
1992
8871
7
16
20
11
220
19
11
220
20
11
498
16
11
220
18
11
220
18
11
220
21
11
220
21
11
220
21
11
220
16
15
11
220
16
15
11
220
16
15
11
220
16
15
11
220
16
20
11
220
16
20
11
220
16
20
11
220
16
20
11
220
16
20
2387
606
220
18
20
6987
262
653
22484
1228
4886
198
262
1992
8871
7
17
11
220
17
11
220
16
20
16
22
11
498
16
21
24
22
11
220
16
23
21
24
2387
606
220
16
22
17
198
262
1992
8871
7
16
15
11
220
16
11
220
17
11
498
16
11
220
16
11
220
17
11
220
18
11
220
19
11
220
20
11
220
20
11
220
20
11
220
20
11
220
21
2387
606
220
21
18
198
262
1992
8871
7
16
11
220
16
11
220
20
23
19
20
20
23
22
22
21
11
498
16
16
17
21
15
20
17
17
24
18
2387
606
220
15
198
262
1992
8871
7
16
11
220
16
11
220
16
11
498
16
2387
606
220
15
198
262
1992
8871
7
20
11
220
17
11
220
18
11
498
16
11
220
20
11
220
21
11
220
16
15
11
220
16
17
2387
606
220
20
6987
262
653
3284
1105
440
580
21076
318
528
9861
303
799
42304
8
198
262
1992
8871
7
16
15
15
11
220
16
15
15
11
220
16
15
15
15
15
15
15
15
15
15
11
498
24
24
24
15
15
15
15
15
15
15
15
16
11
220
24
24
24
15
16
15
16
15
16
15
16
16
11
220
24
24
24
15
17
15
17
15
17
15
17
16
11
220
24
24
24
15
18
15
18
15
18
15
18
16
11
220
24
24
24
15
19
15
19
15
19
15
19
16
11
220
24
24
24
15
20
15
20
15
20
15
20
16
11
220
24
24
24
15
21
15
21
15
21
15
21
16
11
220
24
24
24
15
22
15
22
15
22
15
22
16
11
220
24
24
24
15
23
15
23
15
23
15
23
16
11
220
24
24
24
15
24
15
24
15
24
15
24
16
11
220
24
24
24
16
15
16
15
16
15
16
15
17
11
220
24
24
24
16
16
16
16
16
16
16
16
17
11
220
24
24
24
16
17
16
17
16
17
16
17
17
11
220
24
24
24
16
18
16
18
16
18
16
18
17
11
220
24
24
24
16
19
16
19
16
19
16
19
17
11
220
24
24
24
16
20
16
20
16
20
16
20
17
11
220
24
24
24
16
21
16
21
16
21
16
21
17
11
220
24
24
24
16
22
16
22
16
22
16
22
17
11
220
24
24
24
16
23
16
23
16
23
16
23
17
11
220
24
24
24
16
24
16
24
16
24
16
24
17
11
220
24
24
24
17
15
17
15
17
15
17
15
18
11
220
24
24
24
17
16
17
16
17
16
17
16
18
11
220
24
24
24
17
17
17
17
17
17
17
17
18
11
220
24
24
24
17
18
17
18
17
18
17
18
18
11
220
24
24
24
17
19
17
19
17
19
17
19
18
11
220
24
24
24
17
20
17
20
17
20
17
20
18
11
220
24
24
24
17
21
17
21
17
21
17
21
18
11
220
24
24
24
17
22
17
22
17
22
17
22
18
11
220
24
24
24
17
23
17
23
17
23
17
23
18
11
220
24
24
24
17
24
17
24
17
24
17
24
18
11
220
24
24
24
18
15
18
15
18
15
18
15
19
11
220
24
24
24
18
16
18
16
18
16
18
16
19
11
220
24
24
24
18
17
18
17
18
17
18
17
19
11
220
24
24
24
18
18
18
18
18
18
18
18
19
11
220
24
24
24
18
19
18
19
18
19
18
19
19
11
220
24
24
24
18
20
18
20
18
20
18
20
19
11
220
24
24
24
18
21
18
21
18
21
18
21
19
11
220
24
24
24
18
22
18
22
18
22
18
22
19
11
220
24
24
24
18
23
18
23
18
23
18
23
19
11
220
24
24
24
18
24
18
24
18
24
18
24
19
11
220
24
24
24
19
15
19
15
19
15
19
15
20
11
220
24
24
24
19
16
19
16
19
16
19
16
20
11
220
24
24
24
19
17
19
17
19
17
19
17
20
11
220
24
24
24
19
18
19
18
19
18
19
18
20
11
220
24
24
24
19
19
19
19
19
19
19
19
20
11
220
24
24
24
19
20
19
20
19
20
19
20
20
11
220
24
24
24
19
21
19
21
19
21
19
21
20
11
220
24
24
24
19
22
19
22
19
22
19
22
20
11
220
24
24
24
19
23
19
23
19
23
19
23
20
11
220
24
24
24
19
24
19
24
19
24
19
24
20
11
220
24
24
24
20
15
20
15
20
15
20
15
21
11
220
24
24
24
20
16
20
16
20
16
20
16
21
11
220
24
24
24
20
17
20
17
20
17
20
17
21
11
220
24
24
24
20
18
20
18
20
18
20
18
21
11
220
24
24
24
20
19
20
19
20
19
20
19
21
11
220
24
24
24
20
20
20
20
20
20
20
20
21
11
220
24
24
24
20
21
20
21
20
21
20
21
21
11
220
24
24
24
20
22
20
22
20
22
20
22
21
11
220
24
24
24
20
23
20
23
20
23
20
23
21
11
220
24
24
24
20
24
20
24
20
24
20
24
21
11
220
24
24
24
21
15
21
15
21
15
21
15
22
11
220
24
24
24
21
16
21
16
21
16
21
16
22
11
220
24
24
24
21
17
21
17
21
17
21
17
22
11
220
24
24
24
21
18
21
18
21
18
21
18
22
11
220
24
24
24
21
19
21
19
21
19
21
19
22
11
220
24
24
24
21
20
21
20
21
20
21
20
22
11
220
24
24
24
21
21
21
21
21
21
21
21
22
11
220
24
24
24
21
22
21
22
21
22
21
22
22
11
220
24
24
24
21
23
21
23
21
23
21
23
22
11
220
24
24
24
21
24
21
24
21
24
21
24
22
11
220
24
24
24
22
15
22
15
22
15
22
15
23
11
220
24
24
24
22
16
22
16
22
16
22
16
23
11
220
24
24
24
22
17
22
17
22
17
22
17
23
11
220
24
24
24
22
18
22
18
22
18
22
18
23
11
220
24
24
24
22
19
22
19
22
19
22
19
23
11
220
24
24
24
22
20
22
20
22
20
22
20
23
11
220
24
24
24
22
21
22
21
22
21
22
21
23
11
220
24
24
24
22
22
22
22
22
22
22
22
23
11
220
24
24
24
22
23
22
23
22
23
22
23
23
11
220
24
24
24
22
24
22
24
22
24
22
24
23
11
220
24
24
24
23
15
23
15
23
15
23
15
24
11
220
24
24
24
23
16
23
16
23
16
23
16
24
11
220
24
24
24
23
17
23
17
23
17
23
17
24
11
220
24
24
24
23
18
23
18
23
18
23
18
24
11
220
24
24
24
23
19
23
19
23
19
23
19
24
11
220
24
24
24
23
20
23
20
23
20
23
20
24
11
220
24
24
24
23
21
23
21
23
21
23
21
24
11
220
24
24
24
23
22
23
22
23
22
23
22
24
11
220
24
24
24
23
23
23
23
23
23
23
23
24
11
220
24
24
24
23
24
23
24
23
24
23
24
24
11
220
24
24
24
24
15
24
15
24
15
24
16
15
11
220
24
24
24
24
16
24
16
24
16
24
17
15
11
220
24
24
24
24
17
24
17
24
17
24
18
15
11
220
24
24
24
24
18
24
18
24
18
24
19
15
11
220
24
24
24
24
19
24
19
24
19
24
20
15
11
220
24
24
24
24
20
24
20
24
20
24
21
15
11
220
24
24
24
24
21
24
21
24
21
24
22
15
11
220
24
24
24
24
22
24
22
24
22
24
23
15
11
220
24
24
24
24
23
24
23
24
23
24
24
15
11
220
16
15
15
15
15
15
15
15
15
15
15
15
15
2387
606
220
19
24
15
15
15
15
15
15
15
20
15
6987
262
653
3284
1105
440
580
28
16
318
588
1906
791
42304
8
198
262
1992
8871
7
16
15
15
11
220
16
11
220
16
15
15
15
15
15
15
15
15
15
11
498
24
24
24
15
15
15
15
15
15
15
15
16
11
220
24
24
24
15
16
15
16
15
16
15
16
16
11
220
24
24
24
15
17
15
17
15
17
15
17
16
11
220
24
24
24
15
18
15
18
15
18
15
18
16
11
220
24
24
24
15
19
15
19
15
19
15
19
16
11
220
24
24
24
15
20
15
20
15
20
15
20
16
11
220
24
24
24
15
21
15
21
15
21
15
21
16
11
220
24
24
24
15
22
15
22
15
22
15
22
16
11
220
24
24
24
15
23
15
23
15
23
15
23
16
11
220
24
24
24
15
24
15
24
15
24
15
24
16
11
220
24
24
24
16
15
16
15
16
15
16
15
17
11
220
24
24
24
16
16
16
16
16
16
16
16
17
11
220
24
24
24
16
17
16
17
16
17
16
17
17
11
220
24
24
24
16
18
16
18
16
18
16
18
17
11
220
24
24
24
16
19
16
19
16
19
16
19
17
11
220
24
24
24
16
20
16
20
16
20
16
20
17
11
220
24
24
24
16
21
16
21
16
21
16
21
17
11
220
24
24
24
16
22
16
22
16
22
16
22
17
11
220
24
24
24
16
23
16
23
16
23
16
23
17
11
220
24
24
24
16
24
16
24
16
24
16
24
17
11
220
24
24
24
17
15
17
15
17
15
17
15
18
11
220
24
24
24
17
16
17
16
17
16
17
16
18
11
220
24
24
24
17
17
17
17
17
17
17
17
18
11
220
24
24
24
17
18
17
18
17
18
17
18
18
11
220
24
24
24
17
19
17
19
17
19
17
19
18
11
220
24
24
24
17
20
17
20
17
20
17
20
18
11
220
24
24
24
17
21
17
21
17
21
17
21
18
11
220
24
24
24
17
22
17
22
17
22
17
22
18
11
220
24
24
24
17
23
17
23
17
23
17
23
18
11
220
24
24
24
17
24
17
24
17
24
17
24
18
11
220
24
24
24
18
15
18
15
18
15
18
15
19
11
220
24
24
24
18
16
18
16
18
16
18
16
19
11
220
24
24
24
18
17
18
17
18
17
18
17
19
11
220
24
24
24
18
18
18
18
18
18
18
18
19
11
220
24
24
24
18
19
18
19
18
19
18
19
19
11
220
24
24
24
18
20
18
20
18
20
18
20
19
11
220
24
24
24
18
21
18
21
18
21
18
21
19
11
220
24
24
24
18
22
18
22
18
22
18
22
19
11
220
24
24
24
18
23
18
23
18
23
18
23
19
11
220
24
24
24
18
24
18
24
18
24
18
24
19
11
220
24
24
24
19
15
19
15
19
15
19
15
20
11
220
24
24
24
19
16
19
16
19
16
19
16
20
11
220
24
24
24
19
17
19
17
19
17
19
17
20
11
220
24
24
24
19
18
19
18
19
18
19
18
20
11
220
24
24
24
19
19
19
19
19
19
19
19
20
11
220
24
24
24
19
20
19
20
19
20
19
20
20
11
220
24
24
24
19
21
19
21
19
21
19
21
20
11
220
24
24
24
19
22
19
22
19
22
19
22
20
11
220
24
24
24
19
23
19
23
19
23
19
23
20
11
220
24
24
24
19
24
19
24
19
24
19
24
20
11
220
24
24
24
20
15
20
15
20
15
20
15
21
11
220
24
24
24
20
16
20
16
20
16
20
16
21
11
220
24
24
24
20
17
20
17
20
17
20
17
21
11
220
24
24
24
20
18
20
18
20
18
20
18
21
11
220
24
24
24
20
19
20
19
20
19
20
19
21
11
220
24
24
24
20
20
20
20
20
20
20
20
21
11
220
24
24
24
20
21
20
21
20
21
20
21
21
11
220
24
24
24
20
22
20
22
20
22
20
22
21
11
220
24
24
24
20
23
20
23
20
23
20
23
21
11
220
24
24
24
20
24
20
24
20
24
20
24
21
11
220
24
24
24
21
15
21
15
21
15
21
15
22
11
220
24
24
24
21
16
21
16
21
16
21
16
22
11
220
24
24
24
21
17
21
17
21
17
21
17
22
11
220
24
24
24
21
18
21
18
21
18
21
18
22
11
220
24
24
24
21
19
21
19
21
19
21
19
22
11
220
24
24
24
21
20
21
20
21
20
21
20
22
11
220
24
24
24
21
21
21
21
21
21
21
21
22
11
220
24
24
24
21
22
21
22
21
22
21
22
22
11
220
24
24
24
21
23
21
23
21
23
21
23
22
11
220
24
24
24
21
24
21
24
21
24
21
24
22
11
220
24
24
24
22
15
22
15
22
15
22
15
23
11
220
24
24
24
22
16
22
16
22
16
22
16
23
11
220
24
24
24
22
17
22
17
22
17
22
17
23
11
220
24
24
24
22
18
22
18
22
18
22
18
23
11
220
24
24
24
22
19
22
19
22
19
22
19
23
11
220
24
24
24
22
20
22
20
22
20
22
20
23
11
220
24
24
24
22
21
22
21
22
21
22
21
23
11
220
24
24
24
22
22
22
22
22
22
22
22
23
11
220
24
24
24
22
23
22
23
22
23
22
23
23
11
220
24
24
24
22
24
22
24
22
24
22
24
23
11
220
24
24
24
23
15
23
15
23
15
23
15
24
11
220
24
24
24
23
16
23
16
23
16
23
16
24
11
220
24
24
24
23
17
23
17
23
17
23
17
24
11
220
24
24
24
23
18
23
18
23
18
23
18
24
11
220
24
24
24
23
19
23
19
23
19
23
19
24
11
220
24
24
24
23
20
23
20
23
20
23
20
24
11
220
24
24
24
23
21
23
21
23
21
23
21
24
11
220
24
24
24
23
22
23
22
23
22
23
22
24
11
220
24
24
24
23
23
23
23
23
23
23
23
24
11
220
24
24
24
23
24
23
24
23
24
23
24
24
11
220
24
24
24
24
15
24
15
24
15
24
16
15
11
220
24
24
24
24
16
24
16
24
16
24
17
15
11
220
24
24
24
24
17
24
17
24
17
24
18
15
11
220
24
24
24
24
18
24
18
24
18
24
19
15
11
220
24
24
24
24
19
24
19
24
19
24
20
15
11
220
24
24
24
24
20
24
20
24
20
24
21
15
11
220
24
24
24
24
21
24
21
24
21
24
22
15
11
220
24
24
24
24
22
24
22
24
22
24
23
15
11
220
24
24
24
24
23
24
23
24
23
24
24
15
11
220
16
15
15
15
15
15
15
15
15
15
15
15
15
2387
606
220
19
24
15
15
15
15
15
15
15
15
15
20
15
271
2
5272
1716
13741
3188
51757
788
1003
49546
8
310
1542
6813
13
198
71093
248046
198
248045
74455
198
71093
12305
198
1445
18904
1120
1697
1358
727
7776
51757
788
1003
49546
1393
25
514
11
580
25
514
11
830
25
514
11
1906
27430
25
1697
18078
2387
1411
514
25
198
262
4071
15767
307
9861
8826
383
3050
2756
11
1423
279
7776
2702
93451
948
11268
1070
13
198
1031
262
22136
25
198
262
471
2332
1379
580
9861
628
381
26380
3658
303
799
6937
198
262
471
6991
585
318
35166
383
1834
1906
27430
957
2387
628
1132
381
26380
383
466
1238
421
1834
198
262
471
4486
11268
383
1834
264
11
279
1727
42304
628
1132
381
383
1834
264
36641
466
2843
198
262
471
49313
49546
364
1906
585
26380
383
1834
274
369
318
82
471
1906
27430
957
2387
198
1031
262
17167
25
198
285
307
25
5447
314
9861
318
16
2564
307
2564
220
16
15
15
8
198
285
580
25
25749
9861
791
42304
318
16
2564
580
2564
307
8
198
285
830
25
20542
1881
56641
318
16
2564
830
2564
220
16
15
61
24
8
198
285
1906
27430
25
1697
314
307
1906
20791
2756
303
2397
6596
72887
1906
318
16
2564
1906
27430
957
60
2564
220
16
15
61
16
17
8
198
1031
262
5019
25
198
285
561
7776
3102
2702
93451
6987
262
11765
7776
51757
788
1003
49546
7
20
11
220
17
11
220
18
11
498
16
11
220
20
11
220
21
11
220
16
15
11
220
16
17
2387
198
262
220
17
198
262
11765
7776
51757
788
1003
49546
7
16
11
220
16
11
220
16
15
15
15
15
15
15
15
15
15
11
498
16
15
15
15
15
15
15
15
15
15
15
15
15
2387
198
262
220
15
198
262
4071
198
262
653
30715
5313
198
262
653
11002
957
60
283
7776
2702
93451
364
11268
1118
585
9861
318
7667
220
15
310
585
12
16
8
198
262
653
1165
8026
9861
303
43303
13
8618
6937
5435
506
1379
580
23173
9861
13
198
262
653
3095
567
8026
264
6937
314
9861
494
1857
492
310
585
12
16
318
94964
681
781
1902
660
381
26380
383
279
1788
1834
274
13
198
262
653
274
1902
381
2518
1866
18797
27430
3681
1089
58317
1906
27430
957
12
16
2387
283
1906
27430
957
12
16
60
318
10957
10300
8
198
262
653
7054
11
413
411
369
524
279
1118
6937
11
274
1902
381
2518
3555
30024
16271
478
830
6987
262
653
6558
579
6762
11002
957
60
430
279
7776
2702
93451
364
11268
279
1118
585
9861
13
198
262
653
11002
58
15
60
283
220
15
318
2083
9861
11
874
2695
8
198
1031
262
653
1946
12204
11002
957
1089
567
2814
660
3102
1483
43303
13004
506
1906
585
12
16
13
198
262
653
561
1483
6937
1362
6435
9861
494
1857
492
310
585
12
16
11
1332
585
12283
2564
492
2564
585
13
198
262
653
6558
279
1483
6937
381
9861
492
11
492
10
16
11
58317
585
12
16
13
198
262
653
4081
9861
513
26380
383
1834
274
11
1332
274
2518
1906
27430
957
12
16
60
318
1719
5362
18085
303
279
6937
553
198
262
653
7054
11
274
2518
318
5102
1834
314
3555
6937
8
478
830
13
198
1031
262
653
1061
3520
424
32343
1521
279
8026
1834
314
279
3555
6937
12482
364
279
20908
13
198
262
653
1921
5020
25
310
28377
93451
11
567
1318
310
8026
430
3988
430
3102
13
198
262
653
1690
264
2574
6937
314
9861
492
310
585
12
16
11
279
28689
567
628
8026
1070
369
1866
18797
27430
957
12
16
1089
7624
30024
16271
478
830
553
198
262
653
1541
279
93451
364
411
6937
369
2542
14717
76
44094
92
46227
72
12
16
92
318
82
471
1906
27430
11722
2387
283
1698
348
274
471
2542
14717
76
44094
92
46227
72
12
16
92
1906
27430
11722
60
198
262
653
1332
1698
283
585
471
492
13
198
1031
262
653
561
4125
369
421
279
328
9590
30024
16271
1
33094
11313
383
1204
567
2597
310
1528
492
13
198
262
653
1165
1144
310
2830
279
1483
8026
1834
303
1004
30715
1528
11
694
421
628
381
6552
13
198
1031
262
653
39752
19407
25
561
1483
8026
1834
364
279
6937
13004
506
585
12
16
11
948
567
3608
492
430
279
1151
314
421
6937
11
198
262
653
369
10521
539
279
3555
6937
579
8026
1834
478
830
11
321
1048
539
1906
27430
957
12
16
906
198
262
653
1368
567
628
3627
11
364
1754
11002
3681
1089
1092
279
22113
1483
8026
1834
557
11
567
628
12204
279
2645
13
198
1031
262
653
32645
11
1042
579
1683
20648
13
6558
11002
957
60
381
264
13992
318
1030
15422
11
1483
30024
16271
8
1332
1262
15422
369
279
7776
198
262
653
93451
364
279
1118
585
9861
11
321
1483
30024
16271
369
279
1834
279
1483
42304
318
747
1988
1906
585
12
16
8
198
262
653
9721
303
421
22113
6093
13
1921
1017
2493
381
6355
31410
25
264
9781
4918
2695
440
449
6575
1483
8026
198
262
653
1834
2493
381
2577
364
3725
43303
13
1987
567
2493
1144
310
2426
5081
5134
13
198
1031
262
653
15767
307
2564
220
16
15
15
11
567
628
13188
2426
264
1103
314
71662
951
54227
2768
5134
506
1754
585
13
198
262
653
357
1528
506
585
369
318
15958
11
1483
30024
16271
553
3130
357
318
66
16
11
293
16
8
80018
1528
417
318
66
17
11
293
17
8
413
272
16
2564
272
17
321
293
16
2564
293
17
198
262
653
318
14344
2695
321
6575
466
5951
1483
8026
1834
369
2590
2577
553
198
1031
262
653
6558
579
4072
411
5313
13
198
1031
262
653
11002
957
60
668
381
264
1103
314
318
15958
11
1483
30024
16271
8
43716
11
13661
71662
951
54227
2768
9611
364
11268
1118
585
9861
13
198
1031
262
11002
283
81592
364
696
303
2020
1393
478
220
16
7025
198
262
11002
58
15
60
283
17294
15
11
220
15
7025
220
653
220
15
2695
11
328
4119
8026
1834
1
369
220
15
318
14372
866
9861
8
198
1031
262
364
585
303
2020
7
16
11
307
478
220
16
1590
198
285
653
20495
660
3102
1483
43303
13004
506
1906
585
12
16
198
285
653
561
1483
6937
5435
9861
494
492
310
585
12
16
11
1332
1866
7
15
11
585
12283
8
2564
492
2564
585
198
285
364
492
303
2020
8474
7
15
11
585
471
580
681
585
1590
198
309
653
32783
5435
9861
492
11
492
10
16
11
58317
585
12
16
318
1767
283
585
471
492
8
198
309
1698
283
585
471
492
198
309
653
561
5362
18085
303
411
6937
369
1906
27430
957
12
16
60
198
309
5362
10884
3803
283
1906
27430
957
471
220
16
60
198
309
2542
7621
27430
283
2542
18797
27430
3681
14244
2387
198
3265
309
653
1690
1754
1528
303
11002
3681
1089
12204
279
2695
413
567
8026
411
6937
198
309
364
2695
24752
11
8026
16271
24752
303
11002
3681
5491
198
388
653
6595
22416
567
628
8026
411
6937
25
1866
2257
13494
10884
3803
11
8026
16271
24752
478
830
8
198
388
8026
16271
24079
283
1866
2257
13494
10884
3803
11
8026
16271
24752
478
830
8
198
388
2695
14116
283
1698
348
8026
16271
24079
471
2542
7621
27430
198
388
2695
10467
283
2695
24752
478
2695
14116
33006
388
491
4244
283
318
15958
10467
11
8026
16271
24079
8
198
6159
388
653
4109
413
411
1528
369
71662
951
54227
2768
440
4929
310
11002
957
60
198
388
28731
283
3439
198
388
310
17652
283
2958
198
388
364
6961
11
6149
303
12867
33647
957
23556
198
493
272
34716
11
293
34716
283
6149
198
493
653
1368
491
4244
369
28731
539
449
6149
1528
198
493
413
272
34716
2564
2695
10467
321
293
34716
2564
8026
16271
24079
25
198
646
28731
283
2912
198
646
1387
198
493
653
1368
6149
369
28731
539
491
4244
11
1804
364
16162
198
493
413
2695
10467
2564
272
34716
321
8026
16271
24079
2564
293
34716
25
198
646
310
17652
1989
19175
8
198
6159
388
413
524
28731
25
198
493
653
10466
28731
5134
198
493
364
6961
303
10300
11838
17652
11
9637
3497
1590
198
646
11002
957
906
8115
19175
8
198
493
11002
957
906
4928
1693
4244
8
198
1031
262
653
561
4087
369
279
7776
2695
303
11002
7426
60
198
262
413
524
11002
7426
5491
198
285
460
220
15
198
262
460
1262
1290
364
272
11
293
303
11002
7426
2387
1358
727
1716
69574
1590
198
262
653
3284
4886
494
279
3377
198
262
1992
8871
7
20
11
220
17
11
220
18
11
498
16
11
220
20
11
220
21
11
220
16
15
11
220
16
17
2387
606
220
17
198
262
1992
8871
7
16
11
220
16
11
220
16
15
15
15
15
15
15
15
15
15
11
498
16
15
15
15
15
15
15
15
15
15
15
15
15
2387
606
220
15
198
262
1992
8871
7
16
20
11
220
19
11
220
20
11
498
16
11
220
18
11
220
18
11
220
21
11
220
21
11
220
21
11
220
16
15
11
220
16
15
11
220
16
15
11
220
16
15
11
220
16
20
11
220
16
20
11
220
16
20
11
220
16
20
11
220
16
20
2387
606
220
18
20
6987
262
653
22484
1228
4886
198
262
1992
8871
7
17
11
220
17
11
220
16
20
16
22
11
498
16
21
24
22
11
220
16
23
21
24
2387
606
220
16
22
17
198
262
1992
8871
7
16
15
11
220
16
11
220
17
11
498
16
11
220
16
11
220
17
11
220
18
11
220
19
11
220
20
11
220
20
11
220
20
11
220
20
11
220
21
2387
606
220
21
18
198
262
1992
8871
7
16
11
220
16
11
220
20
23
19
20
20
23
22
22
21
11
498
16
16
17
21
15
20
17
17
24
18
2387
606
220
15
198
262
1992
8871
7
16
11
220
16
11
220
16
11
498
16
2387
606
220
15
198
262
1992
8871
7
20
11
220
17
11
220
18
11
498
16
11
220
20
11
220
21
11
220
16
15
11
220
16
17
2387
606
220
20
6987
262
653
3284
1105
440
580
21076
318
528
9861
303
799
42304
8
198
262
1992
8871
7
16
15
15
11
220
16
15
15
11
220
16
15
15
15
15
15
15
15
15
15
11
498
24
24
24
15
15
15
15
15
15
15
15
16
11
220
24
24
24
15
16
15
16
15
16
15
16
16
11
220
24
24
24
15
17
15
17
15
17
15
17
16
11
220
24
24
24
15
18
15
18
15
18
15
18
16
11
220
24
24
24
15
19
15
19
15
19
15
19
16
11
220
24
24
24
15
20
15
20
15
20
15
20
16
11
220
24
24
24
15
21
15
21
15
21
15
21
16
11
220
24
24
24
15
22
15
22
15
22
15
22
16
11
220
24
24
24
15
23
15
23
15
23
15
23
16
11
220
24
24
24
15
24
15
24
15
24
15
24
16
11
220
24
24
24
16
15
16
15
16
15
16
15
17
11
220
24
24
24
16
16
16
16
16
16
16
16
17
11
220
24
24
24
16
17
16
17
16
17
16
17
17
11
220
24
24
24
16
18
16
18
16
18
16
18
17
11
220
24
24
24
16
19
16
19
16
19
16
19
17
11
220
24
24
24
16
20
16
20
16
20
16
20
17
11
220
24
24
24
16
21
16
21
16
21
16
21
17
11
220
24
24
24
16
22
16
22
16
22
16
22
17
11
220
24
24
24
16
23
16
23
16
23
16
23
17
11
220
24
24
24
16
24
16
24
16
24
16
24
17
11
220
24
24
24
17
15
17
15
17
15
17
15
18
11
220
24
24
24
17
16
17
16
17
16
17
16
18
11
220
24
24
24
17
17
17
17
17
17
17
17
18
11
220
24
24
24
17
18
17
18
17
18
17
18
18
11
220
24
24
24
17
19
17
19
17
19
17
19
18
11
220
24
24
24
17
20
17
20
17
20
17
20
18
11
220
24
24
24
17
21
17
21
17
21
17
21
18
11
220
24
24
24
17
22
17
22
17
22
17
22
18
11
220
24
24
24
17
23
17
23
17
23
17
23
18
11
220
24
24
24
17
24
17
24
17
24
17
24
18
11
220
24
24
24
18
15
18
15
18
15
18
15
19
11
220
24
24
24
18
16
18
16
18
16
18
16
19
11
220
24
24
24
18
17
18
17
18
17
18
17
19
11
220
24
24
24
18
18
18
18
18
18
18
18
19
11
220
24
24
24
18
19
18
19
18
19
18
19
19
11
220
24
24
24
18
20
18
20
18
20
18
20
19
11
220
24
24
24
18
21
18
21
18
21
18
21
19
11
220
24
24
24
18
22
18
22
18
22
18
22
19
11
220
24
24
24
18
23
18
23
18
23
18
23
19
11
220
24
24
24
18
24
18
24
18
24
18
24
19
11
220
24
24
24
19
15
19
15
19
15
19
15
20
11
220
24
24
24
19
16
19
16
19
16
19
16
20
11
220
24
24
24
19
17
19
17
19
17
19
17
20
11
220
24
24
24
19
18
19
18
19
18
19
18
20
11
220
24
24
24
19
19
19
19
19
19
19
19
20
11
220
24
24
24
19
20
19
20
19
20
19
20
20
11
220
24
24
24
19
21
19
21
19
21
19
21
20
11
220
24
24
24
19
22
19
22
19
22
19
22
20
11
220
24
24
24
19
23
19
23
19
23
19
23
20
11
220
24
24
24
19
24
19
24
19
24
19
24
20
11
220
24
24
24
20
15
20
15
20
15
20
15
21
11
220
24
24
24
20
16
20
16
20
16
20
16
21
11
220
24
24
24
20
17
20
17
20
17
20
17
21
11
220
24
24
24
20
18
20
18
20
18
20
18
21
11
220
24
24
24
20
19
20
19
20
19
20
19
21
11
220
24
24
24
20
20
20
20
20
20
20
20
21
11
220
24
24
24
20
21
20
21
20
21
20
21
21
11
220
24
24
24
20
22
20
22
20
22
20
22
21
11
220
24
24
24
20
23
20
23
20
23
20
23
21
11
220
24
24
24
20
24
20
24
20
24
20
24
21
11
220
24
24
24
21
15
21
15
21
15
21
15
22
11
220
24
24
24
21
16
21
16
21
16
21
16
22
11
220
24
24
24
21
17
21
17
21
17
21
17
22
11
220
24
24
24
21
18
21
18
21
18
21
18
22
11
220
24
24
24
21
19
21
19
21
19
21
19
22
11
220
24
24
24
21
20
21
20
21
20
21
20
22
11
220
24
24
24
21
21
21
21
21
21
21
21
22
11
220
24
24
24
21
22
21
22
21
22
21
22
22
11
220
24
24
24
21
23
21
23
21
23
21
23
22
11
220
24
24
24
21
24
21
24
21
24
21
24
22
11
220
24
24
24
22
15
22
15
22
15
22
15
23
11
220
24
24
24
22
16
22
16
22
16
22
16
23
11
220
24
24
24
22
17
22
17
22
17
22
17
23
11
220
24
24
24
22
18
22
18
22
18
22
18
23
11
220
24
24
24
22
19
22
19
22
19
22
19
23
11
220
24
24
24
22
20
22
20
22
20
22
20
23
11
220
24
24
24
22
21
22
21
22
21
22
21
23
11
220
24
24
24
22
22
22
22
22
22
22
22
23
11
220
24
24
24
22
23
22
23
22
23
22
23
23
11
220
24
24
24
22
24
22
24
22
24
22
24
23
11
220
24
24
24
23
15
23
15
23
15
23
15
24
11
220
24
24
24
23
16
23
16
23
16
23
16
24
11
220
24
24
24
23
17
23
17
23
17
23
17
24
11
220
24
24
24
23
18
23
18
23
18
23
18
24
11
220
24
24
24
23
19
23
19
23
19
23
19
24
11
220
24
24
24
23
20
23
20
23
20
23
20
24
11
220
24
24
24
23
21
23
21
23
21
23
21
24
11
220
24
24
24
23
22
23
22
23
22
23
22
24
11
220
24
24
24
23
23
23
23
23
23
23
23
24
11
220
24
24
24
23
24
23
24
23
24
23
24
24
11
220
24
24
24
24
15
24
15
24
15
24
16
15
11
220
24
24
24
24
16
24
16
24
16
24
17
15
11
220
24
24
24
24
17
24
17
24
17
24
18
15
11
220
24
24
24
24
18
24
18
24
18
24
19
15
11
220
24
24
24
24
19
24
19
24
19
24
20
15
11
220
24
24
24
24
20
24
20
24
20
24
21
15
11
220
24
24
24
24
21
24
21
24
21
24
22
15
11
220
24
24
24
24
22
24
22
24
22
24
23
15
11
220
24
24
24
24
23
24
23
24
23
24
24
15
11
220
16
15
15
15
15
15
15
15
15
15
15
15
15
2387
606
220
19
24
15
15
15
15
15
15
15
20
15
6987
262
653
3284
1105
440
580
28
16
318
588
1906
791
42304
8
198
262
1992
8871
7
16
15
15
11
220
16
11
220
16
15
15
15
15
15
15
15
15
15
11
498
24
24
24
15
15
15
15
15
15
15
15
16
11
220
24
24
24
15
16
15
16
15
16
15
16
16
11
220
24
24
24
15
17
15
17
15
17
15
17
16
11
220
24
24
24
15
18
15
18
15
18
15
18
16
11
220
24
24
24
15
19
15
19
15
19
15
19
16
11
220
24
24
24
15
20
15
20
15
20
15
20
16
11
220
24
24
24
15
21
15
21
15
21
15
21
16
11
220
24
24
24
15
22
15
22
15
22
15
22
16
11
220
24
24
24
15
23
15
23
15
23
15
23
16
11
220
24
24
24
15
24
15
24
15
24
15
24
16
11
220
24
24
24
16
15
16
15
16
15
16
15
17
11
220
24
24
24
16
16
16
16
16
16
16
16
17
11
220
24
24
24
16
17
16
17
16
17
16
17
17
11
220
24
24
24
16
18
16
18
16
18
16
18
17
11
220
24
24
24
16
19
16
19
16
19
16
19
17
11
220
24
24
24
16
20
16
20
16
20
16
20
17
11
220
24
24
24
16
21
16
21
16
21
16
21
17
11
220
24
24
24
16
22
16
22
16
22
16
22
17
11
220
24
24
24
16
23
16
23
16
23
16
23
17
11
220
24
24
24
16
24
16
24
16
24
16
24
17
11
220
24
24
24
17
15
17
15
17
15
17
15
18
11
220
24
24
24
17
16
17
16
17
16
17
16
18
11
220
24
24
24
17
17
17
17
17
17
17
17
18
11
220
24
24
24
17
18
17
18
17
18
17
18
18
11
220
24
24
24
17
19
17
19
17
19
17
19
18
11
220
24
24
24
17
20
17
20
17
20
17
20
18
11
220
24
24
24
17
21
17
21
17
21
17
21
18
11
220
24
24
24
17
22
17
22
17
22
17
22
18
11
220
24
24
24
17
23
17
23
17
23
17
23
18
11
220
24
24
24
17
24
17
24
17
24
17
24
18
11
220
24
24
24
18
15
18
15
18
15
18
15
19
11
220
24
24
24
18
16
18
16
18
16
18
16
19
11
220
24
24
24
18
17
18
17
18
17
18
17
19
11
220
24
24
24
18
18
18
18
18
18
18
18
19
11
220
24
24
24
18
19
18
19
18
19
18
19
19
11
220
24
24
24
18
20
18
20
18
20
18
20
19
11
220
24
24
24
18
21
18
21
18
21
18
21
19
11
220
24
24
24
18
22
18
22
18
22
18
22
19
11
220
24
24
24
18
23
18
23
18
23
18
23
19
11
220
24
24
24
18
24
18
24
18
24
18
24
19
11
220
24
24
24
19
15
19
15
19
15
19
15
20
11
220
24
24
24
19
16
19
16
19
16
19
16
20
11
220
24
24
24
19
17
19
17
19
17
19
17
20
11
220
24
24
24
19
18
19
18
19
18
19
18
20
11
220
24
24
24
19
19
19
19
19
19
19
19
20
11
220
24
24
24
19
20
19
20
19
20
19
20
20
11
220
24
24
24
19
21
19
21
19
21
19
21
20
11
220
24
24
24
19
22
19
22
19
22
19
22
20
11
220
24
24
24
19
23
19
23
19
23
19
23
20
11
220
24
24
24
19
24
19
24
19
24
19
24
20
11
220
24
24
24
20
15
20
15
20
15
20
15
21
11
220
24
24
24
20
16
20
16
20
16
20
16
21
11
220
24
24
24
20
17
20
17
20
17
20
17
21
11
220
24
24
24
20
18
20
18
20
18
20
18
21
11
220
24
24
24
20
19
20
19
20
19
20
19
21
11
220
24
24
24
20
20
20
20
20
20
20
20
21
11
220
24
24
24
20
21
20
21
20
21
20
21
21
11
220
24
24
24
20
22
20
22
20
22
20
22
21
11
220
24
24
24
20
23
20
23
20
23
20
23
21
11
220
24
24
24
20
24
20
24
20
24
20
24
21
11
220
24
24
24
21
15
21
15
21
15
21
15
22
11
220
24
24
24
21
16
21
16
21
16
21
16
22
11
220
24
24
24
21
17
21
17
21
17
21
17
22
11
220
24
24
24
21
18
21
18
21
18
21
18
22
11
220
24
24
24
21
19
21
19
21
19
21
19
22
11
220
24
24
24
21
20
21
20
21
20
21
20
22
11
220
24
24
24
21
21
21
21
21
21
21
21
22
11
220
24
24
24
21
22
21
22
21
22
21
22
22
11
220
24
24
24
21
23
21
23
21
23
21
23
22
11
220
24
24
24
21
24
21
24
21
24
21
24
22
11
220
24
24
24
22
15
22
15
22
15
22
15
23
11
220
24
24
24
22
16
22
16
22
16
22
16
23
11
220
24
24
24
22
17
22
17
22
17
22
17
23
11
220
24
24
24
22
18
22
18
22
18
22
18
23
11
220
24
24
24
22
19
22
19
22
19
22
19
23
11
220
24
24
24
22
20
22
20
22
20
22
20
23
11
220
24
24
24
22
21
22
21
22
21
22
21
23
11
220
24
24
24
22
22
22
22
22
22
22
22
23
11
220
24
24
24
22
23
22
23
22
23
22
23
23
11
220
24
24
24
22
24
22
24
22
24
22
24
23
11
220
24
24
24
23
15
23
15
23
15
23
15
24
11
220
24
24
24
23
16
23
16
23
16
23
16
24
11
220
24
24
24
23
17
23
17
23
17
23
17
24
11
220
24
24
24
23
18
23
18
23
18
23
18
24
11
220
24
24
24
23
19
23
19
23
19
23
19
24
11
220
24
24
24
23
20
23
20
23
20
23
20
24
11
220
24
24
24
23
21
23
21
23
21
23
21
24
11
220
24
24
24
23
22
23
22
23
22
23
22
24
11
220
24
24
24
23
23
23
23
23
23
23
23
24
11
220
24
24
24
23
24
23
24
23
24
23
24
24
11
220
24
24
24
24
15
24
15
24
15
24
16
15
11
220
24
24
24
24
16
24
16
24
16
24
17
15
11
220
24
24
24
24
17
24
17
24
17
24
18
15
11
220
24
24
24
24
18
24
18
24
18
24
19
15
11
220
24
24
24
24
19
24
19
24
19
24
20
15
11
220
24
24
24
24
20
24
20
24
20
24
21
15
11
220
24
24
24
24
21
24
21
24
21
24
22
15
11
220
24
24
24
24
22
24
22
24
22
24
23
15
11
220
24
24
24
24
23
24
23
24
23
24
24
15
11
220
16
15
15
15
15
15
15
15
15
15
15
15
15
2387
606
220
19
24
15
15
15
15
15
15
15
15
15
20
15
198
71093
248046
198
248045
846
198
7525
3555
4621
4490
279
6813
13
5514
579
279
1412
25
198
6347
1371
318
3444
3110
1562
1483
1590
198
220
2793
34397
17840
1634
80
50
24
1123
19
6971
487
1500
220
16
23
15
11
303
361
4211
29
198
262
1716
13741
3188
51757
788
1003
49546
8
198
220
2793
34397
17840
1634
80
50
24
1123
19
6971
487
1500
220
16
21
18
11
303
1716
198
262
1992
8871
7
20
11
220
17
11
220
18
11
498
16
11
220
20
11
220
21
11
220
16
15
11
220
16
17
2387
606
220
17
198
1779
6108
59641
59641
59641
59641
59641
59641
59641
59641
59641
59641
61
198
66317
1401
14200
1206
311
40138
11
411
369
678
3274
25
4310
279
2614
709
11618
321
4479
889
11
6999
4072
279
709
7246
321
1440
660
279
6813
13
2972
5683
4045
67305
3067
13209
50
159029
271
2523
1220
14623
279
1970
488
10490
303
264
64504
1970
2424
318
784
9609
31789
318
19458
668
31153
279
3889
5568
8
248046
198
248045
74455
198
248068
271
248069
271
71093
12305
198
1445
18904
1120
1697
1358
727
7776
51757
788
1003
49546
1393
25
514
11
580
25
514
11
830
25
514
11
1906
27430
25
1697
18078
2387
1411
514
25
198
262
4071
15767
307
9861
8826
383
3050
2756
11
1423
279
7776
2702
93451
948
11268
1070
13
198
1031
262
22136
25
198
262
471
2332
1379
580
9861
628
381
26380
3658
303
799
6937
198
262
471
6991
585
318
35166
383
1834
1906
27430
957
2387
628
1132
381
26380
383
466
1238
421
1834
198
262
471
4486
11268
383
1834
264
11
279
1727
42304
628
1132
381
383
1834
264
36641
466
2843
198
262
471
49313
49546
364
1906
585
26380
383
1834
274
369
318
82
471
1906
27430
957
2387
198
1031
262
17167
25
198
285
307
25
5447
314
9861
318
16
2564
307
2564
220
16
15
15
8
198
285
580
25
25749
9861
791
42304
318
16
2564
580
2564
307
8
198
285
830
25
20542
1881
56641
318
16
2564
830
2564
220
16
15
61
24
8
198
285
1906
27430
25
1697
314
307
1906
20791
2756
303
2397
6596
72887
1906
318
16
2564
1906
27430
957
60
2564
220
16
15
61
16
17
8
198
1031
262
5019
25
198
285
561
7776
3102
2702
93451
6987
262
11765
7776
51757
788
1003
49546
7
20
11
220
17
11
220
18
11
498
16
11
220
20
11
220
21
11
220
16
15
11
220
16
17
2387
198
262
220
17
198
262
11765
7776
51757
788
1003
49546
7
16
11
220
16
11
220
16
15
15
15
15
15
15
15
15
15
11
498
16
15
15
15
15
15
15
15
15
15
15
15
15
2387
198
262
220
15
198
262
4071
198
262
653
30715
5313
440
71662
951
54227
2768
5134
198
262
653
11002
957
60
668
381
264
1103
314
318
15958
11
1483
30024
16271
8
43716
11
13661
71662
951
54227
2768
9611
198
262
653
364
11268
279
1118
585
9861
13
198
1031
262
11002
283
81592
364
696
303
2020
1393
478
220
16
7025
198
262
11002
58
15
60
283
17294
15
11
220
15
7025
220
653
220
15
2695
11
328
4119
8026
1834
1
369
220
15
318
14372
866
9861
8
198
1031
262
653
4807
26808
8978
35195
364
10727
2542
27204
198
262
8978
9858
283
498
15
60
348
318
77
478
220
16
8
198
262
364
585
303
2020
1393
1590
198
285
8978
9858
957
478
220
16
60
283
8978
9858
957
60
478
1906
27430
957
60
198
1031
262
364
585
303
2020
7
16
11
307
478
220
16
1590
198
285
653
20495
660
3102
1483
43303
13004
506
1906
585
12
16
198
285
653
561
1483
6937
5435
9861
494
492
310
585
12
16
11
1332
1866
7
15
11
585
12283
8
2564
492
2564
585
198
285
364
492
303
2020
8474
7
15
11
585
471
580
681
585
1590
198
309
653
32783
5435
9861
492
11
492
10
16
11
58317
585
12
16
318
1767
283
585
471
492
8
198
309
1698
283
585
471
492
198
309
653
561
5362
18085
303
411
6937
369
1906
27430
957
12
16
60
198
309
5362
10884
3803
283
1906
27430
957
471
220
16
60
198
309
2542
7621
27430
283
8978
9858
957
60
471
8978
9858
3681
60
198
3265
309
653
1690
1754
1528
303
11002
3681
1089
12204
279
2695
413
567
8026
411
6937
198
309
364
2695
24752
11
8026
16271
24752
303
11002
3681
5491
198
388
653
6595
22416
567
628
8026
411
6937
25
1866
2257
13494
10884
3803
11
8026
16271
24752
478
830
8
198
388
8026
16271
24079
283
1866
2257
13494
10884
3803
11
8026
16271
24752
478
830
8
198
388
2695
14116
283
1698
348
8026
16271
24079
471
2542
7621
27430
198
388
2695
10467
283
2695
24752
478
2695
14116
33006
388
491
4244
283
318
15958
10467
11
8026
16271
24079
8
198
6159
388
653
4109
413
411
1528
369
71662
951
54227
2768
440
4929
310
11002
957
60
198
388
28731
283
3439
198
388
310
17652
283
2958
198
388
364
6961
11
6149
303
12867
33647
957
23556
198
493
272
34716
11
293
34716
283
6149
198
493
653
1368
491
4244
369
28731
539
449
6149
1528
198
493
413
272
34716
2564
2695
10467
321
293
34716
2564
8026
16271
24079
25
198
646
28731
283
2912
198
646
1387
198
493
653
1368
6149
369
28731
539
491
4244
11
1804
364
16162
198
493
413
2695
10467
2564
272
34716
321
8026
16271
24079
2564
293
34716
25
198
646
310
17652
1989
19175
8
198
6159
388
413
524
28731
25
198
493
653
10466
28731
5134
198
493
364
6961
303
10300
11838
17652
11
9637
3497
1590
198
646
11002
957
906
8115
19175
8
198
493
11002
957
906
4928
1693
4244
8
198
1031
262
653
561
4087
369
279
7776
2695
303
11002
7426
60
198
262
413
524
11002
7426
5491
198
285
460
220
15
198
262
460
1262
1290
364
272
11
293
303
11002
7426
2387
1358
727
1716
69574
1590
198
262
653
3284
4886
494
279
3377
198
262
1992
8871
7
20
11
220
17
11
220
18
11
498
16
11
220
20
11
220
21
11
220
16
15
11
220
16
17
2387
606
220
17
198
262
1992
8871
7
16
11
220
16
11
220
16
15
15
15
15
15
15
15
15
15
11
498
16
15
15
15
15
15
15
15
15
15
15
15
15
2387
606
220
15
198
262
1992
8871
7
16
20
11
220
19
11
220
20
11
498
16
11
220
18
11
220
18
11
220
21
11
220
21
11
220
21
11
220
16
15
11
220
16
15
11
220
16
15
11
220
16
15
11
220
16
20
11
220
16
20
11
220
16
20
11
220
16
20
11
220
16
20
2387
606
220
18
20
6987
262
653
22484
1228
4886
198
262
1992
8871
7
17
11
220
17
11
220
16
20
16
22
11
498
16
21
24
22
11
220
16
23
21
24
2387
606
220
16
22
17
198
262
1992
8871
7
16
15
11
220
16
11
220
17
11
498
16
11
220
16
11
220
17
11
220
18
11
220
19
11
220
20
11
220
20
11
220
20
11
220
20
11
220
21
2387
606
220
21
18
198
262
1992
8871
7
16
11
220
16
11
220
20
23
19
20
20
23
22
22
21
11
498
16
16
17
21
15
20
17
17
24
18
2387
606
220
15
198
262
1992
8871
7
16
11
220
16
11
220
16
11
498
16
2387
606
220
15
198
262
1992
8871
7
20
11
220
17
11
220
18
11
498
16
11
220
20
11
220
21
11
220
16
15
11
220
16
17
2387
606
220
20
6987
262
653
3284
1105
440
580
21076
318
528
9861
303
799
42304
8
198
262
1992
8871
7
16
15
15
11
220
16
15
15
11
220
16
15
15
15
15
15
15
15
15
15
11
498
24
24
24
15
15
15
15
15
15
15
15
16
11
220
24
24
24
15
16
15
16
15
16
15
16
16
11
220
24
24
24
15
17
15
17
15
17
15
17
16
11
220
24
24
24
15
18
15
18
15
18
15
18
16
11
220
24
24
24
15
19
15
19
15
19
15
19
16
11
220
24
24
24
15
20
15
20
15
20
15
20
16
11
220
24
24
24
15
21
15
21
15
21
15
21
16
11
220
24
24
24
15
22
15
22
15
22
15
22
16
11
220
24
24
24
15
23
15
23
15
23
15
23
16
11
220
24
24
24
15
24
15
24
15
24
15
24
16
11
220
24
24
24
16
15
16
15
16
15
16
15
17
11
220
24
24
24
16
16
16
16
16
16
16
16
17
11
220
24
24
24
16
17
16
17
16
17
16
17
17
11
220
24
24
24
16
18
16
18
16
18
16
18
17
11
220
24
24
24
16
19
16
19
16
19
16
19
17
11
220
24
24
24
16
20
16
20
16
20
16
20
17
11
220
24
24
24
16
21
16
21
16
21
16
21
17
11
220
24
24
24
16
22
16
22
16
22
16
22
17
11
220
24
24
24
16
23
16
23
16
23
16
23
17
11
220
24
24
24
16
24
16
24
16
24
16
24
17
11
220
24
24
24
17
15
17
15
17
15
17
15
18
11
220
24
24
24
17
16
17
16
17
16
17
16
18
11
220
24
24
24
17
17
17
17
17
17
17
17
18
11
220
24
24
24
17
18
17
18
17
18
17
18
18
11
220
24
24
24
17
19
17
19
17
19
17
19
18
11
220
24
24
24
17
20
17
20
17
20
17
20
18
11
220
24
24
24
17
21
17
21
17
21
17
21
18
11
220
24
24
24
17
22
17
22
17
22
17
22
18
11
220
24
24
24
17
23
17
23
17
23
17
23
18
11
220
24
24
24
17
24
17
24
17
24
17
24
18
11
220
24
24
24
18
15
18
15
18
15
18
15
19
11
220
24
24
24
18
16
18
16
18
16
18
16
19
11
220
24
24
24
18
17
18
17
18
17
18
17
19
11
220
24
24
24
18
18
18
18
18
18
18
18
19
11
220
24
24
24
18
19
18
19
18
19
18
19
19
11
220
24
24
24
18
20
18
20
18
20
18
20
19
11
220
24
24
24
18
21
18
21
18
21
18
21
19
11
220
24
24
24
18
22
18
22
18
22
18
22
19
11
220
24
24
24
18
23
18
23
18
23
18
23
19
11
220
24
24
24
18
24
18
24
18
24
18
24
19
11
220
24
24
24
19
15
19
15
19
15
19
15
20
11
220
24
24
24
19
16
19
16
19
16
19
16
20
11
220
24
24
24
19
17
19
17
19
17
19
17
20
11
220
24
24
24
19
18
19
18
19
18
19
18
20
11
220
24
24
24
19
19
19
19
19
19
19
19
20
11
220
24
24
24
19
20
19
20
19
20
19
20
20
11
220
24
24
24
19
21
19
21
19
21
19
21
20
11
220
24
24
24
19
22
19
22
19
22
19
22
20
11
220
24
24
24
19
23
19
23
19
23
19
23
20
11
220
24
24
24
19
24
19
24
19
24
19
24
20
11
220
24
24
24
20
15
20
15
20
15
20
15
21
11
220
24
24
24
20
16
20
16
20
16
20
16
21
11
220
24
24
24
20
17
20
17
20
17
20
17
21
11
220
24
24
24
20
18
20
18
20
18
20
18
21
11
220
24
24
24
20
19
20
19
20
19
20
19
21
11
220
24
24
24
20
20
20
20
20
20
20
20
21
11
220
24
24
24
20
21
20
21
20
21
20
21
21
11
220
24
24
24
20
22
20
22
20
22
20
22
21
11
220
24
24
24
20
23
20
23
20
23
20
23
21
11
220
24
24
24
20
24
20
24
20
24
20
24
21
11
220
24
24
24
21
15
21
15
21
15
21
15
22
11
220
24
24
24
21
16
21
16
21
16
21
16
22
11
220
24
24
24
21
17
21
17
21
17
21
17
22
11
220
24
24
24
21
18
21
18
21
18
21
18
22
11
220
24
24
24
21
19
21
19
21
19
21
19
22
11
220
24
24
24
21
20
21
20
21
20
21
20
22
11
220
24
24
24
21
21
21
21
21
21
21
21
22
11
220
24
24
24
21
22
21
22
21
22
21
22
22
11
220
24
24
24
21
23
21
23
21
23
21
23
22
11
220
24
24
24
21
24
21
24
21
24
21
24
22
11
220
24
24
24
22
15
22
15
22
15
22
15
23
11
220
24
24
24
22
16
22
16
22
16
22
16
23
11
220
24
24
24
22
17
22
17
22
17
22
17
23
11
220
24
24
24
22
18
22
18
22
18
22
18
23
11
220
24
24
24
22
19
22
19
22
19
22
19
23
11
220
24
24
24
22
20
22
20
22
20
22
20
23
11
220
24
24
24
22
21
22
21
22
21
22
21
23
11
220
24
24
24
22
22
22
22
22
22
22
22
23
11
220
24
24
24
22
23
22
23
22
23
22
23
23
11
220
24
24
24
22
24
22
24
22
24
22
24
23
11
220
24
24
24
23
15
23
15
23
15
23
15
24
11
220
24
24
24
23
16
23
16
23
16
23
16
24
11
220
24
24
24
23
17
23
17
23
17
23
17
24
11
220
24
24
24
23
18
23
18
23
18
23
18
24
11
220
24
24
24
23
19
23
19
23
19
23
19
24
11
220
24
24
24
23
20
23
20
23
20
23
20
24
11
220
24
24
24
23
21
23
21
23
21
23
21
24
11
220
24
24
24
23
22
23
22
23
22
23
22
24
11
220
24
24
24
23
23
23
23
23
23
23
23
24
11
220
24
24
24
23
24
23
24
23
24
23
24
24
11
220
24
24
24
24
15
24
15
24
15
24
16
15
11
220
24
24
24
24
16
24
16
24
16
24
17
15
11
220
24
24
24
24
17
24
17
24
17
24
18
15
11
220
24
24
24
24
18
24
18
24
18
24
19
15
11
220
24
24
24
24
19
24
19
24
19
24
20
15
11
220
24
24
24
24
20
24
20
24
20
24
21
15
11
220
24
24
24
24
21
24
21
24
21
24
22
15
11
220
24
24
24
24
22
24
22
24
22
24
23
15
11
220
24
24
24
24
23
24
23
24
23
24
24
15
11
220
16
15
15
15
15
15
15
15
15
15
15
15
15
2387
606
220
19
24
15
15
15
15
15
15
15
20
15
6987
262
653
3284
1105
440
580
28
16
318
588
1906
791
42304
8
198
262
1992
8871
7
16
15
15
11
220
16
11
220
16
15
15
15
15
15
15
15
15
15
11
498
24
24
24
15
15
15
15
15
15
15
15
16
11
220
24
24
24
15
16
15
16
15
16
15
16
16
11
220
24
24
24
15
17
15
17
15
17
15
17
16
11
220
24
24
24
15
18
15
18
15
18
15
18
16
11
220
24
24
24
15
19
15
19
15
19
15
19
16
11
220
24
24
24
15
20
15
20
15
20
15
20
16
11
220
24
24
24
15
21
15
21
15
21
15
21
16
11
220
24
24
24
15
22
15
22
15
22
15
22
16
11
220
24
24
24
15
23
15
23
15
23
15
23
16
11
220
24
24
24
15
24
15
24
15
24
15
24
16
11
220
24
24
24
16
15
16
15
16
15
16
15
17
11
220
24
24
24
16
16
16
16
16
16
16
16
17
11
220
24
24
24
16
17
16
17
16
17
16
17
17
11
220
24
24
24
16
18
16
18
16
18
16
18
17
11
220
24
24
24
16
19
16
19
16
19
16
19
17
11
220
24
24
24
16
20
16
20
16
20
16
20
17
11
220
24
24
24
16
21
16
21
16
21
16
21
17
11
220
24
24
24
16
22
16
22
16
22
16
22
17
11
220
24
24
24
16
23
16
23
16
23
16
23
17
11
220
24
24
24
16
24
16
24
16
24
16
24
17
11
220
24
24
24
17
15
17
15
17
15
17
15
18
11
220
24
24
24
17
16
17
16
17
16
17
16
18
11
220
24
24
24
17
17
17
17
17
17
17
17
18
11
220
24
24
24
17
18
17
18
17
18
17
18
18
11
220
24
24
24
17
19
17
19
17
19
17
19
18
11
220
24
24
24
17
20
17
20
17
20
17
20
18
11
220
24
24
24
17
21
17
21
17
21
17
21
18
11
220
24
24
24
17
22
17
22
17
22
17
22
18
11
220
24
24
24
17
23
17
23
17
23
17
23
18
11
220
24
24
24
17
24
17
24
17
24
17
24
18
11
220
24
24
24
18
15
18
15
18
15
18
15
19
11
220
24
24
24
18
16
18
16
18
16
18
16
19
11
220
24
24
24
18
17
18
17
18
17
18
17
19
11
220
24
24
24
18
18
18
18
18
18
18
18
19
11
220
24
24
24
18
19
18
19
18
19
18
19
19
11
220
24
24
24
18
20
18
20
18
20
18
20
19
11
220
24
24
24
18
21
18
21
18
21
18
21
19
11
220
24
24
24
18
22
18
22
18
22
18
22
19
11
220
24
24
24
18
23
18
23
18
23
18
23
19
11
220
24
24
24
18
24
18
24
18
24
18
24
19
11
220
24
24
24
19
15
19
15
19
15
19
15
20
11
220
24
24
24
19
16
19
16
19
16
19
16
20
11
220
24
24
24
19
17
19
17
19
17
19
17
20
11
220
24
24
24
19
18
19
18
19
18
19
18
20
11
220
24
24
24
19
19
19
19
19
19
19
19
20
11
220
24
24
24
19
20
19
20
19
20
19
20
20
11
220
24
24
24
19
21
19
21
19
21
19
21
20
11
220
24
24
24
19
22
19
22
19
22
19
22
20
11
220
24
24
24
19
23
19
23
19
23
19
23
20
11
220
24
24
24
19
24
19
24
19
24
19
24
20
11
220
24
24
24
20
15
20
15
20
15
20
15
21
11
220
24
24
24
20
16
20
16
20
16
20
16
21
11
220
24
24
24
20
17
20
17
20
17
20
17
21
11
220
24
24
24
20
18
20
18
20
18
20
18
21
11
220
24
24
24
20
19
20
19
20
19
20
19
21
11
220
24
24
24
20
20
20
20
20
20
20
20
21
11
220
24
24
24
20
21
20
21
20
21
20
21
21
11
220
24
24
24
20
22
20
22
20
22
20
22
21
11
220
24
24
24
20
23
20
23
20
23
20
23
21
11
220
24
24
24
20
24
20
24
20
24
20
24
21
11
220
24
24
24
21
15
21
15
21
15
21
15
22
11
220
24
24
24
21
16
21
16
21
16
21
16
22
11
220
24
24
24
21
17
21
17
21
17
21
17
22
11
220
24
24
24
21
18
21
18
21
18
21
18
22
11
220
24
24
24
21
19
21
19
21
19
21
19
22
11
220
24
24
24
21
20
21
20
21
20
21
20
22
11
220
24
24
24
21
21
21
21
21
21
21
21
22
11
220
24
24
24
21
22
21
22
21
22
21
22
22
11
220
24
24
24
21
23
21
23
21
23
21
23
22
11
220
24
24
24
21
24
21
24
21
24
21
24
22
11
220
24
24
24
22
15
22
15
22
15
22
15
23
11
220
24
24
24
22
16
22
16
22
16
22
16
23
11
220
24
24
24
22
17
22
17
22
17
22
17
23
11
220
24
24
24
22
18
22
18
22
18
22
18
23
11
220
24
24
24
22
19
22
19
22
19
22
19
23
11
220
24
24
24
22
20
22
20
22
20
22
20
23
11
220
24
24
24
22
21
22
21
22
21
22
21
23
11
220
24
24
24
22
22
22
22
22
22
22
22
23
11
220
24
24
24
22
23
22
23
22
23
22
23
23
11
220
24
24
24
22
24
22
24
22
24
22
24
23
11
220
24
24
24
23
15
23
15
23
15
23
15
24
11
220
24
24
24
23
16
23
16
23
16
23
16
24
11
220
24
24
24
23
17
23
17
23
17
23
17
24
11
220
24
24
24
23
18
23
18
23
18
23
18
24
11
220
24
24
24
23
19
23
19
23
19
23
19
24
11
220
24
24
24
23
20
23
20
23
20
23
20
24
11
220
24
24
24
23
21
23
21
23
21
23
21
24
11
220
24
24
24
23
22
23
22
23
22
23
22
24
11
220
24
24
24
23
23
23
23
23
23
23
23
24
11
220
24
24
24
23
24
23
24
23
24
23
24
24
11
220
24
24
24
24
15
24
15
24
15
24
16
15
11
220
24
24
24
24
16
24
16
24
16
24
17
15
11
220
24
24
24
24
17
24
17
24
17
24
18
15
11
220
24
24
24
24
18
24
18
24
18
24
19
15
11
220
24
24
24
24
19
24
19
24
19
24
20
15
11
220
24
24
24
24
20
24
20
24
20
24
21
15
11
220
24
24
24
24
21
24
21
24
21
24
22
15
11
220
24
24
24
24
22
24
22
24
22
24
23
15
11
220
24
24
24
24
23
24
23
24
23
24
24
15
11
220
16
15
15
15
15
15
15
15
15
15
15
15
15
2387
606
220
19
24
15
15
15
15
15
15
15
15
15
20
15
198
71093
248046
198