248045
846
198
4274
279
2614
709
11618
321
4479
889
11
6999
4072
279
709
7246
321
1440
660
279
6813
13
2972
5683
4045
67305
3067
13209
50
159029
271
2523
1220
14623
279
1970
488
10490
303
264
64504
1970
2424
318
784
9609
31789
318
19458
668
31153
279
3889
5568
8
271
71093
198
727
1866
95667
6406
11331
15476
1104
25
592
11
580
25
514
8
1411
514
25
198
262
4071
15767
264
886
274
321
449
7308
580
11
7995
279
6966
1324
314
45127
3102
198
262
1238
44007
9722
506
1379
799
3542
303
274
310
2361
40657
6321
13
198
1031
262
561
16168
286
1817
4138
430
10695
25
198
262
471
21513
279
21354
8978
314
274
8222
506
1379
580
12103
5587
198
262
471
10466
411
8978
318
1767
286
430
799
16168
8
198
262
471
43311
2980
274
369
4147
6987
262
17167
25
198
285
274
25
357
886
29607
314
40657
6163
11592
318
16
2564
2343
1104
8
2564
220
16
15
61
19
8
198
285
580
25
25749
1324
314
12103
5587
5252
303
1754
16168
318
16
2564
580
2564
220
17
21
8
198
1031
262
5019
25
198
285
561
6966
1324
314
45127
85116
1238
7314
722
9722
506
1379
799
3542
6987
262
11765
1866
95667
6406
11331
15476
482
565
23668
504
220
17
8
198
262
220
18
198
262
11765
1866
95667
6406
11331
15476
482
64
11663
365
504
220
18
8
198
262
220
16
198
262
11765
1866
95667
6406
11331
15476
482
87
27912
504
220
16
8
198
262
220
19
198
262
4071
271
727
1716
69574
1590
198
262
653
3284
4886
494
9989
198
262
1992
8871
482
565
23668
504
220
17
8
606
220
18
198
262
1992
8871
482
64
11663
365
504
220
18
8
606
220
16
198
262
1992
8871
482
87
27912
504
220
16
8
606
220
19
6987
262
653
22484
1228
4886
198
262
1992
8871
482
13290
442
504
220
20
8
606
220
16
198
262
1992
8871
482
27528
5137
504
220
17
8
606
220
16
198
262
1992
8871
482
86
42419
74869
504
220
20
8
606
220
17
198
262
1992
8871
482
68
823
10090
20344
504
220
16
8
606
220
23
198
262
1992
8871
482
26985
25736
46738
504
220
18
8
606
220
18
198
262
1992
8871
482
87
27912
504
220
16
8
606
220
21
198
262
1992
8871
482
33811
73
46751
342
80
504
220
20
8
606
220
17
198
262
1992
8871
482
68
331
231416
13336
9348
504
220
22
8
606
220
17
198
262
1992
8871
482
66
9415
89
7107
6995
12741
504
220
18
8
606
220
19
198
262
1992
8871
482
34445
22287
13290
87
38764
504
220
16
8
606
220
16
15
271
2
5272
1716
8474
95667
6406
11331
15476
8
310
1542
6813
13
198
71093
248046
198
248045
74455
198
71093
12305
198
727
1866
95667
6406
11331
15476
1104
25
592
11
580
25
514
8
1411
514
25
198
262
4071
15767
264
886
274
321
449
7308
580
11
7995
279
6966
1324
314
45127
3102
198
262
1238
44007
9722
506
1379
799
3542
303
274
310
2361
40657
6321
13
198
1031
262
561
16168
286
1817
4138
430
10695
25
198
262
471
21513
279
21354
8978
314
274
8222
506
1379
580
12103
5587
198
262
471
10466
411
8978
318
1767
286
430
799
16168
8
198
262
471
43311
2980
274
369
4147
6987
262
17167
25
198
285
274
25
357
886
29607
314
40657
6163
11592
318
16
2564
2343
1104
8
2564
220
16
15
61
19
8
198
285
580
25
25749
1324
314
12103
5587
5252
303
1754
16168
318
16
2564
580
2564
220
17
21
8
198
1031
262
5019
25
198
285
561
6966
1324
314
45127
85116
1238
7314
722
9722
506
1379
799
3542
6987
262
11765
1866
95667
6406
11331
15476
482
565
23668
504
220
17
8
198
262
220
18
198
262
11765
1866
95667
6406
11331
15476
482
64
11663
365
504
220
18
8
198
262
220
16
198
262
11765
1866
95667
6406
11331
15476
482
87
27912
504
220
16
8
198
262
220
19
198
262
4071
198
1031
262
687
12204
95667
1117
25
592
11
580
25
514
8
1411
514
25
198
285
4071
44712
279
1324
314
45127
364
886
259
440
2574
580
71483
198
285
413
524
259
25
198
309
460
220
15
198
285
1698
283
220
15
198
285
585
283
220
15
198
285
307
283
2343
1117
8
198
285
1345
585
361
307
25
198
309
653
7145
279
21354
8978
5732
506
585
440
506
1379
580
12103
22283
198
309
12103
283
4535
198
309
492
283
585
198
309
1345
492
361
307
321
2343
34973
7554
8
2564
580
25
198
388
272
283
259
3681
60
198
388
413
272
303
12103
25
198
493
12103
12090
60
1373
220
16
198
388
745
25
198
493
413
2343
34973
7554
8
2518
580
25
198
646
1387
198
493
12103
12090
60
283
220
16
198
388
492
1373
220
16
198
309
653
492
369
1381
799
3162
279
1483
2610
3542
11
466
307
413
660
9376
22283
4786
198
309
653
1921
567
1144
310
1716
25
413
567
5064
259
3681
1089
1000
424
12131
580
12103
30
198
309
653
6558
728
37781
25
279
6136
3294
17758
948
7594
259
3681
60
1000
1236
12103
835
580
198
309
653
1987
279
2610
2020
369
498
72
11
492
8
413
492
835
585
321
279
2876
4490
11
466
498
72
11
307
8
413
567
3804
1472
660
13
198
309
653
32645
1042
728
55979
411
777
15060
13
198
309
1440
8675
285
653
6558
728
17591
411
777
15060
198
285
1698
283
220
15
198
285
585
283
220
15
198
285
307
283
2343
1117
8
198
285
1345
585
361
307
25
198
309
12103
283
4535
198
309
492
283
585
198
309
653
67710
492
430
2944
430
3102
1345
19720
506
1379
580
12103
5587
198
309
1345
492
361
307
25
198
388
272
283
259
3681
60
198
388
413
272
303
12103
25
198
493
12103
12090
60
1373
220
16
198
388
745
25
198
493
413
2343
34973
7554
8
361
580
25
198
646
12103
12090
60
283
220
16
198
493
745
25
198
646
1387
198
388
492
1373
220
16
198
309
653
561
16168
369
259
957
55628
60
198
309
1698
1373
220
16
198
309
585
283
492
198
285
460
1698
6987
262
307
283
2343
1104
8
198
1031
262
653
16643
866
2222
11
12204
279
1324
314
45127
198
262
1786
283
12204
95667
1104
11
580
8
198
1031
262
653
9446
9722
1754
3542
310
1396
3102
40657
6321
198
262
653
1921
411
369
496
7
17
21
348
307
348
307
8
864
2493
381
2166
6103
364
307
28
16
15
61
19
198
262
653
6558
579
1683
777
15060
13
198
1031
262
653
1690
1754
2234
585
303
274
11
1380
9722
274
957
60
310
1010
975
3542
272
13
198
262
653
1165
1318
310
33363
279
1324
314
45127
13
198
1031
262
653
357
44926
5313
25
36213
279
16168
286
1817
321
2814
1332
264
2222
1000
1438
13
198
1031
262
653
32645
11
1042
579
1683
883
424
20648
13
561
16168
286
369
54102
25
1831
279
21354
8978
440
2564
580
12103
22283
13
198
1031
262
653
6558
728
1380
264
2086
5313
25
364
1754
2234
11
7995
1092
279
328
2818
2768
1
2222
1000
381
13
198
1031
262
653
15767
279
16484
318
77
685
310
220
16
15
61
19
681
4313
660
220
17
21
11592
506
1754
2234
2493
381
496
7
17
21
348
307
61
17
8
303
11447
1105
11
864
369
3835
17
13
21
348
220
16
15
61
24
11
2166
6103
13
198
1031
262
653
6558
728
1683
883
1092
4203
628
7042
279
1067
13
198
1031
262
653
357
2222
506
2234
585
628
7556
279
16168
18169
421
5435
2234
585
13
198
1031
262
653
6558
728
1380
449
5313
1332
567
36213
16168
286
321
364
1754
16168
18169
11
2814
9722
264
3542
3043
279
18169
13
198
1031
262
653
32645
11
1042
728
1066
4072
264
777
10727
6093
13
198
1031
262
653
5141
19407
25
9722
264
3542
506
2234
585
1132
20843
45127
421
2830
2234
585
13
561
54102
16168
286
494
2047
310
1245
3254
421
9722
264
3542
3988
628
599
72405
2156
6043
13
198
1031
262
653
1690
14588
11
1042
728
1380
25
364
1754
3102
3074
2222
11
12204
279
1067
28750
13
198
1031
262
653
39752
25
12867
660
3102
4203
506
1754
2234
11
694
3798
279
5587
567
1380
13
198
1031
262
653
6558
728
1683
883
411
3377
777
15060
13
198
1031
262
653
16643
4557
314
1704
2632
11
1042
579
2814
9722
274
957
60
310
1010
1122
272
931
274
957
906
198
262
653
561
491
886
42103
494
274
1132
506
2234
585
13
198
1031
262
653
1946
12204
45127
28750
364
1754
8871
11
567
4035
1144
496
1393
8
791
8871
11
321
1017
513
496
7
17
21
77
8
10853
11
6866
496
7
17
21
77
61
17
8
864
369
3835
17
13
21
348
220
16
15
61
24
364
307
28
16
15
61
19
13
2844
579
85467
2166
6103
13
198
1031
262
653
6558
728
1380
310
28476
13
23961
421
364
1379
9599
11
9722
310
866
3542
975
1056
279
799
421
3520
279
16168
4860
2677
914
1438
13
35624
262
653
6558
728
1380
264
2086
8024
25
36213
279
54102
16168
286
13
1690
1754
16168
11
1423
279
18169
13
4844
2814
9722
5587
3043
279
18169
310
13188
12663
279
1428
16168
466
1791
264
491
22602
16168
421
11177
310
777
2702
45127
13
198
1031
262
653
32645
11
353
1683
364
307
28
16
15
61
19
11
496
1393
61
17
8
2493
381
20895
413
279
6570
369
2526
13
6558
579
1380
496
7
17
21
348
307
348
307
8
694
32237
13
198
1031
262
653
13428
11
1042
728
37781
13
1690
1754
2234
585
318
77
9599
8
321
1754
314
220
17
20
975
5587
11
567
4035
635
449
496
1393
8
18465
13
2844
579
220
17
20
348
307
61
17
283
220
17
20
348
220
16
15
61
23
283
220
17
13
20
348
220
16
15
61
24
13
23823
6103
303
12654
13
198
1031
262
653
6558
728
1683
314
264
44926
5313
13
198
1031
262
653
83441
25
561
54102
11767
45127
494
2047
310
1245
13
357
2222
506
2234
585
20843
279
16168
8222
2234
585
321
13188
660
16905
45127
13
198
1031
262
653
6558
728
1380
310
12204
11
364
1754
2234
11
1092
279
328
2818
2768
1
2222
1000
381
3018
383
2136
1928
13
198
1031
262
653
32645
11
1042
728
1380
3482
2361
5313
25
8476
15019
466
829
848
12935
13
198
1031
262
653
6558
728
829
26808
364
1754
5732
2234
11
279
809
314
279
54102
16168
440
580
12103
5587
13
198
1031
262
653
6558
728
4072
411
2923
539
2923
13
198
1031
262
653
14392
220
16
25
21902
279
54102
16168
22005
364
279
3889
886
13
198
1031
262
653
14392
220
17
25
1690
1754
16168
18169
11
2814
9722
264
3542
303
421
16168
310
1436
413
567
628
1791
777
45127
13
198
1031
262
653
6558
728
1380
24141
264
6093
421
579
496
1393
61
17
8
694
440
2526
6570
11
539
1132
4313
21716
4203
13
198
1031
262
653
1690
1754
2234
585
11
279
21716
4203
513
1782
421
2892
25
198
262
653
264
8
10466
264
3542
494
279
12103
716
318
331
274
957
60
369
279
1132
30520
314
1141
1122
303
279
1428
16168
8
198
262
653
292
8
2604
264
3542
310
279
12103
716
318
331
279
491
1122
4290
914
2582
2945
8
198
262
653
272
8
13262
279
12103
716
279
1788
318
331
279
491
1122
369
2582
2945
466
413
567
3921
321
884
23540
8
198
1031
262
653
85152
11
411
369
3583
6150
13
6558
728
1066
1380
264
61934
77291
5313
440
1010
82253
13
198
1031
262
653
1690
307
28
16
15
61
19
11
1042
728
1436
413
496
1393
61
17
8
369
40803
13
220
16
15
61
23
7289
303
12654
2493
1831
3835
16
15
15
6283
11
864
369
2166
6103
13
1921
413
279
6570
7911
369
2526
321
1599
4886
513
2716
1076
198
1031
262
653
6558
728
1380
24141
424
321
1436
13
198
1031
262
653
32645
11
1042
728
311
27864
279
3377
13
561
6966
307
369
220
16
15
61
19
13
6558
728
1380
449
496
1393
348
220
17
21
348
307
8
5313
694
32237
13
198
1031
262
653
3648
24460
25
364
1754
2234
585
11
1132
1380
9722
274
957
60
310
5587
421
513
328
84540
3158
43274
11
5587
421
4833
3043
2234
585
466
5587
421
513
524
4862
303
279
16168
13
198
1031
262
653
6558
728
1380
264
2086
5313
29071
25
1683
883
1092
25721
279
1324
314
45127
13
198
1031
262
653
561
1324
314
45127
369
10521
539
1204
1599
2942
567
4062
279
580
84250
7554
76506
3798
13
1946
33363
45127
11
567
1318
310
4062
279
3798
430
3428
430
3102
11
864
3254
3154
1754
16168
430
2716
430
3102
318
7834
1990
279
21354
3102
1172
279
54102
5728
553
198
1031
262
653
85152
11
694
279
54102
5728
2640
328
4670
467
8978
487
748
567
628
914
1066
1236
45127
22602
82698
13
198
1031
262
653
6558
728
1066
4072
279
61934
5176
440
279
8396
421
424
2493
381
6103
11
321
1436
413
279
6813
1440
13
198
1031
262
653
32645
11
353
12706
353
628
28476
539
25464
421
1379
4203
1459
914
7556
279
1067
13
6558
728
1380
9722
1754
3542
310
1754
314
279
220
17
20
975
5587
11
694
1132
12204
45127
948
5689
13
198
1031
262
653
1690
307
28
16
15
61
19
321
220
17
20
975
5587
791
2234
11
421
579
220
17
20
15
11
15
15
15
10853
13
8618
7225
496
1393
8
18465
11
6866
220
17
13
20
348
220
16
15
61
24
7289
13
733
12654
11
411
369
2166
6103
13
198
1031
262
653
6558
728
1683
314
264
2577
5313
13
198
1031
262
653
5141
19407
25
9722
3542
506
2234
585
1132
20843
279
16168
421
5435
2234
585
13
1368
567
2222
274
957
60
310
272
11
279
16168
8222
585
2493
2222
11
864
72405
3342
13
198
1031
262
653
6558
728
1380
310
12204
279
2376
314
9722
274
957
60
310
272
777
28750
13
198
1031
262
653
39752
5313
25
364
1754
2234
585
11
321
364
1754
3102
491
3542
272
11
12204
279
491
16168
1698
1608
264
10490
54102
18465
421
17397
430
4970
430
424
35140
4050
494
279
3889
13
198
1031
262
653
1061
1362
381
10281
413
279
78361
8311
3988
13
198
1031
262
653
6558
728
4072
411
25
198
1031
262
364
585
303
2020
1393
1590
198
285
3889
8959
283
274
957
60
198
285
364
272
303
359
65234
1170
198
309
413
272
606
3889
8959
25
198
388
2962
198
309
653
4091
491
886
440
274
957
60
5324
310
272
198
309
653
11746
314
6611
264
491
886
11
1042
579
36213
440
279
2222
198
309
653
21902
45127
364
279
10490
886
198
309
259
36180
283
1103
1104
8
198
309
259
36180
957
60
283
272
198
309
259
283
41445
5799
1117
36180
8
198
309
1698
283
12204
95667
1117
11
580
8
198
309
413
1698
835
1786
25
198
388
1786
283
1698
6987
262
460
1786
198
71093
248046
198
248045
846
198
7525
3555
4621
4490
279
6813
13
5514
579
279
1412
25
198
22407
359
79221
67065
1904
1385
74131
17594
782
30498
7393
1401
6073
7117
24382
680
1238
220
18
15
6283
987
1206
311
40138
11
411
369
678
3274
25
4310
279
2614
709
11618
321
4479
889
11
6999
4072
279
709
7246
321
1440
660
279
6813
13
2972
5683
4045
67305
3067
13209
50
159029
271
2523
1220
14623
279
1970
488
10490
303
264
64504
1970
2424
318
784
9609
31789
318
19458
668
31153
279
3889
5568
8
248046
198
248045
74455
198
248068
271
248069
271
71093
12305
198
727
1866
95667
6406
11331
15476
1104
25
592
11
580
25
514
8
1411
514
25
198
262
4071
15767
264
886
274
321
449
7308
580
11
7995
279
6966
1324
314
45127
3102
198
262
1238
44007
9722
506
1379
799
3542
303
274
310
2361
40657
6321
13
198
1031
262
561
16168
286
1817
4138
430
10695
25
198
262
471
21513
279
21354
8978
314
274
8222
506
1379
580
12103
5587
198
262
471
10466
411
8978
318
1767
286
430
799
16168
8
198
262
471
43311
2980
274
369
4147
6987
262
17167
25
198
285
274
25
357
886
29607
314
40657
6163
11592
318
16
2564
2343
1104
8
2564
220
16
15
61
19
8
198
285
580
25
25749
1324
314
12103
5587
5252
303
1754
16168
318
16
2564
580
2564
220
17
21
8
198
1031
262
5019
25
198
285
561
6966
1324
314
45127
85116
1238
7314
722
9722
506
1379
799
3542
6987
262
11765
1866
95667
6406
11331
15476
482
565
23668
504
220
17
8
198
262
220
18
198
262
11765
1866
95667
6406
11331
15476
482
64
11663
365
504
220
18
8
198
262
220
16
198
262
11765
1866
95667
6406
11331
15476
482
87
27912
504
220
16
8
198
262
220
19
198
262
4071
198
1031
262
687
12204
95667
1117
25
592
11
580
25
514
8
1411
514
25
198
285
4071
44712
279
1324
314
45127
364
886
259
440
2574
580
1608
54102
5313
71483
198
285
413
524
259
25
198
309
460
220
15
198
285
1698
283
220
15
198
285
585
283
220
15
198
285
307
283
2343
1117
8
198
285
1345
585
361
307
25
198
309
12103
283
4535
198
309
492
283
585
198
309
653
67710
492
430
2944
430
3102
1345
19720
506
1379
580
12103
5587
198
309
1345
492
361
307
25
198
388
272
283
259
3681
60
198
388
413
272
303
12103
25
198
493
12103
12090
60
1373
220
16
198
388
745
25
198
493
413
2343
34973
7554
8
361
580
25
198
646
12103
12090
60
283
220
16
198
493
745
25
198
646
1387
198
388
492
1373
220
16
198
309
653
561
16168
369
259
957
55628
60
198
309
1698
1373
220
16
198
309
585
283
492
198
285
460
1698
6987
262
307
283
2343
1104
8
198
1031
262
653
16643
866
2222
11
12204
279
1324
314
45127
198
262
1786
283
12204
95667
1104
11
580
8
198
1031
262
653
1690
1754
2234
11
1380
9722
310
1754
3102
3542
198
262
653
1921
567
1144
310
381
44926
310
5471
496
7
17
21
348
307
61
17
8
198
1031
262
653
6558
728
1683
883
411
20648
13
198
262
653
561
54102
16168
286
369
69892
13
48483
799
3542
628
7556
5081
16168
22005
13
198
1031
262
653
5141
21254
25
9722
274
957
60
310
272
1132
12482
413
424
4203
279
16168
5759
13
198
262
653
6558
579
829
26808
279
3889
16168
22005
13
198
1031
262
653
21902
3889
16168
22005
198
262
3889
18857
5262
283
2958
198
262
585
283
220
15
198
262
1345
585
361
307
25
198
285
12103
283
4535
198
285
492
283
585
198
285
1345
492
361
307
25
198
309
272
283
274
3681
60
198
309
413
272
303
12103
25
198
388
12103
12090
60
1373
220
16
198
309
745
25
198
388
413
2343
34973
7554
8
361
580
25
198
493
12103
12090
60
283
220
16
198
388
745
25
198
493
1387
198
309
492
1373
220
16
198
285
3889
18857
5262
1989
1148
72
11
492
578
198
285
585
283
492
198
262
3889
3079
283
2343
38488
18857
5262
8
198
1031
262
653
1690
14588
11
1042
579
2814
421
9722
264
3542
506
2234
280
1132
20843
45127
198
262
653
421
6435
2234
280
13
6558
579
10229
864
16168
5435
1754
2234
13
198
1031
262
653
4807
26808
16168
1857
364
1754
2234
198
262
16168
3456
283
498
15
60
348
307
198
262
364
6961
11
318
2388
11
809
8
303
12867
38488
18857
5262
1590
198
285
364
1097
303
2020
10324
11
809
1590
198
309
16168
3456
20980
60
283
6961
6987
262
653
1690
1754
2234
280
11
321
364
1754
3102
491
3542
272
931
274
11079
1089
198
262
653
567
1318
310
12204
279
491
1324
314
45127
13
198
1031
262
653
11746
314
2400
18465
11
1042
579
1683
25
279
2222
506
2234
280
628
1132
7556
279
16168
198
262
653
8222
280
321
10451
16905
45127
13
198
1031
262
653
6558
728
1380
264
777
10727
5313
25
364
1754
2234
280
11
7995
1092
2222
1000
381
22113
198
262
653
539
39664
279
2136
5759
13
198
1031
262
653
32645
11
1042
728
1380
279
61934
5176
694
440
3988
33265
321
78379
13
198
262
653
1690
307
28
16
15
61
19
11
1042
579
1436
413
567
628
28476
279
8906
6136
13
198
1031
262
653
55804
25
1690
1754
2234
280
11
567
1132
1144
310
1380
9722
274
11079
60
310
5587
421
513
198
262
653
2892
2945
303
279
1428
16168
8222
280
466
524
2945
13
6558
579
3798
279
10853
13
198
1031
262
653
1690
1754
16168
11
279
5587
2945
513
6973
13
3095
567
2222
274
11079
1089
279
2376
383
279
198
262
653
1428
16168
13402
383
3315
279
491
3542
369
2582
303
279
16168
466
524
13
198
1031
262
653
6558
728
1380
264
2086
5313
25
36213
279
16168
286
1817
2957
11
321
364
1754
16168
11
198
262
653
2814
9722
264
3542
506
279
18169
310
1436
413
567
628
6507
424
4473
466
10562
424
20648
13
198
1031
262
653
85152
11
1042
728
1066
1380
279
61934
5176
440
264
7856
24460
25
10390
9599
1332
9722
2677
914
1438
13
198
1031
262
653
32645
11
1042
728
1066
4072
279
2400
61934
5176
694
303
264
777
10727
1560
539
29436
886
9400
13
198
1031
262
364
280
303
2020
1393
1590
198
285
2626
8959
283
274
11079
60
198
285
653
2058
279
16168
8222
2234
280
198
285
919
7031
283
16168
3456
11079
60
198
285
1151
11
809
283
3889
18857
5262
58
4332
7031
60
198
1726
285
653
2058
5587
303
411
16168
198
285
22283
1201
10182
283
716
1104
27533
24968
2387
198
1726
285
653
9446
9722
274
11079
60
310
1754
3542
524
303
22283
1201
10182
318
951
13188
5096
12103
1698
11
864
2493
1438
413
567
1318
310
809
411
16168
6575
8
198
285
653
321
1754
3542
303
22283
1201
10182
318
951
13188
524
2222
12103
1698
8
198
1726
285
653
32645
11
1042
579
1380
660
220
17
21
5587
694
10390
413
424
579
279
1788
198
285
364
272
303
359
65234
1170
198
309
413
272
606
2626
8959
25
198
388
2962
18015
309
653
4319
6134
16168
286
440
274
11079
60
5324
310
272
11
694
28476
539
1132
35970
611
286
494
279
1151
314
279
11164
16168
198
309
653
561
45127
1518
919
7031
513
33702
13
198
309
653
561
16168
919
7031
2493
2222
11
321
748
2493
16905
45127
13
198
3265
309
653
6558
579
36213
494
2234
1151
57419
198
309
1698
283
919
7031
220
653
45127
1518
919
7031
513
33702
18015
309
585
283
1151
198
309
307
5854
283
307
198
309
1345
585
361
307
5854
25
198
388
413
585
606
280
25
198
493
653
5272
272
4370
314
274
957
60
198
493
1428
8959
283
272
198
388
745
25
198
493
1428
8959
283
274
957
60
198
6159
388
12103
283
4535
198
388
492
283
585
198
388
1345
492
361
307
5854
25
198
493
413
492
606
280
25
198
646
509
283
272
198
493
745
25
198
646
509
283
274
3681
60
198
493
413
509
303
12103
25
198
646
12103
55824
60
1373
220
16
198
493
745
25
198
646
413
2343
34973
7554
8
361
580
25
198
967
12103
55824
60
283
220
16
198
646
745
25
198
967
1387
198
493
492
1373
220
16
198
388
1698
1373
220
16
198
388
585
283
492
18015
309
413
1698
835
1786
25
198
388
1786
283
1698
6987
262
460
1786
198
71093
248046
198