248045
846
198
4274
279
2614
709
11618
321
4479
889
11
6999
4072
279
709
7246
321
1440
660
279
6813
13
2972
5683
4045
67305
3067
13209
50
159029
271
2523
1220
14623
279
1970
488
10490
303
264
64504
1970
2424
318
784
9609
31789
318
19458
668
31153
279
3889
5568
8
271
71093
198
727
1698
43292
32388
1393
25
514
11
580
25
514
11
274
25
592
8
1411
514
25
198
262
4071
15767
264
886
274
314
2984
307
29607
314
5587
359
32
504
359
33
504
321
30049
504
198
262
321
264
6572
7308
580
11
1698
279
1324
314
5337
310
8032
1754
71018
440
198
262
2892
359
32
6
466
359
33
6
1680
421
279
12571
886
682
874
10537
474
433
291
37172
198
262
314
2984
580
13
198
1031
262
357
886
369
6306
328
17981
1
413
874
64258
37172
314
2984
580
369
264
70613
13
198
262
3301
279
1698
57844
220
24
24
23
17
19
19
18
20
18
13
198
1031
262
17167
25
198
285
307
25
561
2984
314
279
886
318
17
2564
580
2564
307
2564
220
16
15
15
15
8
198
285
580
25
561
2984
314
15305
793
310
1716
364
10537
474
433
287
318
74
2564
220
16
15
8
198
285
274
25
357
886
314
2984
307
29607
314
359
32
504
359
33
504
321
71018
198
1031
262
5019
25
198
285
561
1324
314
1603
8796
57844
220
24
24
23
17
19
19
18
20
18
6987
262
11765
1698
43292
32388
7
22
11
220
19
11
359
1803
30
32
30
6844
837
198
262
220
16
198
262
11765
1698
43292
32388
7
19
15
11
220
22
11
359
25758
25758
25758
25758
25758
25758
25758
25758
25758
25758
837
198
262
220
16
16
21
17
24
20
19
18
21
198
262
11765
1698
43292
32388
7
16
20
11
220
20
11
359
1803
54656
25758
25758
7403
837
198
262
220
15
198
262
4071
271
727
1716
69574
1590
198
262
653
3284
4886
494
279
3377
198
262
1992
8871
7
22
11
220
19
11
359
1803
30
32
30
6844
837
606
220
16
198
262
1992
8871
7
19
15
11
220
22
11
359
25758
25758
25758
25758
25758
25758
25758
25758
25758
25758
837
606
220
16
16
21
17
24
20
19
18
21
198
262
1992
8871
7
16
20
11
220
20
11
359
1803
54656
25758
25758
7403
837
606
220
15
198
262
1992
8871
7
19
15
11
220
23
11
30049
32
30
33
7403
33
30
33
30
5840
30
32
30
33
7403
33
30
32
31921
33
30
9798
30
33
31921
6844
7403
33
5840
837
606
220
17
20
24
17
19
15
6987
262
653
22484
1228
4886
198
262
1992
8871
7
16
15
15
15
11
220
16
15
11
71018
348
220
16
15
15
15
8
606
220
18
18
24
24
24
23
21
16
23
198
262
1992
8871
7
16
15
15
15
11
220
24
11
359
33
6
348
220
16
15
478
359
32
6
348
220
19
478
359
33
6
348
220
18
478
359
32
6
348
220
23
478
359
33
6
478
359
32
6
348
220
20
478
359
33
6
348
220
18
478
359
32
6
478
359
33
6
348
220
19
478
359
32
6
478
359
33
6
348
220
18
478
359
32
6
478
359
33
6
348
220
17
478
359
32
6
478
359
33
6
348
220
16
18
478
359
32
6
478
359
33
6
348
220
16
19
478
359
32
6
348
220
17
478
359
33
6
348
220
17
478
359
32
6
478
359
33
6
348
220
17
478
359
32
6
348
220
17
478
359
33
6
348
220
16
18
478
359
32
6
348
220
17
478
359
33
6
348
220
17
478
359
32
6
348
220
17
478
359
33
6
348
220
16
20
478
359
32
6
348
220
17
478
359
33
6
348
220
17
478
359
32
6
478
359
33
6
348
220
18
478
359
32
6
478
359
33
6
348
220
16
22
478
359
32
6
478
359
33
6
348
220
24
478
359
32
6
478
359
33
6
348
220
19
478
359
32
6
478
359
33
6
348
220
16
16
478
359
32
6
478
359
33
6
348
220
18
478
359
32
6
478
359
33
6
348
220
16
19
478
359
32
6
478
359
33
6
348
220
19
478
359
32
6
478
359
33
6
348
220
24
478
359
32
6
478
359
33
6
348
220
16
23
478
359
32
6
478
359
33
6
348
220
17
21
478
359
32
6
348
220
17
478
359
33
6
348
220
16
16
478
359
32
6
478
359
33
6
348
220
21
478
359
32
6
478
359
33
6
348
220
19
478
359
32
6
478
359
33
6
348
220
17
21
478
359
32
6
348
220
17
478
359
33
6
348
220
21
20
478
359
32
6
478
359
33
6
348
220
17
478
359
32
6
478
359
33
6
348
220
19
478
359
32
6
478
359
33
6
478
359
32
6
478
359
33
6
348
220
17
478
359
32
6
478
359
33
6
348
220
17
478
359
32
6
478
359
33
6
348
220
17
23
478
359
32
6
478
359
33
6
348
220
16
18
478
359
32
6
478
359
33
6
348
220
16
24
478
359
32
6
478
359
33
6
348
220
16
20
478
359
32
6
478
359
33
6
348
220
21
478
359
32
6
478
359
33
6
478
359
32
6
478
359
33
6
348
220
18
478
359
32
6
478
359
33
6
348
220
16
23
478
359
32
6
348
220
17
478
359
33
6
478
359
32
6
478
359
33
6
348
220
17
478
359
32
6
478
359
33
6
348
220
16
23
478
359
32
6
478
359
33
6
348
220
16
19
478
359
32
6
348
220
17
478
359
33
6
348
220
18
478
359
32
6
478
359
33
6
348
220
17
478
359
32
6
348
220
17
478
359
33
6
348
220
16
15
478
359
32
6
478
359
33
6
348
220
18
478
359
32
6
348
220
20
478
359
33
6
478
359
32
6
478
359
33
6
348
220
18
478
359
32
6
478
359
33
6
348
220
24
478
359
32
6
478
359
33
6
348
220
18
15
478
359
32
6
478
359
33
6
348
220
18
20
478
359
32
6
478
359
33
6
348
220
16
17
478
359
32
6
478
359
33
6
348
220
17
478
359
32
6
348
220
17
478
359
33
6
478
359
32
6
348
220
17
478
359
33
6
348
220
16
24
478
359
32
6
478
359
33
6
348
220
20
478
359
32
6
348
220
17
478
359
33
6
478
359
32
6
478
359
33
6
348
220
17
19
478
359
32
6
348
220
17
478
359
33
6
478
359
32
6
478
359
33
6
348
220
17
478
359
32
6
478
359
33
6
348
220
17
23
478
359
32
6
478
359
33
6
348
220
17
15
478
359
32
6
478
359
33
6
348
220
17
18
478
359
32
6
478
359
33
6
348
220
18
16
478
359
32
6
478
359
33
6
348
220
24
478
359
32
6
478
359
33
6
348
220
16
21
478
359
32
6
478
359
33
6
348
220
17
18
478
359
32
6
478
359
33
6
348
220
17
19
478
359
32
6
478
359
33
6
348
220
17
16
478
359
32
6
478
359
33
6
348
220
16
21
478
359
32
6
478
359
33
6
348
220
22
478
359
32
6
478
359
33
6
478
359
32
6
478
359
33
6
348
220
17
478
359
32
6
478
359
33
6
348
220
20
478
359
32
6
478
359
33
6
348
220
23
8
606
220
15
198
262
1992
8871
7
16
15
15
15
11
220
17
11
71018
348
220
21
478
359
32
6
478
71018
348
220
22
478
359
32
6
348
220
19
478
71018
348
220
19
478
359
32
6
478
71018
348
220
17
478
359
32
6
478
71018
478
359
32
6
478
71018
348
220
20
478
359
32
6
478
71018
348
220
22
478
359
32
6
348
220
17
478
71018
348
220
23
478
359
32
6
478
71018
478
359
32
6
348
220
17
478
71018
348
220
17
478
359
32
6
478
71018
348
220
16
15
478
359
32
6
478
71018
348
220
17
478
359
32
6
478
71018
348
220
17
478
359
32
6
478
71018
348
220
18
478
359
32
6
478
71018
348
220
17
478
359
32
6
478
71018
478
359
32
6
478
71018
348
220
19
478
359
32
6
478
71018
348
220
23
478
359
32
6
478
71018
478
359
32
6
478
71018
478
359
32
6
478
71018
348
220
20
478
359
32
6
478
71018
348
220
18
478
359
32
6
478
71018
348
220
16
16
478
359
32
6
478
71018
348
220
20
478
359
32
6
478
71018
348
220
23
478
359
32
6
478
71018
348
220
20
478
359
32
6
478
71018
478
359
32
6
478
71018
348
220
20
478
359
32
6
478
71018
348
220
16
15
478
359
32
6
348
220
17
478
71018
478
359
32
6
478
71018
348
220
23
478
359
32
6
478
71018
348
220
17
478
359
32
6
478
71018
348
220
18
478
359
32
6
478
71018
348
220
17
478
359
32
6
478
71018
478
359
32
6
348
220
17
478
71018
348
220
18
478
359
32
6
478
71018
348
220
17
478
359
32
6
478
71018
348
220
18
478
359
32
6
478
71018
348
220
17
478
359
32
6
478
71018
348
220
19
478
359
32
6
478
71018
348
220
22
478
359
32
6
478
71018
348
220
18
478
359
32
6
478
71018
348
220
24
478
359
32
6
478
71018
348
220
21
478
359
32
6
478
71018
478
359
32
6
348
220
18
478
71018
348
220
17
478
359
32
6
478
71018
348
220
18
478
359
32
6
478
71018
348
220
19
478
359
32
6
478
71018
348
220
16
17
478
359
32
6
478
71018
478
359
32
6
478
71018
348
220
23
478
359
32
6
478
71018
348
220
22
478
359
32
6
348
220
17
478
71018
348
220
20
478
359
32
6
478
71018
478
359
32
6
478
71018
348
220
17
478
359
32
6
478
71018
348
220
21
478
359
32
6
478
71018
348
220
16
20
478
359
32
6
478
71018
348
220
17
478
359
32
6
478
71018
348
220
19
478
359
32
6
478
71018
348
220
19
478
359
32
6
348
220
17
478
71018
478
359
32
6
478
71018
348
220
18
478
359
32
6
478
71018
478
359
32
6
478
71018
348
220
24
478
359
32
6
478
71018
478
359
32
6
478
71018
348
220
20
478
359
32
6
478
71018
348
220
16
24
478
359
32
6
478
71018
348
220
20
478
359
32
6
478
71018
348
220
17
478
359
32
6
478
71018
478
359
32
6
348
220
17
478
71018
348
220
21
478
359
32
6
478
71018
348
220
17
478
359
32
6
478
71018
348
220
21
478
359
32
6
478
71018
348
220
20
478
359
32
6
478
71018
348
220
17
478
359
32
6
348
220
17
478
71018
348
220
23
478
359
32
6
478
71018
478
359
32
6
478
71018
478
359
32
6
478
71018
348
220
16
17
478
359
32
6
348
220
17
478
71018
478
359
32
6
478
71018
348
220
20
478
359
32
6
478
71018
348
220
20
478
359
32
6
478
71018
478
359
32
6
348
220
17
478
71018
348
220
19
478
359
32
6
478
71018
348
220
24
478
359
32
6
478
71018
478
359
32
6
478
71018
348
220
16
17
478
359
32
6
348
220
17
478
71018
478
359
32
6
478
71018
348
220
16
17
478
359
32
6
348
220
17
478
71018
348
220
20
478
359
32
6
478
71018
348
220
17
478
359
32
6
348
220
17
478
71018
478
359
32
6
478
71018
478
359
32
6
478
71018
348
220
21
478
359
32
6
348
220
18
478
71018
478
359
32
6
478
71018
348
220
18
478
359
32
6
478
71018
478
359
32
6
478
71018
348
220
24
478
359
32
6
478
71018
348
220
18
478
359
32
6
478
71018
478
359
32
6
478
71018
348
220
18
478
359
32
6
348
220
17
478
71018
478
359
32
6
348
220
17
478
71018
478
359
32
6
478
71018
478
359
32
6
478
71018
478
359
32
6
478
71018
348
220
20
478
359
32
6
478
71018
478
359
32
6
478
71018
348
220
18
478
359
32
6
478
71018
348
220
18
478
359
32
6
478
71018
348
220
17
478
359
32
6
478
71018
478
359
32
6
478
71018
348
220
16
16
478
359
32
6
348
220
17
478
71018
348
220
23
478
359
32
6
478
71018
348
220
17
478
359
32
6
478
71018
348
220
22
478
359
32
6
478
71018
348
220
18
478
359
32
6
478
71018
348
220
19
478
359
32
6
478
71018
478
359
32
6
478
71018
348
220
22
478
359
32
6
348
220
18
478
71018
348
220
19
478
359
32
6
478
71018
478
359
32
6
478
71018
348
220
17
478
359
32
6
478
71018
348
220
22
478
359
32
6
478
71018
478
359
32
6
478
71018
348
220
23
478
359
32
6
478
71018
348
220
17
478
359
32
6
348
220
17
478
71018
348
220
17
478
359
32
6
478
71018
348
220
18
478
359
32
6
478
71018
348
220
18
478
359
32
6
478
71018
348
220
16
16
478
359
32
6
478
71018
348
220
17
478
359
32
6
348
220
17
478
71018
478
359
32
6
478
71018
348
220
18
478
359
32
6
478
71018
348
220
24
478
359
32
6
478
71018
348
220
22
478
359
32
6
348
220
19
478
71018
348
220
20
478
359
32
6
478
71018
348
220
19
478
359
32
6
478
71018
348
220
21
478
359
32
6
478
71018
348
220
17
478
359
32
6
478
71018
348
220
20
478
359
32
6
348
220
18
478
71018
348
220
24
478
359
32
6
478
71018
348
220
18
478
359
32
6
478
30049
837
606
220
15
198
262
1992
8871
7
16
15
15
15
11
220
23
11
359
32
6
348
220
16
15
15
15
8
606
220
15
198
262
1992
8871
7
19
15
11
220
22
11
359
25758
25758
25758
25758
25758
25758
25758
25758
25758
25758
837
606
220
15
198
262
1992
8871
7
16
15
15
15
11
220
16
15
11
71018
348
220
16
15
15
15
8
606
220
18
18
24
24
24
23
21
16
23
198
262
1992
8871
7
16
15
15
15
11
220
16
15
11
71018
348
220
16
15
15
15
8
606
220
18
18
24
24
24
23
21
16
23
198
262
1992
8871
7
16
15
15
15
11
220
23
11
359
33
6
348
220
16
15
15
15
8
606
220
15
198
262
1992
8871
7
20
11
220
20
11
359
5840
30
6844
837
606
220
17
198
262
1992
8871
7
16
15
15
15
11
220
18
11
359
9798
30
33
7403
33
30
9798
33
30
9798
7403
33
7403
9798
31921
9798
25758
31921
33
7403
33
30
33
7403
33
7403
9798
33
30
33
30
9798
25758
33
7403
33
30
33
30
33
30
9798
30
33
25758
30
70944
30
33
31921
9798
25758
30
9798
33
25758
33
25758
33
30
9798
33
30
33
31921
33
25758
33
30
33
31921
33
30
33
31921
33
30
9798
30
9798
30
9798
25758
9798
33
30
33
7403
33
31921
9798
25758
9798
7403
9798
33
25758
7403
70944
30
9798
30
33
25758
9798
30
33
30
9798
33
30
9798
33
7403
9798
30
70944
33
30
9798
30
9798
30
9798
25758
7403
33
30
33
7403
9798
30
9798
33
30
33
7403
33
30
33
31921
33
25758
33
31921
33
30
33
30
70944
33
7403
70944
33
31921
9798
33
7403
33
25758
7403
33
7403
33
30
9798
30
33
30
33
25758
33
30
9798
30
9798
30
33
25758
30
9798
33
7403
9798
33
30
70944
7403
33
25758
9798
33
30
9798
33
25758
33
30
33
25758
9798
7403
9798
33
25758
70944
9798
7403
33
25758
9798
33
7403
9798
33
31921
70944
33
30
9798
33
7403
70944
9798
7403
33
30
9798
7403
33
7403
33
30
33
30
9798
30
33
7403
33
31921
33
30
9798
33
7403
9798
30
9798
25758
9798
33
31921
9798
30
33
30
33
31921
33
7403
33
31921
33
30
9798
33
30
9798
33
30
33
30
70944
30
9798
7403
9798
33
31921
9798
7403
9798
33
31921
33
25758
7403
33
31921
9798
33
25758
30
70944
30
9798
31921
9798
25758
30
70944
7403
9798
33
7403
33
7403
33
7403
33
30
9798
31921
33
7403
33
31921
33
31921
33
7403
33
7403
9798
7403
33
30
9798
30
9798
30
9798
33
30
9798
33
7403
33
31921
33
7403
9798
33
30
9798
30
33
7403
33
30
33
30
70944
33
31921
70944
7403
9798
30
9798
7403
9798
31921
33
30
33
31921
33
7403
9798
30
9798
33
31921
9798
7403
33
31921
33
7403
33
7403
33
30
9798
33
30
33
7403
33
7403
9798
7403
9798
33
31921
33
30
33
30
9798
7403
9798
7403
9798
33
30
9798
30
9798
33
30
9798
30
33
7403
9798
30
9798
30
9798
30
9798
30
9798
31921
70944
33
30
70944
30
33
31921
70944
70944
7403
33
30
33
31921
9798
25758
9798
30
70944
7403
33
25758
70944
9798
7403
9798
7403
33
30
33
7403
9798
25758
33
31921
9798
33
7403
70944
9798
33
30
70944
30
70944
7403
9798
7403
33
30
33
7403
9798
33
7403
33
30
33
30
9798
31921
9798
33
30
33
30
9798
33
7403
9798
30
9798
25758
30
9798
30
9798
31921
70944
7403
9798
31921
33
7403
33
30
9798
30
9798
30
33
30
70944
30
33
30
33
30
33
30
33
7403
9798
30
33
7403
70944
30
33
31921
33
30
33
7403
33
30
9798
30
9798
25758
33
30
9798
30
33
30
33
30
9798
7403
9798
7403
33
30
70944
9798
33
30
9798
837
606
220
15
271
2
5272
1716
11181
43292
32388
8
310
1542
6813
13
198
71093
248046
198
248045
74455
198
71093
12305
198
727
1698
43292
32388
1393
25
514
11
580
25
514
11
274
25
592
8
1411
514
25
198
262
4071
15767
264
886
274
314
2984
307
29607
314
5587
359
32
504
359
33
504
321
30049
504
198
262
321
264
6572
7308
580
11
1698
279
1324
314
5337
310
8032
1754
71018
440
198
262
2892
359
32
6
466
359
33
6
1680
421
279
12571
886
682
874
10537
474
433
291
37172
198
262
314
2984
580
13
198
1031
262
357
886
369
6306
328
17981
1
413
874
64258
37172
314
2984
580
369
264
70613
13
198
262
3301
279
1698
57844
220
24
24
23
17
19
19
18
20
18
13
198
1031
262
17167
25
198
285
307
25
561
2984
314
279
886
318
17
2564
580
2564
307
2564
220
16
15
15
15
8
198
285
580
25
561
2984
314
15305
793
310
1716
364
10537
474
433
287
318
74
2564
220
16
15
8
198
285
274
25
357
886
314
2984
307
29607
314
359
32
504
359
33
504
321
71018
198
1031
262
5019
25
198
285
561
1324
314
1603
8796
57844
220
24
24
23
17
19
19
18
20
18
6987
262
11765
1698
43292
32388
7
22
11
220
19
11
359
1803
30
32
30
6844
837
198
262
220
16
198
262
11765
1698
43292
32388
7
19
15
11
220
22
11
359
25758
25758
25758
25758
25758
25758
25758
25758
25758
25758
837
198
262
220
16
16
21
17
24
20
19
18
21
198
262
11765
1698
43292
32388
7
16
20
11
220
20
11
359
1803
54656
25758
25758
7403
837
198
262
220
15
198
262
4071
198
262
18107
283
220
24
24
23
17
19
19
18
20
18
6987
262
653
1165
1144
310
1698
279
1324
314
5337
310
4990
71018
1680
421
874
37172
314
2984
580
369
264
70613
13
198
262
653
8439
580
369
2526
318
74
2564
220
16
15
681
567
628
958
8476
15019
440
1528
1602
279
1483
580
12
16
5587
13
198
262
653
561
1528
506
2234
585
628
381
14807
539
279
1483
1262
1889
11
580
12
16
8
5587
13
198
262
653
32645
11
310
1716
413
264
37172
314
2984
580
13004
506
2234
585
369
264
70613
11
567
1144
9599
585
12283
10
16
310
585
13
198
262
653
1987
948
567
1925
3542
506
2234
585
11
567
1144
310
1366
5587
494
585
12283
10
16
310
585
12
16
310
1716
279
37172
13004
506
585
13
198
262
653
561
1528
628
381
279
1483
580
12
16
5587
318
26547
585
12283
10
17
310
585
12
16
11
864
369
580
12
17
5587
1076
1042
728
1683
777
15060
553
198
1031
262
653
6558
579
6762
279
1528
506
2234
585
318
15
20834
290
11
1238
23294
3542
506
2234
585
8
430
279
1483
580
12
16
5587
314
279
886
685
310
2234
585
13
198
262
653
43274
11
279
1528
369
279
13992
314
5587
506
9599
1866
7
15
11
585
12283
10
17
8
310
585
13
1061
369
506
1379
580
12
16
5587
13
198
262
653
3095
567
3166
310
2234
585
10
16
11
567
884
279
491
3542
321
5758
279
22778
413
279
3136
34105
580
12
16
13
198
1031
262
653
32645
11
1042
579
1683
20648
13
1690
1754
2234
585
494
220
15
310
307
12
16
11
567
1925
264
3542
318
32
466
417
11
466
8097
553
198
262
653
1946
1716
413
279
37172
13004
506
585
314
2984
580
369
264
70613
11
567
1144
5587
494
585
12283
10
16
310
585
13
198
262
653
1987
1004
1528
506
2234
585
1220
2830
5587
494
1866
7
15
11
585
12283
10
16
8
310
585
12
16
11
864
369
506
1379
580
12
16
5587
13
198
1031
262
653
6558
579
958
264
30715
1332
279
1528
369
279
1483
1262
1889
11
580
12
16
8
5587
430
264
13992
13
198
262
653
11002
957
1404
2374
60
283
1324
314
5337
310
4990
9599
220
15
486
72
1680
421
279
1483
1262
1889
10
16
11
580
12
16
8
5587
1304
359
2374
6
321
874
70613
314
2984
580
682
9721
748
2944
13
198
1031
262
653
1690
14588
11
2394
580
2564
220
16
15
11
279
1324
314
5134
369
506
1379
220
17
12883
74
12
16
8
2564
220
20
16
17
11
864
369
67657
13
198
1031
262
653
6558
579
15688
279
1528
430
449
7308
87828
1332
220
15
1095
32
6
321
220
16
1095
33
4282
198
1031
262
653
5339
11
1042
579
9307
421
279
8097
5587
513
12594
13
198
262
653
7054
11
567
1144
310
1716
413
866
8097
37172
314
2984
580
369
2582
264
70613
13
198
1031
262
687
369
70817
34864
73598
1590
198
285
4071
3840
413
279
1103
314
5587
369
264
70613
71483
198
285
460
22283
606
22283
60059
16
60
198
1031
262
653
6943
886
310
264
1103
314
5587
1332
567
628
944
440
24959
220
15
321
220
16
198
262
653
6558
579
1910
220
15
10551
359
32
6
321
220
16
10551
359
33
4282
471
16
10551
30049
4282
198
262
274
3906
283
2958
198
262
364
272
303
274
25
198
285
413
272
606
359
32
1170
198
309
274
3906
1989
7
15
8
198
285
4265
272
606
359
33
1170
198
309
274
3906
1989
7
16
8
198
285
745
25
198
309
274
3906
1989
3944
16
8
198
1031
262
653
4807
15464
25
413
866
37172
314
2984
580
303
279
8097
9599
369
264
70613
11
460
220
15
13
198
262
653
1921
3655
11
279
8097
9599
2493
524
381
4434
11
748
567
628
1132
1716
413
660
9599
303
264
3136
314
2984
580
513
8097
321
1304
264
70613
13
198
262
364
585
303
2020
1393
471
580
478
220
16
1590
198
285
3136
283
274
3906
957
14244
43938
60
198
285
413
660
1290
931
471
16
364
272
303
3136
1590
198
309
413
3136
606
3136
60059
16
5491
198
388
460
220
15
6987
262
653
30715
5313
198
262
653
3130
25
279
1483
580
12
16
5587
318
299
264
13992
314
220
15
82
321
220
16
82
8
198
262
653
1165
3172
958
264
10675
466
1287
364
30715
5134
13
198
1031
262
653
5447
314
3102
5134
25
220
17
12883
74
12
16
8
198
262
1572
22257
283
220
16
1079
318
74
471
220
16
8
198
1031
262
653
11002
53990
60
283
1324
314
5337
310
5372
411
1528
198
262
653
8736
25
1518
866
5587
11
567
628
2814
449
4147
1528
13
1921
1042
579
1151
494
2234
220
15
13
198
1031
262
653
2332
2234
220
15
11
279
328
4119
580
12
16
5587
1
369
1066
279
1118
3542
13
1921
567
1144
310
3579
279
2763
1528
15060
13
198
262
653
6558
579
6762
279
1528
1238
23294
3542
506
2234
585
430
279
1483
1262
1889
10
16
11
580
12
16
8
5587
13
198
1031
262
653
1690
2234
220
15
11
1528
369
264
13992
314
2984
220
15
318
3092
8
413
580
12
16
28
15
11
694
580
9628
17
11
748
580
12
16
9628
16
13
198
262
653
32645
11
1042
579
6762
279
1528
430
279
1483
580
12
16
5587
13
1690
2234
585
361
580
12
16
11
279
1528
682
585
10
16
5587
13
198
262
653
1946
1236
424
13398
11
1042
579
10694
440
264
3175
869
466
1066
958
43716
314
27823
27396
13
198
1031
262
653
37201
11
1042
579
958
264
2086
10845
13
561
1528
1238
2234
585
369
279
13992
318
82
957
12283
10
17
1089
274
957
12283
10
18
1089
58317
274
957
2387
413
585
2518
580
12
17
11
5752
318
82
58
15
1089
58317
274
957
10381
198
1031
262
653
6558
579
958
264
10675
364
30715
13
198
262
11002
283
4535
198
1031
262
653
3991
1528
25
1518
23294
866
5587
13
1165
628
1151
440
449
4147
13992
13
198
262
653
4486
23294
3542
506
2234
220
15
11
279
1528
369
318
82
58
15
1089
553
198
1031
262
364
1009
303
498
15
11
220
16
5491
198
285
413
274
3906
58
15
60
931
471
16
321
274
3906
58
15
60
931
1009
25
198
309
2962
198
285
653
10454
1009
506
2234
220
15
198
285
1528
283
318
805
44484
198
285
11002
53990
60
283
11002
652
8130
11
220
15
8
478
220
16
6987
262
653
52516
1472
9599
220
16
310
307
12
16
198
262
364
585
303
2020
7
16
11
307
1590
198
285
491
52066
283
4535
198
285
364
1528
11
1698
303
11002
9328
4406
198
309
653
3130
369
264
13992
314
2984
1262
1889
11
580
12
16
8
198
309
653
1165
1144
310
1925
264
3542
506
2234
585
13
198
309
653
561
1528
4862
10551
9599
1866
7
15
11
585
12283
10
17
8
310
585
12
16
13
198
309
653
1165
1144
310
1716
413
23294
264
3542
506
2234
585
11121
264
70613
314
2984
580
13
198
309
653
561
37172
314
2984
580
13004
506
2234
585
1000
381
494
585
12283
10
16
310
585
13
198
309
653
1165
1144
5587
494
585
12283
10
16
310
585
13
561
1528
6486
586
494
585
12283
10
17
310
585
12
16
13
198
309
653
1165
1144
279
3542
506
585
12283
10
16
13
1368
585
12283
10
16
361
220
15
11
1179
567
1459
914
599
264
2400
3136
314
2984
580
13
198
3265
309
364
1009
303
498
15
11
220
16
5491
198
388
413
274
3906
957
60
931
471
16
321
274
3906
957
60
931
1009
25
198
493
2962
33006
388
653
4109
413
264
70613
314
2984
580
369
13717
13004
506
2234
585
13
198
388
653
1061
7225
585
2518
580
12
16
13
198
388
413
585
2518
580
471
220
16
25
198
493
653
1165
1144
310
8972
279
37172
494
585
12283
10
16
310
585
13
198
493
653
561
1528
682
5587
494
585
12283
10
17
310
585
12
16
13
198
493
653
1165
1144
279
3542
506
585
12283
10
16
13
198
493
653
1368
279
1528
2984
369
580
12
16
11
1179
1528
58
15
60
369
279
3542
506
585
12283
10
16
13
198
493
653
1528
369
318
82
957
12283
10
17
1089
274
957
12283
10
18
1089
58317
274
957
12
16
2387
198
493
653
1987
274
957
12283
10
16
60
369
524
303
279
1528
13
85152
11
1042
728
37781
13
198
10367
493
653
6558
579
80403
25
1528
1238
2234
585
12
16
369
279
13992
318
82
957
12283
10
17
1089
274
957
12283
10
18
1089
58317
274
957
12
16
2387
413
585
12
16
2518
580
12
17
13
198
493
653
561
2984
314
1528
369
580
12
16
13
198
493
653
1987
1528
58
15
60
283
274
957
12283
10
17
1089
1528
58
16
60
283
274
957
12283
10
18
1089
58317
1528
6521
12
17
60
283
274
957
12
16
906
198
493
653
1946
1716
70613
494
585
12283
10
16
310
585
11
567
1144
274
957
12283
10
16
1089
274
957
12283
10
17
1089
58317
274
957
906
198
493
653
1165
1366
274
957
12283
10
17
60
310
274
957
12
16
60
494
1528
11
274
957
12
16
60
369
1528
6521
12
17
1089
274
957
12283
10
16
60
369
524
303
1528
13
198
10367
493
653
353
1683
353
1144
310
3627
580
12
16
5587
11
694
279
3136
364
12910
369
580
5587
13
198
493
653
6558
579
3627
279
1483
580
12
16
5587
13
3095
567
884
264
491
3542
11
279
491
3136
314
580
5587
369
25
198
493
653
318
335
4818
8959
1201
4244
11
7854
539
1528
58
15
1089
1528
58
16
1089
58317
1528
6521
12
18
1089
491
8959
8
413
1528
682
2984
580
12
16
13
198
493
653
13428
11
413
1528
682
2984
580
12
16
11
424
579
318
82
957
12283
10
17
1089
58317
274
957
12
16
10381
198
493
653
561
3542
506
585
12283
10
16
369
524
303
279
1528
13
1987
353
1144
310
2830
424
13
198
10367
493
653
6558
728
80403
279
1528
310
381
279
1483
580
12
16
5587
2583
279
799
506
585
12283
10
16
13
198
493
653
3130
1238
2234
585
12
16
25
318
82
957
12283
10
16
1089
274
957
12283
10
17
1089
58317
274
957
12
16
2387
413
585
12
16
2518
580
12
16
13
198
493
653
4844
948
567
884
274
957
1089
279
3136
369
318
82
957
12283
10
16
1089
58317
274
957
12
16
1089
274
957
2387
864
369
1528
478
318
82
957
1089
553
198
10367
493
653
1987
279
1528
1220
599
2984
580
12
16
11
13661
9599
585
12283
10
16
310
585
12
16
13
198
493
653
1690
585
361
580
12
16
11
279
1528
682
2984
585
10
16
11
13661
9599
220
15
310
585
13
198
10367
493
653
6558
579
7265
13
3095
585
2518
580
12
16
11
279
1528
682
2984
580
12
16
13
198
493
653
561
3136
364
12910
369
1528
478
318
805
11
553
198
10367
493
413
2343
8130
8
606
580
471
220
16
25
198
646
3136
283
1103
8130
8
478
498
805
60
198
646
413
3136
606
3136
60059
16
5491
198
967
2962
220
653
10606
34864
1669
11
10390
198
493
4265
2343
8130
8
478
220
16
606
580
25
198
646
653
1061
1105
25
1528
682
2984
580
12
16
694
567
2224
506
2234
585
283
580
12
16
13
198
646
653
32645
11
413
585
283
580
12
16
11
1528
1220
599
2984
580
12
16
318
26547
220
15
310
580
12
17
553
198
646
653
13428
11
1042
579
1347
43924
13
198
646
653
2332
2234
585
12
16
11
1528
369
318
82
58
15
1089
58317
274
957
12
16
2387
413
585
12
16
361
580
12
16
13
198
646
653
1368
585
12
16
283
580
12
17
11
1528
682
2984
580
12
16
13
198
646
653
2332
2234
585
283
580
12
16
11
567
884
1009
13
561
3136
369
274
58
15
60
310
274
6521
12
16
1089
864
369
1528
478
318
805
11
553
198
646
3136
283
1103
8130
8
478
498
805
60
198
646
413
3136
606
3136
60059
16
5491
198
967
2962
57103
493
653
1368
567
615
1532
11
874
70613
314
2984
580
369
13717
13
198
6159
388
653
5376
1528
198
388
413
2343
8130
8
606
580
471
220
16
25
198
493
653
15272
279
1118
3542
11
884
279
491
799
198
493
491
4244
283
1528
58
16
27365
478
318
805
44484
198
388
745
25
198
493
491
4244
283
1528
478
318
805
44484
198
6159
388
491
52066
42049
4244
60
283
318
902
52066
652
1693
4244
11
220
15
8
478
1698
8
984
18107
8675
285
11002
283
491
52066
6987
262
653
7860
660
14159
198
262
1067
283
2542
33647
10341
2072
984
18107
198
262
460
1067
1358
727
1716
69574
1590
198
262
653
3284
4886
494
279
3377
198
262
1992
8871
7
22
11
220
19
11
359
1803
30
32
30
6844
837
606
220
16
198
262
1992
8871
7
19
15
11
220
22
11
359
25758
25758
25758
25758
25758
25758
25758
25758
25758
25758
837
606
220
16
16
21
17
24
20
19
18
21
198
262
1992
8871
7
16
20
11
220
20
11
359
1803
54656
25758
25758
7403
837
606
220
15
198
262
1992
8871
7
19
15
11
220
23
11
30049
32
30
33
7403
33
30
33
30
5840
30
32
30
33
7403
33
30
32
31921
33
30
9798
30
33
31921
6844
7403
33
5840
837
606
220
17
20
24
17
19
15
6987
262
653
22484
1228
4886
198
262
1992
8871
7
16
15
15
15
11
220
16
15
11
71018
348
220
16
15
15
15
8
606
220
18
18
24
24
24
23
21
16
23
198
262
1992
8871
7
16
15
15
15
11
220
24
11
359
33
6
348
220
16
15
478
359
32
6
348
220
19
478
359
33
6
348
220
18
478
359
32
6
348
220
23
478
359
33
6
478
359
32
6
348
220
20
478
359
33
6
348
220
18
478
359
32
6
478
359
33
6
348
220
19
478
359
32
6
478
359
33
6
348
220
18
478
359
32
6
478
359
33
6
348
220
17
478
359
32
6
478
359
33
6
348
220
16
18
478
359
32
6
478
359
33
6
348
220
16
19
478
359
32
6
348
220
17
478
359
33
6
348
220
17
478
359
32
6
478
359
33
6
348
220
17
478
359
32
6
348
220
17
478
359
33
6
348
220
16
18
478
359
32
6
348
220
17
478
359
33
6
348
220
17
478
359
32
6
348
220
17
478
359
33
6
348
220
16
20
478
359
32
6
348
220
17
478
359
33
6
348
220
17
478
359
32
6
478
359
33
6
348
220
18
478
359
32
6
478
359
33
6
348
220
16
22
478
359
32
6
478
359
33
6
348
220
24
478
359
32
6
478
359
33
6
348
220
19
478
359
32
6
478
359
33
6
348
220
16
16
478
359
32
6
478
359
33
6
348
220
18
478
359
32
6
478
359
33
6
348
220
16
19
478
359
32
6
478
359
33
6
348
220
19
478
359
32
6
478
359
33
6
348
220
24
478
359
32
6
478
359
33
6
348
220
16
23
478
359
32
6
478
359
33
6
348
220
17
21
478
359
32
6
348
220
17
478
359
33
6
348
220
16
16
478
359
32
6
478
359
33
6
348
220
21
478
359
32
6
478
359
33
6
348
220
19
478
359
32
6
478
359
33
6
348
220
17
21
478
359
32
6
348
220
17
478
359
33
6
348
220
21
20
478
359
32
6
478
359
33
6
348
220
17
478
359
32
6
478
359
33
6
348
220
19
478
359
32
6
478
359
33
6
478
359
32
6
478
359
33
6
348
220
17
478
359
32
6
478
359
33
6
348
220
17
478
359
32
6
478
359
33
6
348
220
17
23
478
359
32
6
478
359
33
6
348
220
16
18
478
359
32
6
478
359
33
6
348
220
16
24
478
359
32
6
478
359
33
6
348
220
16
20
478
359
32
6
478
359
33
6
348
220
21
478
359
32
6
478
359
33
6
478
359
32
6
478
359
33
6
348
220
18
478
359
32
6
478
359
33
6
348
220
16
23
478
359
32
6
348
220
17
478
359
33
6
478
359
32
6
478
359
33
6
348
220
17
478
359
32
6
478
359
33
6
348
220
16
23
478
359
32
6
478
359
33
6
348
220
16
19
478
359
32
6
348
220
17
478
359
33
6
348
220
18
478
359
32
6
478
359
33
6
348
220
17
478
359
32
6
348
220
17
478
359
33
6
348
220
16
15
478
359
32
6
478
359
33
6
348
220
18
478
359
32
6
348
220
20
478
359
33
6
478
359
32
6
478
359
33
6
348
220
18
478
359
32
6
478
359
33
6
348
220
24
478
359
32
6
478
359
33
6
348
220
18
15
478
359
32
6
478
359
33
6
348
220
18
20
478
359
32
6
478
359
33
6
348
220
16
17
478
359
32
6
478
359
33
6
348
220
17
478
359
32
6
348
220
17
478
359
33
6
478
359
32
6
348
220
17
478
359
33
6
348
220
16
24
478
359
32
6
478
359
33
6
348
220
20
478
359
32
6
348
220
17
478
359
33
6
478
359
32
6
478
359
33
6
348
220
17
19
478
359
32
6
348
220
17
478
359
33
6
478
359
32
6
478
359
33
6
348
220
17
478
359
32
6
478
359
33
6
348
220
17
23
478
359
32
6
478
359
33
6
348
220
17
15
478
359
32
6
478
359
33
6
348
220
17
18
478
359
32
6
478
359
33
6
348
220
18
16
478
359
32
6
478
359
33
6
348
220
24
478
359
32
6
478
359
33
6
348
220
16
21
478
359
32
6
478
359
33
6
348
220
17
18
478
359
32
6
478
359
33
6
348
220
17
19
478
359
32
6
478
359
33
6
348
220
17
16
478
359
32
6
478
359
33
6
348
220
16
21
478
359
32
6
478
359
33
6
348
220
22
478
359
32
6
478
359
33
6
478
359
32
6
478
359
33
6
348
220
17
478
359
32
6
478
359
33
6
348
220
20
478
359
32
6
478
359
33
6
348
220
23
8
606
220
15
198
262
1992
8871
7
16
15
15
15
11
220
17
11
71018
348
220
21
478
359
32
6
478
71018
348
220
22
478
359
32
6
348
220
19
478
71018
348
220
19
478
359
32
6
478
71018
348
220
17
478
359
32
6
478
71018
478
359
32
6
478
71018
348
220
20
478
359
32
6
478
71018
348
220
22
478
359
32
6
348
220
17
478
71018
348
220
23
478
359
32
6
478
71018
478
359
32
6
348
220
17
478
71018
348
220
17
478
359
32
6
478
71018
348
220
16
15
478
359
32
6
478
71018
348
220
17
478
359
32
6
478
71018
348
220
17
478
359
32
6
478
71018
348
220
18
478
359
32
6
478
71018
348
220
17
478
359
32
6
478
71018
478
359
32
6
478
71018
348
220
19
478
359
32
6
478
71018
348
220
23
478
359
32
6
478
71018
478
359
32
6
478
71018
478
359
32
6
478
71018
348
220
20
478
359
32
6
478
71018
348
220
18
478
359
32
6
478
71018
348
220
16
16
478
359
32
6
478
71018
348
220
20
478
359
32
6
478
71018
348
220
23
478
359
32
6
478
71018
348
220
20
478
359
32
6
478
71018
478
359
32
6
478
71018
348
220
20
478
359
32
6
478
71018
348
220
16
15
478
359
32
6
348
220
17
478
71018
478
359
32
6
478
71018
348
220
23
478
359
32
6
478
71018
348
220
17
478
359
32
6
478
71018
348
220
18
478
359
32
6
478
71018
348
220
17
478
359
32
6
478
71018
478
359
32
6
348
220
17
478
71018
348
220
18
478
359
32
6
478
71018
348
220
17
478
359
32
6
478
71018
348
220
18
478
359
32
6
478
71018
348
220
17
478
359
32
6
478
71018
348
220
19
478
359
32
6
478
71018
348
220
22
478
359
32
6
478
71018
348
220
18
478
359
32
6
478
71018
348
220
24
478
359
32
6
478
71018
348
220
21
478
359
32
6
478
71018
478
359
32
6
348
220
18
478
71018
348
220
17
478
359
32
6
478
71018
348
220
18
478
359
32
6
478
71018
348
220
19
478
359
32
6
478
71018
348
220
16
17
478
359
32
6
478
71018
478
359
32
6
478
71018
348
220
23
478
359
32
6
478
71018
348
220
22
478
359
32
6
348
220
17
478
71018
348
220
20
478
359
32
6
478
71018
478
359
32
6
478
71018
348
220
17
478
359
32
6
478
71018
348
220
21
478
359
32
6
478
71018
348
220
16
20
478
359
32
6
478
71018
348
220
17
478
359
32
6
478
71018
348
220
19
478
359
32
6
478
71018
348
220
19
478
359
32
6
348
220
17
478
71018
478
359
32
6
478
71018
348
220
18
478
359
32
6
478
71018
478
359
32
6
478
71018
348
220
24
478
359
32
6
478
71018
478
359
32
6
478
71018
348
220
20
478
359
32
6
478
71018
348
220
16
24
478
359
32
6
478
71018
348
220
20
478
359
32
6
478
71018
348
220
17
478
359
32
6
478
71018
478
359
32
6
348
220
17
478
71018
348
220
21
478
359
32
6
478
71018
348
220
17
478
359
32
6
478
71018
348
220
21
478
359
32
6
478
71018
348
220
20
478
359
32
6
478
71018
348
220
17
478
359
32
6
348
220
17
478
71018
348
220
23
478
359
32
6
478
71018
478
359
32
6
478
71018
478
359
32
6
478
71018
348
220
16
17
478
359
32
6
348
220
17
478
71018
478
359
32
6
478
71018
348
220
20
478
359
32
6
478
71018
348
220
20
478
359
32
6
478
71018
478
359
32
6
348
220
17
478
71018
348
220
19
478
359
32
6
478
71018
348
220
24
478
359
32
6
478
71018
478
359
32
6
478
71018
348
220
16
17
478
359
32
6
348
220
17
478
71018
478
359
32
6
478
71018
348
220
16
17
478
359
32
6
348
220
17
478
71018
348
220
20
478
359
32
6
478
71018
348
220
17
478
359
32
6
348
220
17
478
71018
478
359
32
6
478
71018
478
359
32
6
478
71018
348
220
21
478
359
32
6
348
220
18
478
71018
478
359
32
6
478
71018
348
220
18
478
359
32
6
478
71018
478
359
32
6
478
71018
348
220
24
478
359
32
6
478
71018
348
220
18
478
359
32
6
478
71018
478
359
32
6
478
71018
348
220
18
478
359
32
6
348
220
17
478
71018
478
359
32
6
348
220
17
478
71018
478
359
32
6
478
71018
478
359
32
6
478
71018
478
359
32
6
478
71018
348
220
20
478
359
32
6
478
71018
478
359
32
6
478
71018
348
220
18
478
359
32
6
478
71018
348
220
18
478
359
32
6
478
71018
348
220
17
478
359
32
6
478
71018
478
359
32
6
478
71018
348
220
16
16
478
359
32
6
348
220
17
478
71018
348
220
23
478
359
32
6
478
71018
348
220
17
478
359
32
6
478
71018
348
220
22
478
359
32
6
478
71018
348
220
18
478
359
32
6
478
71018
348
220
19
478
359
32
6
478
71018
478
359
32
6
478
71018
348
220
22
478
359
32
6
348
220
18
478
71018
348
220
19
478
359
32
6
478
71018
478
359
32
6
478
71018
348
220
17
478
359
32
6
478
71018
348
220
22
478
359
32
6
478
71018
478
359
32
6
478
71018
348
220
23
478
359
32
6
478
71018
348
220
17
478
359
32
6
348
220
17
478
71018
348
220
17
478
359
32
6
478
71018
348
220
18
478
359
32
6
478
71018
348
220
18
478
359
32
6
478
71018
348
220
16
16
478
359
32
6
478
71018
348
220
17
478
359
32
6
348
220
17
478
71018
478
359
32
6
478
71018
348
220
18
478
359
32
6
478
71018
348
220
24
478
359
32
6
478
71018
348
220
22
478
359
32
6
348
220
19
478
71018
348
220
20
478
359
32
6
478
71018
348
220
19
478
359
32
6
478
71018
348
220
21
478
359
32
6
478
71018
348
220
17
478
359
32
6
478
71018
348
220
20
478
359
32
6
348
220
18
478
71018
348
220
24
478
359
32
6
478
71018
348
220
18
478
359
32
6
478
30049
837
606
220
15
198
262
1992
8871
7
16
15
15
15
11
220
23
11
359
32
6
348
220
16
15
15
15
8
606
220
15
198
262
1992
8871
7
19
15
11
220
22
11
359
25758
25758
25758
25758
25758
25758
25758
25758
25758
25758
837
606
220
15
198
262
1992
8871
7
16
15
15
15
11
220
16
15
11
71018
348
220
16
15
15
15
8
606
220
18
18
24
24
24
23
21
16
23
198
262
1992
8871
7
16
15
15
15
11
220
16
15
11
71018
348
220
16
15
15
15
8
606
220
18
18
24
24
24
23
21
16
23
198
262
1992
8871
7
16
15
15
15
11
220
23
11
359
33
6
348
220
16
15
15
15
8
606
220
15
198
262
1992
8871
7
20
11
220
20
11
359
5840
30
6844
837
606
220
17
198
262
1992
8871
7
16
15
15
15
11
220
18
11
359
9798
30
33
7403
33
30
9798
33
30
9798
7403
33
7403
9798
31921
9798
25758
31921
33
7403
33
30
33
7403
33
7403
9798
33
30
33
30
9798
25758
33
7403
33
30
33
30
33
30
9798
30
33
25758
30
70944
30
33
31921
9798
25758
30
9798
33
25758
33
25758
33
30
9798
33
30
33
31921
33
25758
33
30
33
31921
33
30
33
31921
33
30
9798
30
9798
30
9798
25758
9798
33
30
33
7403
33
31921
9798
25758
9798
7403
9798
33
25758
7403
70944
30
9798
30
33
25758
9798
30
33
30
9798
33
30
9798
33
7403
9798
30
70944
33
30
9798
30
9798
30
9798
25758
7403
33
30
33
7403
9798
30
9798
33
30
33
7403
33
30
33
31921
33
25758
33
31921
33
30
33
30
70944
33
7403
70944
33
31921
9798
33
7403
33
25758
7403
33
7403
33
30
9798
30
33
30
33
25758
33
30
9798
30
9798
30
33
25758
30
9798
33
7403
9798
33
30
70944
7403
33
25758
9798
33
30
9798
33
25758
33
30
33
25758
9798
7403
9798
33
25758
70944
9798
7403
33
25758
9798
33
7403
9798
33
31921
70944
33
30
9798
33
7403
70944
9798
7403
33
30
9798
7403
33
7403
33
30
33
30
9798
30
33
7403
33
31921
33
30
9798
33
7403
9798
30
9798
25758
9798
33
31921
9798
30
33
30
33
31921
33
7403
33
31921
33
30
9798
33
30
9798
33
30
33
30
70944
30
9798
7403
9798
33
31921
9798
7403
9798
33
31921
33
25758
7403
33
31921
9798
33
25758
30
70944
30
9798
31921
9798
25758
30
70944
7403
9798
33
7403
33
7403
33
7403
33
30
9798
31921
33
7403
33
31921
33
31921
33
7403
33
7403
9798
7403
33
30
9798
30
9798
30
9798
33
30
9798
33
7403
33
31921
33
7403
9798
33
30
9798
30
33
7403
33
30
33
30
70944
33
31921
70944
7403
9798
30
9798
7403
9798
31921
33
30
33
31921
33
7403
9798
30
9798
33
31921
9798
7403
33
31921
33
7403
33
7403
33
30
9798
33
30
33
7403
33
7403
9798
7403
9798
33
31921
33
30
33
30
9798
7403
9798
7403
9798
33
30
9798
30
9798
33
30
9798
30
33
7403
9798
30
9798
30
9798
30
9798
30
9798
31921
70944
33
30
70944
30
33
31921
70944
70944
7403
33
30
33
31921
9798
25758
9798
30
70944
7403
33
25758
70944
9798
7403
9798
7403
33
30
33
7403
9798
25758
33
31921
9798
33
7403
70944
9798
33
30
70944
30
70944
7403
9798
7403
33
30
33
7403
9798
33
7403
33
30
33
30
9798
31921
9798
33
30
33
30
9798
33
7403
9798
30
9798
25758
30
9798
30
9798
31921
70944
7403
9798
31921
33
7403
33
30
9798
30
9798
30
33
30
70944
30
33
30
33
30
33
30
33
7403
9798
30
33
7403
70944
30
33
31921
33
30
33
7403
33
30
9798
30
9798
25758
33
30
9798
30
33
30
33
30
9798
7403
9798
7403
33
30
70944
9798
33
30
9798
837
606
220
15
271
2
5272
1716
11181
43292
32388
8
310
1542
6813
13
198
71093
248046
198
248045
846
198
7525
3555
4621
4490
279
6813
13
5514
579
279
1412
25
198
6347
1371
318
3444
3110
1562
1483
1590
198
220
2793
34397
78
33380
22
21907
19
11361
70
6971
487
1500
220
17
20
17
11
303
361
4211
29
198
262
1716
11181
43292
32388
8
198
220
2793
34397
78
33380
22
21907
19
11361
70
6971
487
1500
220
17
19
18
11
303
1716
198
262
1992
8871
7
19
15
11
220
22
11
359
25758
25758
25758
25758
25758
25758
25758
25758
25758
25758
837
606
220
15
198
1779
6108
59641
59641
59641
59641
59641
59641
59641
59641
59641
59641
59641
59641
59641
59641
59641
59641
198
66317
1401
14200
1206
311
40138
11
411
369
678
3274
25
4310
279
2614
709
11618
321
4479
889
11
6999
4072
279
709
7246
321
1440
660
279
6813
13
2972
5683
4045
67305
3067
13209
50
159029
271
2523
1220
14623
279
1970
488
10490
303
264
64504
1970
2424
318
784
9609
31789
318
19458
668
31153
279
3889
5568
8
248046
198
248045
74455
198
248068
271
248069
271
71093
12305
198
727
1698
43292
32388
1393
25
514
11
580
25
514
11
274
25
592
8
1411
514
25
198
262
4071
15767
264
886
274
314
2984
307
29607
314
5587
359
32
504
359
33
504
321
30049
504
198
262
321
264
6572
7308
580
11
1698
279
1324
314
5337
310
8032
1754
71018
440
198
262
2892
359
32
6
466
359
33
6
1680
421
279
12571
886
682
874
10537
474
433
291
37172
198
262
314
2984
580
13
198
1031
262
357
886
369
6306
328
17981
1
413
874
64258
37172
314
2984
580
369
264
70613
13
198
262
3301
279
1698
57844
220
24
24
23
17
19
19
18
20
18
13
198
1031
262
17167
25
198
285
307
25
561
2984
314
279
886
318
17
2564
580
2564
307
2564
220
16
15
15
15
8
198
285
580
25
561
2984
314
15305
793
310
1716
364
10537
474
433
287
318
74
2564
220
16
15
8
198
285
274
25
357
886
314
2984
307
29607
314
359
32
504
359
33
504
321
71018
198
1031
262
5019
25
198
285
561
1324
314
1603
8796
57844
220
24
24
23
17
19
19
18
20
18
6987
262
11765
1698
43292
32388
7
22
11
220
19
11
359
1803
30
32
30
6844
837
198
262
220
16
198
262
11765
1698
43292
32388
7
19
15
11
220
22
11
359
25758
25758
25758
25758
25758
25758
25758
25758
25758
25758
837
198
262
220
16
16
21
17
24
20
19
18
21
198
262
11765
1698
43292
32388
7
16
20
11
220
20
11
359
1803
54656
25758
25758
7403
837
198
262
220
15
198
262
4071
198
262
18107
283
220
24
24
23
17
19
19
18
20
18
6987
262
653
6943
886
310
264
1103
314
5587
1332
567
628
944
440
24959
220
15
321
220
16
198
262
653
6558
579
1910
220
15
10551
359
32
6
321
220
16
10551
359
33
4282
471
16
10551
30049
4282
198
262
274
3906
283
2958
198
262
364
272
303
274
25
198
285
413
272
606
359
32
1170
198
309
274
3906
1989
7
15
8
198
285
4265
272
606
359
33
1170
198
309
274
3906
1989
7
16
8
198
285
745
25
198
309
274
3906
1989
3944
16
8
198
1031
262
653
4807
15464
25
413
866
37172
314
2984
580
303
279
8097
9599
369
2582
264
70613
11
460
220
15
13
198
262
364
585
303
2020
1393
471
580
478
220
16
1590
198
285
3136
283
274
3906
957
14244
43938
60
198
285
413
660
1290
931
471
16
364
272
303
3136
1590
198
309
413
3136
606
3136
60059
16
5491
198
388
460
220
15
6987
262
653
30715
5313
198
262
653
3130
25
279
1483
580
12
16
5587
318
299
264
13992
314
220
15
82
321
220
16
82
8
198
262
653
11002
53990
60
283
1324
314
5337
310
5372
411
1528
6987
262
11002
283
4535
198
1031
262
653
3991
1528
25
1518
23294
866
5587
13
198
262
653
1690
2234
220
15
11
567
1925
264
3542
13
561
1528
369
318
805
11
553
198
262
364
1009
303
498
15
11
220
16
5491
198
285
413
274
3906
58
15
60
931
471
16
321
274
3906
58
15
60
931
1009
25
198
309
2962
198
285
1528
283
318
805
44484
198
285
11002
53990
60
283
11002
652
8130
11
220
15
8
478
220
16
6987
262
653
52516
1472
9599
220
16
310
307
12
16
198
262
364
585
303
2020
7
16
11
307
1590
198
285
491
52066
283
4535
198
285
364
1528
11
1698
303
11002
9328
4406
198
309
653
3130
369
264
13992
314
2984
1262
1889
11
580
12
16
8
198
309
653
1165
1144
310
1925
264
3542
506
2234
585
13
198
3265
309
364
1009
303
498
15
11
220
16
5491
198
388
413
274
3906
957
60
931
471
16
321
274
3906
957
60
931
1009
25
198
493
2962
33006
388
653
4109
413
264
70613
314
2984
580
369
13717
13004
506
2234
585
13
198
388
653
1061
7225
585
2518
580
12
16
13
198
388
413
585
2518
580
471
220
16
25
198
493
653
561
3136
314
2984
580
13004
506
2234
585
369
494
585
12283
10
16
310
585
13
198
493
653
561
1528
1238
2234
585
12
16
369
279
1483
580
12
16
5587
11
585
1673
2487
9599
585
12283
10
16
310
585
12
16
13
198
493
653
1987
1528
10551
318
82
957
12283
10
16
1089
274
957
12283
10
17
1089
58317
274
957
12
16
2387
198
493
653
561
491
3542
369
274
957
60
283
1009
13
198
493
653
561
3136
369
1528
478
318
805
44484
198
10367
493
3136
283
1103
8130
8
478
498
805
60
198
493
413
3136
606
3136
60059
16
5491
198
646
2962
220
653
10606
34864
1669
11
10390
33006
388
653
5376
1528
198
388
413
2343
8130
8
606
580
471
220
16
25
198
493
653
15272
279
1118
3542
11
884
279
491
799
198
493
491
4244
283
1528
58
16
27365
478
318
805
44484
198
388
745
25
198
493
491
4244
283
1528
478
318
805
44484
198
6159
388
491
52066
42049
4244
60
283
318
902
52066
652
1693
4244
11
220
15
8
478
1698
8
984
18107
8675
285
11002
283
491
52066
6987
262
653
7860
660
14159
198
262
1067
283
2542
33647
10341
2072
984
18107
198
262
460
1067
1358
727
1716
69574
1590
198
262
653
3284
4886
494
279
3377
198
262
1992
8871
7
22
11
220
19
11
359
1803
30
32
30
6844
837
606
220
16
198
262
1992
8871
7
19
15
11
220
22
11
359
25758
25758
25758
25758
25758
25758
25758
25758
25758
25758
837
606
220
16
16
21
17
24
20
19
18
21
198
262
1992
8871
7
16
20
11
220
20
11
359
1803
54656
25758
25758
7403
837
606
220
15
198
262
1992
8871
7
19
15
11
220
23
11
30049
32
30
33
7403
33
30
33
30
5840
30
32
30
33
7403
33
30
32
31921
33
30
9798
30
33
31921
6844
7403
33
5840
837
606
220
17
20
24
17
19
15
6987
262
653
22484
1228
4886
198
262
1992
8871
7
16
15
15
15
11
220
16
15
11
71018
348
220
16
15
15
15
8
606
220
18
18
24
24
24
23
21
16
23
198
262
1992
8871
7
16
15
15
15
11
220
24
11
359
33
6
348
220
16
15
478
359
32
6
348
220
19
478
359
33
6
348
220
18
478
359
32
6
348
220
23
478
359
33
6
478
359
32
6
348
220
20
478
359
33
6
348
220
18
478
359
32
6
478
359
33
6
348
220
19
478
359
32
6
478
359
33
6
348
220
18
478
359
32
6
478
359
33
6
348
220
17
478
359
32
6
478
359
33
6
348
220
16
18
478
359
32
6
478
359
33
6
348
220
16
19
478
359
32
6
348
220
17
478
359
33
6
348
220
17
478
359
32
6
478
359
33
6
348
220
17
478
359
32
6
348
220
17
478
359
33
6
348
220
16
18
478
359
32
6
348
220
17
478
359
33
6
348
220
17
478
359
32
6
348
220
17
478
359
33
6
348
220
16
20
478
359
32
6
348
220
17
478
359
33
6
348
220
17
478
359
32
6
478
359
33
6
348
220
18
478
359
32
6
478
359
33
6
348
220
16
22
478
359
32
6
478
359
33
6
348
220
24
478
359
32
6
478
359
33
6
348
220
19
478
359
32
6
478
359
33
6
348
220
16
16
478
359
32
6
478
359
33
6
348
220
18
478
359
32
6
478
359
33
6
348
220
16
19
478
359
32
6
478
359
33
6
348
220
19
478
359
32
6
478
359
33
6
348
220
24
478
359
32
6
478
359
33
6
348
220
16
23
478
359
32
6
478
359
33
6
348
220
17
21
478
359
32
6
348
220
17
478
359
33
6
348
220
16
16
478
359
32
6
478
359
33
6
348
220
21
478
359
32
6
478
359
33
6
348
220
19
478
359
32
6
478
359
33
6
348
220
17
21
478
359
32
6
348
220
17
478
359
33
6
348
220
21
20
478
359
32
6
478
359
33
6
348
220
17
478
359
32
6
478
359
33
6
348
220
19
478
359
32
6
478
359
33
6
478
359
32
6
478
359
33
6
348
220
17
478
359
32
6
478
359
33
6
348
220
17
478
359
32
6
478
359
33
6
348
220
17
23
478
359
32
6
478
359
33
6
348
220
16
18
478
359
32
6
478
359
33
6
348
220
16
24
478
359
32
6
478
359
33
6
348
220
16
20
478
359
32
6
478
359
33
6
348
220
21
478
359
32
6
478
359
33
6
478
359
32
6
478
359
33
6
348
220
18
478
359
32
6
478
359
33
6
348
220
16
23
478
359
32
6
348
220
17
478
359
33
6
478
359
32
6
478
359
33
6
348
220
17
478
359
32
6
478
359
33
6
348
220
16
23
478
359
32
6
478
359
33
6
348
220
16
19
478
359
32
6
348
220
17
478
359
33
6
348
220
18
478
359
32
6
478
359
33
6
348
220
17
478
359
32
6
348
220
17
478
359
33
6
348
220
16
15
478
359
32
6
478
359
33
6
348
220
18
478
359
32
6
348
220
20
478
359
33
6
478
359
32
6
478
359
33
6
348
220
18
478
359
32
6
478
359
33
6
348
220
24
478
359
32
6
478
359
33
6
348
220
18
15
478
359
32
6
478
359
33
6
348
220
18
20
478
359
32
6
478
359
33
6
348
220
16
17
478
359
32
6
478
359
33
6
348
220
17
478
359
32
6
348
220
17
478
359
33
6
478
359
32
6
348
220
17
478
359
33
6
348
220
16
24
478
359
32
6
478
359
33
6
348
220
20
478
359
32
6
348
220
17
478
359
33
6
478
359
32
6
478
359
33
6
348
220
17
19
478
359
32
6
348
220
17
478
359
33
6
478
359
32
6
478
359
33
6
348
220
17
478
359
32
6
478
359
33
6
348
220
17
23
478
359
32
6
478
359
33
6
348
220
17
15
478
359
32
6
478
359
33
6
348
220
17
18
478
359
32
6
478
359
33
6
348
220
18
16
478
359
32
6
478
359
33
6
348
220
24
478
359
32
6
478
359
33
6
348
220
16
21
478
359
32
6
478
359
33
6
348
220
17
18
478
359
32
6
478
359
33
6
348
220
17
19
478
359
32
6
478
359
33
6
348
220
17
16
478
359
32
6
478
359
33
6
348
220
16
21
478
359
32
6
478
359
33
6
348
220
22
478
359
32
6
478
359
33
6
478
359
32
6
478
359
33
6
348
220
17
478
359
32
6
478
359
33
6
348
220
20
478
359
32
6
478
359
33
6
348
220
23
8
606
220
15
198
262
1992
8871
7
16
15
15
15
11
220
17
11
71018
348
220
21
478
359
32
6
478
71018
348
220
22
478
359
32
6
348
220
19
478
71018
348
220
19
478
359
32
6
478
71018
348
220
17
478
359
32
6
478
71018
478
359
32
6
478
71018
348
220
20
478
359
32
6
478
71018
348
220
22
478
359
32
6
348
220
17
478
71018
348
220
23
478
359
32
6
478
71018
478
359
32
6
348
220
17
478
71018
348
220
17
478
359
32
6
478
71018
348
220
16
15
478
359
32
6
478
71018
348
220
17
478
359
32
6
478
71018
348
220
17
478
359
32
6
478
71018
348
220
18
478
359
32
6
478
71018
348
220
17
478
359
32
6
478
71018
478
359
32
6
478
71018
348
220
19
478
359
32
6
478
71018
348
220
23
478
359
32
6
478
71018
478
359
32
6
478
71018
478
359
32
6
478
71018
348
220
20
478
359
32
6
478
71018
348
220
18
478
359
32
6
478
71018
348
220
16
16
478
359
32
6
478
71018
348
220
20
478
359
32
6
478
71018
348
220
23
478
359
32
6
478
71018
348
220
20
478
359
32
6
478
71018
478
359
32
6
478
71018
348
220
20
478
359
32
6
478
71018
348
220
16
15
478
359
32
6
348
220
17
478
71018
478
359
32
6
478
71018
348
220
23
478
359
32
6
478
71018
348
220
17
478
359
32
6
478
71018
348
220
18
478
359
32
6
478
71018
348
220
17
478
359
32
6
478
71018
478
359
32
6
348
220
17
478
71018
348
220
18
478
359
32
6
478
71018
348
220
17
478
359
32
6
478
71018
348
220
18
478
359
32
6
478
71018
348
220
17
478
359
32
6
478
71018
348
220
19
478
359
32
6
478
71018
348
220
22
478
359
32
6
478
71018
348
220
18
478
359
32
6
478
71018
348
220
24
478
359
32
6
478
71018
348
220
21
478
359
32
6
478
71018
478
359
32
6
348
220
18
478
71018
348
220
17
478
359
32
6
478
71018
348
220
18
478
359
32
6
478
71018
348
220
19
478
359
32
6
478
71018
348
220
16
17
478
359
32
6
478
71018
478
359
32
6
478
71018
348
220
23
478
359
32
6
478
71018
348
220
22
478
359
32
6
348
220
17
478
71018
348
220
20
478
359
32
6
478
71018
478
359
32
6
478
71018
348
220
17
478
359
32
6
478
71018
348
220
21
478
359
32
6
478
71018
348
220
16
20
478
359
32
6
478
71018
348
220
17
478
359
32
6
478
71018
348
220
19
478
359
32
6
478
71018
348
220
19
478
359
32
6
348
220
17
478
71018
478
359
32
6
478
71018
348
220
18
478
359
32
6
478
71018
478
359
32
6
478
71018
348
220
24
478
359
32
6
478
71018
478
359
32
6
478
71018
348
220
20
478
359
32
6
478
71018
348
220
16
24
478
359
32
6
478
71018
348
220
20
478
359
32
6
478
71018
348
220
17
478
359
32
6
478
71018
478
359
32
6
348
220
17
478
71018
348
220
21
478
359
32
6
478
71018
348
220
17
478
359
32
6
478
71018
348
220
21
478
359
32
6
478
71018
348
220
20
478
359
32
6
478
71018
348
220
17
478
359
32
6
348
220
17
478
71018
348
220
23
478
359
32
6
478
71018
478
359
32
6
478
71018
478
359
32
6
478
71018
348
220
16
17
478
359
32
6
348
220
17
478
71018
478
359
32
6
478
71018
348
220
20
478
359
32
6
478
71018
348
220
20
478
359
32
6
478
71018
478
359
32
6
348
220
17
478
71018
348
220
19
478
359
32
6
478
71018
348
220
24
478
359
32
6
478
71018
478
359
32
6
478
71018
348
220
16
17
478
359
32
6
348
220
17
478
71018
478
359
32
6
478
71018
348
220
16
17
478
359
32
6
348
220
17
478
71018
348
220
20
478
359
32
6
478
71018
348
220
17
478
359
32
6
348
220
17
478
71018
478
359
32
6
478
71018
478
359
32
6
478
71018
348
220
21
478
359
32
6
348
220
18
478
71018
478
359
32
6
478
71018
348
220
18
478
359
32
6
478
71018
478
359
32
6
478
71018
348
220
24
478
359
32
6
478
71018
348
220
18
478
359
32
6
478
71018
478
359
32
6
478
71018
348
220
18
478
359
32
6
348
220
17
478
71018
478
359
32
6
348
220
17
478
71018
478
359
32
6
478
71018
478
359
32
6
478
71018
478
359
32
6
478
71018
348
220
20
478
359
32
6
478
71018
478
359
32
6
478
71018
348
220
18
478
359
32
6
478
71018
348
220
18
478
359
32
6
478
71018
348
220
17
478
359
32
6
478
71018
478
359
32
6
478
71018
348
220
16
16
478
359
32
6
348
220
17
478
71018
348
220
23
478
359
32
6
478
71018
348
220
17
478
359
32
6
478
71018
348
220
22
478
359
32
6
478
71018
348
220
18
478
359
32
6
478
71018
348
220
19
478
359
32
6
478
71018
478
359
32
6
478
71018
348
220
22
478
359
32
6
348
220
18
478
71018
348
220
19
478
359
32
6
478
71018
478
359
32
6
478
71018
348
220
17
478
359
32
6
478
71018
348
220
22
478
359
32
6
478
71018
478
359
32
6
478
71018
348
220
23
478
359
32
6
478
71018
348
220
17
478
359
32
6
348
220
17
478
71018
348
220
17
478
359
32
6
478
71018
348
220
18
478
359
32
6
478
71018
348
220
18
478
359
32
6
478
71018
348
220
16
16
478
359
32
6
478
71018
348
220
17
478
359
32
6
348
220
17
478
71018
478
359
32
6
478
71018
348
220
18
478
359
32
6
478
71018
348
220
24
478
359
32
6
478
71018
348
220
22
478
359
32
6
348
220
19
478
71018
348
220
20
478
359
32
6
478
71018
348
220
19
478
359
32
6
478
71018
348
220
21
478
359
32
6
478
71018
348
220
17
478
359
32
6
478
71018
348
220
20
478
359
32
6
348
220
18
478
71018
348
220
24
478
359
32
6
478
71018
348
220
18
478
359
32
6
478
30049
837
606
220
15
198
262
1992
8871
7
16
15
15
15
11
220
23
11
359
32
6
348
220
16
15
15
15
8
606
220
15
198
262
1992
8871
7
19
15
11
220
22
11
359
25758
25758
25758
25758
25758
25758
25758
25758
25758
25758
837
606
220
15
198
262
1992
8871
7
16
15
15
15
11
220
16
15
11
71018
348
220
16
15
15
15
8
606
220
18
18
24
24
24
23
21
16
23
198
262
1992
8871
7
16
15
15
15
11
220
16
15
11
71018
348
220
16
15
15
15
8
606
220
18
18
24
24
24
23
21
16
23
198
262
1992
8871
7
16
15
15
15
11
220
23
11
359
33
6
348
220
16
15
15
15
8
606
220
15
198
262
1992
8871
7
20
11
220
20
11
359
5840
30
6844
837
606
220
17
198
262
1992
8871
7
16
15
15
15
11
220
18
11
359
9798
30
33
7403
33
30
9798
33
30
9798
7403
33
7403
9798
31921
9798
25758
31921
33
7403
33
30
33
7403
33
7403
9798
33
30
33
30
9798
25758
33
7403
33
30
33
30
33
30
9798
30
33
25758
30
70944
30
33
31921
9798
25758
30
9798
33
25758
33
25758
33
30
9798
33
30
33
31921
33
25758
33
30
33
31921
33
30
33
31921
33
30
9798
30
9798
30
9798
25758
9798
33
30
33
7403
33
31921
9798
25758
9798
7403
9798
33
25758
7403
70944
30
9798
30
33
25758
9798
30
33
30
9798
33
30
9798
33
7403
9798
30
70944
33
30
9798
30
9798
30
9798
25758
7403
33
30
33
7403
9798
30
9798
33
30
33
7403
33
30
33
31921
33
25758
33
31921
33
30
33
30
70944
33
7403
70944
33
31921
9798
33
7403
33
25758
7403
33
7403
33
30
9798
30
33
30
33
25758
33
30
9798
30
9798
30
33
25758
30
9798
33
7403
9798
33
30
70944
7403
33
25758
9798
33
30
9798
33
25758
33
30
33
25758
9798
7403
9798
33
25758
70944
9798
7403
33
25758
9798
33
7403
9798
33
31921
70944
33
30
9798
33
7403
70944
9798
7403
33
30
9798
7403
33
7403
33
30
33
30
9798
30
33
7403
33
31921
33
30
9798
33
7403
9798
30
9798
25758
9798
33
31921
9798
30
33
30
33
31921
33
7403
33
31921
33
30
9798
33
30
9798
33
30
33
30
70944
30
9798
7403
9798
33
31921
9798
7403
9798
33
31921
33
25758
7403
33
31921
9798
33
25758
30
70944
30
9798
31921
9798
25758
30
70944
7403
9798
33
7403
33
7403
33
7403
33
30
9798
31921
33
7403
33
31921
33
31921
33
7403
33
7403
9798
7403
33
30
9798
30
9798
30
9798
33
30
9798
33
7403
33
31921
33
7403
9798
33
30
9798
30
33
7403
33
30
33
30
70944
33
31921
70944
7403
9798
30
9798
7403
9798
31921
33
30
33
31921
33
7403
9798
30
9798
33
31921
9798
7403
33
31921
33
7403
33
7403
33
30
9798
33
30
33
7403
33
7403
9798
7403
9798
33
31921
33
30
33
30
9798
7403
9798
7403
9798
33
30
9798
30
9798
33
30
9798
30
33
7403
9798
30
9798
30
9798
30
9798
30
9798
31921
70944
33
30
70944
30
33
31921
70944
70944
7403
33
30
33
31921
9798
25758
9798
30
70944
7403
33
25758
70944
9798
7403
9798
7403
33
30
33
7403
9798
25758
33
31921
9798
33
7403
70944
9798
33
30
70944
30
70944
7403
9798
7403
33
30
33
7403
9798
33
7403
33
30
33
30
9798
31921
9798
33
30
33
30
9798
33
7403
9798
30
9798
25758
30
9798
30
9798
31921
70944
7403
9798
31921
33
7403
33
30
9798
30
9798
30
33
30
70944
30
33
30
33
30
33
30
33
7403
9798
30
33
7403
70944
30
33
31921
33
30
33
7403
33
30
9798
30
9798
25758
33
30
9798
30
33
30
33
30
9798
7403
9798
7403
33
30
70944
9798
33
30
9798
837
606
220
15
271
2
5272
1716
11181
43292
32388
8
310
1542
6813
13
198
71093
248046
198