248045
846
198
4274
279
2614
709
11618
321
4479
889
11
6999
4072
279
709
7246
321
1440
660
279
6813
13
2972
5683
4045
67305
3067
13209
50
159029
271
2523
1220
14623
279
1970
488
10490
303
264
64504
1970
2424
318
784
9609
31789
318
19458
668
31153
279
3889
5568
8
271
71093
198
727
1698
19798
1218
3906
65313
10324
25
514
11
6052
25
514
11
3798
25
514
11
274
25
592
8
1411
514
25
198
262
4071
4356
279
1324
314
7737
24959
303
279
2020
498
2388
11
6052
906
198
1031
262
357
6572
7308
830
369
2512
7737
413
25
198
262
220
16
13
1049
10029
440
274
318
82
369
264
19900
314
830
8
198
262
220
17
13
8618
15262
303
830
369
506
1379
3798
6987
262
17167
25
198
285
1151
25
561
1151
314
279
2020
318
94964
8
198
285
6052
25
561
809
314
279
2020
318
94964
8
198
285
3798
25
561
6966
5252
15262
869
318
16
2564
3798
2564
220
24
8
198
285
274
25
357
886
13661
264
6572
7308
421
1902
381
264
19900
6987
262
5019
25
198
285
561
1698
314
7737
24959
303
279
2574
2020
6987
262
11765
1698
19798
1218
3906
65313
7
16
11
220
21
15
15
15
11
220
19
11
328
16
17
19
871
198
262
220
20
198
262
11765
1698
19798
1218
3906
65313
7
16
20
11
220
17
16
20
11
220
21
11
328
16
15
871
198
262
220
17
198
262
11765
1698
19798
1218
3906
65313
7
16
15
15
15
11
220
17
15
15
15
11
220
19
11
328
18
15
15
15
871
198
262
220
15
198
262
4071
271
727
1716
69574
1590
198
262
653
12996
1228
4886
198
262
1992
8871
7
16
11
220
21
15
15
15
11
220
19
11
328
16
17
19
871
606
220
20
198
262
1992
8871
7
16
20
11
220
17
16
20
11
220
21
11
328
16
15
871
606
220
17
198
262
1992
8871
7
16
15
15
15
11
220
17
15
15
15
11
220
19
11
328
18
15
15
15
871
606
220
15
6987
262
653
22484
1228
4886
198
262
1992
8871
7
18
21
11
220
17
22
20
11
220
24
11
328
24
871
606
220
17
19
198
262
1992
8871
7
17
15
11
220
21
17
18
11
220
19
11
328
16
871
606
220
17
18
198
262
1992
8871
7
19
22
11
220
18
23
23
11
220
17
11
328
16
16
871
606
220
17
198
262
1992
8871
7
17
24
19
21
20
21
23
11
220
21
22
17
18
21
20
15
16
11
220
21
11
328
19
15
18
871
606
220
23
15
18
20
198
262
1992
8871
7
23
16
11
220
23
21
16
11
220
18
11
328
18
15
871
606
220
18
198
262
1992
8871
7
24
17
11
220
24
16
19
11
220
21
11
328
19
16
871
606
220
21
198
262
1992
8871
7
24
17
20
16
11
220
23
17
19
23
15
11
220
24
11
328
19
24
871
606
220
22
18
17
198
262
1992
8871
7
23
22
22
23
11
220
24
24
24
17
19
11
220
22
11
328
20
18
15
18
17
871
606
220
16
198
262
1992
8871
7
24
22
21
23
21
21
18
11
220
21
18
19
18
19
15
22
21
11
220
16
11
328
16
16
16
16
16
16
871
606
220
17
198
262
1992
8871
7
17
24
19
21
20
21
23
11
220
21
22
17
18
21
20
15
16
11
220
21
11
328
19
15
18
871
606
220
16
20
22
22
23
198
262
1992
8871
7
22
17
19
19
22
22
20
22
22
15
24
22
15
11
220
20
23
19
24
15
23
17
23
20
24
20
21
16
20
11
220
21
11
328
17
15
21
15
871
606
220
17
15
16
22
21
23
15
18
20
198
262
1992
8871
7
19
15
23
16
19
17
20
17
17
20
24
23
16
15
22
11
220
20
18
17
15
23
24
18
20
17
19
24
21
24
20
18
11
220
18
11
328
16
17
16
17
17
15
17
18
18
17
16
17
18
18
17
871
606
220
15
198
262
1992
8871
7
24
15
15
19
15
22
23
21
18
24
18
20
24
19
15
11
220
24
21
16
19
20
24
15
22
23
20
21
24
23
20
22
11
220
24
11
328
20
23
16
22
19
22
21
22
17
20
17
18
22
18
16
871
606
220
15
271
2
5272
1716
11181
19798
1218
3906
65313
8
310
1542
6813
13
198
71093
248046
198
248045
74455
198
71093
12305
198
727
1698
19798
1218
3906
65313
10324
25
514
11
6052
25
514
11
3798
25
514
11
274
25
592
8
1411
514
25
198
262
4071
4356
279
1324
314
7737
24959
303
279
2020
498
2388
11
6052
906
198
1031
262
357
6572
7308
830
369
2512
7737
413
25
198
262
220
16
13
1049
10029
440
274
318
82
369
264
19900
314
830
8
198
262
220
17
13
8618
15262
303
830
369
506
1379
3798
6987
262
17167
25
198
285
1151
25
561
1151
314
279
2020
318
94964
8
198
285
6052
25
561
809
314
279
2020
318
94964
8
198
285
3798
25
561
6966
5252
15262
869
318
16
2564
3798
2564
220
24
8
198
285
274
25
357
886
13661
264
6572
7308
421
1902
381
264
19900
6987
262
5019
25
198
285
561
1698
314
7737
24959
303
279
2574
2020
6987
262
11765
1698
19798
1218
3906
65313
7
16
11
220
21
15
15
15
11
220
19
11
328
16
17
19
871
198
262
220
20
198
262
11765
1698
19798
1218
3906
65313
7
16
20
11
220
17
16
20
11
220
21
11
328
16
15
871
198
262
220
17
198
262
11765
1698
19798
1218
3906
65313
7
16
15
15
15
11
220
17
15
15
15
11
220
19
11
328
18
15
15
15
871
198
262
220
15
198
262
4071
198
262
653
5339
11
1716
413
660
17955
303
274
513
506
1379
3798
198
262
364
272
303
274
25
198
285
413
514
1290
8
835
3798
25
198
309
460
220
15
6987
262
274
5854
283
2343
1104
8
198
262
274
5996
283
514
1104
8
198
1031
262
653
1165
1144
310
1698
24959
830
303
498
2388
11
6052
60
1680
421
25
198
262
653
220
16
13
830
10029
440
274
318
72
1673
2487
830
984
220
16
15
61
82
5854
606
274
5996
8
198
262
653
220
17
13
1942
17955
314
830
513
2564
3798
6987
262
653
51301
25
5272
15262
30715
310
1698
4947
494
220
15
310
443
421
25705
279
4530
11
198
262
653
1179
12204
1698
925
17635
8
471
1698
10324
471
220
16
8
198
1031
262
687
1698
7980
2270
1393
25
514
8
1411
514
25
198
285
4071
2427
7737
24959
303
498
15
11
307
60
12237
198
285
413
307
361
220
15
25
198
309
460
220
15
198
285
413
307
606
220
15
25
198
309
653
220
15
3070
914
809
440
274
318
82
369
6572
681
748
1698
369
220
15
198
309
460
220
15
8675
285
17955
283
1103
8874
1494
11
592
1393
7461
198
285
1572
40061
283
2343
94969
8
198
1726
285
653
1165
3172
958
15262
30715
440
5134
25
198
285
653
1097
25
1428
2234
318
1445
2047
11
220
15
20834
290
8
198
285
653
9990
25
3315
567
2224
1990
59056
539
279
8978
314
307
198
285
653
3727
25
3315
567
2908
3727
23294
2397
35704
17955
318
951
3579
6187
16996
8
198
285
653
19900
90660
25
1204
1599
5587
314
274
599
978
17515
430
19900
748
2944
198
285
653
1921
411
369
6150
13
6558
579
1683
20648
13
198
1726
285
653
39752
5313
25
19208
660
4947
685
310
264
12891
3798
421
809
440
274
198
285
653
321
599
660
17955
2564
3798
13
1921
279
2020
628
381
1546
3349
13
198
1726
285
653
6558
579
958
264
2086
30715
5313
13
198
285
653
1690
1754
3102
2984
436
318
1445
274
5854
310
1572
40061
681
1698
4947
314
2984
436
198
285
653
421
25
198
285
653
220
16
13
3839
440
274
198
285
653
220
17
13
1942
17955
2564
3798
198
285
653
220
18
13
1368
436
606
1572
40061
11
279
1324
1902
381
2564
307
8675
285
2702
283
220
15
8675
285
653
1690
27396
2599
1056
1572
40061
11
567
1144
310
381
16097
883
6187
16996
13
198
285
653
32645
11
4947
440
16253
17955
1056
1572
40061
513
2590
361
307
413
307
682
1572
40061
17955
198
285
653
318
37488
307
4924
682
6187
4562
11
694
307
369
6572
553
198
1726
285
653
6558
579
3579
1754
2984
24358
13
198
1726
285
364
436
303
2020
1104
5854
11
1572
40061
478
220
16
1590
198
309
413
436
361
1572
40061
25
198
388
653
4356
660
4947
314
6681
436
17955
318
2083
6187
6942
8
421
809
440
274
198
388
653
321
599
660
17955
2564
3798
13
198
388
653
561
1118
15262
628
381
220
16
486
9226
318
7834
1048
2564
220
24
11
694
3798
2564
220
24
8
198
388
653
561
1483
274
5854
17955
513
8097
430
274
13
198
388
653
561
5956
17955
318
331
866
8
628
381
220
15
486
9226
13
198
6159
388
653
5447
314
5956
17955
283
436
471
274
5854
198
388
653
1368
436
606
274
5854
11
1017
513
874
5956
17955
11
321
567
1066
1716
413
279
1324
274
4924
198
388
653
682
436
17955
318
72
1673
2487
874
6187
6942
4125
553
274
369
264
6572
7308
886
11
748
1118
1122
314
274
369
2397
35704
13
198
6159
388
413
436
606
274
5854
25
198
493
653
8020
799
8871
25
279
1324
14807
539
274
198
493
1572
625
283
274
5996
198
493
413
1572
625
361
220
16
15
2972
318
43
471
220
16
1590
220
653
1061
1000
2977
6187
6942
11
694
274
3070
914
599
6187
16996
198
646
653
32645
274
369
2574
430
264
886
11
321
424
10551
264
6572
7308
13
198
646
653
1368
436
606
2343
1104
681
1179
274
5996
682
436
17955
1132
413
274
58
15
60
931
359
15
4282
198
646
653
8439
274
369
264
6572
7308
886
11
274
58
15
60
369
2397
35704
13
198
646
1440
198
493
653
4109
413
660
17955
303
274
513
2564
3798
318
43967
9770
506
279
1844
8
198
493
653
1541
1716
413
274
5996
369
2785
498
16
15
12883
43
12
16
681
220
16
15
61
43
471
220
16
1089
864
424
369
539
7832
13
198
493
653
1987
567
1698
220
16
413
274
5996
2518
220
16
318
7949
424
369
2394
274
369
6572
553
198
493
2702
1373
220
16
198
388
745
25
198
493
653
436
835
274
5854
198
493
653
5339
15262
25
220
16
310
3798
1411
1262
50508
11
220
24
8
11125
11
694
2394
3798
2518
220
16
11
424
579
220
16
486
9226
198
493
1118
46790
59824
283
3798
220
653
220
16
310
3798
27389
198
493
653
12230
17955
25
436
471
274
5854
471
220
16
17955
11
1754
220
15
310
3798
1411
318
9226
478
220
16
8
11125
1754
198
493
5956
3079
283
436
471
274
5854
471
220
16
198
493
5956
59824
283
318
9226
478
220
16
8
2972
5956
3079
413
5956
3079
2518
220
15
745
220
16
198
493
2702
1373
1118
46790
59824
348
5956
59824
198
309
745
25
198
388
653
436
606
1572
40061
11
1144
310
1698
4947
2564
307
440
436
17955
11
13004
440
274
11
660
17955
2564
3798
198
388
2702
1373
1698
31871
3456
4956
11414
80
1054
94969
11
274
11
274
5996
11
274
5854
11
3798
11
307
8
198
1726
285
460
2702
6987
262
687
1698
31871
3456
4956
11414
80
1054
94969
25
1103
11
274
25
592
11
274
5996
25
514
11
274
5854
25
514
11
3798
25
514
11
307
25
514
8
1411
514
25
198
285
4071
2427
436
46730
4947
318
43
283
2343
94969
578
421
513
2564
307
11
809
440
274
11
321
660
17955
2564
3798
71483
198
285
436
283
2343
94969
8
198
1726
285
653
5272
15262
30715
198
285
653
3130
25
318
3374
11
9990
11
19900
6276
8
198
285
653
19900
6276
25
1204
1599
5587
314
274
494
279
1245
599
978
17515
748
2944
13
198
285
653
1165
2224
4599
279
1324
494
2047
310
1245
13
3095
567
5372
2234
585
318
15
20834
290
681
198
285
653
567
1144
310
6851
680
864
3542
314
274
32107
310
279
1483
15262
8826
13
198
1726
285
653
32645
11
1042
579
1683
314
424
430
25
279
1324
682
17955
293
15
11
293
16
11
58317
293
14717
43
12
16
7563
198
285
653
561
19900
274
1902
2353
293
14717
43
1284
5854
2069
58317
293
14717
43
12
16
7563
198
1726
285
653
30715
1528
25
318
936
11
9990
8
1332
1097
369
279
1428
2234
318
15
310
436
8
198
285
653
3095
1097
2518
436
471
274
5854
11
567
2224
303
279
19900
5364
13
561
15262
567
1925
1902
2353
274
20980
471
318
43
471
274
5854
25334
198
1726
285
494
54572
1120
324
2585
11198
8675
285
554
75
2585
11198
8474
2073
5675
8
198
285
687
11002
11909
25
514
11
9990
25
1744
8
1411
514
25
198
309
413
1097
606
436
25
198
388
653
1165
2908
8826
660
17955
13
4109
413
279
19900
557
9971
17083
13
198
388
653
32645
11
279
16484
513
42849
2261
20791
13
198
388
460
220
16
18015
309
8156
283
17955
20980
60
413
9990
745
220
24
198
309
1698
283
220
15
18015
309
364
293
303
2020
7
15
11
8156
478
220
16
1590
198
388
653
4109
413
293
2564
3798
198
388
413
293
835
3798
25
198
493
1387
33006
388
653
4109
413
567
2224
303
279
19900
5364
198
388
653
326
13162
8211
506
1857
436
471
274
5854
198
388
413
1097
2518
436
471
274
5854
25
198
493
3481
8959
283
274
20980
471
318
43
471
274
5854
7025
198
493
413
293
931
514
14809
8959
1590
198
646
2962
33006
388
653
4109
6187
6942
25
413
1097
606
220
15
321
293
606
220
15
11
10390
318
10957
567
2224
24217
436
46730
4947
11
874
6187
6942
8
198
388
413
1097
606
220
15
321
293
606
220
15
25
198
493
2962
33006
388
491
516
481
283
9990
321
318
67
606
8156
8
198
388
1698
1373
11002
11909
478
220
16
11
491
516
481
8
198
3265
309
460
1698
8675
285
460
11002
7
15
11
2912
8
198
1031
262
653
4543
12204
1698
7980
2270
925
17635
8
471
1698
7980
2270
10324
471
220
16
8
198
262
1067
283
1698
7980
2270
925
17635
8
471
1698
7980
2270
10324
471
220
16
8
198
1031
262
460
1067
1358
727
1716
69574
1590
198
262
653
12996
1228
4886
198
262
1992
8871
7
16
11
220
21
15
15
15
11
220
19
11
328
16
17
19
871
606
220
20
198
262
1992
8871
7
16
20
11
220
17
16
20
11
220
21
11
328
16
15
871
606
220
17
198
262
1992
8871
7
16
15
15
15
11
220
17
15
15
15
11
220
19
11
328
18
15
15
15
871
606
220
15
6987
262
653
22484
1228
4886
198
262
1992
8871
7
18
21
11
220
17
22
20
11
220
24
11
328
24
871
606
220
17
19
198
262
1992
8871
7
17
15
11
220
21
17
18
11
220
19
11
328
16
871
606
220
17
18
198
262
1992
8871
7
19
22
11
220
18
23
23
11
220
17
11
328
16
16
871
606
220
17
198
262
1992
8871
7
17
24
19
21
20
21
23
11
220
21
22
17
18
21
20
15
16
11
220
21
11
328
19
15
18
871
606
220
23
15
18
20
198
262
1992
8871
7
23
16
11
220
23
21
16
11
220
18
11
328
18
15
871
606
220
18
198
262
1992
8871
7
24
17
11
220
24
16
19
11
220
21
11
328
19
16
871
606
220
21
198
262
1992
8871
7
24
17
20
16
11
220
23
17
19
23
15
11
220
24
11
328
19
24
871
606
220
22
18
17
198
262
1992
8871
7
23
22
22
23
11
220
24
24
24
17
19
11
220
22
11
328
20
18
15
18
17
871
606
220
16
198
262
1992
8871
7
24
22
21
23
21
21
18
11
220
21
18
19
18
19
15
22
21
11
220
16
11
328
16
16
16
16
16
16
871
606
220
17
198
262
1992
8871
7
17
24
19
21
20
21
23
11
220
21
22
17
18
21
20
15
16
11
220
21
11
328
19
15
18
871
606
220
16
20
22
22
23
198
262
1992
8871
7
22
17
19
19
22
22
20
22
22
15
24
22
15
11
220
20
23
19
24
15
23
17
23
20
24
20
21
16
20
11
220
21
11
328
17
15
21
15
871
606
220
17
15
16
22
21
23
15
18
20
198
262
1992
8871
7
19
15
23
16
19
17
20
17
17
20
24
23
16
15
22
11
220
20
18
17
15
23
24
18
20
17
19
24
21
24
20
18
11
220
18
11
328
16
17
16
17
17
15
17
18
18
17
16
17
18
18
17
871
606
220
15
198
262
1992
8871
7
24
15
15
19
15
22
23
21
18
24
18
20
24
19
15
11
220
24
21
16
19
20
24
15
22
23
20
21
24
23
20
22
11
220
24
11
328
20
23
16
22
19
22
21
22
17
20
17
18
22
18
16
871
606
220
15
198
71093
248046
198
248045
846
198
7525
3555
4621
4490
279
6813
13
5514
579
279
1412
25
198
6347
1371
318
3444
3110
1562
1483
1590
198
220
2793
34397
42
186920
73
26777
41
21561
6971
487
1500
220
17
18
20
11
303
361
4211
29
198
262
1716
11181
19798
1218
3906
65313
8
198
220
2793
34397
42
186920
73
26777
41
21561
6971
487
1500
220
17
17
19
11
303
1716
198
262
1992
8871
7
17
24
19
21
20
21
23
11
220
21
22
17
18
21
20
15
16
11
220
21
11
328
19
15
18
871
606
220
23
15
18
20
198
1779
6108
59641
59641
59641
59641
59641
59641
59641
59641
59641
59641
59641
61
198
66317
1401
14200
1206
311
40138
11
411
369
678
3274
25
4310
279
2614
709
11618
321
4479
889
11
6999
4072
279
709
7246
321
1440
660
279
6813
13
2972
5683
4045
67305
3067
13209
50
159029
271
2523
1220
14623
279
1970
488
10490
303
264
64504
1970
2424
318
784
9609
31789
318
19458
668
31153
279
3889
5568
8
248046
198
248045
74455
198
248068
271
248069
271
71093
12305
198
727
1698
19798
1218
3906
65313
10324
25
514
11
6052
25
514
11
3798
25
514
11
274
25
592
8
1411
514
25
198
262
4071
4356
279
1324
314
7737
24959
303
279
2020
498
2388
11
6052
906
198
1031
262
357
6572
7308
830
369
2512
7737
413
25
198
262
220
16
13
1049
10029
440
274
318
82
369
264
19900
314
830
8
198
262
220
17
13
8618
15262
303
830
369
506
1379
3798
6987
262
17167
25
198
285
1151
25
561
1151
314
279
2020
318
94964
8
198
285
6052
25
561
809
314
279
2020
318
94964
8
198
285
3798
25
561
6966
5252
15262
869
318
16
2564
3798
2564
220
24
8
198
285
274
25
357
886
13661
264
6572
7308
421
1902
381
264
19900
6987
262
5019
25
198
285
561
1698
314
7737
24959
303
279
2574
2020
6987
262
11765
1698
19798
1218
3906
65313
7
16
11
220
21
15
15
15
11
220
19
11
328
16
17
19
871
198
262
220
20
198
262
11765
1698
19798
1218
3906
65313
7
16
20
11
220
17
16
20
11
220
21
11
328
16
15
871
198
262
220
17
198
262
11765
1698
19798
1218
3906
65313
7
16
15
15
15
11
220
17
15
15
15
11
220
19
11
328
18
15
15
15
871
198
262
220
15
198
262
4071
198
262
653
5339
11
1716
413
660
17955
303
274
513
506
1379
3798
198
262
364
272
303
274
25
198
285
413
514
1290
8
835
3798
25
198
309
460
220
15
6987
262
274
5854
283
2343
1104
8
198
262
274
5996
283
514
1104
8
198
1031
262
687
1698
7980
2270
1393
25
514
8
1411
514
25
198
285
4071
2427
7737
24959
303
498
15
11
307
60
12237
198
285
413
307
361
220
15
25
198
309
460
220
15
198
285
413
307
606
220
15
25
198
309
460
220
15
8675
285
17955
283
1103
8874
1494
11
592
1393
7461
198
285
1572
40061
283
2343
94969
8
198
1726
285
494
54572
1120
324
2585
11198
8675
285
687
1698
5305
4956
4796
25
514
11
307
25
514
283
2168
8
1411
514
25
198
309
4071
2427
436
46730
4947
421
809
440
274
11
660
17955
2564
3798
11
321
413
307
369
3766
11
2564
307
71483
198
309
413
436
361
274
5854
25
198
388
460
220
15
18015
309
413
436
606
274
5854
25
198
388
653
8020
279
1324
274
4924
198
388
413
274
5996
361
220
16
25
198
493
460
220
15
198
388
653
4109
413
274
682
436
17955
318
2083
6187
6942
8
198
388
413
274
58
15
60
606
359
15
1170
198
493
460
220
15
198
388
653
4109
413
274
5996
2564
307
413
307
369
3766
198
388
413
307
369
524
2168
321
274
5996
835
307
25
198
493
460
220
15
198
388
653
4109
660
17955
303
274
513
2564
3798
318
43967
9770
8
198
388
460
220
16
198
309
745
25
198
388
653
436
835
274
5854
198
388
653
1165
1144
310
1698
436
46730
4947
13004
440
274
11
660
17955
2564
3798
198
388
653
5339
15262
25
220
16
310
3798
318
4660
914
381
220
15
8
198
388
653
12230
17955
318
43
471
274
5854
471
220
16
17955
1590
220
15
310
3798
198
388
653
7745
274
5854
17955
25
8097
430
274
33006
388
653
4109
413
274
682
6187
6942
948
1429
430
19900
314
436
46730
1324
198
388
653
32645
11
274
369
279
19900
11
748
279
1483
274
5854
17955
513
8097
13
198
388
653
561
1118
15262
369
506
2234
220
15
11
321
279
19900
8211
506
2234
436
471
274
5854
13
198
388
653
8439
436
835
274
5854
11
436
471
274
5854
2518
220
16
11
748
279
1118
15262
369
524
919
314
279
19900
13
198
388
653
1987
567
1459
914
599
264
6187
6942
4125
440
274
13
198
6159
388
653
1921
567
1144
310
1716
413
567
2224
51948
539
307
198
388
413
307
369
524
2168
25
198
493
653
5272
15262
30715
198
493
554
75
2585
11198
8474
2073
5675
8
198
493
687
11002
11909
25
514
11
9990
25
1744
8
1411
514
25
198
646
413
1097
606
436
25
198
967
460
220
16
198
646
8156
283
17955
20980
60
413
9990
745
220
24
198
646
1698
283
220
15
198
646
364
293
303
2020
7
15
11
8156
478
220
16
1590
198
967
413
293
835
3798
25
198
1335
1387
198
967
653
4109
413
567
2224
303
279
19900
5364
198
967
413
1097
2518
436
471
274
5854
25
198
1335
3481
8959
283
274
20980
471
318
43
471
274
5854
7025
198
1335
413
293
931
514
14809
8959
1590
198
1855
2962
198
967
653
56095
6942
1716
198
967
413
1097
606
220
15
321
293
606
220
15
25
198
1335
2962
198
967
491
516
481
283
9990
321
318
67
606
8156
8
198
967
1698
1373
11002
11909
478
220
16
11
491
516
481
8
198
646
460
1698
198
493
460
11002
7
15
11
2912
8
198
388
745
25
198
493
653
2233
8156
6608
20908
11
1066
1698
660
436
46730
4947
13004
440
274
440
17955
2564
3798
198
493
653
5339
15262
25
220
16
310
3798
1411
3798
11125
198
493
1118
59824
283
3798
198
493
653
12230
17955
25
436
471
274
5854
471
220
16
17955
11
1754
220
15
310
3798
1411
318
9226
478
220
16
8
11125
198
493
5956
3079
283
436
471
274
5854
471
220
16
198
493
413
5956
3079
361
220
15
25
198
646
5956
59824
283
220
16
198
493
745
25
198
646
5956
59824
283
318
9226
478
220
16
8
2972
5956
3079
198
493
460
1118
59824
348
5956
59824
8675
285
2702
283
220
15
198
285
653
4356
4947
440
16253
17955
1056
1572
40061
318
42458
513
660
361
307
2394
307
682
1572
40061
17955
321
307
835
220
15
8
198
285
364
436
303
2020
1104
5854
11
1572
40061
1590
198
309
2702
1373
1698
5305
4956
4796
8
198
1726
285
653
4356
4947
440
6681
1572
40061
421
513
2564
307
198
285
2702
1373
1698
5305
4956
7815
40061
11
307
8
198
1726
285
460
2702
6987
262
1067
283
1698
7980
2270
925
17635
8
471
1698
7980
2270
10324
471
220
16
8
198
1031
262
460
1067
1358
727
1716
69574
1590
198
262
653
12996
1228
4886
198
262
1992
8871
7
16
11
220
21
15
15
15
11
220
19
11
328
16
17
19
871
606
220
20
198
262
1992
8871
7
16
20
11
220
17
16
20
11
220
21
11
328
16
15
871
606
220
17
198
262
1992
8871
7
16
15
15
15
11
220
17
15
15
15
11
220
19
11
328
18
15
15
15
871
606
220
15
6987
262
653
22484
1228
4886
198
262
1992
8871
7
18
21
11
220
17
22
20
11
220
24
11
328
24
871
606
220
17
19
198
262
1992
8871
7
17
15
11
220
21
17
18
11
220
19
11
328
16
871
606
220
17
18
198
262
1992
8871
7
19
22
11
220
18
23
23
11
220
17
11
328
16
16
871
606
220
17
198
262
1992
8871
7
17
24
19
21
20
21
23
11
220
21
22
17
18
21
20
15
16
11
220
21
11
328
19
15
18
871
606
220
23
15
18
20
198
262
1992
8871
7
23
16
11
220
23
21
16
11
220
18
11
328
18
15
871
606
220
18
198
262
1992
8871
7
24
17
11
220
24
16
19
11
220
21
11
328
19
16
871
606
220
21
198
262
1992
8871
7
24
17
20
16
11
220
23
17
19
23
15
11
220
24
11
328
19
24
871
606
220
22
18
17
198
262
1992
8871
7
23
22
22
23
11
220
24
24
24
17
19
11
220
22
11
328
20
18
15
18
17
871
606
220
16
198
262
1992
8871
7
24
22
21
23
21
21
18
11
220
21
18
19
18
19
15
22
21
11
220
16
11
328
16
16
16
16
16
16
871
606
220
17
198
262
1992
8871
7
17
24
19
21
20
21
23
11
220
21
22
17
18
21
20
15
16
11
220
21
11
328
19
15
18
871
606
220
16
20
22
22
23
198
262
1992
8871
7
22
17
19
19
22
22
20
22
22
15
24
22
15
11
220
20
23
19
24
15
23
17
23
20
24
20
21
16
20
11
220
21
11
328
17
15
21
15
871
606
220
17
15
16
22
21
23
15
18
20
198
262
1992
8871
7
19
15
23
16
19
17
20
17
17
20
24
23
16
15
22
11
220
20
18
17
15
23
24
18
20
17
19
24
21
24
20
18
11
220
18
11
328
16
17
16
17
17
15
17
18
18
17
16
17
18
18
17
871
606
220
15
198
262
1992
8871
7
24
15
15
19
15
22
23
21
18
24
18
20
24
19
15
11
220
24
21
16
19
20
24
15
22
23
20
21
24
23
20
22
11
220
24
11
328
20
23
16
22
19
22
21
22
17
20
17
18
22
18
16
871
606
220
15
198
71093
248046
198