248045
846
198
4274
279
2614
709
11618
321
4479
889
11
6999
4072
279
709
7246
321
1440
660
279
6813
13
2972
5683
4045
67305
3067
13209
50
159029
271
2523
1220
14623
279
1970
488
10490
303
264
64504
1970
2424
318
784
9609
31789
318
19458
668
31153
279
3889
5568
8
271
71093
198
1445
18904
1120
1697
1358
727
7776
51757
788
1003
49546
1393
25
514
11
580
25
514
11
830
25
514
11
1906
27430
25
1697
18078
2387
1411
514
25
198
262
4071
15767
307
9861
8826
383
3050
2756
11
1423
279
7776
2702
93451
948
11268
1070
13
198
1031
262
22136
25
198
262
471
2332
1379
580
9861
628
381
26380
3658
303
799
6937
198
262
471
6991
585
318
35166
383
1834
1906
27430
957
2387
628
1132
381
26380
383
466
1238
421
1834
198
262
471
4486
11268
383
1834
264
11
279
1727
42304
628
1132
381
383
1834
264
36641
466
2843
198
262
471
49313
49546
364
1906
585
26380
383
1834
274
369
318
82
471
1906
27430
957
2387
198
1031
262
17167
25
198
285
307
25
5447
314
9861
318
16
2564
307
2564
220
16
15
15
8
198
285
580
25
25749
9861
791
42304
318
16
2564
580
2564
307
8
198
285
830
25
20542
1881
56641
318
16
2564
830
2564
220
16
15
61
24
8
198
285
1906
27430
25
1697
314
307
1906
20791
2756
303
2397
6596
72887
1906
318
16
2564
1906
27430
957
60
2564
220
16
15
61
16
17
8
198
1031
262
5019
25
198
285
561
7776
3102
2702
93451
6987
262
11765
7776
51757
788
1003
49546
7
20
11
220
17
11
220
18
11
498
16
11
220
20
11
220
21
11
220
16
15
11
220
16
17
2387
198
262
220
17
198
262
11765
7776
51757
788
1003
49546
7
16
11
220
16
11
220
16
15
15
15
15
15
15
15
15
15
11
498
16
15
15
15
15
15
15
15
15
15
15
15
15
2387
198
262
220
15
198
262
4071
271
727
1716
69574
1590
198
262
653
3284
4886
494
279
3377
198
262
1992
8871
7
20
11
220
17
11
220
18
11
498
16
11
220
20
11
220
21
11
220
16
15
11
220
16
17
2387
606
220
18
198
262
1992
8871
7
16
11
220
16
11
220
16
15
15
15
15
15
15
15
15
15
11
498
16
15
15
15
15
15
15
15
15
15
15
15
15
2387
606
220
15
198
262
1992
8871
7
16
20
11
220
19
11
220
20
11
498
16
11
220
18
11
220
18
11
220
21
11
220
21
11
220
21
11
220
16
15
11
220
16
15
11
220
16
15
11
220
16
15
11
220
16
20
11
220
16
20
11
220
16
20
11
220
16
20
11
220
16
20
2387
606
220
18
20
6987
262
653
22484
1228
4886
198
262
1992
8871
7
17
11
220
17
11
220
16
20
16
22
11
498
16
21
24
22
11
220
16
23
21
24
2387
606
220
16
22
17
198
262
1992
8871
7
16
15
11
220
16
11
220
17
11
498
16
11
220
16
11
220
17
11
220
18
11
220
19
11
220
20
11
220
20
11
220
20
11
220
20
11
220
21
2387
606
220
21
18
198
262
1992
8871
7
16
11
220
16
11
220
20
23
19
20
20
23
22
22
21
11
498
16
16
17
21
15
20
17
17
24
18
2387
606
220
15
198
262
1992
8871
7
16
11
220
16
11
220
16
11
498
16
2387
606
220
15
6987
262
653
3284
1105
440
580
21076
318
528
9861
303
799
42304
8
198
262
1992
8871
7
16
15
15
11
220
16
15
15
11
220
16
15
15
15
15
15
15
15
15
15
11
498
24
24
24
15
15
15
15
15
15
15
15
16
11
220
24
24
24
15
16
15
16
15
16
15
16
16
11
220
24
24
24
15
17
15
17
15
17
15
17
16
11
220
24
24
24
15
18
15
18
15
18
15
18
16
11
220
24
24
24
15
19
15
19
15
19
15
19
16
11
220
24
24
24
15
20
15
20
15
20
15
20
16
11
220
24
24
24
15
21
15
21
15
21
15
21
16
11
220
24
24
24
15
22
15
22
15
22
15
22
16
11
220
24
24
24
15
23
15
23
15
23
15
23
16
11
220
24
24
24
15
24
15
24
15
24
15
24
16
11
220
24
24
24
16
15
16
15
16
15
16
15
17
11
220
24
24
24
16
16
16
16
16
16
16
16
17
11
220
24
24
24
16
17
16
17
16
17
16
17
17
11
220
24
24
24
16
18
16
18
16
18
16
18
17
11
220
24
24
24
16
19
16
19
16
19
16
19
17
11
220
24
24
24
16
20
16
20
16
20
16
20
17
11
220
24
24
24
16
21
16
21
16
21
16
21
17
11
220
24
24
24
16
22
16
22
16
22
16
22
17
11
220
24
24
24
16
23
16
23
16
23
16
23
17
11
220
24
24
24
16
24
16
24
16
24
16
24
17
11
220
24
24
24
17
15
17
15
17
15
17
15
18
11
220
24
24
24
17
16
17
16
17
16
17
16
18
11
220
24
24
24
17
17
17
17
17
17
17
17
18
11
220
24
24
24
17
18
17
18
17
18
17
18
18
11
220
24
24
24
17
19
17
19
17
19
17
19
18
11
220
24
24
24
17
20
17
20
17
20
17
20
18
11
220
24
24
24
17
21
17
21
17
21
17
21
18
11
220
24
24
24
17
22
17
22
17
22
17
22
18
11
220
24
24
24
17
23
17
23
17
23
17
23
18
11
220
24
24
24
17
24
17
24
17
24
17
24
18
11
220
24
24
24
18
15
18
15
18
15
18
15
19
11
220
24
24
24
18
16
18
16
18
16
18
16
19
11
220
24
24
24
18
17
18
17
18
17
18
17
19
11
220
24
24
24
18
18
18
18
18
18
18
18
19
11
220
24
24
24
18
19
18
19
18
19
18
19
19
11
220
24
24
24
18
20
18
20
18
20
18
20
19
11
220
24
24
24
18
21
18
21
18
21
18
21
19
11
220
24
24
24
18
22
18
22
18
22
18
22
19
11
220
24
24
24
18
23
18
23
18
23
18
23
19
11
220
24
24
24
18
24
18
24
18
24
18
24
19
11
220
24
24
24
19
15
19
15
19
15
19
15
20
11
220
24
24
24
19
16
19
16
19
16
19
16
20
11
220
24
24
24
19
17
19
17
19
17
19
17
20
11
220
24
24
24
19
18
19
18
19
18
19
18
20
11
220
24
24
24
19
19
19
19
19
19
19
19
20
11
220
24
24
24
19
20
19
20
19
20
19
20
20
11
220
24
24
24
19
21
19
21
19
21
19
21
20
11
220
24
24
24
19
22
19
22
19
22
19
22
20
11
220
24
24
24
19
23
19
23
19
23
19
23
20
11
220
24
24
24
19
24
19
24
19
24
19
24
20
11
220
24
24
24
20
15
20
15
20
15
20
15
21
11
220
24
24
24
20
16
20
16
20
16
20
16
21
11
220
24
24
24
20
17
20
17
20
17
20
17
21
11
220
24
24
24
20
18
20
18
20
18
20
18
21
11
220
24
24
24
20
19
20
19
20
19
20
19
21
11
220
24
24
24
20
20
20
20
20
20
20
20
21
11
220
24
24
24
20
21
20
21
20
21
20
21
21
11
220
24
24
24
20
22
20
22
20
22
20
22
21
11
220
24
24
24
20
23
20
23
20
23
20
23
21
11
220
24
24
24
20
24
20
24
20
24
20
24
21
11
220
24
24
24
21
15
21
15
21
15
21
15
22
11
220
24
24
24
21
16
21
16
21
16
21
16
22
11
220
24
24
24
21
17
21
17
21
17
21
17
22
11
220
24
24
24
21
18
21
18
21
18
21
18
22
11
220
24
24
24
21
19
21
19
21
19
21
19
22
11
220
24
24
24
21
20
21
20
21
20
21
20
22
11
220
24
24
24
21
21
21
21
21
21
21
21
22
11
220
24
24
24
21
22
21
22
21
22
21
22
22
11
220
24
24
24
21
23
21
23
21
23
21
23
22
11
220
24
24
24
21
24
21
24
21
24
21
24
22
11
220
24
24
24
22
15
22
15
22
15
22
15
23
11
220
24
24
24
22
16
22
16
22
16
22
16
23
11
220
24
24
24
22
17
22
17
22
17
22
17
23
11
220
24
24
24
22
18
22
18
22
18
22
18
23
11
220
24
24
24
22
19
22
19
22
19
22
19
23
11
220
24
24
24
22
20
22
20
22
20
22
20
23
11
220
24
24
24
22
21
22
21
22
21
22
21
23
11
220
24
24
24
22
22
22
22
22
22
22
22
23
11
220
24
24
24
22
23
22
23
22
23
22
23
23
11
220
24
24
24
22
24
22
24
22
24
22
24
23
11
220
24
24
24
23
15
23
15
23
15
23
15
24
11
220
24
24
24
23
16
23
16
23
16
23
16
24
11
220
24
24
24
23
17
23
17
23
17
23
17
24
11
220
24
24
24
23
18
23
18
23
18
23
18
24
11
220
24
24
24
23
19
23
19
23
19
23
19
24
11
220
24
24
24
23
20
23
20
23
20
23
20
24
11
220
24
24
24
23
21
23
21
23
21
23
21
24
11
220
24
24
24
23
22
23
22
23
22
23
22
24
11
220
24
24
24
23
23
23
23
23
23
23
23
24
11
220
24
24
24
23
24
23
24
23
24
23
24
24
11
220
24
24
24
24
15
24
15
24
15
24
16
15
11
220
24
24
24
24
16
24
16
24
16
24
17
15
11
220
24
24
24
24
17
24
17
24
17
24
18
15
11
220
24
24
24
24
18
24
18
24
18
24
19
15
11
220
24
24
24
24
19
24
19
24
19
24
20
15
11
220
24
24
24
24
20
24
20
24
20
24
21
15
11
220
24
24
24
24
21
24
21
24
21
24
22
15
11
220
24
24
24
24
22
24
22
24
22
24
23
15
11
220
24
24
24
24
23
24
23
24
23
24
24
15
11
220
16
15
15
15
15
15
15
15
15
15
15
15
15
2387
606
220
19
24
15
15
15
15
15
15
15
20
15
6987
262
653
3284
1105
440
580
28
16
318
588
1906
791
42304
8
198
262
1992
8871
7
16
15
15
11
220
16
11
220
16
15
15
15
15
15
15
15
15
15
11
498
24
24
24
15
15
15
15
15
15
15
15
16
11
220
24
24
24
15
16
15
16
15
16
15
16
16
11
220
24
24
24
15
17
15
17
15
17
15
17
16
11
220
24
24
24
15
18
15
18
15
18
15
18
16
11
220
24
24
24
15
19
15
19
15
19
15
19
16
11
220
24
24
24
15
20
15
20
15
20
15
20
16
11
220
24
24
24
15
21
15
21
15
21
15
21
16
11
220
24
24
24
15
22
15
22
15
22
15
22
16
11
220
24
24
24
15
23
15
23
15
23
15
23
16
11
220
24
24
24
15
24
15
24
15
24
15
24
16
11
220
24
24
24
16
15
16
15
16
15
16
15
17
11
220
24
24
24
16
16
16
16
16
16
16
16
17
11
220
24
24
24
16
17
16
17
16
17
16
17
17
11
220
24
24
24
16
18
16
18
16
18
16
18
17
11
220
24
24
24
16
19
16
19
16
19
16
19
17
11
220
24
24
24
16
20
16
20
16
20
16
20
17
11
220
24
24
24
16
21
16
21
16
21
16
21
17
11
220
24
24
24
16
22
16
22
16
22
16
22
17
11
220
24
24
24
16
23
16
23
16
23
16
23
17
11
220
24
24
24
16
24
16
24
16
24
16
24
17
11
220
24
24
24
17
15
17
15
17
15
17
15
18
11
220
24
24
24
17
16
17
16
17
16
17
16
18
11
220
24
24
24
17
17
17
17
17
17
17
17
18
11
220
24
24
24
17
18
17
18
17
18
17
18
18
11
220
24
24
24
17
19
17
19
17
19
17
19
18
11
220
24
24
24
17
20
17
20
17
20
17
20
18
11
220
24
24
24
17
21
17
21
17
21
17
21
18
11
220
24
24
24
17
22
17
22
17
22
17
22
18
11
220
24
24
24
17
23
17
23
17
23
17
23
18
11
220
24
24
24
17
24
17
24
17
24
17
24
18
11
220
24
24
24
18
15
18
15
18
15
18
15
19
11
220
24
24
24
18
16
18
16
18
16
18
16
19
11
220
24
24
24
18
17
18
17
18
17
18
17
19
11
220
24
24
24
18
18
18
18
18
18
18
18
19
11
220
24
24
24
18
19
18
19
18
19
18
19
19
11
220
24
24
24
18
20
18
20
18
20
18
20
19
11
220
24
24
24
18
21
18
21
18
21
18
21
19
11
220
24
24
24
18
22
18
22
18
22
18
22
19
11
220
24
24
24
18
23
18
23
18
23
18
23
19
11
220
24
24
24
18
24
18
24
18
24
18
24
19
11
220
24
24
24
19
15
19
15
19
15
19
15
20
11
220
24
24
24
19
16
19
16
19
16
19
16
20
11
220
24
24
24
19
17
19
17
19
17
19
17
20
11
220
24
24
24
19
18
19
18
19
18
19
18
20
11
220
24
24
24
19
19
19
19
19
19
19
19
20
11
220
24
24
24
19
20
19
20
19
20
19
20
20
11
220
24
24
24
19
21
19
21
19
21
19
21
20
11
220
24
24
24
19
22
19
22
19
22
19
22
20
11
220
24
24
24
19
23
19
23
19
23
19
23
20
11
220
24
24
24
19
24
19
24
19
24
19
24
20
11
220
24
24
24
20
15
20
15
20
15
20
15
21
11
220
24
24
24
20
16
20
16
20
16
20
16
21
11
220
24
24
24
20
17
20
17
20
17
20
17
21
11
220
24
24
24
20
18
20
18
20
18
20
18
21
11
220
24
24
24
20
19
20
19
20
19
20
19
21
11
220
24
24
24
20
20
20
20
20
20
20
20
21
11
220
24
24
24
20
21
20
21
20
21
20
21
21
11
220
24
24
24
20
22
20
22
20
22
20
22
21
11
220
24
24
24
20
23
20
23
20
23
20
23
21
11
220
24
24
24
20
24
20
24
20
24
20
24
21
11
220
24
24
24
21
15
21
15
21
15
21
15
22
11
220
24
24
24
21
16
21
16
21
16
21
16
22
11
220
24
24
24
21
17
21
17
21
17
21
17
22
11
220
24
24
24
21
18
21
18
21
18
21
18
22
11
220
24
24
24
21
19
21
19
21
19
21
19
22
11
220
24
24
24
21
20
21
20
21
20
21
20
22
11
220
24
24
24
21
21
21
21
21
21
21
21
22
11
220
24
24
24
21
22
21
22
21
22
21
22
22
11
220
24
24
24
21
23
21
23
21
23
21
23
22
11
220
24
24
24
21
24
21
24
21
24
21
24
22
11
220
24
24
24
22
15
22
15
22
15
22
15
23
11
220
24
24
24
22
16
22
16
22
16
22
16
23
11
220
24
24
24
22
17
22
17
22
17
22
17
23
11
220
24
24
24
22
18
22
18
22
18
22
18
23
11
220
24
24
24
22
19
22
19
22
19
22
19
23
11
220
24
24
24
22
20
22
20
22
20
22
20
23
11
220
24
24
24
22
21
22
21
22
21
22
21
23
11
220
24
24
24
22
22
22
22
22
22
22
22
23
11
220
24
24
24
22
23
22
23
22
23
22
23
23
11
220
24
24
24
22
24
22
24
22
24
22
24
23
11
220
24
24
24
23
15
23
15
23
15
23
15
24
11
220
24
24
24
23
16
23
16
23
16
23
16
24
11
220
24
24
24
23
17
23
17
23
17
23
17
24
11
220
24
24
24
23
18
23
18
23
18
23
18
24
11
220
24
24
24
23
19
23
19
23
19
23
19
24
11
220
24
24
24
23
20
23
20
23
20
23
20
24
11
220
24
24
24
23
21
23
21
23
21
23
21
24
11
220
24
24
24
23
22
23
22
23
22
23
22
24
11
220
24
24
24
23
23
23
23
23
23
23
23
24
11
220
24
24
24
23
24
23
24
23
24
23
24
24
11
220
24
24
24
24
15
24
15
24
15
24
16
15
11
220
24
24
24
24
16
24
16
24
16
24
17
15
11
220
24
24
24
24
17
24
17
24
17
24
18
15
11
220
24
24
24
24
18
24
18
24
18
24
19
15
11
220
24
24
24
24
19
24
19
24
19
24
20
15
11
220
24
24
24
24
20
24
20
24
20
24
21
15
11
220
24
24
24
24
21
24
21
24
21
24
22
15
11
220
24
24
24
24
22
24
22
24
22
24
23
15
11
220
24
24
24
24
23
24
23
24
23
24
24
15
11
220
16
15
15
15
15
15
15
15
15
15
15
15
15
2387
606
220
19
24
15
15
15
15
15
15
15
15
15
20
15
271
2
5272
1716
13741
3188
51757
788
1003
49546
8
310
1542
6813
13
198
71093
248046
198
248045
74455
198
71093
12305
198
1445
18904
1120
1697
198
464
14410
431
1358
727
7776
51757
788
1003
49546
1393
25
514
11
580
25
514
11
830
25
514
11
1906
27430
25
1697
18078
2387
1411
514
25
198
262
4071
15767
307
9861
8826
383
3050
2756
11
1423
279
7776
2702
93451
948
11268
1070
13
198
1031
262
22136
25
198
262
471
2332
1379
580
9861
628
381
26380
3658
303
799
6937
198
262
471
6991
585
318
35166
383
1834
1906
27430
957
2387
628
1132
381
26380
383
466
1238
421
1834
198
262
471
4486
11268
383
1834
264
11
279
1727
42304
628
1132
381
383
1834
264
36641
466
2843
198
262
471
49313
49546
364
1906
585
26380
383
1834
274
369
318
82
471
1906
27430
957
2387
198
1031
262
17167
25
198
285
307
25
5447
314
9861
318
16
2564
307
2564
220
16
15
15
8
198
285
580
25
25749
9861
791
42304
318
16
2564
580
2564
307
8
198
285
830
25
20542
1881
56641
318
16
2564
830
2564
220
16
15
61
24
8
198
285
1906
27430
25
1697
314
307
1906
20791
2756
303
2397
6596
72887
1906
318
16
2564
1906
27430
957
60
2564
220
16
15
61
16
17
8
198
1031
262
5019
25
198
285
561
7776
3102
2702
93451
198
262
4071
198
262
653
11002
957
60
283
7776
2702
93451
364
11268
9861
585
486
77
12
16
198
262
653
1165
1144
310
9973
1204
310
1809
9861
1083
43303
13
198
262
653
8439
9861
513
14789
303
1906
11
264
6937
668
381
264
64258
1146
15057
314
9861
13
198
262
653
79762
279
1483
6937
5435
9861
494
1857
492
310
307
12
16
318
15
20834
290
681
440
492
2518
307
12283
13
198
262
653
561
42304
1834
364
411
6937
1902
381
2518
1866
18797
27430
3681
486
77
12
16
2387
283
1906
27430
7426
12
16
60
318
10957
10300
553
198
262
653
32645
11
279
42304
1834
628
381
866
1834
2518
1906
27430
7426
12
16
1089
694
310
28377
93451
11
567
1220
8026
430
3988
430
3102
13
198
262
653
4213
11
279
42304
1834
369
1048
51948
539
279
3555
42304
25
413
279
3555
42304
557
383
1834
7624
16271
11
695
262
653
279
1428
42304
1902
381
383
1834
2518
7624
16271
478
830
13
198
1031
262
653
6558
579
1683
20648
13
6558
579
6762
11002
957
60
430
279
7776
2702
93451
364
11268
279
1118
585
9861
318
7667
220
15
486
72
12
16
553
198
262
653
1946
12204
11002
957
1089
567
2814
421
279
1483
6937
5435
9861
494
492
310
585
12
16
11
1332
585
12283
2564
492
2564
585
13
198
262
653
561
42304
1834
364
411
6937
1902
381
25
198
262
653
256
274
2518
1866
18797
27430
3681
486
72
12
16
2387
283
1906
27430
957
12
16
60
318
10957
1906
27430
369
2397
6596
72887
8
198
262
653
256
274
2518
318
66748
1834
314
3555
6937
8
478
830
198
262
653
198
262
653
1061
23285
383
279
3555
42304
1834
3520
424
32343
13
1165
1144
310
3627
279
42304
1834
13
198
262
653
198
262
653
39752
5313
25
8439
307
369
2526
318
446
310
220
16
15
15
681
567
628
958
30715
1332
279
1528
5469
279
1857
321
13188
279
1483
42304
1834
13
198
262
653
1921
279
1483
42304
1834
628
381
1546
3349
318
446
310
220
16
15
61
16
17
478
307
9
16
15
61
24
681
748
567
628
914
958
424
5774
303
279
1528
13
198
262
653
198
262
653
6558
579
37781
13
3095
567
1304
264
6937
494
9861
492
310
585
12
16
11
279
42304
1834
274
1902
381
25
198
262
653
256
274
2518
1906
27430
957
12
16
60
220
318
10957
660
9861
303
279
6937
1902
381
26380
383
466
1238
836
20791
1834
11
321
1906
27430
957
12
16
60
369
279
5362
8
198
262
653
256
274
2518
7624
625
478
830
11
1332
7624
625
369
279
42304
1834
314
279
3555
6937
13
198
262
653
198
262
653
1946
28377
2702
93451
11
364
264
2574
6937
11
567
1318
274
310
381
430
2526
430
3102
11
585
1673
2487
274
283
1866
18797
27430
957
12
16
1089
7624
625
478
830
553
198
262
653
198
262
653
1987
279
1328
19407
369
25
279
42304
1834
369
10521
539
279
3555
42304
1834
321
279
5362
1906
1834
303
279
1428
6937
13
198
262
653
198
262
653
6558
579
6762
11002
957
60
430
264
6505
318
1030
10467
788
1003
49546
11
1483
30024
468
16271
8
364
279
1118
585
9861
13
198
262
653
1921
411
3070
914
944
1521
1017
2493
381
5081
5337
310
10752
279
1788
1262
93451
440
2086
1483
42304
2756
11
198
262
653
321
264
4918
1483
42304
1834
2493
381
2577
364
3725
43303
13
198
262
653
198
262
653
32645
11
364
264
8097
1324
314
43303
321
47532
11
279
42304
2756
513
10521
53953
1487
13
695
262
653
6558
579
1683
883
424
430
25
567
1817
9861
494
2047
310
1245
11
28177
1332
310
6507
43303
13
198
262
653
198
262
653
6558
11002
957
60
283
7776
2702
93451
364
9861
220
15
486
72
12
16
13
198
262
653
1946
12204
11002
957
1089
567
28662
888
492
494
1866
7
15
11
585
12283
8
310
585
12
16
11
12463
264
6937
494
492
310
585
12
16
13
198
262
653
1690
1754
492
11
567
1144
310
1366
279
1483
42304
1834
494
279
6093
364
11002
3681
906
198
262
653
1921
11002
3681
60
2493
599
5081
9611
440
2086
1483
42304
2756
13
198
262
653
198
262
653
85152
11
1042
579
3436
11002
957
60
430
279
7776
93451
11
694
567
1048
1144
310
1366
1092
279
1483
42304
1834
557
13
198
262
653
6558
579
3436
318
9504
957
1089
1483
30024
16271
957
2387
694
1017
1362
381
6355
61782
13
198
262
653
198
262
653
32645
11
364
264
2574
47532
11
279
42304
2756
513
8097
2957
567
1366
279
3555
42304
1834
13
198
262
653
6558
728
1380
264
2086
53041
25
1042
281
1889
8
381
264
1103
314
3102
318
4873
788
1003
49546
11
1483
30024
468
16271
8
13139
364
279
1118
585
9861
13
198
262
653
8439
307
369
2526
318
16
15
15
681
279
1324
314
43303
369
506
1379
220
16
15
15
11
321
279
1324
314
12103
318
67
1003
49546
11
1483
30024
16271
8
13139
2493
381
67657
13
198
262
653
198
262
653
1921
411
1362
1990
381
56768
303
279
11447
1105
13
198
262
653
198
262
653
6558
728
1683
777
15060
13
3095
567
884
264
6937
494
492
310
585
12
16
11
279
42304
1834
274
283
1866
18797
27430
957
12
16
1089
7624
625
478
830
553
198
262
653
561
93451
3568
369
2542
14717
76
44094
92
46227
72
12
16
92
318
82
471
1906
27430
11722
10381
198
262
653
198
262
653
5141
21254
25
413
567
599
1330
5134
364
11002
3681
5491
318
67
16
11
274
16
8
321
318
67
17
11
274
17
8
440
293
16
2564
293
17
321
274
16
2564
274
17
11
1179
318
67
16
11
274
16
8
80018
318
67
17
11
274
17
553
198
262
653
1987
567
628
76787
5134
1332
799
369
28731
539
2361
13
198
262
653
198
262
653
6558
579
4072
411
440
82253
13
198
1031
262
653
11002
957
60
369
264
1103
314
318
4873
788
1003
49546
11
1483
30024
468
16271
8
13139
11
534
47248
13
198
262
653
11002
58
15
60
283
17294
15
11
220
15
7025
220
653
220
15
9861
26380
11
220
15
2702
93451
11
1483
42304
1834
220
15
318
269
471
77258
11
694
220
15
4138
2394
2756
2518
220
16
8
198
1031
262
653
1690
585
494
220
16
310
307
25
198
262
653
256
11002
957
60
283
2958
198
262
653
256
1690
492
494
1866
7
15
11
585
12283
8
310
585
12
16
25
198
262
653
257
1690
1754
318
9590
788
11
7624
625
8
303
11002
3681
5491
198
262
653
950
274
283
1866
18797
27430
957
12
16
1089
7624
625
478
830
8
198
262
653
950
3568
788
1003
49546
283
2542
18797
27430
11722
60
364
295
303
2020
3216
11
585
578
220
653
3655
11
874
25
274
471
1906
27430
11722
60
364
295
303
492
486
72
12
16
198
262
653
950
3568
283
2542
1104
471
1906
27430
11722
60
364
295
303
2020
3216
11
585
578
198
262
653
950
491
788
283
7624
788
478
3568
198
262
653
950
2604
318
902
788
11
274
8
310
11002
957
60
198
262
653
256
2264
2792
11002
957
60
310
2426
1132
2397
86542
13139
13
198
1031
262
653
8771
5134
318
67
16
11
274
16
8
321
318
67
17
11
274
17
1590
318
67
16
11
274
16
8
80018
318
67
17
11
274
17
8
413
293
16
2564
293
17
321
274
16
2564
274
17
13
198
262
653
2264
35971
25
3921
866
1528
421
369
28731
539
2361
13
198
1031
262
653
6558
579
4072
411
13
198
1031
262
11002
283
81592
364
696
303
2020
1393
478
220
16
7025
198
262
11002
58
15
60
283
17294
15
11
220
15
7025
220
653
318
4873
788
1003
49546
11
1483
30024
468
16271
8
198
1031
262
364
585
303
2020
7
16
11
307
478
220
16
1590
198
285
10853
283
2958
198
285
653
561
1483
6937
5435
9861
494
492
310
585
12
16
11
1332
585
12283
2564
492
2564
585
12
16
198
285
364
492
303
2020
8474
7
15
11
585
471
580
681
585
1590
198
309
653
1690
1754
1528
303
11002
3681
60
198
309
364
7624
788
11
7624
625
303
11002
3681
5491
198
388
653
1369
5234
1834
364
411
6937
198
388
274
283
1866
18797
27430
957
471
220
16
1089
7624
625
478
830
8
198
388
653
19892
3568
93451
198
388
653
2542
314
318
82
471
1906
27430
11722
2387
364
295
303
492
486
72
12
16
198
388
653
283
318
72
471
492
8
348
274
471
2542
18797
27430
11722
60
364
295
303
492
486
72
12
16
8
198
388
6937
9858
283
2542
18797
27430
11722
60
364
295
303
2020
3216
11
585
578
198
388
3568
283
318
72
471
492
8
348
274
471
6937
9858
198
388
491
788
283
7624
788
478
3568
198
388
10853
1989
1148
902
788
11
274
578
198
1726
285
653
2264
2792
10853
25
3921
28731
5134
198
285
653
357
1528
318
67
16
11
274
16
8
369
28731
539
318
67
17
11
274
17
8
413
293
17
2564
293
16
321
274
17
2564
274
16
11
440
506
3140
799
7077
30184
13
198
285
653
1946
76787
28750
11
3269
539
93451
11
1179
28662
321
2426
3627
314
7776
42304
1834
3753
748
2944
13
198
285
413
524
10853
25
198
309
11002
957
60
283
2958
198
309
2962
8675
285
653
15495
539
93451
34217
11
1179
539
42304
1834
34217
198
285
10853
10299
4702
26612
280
25
318
79
58
15
1089
280
58
16
9087
198
1726
285
534
47248
283
2958
198
285
1262
625
283
2153
482
13180
837
198
285
364
293
11
274
303
10853
25
198
309
413
274
361
1262
625
25
198
388
534
47248
1989
1148
67
11
274
578
198
388
1262
625
283
274
8675
285
11002
957
60
283
534
47248
6987
262
653
561
4087
369
279
7776
93451
4082
660
5134
303
11002
7426
60
198
262
413
524
11002
7426
5491
198
285
460
220
15
198
262
460
1262
1446
364
293
11
274
303
11002
7426
2387
1358
727
1716
69574
1590
198
262
653
3284
4886
494
279
3377
198
262
1992
8871
7
20
11
220
17
11
220
18
11
498
16
11
220
20
11
220
21
11
220
16
15
11
220
16
17
2387
606
220
18
198
262
1992
8871
7
16
11
220
16
11
220
16
15
15
15
15
15
15
15
15
15
11
498
16
15
15
15
15
15
15
15
15
15
15
15
15
2387
606
220
15
198
262
1992
8871
7
16
20
11
220
19
11
220
20
11
498
16
11
220
18
11
220
18
11
220
21
11
220
21
11
220
21
11
220
16
15
11
220
16
15
11
220
16
15
11
220
16
15
11
220
16
20
11
220
16
20
11
220
16
20
11
220
16
20
11
220
16
20
2387
606
220
18
20
6987
262
653
22484
1228
4886
198
262
1992
8871
7
17
11
220
17
11
220
16
20
16
22
11
498
16
21
24
22
11
220
16
23
21
24
2387
606
220
16
22
17
198
262
1992
8871
7
16
15
11
220
16
11
220
17
11
498
16
11
220
16
11
220
17
11
220
18
11
220
19
11
220
20
11
220
20
11
220
20
11
220
20
11
220
21
2387
606
220
21
18
198
262
1992
8871
7
16
11
220
16
11
220
20
23
19
20
20
23
22
22
21
11
498
16
16
17
21
15
20
17
17
24
18
2387
606
220
15
198
262
1992
8871
7
16
11
220
16
11
220
16
11
498
16
2387
606
220
15
6987
262
653
3284
1105
440
580
21076
318
528
9861
303
799
42304
8
198
262
1992
8871
7
16
15
15
11
220
16
15
15
11
220
16
15
15
15
15
15
15
15
15
15
11
498
24
24
24
15
15
15
15
15
15
15
15
16
11
220
24
24
24
15
16
15
16
15
16
15
16
16
11
220
24
24
24
15
17
15
17
15
17
15
17
16
11
220
24
24
24
15
18
15
18
15
18
15
18
16
11
220
24
24
24
15
19
15
19
15
19
15
19
16
11
220
24
24
24
15
20
15
20
15
20
15
20
16
11
220
24
24
24
15
21
15
21
15
21
15
21
16
11
220
24
24
24
15
22
15
22
15
22
15
22
16
11
220
24
24
24
15
23
15
23
15
23
15
23
16
11
220
24
24
24
15
24
15
24
15
24
15
24
16
11
220
24
24
24
16
15
16
15
16
15
16
15
17
11
220
24
24
24
16
16
16
16
16
16
16
16
17
11
220
24
24
24
16
17
16
17
16
17
16
17
17
11
220
24
24
24
16
18
16
18
16
18
16
18
17
11
220
24
24
24
16
19
16
19
16
19
16
19
17
11
220
24
24
24
16
20
16
20
16
20
16
20
17
11
220
24
24
24
16
21
16
21
16
21
16
21
17
11
220
24
24
24
16
22
16
22
16
22
16
22
17
11
220
24
24
24
16
23
16
23
16
23
16
23
17
11
220
24
24
24
16
24
16
24
16
24
16
24
17
11
220
24
24
24
17
15
17
15
17
15
17
15
18
11
220
24
24
24
17
16
17
16
17
16
17
16
18
11
220
24
24
24
17
17
17
17
17
17
17
17
18
11
220
24
24
24
17
18
17
18
17
18
17
18
18
11
220
24
24
24
17
19
17
19
17
19
17
19
18
11
220
24
24
24
17
20
17
20
17
20
17
20
18
11
220
24
24
24
17
21
17
21
17
21
17
21
18
11
220
24
24
24
17
22
17
22
17
22
17
22
18
11
220
24
24
24
17
23
17
23
17
23
17
23
18
11
220
24
24
24
17
24
17
24
17
24
17
24
18
11
220
24
24
24
18
15
18
15
18
15
18
15
19
11
220
24
24
24
18
16
18
16
18
16
18
16
19
11
220
24
24
24
18
17
18
17
18
17
18
17
19
11
220
24
24
24
18
18
18
18
18
18
18
18
19
11
220
24
24
24
18
19
18
19
18
19
18
19
19
11
220
24
24
24
18
20
18
20
18
20
18
20
19
11
220
24
24
24
18
21
18
21
18
21
18
21
19
11
220
24
24
24
18
22
18
22
18
22
18
22
19
11
220
24
24
24
18
23
18
23
18
23
18
23
19
11
220
24
24
24
18
24
18
24
18
24
18
24
19
11
220
24
24
24
19
15
19
15
19
15
19
15
20
11
220
24
24
24
19
16
19
16
19
16
19
16
20
11
220
24
24
24
19
17
19
17
19
17
19
17
20
11
220
24
24
24
19
18
19
18
19
18
19
18
20
11
220
24
24
24
19
19
19
19
19
19
19
19
20
11
220
24
24
24
19
20
19
20
19
20
19
20
20
11
220
24
24
24
19
21
19
21
19
21
19
21
20
11
220
24
24
24
19
22
19
22
19
22
19
22
20
11
220
24
24
24
19
23
19
23
19
23
19
23
20
11
220
24
24
24
19
24
19
24
19
24
19
24
20
11
220
24
24
24
20
15
20
15
20
15
20
15
21
11
220
24
24
24
20
16
20
16
20
16
20
16
21
11
220
24
24
24
20
17
20
17
20
17
20
17
21
11
220
24
24
24
20
18
20
18
20
18
20
18
21
11
220
24
24
24
20
19
20
19
20
19
20
19
21
11
220
24
24
24
20
20
20
20
20
20
20
20
21
11
220
24
24
24
20
21
20
21
20
21
20
21
21
11
220
24
24
24
20
22
20
22
20
22
20
22
21
11
220
24
24
24
20
23
20
23
20
23
20
23
21
11
220
24
24
24
20
24
20
24
20
24
20
24
21
11
220
24
24
24
21
15
21
15
21
15
21
15
22
11
220
24
24
24
21
16
21
16
21
16
21
16
22
11
220
24
24
24
21
17
21
17
21
17
21
17
22
11
220
24
24
24
21
18
21
18
21
18
21
18
22
11
220
24
24
24
21
19
21
19
21
19
21
19
22
11
220
24
24
24
21
20
21
20
21
20
21
20
22
11
220
24
24
24
21
21
21
21
21
21
21
21
22
11
220
24
24
24
21
22
21
22
21
22
21
22
22
11
220
24
24
24
21
23
21
23
21
23
21
23
22
11
220
24
24
24
21
24
21
24
21
24
21
24
22
11
220
24
24
24
22
15
22
15
22
15
22
15
23
11
220
24
24
24
22
16
22
16
22
16
22
16
23
11
220
24
24
24
22
17
22
17
22
17
22
17
23
11
220
24
24
24
22
18
22
18
22
18
22
18
23
11
220
24
24
24
22
19
22
19
22
19
22
19
23
11
220
24
24
24
22
20
22
20
22
20
22
20
23
11
220
24
24
24
22
21
22
21
22
21
22
21
23
11
220
24
24
24
22
22
22
22
22
22
22
22
23
11
220
24
24
24
22
23
22
23
22
23
22
23
23
11
220
24
24
24
22
24
22
24
22
24
22
24
23
11
220
24
24
24
23
15
23
15
23
15
23
15
24
11
220
24
24
24
23
16
23
16
23
16
23
16
24
11
220
24
24
24
23
17
23
17
23
17
23
17
24
11
220
24
24
24
23
18
23
18
23
18
23
18
24
11
220
24
24
24
23
19
23
19
23
19
23
19
24
11
220
24
24
24
23
20
23
20
23
20
23
20
24
11
220
24
24
24
23
21
23
21
23
21
23
21
24
11
220
24
24
24
23
22
23
22
23
22
23
22
24
11
220
24
24
24
23
23
23
23
23
23
23
23
24
11
220
24
24
24
23
24
23
24
23
24
23
24
24
11
220
24
24
24
24
15
24
15
24
15
24
16
15
11
220
24
24
24
24
16
24
16
24
16
24
17
15
11
220
24
24
24
24
17
24
17
24
17
24
18
15
11
220
24
24
24
24
18
24
18
24
18
24
19
15
11
220
24
24
24
24
19
24
19
24
19
24
20
15
11
220
24
24
24
24
20
24
20
24
20
24
21
15
11
220
24
24
24
24
21
24
21
24
21
24
22
15
11
220
24
24
24
24
22
24
22
24
22
24
23
15
11
220
24
24
24
24
23
24
23
24
23
24
24
15
11
220
16
15
15
15
15
15
15
15
15
15
15
15
15
2387
606
220
19
24
15
15
15
15
15
15
15
20
15
6987
262
653
3284
1105
440
580
28
16
318
588
1906
791
42304
8
198
262
1992
8871
7
16
15
15
11
220
16
11
220
16
15
15
15
15
15
15
15
15
15
11
498
24
24
24
15
15
15
15
15
15
15
15
16
11
220
24
24
24
15
16
15
16
15
16
15
16
16
11
220
24
24
24
15
17
15
17
15
17
15
17
16
11
220
24
24
24
15
18
15
18
15
18
15
18
16
11
220
24
24
24
15
19
15
19
15
19
15
19
16
11
220
24
24
24
15
20
15
20
15
20
15
20
16
11
220
24
24
24
15
21
15
21
15
21
15
21
16
11
220
24
24
24
15
22
15
22
15
22
15
22
16
11
220
24
24
24
15
23
15
23
15
23
15
23
16
11
220
24
24
24
15
24
15
24
15
24
15
24
16
11
220
24
24
24
16
15
16
15
16
15
16
15
17
11
220
24
24
24
16
16
16
16
16
16
16
16
17
11
220
24
24
24
16
17
16
17
16
17
16
17
17
11
220
24
24
24
16
18
16
18
16
18
16
18
17
11
220
24
24
24
16
19
16
19
16
19
16
19
17
11
220
24
24
24
16
20
16
20
16
20
16
20
17
11
220
24
24
24
16
21
16
21
16
21
16
21
17
11
220
24
24
24
16
22
16
22
16
22
16
22
17
11
220
24
24
24
16
23
16
23
16
23
16
23
17
11
220
24
24
24
16
24
16
24
16
24
16
24
17
11
220
24
24
24
17
15
17
15
17
15
17
15
18
11
220
24
24
24
17
16
17
16
17
16
17
16
18
11
220
24
24
24
17
17
17
17
17
17
17
17
18
11
220
24
24
24
17
18
17
18
17
18
17
18
18
11
220
24
24
24
17
19
17
19
17
19
17
19
18
11
220
24
24
24
17
20
17
20
17
20
17
20
18
11
220
24
24
24
17
21
17
21
17
21
17
21
18
11
220
24
24
24
17
22
17
22
17
22
17
22
18
11
220
24
24
24
17
23
17
23
17
23
17
23
18
11
220
24
24
24
17
24
17
24
17
24
17
24
18
11
220
24
24
24
18
15
18
15
18
15
18
15
19
11
220
24
24
24
18
16
18
16
18
16
18
16
19
11
220
24
24
24
18
17
18
17
18
17
18
17
19
11
220
24
24
24
18
18
18
18
18
18
18
18
19
11
220
24
24
24
18
19
18
19
18
19
18
19
19
11
220
24
24
24
18
20
18
20
18
20
18
20
19
11
220
24
24
24
18
21
18
21
18
21
18
21
19
11
220
24
24
24
18
22
18
22
18
22
18
22
19
11
220
24
24
24
18
23
18
23
18
23
18
23
19
11
220
24
24
24
18
24
18
24
18
24
18
24
19
11
220
24
24
24
19
15
19
15
19
15
19
15
20
11
220
24
24
24
19
16
19
16
19
16
19
16
20
11
220
24
24
24
19
17
19
17
19
17
19
17
20
11
220
24
24
24
19
18
19
18
19
18
19
18
20
11
220
24
24
24
19
19
19
19
19
19
19
19
20
11
220
24
24
24
19
20
19
20
19
20
19
20
20
11
220
24
24
24
19
21
19
21
19
21
19
21
20
11
220
24
24
24
19
22
19
22
19
22
19
22
20
11
220
24
24
24
19
23
19
23
19
23
19
23
20
11
220
24
24
24
19
24
19
24
19
24
19
24
20
11
220
24
24
24
20
15
20
15
20
15
20
15
21
11
220
24
24
24
20
16
20
16
20
16
20
16
21
11
220
24
24
24
20
17
20
17
20
17
20
17
21
11
220
24
24
24
20
18
20
18
20
18
20
18
21
11
220
24
24
24
20
19
20
19
20
19
20
19
21
11
220
24
24
24
20
20
20
20
20
20
20
20
21
11
220
24
24
24
20
21
20
21
20
21
20
21
21
11
220
24
24
24
20
22
20
22
20
22
20
22
21
11
220
24
24
24
20
23
20
23
20
23
20
23
21
11
220
24
24
24
20
24
20
24
20
24
20
24
21
11
220
24
24
24
21
15
21
15
21
15
21
15
22
11
220
24
24
24
21
16
21
16
21
16
21
16
22
11
220
24
24
24
21
17
21
17
21
17
21
17
22
11
220
24
24
24
21
18
21
18
21
18
21
18
22
11
220
24
24
24
21
19
21
19
21
19
21
19
22
11
220
24
24
24
21
20
21
20
21
20
21
20
22
11
220
24
24
24
21
21
21
21
21
21
21
21
22
11
220
24
24
24
21
22
21
22
21
22
21
22
22
11
220
24
24
24
21
23
21
23
21
23
21
23
22
11
220
24
24
24
21
24
21
24
21
24
21
24
22
11
220
24
24
24
22
15
22
15
22
15
22
15
23
11
220
24
24
24
22
16
22
16
22
16
22
16
23
11
220
24
24
24
22
17
22
17
22
17
22
17
23
11
220
24
24
24
22
18
22
18
22
18
22
18
23
11
220
24
24
24
22
19
22
19
22
19
22
19
23
11
220
24
24
24
22
20
22
20
22
20
22
20
23
11
220
24
24
24
22
21
22
21
22
21
22
21
23
11
220
24
24
24
22
22
22
22
22
22
22
22
23
11
220
24
24
24
22
23
22
23
22
23
22
23
23
11
220
24
24
24
22
24
22
24
22
24
22
24
23
11
220
24
24
24
23
15
23
15
23
15
23
15
24
11
220
24
24
24
23
16
23
16
23
16
23
16
24
11
220
24
24
24
23
17
23
17
23
17
23
17
24
11
220
24
24
24
23
18
23
18
23
18
23
18
24
11
220
24
24
24
23
19
23
19
23
19
23
19
24
11
220
24
24
24
23
20
23
20
23
20
23
20
24
11
220
24
24
24
23
21
23
21
23
21
23
21
24
11
220
24
24
24
23
22
23
22
23
22
23
22
24
11
220
24
24
24
23
23
23
23
23
23
23
23
24
11
220
24
24
24
23
24
23
24
23
24
23
24
24
11
220
24
24
24
24
15
24
15
24
15
24
16
15
11
220
24
24
24
24
16
24
16
24
16
24
17
15
11
220
24
24
24
24
17
24
17
24
17
24
18
15
11
220
24
24
24
24
18
24
18
24
18
24
19
15
11
220
24
24
24
24
19
24
19
24
19
24
20
15
11
220
24
24
24
24
20
24
20
24
20
24
21
15
11
220
24
24
24
24
21
24
21
24
21
24
22
15
11
220
24
24
24
24
22
24
22
24
22
24
23
15
11
220
24
24
24
24
23
24
23
24
23
24
24
15
11
220
16
15
15
15
15
15
15
15
15
15
15
15
15
2387
606
220
19
24
15
15
15
15
15
15
15
15
15
20
15
271
2
5272
1716
13741
3188
51757
788
1003
49546
8
310
1542
6813
13
198
71093
248046
198
248045
846
198
7525
3555
4621
4490
279
6813
13
5514
579
279
1412
25
198
6347
1371
318
3444
3110
1562
1483
1590
198
220
2793
34397
37
89
21
34
48
53
21
41
53327
6971
487
1500
220
17
15
22
11
303
361
4211
29
198
262
1716
13741
3188
51757
788
1003
49546
8
198
220
2793
34397
37
89
21
34
48
53
21
41
53327
6971
487
1500
220
16
23
24
11
303
1716
198
262
1992
8871
7
20
11
220
17
11
220
18
11
498
16
11
220
20
11
220
21
11
220
16
15
11
220
16
17
2387
606
220
18
198
1779
6108
59641
59641
59641
59641
59641
59641
59641
59641
59641
59641
61
198
66317
1401
14200
1206
311
40138
11
411
369
678
3274
25
4310
279
2614
709
11618
321
4479
889
11
6999
4072
279
709
7246
321
1440
660
279
6813
13
2972
5683
4045
67305
3067
13209
50
159029
271
2523
1220
14623
279
1970
488
10490
303
264
64504
1970
2424
318
784
9609
31789
318
19458
668
31153
279
3889
5568
8
248046
198
248045
74455
198
248068
271
248069
271
71093
12305
198
1445
18904
1120
1697
1358
727
7776
51757
788
1003
49546
1393
25
514
11
580
25
514
11
830
25
514
11
1906
27430
25
1697
18078
2387
1411
514
25
198
262
4071
15767
307
9861
8826
383
3050
2756
11
1423
279
7776
2702
93451
948
11268
1070
13
198
1031
262
22136
25
198
262
471
2332
1379
580
9861
628
381
26380
3658
303
799
6937
198
262
471
6991
585
318
35166
383
1834
1906
27430
957
2387
628
1132
381
26380
383
466
1238
421
1834
198
262
471
4486
11268
383
1834
264
11
279
1727
42304
628
1132
381
383
1834
264
36641
466
2843
198
262
471
49313
49546
364
1906
585
26380
383
1834
274
369
318
82
471
1906
27430
957
2387
198
1031
262
17167
25
198
285
307
25
5447
314
9861
318
16
2564
307
2564
220
16
15
15
8
198
285
580
25
25749
9861
791
42304
318
16
2564
580
2564
307
8
198
285
830
25
20542
1881
56641
318
16
2564
830
2564
220
16
15
61
24
8
198
285
1906
27430
25
1697
314
307
1906
20791
2756
303
2397
6596
72887
1906
318
16
2564
1906
27430
957
60
2564
220
16
15
61
16
17
8
198
1031
262
5019
25
198
285
561
7776
3102
2702
93451
198
262
4071
198
262
653
11002
957
60
369
264
1103
314
318
4873
788
1003
49546
11
1483
30024
468
16271
8
13139
11
534
47248
310
2426
1132
2397
86542
5134
13
198
262
653
357
1528
318
67
16
11
274
16
8
80018
318
67
17
11
274
17
8
413
293
16
2564
293
17
321
274
16
2564
274
17
318
4058
506
3140
799
7077
30184
11
694
364
82253
198
262
653
567
628
3921
866
1528
421
682
2361
1528
440
293
2564
293
24821
321
274
2564
274
24821
553
198
262
653
11002
58
15
60
283
17294
15
11
220
15
7025
7063
220
15
9861
26380
11
220
15
93451
11
1483
42304
1834
220
15
318
269
13057
471
77258
11
694
220
15
4138
198
262
653
2394
660
1906
2756
2518
220
16
321
830
2518
220
16
11
748
4880
42304
2756
668
381
2518
220
16
553
198
1031
262
11002
283
81592
364
696
303
2020
1393
478
220
16
7025
198
262
11002
58
15
60
283
17294
15
11
220
15
7025
220
653
318
4873
788
1003
49546
11
1483
30024
468
16271
8
198
1031
262
653
4807
26808
8978
35195
364
1906
27430
310
5964
10724
2542
314
1906
27430
303
264
2020
198
262
8978
9858
283
498
15
60
348
318
77
478
220
16
8
198
262
364
585
303
2020
1393
1590
198
285
8978
9858
957
478
220
16
60
283
8978
9858
957
60
478
1906
27430
957
60
198
1031
262
687
2542
7621
27430
3216
11
585
1590
198
285
4071
8917
314
1906
27430
494
1857
492
310
585
12
16
12237
198
285
460
8978
9858
957
60
471
8978
9858
3681
60
198
1031
262
364
585
303
2020
7
16
11
307
478
220
16
1590
198
285
10853
283
2958
198
285
653
561
1483
6937
5435
9861
494
492
310
585
12
16
318
15
20834
290
681
1332
585
12283
2564
492
2564
585
12
16
198
285
364
492
303
2020
8474
7
15
11
585
471
580
681
585
1590
198
309
653
1690
1754
1528
303
11002
3681
60
198
309
364
7624
788
11
7624
625
303
11002
3681
5491
198
388
653
1369
5234
1834
364
411
6937
1902
381
2518
1906
27430
957
12
16
60
318
18763
1906
303
6937
8
198
388
653
321
2518
7624
625
478
830
198
388
274
283
1866
18797
27430
957
471
220
16
1089
7624
625
478
830
8
198
388
653
49313
49546
3568
25
2542
314
318
82
471
1906
27430
11722
2387
364
295
303
492
486
72
12
16
198
388
653
283
318
72
471
492
8
348
274
471
2542
18797
27430
11722
60
364
295
303
492
486
72
12
16
8
198
388
6937
9858
283
2542
7621
27430
3216
11
585
8
198
388
3568
283
318
72
471
492
8
348
274
471
6937
9858
198
388
491
788
283
7624
788
478
3568
198
388
10853
1989
1148
902
788
11
274
578
198
1726
285
413
524
10853
25
198
309
11002
957
60
283
2958
198
309
2962
8675
285
653
2264
2792
10853
25
3921
28731
5134
13
198
285
653
15495
539
93451
34217
11
1179
539
42304
1834
34217
13
198
285
10853
10299
4702
26612
280
25
318
79
58
15
1089
280
58
16
9087
198
1726
285
534
47248
283
2958
198
285
1262
625
283
2153
482
13180
837
198
285
364
293
11
274
303
10853
25
198
309
653
1368
274
361
1262
625
11
411
1528
369
524
28731
539
866
3555
1528
303
279
10300
1103
198
309
653
1521
3555
5134
599
293
6
2564
293
318
22906
310
27355
8
321
274
6
2518
1262
625
2518
274
1000
2977
198
309
653
293
6
2564
293
321
274
6
2518
274
11
864
3070
914
39390
318
67
11
274
8
7014
274
6
2564
274
13
198
309
653
32645
11
2394
567
10300
539
293
34217
11
660
3555
5134
599
293
6
2564
293
13
198
309
653
357
3555
1528
318
67
504
274
837
80018
318
67
11
274
8
413
293
6
2564
293
321
274
6
2564
274
13
198
309
653
8439
293
6
2564
293
369
2582
804
11
567
1066
1144
310
1716
413
274
6
2564
274
13
198
309
653
1368
1262
625
2564
274
11
1179
1017
6513
264
3555
1528
440
293
6
2564
293
321
274
6
283
1262
625
2564
274
11
748
318
67
504
274
837
80018
318
67
11
274
553
198
309
653
1987
567
1132
2426
5134
1332
274
361
1262
625
13
198
309
413
274
361
1262
625
25
198
388
534
47248
1989
1148
67
11
274
578
198
388
1262
625
283
274
8675
285
11002
957
60
283
534
47248
6987
262
653
561
4087
369
279
7776
93451
4082
660
5134
303
11002
7426
60
198
262
413
524
11002
7426
5491
198
285
460
220
15
198
262
460
1262
1446
364
293
11
274
303
11002
7426
2387
1358
727
1716
69574
1590
198
262
653
3284
4886
494
279
3377
198
262
1992
8871
7
20
11
220
17
11
220
18
11
498
16
11
220
20
11
220
21
11
220
16
15
11
220
16
17
2387
606
220
18
198
262
1992
8871
7
16
11
220
16
11
220
16
15
15
15
15
15
15
15
15
15
11
498
16
15
15
15
15
15
15
15
15
15
15
15
15
2387
606
220
15
198
262
1992
8871
7
16
20
11
220
19
11
220
20
11
498
16
11
220
18
11
220
18
11
220
21
11
220
21
11
220
21
11
220
16
15
11
220
16
15
11
220
16
15
11
220
16
15
11
220
16
20
11
220
16
20
11
220
16
20
11
220
16
20
11
220
16
20
2387
606
220
18
20
6987
262
653
22484
1228
4886
198
262
1992
8871
7
17
11
220
17
11
220
16
20
16
22
11
498
16
21
24
22
11
220
16
23
21
24
2387
606
220
16
22
17
198
262
1992
8871
7
16
15
11
220
16
11
220
17
11
498
16
11
220
16
11
220
17
11
220
18
11
220
19
11
220
20
11
220
20
11
220
20
11
220
20
11
220
21
2387
606
220
21
18
198
262
1992
8871
7
16
11
220
16
11
220
20
23
19
20
20
23
22
22
21
11
498
16
16
17
21
15
20
17
17
24
18
2387
606
220
15
198
262
1992
8871
7
16
11
220
16
11
220
16
11
498
16
2387
606
220
15
6987
262
653
3284
1105
440
580
21076
318
528
9861
303
799
42304
8
198
262
1992
8871
7
16
15
15
11
220
16
15
15
11
220
16
15
15
15
15
15
15
15
15
15
11
498
24
24
24
15
15
15
15
15
15
15
15
16
11
220
24
24
24
15
16
15
16
15
16
15
16
16
11
220
24
24
24
15
17
15
17
15
17
15
17
16
11
220
24
24
24
15
18
15
18
15
18
15
18
16
11
220
24
24
24
15
19
15
19
15
19
15
19
16
11
220
24
24
24
15
20
15
20
15
20
15
20
16
11
220
24
24
24
15
21
15
21
15
21
15
21
16
11
220
24
24
24
15
22
15
22
15
22
15
22
16
11
220
24
24
24
15
23
15
23
15
23
15
23
16
11
220
24
24
24
15
24
15
24
15
24
15
24
16
11
220
24
24
24
16
15
16
15
16
15
16
15
17
11
220
24
24
24
16
16
16
16
16
16
16
16
17
11
220
24
24
24
16
17
16
17
16
17
16
17
17
11
220
24
24
24
16
18
16
18
16
18
16
18
17
11
220
24
24
24
16
19
16
19
16
19
16
19
17
11
220
24
24
24
16
20
16
20
16
20
16
20
17
11
220
24
24
24
16
21
16
21
16
21
16
21
17
11
220
24
24
24
16
22
16
22
16
22
16
22
17
11
220
24
24
24
16
23
16
23
16
23
16
23
17
11
220
24
24
24
16
24
16
24
16
24
16
24
17
11
220
24
24
24
17
15
17
15
17
15
17
15
18
11
220
24
24
24
17
16
17
16
17
16
17
16
18
11
220
24
24
24
17
17
17
17
17
17
17
17
18
11
220
24
24
24
17
18
17
18
17
18
17
18
18
11
220
24
24
24
17
19
17
19
17
19
17
19
18
11
220
24
24
24
17
20
17
20
17
20
17
20
18
11
220
24
24
24
17
21
17
21
17
21
17
21
18
11
220
24
24
24
17
22
17
22
17
22
17
22
18
11
220
24
24
24
17
23
17
23
17
23
17
23
18
11
220
24
24
24
17
24
17
24
17
24
17
24
18
11
220
24
24
24
18
15
18
15
18
15
18
15
19
11
220
24
24
24
18
16
18
16
18
16
18
16
19
11
220
24
24
24
18
17
18
17
18
17
18
17
19
11
220
24
24
24
18
18
18
18
18
18
18
18
19
11
220
24
24
24
18
19
18
19
18
19
18
19
19
11
220
24
24
24
18
20
18
20
18
20
18
20
19
11
220
24
24
24
18
21
18
21
18
21
18
21
19
11
220
24
24
24
18
22
18
22
18
22
18
22
19
11
220
24
24
24
18
23
18
23
18
23
18
23
19
11
220
24
24
24
18
24
18
24
18
24
18
24
19
11
220
24
24
24
19
15
19
15
19
15
19
15
20
11
220
24
24
24
19
16
19
16
19
16
19
16
20
11
220
24
24
24
19
17
19
17
19
17
19
17
20
11
220
24
24
24
19
18
19
18
19
18
19
18
20
11
220
24
24
24
19
19
19
19
19
19
19
19
20
11
220
24
24
24
19
20
19
20
19
20
19
20
20
11
220
24
24
24
19
21
19
21
19
21
19
21
20
11
220
24
24
24
19
22
19
22
19
22
19
22
20
11
220
24
24
24
19
23
19
23
19
23
19
23
20
11
220
24
24
24
19
24
19
24
19
24
19
24
20
11
220
24
24
24
20
15
20
15
20
15
20
15
21
11
220
24
24
24
20
16
20
16
20
16
20
16
21
11
220
24
24
24
20
17
20
17
20
17
20
17
21
11
220
24
24
24
20
18
20
18
20
18
20
18
21
11
220
24
24
24
20
19
20
19
20
19
20
19
21
11
220
24
24
24
20
20
20
20
20
20
20
20
21
11
220
24
24
24
20
21
20
21
20
21
20
21
21
11
220
24
24
24
20
22
20
22
20
22
20
22
21
11
220
24
24
24
20
23
20
23
20
23
20
23
21
11
220
24
24
24
20
24
20
24
20
24
20
24
21
11
220
24
24
24
21
15
21
15
21
15
21
15
22
11
220
24
24
24
21
16
21
16
21
16
21
16
22
11
220
24
24
24
21
17
21
17
21
17
21
17
22
11
220
24
24
24
21
18
21
18
21
18
21
18
22
11
220
24
24
24
21
19
21
19
21
19
21
19
22
11
220
24
24
24
21
20
21
20
21
20
21
20
22
11
220
24
24
24
21
21
21
21
21
21
21
21
22
11
220
24
24
24
21
22
21
22
21
22
21
22
22
11
220
24
24
24
21
23
21
23
21
23
21
23
22
11
220
24
24
24
21
24
21
24
21
24
21
24
22
11
220
24
24
24
22
15
22
15
22
15
22
15
23
11
220
24
24
24
22
16
22
16
22
16
22
16
23
11
220
24
24
24
22
17
22
17
22
17
22
17
23
11
220
24
24
24
22
18
22
18
22
18
22
18
23
11
220
24
24
24
22
19
22
19
22
19
22
19
23
11
220
24
24
24
22
20
22
20
22
20
22
20
23
11
220
24
24
24
22
21
22
21
22
21
22
21
23
11
220
24
24
24
22
22
22
22
22
22
22
22
23
11
220
24
24
24
22
23
22
23
22
23
22
23
23
11
220
24
24
24
22
24
22
24
22
24
22
24
23
11
220
24
24
24
23
15
23
15
23
15
23
15
24
11
220
24
24
24
23
16
23
16
23
16
23
16
24
11
220
24
24
24
23
17
23
17
23
17
23
17
24
11
220
24
24
24
23
18
23
18
23
18
23
18
24
11
220
24
24
24
23
19
23
19
23
19
23
19
24
11
220
24
24
24
23
20
23
20
23
20
23
20
24
11
220
24
24
24
23
21
23
21
23
21
23
21
24
11
220
24
24
24
23
22
23
22
23
22
23
22
24
11
220
24
24
24
23
23
23
23
23
23
23
23
24
11
220
24
24
24
23
24
23
24
23
24
23
24
24
11
220
24
24
24
24
15
24
15
24
15
24
16
15
11
220
24
24
24
24
16
24
16
24
16
24
17
15
11
220
24
24
24
24
17
24
17
24
17
24
18
15
11
220
24
24
24
24
18
24
18
24
18
24
19
15
11
220
24
24
24
24
19
24
19
24
19
24
20
15
11
220
24
24
24
24
20
24
20
24
20
24
21
15
11
220
24
24
24
24
21
24
21
24
21
24
22
15
11
220
24
24
24
24
22
24
22
24
22
24
23
15
11
220
24
24
24
24
23
24
23
24
23
24
24
15
11
220
16
15
15
15
15
15
15
15
15
15
15
15
15
2387
606
220
19
24
15
15
15
15
15
15
15
20
15
6987
262
653
3284
1105
440
580
28
16
318
588
1906
791
42304
8
198
262
1992
8871
7
16
15
15
11
220
16
11
220
16
15
15
15
15
15
15
15
15
15
11
498
24
24
24
15
15
15
15
15
15
15
15
16
11
220
24
24
24
15
16
15
16
15
16
15
16
16
11
220
24
24
24
15
17
15
17
15
17
15
17
16
11
220
24
24
24
15
18
15
18
15
18
15
18
16
11
220
24
24
24
15
19
15
19
15
19
15
19
16
11
220
24
24
24
15
20
15
20
15
20
15
20
16
11
220
24
24
24
15
21
15
21
15
21
15
21
16
11
220
24
24
24
15
22
15
22
15
22
15
22
16
11
220
24
24
24
15
23
15
23
15
23
15
23
16
11
220
24
24
24
15
24
15
24
15
24
15
24
16
11
220
24
24
24
16
15
16
15
16
15
16
15
17
11
220
24
24
24
16
16
16
16
16
16
16
16
17
11
220
24
24
24
16
17
16
17
16
17
16
17
17
11
220
24
24
24
16
18
16
18
16
18
16
18
17
11
220
24
24
24
16
19
16
19
16
19
16
19
17
11
220
24
24
24
16
20
16
20
16
20
16
20
17
11
220
24
24
24
16
21
16
21
16
21
16
21
17
11
220
24
24
24
16
22
16
22
16
22
16
22
17
11
220
24
24
24
16
23
16
23
16
23
16
23
17
11
220
24
24
24
16
24
16
24
16
24
16
24
17
11
220
24
24
24
17
15
17
15
17
15
17
15
18
11
220
24
24
24
17
16
17
16
17
16
17
16
18
11
220
24
24
24
17
17
17
17
17
17
17
17
18
11
220
24
24
24
17
18
17
18
17
18
17
18
18
11
220
24
24
24
17
19
17
19
17
19
17
19
18
11
220
24
24
24
17
20
17
20
17
20
17
20
18
11
220
24
24
24
17
21
17
21
17
21
17
21
18
11
220
24
24
24
17
22
17
22
17
22
17
22
18
11
220
24
24
24
17
23
17
23
17
23
17
23
18
11
220
24
24
24
17
24
17
24
17
24
17
24
18
11
220
24
24
24
18
15
18
15
18
15
18
15
19
11
220
24
24
24
18
16
18
16
18
16
18
16
19
11
220
24
24
24
18
17
18
17
18
17
18
17
19
11
220
24
24
24
18
18
18
18
18
18
18
18
19
11
220
24
24
24
18
19
18
19
18
19
18
19
19
11
220
24
24
24
18
20
18
20
18
20
18
20
19
11
220
24
24
24
18
21
18
21
18
21
18
21
19
11
220
24
24
24
18
22
18
22
18
22
18
22
19
11
220
24
24
24
18
23
18
23
18
23
18
23
19
11
220
24
24
24
18
24
18
24
18
24
18
24
19
11
220
24
24
24
19
15
19
15
19
15
19
15
20
11
220
24
24
24
19
16
19
16
19
16
19
16
20
11
220
24
24
24
19
17
19
17
19
17
19
17
20
11
220
24
24
24
19
18
19
18
19
18
19
18
20
11
220
24
24
24
19
19
19
19
19
19
19
19
20
11
220
24
24
24
19
20
19
20
19
20
19
20
20
11
220
24
24
24
19
21
19
21
19
21
19
21
20
11
220
24
24
24
19
22
19
22
19
22
19
22
20
11
220
24
24
24
19
23
19
23
19
23
19
23
20
11
220
24
24
24
19
24
19
24
19
24
19
24
20
11
220
24
24
24
20
15
20
15
20
15
20
15
21
11
220
24
24
24
20
16
20
16
20
16
20
16
21
11
220
24
24
24
20
17
20
17
20
17
20
17
21
11
220
24
24
24
20
18
20
18
20
18
20
18
21
11
220
24
24
24
20
19
20
19
20
19
20
19
21
11
220
24
24
24
20
20
20
20
20
20
20
20
21
11
220
24
24
24
20
21
20
21
20
21
20
21
21
11
220
24
24
24
20
22
20
22
20
22
20
22
21
11
220
24
24
24
20
23
20
23
20
23
20
23
21
11
220
24
24
24
20
24
20
24
20
24
20
24
21
11
220
24
24
24
21
15
21
15
21
15
21
15
22
11
220
24
24
24
21
16
21
16
21
16
21
16
22
11
220
24
24
24
21
17
21
17
21
17
21
17
22
11
220
24
24
24
21
18
21
18
21
18
21
18
22
11
220
24
24
24
21
19
21
19
21
19
21
19
22
11
220
24
24
24
21
20
21
20
21
20
21
20
22
11
220
24
24
24
21
21
21
21
21
21
21
21
22
11
220
24
24
24
21
22
21
22
21
22
21
22
22
11
220
24
24
24
21
23
21
23
21
23
21
23
22
11
220
24
24
24
21
24
21
24
21
24
21
24
22
11
220
24
24
24
22
15
22
15
22
15
22
15
23
11
220
24
24
24
22
16
22
16
22
16
22
16
23
11
220
24
24
24
22
17
22
17
22
17
22
17
23
11
220
24
24
24
22
18
22
18
22
18
22
18
23
11
220
24
24
24
22
19
22
19
22
19
22
19
23
11
220
24
24
24
22
20
22
20
22
20
22
20
23
11
220
24
24
24
22
21
22
21
22
21
22
21
23
11
220
24
24
24
22
22
22
22
22
22
22
22
23
11
220
24
24
24
22
23
22
23
22
23
22
23
23
11
220
24
24
24
22
24
22
24
22
24
22
24
23
11
220
24
24
24
23
15
23
15
23
15
23
15
24
11
220
24
24
24
23
16
23
16
23
16
23
16
24
11
220
24
24
24
23
17
23
17
23
17
23
17
24
11
220
24
24
24
23
18
23
18
23
18
23
18
24
11
220
24
24
24
23
19
23
19
23
19
23
19
24
11
220
24
24
24
23
20
23
20
23
20
23
20
24
11
220
24
24
24
23
21
23
21
23
21
23
21
24
11
220
24
24
24
23
22
23
22
23
22
23
22
24
11
220
24
24
24
23
23
23
23
23
23
23
23
24
11
220
24
24
24
23
24
23
24
23
24
23
24
24
11
220
24
24
24
24
15
24
15
24
15
24
16
15
11
220
24
24
24
24
16
24
16
24
16
24
17
15
11
220
24
24
24
24
17
24
17
24
17
24
18
15
11
220
24
24
24
24
18
24
18
24
18
24
19
15
11
220
24
24
24
24
19
24
19
24
19
24
20
15
11
220
24
24
24
24
20
24
20
24
20
24
21
15
11
220
24
24
24
24
21
24
21
24
21
24
22
15
11
220
24
24
24
24
22
24
22
24
22
24
23
15
11
220
24
24
24
24
23
24
23
24
23
24
24
15
11
220
16
15
15
15
15
15
15
15
15
15
15
15
15
2387
606
220
19
24
15
15
15
15
15
15
15
15
15
20
15
271
2
5272
1716
13741
3188
51757
788
1003
49546
8
310
1542
6813
13
198
71093
248046
198