248045
846
198
4274
279
2614
709
11618
321
4479
889
11
6999
4072
279
709
7246
321
1440
660
279
6813
13
2972
5683
4045
67305
3067
13209
50
159029
271
2523
1220
14623
279
1970
488
10490
303
264
64504
1970
2424
318
784
9609
31789
318
19458
668
31153
279
3889
5568
8
271
71093
198
727
1866
95667
6406
11331
15476
1104
25
592
11
580
25
514
8
1411
514
25
198
262
4071
15767
264
886
274
321
449
7308
580
11
7995
279
6966
1324
314
45127
3102
198
262
1238
44007
9722
506
1379
799
3542
303
274
310
2361
40657
6321
13
198
1031
262
561
16168
286
1817
4138
430
10695
25
198
262
471
21513
279
21354
8978
314
274
8222
506
1379
580
12103
5587
198
262
471
10466
411
8978
318
1767
286
430
799
16168
8
198
262
471
43311
2980
274
369
4147
6987
262
17167
25
198
285
274
25
357
886
29607
314
40657
6163
11592
318
16
2564
2343
1104
8
2564
220
16
15
61
19
8
198
285
580
25
25749
1324
314
12103
5587
5252
303
1754
16168
318
16
2564
580
2564
220
17
21
8
198
1031
262
5019
25
198
285
561
6966
1324
314
45127
85116
1238
7314
722
9722
506
1379
799
3542
6987
262
11765
1866
95667
6406
11331
15476
482
565
23668
504
220
17
8
198
262
220
18
198
262
11765
1866
95667
6406
11331
15476
482
64
11663
365
504
220
18
8
198
262
220
16
198
262
11765
1866
95667
6406
11331
15476
482
87
27912
504
220
16
8
198
262
220
19
198
262
4071
271
727
1716
69574
1590
198
262
653
3284
4886
494
9989
198
262
1992
8871
482
565
23668
504
220
17
8
606
220
18
198
262
1992
8871
482
64
11663
365
504
220
18
8
606
220
16
198
262
1992
8871
482
87
27912
504
220
16
8
606
220
19
6987
262
653
22484
1228
4886
198
262
1992
8871
482
13290
442
504
220
20
8
606
220
16
198
262
1992
8871
482
27528
5137
504
220
17
8
606
220
16
198
262
1992
8871
482
86
42419
74869
504
220
20
8
606
220
18
198
262
1992
8871
482
68
823
10090
20344
504
220
16
8
606
220
23
198
262
1992
8871
482
26985
25736
46738
504
220
18
8
606
220
18
198
262
1992
8871
482
33811
73
46751
342
80
504
220
20
8
606
220
17
198
262
1992
8871
482
68
331
231416
13336
9348
504
220
22
8
606
220
17
198
262
1992
8871
482
66
9415
89
7107
6995
12741
504
220
18
8
606
220
19
198
262
1992
8871
482
34445
22287
13290
87
38764
504
220
16
8
606
220
16
15
271
2
5272
1716
8474
95667
6406
11331
15476
8
310
1542
6813
13
198
71093
248046
198
248045
74455
198
71093
12305
198
727
1866
95667
6406
11331
15476
1104
25
592
11
580
25
514
8
1411
514
25
198
262
4071
15767
264
886
274
321
449
7308
580
11
7995
279
6966
1324
314
45127
3102
198
262
1238
44007
9722
506
1379
799
3542
303
274
310
2361
40657
6321
13
198
1031
262
561
16168
286
1817
4138
430
10695
25
198
262
471
21513
279
21354
8978
314
274
8222
506
1379
580
12103
5587
198
262
471
10466
411
8978
318
1767
286
430
799
16168
8
198
262
471
43311
2980
274
369
4147
6987
262
17167
25
198
285
274
25
357
886
29607
314
40657
6163
11592
318
16
2564
2343
1104
8
2564
220
16
15
61
19
8
198
285
580
25
25749
1324
314
12103
5587
5252
303
1754
16168
318
16
2564
580
2564
220
17
21
8
198
1031
262
5019
25
198
285
561
6966
1324
314
45127
85116
1238
7314
722
9722
506
1379
799
3542
6987
262
11765
1866
95667
6406
11331
15476
482
565
23668
504
220
17
8
198
262
220
18
198
262
11765
1866
95667
6406
11331
15476
482
64
11663
365
504
220
18
8
198
262
220
16
198
262
11765
1866
95667
6406
11331
15476
482
87
27912
504
220
16
8
198
262
220
19
198
262
4071
198
1031
262
687
12204
95667
1117
25
592
11
580
25
514
8
1411
514
25
198
285
4071
44712
279
1324
314
45127
364
886
259
440
20908
580
71483
198
285
413
524
259
25
198
309
460
220
15
198
285
1698
283
220
15
198
285
585
283
220
15
198
285
307
283
2343
1117
8
198
285
1345
585
361
307
25
198
309
653
7145
279
21354
8978
5732
506
585
440
506
1379
580
12103
5587
198
309
12103
283
716
363
198
309
492
283
585
198
309
1345
492
361
307
25
198
388
12103
1316
1117
3681
2387
198
388
413
2343
34973
7554
8
835
580
25
198
493
492
5794
220
16
198
493
1387
198
388
492
1373
220
16
198
309
653
52790
494
585
310
492
318
94964
8
198
309
1698
1373
220
16
198
309
585
283
492
478
220
16
198
285
460
1698
6987
262
307
283
2343
1104
8
198
1031
262
653
5339
11
12204
279
1324
314
45127
1973
866
2222
198
262
1786
283
12204
95667
1104
11
580
8
198
1031
262
653
9446
9722
1754
3542
310
1396
3102
40657
6321
198
262
653
1921
421
579
220
17
21
348
220
16
15
61
19
283
220
17
21
15
11
15
15
15
864
369
67657
198
262
653
1690
1754
2234
11
1380
9722
310
1754
314
220
17
21
11592
6987
262
653
4213
11
567
628
381
44926
13
48483
264
3542
506
2234
585
20843
279
45127
198
262
653
421
2830
2234
585
13
6558
579
1683
883
424
20648
13
198
1031
262
653
1690
14588
11
1042
579
1066
1380
9722
1754
3542
310
1010
18021
11592
13
198
262
653
32645
11
1042
579
1066
61934
5176
424
2394
307
2564
220
16
15
61
19
321
220
17
21
348
220
16
15
61
19
283
220
17
21
15
11
15
15
15
6526
11
198
262
653
1754
1562
369
496
1393
681
748
2702
1362
381
220
17
13
21
348
220
16
15
61
24
864
2493
381
2166
6103
13
198
1031
262
653
6558
728
1683
314
264
2577
5313
13
198
1031
262
653
32645
11
279
1328
19407
369
25
567
1132
1144
310
1380
9722
264
3542
310
1236
424
198
262
653
10562
440
23194
5587
466
6507
45127
303
264
22957
1560
13
198
1031
262
653
6558
728
1380
264
2086
5313
25
364
1754
2234
11
1380
9722
424
310
1754
3542
198
262
653
421
2582
6513
13643
11
5346
13188
491
5981
13
1921
411
369
6150
13
198
1031
262
653
6558
728
1066
4072
264
777
10727
2243
13
695
262
653
32645
11
1042
728
1380
9722
1754
2234
310
1754
314
220
17
21
11592
694
28476
13
198
1031
262
653
1690
307
28
16
15
61
19
321
220
17
21
11592
11
421
579
220
17
21
15
11
15
15
15
44937
1754
496
1393
8
283
220
17
13
21
348
220
16
15
61
24
7289
13
198
262
653
1061
2493
381
2166
6103
303
12654
13
6558
728
1683
314
78379
13
198
1031
262
653
39752
25
1690
1754
2234
11
567
1132
1144
310
1380
9722
424
310
5587
421
513
198
262
653
2582
303
279
886
11
466
310
5587
421
1000
1438
10562
45127
13
6558
728
1380
198
262
653
9722
1754
2234
310
1754
4752
3542
303
279
886
5346
264
2342
3672
13
198
1031
262
653
6558
728
1380
264
24197
25
1380
874
2222
11
321
364
1754
2234
11
1380
9722
310
1754
198
262
653
3542
421
7701
303
274
11
321
1048
1380
9722
310
5587
23194
303
279
198
262
653
16168
18169
2193
13
198
1031
262
653
32645
11
1042
728
1066
1380
279
61934
5176
694
440
1010
82253
13
1368
567
615
264
1067
198
262
653
421
579
11602
2577
11
567
628
2842
13
1921
567
1144
310
1423
279
6966
13
198
1031
262
653
6558
728
1380
449
5313
1332
364
1754
2234
585
11
567
1380
9722
274
957
60
310
1754
314
198
262
653
279
220
17
21
11592
11
694
567
628
10390
1010
13
6558
579
1066
4072
424
321
1436
413
424
15734
13
198
1031
262
653
1946
28476
11
5020
421
9722
274
957
60
310
274
957
60
3070
914
2222
3977
13
198
262
653
7054
11
1599
4203
2677
914
7042
279
1067
13
198
1031
262
4752
36180
283
716
1104
8
198
262
660
29435
283
498
16297
76880
482
64
837
478
585
8
364
585
303
2020
7
17
21
7025
198
1031
262
364
585
303
2020
1393
1590
198
285
3889
8959
283
274
957
60
198
285
364
272
303
660
29435
25
198
309
413
272
606
3889
8959
25
198
388
2962
198
309
653
4091
491
886
440
274
957
60
5324
310
272
198
309
653
1061
369
496
1393
8
791
2222
11
321
567
599
307
348
220
17
20
4203
283
220
17
20
348
307
198
309
653
8618
12204
95667
369
496
1393
681
748
2702
369
496
7
17
20
348
307
61
17
8
283
220
17
20
348
220
16
15
61
23
283
220
17
13
20
348
220
16
15
61
24
198
309
653
1061
369
2166
6103
13
198
309
1440
6987
262
653
6558
728
1683
777
15060
13
1165
1144
264
44926
5313
13
198
1031
262
653
5141
19407
25
561
16168
286
369
54102
13
561
1118
16168
4829
279
21354
8978
198
262
653
440
506
1379
580
12103
22283
13
561
5576
314
864
3542
310
2222
321
310
1092
198
262
653
20843
1332
16168
22005
4255
13
198
1031
262
653
6558
728
1380
264
2086
8024
25
12204
279
16168
22005
1973
866
2222
11
198
262
653
1179
2814
1204
9722
264
3542
3043
264
18169
628
10562
466
6507
45127
13
198
1031
262
653
32645
11
1042
728
1380
9722
1132
506
18169
9599
11
2394
1782
513
279
1379
198
262
653
4222
310
7556
279
16168
1698
13
198
1031
262
653
5339
11
12204
279
16168
22005
198
262
687
12204
18857
5262
1117
25
592
11
580
25
514
8
1411
1103
25
198
285
4071
5423
1103
314
809
14505
318
86055
8
314
1754
16168
71483
198
285
413
524
259
25
198
309
460
498
15
60
198
285
22005
283
2958
198
285
585
283
220
15
198
285
307
283
2343
1117
8
198
285
1345
585
361
307
25
198
309
12103
283
716
363
198
309
492
283
585
198
309
1345
492
361
307
25
198
388
12103
1316
1117
3681
2387
198
388
413
2343
34973
7554
8
835
580
25
198
493
492
5794
220
16
198
493
1387
198
388
492
1373
220
16
198
309
22005
1989
3216
478
220
16
8
198
309
585
283
492
478
220
16
198
285
460
22005
6987
262
653
21902
3889
22005
198
262
2626
18857
5262
283
12204
18857
5262
1104
11
580
8
198
262
2626
3079
283
2343
52993
18857
5262
8
471
220
16
220
653
5447
314
45127
6987
262
653
9446
9722
1754
3542
13
1946
28476
11
1042
579
1380
9722
1754
3542
310
198
262
653
1754
4752
3542
303
279
886
11
864
369
506
1379
1262
7
17
21
11
307
8
4752
22283
13
198
1031
262
653
1690
9599
3043
22005
11
279
2222
369
777
4222
310
7556
279
1067
13
198
262
653
6558
579
1380
660
9599
694
3798
279
5587
6470
13
198
1031
262
364
585
303
2020
1393
1590
198
285
3889
8959
283
274
957
60
198
285
653
9446
9722
310
1754
4752
3542
303
274
198
285
22283
2270
51493
283
4752
36180
11883
363
198
285
653
7054
884
359
64
6
1472
359
89
6
413
4752
22283
513
16253
1056
220
17
21
198
285
413
2343
51648
36180
8
361
220
17
21
25
198
309
364
272
303
660
29435
25
198
388
413
272
524
303
22283
2270
51493
25
198
493
22283
2270
51493
1316
1290
8
198
1726
285
364
272
303
22283
2270
51493
25
198
309
413
272
606
3889
8959
25
198
388
2962
198
309
653
7606
491
886
198
309
491
625
283
274
3337
72
60
478
272
478
274
957
10
16
27365
198
309
1698
283
12204
95667
1693
625
11
580
8
198
309
413
1698
835
1786
25
198
388
1786
283
1698
6987
262
460
1786
198
71093
248046
198
248045
846
198
7525
3555
4621
4490
279
6813
13
5514
579
279
1412
25
198
6347
1371
318
3444
3110
1562
1483
1590
198
220
2793
34397
32
21
86
15137
18
80
41
26777
6971
487
1500
220
17
16
17
11
303
361
4211
29
198
262
1716
8474
95667
6406
11331
15476
8
198
220
2793
34397
32
21
86
15137
18
80
41
26777
6971
487
1500
220
18
19
11
303
1716
198
262
1992
8871
482
86
42419
74869
504
220
20
8
606
220
18
198
1779
6108
59641
59641
59641
59641
59641
59641
21203
198
66317
1401
14200
1206
311
40138
11
411
369
678
3274
25
4310
279
2614
709
11618
321
4479
889
11
6999
4072
279
709
7246
321
1440
660
279
6813
13
2972
5683
4045
67305
3067
13209
50
159029
271
2523
1220
14623
279
1970
488
10490
303
264
64504
1970
2424
318
784
9609
31789
318
19458
668
31153
279
3889
5568
8
248046
198
248045
74455
198
248068
271
248069
271
71093
12305
198
727
1866
95667
6406
11331
15476
1104
25
592
11
580
25
514
8
1411
514
25
198
262
4071
15767
264
886
274
321
449
7308
580
11
7995
279
6966
1324
314
45127
3102
198
262
1238
44007
9722
506
1379
799
3542
303
274
310
2361
40657
6321
13
198
1031
262
561
16168
286
1817
4138
430
10695
25
198
262
471
21513
279
21354
8978
314
274
8222
506
1379
580
12103
5587
198
262
471
10466
411
8978
318
1767
286
430
799
16168
8
198
262
471
43311
2980
274
369
4147
6987
262
17167
25
198
285
274
25
357
886
29607
314
40657
6163
11592
318
16
2564
2343
1104
8
2564
220
16
15
61
19
8
198
285
580
25
25749
1324
314
12103
5587
5252
303
1754
16168
318
16
2564
580
2564
220
17
21
8
198
1031
262
5019
25
198
285
561
6966
1324
314
45127
85116
1238
7314
722
9722
506
1379
799
3542
6987
262
11765
1866
95667
6406
11331
15476
482
565
23668
504
220
17
8
198
262
220
18
198
262
11765
1866
95667
6406
11331
15476
482
64
11663
365
504
220
18
8
198
262
220
16
198
262
11765
1866
95667
6406
11331
15476
482
87
27912
504
220
16
8
198
262
220
19
198
262
4071
198
1031
262
687
12204
95667
1117
25
592
11
580
25
514
8
1411
514
25
198
285
4071
44712
279
1324
314
45127
364
886
259
440
20908
580
71483
198
285
413
524
259
25
198
309
460
220
15
198
285
1698
283
220
15
198
285
585
283
220
15
198
285
307
283
2343
1117
8
198
285
1345
585
361
307
25
198
309
653
7145
279
21354
8978
5732
506
585
440
506
1379
580
12103
5587
198
309
12103
283
716
363
198
309
492
283
585
198
309
1345
492
361
307
25
198
388
12103
1316
1117
3681
2387
198
388
413
2343
34973
7554
8
835
580
25
198
493
492
5794
220
16
198
493
1387
198
388
492
1373
220
16
198
309
653
52790
494
585
310
492
318
94964
8
198
309
1698
1373
220
16
198
309
585
283
492
478
220
16
198
285
460
1698
6987
262
307
283
2343
1104
8
198
1031
262
653
5339
11
12204
279
1324
314
45127
1973
866
2222
198
262
1786
283
12204
95667
1104
11
580
8
198
1031
262
653
9446
9722
1754
3542
310
1754
314
279
220
17
21
40657
11592
198
262
653
1690
14588
11
567
628
10390
9722
310
279
1788
3542
198
262
660
29435
283
498
16297
76880
482
64
837
478
585
8
364
585
303
2020
7
17
21
7025
198
1031
262
364
585
303
2020
1393
1590
198
285
3889
8959
283
274
957
60
198
285
364
272
303
660
29435
25
198
309
413
272
606
3889
8959
25
198
388
2962
198
309
653
4091
491
886
440
274
957
60
5324
310
272
198
309
653
11747
1103
364
24983
886
7832
198
309
22283
283
1103
1104
8
198
309
22283
957
60
283
272
198
309
491
625
283
41445
5799
73598
8
198
309
1698
283
12204
95667
1693
625
11
580
8
198
309
413
1698
835
1786
25
198
388
1786
283
1698
6987
262
460
1786
198
71093
248046
198