248045
846
198
4274
279
2614
709
11618
321
4479
889
11
6999
4072
279
709
7246
321
1440
660
279
6813
13
2972
5683
4045
67305
3067
13209
50
159029
271
2523
1220
14623
279
1970
488
10490
303
264
64504
1970
2424
318
784
9609
31789
318
19458
668
31153
279
3889
5568
8
271
71093
198
1445
18904
1120
1697
1358
727
1698
5062
15057
35226
20449
25
1697
18078
2387
1411
514
25
198
262
4071
7145
279
1324
314
13139
314
2397
38127
12708
2303
318
12877
16
11
12609
17
8
314
10001
421
25705
25
198
262
220
16
13
561
12708
2303
12609
16
321
12609
17
513
81859
318
2083
1857
314
10001
369
4047
1881
1070
8
198
262
220
17
13
561
469
6281
314
279
5255
314
12609
16
369
5951
310
279
469
6281
314
279
5255
314
12609
17
6987
262
3301
279
2702
1324
314
1680
13139
57844
220
16
15
61
24
478
220
22
13
198
1031
262
17167
25
198
285
10001
25
1473
7308
1287
1332
220
16
2564
2343
20449
8
2564
220
17
15
15
321
220
16
2564
10001
957
60
2564
220
17
15
15
6987
262
5019
25
198
285
561
1324
314
2610
1146
15057
13139
57844
220
16
15
61
24
478
220
22
6987
262
11765
1698
5062
15057
35226
2477
16
11
220
17
11
220
18
11
220
19
2387
198
262
220
16
15
198
262
11765
1698
5062
15057
35226
2477
16
15
11
220
17
15
11
220
18
15
2387
198
262
220
17
198
262
11765
1698
5062
15057
35226
2477
16
11
220
16
11
220
16
11
220
16
2387
198
262
220
20
15
198
262
4071
271
727
1716
69574
1590
198
262
653
14204
9989
494
3377
4952
198
262
1992
8871
2477
16
11
220
17
11
220
18
11
220
19
2387
606
220
16
15
198
262
1992
8871
2477
16
15
11
220
17
15
11
220
18
15
2387
606
220
17
198
262
1992
8871
2477
16
11
220
16
11
220
16
11
220
16
2387
606
220
20
15
6987
262
653
11000
2315
4886
198
262
1992
8871
2477
21
2387
606
220
15
198
262
1992
8871
2477
24
2387
606
220
15
198
262
1992
8871
2477
23
2387
606
220
15
198
262
1992
8871
2477
18
2387
606
220
15
198
262
1992
8871
2477
17
2387
606
220
15
198
262
1992
8871
2477
22
2387
606
220
15
198
262
1992
8871
2477
19
2387
606
220
15
6987
262
653
8771
2315
4886
198
262
1992
8871
2477
22
11
220
17
2387
606
220
15
198
262
1992
8871
2477
16
11
220
23
2387
606
220
15
198
262
1992
8871
2477
23
11
220
21
2387
606
220
15
198
262
1992
8871
2477
23
11
220
22
2387
606
220
15
198
262
1992
8871
2477
16
11
220
21
2387
606
220
15
198
262
1992
8871
2477
24
11
220
16
2387
606
220
15
198
262
1992
8871
2477
22
11
220
23
2387
606
220
15
198
262
1992
8871
2477
16
15
11
220
19
2387
606
220
15
198
262
1992
8871
2477
22
11
220
22
2387
606
220
17
198
262
1992
8871
2477
23
11
220
16
2387
606
220
15
198
262
1992
8871
2477
16
15
11
220
21
2387
606
220
15
6987
262
653
78020
1228
4886
198
262
1992
8871
2477
16
24
23
11
16
24
15
11
16
24
20
11
16
24
17
11
16
24
15
11
16
24
15
11
16
24
24
11
17
15
15
11
16
24
24
11
16
24
15
11
16
24
22
11
16
24
24
11
16
24
21
11
16
24
21
11
16
24
23
11
16
24
21
11
17
15
15
11
16
24
19
11
16
24
18
11
16
24
22
11
17
15
15
11
16
24
23
11
16
24
15
11
16
24
20
11
16
24
18
11
16
24
24
11
17
15
15
11
16
24
18
11
16
24
23
11
16
24
16
11
16
24
18
11
16
24
17
11
17
15
15
11
16
24
24
11
16
24
17
11
16
24
21
11
16
24
20
11
16
24
17
11
17
15
15
11
16
24
17
11
16
24
15
11
16
24
19
11
16
24
19
11
16
24
18
11
16
24
18
11
16
24
20
11
16
24
19
11
16
24
15
11
16
24
21
11
17
15
15
11
16
24
23
11
17
15
15
11
16
24
21
11
16
24
21
11
16
24
15
11
16
24
16
11
16
24
19
11
16
24
22
11
16
24
16
11
16
24
19
11
16
24
17
11
16
24
20
11
16
24
24
11
16
24
18
11
16
24
24
11
16
24
21
11
16
24
19
11
16
24
15
11
16
24
21
11
17
15
15
2387
606
220
20
22
15
19
19
20
17
17
19
6987
262
1992
8871
2477
17
15
15
11
16
15
15
11
17
20
11
18
11
17
15
15
11
16
15
15
11
17
20
11
18
11
17
15
15
11
16
15
15
11
17
20
11
18
11
17
15
15
11
16
15
15
11
17
20
11
18
11
17
15
15
11
16
15
15
11
17
20
11
18
11
17
15
15
11
16
15
15
11
17
20
11
18
11
17
15
15
11
16
15
15
11
17
20
11
18
11
17
15
15
11
16
15
15
11
17
20
11
18
11
17
15
15
11
16
15
15
11
17
20
11
18
11
17
15
15
11
16
15
15
11
17
20
11
18
11
17
15
15
11
16
15
15
11
17
20
11
18
11
17
15
15
11
16
15
15
11
17
20
11
18
11
17
15
15
11
16
15
15
11
17
20
11
18
11
17
15
15
11
16
15
15
11
17
20
11
18
11
17
15
15
11
16
15
15
11
17
20
11
18
11
17
15
15
11
16
15
15
11
17
20
11
18
11
17
15
15
11
16
15
15
11
17
20
11
18
11
17
15
15
11
16
15
15
11
17
20
11
18
11
17
15
15
11
16
15
15
11
17
20
11
18
11
17
15
15
11
16
15
15
11
17
20
11
18
11
17
15
15
11
16
15
15
11
17
20
11
18
11
17
15
15
11
16
15
15
11
17
20
11
18
11
17
15
15
11
16
15
15
11
17
20
11
18
11
17
15
15
11
16
15
15
11
17
20
11
18
11
17
15
15
11
16
15
15
11
17
20
11
18
2387
606
220
18
18
15
20
20
18
18
23
23
6987
262
1992
8871
2477
17
18
11
17
23
11
17
17
11
17
22
11
17
17
11
17
22
11
17
15
11
17
18
11
17
22
11
18
15
11
18
15
11
17
17
11
17
19
11
17
19
11
17
15
11
17
20
11
17
22
11
17
17
11
17
22
11
17
16
11
17
24
11
17
18
11
17
18
11
17
22
11
17
21
11
17
23
11
17
22
11
17
15
11
17
23
11
17
16
11
17
17
11
17
22
11
17
19
11
17
23
11
17
15
11
17
19
11
17
16
11
17
15
11
17
24
11
17
19
11
17
17
11
17
15
11
17
19
11
17
22
11
18
15
11
17
24
11
17
16
11
17
20
11
17
17
11
17
17
11
17
22
11
17
19
11
17
17
11
17
24
11
17
17
11
17
20
11
17
20
11
17
18
11
17
20
11
17
19
11
17
21
11
17
16
11
17
23
11
17
20
11
17
21
11
17
15
11
17
19
11
17
22
11
17
22
11
17
18
11
17
15
11
17
19
11
17
18
11
17
16
11
17
19
2387
606
220
19
19
16
24
22
18
16
16
6987
262
1992
8871
2477
17
24
11
17
16
11
17
24
11
17
20
11
17
18
11
17
22
11
17
22
11
17
24
11
17
15
11
17
23
11
17
21
11
18
15
11
17
19
11
17
19
11
17
21
11
17
17
11
17
24
11
17
23
11
17
15
11
17
17
11
17
18
11
18
15
11
17
22
11
18
15
11
17
19
11
18
15
11
17
19
11
17
19
11
17
20
11
18
15
11
17
17
11
17
24
11
17
18
11
18
15
11
17
15
11
17
23
11
17
15
11
17
24
11
17
22
11
17
17
11
17
19
11
17
23
11
17
22
11
17
15
11
17
20
11
17
16
11
17
23
11
17
16
11
17
17
11
17
23
11
17
24
11
17
15
11
17
22
11
17
24
11
17
17
11
17
17
11
18
15
11
17
19
11
17
20
11
17
15
11
17
24
11
17
15
11
17
18
11
17
16
11
17
19
11
17
18
11
17
19
11
17
24
11
17
19
11
17
24
11
17
16
11
17
18
11
17
23
11
17
24
11
17
16
2387
606
220
22
22
15
18
23
23
18
16
19
6987
262
1992
8871
2477
17
15
15
11
16
15
15
11
17
15
15
11
16
15
15
11
17
15
15
11
16
15
15
11
17
15
15
11
16
15
15
11
17
15
15
11
16
15
15
11
17
15
15
11
16
15
15
11
17
15
15
11
16
15
15
11
17
15
15
11
16
15
15
11
17
15
15
11
16
15
15
11
17
15
15
11
16
15
15
11
17
15
15
11
16
15
15
11
17
15
15
11
16
15
15
11
17
15
15
11
16
15
15
11
17
15
15
11
16
15
15
11
17
15
15
11
16
15
15
11
17
15
15
11
16
15
15
11
17
15
15
11
16
15
15
11
17
15
15
11
16
15
15
11
17
15
15
11
16
15
15
11
17
15
15
11
16
15
15
11
17
15
15
11
16
15
15
11
17
15
15
11
16
15
15
11
17
15
15
11
16
15
15
11
17
15
15
11
16
15
15
11
17
15
15
11
16
15
15
11
17
15
15
11
16
15
15
11
17
15
15
11
16
15
15
11
17
15
15
11
16
15
15
11
17
15
15
11
16
15
15
11
17
15
15
11
16
15
15
11
17
15
15
11
16
15
15
11
17
15
15
11
16
15
15
11
17
15
15
11
16
15
15
11
17
15
15
11
16
15
15
11
17
15
15
11
16
15
15
11
17
15
15
11
16
15
15
11
17
15
15
11
16
15
15
11
17
15
15
11
16
15
15
11
17
15
15
11
16
15
15
11
17
15
15
11
16
15
15
11
17
15
15
11
16
15
15
11
17
15
15
11
16
15
15
11
17
15
15
11
16
15
15
11
17
15
15
11
16
15
15
11
17
15
15
11
16
15
15
11
17
15
15
11
16
15
15
11
17
15
15
11
16
15
15
11
17
15
15
11
16
15
15
11
17
15
15
11
16
15
15
11
17
15
15
11
16
15
15
2387
606
220
19
21
19
21
21
18
21
24
23
271
2
5272
1716
11181
5062
15057
35226
8
310
1542
6813
13
198
71093
248046
198
248045
74455
198
71093
12305
198
1445
18904
1120
1697
198
1445
6673
1120
43364
198
1445
54572
1120
7698
1358
727
1698
5062
15057
35226
20449
25
1697
18078
2387
1411
514
25
198
262
4071
7145
279
1324
314
13139
314
2397
38127
12708
2303
318
12877
16
11
12609
17
8
314
10001
421
25705
25
198
262
220
16
13
561
12708
2303
12609
16
321
12609
17
513
81859
318
2083
1857
314
10001
369
4047
1881
1070
8
198
262
220
17
13
561
469
6281
314
279
5255
314
12609
16
369
5951
310
279
469
6281
314
279
5255
314
12609
17
6987
262
3301
279
2702
1324
314
1680
13139
57844
220
16
15
61
24
478
220
22
13
198
1031
262
17167
25
198
285
10001
25
1473
7308
1287
1332
220
16
2564
2343
20449
8
2564
220
17
15
15
321
220
16
2564
10001
957
60
2564
220
17
15
15
6987
262
5019
25
198
285
561
1324
314
2610
1146
15057
13139
57844
220
16
15
61
24
478
220
22
6987
262
11765
1698
5062
15057
35226
2477
16
11
220
17
11
220
18
11
220
19
2387
198
262
220
16
15
198
262
11765
1698
5062
15057
35226
2477
16
15
11
220
17
15
11
220
18
15
2387
198
262
220
17
198
262
11765
1698
5062
15057
35226
2477
16
11
220
16
11
220
16
11
220
16
2387
198
262
220
20
15
198
262
4071
198
262
18107
283
220
16
15
332
24
478
220
22
198
262
307
283
2343
20449
8
198
262
1866
5996
283
220
17
15
15
220
653
1866
869
303
10001
6987
262
653
1690
1754
3102
469
6281
869
338
11
567
1318
310
1698
279
1324
314
13139
314
81859
2397
38127
12708
2303
198
262
653
1680
421
279
469
6281
314
1754
1146
15057
369
6681
338
13
198
1031
262
653
51301
25
198
262
653
220
16
13
1690
1754
338
494
220
16
310
1866
5996
11
1698
1204
1599
2397
38127
12708
2303
599
469
6281
421
369
264
5081
314
338
13
198
262
653
262
6558
411
381
281
31439
906
198
262
653
220
17
13
11747
26312
9884
8686
318
44
2862
7964
350
44935
681
12204
279
1324
314
12708
2303
440
469
6281
6681
338
13
198
262
653
262
6558
411
381
304
31439
906
198
262
653
220
18
13
1690
1754
338
11
567
1144
310
1698
13139
314
81859
12708
2303
11
1754
440
469
6281
6681
338
13
198
1031
262
653
14392
220
16
25
21902
281
31439
60
364
1754
338
13
198
262
653
281
31439
60
283
1324
314
2397
38127
12708
2303
314
10001
1332
1396
2315
369
72364
539
338
11
321
279
469
6281
314
279
1146
15057
369
264
5081
314
338
13
198
262
653
32645
11
281
31439
60
430
4364
3294
1000
381
25
1698
314
2397
38127
71970
314
14505
1680
421
364
660
3955
14505
11
10001
957
60
984
338
606
220
15
13
198
262
653
1921
279
469
6281
2876
25
413
660
5255
513
72364
539
338
11
1179
279
469
6281
369
264
5081
314
338
13
198
262
653
1987
281
31439
60
283
220
17
12883
1767
314
5255
72364
539
338
8
471
220
16
318
76289
4147
1146
15057
553
198
1031
262
653
14392
220
17
25
21902
304
31439
60
283
1324
314
2397
38127
12708
2303
440
469
6281
6681
338
13
198
262
653
304
31439
60
283
281
31439
60
471
2542
314
304
6521
60
364
660
580
421
513
62862
314
338
321
580
835
338
13
198
1031
262
653
14392
220
18
25
1690
1754
338
11
12204
279
1324
314
13139
314
81859
2397
38127
12708
2303
11
1754
440
469
6281
6681
338
13
198
262
653
1061
369
32343
13
1165
1144
310
1698
13139
318
50
16
11
326
17
8
1332
326
16
321
326
17
513
81859
11
2107
2397
38127
11
321
2107
599
469
6281
6681
338
13
198
1031
262
653
39752
5313
364
14392
220
18
25
198
262
653
1690
264
8097
338
11
1042
579
2814
660
5255
72364
539
338
13
6558
1439
5255
381
506
14505
585
16
11
585
17
11
58317
712
13
198
262
653
1165
1318
310
1698
13139
314
81859
2397
38127
12708
2303
494
1439
295
5255
11
1332
1754
1146
15057
682
469
6281
6681
338
13
198
1031
262
653
6558
579
1683
20648
13
1690
1754
338
11
1042
579
12204
25
198
262
653
338
31439
60
283
1324
314
13139
318
50
16
11
326
17
8
314
81859
2397
38127
12708
2303
494
5255
72364
539
338
11
1332
469
6281
3631
16
8
369
264
5081
314
338
321
469
6281
3631
17
8
369
264
5081
314
338
13
198
262
653
4844
958
26312
9884
8686
310
615
279
1698
364
6681
338
13
198
1031
262
653
85152
11
411
369
3583
6150
13
6558
728
1683
314
264
2086
5313
13
198
1031
262
653
1690
1754
338
11
1042
1698
31439
60
381
279
1324
314
5255
303
10001
72364
539
338
13
198
262
653
281
31439
60
283
220
17
61
1767
31439
60
471
220
16
6987
262
653
304
31439
60
628
381
23424
1608
47057
7964
350
44935
13
198
1031
262
653
1690
2923
220
18
11
364
264
8097
338
11
567
1144
310
1698
13139
314
81859
12708
2303
318
50
16
11
326
17
8
1332
2107
599
469
6281
6681
338
13
198
1031
262
653
6558
579
6762
364
1754
338
25
198
262
653
2702
35226
31439
60
283
2542
888
660
13139
314
81859
2397
38127
12708
2303
318
50
16
11
326
17
8
1332
469
6281
3631
16
8
283
469
6281
3631
17
8
283
338
13
198
1031
262
653
3648
1560
25
52516
888
660
3102
45127
314
279
716
314
14505
1083
2250
5306
25
14505
303
326
16
11
14505
303
326
17
11
321
19396
14505
13
198
262
653
1921
411
369
496
7
18
83193
8
864
369
2166
6103
364
307
28
17
15
15
13
198
1031
262
653
22703
5313
25
5272
8476
15019
466
22440
5568
13
198
1031
262
653
6558
579
1683
883
424
411
1560
25
198
262
653
1690
264
8097
338
11
1042
579
2814
279
5255
72364
539
338
13
6558
1017
381
295
1680
5255
13
198
262
653
1165
1318
310
4992
1330
81859
2397
38127
71970
326
16
321
326
17
494
1439
295
5255
11
1680
421
469
6281
3631
16
8
283
338
321
469
6281
3631
17
8
283
338
13
198
1031
262
653
6558
579
6762
25
198
262
653
357
31439
60
283
1324
314
2397
38127
12708
2303
440
469
6281
6681
338
13
198
262
653
1061
369
304
31439
60
494
3294
13
198
1031
262
653
4543
11
364
24217
13139
11
567
628
958
279
2614
4374
25
198
262
653
1690
1754
338
11
1042
579
1698
279
1324
314
5337
310
4992
1330
81859
2397
38127
12708
2303
494
5255
72364
539
338
11
1332
2107
599
469
6281
6681
338
13
198
1031
262
653
6558
417
31439
60
283
1324
314
13139
318
50
16
11
326
17
8
314
81859
2397
38127
12708
2303
494
5255
72364
539
338
11
1332
469
6281
3631
16
8
369
264
5081
314
338
321
469
6281
3631
17
8
369
264
5081
314
338
13
198
262
653
4844
1608
26312
9884
8686
11
567
628
615
279
1698
364
6681
338
13
198
1031
262
653
417
31439
60
628
381
23424
430
10695
25
198
262
653
1690
5255
72364
539
338
11
1042
1017
381
295
5255
13
198
262
653
1165
2224
18207
1330
81859
2397
38127
71970
13
561
1324
314
5337
310
4992
1330
81859
2397
38127
71970
494
295
5255
369
25
198
262
653
7860
888
580
28
16
310
295
12
16
25
351
1212
11
580
8
348
318
17
12883
76
12283
8
471
220
16
8
2423
874
3655
11
421
579
524
4847
1245
13
198
1031
262
653
32645
11
364
1754
2315
11
424
628
381
303
326
16
11
303
326
17
11
466
303
13468
13
1987
1017
513
220
18
61
76
2702
30152
13
198
262
653
95074
4886
1332
326
16
369
4147
466
326
17
369
4147
13
198
262
653
5447
314
30152
1332
326
16
369
4147
25
220
17
61
76
318
9264
2315
369
2892
303
326
17
466
13468
553
198
262
653
5447
314
30152
1332
326
17
369
4147
25
220
17
61
76
13
198
262
653
5447
314
30152
1332
2107
513
4147
25
220
16
13
198
262
653
1987
417
31439
60
283
220
18
61
76
471
220
17
61
76
471
220
17
61
76
478
220
16
283
220
18
61
76
471
220
17
12883
76
10
16
8
478
220
16
13
198
1031
262
653
1921
411
14159
660
13139
1332
469
6281
3631
16
8
321
469
6281
3631
17
8
513
62862
314
338
13
1165
1144
469
6281
3631
16
8
283
469
6281
3631
17
8
283
338
13
198
1031
262
653
1987
1042
579
6762
25
198
262
653
417
31439
60
283
220
18
61
1767
31439
60
471
220
17
12883
1767
31439
7334
16
8
478
220
16
318
331
1698
31439
60
2518
220
16
11
745
220
15
8
198
262
653
1061
369
279
1324
314
13139
314
81859
2397
38127
12708
2303
494
5255
72364
539
338
11
1332
469
6281
314
1754
369
264
5081
314
338
13
198
1031
262
653
4543
11
1608
26312
9884
8686
25
198
262
653
6558
351
31439
60
283
1324
314
13139
1332
469
6281
3631
16
8
283
469
6281
3631
17
8
283
338
13
198
262
653
4844
417
31439
60
283
2542
314
351
20770
60
364
660
293
421
513
62862
314
338
13
198
262
653
1987
351
31439
60
283
417
31439
60
471
2542
314
351
20770
60
364
660
293
835
338
421
513
62862
314
338
13
198
1031
262
653
561
1534
4087
369
2542
314
351
31439
60
364
660
338
13
198
1031
262
653
6558
579
4072
411
13
198
1031
262
653
5339
11
12204
1698
31439
60
364
1754
338
494
220
16
310
1866
5996
13
198
262
1698
283
498
15
60
348
318
2721
5996
478
220
16
8
198
262
364
1572
303
10001
25
198
285
364
338
303
2020
7
16
11
1572
478
220
16
1590
198
309
413
1572
984
338
606
220
15
25
198
388
1698
31439
60
1373
220
16
6987
262
653
4807
26808
13043
198
262
6660
18
283
498
15
60
348
318
77
478
220
16
8
198
262
6660
17
283
498
15
60
348
318
77
478
220
16
8
198
262
6660
18
58
15
60
283
220
16
198
262
6660
17
58
15
60
283
220
16
198
262
364
585
303
2020
7
16
11
307
478
220
16
1590
198
285
6660
18
957
60
283
318
21072
18
957
471
220
16
60
348
220
18
8
984
18107
198
285
6660
17
957
60
283
318
21072
17
957
471
220
16
60
348
220
17
8
984
18107
6987
262
653
21902
417
31439
60
364
1754
338
198
262
417
283
498
15
60
348
318
2721
5996
478
220
16
8
198
262
364
338
303
2020
7
16
11
1866
5996
478
220
16
1590
198
285
295
283
1698
31439
60
198
285
413
295
606
220
15
25
198
309
417
31439
60
283
220
15
198
285
745
25
198
309
417
31439
60
283
318
21072
18
11722
60
471
220
17
348
6660
17
11722
60
478
220
16
8
984
18107
6987
262
653
21902
351
31439
60
1608
26312
9884
8686
494
7526
338
310
23856
198
262
351
283
498
15
60
348
318
2721
5996
478
220
16
8
198
262
364
338
303
2020
8474
5996
11
220
15
11
471
16
1590
198
285
351
31439
60
283
417
31439
60
198
285
364
5081
303
2020
7
17
348
338
11
1866
5996
478
220
16
11
338
1590
198
309
351
31439
60
283
318
34
31439
60
471
351
11722
11880
2387
984
18107
6987
262
653
7860
685
660
351
31439
60
198
262
1067
283
2542
2929
8
984
18107
198
262
460
1067
1358
727
1716
69574
1590
198
262
653
14204
9989
494
3377
4952
198
262
1992
8871
2477
16
11
220
17
11
220
18
11
220
19
2387
606
220
16
15
198
262
1992
8871
2477
16
15
11
220
17
15
11
220
18
15
2387
606
220
17
198
262
1992
8871
2477
16
11
220
16
11
220
16
11
220
16
2387
606
220
20
15
6987
262
653
11000
2315
4886
198
262
1992
8871
2477
21
2387
606
220
15
198
262
1992
8871
2477
24
2387
606
220
15
198
262
1992
8871
2477
23
2387
606
220
15
198
262
1992
8871
2477
18
2387
606
220
15
198
262
1992
8871
2477
17
2387
606
220
15
198
262
1992
8871
2477
22
2387
606
220
15
198
262
1992
8871
2477
19
2387
606
220
15
6987
262
653
8771
2315
4886
198
262
1992
8871
2477
22
11
220
17
2387
606
220
15
198
262
1992
8871
2477
16
11
220
23
2387
606
220
15
198
262
1992
8871
2477
23
11
220
21
2387
606
220
15
198
262
1992
8871
2477
23
11
220
22
2387
606
220
15
198
262
1992
8871
2477
16
11
220
21
2387
606
220
15
198
262
1992
8871
2477
24
11
220
16
2387
606
220
15
198
262
1992
8871
2477
22
11
220
23
2387
606
220
15
198
262
1992
8871
2477
16
15
11
220
19
2387
606
220
15
198
262
1992
8871
2477
22
11
220
22
2387
606
220
17
198
262
1992
8871
2477
23
11
220
16
2387
606
220
15
198
262
1992
8871
2477
16
15
11
220
21
2387
606
220
15
6987
262
653
78020
1228
4886
198
262
1992
8871
2477
16
24
23
11
16
24
15
11
16
24
20
11
16
24
17
11
16
24
15
11
16
24
15
11
16
24
24
11
17
15
15
11
16
24
24
11
16
24
15
11
16
24
22
11
16
24
24
11
16
24
21
11
16
24
21
11
16
24
23
11
16
24
21
11
17
15
15
11
16
24
19
11
16
24
18
11
16
24
22
11
17
15
15
11
16
24
23
11
16
24
15
11
16
24
20
11
16
24
18
11
16
24
24
11
17
15
15
11
16
24
18
11
16
24
23
11
16
24
16
11
16
24
18
11
16
24
17
11
17
15
15
11
16
24
24
11
16
24
17
11
16
24
21
11
16
24
20
11
16
24
17
11
17
15
15
11
16
24
17
11
16
24
15
11
16
24
19
11
16
24
19
11
16
24
18
11
16
24
18
11
16
24
20
11
16
24
19
11
16
24
15
11
16
24
21
11
17
15
15
11
16
24
23
11
17
15
15
11
16
24
21
11
16
24
21
11
16
24
15
11
16
24
16
11
16
24
19
11
16
24
22
11
16
24
16
11
16
24
19
11
16
24
17
11
16
24
20
11
16
24
24
11
16
24
18
11
16
24
24
11
16
24
21
11
16
24
19
11
16
24
15
11
16
24
21
11
17
15
15
2387
606
220
20
22
15
19
19
20
17
17
19
6987
262
1992
8871
2477
17
15
15
11
16
15
15
11
17
20
11
18
11
17
15
15
11
16
15
15
11
17
20
11
18
11
17
15
15
11
16
15
15
11
17
20
11
18
11
17
15
15
11
16
15
15
11
17
20
11
18
11
17
15
15
11
16
15
15
11
17
20
11
18
11
17
15
15
11
16
15
15
11
17
20
11
18
11
17
15
15
11
16
15
15
11
17
20
11
18
11
17
15
15
11
16
15
15
11
17
20
11
18
11
17
15
15
11
16
15
15
11
17
20
11
18
11
17
15
15
11
16
15
15
11
17
20
11
18
11
17
15
15
11
16
15
15
11
17
20
11
18
11
17
15
15
11
16
15
15
11
17
20
11
18
11
17
15
15
11
16
15
15
11
17
20
11
18
11
17
15
15
11
16
15
15
11
17
20
11
18
11
17
15
15
11
16
15
15
11
17
20
11
18
11
17
15
15
11
16
15
15
11
17
20
11
18
11
17
15
15
11
16
15
15
11
17
20
11
18
11
17
15
15
11
16
15
15
11
17
20
11
18
11
17
15
15
11
16
15
15
11
17
20
11
18
11
17
15
15
11
16
15
15
11
17
20
11
18
11
17
15
15
11
16
15
15
11
17
20
11
18
11
17
15
15
11
16
15
15
11
17
20
11
18
11
17
15
15
11
16
15
15
11
17
20
11
18
11
17
15
15
11
16
15
15
11
17
20
11
18
11
17
15
15
11
16
15
15
11
17
20
11
18
11
17
15
15
11
16
15
15
11
17
20
11
18
2387
606
220
18
18
15
20
20
18
18
23
23
6987
262
1992
8871
2477
17
18
11
17
23
11
17
17
11
17
22
11
17
17
11
17
22
11
17
15
11
17
18
11
17
22
11
18
15
11
18
15
11
17
17
11
17
19
11
17
19
11
17
15
11
17
20
11
17
22
11
17
17
11
17
22
11
17
16
11
17
24
11
17
18
11
17
18
11
17
22
11
17
21
11
17
23
11
17
22
11
17
15
11
17
23
11
17
16
11
17
17
11
17
22
11
17
19
11
17
23
11
17
15
11
17
19
11
17
16
11
17
15
11
17
24
11
17
19
11
17
17
11
17
15
11
17
19
11
17
22
11
18
15
11
17
24
11
17
16
11
17
20
11
17
17
11
17
17
11
17
22
11
17
19
11
17
17
11
17
24
11
17
17
11
17
20
11
17
20
11
17
18
11
17
20
11
17
19
11
17
21
11
17
16
11
17
23
11
17
20
11
17
21
11
17
15
11
17
19
11
17
22
11
17
22
11
17
18
11
17
15
11
17
19
11
17
18
11
17
16
11
17
19
2387
606
220
19
19
16
24
22
18
16
16
6987
262
1992
8871
2477
17
24
11
17
16
11
17
24
11
17
20
11
17
18
11
17
22
11
17
22
11
17
24
11
17
15
11
17
23
11
17
21
11
18
15
11
17
19
11
17
19
11
17
21
11
17
17
11
17
24
11
17
23
11
17
15
11
17
17
11
17
18
11
18
15
11
17
22
11
18
15
11
17
19
11
18
15
11
17
19
11
17
19
11
17
20
11
18
15
11
17
17
11
17
24
11
17
18
11
18
15
11
17
15
11
17
23
11
17
15
11
17
24
11
17
22
11
17
17
11
17
19
11
17
23
11
17
22
11
17
15
11
17
20
11
17
16
11
17
23
11
17
16
11
17
17
11
17
23
11
17
24
11
17
15
11
17
22
11
17
24
11
17
17
11
17
17
11
18
15
11
17
19
11
17
20
11
17
15
11
17
24
11
17
15
11
17
18
11
17
16
11
17
19
11
17
18
11
17
19
11
17
24
11
17
19
11
17
24
11
17
16
11
17
18
11
17
23
11
17
24
11
17
16
2387
606
220
22
22
15
18
23
23
18
16
19
6987
262
1992
8871
2477
17
15
15
11
16
15
15
11
17
15
15
11
16
15
15
11
17
15
15
11
16
15
15
11
17
15
15
11
16
15
15
11
17
15
15
11
16
15
15
11
17
15
15
11
16
15
15
11
17
15
15
11
16
15
15
11
17
15
15
11
16
15
15
11
17
15
15
11
16
15
15
11
17
15
15
11
16
15
15
11
17
15
15
11
16
15
15
11
17
15
15
11
16
15
15
11
17
15
15
11
16
15
15
11
17
15
15
11
16
15
15
11
17
15
15
11
16
15
15
11
17
15
15
11
16
15
15
11
17
15
15
11
16
15
15
11
17
15
15
11
16
15
15
11
17
15
15
11
16
15
15
11
17
15
15
11
16
15
15
11
17
15
15
11
16
15
15
11
17
15
15
11
16
15
15
11
17
15
15
11
16
15
15
11
17
15
15
11
16
15
15
11
17
15
15
11
16
15
15
11
17
15
15
11
16
15
15
11
17
15
15
11
16
15
15
11
17
15
15
11
16
15
15
11
17
15
15
11
16
15
15
11
17
15
15
11
16
15
15
11
17
15
15
11
16
15
15
11
17
15
15
11
16
15
15
11
17
15
15
11
16
15
15
11
17
15
15
11
16
15
15
11
17
15
15
11
16
15
15
11
17
15
15
11
16
15
15
11
17
15
15
11
16
15
15
11
17
15
15
11
16
15
15
11
17
15
15
11
16
15
15
11
17
15
15
11
16
15
15
11
17
15
15
11
16
15
15
11
17
15
15
11
16
15
15
11
17
15
15
11
16
15
15
11
17
15
15
11
16
15
15
11
17
15
15
11
16
15
15
11
17
15
15
11
16
15
15
11
17
15
15
11
16
15
15
11
17
15
15
11
16
15
15
2387
606
220
19
21
19
21
21
18
21
24
23
271
2
5272
1716
11181
5062
15057
35226
8
310
1542
6813
13
198
71093
248046
198
248045
846
198
7525
3555
4621
4490
279
6813
13
5514
579
279
1412
25
198
6347
1371
318
3444
3110
1562
1483
1590
198
220
2793
34397
5032
65425
80
20
87
16
48
75
6971
487
1500
220
17
20
23
11
303
361
4211
29
198
262
1716
11181
5062
15057
35226
8
198
220
2793
34397
5032
65425
80
20
87
16
48
75
6971
487
1500
220
17
16
24
11
303
1716
198
262
1992
8871
2477
16
11
220
17
11
220
18
11
220
19
2387
606
220
16
15
198
1779
6108
59641
59641
59641
59641
59641
59641
59641
198
66317
1401
14200
1206
311
40138
11
411
369
678
3274
25
4310
279
2614
709
11618
321
4479
889
11
6999
4072
279
709
7246
321
1440
660
279
6813
13
2972
5683
4045
67305
3067
13209
50
159029
271
2523
1220
14623
279
1970
488
10490
303
264
64504
1970
2424
318
784
9609
31789
318
19458
668
31153
279
3889
5568
8
248046
198
248045
74455
198
248068
271
248069
271
71093
12305
198
1445
18904
1120
1697
1358
727
1698
5062
15057
35226
20449
25
1697
18078
2387
1411
514
25
198
262
4071
7145
279
1324
314
13139
314
2397
38127
12708
2303
318
12877
16
11
12609
17
8
314
10001
421
25705
25
198
262
220
16
13
561
12708
2303
12609
16
321
12609
17
513
81859
318
2083
1857
314
10001
369
4047
1881
1070
8
198
262
220
17
13
561
469
6281
314
279
5255
314
12609
16
369
5951
310
279
469
6281
314
279
5255
314
12609
17
6987
262
3301
279
2702
1324
314
1680
13139
57844
220
16
15
61
24
478
220
22
13
198
1031
262
17167
25
198
285
10001
25
1473
7308
1287
1332
220
16
2564
2343
20449
8
2564
220
17
15
15
321
220
16
2564
10001
957
60
2564
220
17
15
15
6987
262
5019
25
198
285
561
1324
314
2610
1146
15057
13139
57844
220
16
15
61
24
478
220
22
6987
262
11765
1698
5062
15057
35226
2477
16
11
220
17
11
220
18
11
220
19
2387
198
262
220
16
15
198
262
11765
1698
5062
15057
35226
2477
16
15
11
220
17
15
11
220
18
15
2387
198
262
220
17
198
262
11765
1698
5062
15057
35226
2477
16
11
220
16
11
220
16
11
220
16
2387
198
262
220
20
15
198
262
4071
198
262
18107
283
220
16
15
332
24
478
220
22
198
262
307
283
2343
20449
8
198
262
1866
5996
283
220
17
15
15
220
653
1866
869
303
10001
6987
262
653
1698
31439
60
283
1324
314
5255
303
10001
72364
539
338
198
262
1698
283
498
15
60
348
318
2721
5996
478
220
16
8
198
262
364
1572
303
10001
25
198
285
364
338
303
2020
7
16
11
1572
478
220
16
1590
198
309
413
1572
984
338
606
220
15
25
198
388
1698
31439
60
1373
220
16
6987
262
653
4807
26808
13043
314
220
17
321
220
18
57844
18107
198
262
6660
17
283
498
16
60
348
318
77
478
220
16
8
198
262
6660
18
283
498
16
60
348
318
77
478
220
16
8
198
262
364
585
303
2020
7
16
11
307
478
220
16
1590
198
285
6660
17
957
60
283
318
21072
17
957
471
220
16
60
348
220
17
8
984
18107
198
285
6660
18
957
60
283
318
21072
18
957
471
220
16
60
348
220
18
8
984
18107
6987
262
653
417
31439
60
283
1324
314
13139
318
50
16
11
326
17
8
314
81859
2397
38127
12708
2303
494
5255
72364
539
338
11
198
262
653
1332
469
6281
3631
16
8
369
264
5081
314
338
321
469
6281
3631
17
8
369
264
5081
314
338
13
198
262
653
417
31439
60
283
220
18
61
1767
31439
60
471
220
17
9
17
61
1767
31439
60
478
220
16
413
1698
31439
60
835
220
15
11
745
220
15
198
262
417
283
498
15
60
348
318
2721
5996
478
220
16
8
198
262
364
338
303
2020
7
16
11
1866
5996
478
220
16
1590
198
285
295
283
1698
31439
60
198
285
413
295
606
220
15
25
198
309
417
31439
60
283
220
15
198
285
745
25
198
309
417
31439
60
283
318
21072
18
11722
60
471
220
17
348
6660
17
11722
60
478
220
16
8
984
18107
6987
262
653
351
31439
60
283
1324
314
13139
318
50
16
11
326
17
8
314
81859
2397
38127
12708
2303
494
5255
72364
539
338
11
198
262
653
1332
469
6281
3631
16
8
283
469
6281
3631
17
8
283
338
13
198
262
653
417
31439
60
283
2542
314
351
20770
60
364
660
293
421
513
62862
314
338
13
198
262
653
1987
351
31439
60
283
417
31439
60
471
2542
314
351
20770
60
364
660
293
835
338
421
513
62862
314
338
13
198
262
351
283
498
15
60
348
318
2721
5996
478
220
16
8
198
262
364
338
303
2020
8474
5996
11
220
15
11
471
16
1590
198
285
351
31439
60
283
417
31439
60
198
285
364
5081
303
2020
7
17
348
338
11
1866
5996
478
220
16
11
338
1590
198
309
351
31439
60
283
318
34
31439
60
471
351
11722
11880
2387
984
18107
6987
262
653
7860
685
660
351
31439
60
198
262
1067
283
2542
2929
8
984
18107
198
262
460
1067
1358
727
1716
69574
1590
198
262
653
14204
9989
494
3377
4952
198
262
1992
8871
2477
16
11
220
17
11
220
18
11
220
19
2387
606
220
16
15
198
262
1992
8871
2477
16
15
11
220
17
15
11
220
18
15
2387
606
220
17
198
262
1992
8871
2477
16
11
220
16
11
220
16
11
220
16
2387
606
220
20
15
6987
262
653
11000
2315
4886
198
262
1992
8871
2477
21
2387
606
220
15
198
262
1992
8871
2477
24
2387
606
220
15
198
262
1992
8871
2477
23
2387
606
220
15
198
262
1992
8871
2477
18
2387
606
220
15
198
262
1992
8871
2477
17
2387
606
220
15
198
262
1992
8871
2477
22
2387
606
220
15
198
262
1992
8871
2477
19
2387
606
220
15
6987
262
653
8771
2315
4886
198
262
1992
8871
2477
22
11
220
17
2387
606
220
15
198
262
1992
8871
2477
16
11
220
23
2387
606
220
15
198
262
1992
8871
2477
23
11
220
21
2387
606
220
15
198
262
1992
8871
2477
23
11
220
22
2387
606
220
15
198
262
1992
8871
2477
16
11
220
21
2387
606
220
15
198
262
1992
8871
2477
24
11
220
16
2387
606
220
15
198
262
1992
8871
2477
22
11
220
23
2387
606
220
15
198
262
1992
8871
2477
16
15
11
220
19
2387
606
220
15
198
262
1992
8871
2477
22
11
220
22
2387
606
220
17
198
262
1992
8871
2477
23
11
220
16
2387
606
220
15
198
262
1992
8871
2477
16
15
11
220
21
2387
606
220
15
6987
262
653
78020
1228
4886
198
262
1992
8871
2477
16
24
23
11
16
24
15
11
16
24
20
11
16
24
17
11
16
24
15
11
16
24
15
11
16
24
24
11
17
15
15
11
16
24
24
11
16
24
15
11
16
24
22
11
16
24
24
11
16
24
21
11
16
24
21
11
16
24
23
11
16
24
21
11
17
15
15
11
16
24
19
11
16
24
18
11
16
24
22
11
17
15
15
11
16
24
23
11
16
24
15
11
16
24
20
11
16
24
18
11
16
24
24
11
17
15
15
11
16
24
18
11
16
24
23
11
16
24
16
11
16
24
18
11
16
24
17
11
17
15
15
11
16
24
24
11
16
24
17
11
16
24
21
11
16
24
20
11
16
24
17
11
17
15
15
11
16
24
17
11
16
24
15
11
16
24
19
11
16
24
19
11
16
24
18
11
16
24
18
11
16
24
20
11
16
24
19
11
16
24
15
11
16
24
21
11
17
15
15
11
16
24
23
11
17
15
15
11
16
24
21
11
16
24
21
11
16
24
15
11
16
24
16
11
16
24
19
11
16
24
22
11
16
24
16
11
16
24
19
11
16
24
17
11
16
24
20
11
16
24
24
11
16
24
18
11
16
24
24
11
16
24
21
11
16
24
19
11
16
24
15
11
16
24
21
11
17
15
15
2387
606
220
20
22
15
19
19
20
17
17
19
6987
262
1992
8871
2477
17
15
15
11
16
15
15
11
17
20
11
18
11
17
15
15
11
16
15
15
11
17
20
11
18
11
17
15
15
11
16
15
15
11
17
20
11
18
11
17
15
15
11
16
15
15
11
17
20
11
18
11
17
15
15
11
16
15
15
11
17
20
11
18
11
17
15
15
11
16
15
15
11
17
20
11
18
11
17
15
15
11
16
15
15
11
17
20
11
18
11
17
15
15
11
16
15
15
11
17
20
11
18
11
17
15
15
11
16
15
15
11
17
20
11
18
11
17
15
15
11
16
15
15
11
17
20
11
18
11
17
15
15
11
16
15
15
11
17
20
11
18
11
17
15
15
11
16
15
15
11
17
20
11
18
11
17
15
15
11
16
15
15
11
17
20
11
18
11
17
15
15
11
16
15
15
11
17
20
11
18
11
17
15
15
11
16
15
15
11
17
20
11
18
11
17
15
15
11
16
15
15
11
17
20
11
18
11
17
15
15
11
16
15
15
11
17
20
11
18
11
17
15
15
11
16
15
15
11
17
20
11
18
11
17
15
15
11
16
15
15
11
17
20
11
18
11
17
15
15
11
16
15
15
11
17
20
11
18
11
17
15
15
11
16
15
15
11
17
20
11
18
11
17
15
15
11
16
15
15
11
17
20
11
18
11
17
15
15
11
16
15
15
11
17
20
11
18
11
17
15
15
11
16
15
15
11
17
20
11
18
11
17
15
15
11
16
15
15
11
17
20
11
18
11
17
15
15
11
16
15
15
11
17
20
11
18
2387
606
220
18
18
15
20
20
18
18
23
23
6987
262
1992
8871
2477
17
18
11
17
23
11
17
17
11
17
22
11
17
17
11
17
22
11
17
15
11
17
18
11
17
22
11
18
15
11
18
15
11
17
17
11
17
19
11
17
19
11
17
15
11
17
20
11
17
22
11
17
17
11
17
22
11
17
16
11
17
24
11
17
18
11
17
18
11
17
22
11
17
21
11
17
23
11
17
22
11
17
15
11
17
23
11
17
16
11
17
17
11
17
22
11
17
19
11
17
23
11
17
15
11
17
19
11
17
16
11
17
15
11
17
24
11
17
19
11
17
17
11
17
15
11
17
19
11
17
22
11
18
15
11
17
24
11
17
16
11
17
20
11
17
17
11
17
17
11
17
22
11
17
19
11
17
17
11
17
24
11
17
17
11
17
20
11
17
20
11
17
18
11
17
20
11
17
19
11
17
21
11
17
16
11
17
23
11
17
20
11
17
21
11
17
15
11
17
19
11
17
22
11
17
22
11
17
18
11
17
15
11
17
19
11
17
18
11
17
16
11
17
19
2387
606
220
19
19
16
24
22
18
16
16
6987
262
1992
8871
2477
17
24
11
17
16
11
17
24
11
17
20
11
17
18
11
17
22
11
17
22
11
17
24
11
17
15
11
17
23
11
17
21
11
18
15
11
17
19
11
17
19
11
17
21
11
17
17
11
17
24
11
17
23
11
17
15
11
17
17
11
17
18
11
18
15
11
17
22
11
18
15
11
17
19
11
18
15
11
17
19
11
17
19
11
17
20
11
18
15
11
17
17
11
17
24
11
17
18
11
18
15
11
17
15
11
17
23
11
17
15
11
17
24
11
17
22
11
17
17
11
17
19
11
17
23
11
17
22
11
17
15
11
17
20
11
17
16
11
17
23
11
17
16
11
17
17
11
17
23
11
17
24
11
17
15
11
17
22
11
17
24
11
17
17
11
17
17
11
18
15
11
17
19
11
17
20
11
17
15
11
17
24
11
17
15
11
17
18
11
17
16
11
17
19
11
17
18
11
17
19
11
17
24
11
17
19
11
17
24
11
17
16
11
17
18
11
17
23
11
17
24
11
17
16
2387
606
220
22
22
15
18
23
23
18
16
19
6987
262
1992
8871
2477
17
15
15
11
16
15
15
11
17
15
15
11
16
15
15
11
17
15
15
11
16
15
15
11
17
15
15
11
16
15
15
11
17
15
15
11
16
15
15
11
17
15
15
11
16
15
15
11
17
15
15
11
16
15
15
11
17
15
15
11
16
15
15
11
17
15
15
11
16
15
15
11
17
15
15
11
16
15
15
11
17
15
15
11
16
15
15
11
17
15
15
11
16
15
15
11
17
15
15
11
16
15
15
11
17
15
15
11
16
15
15
11
17
15
15
11
16
15
15
11
17
15
15
11
16
15
15
11
17
15
15
11
16
15
15
11
17
15
15
11
16
15
15
11
17
15
15
11
16
15
15
11
17
15
15
11
16
15
15
11
17
15
15
11
16
15
15
11
17
15
15
11
16
15
15
11
17
15
15
11
16
15
15
11
17
15
15
11
16
15
15
11
17
15
15
11
16
15
15
11
17
15
15
11
16
15
15
11
17
15
15
11
16
15
15
11
17
15
15
11
16
15
15
11
17
15
15
11
16
15
15
11
17
15
15
11
16
15
15
11
17
15
15
11
16
15
15
11
17
15
15
11
16
15
15
11
17
15
15
11
16
15
15
11
17
15
15
11
16
15
15
11
17
15
15
11
16
15
15
11
17
15
15
11
16
15
15
11
17
15
15
11
16
15
15
11
17
15
15
11
16
15
15
11
17
15
15
11
16
15
15
11
17
15
15
11
16
15
15
11
17
15
15
11
16
15
15
11
17
15
15
11
16
15
15
11
17
15
15
11
16
15
15
11
17
15
15
11
16
15
15
11
17
15
15
11
16
15
15
11
17
15
15
11
16
15
15
11
17
15
15
11
16
15
15
11
17
15
15
11
16
15
15
2387
606
220
19
21
19
21
21
18
21
24
23
271
2
5272
1716
11181
5062
15057
35226
8
310
1542
6813
13
198
71093
248046
198