248045
846
198
4274
279
2614
709
11618
321
4479
889
11
6999
4072
279
709
7246
321
1440
660
279
6813
13
2972
5683
4045
67305
3067
13209
50
159029
271
2523
1220
14623
279
1970
488
10490
303
264
64504
1970
2424
318
784
9609
31789
318
19458
668
31153
279
3889
5568
8
271
71093
198
1445
18904
1120
1697
11
23846
1358
727
628
1243
595
6018
1393
25
514
11
295
25
514
11
264
25
514
11
292
25
514
11
3743
87682
25
1697
19723
5871
18078
11
514
28649
1411
1744
25
198
262
4071
28924
413
424
579
3102
310
3166
494
9057
220
16
310
9057
443
539
18253
28055
13
198
1031
262
2532
513
443
30308
26899
303
264
2713
11
28853
220
16
310
443
13
1394
1151
506
9057
220
16
321
1318
310
5372
9057
443
13
198
262
733
1754
3166
11
413
488
2224
506
9057
830
11
488
628
7538
310
9057
830
478
585
1332
25
198
262
471
264
2564
585
2564
292
198
262
471
830
478
585
2564
307
198
262
471
9057
830
478
585
369
524
303
866
314
279
3743
26126
6987
262
357
9057
492
369
3743
413
1017
6513
1010
9581
318
75
5150
11
427
5150
8
1680
421
324
5150
2564
492
2564
427
5150
13
198
1031
262
17167
25
198
285
307
25
561
1324
314
30308
318
17
2564
307
2564
220
16
15
61
16
17
8
198
285
295
25
561
1324
314
3743
26126
318
15
2564
295
2564
220
17
9
16
15
61
19
8
198
285
264
25
561
7776
7538
1331
318
16
2564
264
2564
292
2564
220
17
15
8
198
285
292
25
561
6966
7538
1331
198
285
3743
87682
25
1697
314
43716
318
75
5150
11
427
5150
8
13661
3743
26126
13
198
2467
561
26126
513
10300
321
2397
27335
87502
13
198
1031
262
5019
25
198
285
2912
413
424
579
3102
310
5372
9057
307
494
9057
220
16
11
3439
5752
13
198
1031
262
11765
628
1243
595
6018
7
17
19
11
220
17
11
220
18
11
220
20
11
17294
22
11
220
23
681
318
16
22
11
220
17
15
45047
198
262
2912
198
262
11765
628
1243
595
6018
7
18
15
11
220
16
11
220
20
11
220
23
11
17294
19
11
220
17
19
45047
198
262
3439
198
262
11765
628
1243
595
6018
7
16
15
15
11
220
19
11
220
16
15
11
220
16
16
11
17294
16
21
11
220
16
23
681
318
18
24
11
220
19
17
681
318
20
15
11
220
20
20
681
318
24
18
11
220
24
24
45047
198
262
2912
198
262
4071
271
727
1716
69574
1590
198
262
653
3284
4886
494
279
3377
198
262
1992
8871
7
17
19
11
220
17
11
220
18
11
220
20
11
17294
22
11
220
23
681
318
16
22
11
220
17
15
45047
606
2912
198
262
1992
8871
7
18
15
11
220
16
11
220
20
11
220
23
11
17294
19
11
220
17
19
45047
606
2912
198
262
1992
8871
7
16
15
15
11
220
19
11
220
16
15
11
220
16
16
11
17294
16
21
11
220
16
23
681
318
18
24
11
220
19
17
681
318
20
15
11
220
20
20
681
318
24
18
11
220
24
24
45047
606
2912
6987
262
653
22484
1228
4886
198
262
1992
8871
7
18
11
220
16
11
220
16
11
220
16
11
17294
17
11
220
17
45047
606
3439
198
262
1992
8871
7
16
19
24
11
220
15
11
220
22
11
220
16
18
11
40784
606
2912
198
262
1992
8871
7
22
21
11
220
15
11
220
16
19
11
220
16
19
11
40784
606
3439
198
262
1992
8871
7
16
21
22
11
220
16
11
220
16
16
11
220
16
21
11
17294
17
11
220
18
45047
606
2912
198
262
1992
8871
7
16
15
15
15
15
15
15
15
15
15
15
15
15
11
220
20
11
220
20
11
220
17
15
11
17294
17
11
220
18
681
318
16
15
11
220
16
20
681
318
24
24
11
220
16
15
15
681
318
17
15
15
11
220
17
15
15
681
318
24
24
24
24
24
24
24
24
24
24
24
24
11
220
24
24
24
24
24
24
24
24
24
24
24
24
45047
606
2912
6987
262
653
3284
440
5081
3743
26126
198
262
1992
8871
7
17
15
11
220
21
11
220
17
11
220
18
11
17294
17
11
220
17
681
318
18
11
220
18
681
318
19
11
220
19
681
318
20
11
220
20
681
318
22
11
220
22
681
318
24
11
220
24
45047
606
3439
198
262
1992
8871
7
17
20
11
220
21
11
220
19
11
220
16
17
11
17294
17
11
220
19
681
318
21
11
220
24
681
318
16
16
11
220
16
20
681
318
16
21
11
220
16
21
681
318
16
23
11
220
16
24
681
318
17
16
11
220
17
19
45047
606
2912
6987
262
653
10041
4886
198
262
1992
8871
7
16
15
22
11
220
16
17
11
220
16
17
11
220
16
17
11
17294
17
11
220
20
681
318
21
11
220
24
681
318
16
15
11
220
16
18
681
318
16
20
11
220
16
24
681
318
17
16
11
220
17
16
681
318
17
18
11
220
17
18
681
318
17
19
11
220
17
19
681
318
17
20
11
220
17
22
681
318
17
23
11
220
18
15
681
318
18
17
11
220
18
18
681
318
18
20
11
220
18
22
681
318
18
24
11
220
19
18
45047
606
3439
198
262
1992
8871
7
16
17
24
11
220
17
20
11
220
16
11
220
16
16
11
17294
17
11
220
17
681
318
18
11
220
21
681
318
22
11
220
24
681
318
16
15
11
220
16
18
681
318
16
19
11
220
16
19
681
318
16
20
11
220
16
20
681
318
16
21
11
220
16
22
681
318
16
23
11
220
17
15
681
318
17
17
11
220
17
18
681
318
17
20
11
220
17
24
681
318
18
16
11
220
18
20
681
318
18
22
11
220
18
22
681
318
18
23
11
220
19
15
681
318
19
16
11
220
19
18
681
318
19
19
11
220
19
20
681
318
19
21
11
220
20
15
681
318
20
16
11
220
20
16
681
318
20
18
11
220
20
18
681
318
20
19
11
220
20
23
681
318
21
15
11
220
21
15
681
318
21
17
11
220
21
20
681
318
21
21
11
220
22
15
681
318
22
17
11
220
22
20
681
318
22
21
11
220
22
22
681
318
22
24
11
220
23
15
45047
606
3439
198
262
1992
8871
7
22
24
11
220
16
23
11
220
16
24
11
220
17
15
11
17294
17
11
220
22
681
318
24
11
220
24
681
318
16
15
11
220
16
20
681
318
16
22
11
220
17
17
681
318
17
19
11
220
17
22
681
318
17
24
11
220
18
18
681
318
18
20
11
220
18
22
681
318
18
23
11
220
19
15
681
318
19
17
11
220
19
18
681
318
19
19
11
220
19
22
681
318
19
24
11
220
20
16
681
318
20
17
11
220
20
18
681
318
20
19
11
220
20
20
681
318
20
21
11
220
21
15
681
318
21
17
11
220
21
22
681
318
21
23
11
220
22
15
681
318
22
16
11
220
22
19
681
318
22
21
11
220
22
23
45047
606
3439
198
262
1992
8871
7
16
17
24
11
220
16
21
11
220
16
11
220
20
11
17294
17
11
220
17
681
318
18
11
220
19
681
318
21
11
220
22
681
318
23
11
220
16
15
681
318
16
16
11
220
16
16
681
318
16
18
11
220
16
18
681
318
16
20
11
220
16
22
681
318
16
24
11
220
17
15
681
318
17
16
11
220
17
18
681
318
17
20
11
220
17
22
681
318
17
24
11
220
18
15
681
318
18
17
11
220
18
19
681
318
18
20
11
220
18
20
681
318
18
22
11
220
18
22
681
318
18
23
11
220
18
23
681
318
18
24
11
220
19
16
45047
606
3439
198
262
1992
8871
7
18
15
11
220
17
23
11
220
16
11
220
16
11
17294
17
11
220
17
681
318
18
11
220
18
681
318
19
11
220
19
681
318
20
11
220
20
681
318
21
11
220
21
681
318
22
11
220
22
681
318
23
11
220
23
681
318
24
11
220
24
681
318
16
15
11
220
16
15
681
318
16
16
11
220
16
16
681
318
16
17
11
220
16
17
681
318
16
18
11
220
16
18
681
318
16
19
11
220
16
19
681
318
16
20
11
220
16
20
681
318
16
21
11
220
16
21
681
318
16
22
11
220
16
22
681
318
16
23
11
220
16
23
681
318
16
24
11
220
16
24
681
318
17
15
11
220
17
15
681
318
17
16
11
220
17
16
681
318
17
17
11
220
17
17
681
318
17
18
11
220
17
18
681
318
17
19
11
220
17
19
681
318
17
20
11
220
17
20
681
318
17
21
11
220
17
21
681
318
17
22
11
220
17
22
681
318
17
23
11
220
17
23
681
318
17
24
11
220
17
24
45047
606
3439
198
262
1992
8871
7
16
15
19
11
220
17
11
220
20
11
220
16
20
11
17294
17
11
220
19
681
318
21
11
220
21
45047
606
2912
198
262
1992
8871
7
19
24
11
220
18
11
220
16
23
11
220
17
15
11
17294
17
11
220
18
681
318
20
11
220
22
681
318
23
11
220
16
16
45047
606
3439
198
262
1992
8871
7
21
20
11
220
23
11
220
16
18
11
220
16
18
11
17294
17
11
220
18
681
318
19
11
220
20
681
318
22
11
220
22
681
318
24
11
220
16
15
681
318
16
16
11
220
16
16
681
318
16
18
11
220
16
19
681
318
16
20
11
220
16
20
681
318
16
22
11
220
16
23
45047
606
3439
198
262
1992
8871
7
24
15
11
220
19
11
220
16
23
11
220
17
15
11
17294
17
11
220
20
681
318
21
11
220
22
681
318
23
11
220
24
681
318
16
15
11
220
16
15
45047
606
3439
198
262
1992
8871
7
16
15
21
11
220
22
11
220
16
23
11
220
16
23
11
17294
17
11
220
18
681
318
19
11
220
20
681
318
21
11
220
22
681
318
23
11
220
23
681
318
16
15
11
220
16
16
681
318
16
17
11
220
16
18
681
318
16
19
11
220
16
20
45047
606
3439
198
262
1992
8871
7
16
23
20
11
220
21
11
220
16
23
11
220
16
23
11
17294
17
11
220
17
681
318
18
11
220
18
681
318
20
11
220
20
681
318
21
11
220
21
681
318
22
11
220
22
681
318
24
11
220
24
45047
606
3439
198
262
1992
8871
7
19
24
11
220
21
11
220
16
24
11
220
16
24
11
17294
17
11
220
19
681
318
20
11
220
22
681
318
24
11
220
24
681
318
16
15
11
220
16
17
681
318
16
18
11
220
16
18
681
318
16
20
11
220
16
22
45047
606
3439
198
262
1992
8871
7
16
23
19
11
220
18
15
11
220
20
11
220
16
21
11
17294
17
11
220
17
681
318
19
11
220
19
681
318
21
11
220
21
681
318
23
11
220
23
681
318
16
15
11
220
16
15
681
318
16
17
11
220
16
17
681
318
16
19
11
220
16
19
681
318
16
20
11
220
16
20
681
318
16
21
11
220
16
21
681
318
16
22
11
220
16
22
681
318
16
23
11
220
16
23
681
318
17
15
11
220
17
15
681
318
17
17
11
220
17
17
681
318
17
18
11
220
17
18
681
318
17
19
11
220
17
19
681
318
17
20
11
220
17
20
681
318
17
22
11
220
17
22
681
318
17
24
11
220
17
24
681
318
18
16
11
220
18
16
681
318
18
17
11
220
18
17
681
318
18
18
11
220
18
18
681
318
18
20
11
220
18
20
681
318
18
22
11
220
18
22
681
318
18
24
11
220
18
24
681
318
19
15
11
220
19
15
681
318
19
16
11
220
19
16
681
318
19
17
11
220
19
17
681
318
19
18
11
220
19
18
681
318
19
20
11
220
19
20
681
318
19
22
11
220
19
22
45047
606
2912
271
2
5272
1716
87533
1243
595
6018
8
310
1542
6813
13
198
71093
248046
198
248045
74455
198
71093
12305
198
1445
18904
1120
1697
11
23846
198
464
14410
431
1358
727
628
1243
595
6018
1393
25
514
11
295
25
514
11
264
25
514
11
292
25
514
11
3743
87682
25
1697
19723
5871
18078
11
514
28649
1411
1744
25
198
262
4071
28924
413
424
579
3102
310
3166
494
9057
220
16
310
9057
443
539
18253
28055
13
198
1031
262
2532
513
443
30308
26899
303
264
2713
11
28853
220
16
310
443
13
1394
1151
506
9057
220
16
321
1318
310
5372
9057
443
13
198
262
733
1754
3166
11
413
488
2224
506
9057
830
11
488
628
7538
310
9057
830
478
585
1332
25
198
262
471
264
2564
585
2564
292
198
262
471
830
478
585
2564
307
198
262
471
9057
830
478
585
369
524
303
866
314
279
3743
26126
6987
262
357
9057
492
369
3743
413
1017
6513
1010
9581
318
75
5150
11
427
5150
8
1680
421
324
5150
2564
492
2564
427
5150
13
198
1031
262
17167
25
198
285
307
25
561
1324
314
30308
318
17
2564
307
2564
220
16
15
61
16
17
8
198
285
295
25
561
1324
314
3743
26126
318
15
2564
295
2564
220
17
9
16
15
61
19
8
198
285
264
25
561
7776
7538
1331
318
16
2564
264
2564
292
2564
220
17
15
8
198
285
292
25
561
6966
7538
1331
198
285
3743
87682
25
1697
314
43716
318
75
5150
11
427
5150
8
13661
3743
26126
13
198
2467
561
26126
513
10300
321
2397
27335
87502
13
198
1031
262
5019
25
198
285
2912
413
424
579
3102
310
5372
9057
307
494
9057
220
16
11
3439
5752
13
198
262
4071
198
262
653
1368
307
606
220
16
11
567
2224
2582
1017
198
262
413
307
606
220
16
25
198
285
460
2912
6987
262
653
4091
264
716
314
3743
30308
364
3841
18054
11
694
2394
3743
87682
628
3311
3349
20629
11
198
262
653
567
1144
264
44926
5313
13
8439
292
369
2526
318
7946
220
17
15
681
567
628
3627
65975
30308
303
264
3136
13
198
1031
262
653
5339
11
1042
579
3579
279
1105
1332
292
369
2526
318
7949
424
2590
369
11
2564
220
17
15
553
198
262
653
1165
628
958
264
32713
3136
5313
13
1165
3627
864
30308
513
65975
13
198
262
653
8439
33075
513
506
1379
292
11
567
1132
1144
310
5909
5372
2803
364
279
1483
292
30308
13
198
1031
262
653
1921
307
628
381
685
310
220
16
15
61
16
17
11
748
567
628
914
28662
888
660
30308
13
198
262
653
4213
11
2394
264
321
292
513
2526
11
279
5215
314
65975
30308
2493
3512
37073
13
198
262
653
2441
567
628
958
279
2029
421
3743
26126
513
32335
318
76
2564
220
17
15
15
15
15
553
198
1031
262
653
6558
579
1683
883
424
20648
13
1165
599
3743
26126
13
26260
3743
26126
11
1017
513
328
17981
1
13211
13
198
262
653
23475
264
1603
5364
318
2083
3743
30308
681
413
567
628
5372
866
9057
11
567
2493
381
2858
310
5372
3672
13
198
1031
262
653
8439
292
369
2526
318
7946
220
17
15
681
494
866
9057
830
11
567
628
5372
30308
830
54938
11
830
54938
10
16
11
58317
830
33932
318
331
781
2905
321
513
1603
553
198
1031
262
653
5141
19407
25
561
716
314
65975
30308
628
381
23424
15773
722
13
8439
292
2564
220
17
15
11
279
328
5334
1
314
9468
3555
30308
369
2526
13
198
262
653
1165
628
10000
264
716
314
65975
30308
303
279
1428
3136
13
1921
567
1144
310
10390
888
3743
26126
28750
13
198
1031
262
653
39752
5313
25
5272
264
40565
466
32713
3136
314
5372
2803
2552
13
198
262
653
6558
65975
8065
60
381
2912
413
9057
830
369
65975
13
198
262
653
65975
58
16
60
283
2912
318
2388
8
198
262
653
1690
830
494
220
17
310
307
25
198
262
653
256
413
830
369
3743
11
65975
8065
60
283
3439
198
262
653
256
745
25
65975
8065
60
283
866
5620
74641
8065
17076
60
364
585
303
2020
2784
11
292
10
16
8
413
830
17076
2518
220
16
8
198
1031
262
653
1921
307
369
685
310
220
16
15
61
16
17
11
748
567
628
914
28662
799
539
799
13
1165
1144
310
10390
20629
13
198
1031
262
653
49283
25
8340
26126
13
26260
3743
26126
11
1017
513
64258
1603
30308
13
198
262
653
23475
264
64258
1603
5364
11
279
5372
2803
5215
2493
599
264
4031
466
628
381
23424
28750
13
198
1031
262
653
8439
292
369
2526
11
279
23285
369
1132
383
279
3555
292
30308
13
1987
413
567
599
264
64258
1603
5364
314
2984
436
11
198
262
653
321
567
1366
279
5372
2803
314
279
1483
292
30308
1518
279
5364
11
567
628
12204
5372
2803
364
279
4307
5364
13
198
262
653
1921
436
628
381
1546
3349
11
748
567
1144
310
1423
264
10458
466
958
5979
26793
6880
593
13094
72632
13
198
1031
262
653
32645
11
1042
579
1683
25
2785
264
64258
1603
9933
11
279
72632
369
25
198
262
653
65975
8065
60
283
2639
314
65975
8065
1402
60
310
65975
8065
7174
60
198
262
653
1061
369
264
13094
72632
888
2623
2663
13
561
1528
369
279
1483
292
2663
13
198
262
653
8439
292
2564
220
17
15
11
279
1528
3433
369
220
17
61
17
15
864
369
883
220
16
15
61
21
11
864
369
67657
694
2493
381
9990
13
198
262
653
1921
567
1459
914
1144
310
12804
660
5134
26
567
628
36213
321
1353
364
23709
13
198
1031
262
653
4213
11
1017
579
264
33153
21254
25
2394
292
2564
220
17
15
11
279
6966
12558
1881
65975
30308
369
506
1379
292
13
198
262
653
32645
11
777
22898
11
413
567
599
264
64258
2424
314
1603
30308
11
321
567
3599
424
440
1010
65975
30308
11
198
262
653
279
5215
314
65975
30308
303
279
1603
2424
668
9297
3512
37073
440
4031
506
1379
220
17
61
65
13
198
1031
262
653
1921
220
17
61
17
15
369
883
264
3410
11
321
567
2493
599
1599
3743
26126
13
6558
579
1436
413
567
628
635
2577
13
198
1031
262
653
12908
5313
25
2394
264
321
292
513
2526
11
1042
579
1066
36213
694
10390
888
3743
26126
13
198
262
653
1165
3172
10000
264
716
314
65975
30308
303
279
328
5334
1
498
3127
471
292
11
1428
906
198
262
653
1165
1817
30308
799
539
799
11
694
948
567
2224
303
264
1603
5364
11
567
628
12204
1599
30308
506
2957
413
279
5215
369
14733
13
198
1031
262
653
6558
728
1380
264
2086
5313
25
1817
4216
506
279
22005
314
3743
26126
13
198
1031
262
653
14392
220
16
25
62366
660
328
84540
1
3387
25
220
16
11
307
11
321
279
22005
314
3743
26126
13
198
262
653
32645
11
1042
579
1791
264
1103
314
328
17981
1
20006
318
747
26162
20629
314
1603
30308
553
198
1031
262
653
5339
11
10562
321
3269
3743
26126
318
19458
2224
2582
10300
321
2397
27335
87502
791
279
4479
889
11
694
1042
579
381
5902
553
198
262
653
32645
11
279
4479
889
2640
781
2224
10300
321
2397
27335
87502
13
198
1031
262
653
6558
579
1791
1603
20006
13
357
1603
9933
369
264
51344
64258
2020
314
30308
421
513
524
303
866
3743
9581
13
198
262
653
15161
220
16
1902
381
1603
318
57913
567
628
914
1151
1076
694
3655
11
413
9057
220
16
369
3743
11
567
628
914
381
1017
11
748
460
3439
553
198
262
653
32645
11
279
3377
2640
567
1151
506
9057
220
16
13
1368
9057
220
16
369
3743
11
567
628
914
1151
11
748
3439
13
198
1031
262
653
6558
579
1716
413
9057
220
16
369
3743
13
198
262
687
369
33067
90696
11
3743
87682
1590
198
285
4071
3840
413
264
9057
369
303
866
3743
9581
71483
198
285
653
5272
7620
2624
198
285
653
3743
87682
369
10300
539
324
5150
198
285
6961
283
14410
431
918
284
431
10226
1818
327
87682
11
318
27421
11
2153
482
13180
47065
198
285
413
6961
835
220
15
25
198
309
324
11
427
283
3743
87682
11264
471
220
16
60
198
309
413
324
2564
17492
2564
427
25
198
388
460
2912
198
285
460
3439
6987
262
653
13428
11
14410
431
10226
383
43716
25
318
27421
11
3996
8
668
2873
586
279
1118
9581
1332
324
835
17492
466
279
809
13
198
262
653
6558
579
958
14410
431
9293
383
279
1103
314
324
2663
13
198
1031
262
653
22703
5313
25
1791
264
1103
314
3743
9581
8211
321
10029
13
198
1031
262
653
6558
579
1066
28662
1472
3743
26126
310
1716
413
17492
369
3743
13
198
262
687
369
33067
2200
17
90696
11
3743
87682
1590
198
285
413
524
3743
87682
25
198
309
460
3439
198
285
653
7145
279
9581
440
324
2564
17492
1608
14410
431
10226
383
279
1103
314
324
579
198
285
8211
283
498
26998
58
15
60
364
9581
303
3743
87682
60
198
285
6961
283
14410
431
918
284
431
10226
10324
82
11
17492
8
471
220
16
198
285
413
6961
361
220
15
25
198
309
460
3439
198
285
324
11
427
283
3743
87682
11264
60
198
285
460
324
2564
17492
2564
427
6987
262
653
4109
413
1151
369
3743
198
262
413
369
33067
2200
17
7
16
11
3743
87682
1590
198
285
460
3439
6987
262
653
4109
413
307
369
3743
198
262
413
369
33067
2200
17
1393
11
3743
87682
1590
198
285
460
3439
6987
262
653
4543
11
1042
579
1817
1603
20006
13
198
262
653
4091
1603
20006
25
20629
498
2388
11
809
60
1332
660
30308
513
1603
13
198
262
1603
53865
283
2958
198
1031
262
1428
283
220
16
198
262
364
324
11
427
303
3743
87682
25
198
285
653
7441
9933
494
1428
310
324
12
16
318
331
1428
2564
324
12
16
8
198
285
413
1428
2564
324
471
220
16
25
198
309
1603
53865
1989
1148
3127
11
324
471
220
16
578
198
285
653
24963
279
3743
9581
198
285
1428
283
427
478
220
16
6987
262
653
4486
660
3743
26126
11
413
1017
579
264
1603
9933
685
310
307
198
262
413
1428
2564
307
25
198
285
1603
53865
1989
1148
3127
11
307
578
198
1031
262
653
4543
11
1817
1754
1603
9933
13
1165
1144
310
3627
864
30308
303
279
9933
513
65975
13
198
262
653
1165
1151
440
65975
58
16
60
283
2912
13
198
1031
262
653
1690
1754
1603
9933
498
82
11
378
1089
567
1144
310
1366
279
5372
2803
314
30308
494
1866
7
16
11
274
1402
8
310
274
12
16
318
331
866
553
198
262
653
4844
567
12204
5372
2803
364
30308
274
310
378
13
198
1031
262
653
8439
292
369
2526
11
567
628
10000
264
40565
314
279
1483
292
5372
2803
2663
13
198
1031
262
653
6558
579
10000
264
10675
92524
314
65975
30308
364
279
328
5334
1
1066
1518
321
2785
279
1428
1603
9933
13
198
1031
262
653
32645
11
1042
579
1066
36213
9057
539
9057
11
694
958
279
1603
20006
310
10390
3743
30308
13
198
262
653
8439
292
2564
220
17
15
11
567
1132
1144
310
1353
1142
506
1379
220
17
15
30308
13
198
1031
262
653
1165
3172
10000
264
716
314
65975
30308
303
279
1428
3136
13
198
262
653
6558
579
958
264
2623
1287
466
264
716
364
279
1483
292
30308
13
198
1031
262
653
8439
307
628
381
3349
11
694
279
1324
314
1603
20006
369
506
1379
295
10
16
2564
220
17
15
15
15
16
11
321
2785
1754
1603
9933
11
695
262
653
567
2493
1144
310
1817
1599
30308
13
1921
279
5215
314
5372
2803
2785
264
1603
9933
668
3512
37073
13
198
1031
262
653
1690
264
1603
9933
314
2984
436
11
440
2763
1528
318
4119
292
5372
2803
2663
681
279
5372
2803
314
16905
30308
198
262
653
10695
264
72632
13
1165
628
36213
321
10817
23709
13
198
1031
262
653
6558
579
4072
411
2923
539
2923
13
198
1031
262
653
65975
8065
60
364
830
303
3110
3162
198
262
653
1165
3172
958
264
40565
466
1103
310
3436
5372
2803
364
279
1483
292
30308
13
198
1031
262
653
8736
25
1518
8427
866
1603
20006
11
567
599
9057
220
16
65975
13
198
262
653
6558
579
3627
5372
2803
364
30308
5732
494
220
16
13
198
1031
262
653
1690
14588
11
1042
579
2426
264
10675
314
65975
30308
11
694
1132
364
279
1483
292
30308
13
198
1031
262
653
6558
579
1817
1603
20006
799
539
799
13
198
1031
262
653
12851
279
1118
1603
9933
11
567
1144
310
3579
30308
494
220
16
310
279
1151
314
279
1118
1603
9933
13
198
262
653
561
1118
1603
9933
8211
506
220
16
318
10957
9057
220
16
369
1603
553
198
1031
262
653
6558
579
2426
3627
314
279
1428
9057
567
2224
8427
13
198
262
1428
45676
283
220
16
198
262
653
65975
25
716
314
30308
421
513
65975
318
868
1132
1144
279
1483
292
11
694
1042
579
2426
264
6249
364
30246
8
198
262
65975
283
716
363
198
262
65975
1316
7
16
8
198
1031
262
653
1690
1754
1603
9933
198
262
364
4657
4747
11
4657
6018
303
1603
53865
25
198
285
653
1165
1144
310
1817
30308
494
4657
4747
310
4657
6018
13
198
285
653
1921
567
2493
599
2582
14789
1010
30308
1518
4657
4747
318
1445
3555
20006
553
198
285
653
6558
579
5790
567
1817
494
1866
8497
45676
11
4657
4747
8
310
4657
6018
13
198
1726
285
1151
283
1866
8497
45676
11
4657
4747
8
198
285
413
1151
835
4657
6018
25
198
309
2962
8675
285
653
1690
30308
494
1151
310
4657
6018
11
781
513
660
1603
13
198
285
653
1165
1144
310
12204
5372
2803
364
1754
13
198
1726
285
653
1946
635
411
28750
11
1042
579
10000
279
5372
2803
2552
364
279
1483
292
30308
13
198
285
653
1165
3172
958
264
40565
314
688
93655
364
30308
498
3127
45676
471
292
11
1428
45676
471
220
16
60
321
1428
13
198
1726
285
653
32645
11
1042
579
1066
28662
494
1151
310
4657
6018
11
321
364
1754
9057
11
1716
413
866
9057
303
498
87
1402
11
830
7174
60
369
65975
13
198
1726
285
653
1921
413
4657
6018
471
1151
369
1546
3349
11
411
1362
381
6103
13
4213
11
279
5372
2803
5215
668
10458
13
198
285
653
6558
579
36213
321
10817
23709
13
198
1726
285
653
1690
264
1603
9933
11
279
72632
369
25
198
285
653
65975
8065
60
283
866
5620
74641
8065
17076
60
364
585
303
2020
2784
11
292
10
16
8
413
830
17076
2518
220
16
8
198
1726
285
653
561
1528
506
9057
830
369
279
13992
318
44996
8065
1402
10
16
1089
58317
65975
8065
10381
198
285
653
2532
513
506
1379
220
17
61
65
3102
5134
13
8439
292
2564
220
17
15
11
220
17
61
17
15
211614
220
16
15
61
21
13
198
1726
285
653
6558
579
36213
494
1151
11
321
413
567
10817
264
10458
11
567
628
10390
8047
13
198
1726
285
653
5339
11
1042
579
5790
567
599
279
5372
2803
314
279
1483
292
30308
1518
1151
13
198
285
653
4081
513
30308
494
1866
7
16
11
1151
1402
8
310
1151
12
16
13
198
1726
285
653
6558
579
1791
264
709
310
615
5372
2803
314
264
9057
13
198
285
653
1165
3172
3436
65975
30308
303
264
716
364
30308
567
2908
14789
13
198
1726
285
687
615
1243
74641
90696
1590
198
309
460
17492
303
65975
8675
285
653
4543
11
36213
494
1151
310
4657
6018
13
198
285
653
13262
3627
314
279
1528
318
4119
292
5372
2803
2663
8
310
10817
23709
13
198
1726
285
653
3130
506
9057
830
318
1891
830
2518
1151
1590
279
13992
314
5372
2803
364
30308
498
87
1402
10
16
11
830
1089
694
567
1144
310
381
16097
440
279
1857
13
198
285
653
6558
579
6762
279
1528
1238
8427
9057
830
430
279
13992
318
447
1243
74641
2007
1402
10
16
681
58317
615
1243
74641
2007
4430
198
285
653
1368
830
361
1151
11
567
1144
310
12204
1782
2663
1118
13
198
1726
285
653
6558
579
1118
12204
5372
2803
364
30308
494
1151
310
1262
10324
478
220
17
32176
11
4657
6018
8
310
5517
2763
5134
13
198
285
653
32645
11
1042
579
1066
36213
321
3436
279
1528
506
1754
9057
13
198
1726
285
653
1946
10817
23709
11
567
1144
279
1528
310
2830
279
1483
292
2663
13
561
1528
506
9057
830
369
318
44996
8065
1402
10
16
1089
58317
65975
8065
10381
198
285
653
1921
364
830
361
1151
11
567
1144
310
12204
1782
2663
13
6558
579
12204
494
1866
7
16
11
4657
4747
471
292
8
310
4657
4747
471
220
16
13
198
1726
285
653
32645
11
2394
4657
4747
369
279
1151
314
264
1603
9933
11
321
567
2908
14789
3555
20006
11
695
285
653
567
1220
599
23424
5372
2803
685
310
4657
4747
471
220
16
2582
13
198
1726
285
653
6558
579
5790
421
567
599
23424
5372
2803
364
660
30308
494
220
16
310
4657
4747
471
220
16
13
198
285
653
1061
1220
381
279
1105
2394
567
1817
1603
20006
303
1906
13
198
1726
285
653
4543
11
364
279
1428
1603
9933
11
1042
579
36213
13
198
1726
285
653
1165
3172
3436
279
1528
318
4119
292
5372
2803
2663
8
364
1754
9057
494
1151
57419
13
198
285
653
1528
8065
60
283
318
447
1243
74641
2007
1402
10
16
681
615
1243
74641
2007
1402
10
17
681
58317
615
1243
74641
2007
578
198
1726
285
653
1946
3462
3433
11
567
628
3436
1066
279
1857
314
279
1528
303
264
1103
314
3753
5134
13
198
1726
285
3753
22257
283
4535
220
653
1528
21102
1411
1857
303
279
18465
198
285
18465
13183
283
2958
220
653
1103
314
688
93655
25
65975
8065
60
364
830
494
1151
57419
8675
285
653
5339
11
1042
579
12204
279
2763
1528
506
9057
1151
12
16
13
198
285
653
561
1528
506
9057
1151
12
16
369
318
447
1243
74641
10324
1402
681
58317
615
1243
74641
10324
12
16
4430
198
1726
285
653
6558
579
36213
494
1151
310
4657
6018
13
198
285
830
283
1151
198
285
1345
830
2564
4657
6018
25
198
309
653
21902
65975
8065
60
198
309
653
4109
30308
494
830
1402
310
830
7174
198
309
628
1243
595
283
3439
198
309
364
585
303
2020
2784
11
292
478
220
16
1590
198
388
7624
283
830
471
585
198
388
413
7624
2518
220
16
25
198
493
413
615
1243
74641
30738
1590
198
646
628
1243
595
283
2912
198
646
1387
18015
309
413
628
1243
595
25
198
388
65975
1316
2007
8
198
3265
309
653
21902
279
1528
506
9057
830
25
1483
292
5372
2803
2663
198
309
653
3130
369
318
44996
8065
1402
10
16
1089
58317
65975
8065
2387
198
309
653
6817
25
413
830
1402
10
16
361
220
16
11
567
10694
440
3439
466
3579
33744
13
198
309
1528
21102
283
2958
198
309
364
492
303
2020
2007
471
292
478
220
16
11
830
478
220
16
1590
198
388
413
492
361
220
16
25
198
493
1528
21102
1989
22274
8
198
388
745
25
198
493
1528
21102
1989
5264
1243
74641
3216
578
198
309
1528
21102
283
13992
8130
21102
8
198
3265
309
413
1528
21102
303
3753
22257
25
198
388
653
39928
16022
0
198
388
7624
7031
283
3753
22257
53990
21102
60
198
388
10458
4956
283
2343
46169
2820
13183
8
471
7624
7031
198
388
9376
283
4657
6018
471
830
198
388
653
24963
8047
539
9376
434
10458
4956
348
10458
4956
198
388
10390
283
318
42000
434
10458
4956
8
348
10458
4956
198
388
830
1373
10390
198
388
653
14569
18465
494
830
198
388
2962
18015
309
3753
22257
53990
21102
60
283
2343
46169
2820
13183
8
198
309
18465
13183
1989
87533
1243
595
8
198
3265
309
830
1373
220
16
8675
285
1428
45676
283
4657
6018
478
220
16
6987
262
460
307
303
65975
1358
727
1716
69574
1590
198
262
653
3284
4886
494
279
3377
198
262
1992
8871
7
17
19
11
220
17
11
220
18
11
220
20
11
17294
22
11
220
23
681
318
16
22
11
220
17
15
45047
606
2912
198
262
1992
8871
7
18
15
11
220
16
11
220
20
11
220
23
11
17294
19
11
220
17
19
45047
606
2912
198
262
1992
8871
7
16
15
15
11
220
19
11
220
16
15
11
220
16
16
11
17294
16
21
11
220
16
23
681
318
18
24
11
220
19
17
681
318
20
15
11
220
20
20
681
318
24
18
11
220
24
24
45047
606
2912
6987
262
653
22484
1228
4886
198
262
1992
8871
7
18
11
220
16
11
220
16
11
220
16
11
17294
17
11
220
17
45047
606
3439
198
262
1992
8871
7
16
19
24
11
220
15
11
220
22
11
220
16
18
11
40784
606
2912
198
262
1992
8871
7
22
21
11
220
15
11
220
16
19
11
220
16
19
11
40784
606
3439
198
262
1992
8871
7
16
21
22
11
220
16
11
220
16
16
11
220
16
21
11
17294
17
11
220
18
45047
606
2912
198
262
1992
8871
7
16
15
15
15
15
15
15
15
15
15
15
15
15
11
220
20
11
220
20
11
220
17
15
11
17294
17
11
220
18
681
318
16
15
11
220
16
20
681
318
24
24
11
220
16
15
15
681
318
17
15
15
11
220
17
15
15
681
318
24
24
24
24
24
24
24
24
24
24
24
24
11
220
24
24
24
24
24
24
24
24
24
24
24
24
45047
606
2912
6987
262
653
3284
440
5081
3743
26126
198
262
1992
8871
7
17
15
11
220
21
11
220
17
11
220
18
11
17294
17
11
220
17
681
318
18
11
220
18
681
318
19
11
220
19
681
318
20
11
220
20
681
318
22
11
220
22
681
318
24
11
220
24
45047
606
3439
198
262
1992
8871
7
17
20
11
220
21
11
220
19
11
220
16
17
11
17294
17
11
220
19
681
318
21
11
220
24
681
318
16
16
11
220
16
20
681
318
16
21
11
220
16
21
681
318
16
23
11
220
16
24
681
318
17
16
11
220
17
19
45047
606
2912
6987
262
653
10041
4886
198
262
1992
8871
7
16
15
22
11
220
16
17
11
220
16
17
11
220
16
17
11
17294
17
11
220
20
681
318
21
11
220
24
681
318
16
15
11
220
16
18
681
318
16
20
11
220
16
24
681
318
17
16
11
220
17
16
681
318
17
18
11
220
17
18
681
318
17
19
11
220
17
19
681
318
17
20
11
220
17
22
681
318
17
23
11
220
18
15
681
318
18
17
11
220
18
18
681
318
18
20
11
220
18
22
681
318
18
24
11
220
19
18
45047
606
3439
198
262
1992
8871
7
16
17
24
11
220
17
20
11
220
16
11
220
16
16
11
17294
17
11
220
17
681
318
18
11
220
21
681
318
22
11
220
24
681
318
16
15
11
220
16
18
681
318
16
19
11
220
16
19
681
318
16
20
11
220
16
20
681
318
16
21
11
220
16
22
681
318
16
23
11
220
17
15
681
318
17
17
11
220
17
18
681
318
17
20
11
220
17
24
681
318
18
16
11
220
18
20
681
318
18
22
11
220
18
22
681
318
18
23
11
220
19
15
681
318
19
16
11
220
19
18
681
318
19
19
11
220
19
20
681
318
19
21
11
220
20
15
681
318
20
16
11
220
20
16
681
318
20
18
11
220
20
18
681
318
20
19
11
220
20
23
681
318
21
15
11
220
21
15
681
318
21
17
11
220
21
20
681
318
21
21
11
220
22
15
681
318
22
17
11
220
22
20
681
318
22
21
11
220
22
22
681
318
22
24
11
220
23
15
45047
606
3439
198
262
1992
8871
7
22
24
11
220
16
23
11
220
16
24
11
220
17
15
11
17294
17
11
220
22
681
318
24
11
220
24
681
318
16
15
11
220
16
20
681
318
16
22
11
220
17
17
681
318
17
19
11
220
17
22
681
318
17
24
11
220
18
18
681
318
18
20
11
220
18
22
681
318
18
23
11
220
19
15
681
318
19
17
11
220
19
18
681
318
19
19
11
220
19
22
681
318
19
24
11
220
20
16
681
318
20
17
11
220
20
18
681
318
20
19
11
220
20
20
681
318
20
21
11
220
21
15
681
318
21
17
11
220
21
22
681
318
21
23
11
220
22
15
681
318
22
16
11
220
22
19
681
318
22
21
11
220
22
23
45047
606
3439
198
262
1992
8871
7
16
17
24
11
220
16
21
11
220
16
11
220
20
11
17294
17
11
220
17
681
318
18
11
220
19
681
318
21
11
220
22
681
318
23
11
220
16
15
681
318
16
16
11
220
16
16
681
318
16
18
11
220
16
18
681
318
16
20
11
220
16
22
681
318
16
24
11
220
17
15
681
318
17
16
11
220
17
18
681
318
17
20
11
220
17
22
681
318
17
24
11
220
18
15
681
318
18
17
11
220
18
19
681
318
18
20
11
220
18
20
681
318
18
22
11
220
18
22
681
318
18
23
11
220
18
23
681
318
18
24
11
220
19
16
45047
606
3439
198
262
1992
8871
7
18
15
11
220
17
23
11
220
16
11
220
16
11
17294
17
11
220
17
681
318
18
11
220
18
681
318
19
11
220
19
681
318
20
11
220
20
681
318
21
11
220
21
681
318
22
11
220
22
681
318
23
11
220
23
681
318
24
11
220
24
681
318
16
15
11
220
16
15
681
318
16
16
11
220
16
16
681
318
16
17
11
220
16
17
681
318
16
18
11
220
16
18
681
318
16
19
11
220
16
19
681
318
16
20
11
220
16
20
681
318
16
21
11
220
16
21
681
318
16
22
11
220
16
22
681
318
16
23
11
220
16
23
681
318
16
24
11
220
16
24
681
318
17
15
11
220
17
15
681
318
17
16
11
220
17
16
681
318
17
17
11
220
17
17
681
318
17
18
11
220
17
18
681
318
17
19
11
220
17
19
681
318
17
20
11
220
17
20
681
318
17
21
11
220
17
21
681
318
17
22
11
220
17
22
681
318
17
23
11
220
17
23
681
318
17
24
11
220
17
24
45047
606
3439
198
262
1992
8871
7
16
15
19
11
220
17
11
220
20
11
220
16
20
11
17294
17
11
220
19
681
318
21
11
220
21
45047
606
2912
198
262
1992
8871
7
19
24
11
220
18
11
220
16
23
11
220
17
15
11
17294
17
11
220
18
681
318
20
11
220
22
681
318
23
11
220
16
16
45047
606
3439
198
262
1992
8871
7
21
20
11
220
23
11
220
16
18
11
220
16
18
11
17294
17
11
220
18
681
318
19
11
220
20
681
318
22
11
220
22
681
318
24
11
220
16
15
681
318
16
16
11
220
16
16
681
318
16
18
11
220
16
19
681
318
16
20
11
220
16
20
681
318
16
22
11
220
16
23
45047
606
3439
198
262
1992
8871
7
24
15
11
220
19
11
220
16
23
11
220
17
15
11
17294
17
11
220
20
681
318
21
11
220
22
681
318
23
11
220
24
681
318
16
15
11
220
16
15
45047
606
3439
198
262
1992
8871
7
16
15
21
11
220
22
11
220
16
23
11
220
16
23
11
17294
17
11
220
18
681
318
19
11
220
20
681
318
21
11
220
22
681
318
23
11
220
23
681
318
16
15
11
220
16
16
681
318
16
17
11
220
16
18
681
318
16
19
11
220
16
20
45047
606
3439
198
262
1992
8871
7
16
23
20
11
220
21
11
220
16
23
11
220
16
23
11
17294
17
11
220
17
681
318
18
11
220
18
681
318
20
11
220
20
681
318
21
11
220
21
681
318
22
11
220
22
681
318
24
11
220
24
45047
606
3439
198
262
1992
8871
7
19
24
11
220
21
11
220
16
24
11
220
16
24
11
17294
17
11
220
19
681
318
20
11
220
22
681
318
24
11
220
24
681
318
16
15
11
220
16
17
681
318
16
18
11
220
16
18
681
318
16
20
11
220
16
22
45047
606
3439
198
262
1992
8871
7
16
23
19
11
220
18
15
11
220
20
11
220
16
21
11
17294
17
11
220
17
681
318
19
11
220
19
681
318
21
11
220
21
681
318
23
11
220
23
681
318
16
15
11
220
16
15
681
318
16
17
11
220
16
17
681
318
16
19
11
220
16
19
681
318
16
20
11
220
16
20
681
318
16
21
11
220
16
21
681
318
16
22
11
220
16
22
681
318
16
23
11
220
16
23
681
318
17
15
11
220
17
15
681
318
17
17
11
220
17
17
681
318
17
18
11
220
17
18
681
318
17
19
11
220
17
19
681
318
17
20
11
220
17
20
681
318
17
22
11
220
17
22
681
318
17
24
11
220
17
24
681
318
18
16
11
220
18
16
681
318
18
17
11
220
18
17
681
318
18
18
11
220
18
18
681
318
18
20
11
220
18
20
681
318
18
22
11
220
18
22
681
318
18
24
11
220
18
24
681
318
19
15
11
220
19
15
681
318
19
16
11
220
19
16
681
318
19
17
11
220
19
17
681
318
19
18
11
220
19
18
681
318
19
20
11
220
19
20
681
318
19
22
11
220
19
22
45047
606
2912
271
2
5272
1716
87533
1243
595
6018
8
310
1542
6813
13
198
71093
248046
198
248045
846
198
7525
3555
4621
4490
279
6813
13
5514
579
279
1412
25
198
22407
359
79221
67065
1904
1385
74131
17594
782
30498
7393
1401
6073
7117
24382
680
1238
220
18
15
6283
987
1206
311
40138
11
411
369
678
3274
25
4310
279
2614
709
11618
321
4479
889
11
6999
4072
279
709
7246
321
1440
660
279
6813
13
2972
5683
4045
67305
3067
13209
50
159029
271
2523
1220
14623
279
1970
488
10490
303
264
64504
1970
2424
318
784
9609
31789
318
19458
668
31153
279
3889
5568
8
248046
198
248045
74455
198
248068
271
248069
271
71093
12305
198
1445
18904
1120
1697
11
23846
198
464
14410
431
1358
727
628
1243
595
6018
1393
25
514
11
295
25
514
11
264
25
514
11
292
25
514
11
3743
87682
25
1697
19723
5871
18078
11
514
28649
1411
1744
25
198
262
4071
28924
413
424
579
3102
310
3166
494
9057
220
16
310
9057
443
539
18253
28055
13
198
1031
262
2532
513
443
30308
26899
303
264
2713
11
28853
220
16
310
443
13
1394
1151
506
9057
220
16
321
1318
310
5372
9057
443
13
198
262
733
1754
3166
11
413
488
2224
506
9057
830
11
488
628
7538
310
9057
830
478
585
1332
25
198
262
471
264
2564
585
2564
292
198
262
471
830
478
585
2564
307
198
262
471
9057
830
478
585
369
524
303
866
314
279
3743
26126
6987
262
357
9057
492
369
3743
413
1017
6513
1010
9581
318
75
5150
11
427
5150
8
1680
421
324
5150
2564
492
2564
427
5150
13
198
1031
262
17167
25
198
285
307
25
561
1324
314
30308
318
17
2564
307
2564
220
16
15
61
16
17
8
198
285
295
25
561
1324
314
3743
26126
318
15
2564
295
2564
220
17
9
16
15
61
19
8
198
285
264
25
561
7776
7538
1331
318
16
2564
264
2564
292
2564
220
17
15
8
198
285
292
25
561
6966
7538
1331
198
285
3743
87682
25
1697
314
43716
318
75
5150
11
427
5150
8
13661
3743
26126
13
198
2467
561
26126
513
10300
321
2397
27335
87502
13
198
1031
262
5019
25
198
285
2912
413
424
579
3102
310
5372
9057
307
494
9057
220
16
11
3439
5752
13
198
262
4071
198
262
653
1368
307
606
220
16
11
567
2224
2582
1017
198
262
413
307
606
220
16
25
198
285
460
2912
6987
262
653
4109
413
9057
220
16
466
9057
307
369
3743
198
262
687
369
33067
90696
25
514
8
1411
1744
25
198
285
413
524
3743
87682
25
198
309
460
3439
198
285
653
7145
279
9581
440
324
2564
17492
1608
14410
431
10226
383
279
1103
314
324
579
198
285
8211
283
498
26998
58
15
60
364
9581
303
3743
87682
60
198
285
6961
283
14410
431
918
284
431
10226
10324
82
11
17492
8
471
220
16
198
285
413
6961
361
220
15
25
198
309
460
3439
198
285
324
11
427
283
3743
87682
11264
60
198
285
460
324
2564
17492
2564
427
6987
262
413
369
33067
7
16
1590
198
285
460
3439
198
262
413
369
33067
1393
1590
198
285
460
3439
6987
262
653
4091
1603
20006
198
262
1603
53865
283
2958
198
262
1428
283
220
16
198
262
364
324
11
427
303
3743
87682
25
198
285
413
1428
2564
324
471
220
16
25
198
309
1603
53865
1989
1148
3127
11
324
471
220
16
578
198
285
1428
283
1866
8497
11
427
478
220
16
8
198
1031
262
413
1428
2564
307
25
198
285
1603
53865
1989
1148
3127
11
307
578
198
1031
262
653
65975
2516
10220
660
65975
30308
318
868
1144
10727
18054
364
279
1483
292
30308
8
198
262
653
8439
292
369
2526
11
567
628
958
264
716
321
1716
279
1483
292
30308
28750
13
198
262
65975
2516
283
716
363
198
262
65975
2516
1316
7
16
8
198
1031
262
653
1165
1817
1754
1603
9933
13
1690
1754
9933
11
567
36213
5372
2803
13
198
262
653
1946
3579
3349
20006
11
567
10817
23709
303
279
1528
13
198
262
653
3130
506
9057
830
369
279
13992
314
5372
2803
364
30308
498
87
1402
10
16
11
830
906
198
1031
262
653
12536
310
615
5372
2803
314
264
9057
198
262
687
615
1243
74641
90696
25
514
8
1411
1744
25
198
285
460
17492
303
65975
2516
6987
262
653
8340
1754
1603
9933
198
262
364
4657
4747
11
4657
6018
303
1603
53865
25
198
285
653
1165
1144
310
1817
30308
494
4657
4747
310
4657
6018
13
198
285
653
1921
567
2493
599
2582
14789
1010
30308
318
331
4657
4747
2564
3555
809
478
220
16
553
198
285
653
32645
11
20006
513
81859
321
10300
11
748
567
1817
494
4657
4747
310
4657
6018
13
198
285
653
1921
567
1144
310
5790
567
599
23424
5372
2803
364
30308
1518
4657
4747
13
198
285
653
8439
567
1817
20006
303
1906
11
321
20006
513
64258
1603
13211
11
198
285
653
567
1220
599
23424
5372
2803
685
310
4657
4747
471
220
16
2582
13
198
1726
285
653
6558
579
1817
9057
539
9057
494
4657
4747
310
4657
6018
11
694
440
10458
17448
364
3349
20006
13
198
1726
285
653
5339
11
1042
579
1423
279
5732
1406
364
18465
2785
411
9933
13
198
285
653
1165
1144
310
599
23424
5372
2803
364
30308
494
1866
7
16
11
4657
4747
471
292
8
310
4657
4747
471
220
16
13
198
285
653
8439
567
1817
20006
303
1906
11
411
1220
2582
381
2725
13
198
1726
285
1151
283
4657
4747
198
285
809
283
4657
6018
8675
285
653
1368
279
9933
369
2526
11
1066
36213
5774
13
198
285
653
1368
424
579
3349
11
958
10458
17448
13
198
1726
285
653
6558
579
36213
321
10817
23709
13
198
285
3753
22257
283
4535
220
653
1528
21102
1411
1857
303
279
1103
314
23424
2961
364
411
9933
198
285
23424
13183
283
2958
220
653
1103
314
688
93655
25
65975
27533
478
585
60
364
585
303
220
15
11
220
16
11
220
17
11
2423
198
1726
285
830
283
1151
198
285
1345
830
2564
809
25
198
309
653
21902
65975
8065
60
198
309
628
1243
595
283
3439
198
309
364
585
303
2020
2784
11
292
478
220
16
1590
198
388
7624
283
830
471
585
198
388
413
7624
2518
220
16
25
198
493
413
615
1243
74641
30738
1590
198
646
628
1243
595
283
2912
198
646
1387
18015
309
413
628
1243
595
25
198
388
65975
2516
1316
2007
8
198
3265
309
653
21902
1528
506
9057
830
25
13992
314
318
447
1243
74641
2007
1402
10
16
681
58317
615
1243
74641
2007
578
198
309
1528
21102
283
2958
198
309
364
492
303
2020
2007
471
292
478
220
16
11
830
478
220
16
1590
198
388
413
492
361
220
16
25
198
493
1528
21102
1989
22274
8
198
388
745
25
198
493
1528
21102
1989
5264
1243
74641
3216
578
198
309
1528
21102
283
13992
8130
21102
8
198
3265
309
413
1528
21102
303
3753
22257
25
198
388
653
39928
16022
198
388
7624
7031
283
3753
22257
53990
21102
60
198
388
10458
5854
283
2343
13690
18709
13183
8
471
7624
7031
198
388
9376
283
809
471
830
198
388
413
10458
5854
835
220
15
25
198
493
10390
283
318
42000
434
10458
5854
8
348
10458
5854
198
493
413
10390
835
220
15
25
198
646
830
1373
10390
198
646
2962
18015
309
3753
22257
53990
21102
60
283
2343
13690
18709
13183
8
198
309
23424
13183
1989
87533
1243
595
8
198
3265
309
830
1373
220
16
8675
285
653
4486
8427
660
20006
11
1716
413
307
369
65975
198
285
653
1921
567
1144
310
2560
65975
2516
9971
13
1165
1467
884
65975
30308
310
65975
2516
2261
18465
13
198
1031
262
460
307
303
65975
2516
198
71093
248046
198