248045
846
198
4274
279
2614
709
11618
321
4479
889
11
6999
4072
279
709
7246
321
1440
660
279
6813
13
2972
5683
4045
67305
3067
13209
50
159029
271
2523
1220
14623
279
1970
488
10490
303
264
64504
1970
2424
318
784
9609
31789
318
19458
668
31153
279
3889
5568
8
271
71093
198
1445
18904
1120
1697
1358
727
2542
17359
20911
31871
20449
25
1697
18078
2387
1411
514
25
198
262
4071
19892
279
2542
314
64963
4947
314
660
1146
64633
314
279
2574
1287
13
198
1031
262
561
64963
1324
314
449
1287
369
4364
430
279
1324
314
14505
585
318
15
2564
585
361
307
12
16
8
695
262
303
279
10300
1287
1332
10300
3730
957
10
16
60
471
10300
3730
957
60
835
220
16
13
198
1031
262
357
1146
1595
369
264
64258
2397
38127
8240
314
5255
2785
449
1287
13
198
1031
262
17167
25
198
285
10001
25
357
1103
314
24959
1332
220
16
2564
2343
20449
8
2564
220
16
15
15
15
321
220
16
2564
10001
957
60
2564
2343
20449
8
198
1031
262
5019
25
198
285
561
2542
314
64963
4947
314
660
1146
64633
6987
262
11765
2542
17359
20911
31871
2477
17
11
220
18
11
220
16
11
220
19
2387
198
262
220
18
198
262
11765
2542
17359
20911
31871
2477
16
11
220
18
11
220
18
11
220
18
11
220
20
2387
198
262
220
23
198
262
4071
271
727
1716
69574
1590
198
262
653
3284
4886
494
279
3377
198
262
1992
8871
2477
17
11
220
18
11
220
16
11
220
19
2387
606
220
19
198
262
1992
8871
2477
16
11
220
18
11
220
18
11
220
18
11
220
20
2387
606
220
23
6987
262
653
22484
1228
4886
198
262
1992
8871
2477
20
2387
606
220
15
198
262
1992
8871
2477
19
2387
606
220
15
198
262
1992
8871
2477
16
2387
606
220
15
198
262
1992
8871
2477
17
11
220
22
2387
606
220
16
198
262
1992
8871
2477
17
11
220
17
2387
606
220
15
198
262
1992
8871
2477
19
11
220
16
2387
606
220
16
198
262
1992
8871
2477
17
11
220
18
11
220
18
2387
606
220
15
6987
262
653
19670
1228
1105
440
660
220
16
82
198
262
1992
8871
2477
16
60
348
220
16
15
15
15
8
606
220
15
6987
262
653
3284
1105
220
24
198
262
1992
8871
2477
20
16
23
11
220
19
24
24
11
220
16
23
20
11
220
18
19
23
11
220
19
17
24
11
220
17
24
22
11
220
18
16
20
11
220
18
19
23
11
220
21
19
11
220
16
17
24
11
220
20
24
16
11
220
16
23
16
11
220
18
15
22
11
220
16
18
15
11
220
20
16
22
11
220
17
22
24
11
220
22
21
11
220
19
20
22
11
220
21
21
17
11
220
19
20
22
11
220
17
18
11
220
19
17
21
11
220
21
16
16
11
220
21
21
20
11
220
22
15
23
11
220
22
15
20
11
220
16
20
24
11
220
17
22
23
11
220
17
24
21
11
220
23
21
11
220
20
24
23
11
220
19
24
17
11
220
20
15
11
220
20
16
22
11
220
20
23
11
220
19
18
21
11
220
20
22
21
11
220
19
22
15
11
220
21
17
11
220
21
17
19
11
220
17
18
23
11
220
16
16
17
11
220
16
22
23
11
220
22
17
21
11
220
20
18
22
11
220
21
24
24
11
220
22
16
21
11
220
18
22
20
11
220
20
23
21
11
220
16
17
19
11
220
16
19
23
11
220
18
21
17
11
220
23
11
220
17
20
17
11
220
21
24
15
11
220
16
20
24
11
220
18
20
11
220
21
21
15
11
220
16
16
20
11
220
19
21
18
11
220
16
21
24
11
220
18
15
15
11
220
21
19
16
11
220
19
22
22
11
220
16
22
15
11
220
18
20
19
11
220
16
21
16
11
220
21
22
19
11
220
21
15
19
11
220
17
18
15
11
220
18
22
19
11
220
16
17
15
11
220
19
22
11
220
20
16
23
11
220
17
22
23
11
220
21
17
19
11
220
18
16
20
11
220
19
16
11
220
21
22
20
11
220
21
21
20
11
220
18
17
11
220
21
18
21
11
220
16
18
20
11
220
16
19
15
11
220
21
19
17
11
220
17
18
23
11
220
19
23
16
11
220
20
24
23
11
220
18
20
18
11
220
16
18
22
11
220
21
16
19
11
220
22
16
20
11
220
19
19
16
11
220
17
11
220
21
20
21
11
220
21
22
23
11
220
16
21
22
11
220
17
18
20
11
220
16
23
21
11
220
16
15
23
11
220
19
16
23
11
220
22
16
21
11
220
16
19
22
11
220
18
22
22
11
220
20
21
17
11
220
16
19
19
11
220
17
17
15
11
220
16
20
20
11
220
17
20
17
11
220
16
22
17
11
220
19
16
11
220
21
18
18
11
220
21
17
16
11
220
19
19
19
11
220
20
23
18
11
220
17
24
18
11
220
22
15
11
220
20
16
22
11
220
20
18
23
11
220
16
20
21
11
220
17
20
17
11
220
16
21
22
11
220
23
19
11
220
17
17
23
11
220
16
15
20
11
220
18
21
15
11
220
18
24
24
11
220
17
22
23
11
220
16
16
23
11
220
17
24
11
220
22
21
11
220
20
21
18
11
220
20
21
22
11
220
21
23
15
11
220
19
20
19
11
220
19
22
15
11
220
20
19
16
11
220
18
18
11
220
20
21
21
11
220
16
20
20
11
220
20
24
22
11
220
16
22
23
11
220
20
17
16
11
220
18
15
22
11
220
17
19
11
220
16
23
17
11
220
19
17
23
11
220
19
21
17
11
220
20
19
16
11
220
17
18
16
11
220
20
18
21
11
220
21
24
16
11
220
19
19
17
11
220
16
17
24
11
220
18
22
24
11
220
20
18
15
11
220
20
19
18
11
220
19
17
19
11
220
16
23
17
11
220
18
21
11
220
16
18
24
11
220
18
19
21
11
220
18
15
16
11
220
18
18
16
11
220
18
18
20
11
220
23
17
11
220
19
21
17
11
220
19
21
16
11
220
20
22
21
11
220
21
24
21
11
220
22
15
17
11
220
19
18
18
11
220
17
19
15
11
220
21
20
24
11
220
22
17
21
11
220
18
23
20
11
220
20
17
19
11
220
16
20
16
11
220
16
16
21
11
220
20
17
19
11
220
17
18
16
11
220
17
23
22
11
220
19
21
23
11
220
19
18
18
11
220
18
18
19
11
220
17
16
19
11
220
24
23
11
220
16
23
17
11
220
20
18
22
11
220
20
15
23
11
220
18
21
19
11
220
20
19
19
11
220
18
18
22
11
220
18
19
11
220
21
18
15
11
220
18
18
11
220
18
21
24
11
220
17
21
15
11
220
19
24
22
11
220
21
18
19
11
220
21
23
22
11
220
20
20
15
11
220
17
11
220
17
22
11
220
20
15
23
11
220
21
23
11
220
17
18
18
11
220
18
18
15
11
220
17
22
22
11
220
21
20
11
220
17
22
20
11
220
16
21
20
11
220
17
17
17
11
220
20
20
18
11
220
18
16
24
11
220
19
15
21
11
220
21
16
15
11
220
19
24
22
11
220
21
15
21
11
220
17
18
18
11
220
17
22
16
11
220
16
16
21
11
220
21
16
11
220
20
17
16
11
220
20
23
23
11
220
21
22
23
11
220
22
24
11
220
16
17
18
11
220
16
15
17
11
220
17
21
11
220
21
17
15
11
220
19
20
23
11
220
19
23
20
11
220
16
23
17
11
220
17
16
24
11
220
21
23
15
11
220
19
17
23
11
220
23
21
11
220
20
22
16
11
220
17
16
21
11
220
22
15
18
11
220
16
22
19
11
220
17
20
17
11
220
21
19
23
11
220
19
16
24
11
220
17
17
17
11
220
22
16
18
11
220
21
18
18
11
220
20
16
16
11
220
20
17
23
11
220
16
22
20
11
220
21
18
19
11
220
17
19
23
11
220
20
16
16
11
220
20
23
16
11
220
19
17
17
11
220
21
16
23
11
220
20
21
23
11
220
16
23
21
11
220
20
17
22
11
220
18
17
19
11
220
19
21
24
11
220
16
19
18
11
220
18
24
15
11
220
18
21
19
11
220
19
24
22
11
220
24
21
11
220
17
21
11
220
19
20
15
11
220
18
23
23
11
220
21
24
16
11
220
21
17
24
11
220
18
24
17
11
220
22
17
15
11
220
16
15
21
11
220
16
19
22
11
220
18
16
20
11
220
22
16
21
11
220
20
21
11
220
21
16
22
11
220
17
23
17
11
220
18
11
220
16
16
24
11
220
16
22
11
220
20
18
20
11
220
21
20
19
11
220
19
21
11
220
20
23
19
11
220
22
16
19
11
220
23
19
11
220
24
21
11
220
20
20
24
11
220
20
18
21
11
220
20
23
19
11
220
17
22
23
11
220
17
19
23
11
220
16
20
23
11
220
18
11
220
18
20
16
11
220
16
23
20
11
220
21
11
220
21
18
17
11
220
20
19
15
11
220
19
22
22
11
220
21
20
19
11
220
19
18
24
11
220
20
16
22
11
220
17
16
20
11
220
18
24
22
11
220
18
15
16
11
220
18
16
18
11
220
16
16
21
11
220
24
17
11
220
16
16
22
11
220
21
20
20
11
220
20
18
22
11
220
16
16
17
11
220
24
23
11
220
19
23
18
11
220
18
20
11
220
17
21
24
11
220
16
23
19
11
220
21
23
15
11
220
20
21
22
11
220
22
18
11
220
21
24
19
11
220
22
16
21
11
220
21
17
24
11
220
16
18
18
11
220
16
16
15
11
220
21
17
17
11
220
16
24
17
11
220
21
21
18
11
220
21
20
11
220
19
18
21
11
220
17
20
15
11
220
17
22
11
220
18
17
18
11
220
24
16
11
220
20
17
18
11
220
18
20
15
11
220
22
17
17
11
220
21
18
21
11
220
17
17
15
11
220
16
22
18
11
220
16
24
24
11
220
21
15
17
11
220
19
16
16
11
220
20
23
21
11
220
17
24
18
11
220
17
21
17
11
220
17
24
20
11
220
16
15
23
11
220
17
22
20
11
220
21
17
11
220
19
21
21
11
220
16
23
24
11
220
20
24
16
11
220
21
19
24
11
220
20
21
15
11
220
20
17
17
11
220
17
18
23
11
220
20
20
22
11
220
18
16
22
11
220
21
17
24
11
220
20
24
18
11
220
17
23
19
11
220
16
18
19
11
220
19
15
15
11
220
17
15
22
11
220
19
21
21
11
220
20
17
20
11
220
18
15
17
11
220
17
23
18
11
220
20
16
16
11
220
16
23
17
11
220
19
15
16
11
220
19
23
15
11
220
17
17
17
11
220
20
22
16
11
220
16
18
19
11
220
18
23
20
11
220
20
18
18
11
220
21
23
19
11
220
19
22
23
11
220
16
17
15
11
220
18
20
20
11
220
21
22
17
11
220
20
19
23
11
220
19
20
16
11
220
16
19
21
11
220
21
20
16
11
220
17
24
18
11
220
19
23
19
11
220
20
21
19
11
220
22
15
19
11
220
16
24
24
11
220
19
18
24
11
220
17
17
18
11
220
16
24
19
11
220
22
17
23
11
220
22
15
15
11
220
17
16
19
11
220
18
18
17
11
220
20
23
15
11
220
18
21
23
11
220
19
16
20
11
220
24
16
11
220
17
17
18
11
220
20
22
18
11
220
21
19
17
11
220
16
19
20
11
220
19
19
16
11
220
16
21
21
11
220
21
16
11
220
16
16
19
11
220
19
22
11
220
20
21
21
11
220
21
18
21
11
220
20
19
23
11
220
18
15
16
11
220
21
18
18
11
220
21
22
23
11
220
20
19
15
11
220
20
22
17
11
220
20
16
22
11
220
22
15
24
11
220
20
19
21
11
220
16
21
21
11
220
17
16
22
11
220
19
15
11
220
21
21
21
11
220
16
22
19
11
220
16
21
19
11
220
20
15
21
11
220
19
15
16
11
220
16
17
22
11
220
20
21
22
11
220
20
19
16
11
220
20
18
16
11
220
17
22
16
11
220
19
15
22
11
220
20
24
19
11
220
21
24
24
11
220
21
20
16
11
220
20
15
18
11
220
22
23
11
220
20
16
15
11
220
18
23
16
11
220
19
19
17
11
220
21
20
20
11
220
19
20
11
220
16
17
11
220
21
24
19
11
220
16
24
24
11
220
21
21
20
11
220
19
24
16
11
220
20
20
24
11
220
18
21
24
11
220
17
22
16
11
220
17
20
18
11
220
21
15
11
220
21
16
23
11
220
21
23
18
11
220
16
23
24
11
220
17
16
24
11
220
21
15
19
11
220
17
19
23
11
220
20
15
20
11
220
19
19
16
11
220
21
19
20
11
220
17
17
23
11
220
19
18
19
11
220
19
11
220
16
18
22
11
220
20
22
21
11
220
18
16
15
11
220
20
20
21
11
220
18
17
19
11
220
17
20
15
11
220
19
15
16
11
220
21
23
19
11
220
19
20
15
11
220
20
15
23
11
220
21
22
11
220
21
21
15
11
220
20
17
23
11
220
19
23
20
11
220
21
17
21
11
220
22
16
22
11
220
17
24
16
11
220
18
16
18
11
220
17
16
15
11
220
21
23
11
220
17
18
15
11
220
20
21
21
11
220
21
23
19
11
220
18
21
16
11
220
21
17
18
11
220
17
23
16
11
220
16
18
11
220
18
20
21
11
220
22
15
19
11
220
18
22
21
11
220
21
21
23
11
220
16
16
24
11
220
18
16
22
11
220
17
21
23
11
220
17
23
22
11
220
17
23
19
11
220
17
24
24
11
220
21
17
22
11
220
16
18
23
11
220
19
21
20
11
220
18
24
11
220
20
20
15
11
220
17
17
19
11
220
16
23
18
11
220
20
23
18
11
220
18
15
17
11
220
18
19
16
11
220
17
16
20
11
220
19
23
23
11
220
19
18
15
11
220
16
15
22
11
220
21
17
19
11
220
20
16
24
11
220
18
18
18
11
220
17
23
22
11
220
20
19
20
11
220
16
22
11
220
20
18
19
11
220
21
21
19
11
220
21
15
15
11
220
19
16
15
11
220
18
20
15
11
220
20
23
24
11
220
21
16
17
11
220
18
23
11
220
17
20
11
220
16
20
19
11
220
22
17
16
11
220
21
16
16
11
220
18
19
21
11
220
22
16
18
11
220
18
18
11
220
20
16
24
11
220
19
23
16
11
220
20
24
24
11
220
16
15
20
11
220
22
15
24
11
220
19
20
18
11
220
22
17
11
220
21
17
11
220
22
17
18
11
220
21
15
20
11
220
17
21
18
11
220
20
23
17
11
220
22
17
19
11
220
21
23
18
11
220
16
16
19
11
220
17
21
19
11
220
18
15
18
11
220
20
18
15
11
220
17
21
20
11
220
17
19
22
11
220
22
15
16
11
220
24
11
220
19
17
19
11
220
21
22
11
220
16
16
21
11
220
18
22
17
11
220
16
19
23
11
220
16
24
15
11
220
22
15
20
11
220
17
22
17
11
220
19
11
220
21
21
24
11
220
21
17
18
11
220
20
16
22
11
220
20
22
22
11
220
21
24
18
11
220
19
18
16
11
220
16
24
19
11
220
18
18
24
11
220
17
18
23
11
220
21
23
19
11
220
21
17
24
11
220
17
19
22
11
220
19
15
11
220
20
17
17
11
220
17
16
16
11
220
18
17
16
11
220
20
24
11
220
18
24
15
11
220
18
16
11
220
20
23
16
11
220
18
17
19
11
220
17
20
11
220
21
21
17
11
220
21
11
220
18
19
16
11
220
20
21
21
11
220
21
23
15
11
220
18
23
17
11
220
21
21
23
11
220
20
15
21
11
220
21
17
19
11
220
19
20
17
11
220
19
19
15
11
220
16
22
21
11
220
18
17
15
11
220
21
24
17
11
220
16
24
20
11
220
20
16
21
11
220
19
17
19
11
220
16
16
21
11
220
18
22
22
11
220
20
17
19
11
220
18
20
11
220
20
18
16
11
220
16
21
23
11
220
18
18
16
11
220
18
22
17
11
220
16
24
19
11
220
22
22
11
220
24
20
11
220
19
21
21
11
220
17
23
16
11
220
17
15
23
11
220
17
18
18
11
220
20
20
22
11
220
19
20
20
11
220
17
22
18
11
220
22
15
17
11
220
19
20
22
11
220
18
19
22
11
220
18
24
22
11
220
19
19
21
11
220
22
17
15
11
220
18
22
15
11
220
21
24
15
11
220
17
24
20
11
220
16
20
24
11
220
17
20
16
11
220
16
16
19
11
220
18
18
20
11
220
22
15
20
11
220
17
18
19
11
220
19
15
19
11
220
20
20
23
11
220
19
19
20
11
220
19
15
16
11
220
18
21
20
11
220
19
19
16
11
220
21
24
19
11
220
21
24
21
11
220
20
18
19
11
220
18
15
23
11
220
19
23
16
11
220
17
16
20
11
220
21
20
23
11
220
22
18
11
220
17
19
18
11
220
19
15
19
11
220
19
22
18
11
220
19
16
21
11
220
16
17
23
11
220
18
15
19
11
220
17
22
19
11
220
19
18
19
11
220
16
18
19
11
220
17
20
19
11
220
21
21
23
11
220
20
20
23
11
220
20
18
24
11
220
18
22
18
11
220
21
23
23
11
220
21
17
15
11
220
21
17
15
11
220
19
17
17
11
220
19
24
11
220
16
21
23
11
220
20
23
19
11
220
17
21
20
11
220
17
21
23
11
220
21
18
22
11
220
16
22
22
11
220
19
19
16
11
220
20
18
18
11
220
19
23
24
11
220
16
20
19
11
220
18
19
19
11
220
20
21
16
11
220
22
15
19
11
220
19
20
16
11
220
21
22
21
11
220
20
17
24
11
220
20
17
19
11
220
20
19
17
11
220
22
24
11
220
17
20
11
220
21
15
18
11
220
16
21
20
11
220
18
16
20
11
220
17
16
17
11
220
17
15
15
11
220
17
16
16
11
220
16
22
23
11
220
23
15
11
220
24
19
11
220
16
20
18
11
220
21
20
24
11
220
16
23
16
11
220
18
20
18
11
220
16
16
22
11
220
17
22
24
11
220
20
24
16
11
220
24
15
11
220
19
24
23
11
220
17
19
24
11
220
19
16
17
11
220
18
16
24
11
220
20
22
20
11
220
17
18
11
220
19
24
20
11
220
18
23
16
11
220
19
17
19
2387
606
220
18
17
19
18
21
22
17
23
271
2
5272
1716
19111
17359
20911
31871
8
310
1542
6813
13
198
71093
248046
198
248045
74455
198
71093
12305
198
1445
18904
1120
1697
1358
727
2542
17359
20911
31871
20449
25
1697
18078
2387
1411
514
25
198
262
4071
19892
279
2542
314
64963
4947
314
660
1146
64633
314
279
2574
1287
13
198
1031
262
561
64963
1324
314
449
1287
369
4364
430
279
1324
314
14505
585
318
15
2564
585
361
307
12
16
8
695
262
303
279
10300
1287
1332
10300
3730
957
10
16
60
471
10300
3730
957
60
835
220
16
13
198
1031
262
357
1146
1595
369
264
64258
2397
38127
8240
314
5255
2785
449
1287
13
198
1031
262
17167
25
198
285
10001
25
357
1103
314
24959
1332
220
16
2564
2343
20449
8
2564
220
16
15
15
15
321
220
16
2564
10001
957
60
2564
2343
20449
8
198
1031
262
5019
25
198
285
561
2542
314
64963
4947
314
660
1146
64633
6987
262
11765
2542
17359
20911
31871
2477
17
11
220
18
11
220
16
11
220
19
2387
198
262
220
18
198
262
11765
2542
17359
20911
31871
2477
16
11
220
18
11
220
18
11
220
18
11
220
20
2387
198
262
220
23
198
262
4071
198
262
307
283
2343
20449
8
198
262
2702
283
220
15
6987
262
653
1690
1754
1146
1595
11
12204
279
64963
1324
198
262
653
8439
307
2564
220
16
15
15
15
11
1017
513
496
1393
61
17
8
1146
64633
11
321
27355
1754
4829
496
1393
1433
307
8
198
262
653
10342
25
496
1393
61
18
1433
307
8
864
2493
381
2166
6103
364
307
28
16
15
15
15
198
262
653
6558
579
958
264
777
10727
5313
13
198
1031
262
653
39752
25
1690
1754
5732
1857
585
11
8952
310
279
1245
321
10000
264
10300
5759
198
262
653
1165
628
958
264
10300
1103
466
23086
42102
13
733
12654
11
567
628
958
14410
431
310
10000
264
10300
1103
13
198
262
653
1690
1754
5732
1857
585
11
567
884
5255
799
539
799
318
25509
957
1089
10001
957
10
16
1089
45347
198
262
653
321
10000
279
10300
1906
13
1165
1048
3627
279
1428
64963
13
198
1031
262
653
6558
579
4072
279
496
1393
61
17
1433
307
8
5313
1608
14410
431
13
198
1031
262
1120
14410
431
6987
262
364
585
303
2020
1393
1590
198
285
10300
5062
283
2958
220
653
1061
668
3436
279
10300
5255
314
10001
957
55628
10
16
60
198
285
64963
283
220
15
198
285
364
492
303
2020
1889
11
307
1590
198
309
1009
283
10001
3681
60
198
309
653
16598
1009
1083
10300
5062
1345
19720
10300
1906
198
309
1097
283
14410
431
918
284
431
9293
42911
5062
11
1009
8
198
309
10300
5062
6811
11909
11
1009
8
198
3265
309
653
5376
64963
3018
383
279
34736
198
309
653
561
491
2315
11121
4499
31092
440
1141
18146
198
309
653
12851
34736
11
279
10300
5062
995
874
40922
506
411
2234
318
269
995
1070
8
198
309
653
4486
34736
11
567
1144
310
1716
25
198
309
653
471
561
12558
1881
10300
5062
20980
12
16
60
321
10300
5062
20980
60
318
331
1097
835
220
15
8
198
309
653
471
561
12558
1881
10300
5062
20980
60
321
10300
5062
20980
10
16
60
318
331
1097
361
2343
42911
5062
7060
16
8
198
3265
309
653
12851
34736
11
413
1097
361
2343
42911
5062
8
321
1097
835
220
15
11
1017
557
264
12558
1881
10300
5062
20980
12
16
60
321
10300
5062
20980
60
198
309
653
4543
421
567
20918
1009
506
1097
11
279
2235
10300
5062
20980
60
369
1381
506
1097
10
16
18015
309
653
6558
579
1683
883
424
20648
25
198
309
653
3095
567
5479
1009
506
2234
1097
303
279
10300
1103
25
198
309
653
220
16
13
1368
1097
835
220
15
11
1017
579
264
491
6505
318
27379
5062
20980
12
16
1089
1009
553
561
12558
369
1009
471
10300
5062
20980
12
16
60
198
309
653
262
1368
411
12558
835
220
16
11
567
884
220
16
310
64963
13
198
309
653
262
1921
567
2493
599
2582
29014
279
12558
1881
10300
5062
20980
12
16
60
321
279
2235
10300
5062
20980
60
413
1097
361
2235
5854
13
198
309
653
220
17
13
1368
1097
361
2343
42911
5062
8
471
220
16
318
10378
34736
11
748
1097
361
2235
5854
681
1017
579
264
491
6505
318
805
11
10300
5062
20980
10
16
2387
198
309
653
262
561
12558
369
10300
5062
20980
10
16
60
471
1009
13
1368
411
12558
835
220
16
11
567
884
220
16
310
64963
13
198
309
653
220
18
13
1165
2493
1144
310
3921
264
8334
29014
12558
13
43274
11
413
1097
361
2235
5854
11
279
12558
1881
10300
5062
20980
12
16
60
318
331
1097
29
15
8
321
10300
5062
20980
60
318
787
8
557
2582
29014
13
198
309
653
262
32645
11
1042
579
37781
13
198
3265
309
653
6558
728
1683
777
15060
13
12851
37029
1009
11
279
10300
1103
557
10300
5062
58
15
486
787
5854
12
16
906
198
309
653
561
64963
557
23424
3018
383
23173
13139
303
421
1103
13
198
309
653
4486
37029
1009
506
2234
1097
11
279
491
10300
1103
682
1009
506
2234
1097
13
198
309
653
561
13139
421
2222
513
25
198
309
653
471
1368
1097
835
220
15
321
1097
361
2235
5854
25
279
6505
318
27379
5062
20980
12
16
1089
10300
5062
20980
2387
369
12215
539
318
27379
5062
20980
12
16
1089
1009
8
321
318
805
11
10300
5062
20980
2387
198
309
653
471
1368
1097
606
220
15
25
491
6505
318
805
11
10300
5062
58
15
2387
369
3568
198
309
653
471
1368
1097
606
2235
5854
25
491
6505
318
27379
5062
7368
16
1089
1009
8
369
3568
18015
309
653
1987
567
1144
310
25
198
309
653
220
16
13
1368
1097
835
220
15
321
1097
361
2235
5854
25
198
309
653
262
471
10466
220
16
494
64963
413
10300
5062
20980
60
471
10300
5062
20980
12
16
60
835
220
16
318
559
12558
874
4860
6513
8
198
309
653
262
471
2604
220
16
413
1009
471
10300
5062
20980
12
16
60
835
220
16
198
309
653
262
471
2604
220
16
413
10300
5062
20980
60
471
1009
835
220
16
198
309
653
220
17
13
1368
1097
606
220
15
25
198
309
653
262
471
2604
220
16
413
10300
5062
58
15
60
471
1009
835
220
16
198
309
653
220
18
13
1368
1097
606
2235
5854
25
198
309
653
262
471
2604
220
16
413
1009
471
10300
5062
7368
16
60
835
220
16
18015
309
2235
5854
283
2343
42911
5062
8
220
653
1061
369
279
2984
1518
34736
11
694
567
2582
20918
0
6558
728
55979
13
198
3265
309
653
6558
728
16526
279
8906
6136
11870
777
15060
13
198
1031
262
653
6558
728
17591
279
8906
919
777
15060
198
262
2702
283
220
15
6987
262
364
585
303
2020
1393
1590
198
285
10300
5062
283
2958
198
285
64963
283
220
15
198
285
364
492
303
2020
1889
11
307
1590
198
309
1009
283
10001
3681
60
198
309
2235
5854
283
2343
42911
5062
8
198
309
1097
283
14410
431
918
284
431
9293
42911
5062
11
1009
8
198
3265
309
653
28924
1092
31092
513
11164
198
309
653
12851
34736
25
198
309
653
471
1368
1097
835
220
15
321
1097
361
2235
5854
11
1017
557
264
12558
1881
10300
5062
20980
12
16
60
321
10300
5062
20980
60
198
309
653
4486
34736
506
1097
25
198
309
653
471
1368
1097
835
220
15
11
1017
579
264
12558
1881
10300
5062
20980
12
16
60
321
1009
198
309
653
471
1368
1097
361
2235
5854
11
1017
579
264
12558
1881
1009
321
10300
5062
20980
60
318
1719
2235
10300
5062
20980
60
864
369
1381
506
1097
10
16
8
198
3265
309
653
5376
64963
198
309
413
1097
835
220
15
321
1097
361
2235
5854
25
198
388
653
561
12558
1881
10300
5062
20980
12
16
60
321
10300
5062
20980
60
369
6747
198
388
413
10300
5062
20980
60
471
10300
5062
20980
471
220
16
60
835
220
16
25
198
493
64963
5794
220
16
198
388
653
1478
31092
25
318
27379
5062
20980
12
16
1089
1009
8
321
318
805
11
10300
5062
20980
2387
198
388
413
1009
471
10300
5062
20980
471
220
16
60
835
220
16
25
198
493
64963
1373
220
16
198
388
413
10300
5062
20980
60
471
1009
835
220
16
25
198
493
64963
1373
220
16
198
309
4265
1097
606
220
15
25
198
388
653
1478
12558
25
318
805
11
10300
5062
58
15
2387
198
388
413
2235
5854
835
220
15
321
10300
5062
58
15
60
471
1009
835
220
16
25
198
493
64963
1373
220
16
198
309
4265
1097
606
2235
5854
25
198
388
653
1478
12558
25
318
27379
5062
7368
16
1089
1009
8
198
388
413
2235
5854
835
220
15
321
1009
471
10300
5062
7368
16
60
835
220
16
25
198
493
64963
1373
220
16
18015
309
653
16598
1009
506
2234
1097
198
309
10300
5062
6811
11909
11
1009
8
198
3265
309
2702
1373
64963
6987
262
460
2702
1358
727
1716
69574
1590
198
262
653
3284
4886
494
279
3377
198
262
1992
8871
2477
17
11
220
18
11
220
16
11
220
19
2387
606
220
19
198
262
1992
8871
2477
16
11
220
18
11
220
18
11
220
18
11
220
20
2387
606
220
23
6987
262
653
22484
1228
4886
198
262
1992
8871
2477
20
2387
606
220
15
198
262
1992
8871
2477
19
2387
606
220
15
198
262
1992
8871
2477
16
2387
606
220
15
198
262
1992
8871
2477
17
11
220
22
2387
606
220
16
198
262
1992
8871
2477
17
11
220
17
2387
606
220
15
198
262
1992
8871
2477
19
11
220
16
2387
606
220
16
198
262
1992
8871
2477
17
11
220
18
11
220
18
2387
606
220
15
6987
262
653
19670
1228
1105
440
660
220
16
82
198
262
1992
8871
2477
16
60
348
220
16
15
15
15
8
606
220
15
6987
262
653
3284
1105
220
24
198
262
1992
8871
2477
20
16
23
11
220
19
24
24
11
220
16
23
20
11
220
18
19
23
11
220
19
17
24
11
220
17
24
22
11
220
18
16
20
11
220
18
19
23
11
220
21
19
11
220
16
17
24
11
220
20
24
16
11
220
16
23
16
11
220
18
15
22
11
220
16
18
15
11
220
20
16
22
11
220
17
22
24
11
220
22
21
11
220
19
20
22
11
220
21
21
17
11
220
19
20
22
11
220
17
18
11
220
19
17
21
11
220
21
16
16
11
220
21
21
20
11
220
22
15
23
11
220
22
15
20
11
220
16
20
24
11
220
17
22
23
11
220
17
24
21
11
220
23
21
11
220
20
24
23
11
220
19
24
17
11
220
20
15
11
220
20
16
22
11
220
20
23
11
220
19
18
21
11
220
20
22
21
11
220
19
22
15
11
220
21
17
11
220
21
17
19
11
220
17
18
23
11
220
16
16
17
11
220
16
22
23
11
220
22
17
21
11
220
20
18
22
11
220
21
24
24
11
220
22
16
21
11
220
18
22
20
11
220
20
23
21
11
220
16
17
19
11
220
16
19
23
11
220
18
21
17
11
220
23
11
220
17
20
17
11
220
21
24
15
11
220
16
20
24
11
220
18
20
11
220
21
21
15
11
220
16
16
20
11
220
19
21
18
11
220
16
21
24
11
220
18
15
15
11
220
21
19
16
11
220
19
22
22
11
220
16
22
15
11
220
18
20
19
11
220
16
21
16
11
220
21
22
19
11
220
21
15
19
11
220
17
18
15
11
220
18
22
19
11
220
16
17
15
11
220
19
22
11
220
20
16
23
11
220
17
22
23
11
220
21
17
19
11
220
18
16
20
11
220
19
16
11
220
21
22
20
11
220
21
21
20
11
220
18
17
11
220
21
18
21
11
220
16
18
20
11
220
16
19
15
11
220
21
19
17
11
220
17
18
23
11
220
19
23
16
11
220
20
24
23
11
220
18
20
18
11
220
16
18
22
11
220
21
16
19
11
220
22
16
20
11
220
19
19
16
11
220
17
11
220
21
20
21
11
220
21
22
23
11
220
16
21
22
11
220
17
18
20
11
220
16
23
21
11
220
16
15
23
11
220
19
16
23
11
220
22
16
21
11
220
16
19
22
11
220
18
22
22
11
220
20
21
17
11
220
16
19
19
11
220
17
17
15
11
220
16
20
20
11
220
17
20
17
11
220
16
22
17
11
220
19
16
11
220
21
18
18
11
220
21
17
16
11
220
19
19
19
11
220
20
23
18
11
220
17
24
18
11
220
22
15
11
220
20
16
22
11
220
20
18
23
11
220
16
20
21
11
220
17
20
17
11
220
16
21
22
11
220
23
19
11
220
17
17
23
11
220
16
15
20
11
220
18
21
15
11
220
18
24
24
11
220
17
22
23
11
220
16
16
23
11
220
17
24
11
220
22
21
11
220
20
21
18
11
220
20
21
22
11
220
21
23
15
11
220
19
20
19
11
220
19
22
15
11
220
20
19
16
11
220
18
18
11
220
20
21
21
11
220
16
20
20
11
220
20
24
22
11
220
16
22
23
11
220
20
17
16
11
220
18
15
22
11
220
17
19
11
220
16
23
17
11
220
19
17
23
11
220
19
21
17
11
220
20
19
16
11
220
17
18
16
11
220
20
18
21
11
220
21
24
16
11
220
19
19
17
11
220
16
17
24
11
220
18
22
24
11
220
20
18
15
11
220
20
19
18
11
220
19
17
19
11
220
16
23
17
11
220
18
21
11
220
16
18
24
11
220
18
19
21
11
220
18
15
16
11
220
18
18
16
11
220
18
18
20
11
220
23
17
11
220
19
21
17
11
220
19
21
16
11
220
20
22
21
11
220
21
24
21
11
220
22
15
17
11
220
19
18
18
11
220
17
19
15
11
220
21
20
24
11
220
22
17
21
11
220
18
23
20
11
220
20
17
19
11
220
16
20
16
11
220
16
16
21
11
220
20
17
19
11
220
17
18
16
11
220
17
23
22
11
220
19
21
23
11
220
19
18
18
11
220
18
18
19
11
220
17
16
19
11
220
24
23
11
220
16
23
17
11
220
20
18
22
11
220
20
15
23
11
220
18
21
19
11
220
20
19
19
11
220
18
18
22
11
220
18
19
11
220
21
18
15
11
220
18
18
11
220
18
21
24
11
220
17
21
15
11
220
19
24
22
11
220
21
18
19
11
220
21
23
22
11
220
20
20
15
11
220
17
11
220
17
22
11
220
20
15
23
11
220
21
23
11
220
17
18
18
11
220
18
18
15
11
220
17
22
22
11
220
21
20
11
220
17
22
20
11
220
16
21
20
11
220
17
17
17
11
220
20
20
18
11
220
18
16
24
11
220
19
15
21
11
220
21
16
15
11
220
19
24
22
11
220
21
15
21
11
220
17
18
18
11
220
17
22
16
11
220
16
16
21
11
220
21
16
11
220
20
17
16
11
220
20
23
23
11
220
21
22
23
11
220
22
24
11
220
16
17
18
11
220
16
15
17
11
220
17
21
11
220
21
17
15
11
220
19
20
23
11
220
19
23
20
11
220
16
23
17
11
220
17
16
24
11
220
21
23
15
11
220
19
17
23
11
220
23
21
11
220
20
22
16
11
220
17
16
21
11
220
22
15
18
11
220
16
22
19
11
220
17
20
17
11
220
21
19
23
11
220
19
16
24
11
220
17
17
17
11
220
22
16
18
11
220
21
18
18
11
220
20
16
16
11
220
20
17
23
11
220
16
22
20
11
220
21
18
19
11
220
17
19
23
11
220
20
16
16
11
220
20
23
16
11
220
19
17
17
11
220
21
16
23
11
220
20
21
23
11
220
16
23
21
11
220
20
17
22
11
220
18
17
19
11
220
19
21
24
11
220
16
19
18
11
220
18
24
15
11
220
18
21
19
11
220
19
24
22
11
220
24
21
11
220
17
21
11
220
19
20
15
11
220
18
23
23
11
220
21
24
16
11
220
21
17
24
11
220
18
24
17
11
220
22
17
15
11
220
16
15
21
11
220
16
19
22
11
220
18
16
20
11
220
22
16
21
11
220
20
21
11
220
21
16
22
11
220
17
23
17
11
220
18
11
220
16
16
24
11
220
16
22
11
220
20
18
20
11
220
21
20
19
11
220
19
21
11
220
20
23
19
11
220
22
16
19
11
220
23
19
11
220
24
21
11
220
20
20
24
11
220
20
18
21
11
220
20
23
19
11
220
17
22
23
11
220
17
19
23
11
220
16
20
23
11
220
18
11
220
18
20
16
11
220
16
23
20
11
220
21
11
220
21
18
17
11
220
20
19
15
11
220
19
22
22
11
220
21
20
19
11
220
19
18
24
11
220
20
16
22
11
220
17
16
20
11
220
18
24
22
11
220
18
15
16
11
220
18
16
18
11
220
16
16
21
11
220
24
17
11
220
16
16
22
11
220
21
20
20
11
220
20
18
22
11
220
16
16
17
11
220
24
23
11
220
19
23
18
11
220
18
20
11
220
17
21
24
11
220
16
23
19
11
220
21
23
15
11
220
20
21
22
11
220
22
18
11
220
21
24
19
11
220
22
16
21
11
220
21
17
24
11
220
16
18
18
11
220
16
16
15
11
220
21
17
17
11
220
16
24
17
11
220
21
21
18
11
220
21
20
11
220
19
18
21
11
220
17
20
15
11
220
17
22
11
220
18
17
18
11
220
24
16
11
220
20
17
18
11
220
18
20
15
11
220
22
17
17
11
220
21
18
21
11
220
17
17
15
11
220
16
22
18
11
220
16
24
24
11
220
21
15
17
11
220
19
16
16
11
220
20
23
21
11
220
17
24
18
11
220
17
21
17
11
220
17
24
20
11
220
16
15
23
11
220
17
22
20
11
220
21
17
11
220
19
21
21
11
220
16
23
24
11
220
20
24
16
11
220
21
19
24
11
220
20
21
15
11
220
20
17
17
11
220
17
18
23
11
220
20
20
22
11
220
18
16
22
11
220
21
17
24
11
220
20
24
18
11
220
17
23
19
11
220
16
18
19
11
220
19
15
15
11
220
17
15
22
11
220
19
21
21
11
220
20
17
20
11
220
18
15
17
11
220
17
23
18
11
220
20
16
16
11
220
16
23
17
11
220
19
15
16
11
220
19
23
15
11
220
17
17
17
11
220
20
22
16
11
220
16
18
19
11
220
18
23
20
11
220
20
18
18
11
220
21
23
19
11
220
19
22
23
11
220
16
17
15
11
220
18
20
20
11
220
21
22
17
11
220
20
19
23
11
220
19
20
16
11
220
16
19
21
11
220
21
20
16
11
220
17
24
18
11
220
19
23
19
11
220
20
21
19
11
220
22
15
19
11
220
16
24
24
11
220
19
18
24
11
220
17
17
18
11
220
16
24
19
11
220
22
17
23
11
220
22
15
15
11
220
17
16
19
11
220
18
18
17
11
220
20
23
15
11
220
18
21
23
11
220
19
16
20
11
220
24
16
11
220
17
17
18
11
220
20
22
18
11
220
21
19
17
11
220
16
19
20
11
220
19
19
16
11
220
16
21
21
11
220
21
16
11
220
16
16
19
11
220
19
22
11
220
20
21
21
11
220
21
18
21
11
220
20
19
23
11
220
18
15
16
11
220
21
18
18
11
220
21
22
23
11
220
20
19
15
11
220
20
22
17
11
220
20
16
22
11
220
22
15
24
11
220
20
19
21
11
220
16
21
21
11
220
17
16
22
11
220
19
15
11
220
21
21
21
11
220
16
22
19
11
220
16
21
19
11
220
20
15
21
11
220
19
15
16
11
220
16
17
22
11
220
20
21
22
11
220
20
19
16
11
220
20
18
16
11
220
17
22
16
11
220
19
15
22
11
220
20
24
19
11
220
21
24
24
11
220
21
20
16
11
220
20
15
18
11
220
22
23
11
220
20
16
15
11
220
18
23
16
11
220
19
19
17
11
220
21
20
20
11
220
19
20
11
220
16
17
11
220
21
24
19
11
220
16
24
24
11
220
21
21
20
11
220
19
24
16
11
220
20
20
24
11
220
18
21
24
11
220
17
22
16
11
220
17
20
18
11
220
21
15
11
220
21
16
23
11
220
21
23
18
11
220
16
23
24
11
220
17
16
24
11
220
21
15
19
11
220
17
19
23
11
220
20
15
20
11
220
19
19
16
11
220
21
19
20
11
220
17
17
23
11
220
19
18
19
11
220
19
11
220
16
18
22
11
220
20
22
21
11
220
18
16
15
11
220
20
20
21
11
220
18
17
19
11
220
17
20
15
11
220
19
15
16
11
220
21
23
19
11
220
19
20
15
11
220
20
15
23
11
220
21
22
11
220
21
21
15
11
220
20
17
23
11
220
19
23
20
11
220
21
17
21
11
220
22
16
22
11
220
17
24
16
11
220
18
16
18
11
220
17
16
15
11
220
21
23
11
220
17
18
15
11
220
20
21
21
11
220
21
23
19
11
220
18
21
16
11
220
21
17
18
11
220
17
23
16
11
220
16
18
11
220
18
20
21
11
220
22
15
19
11
220
18
22
21
11
220
21
21
23
11
220
16
16
24
11
220
18
16
22
11
220
17
21
23
11
220
17
23
22
11
220
17
23
19
11
220
17
24
24
11
220
21
17
22
11
220
16
18
23
11
220
19
21
20
11
220
18
24
11
220
20
20
15
11
220
17
17
19
11
220
16
23
18
11
220
20
23
18
11
220
18
15
17
11
220
18
19
16
11
220
17
16
20
11
220
19
23
23
11
220
19
18
15
11
220
16
15
22
11
220
21
17
19
11
220
20
16
24
11
220
18
18
18
11
220
17
23
22
11
220
20
19
20
11
220
16
22
11
220
20
18
19
11
220
21
21
19
11
220
21
15
15
11
220
19
16
15
11
220
18
20
15
11
220
20
23
24
11
220
21
16
17
11
220
18
23
11
220
17
20
11
220
16
20
19
11
220
22
17
16
11
220
21
16
16
11
220
18
19
21
11
220
22
16
18
11
220
18
18
11
220
20
16
24
11
220
19
23
16
11
220
20
24
24
11
220
16
15
20
11
220
22
15
24
11
220
19
20
18
11
220
22
17
11
220
21
17
11
220
22
17
18
11
220
21
15
20
11
220
17
21
18
11
220
20
23
17
11
220
22
17
19
11
220
21
23
18
11
220
16
16
19
11
220
17
21
19
11
220
18
15
18
11
220
20
18
15
11
220
17
21
20
11
220
17
19
22
11
220
22
15
16
11
220
24
11
220
19
17
19
11
220
21
22
11
220
16
16
21
11
220
18
22
17
11
220
16
19
23
11
220
16
24
15
11
220
22
15
20
11
220
17
22
17
11
220
19
11
220
21
21
24
11
220
21
17
18
11
220
20
16
22
11
220
20
22
22
11
220
21
24
18
11
220
19
18
16
11
220
16
24
19
11
220
18
18
24
11
220
17
18
23
11
220
21
23
19
11
220
21
17
24
11
220
17
19
22
11
220
19
15
11
220
20
17
17
11
220
17
16
16
11
220
18
17
16
11
220
20
24
11
220
18
24
15
11
220
18
16
11
220
20
23
16
11
220
18
17
19
11
220
17
20
11
220
21
21
17
11
220
21
11
220
18
19
16
11
220
20
21
21
11
220
21
23
15
11
220
18
23
17
11
220
21
21
23
11
220
20
15
21
11
220
21
17
19
11
220
19
20
17
11
220
19
19
15
11
220
16
22
21
11
220
18
17
15
11
220
21
24
17
11
220
16
24
20
11
220
20
16
21
11
220
19
17
19
11
220
16
16
21
11
220
18
22
22
11
220
20
17
19
11
220
18
20
11
220
20
18
16
11
220
16
21
23
11
220
18
18
16
11
220
18
22
17
11
220
16
24
19
11
220
22
22
11
220
24
20
11
220
19
21
21
11
220
17
23
16
11
220
17
15
23
11
220
17
18
18
11
220
20
20
22
11
220
19
20
20
11
220
17
22
18
11
220
22
15
17
11
220
19
20
22
11
220
18
19
22
11
220
18
24
22
11
220
19
19
21
11
220
22
17
15
11
220
18
22
15
11
220
21
24
15
11
220
17
24
20
11
220
16
20
24
11
220
17
20
16
11
220
16
16
19
11
220
18
18
20
11
220
22
15
20
11
220
17
18
19
11
220
19
15
19
11
220
20
20
23
11
220
19
19
20
11
220
19
15
16
11
220
18
21
20
11
220
19
19
16
11
220
21
24
19
11
220
21
24
21
11
220
20
18
19
11
220
18
15
23
11
220
19
23
16
11
220
17
16
20
11
220
21
20
23
11
220
22
18
11
220
17
19
18
11
220
19
15
19
11
220
19
22
18
11
220
19
16
21
11
220
16
17
23
11
220
18
15
19
11
220
17
22
19
11
220
19
18
19
11
220
16
18
19
11
220
17
20
19
11
220
21
21
23
11
220
20
20
23
11
220
20
18
24
11
220
18
22
18
11
220
21
23
23
11
220
21
17
15
11
220
21
17
15
11
220
19
17
17
11
220
19
24
11
220
16
21
23
11
220
20
23
19
11
220
17
21
20
11
220
17
21
23
11
220
21
18
22
11
220
16
22
22
11
220
19
19
16
11
220
20
18
18
11
220
19
23
24
11
220
16
20
19
11
220
18
19
19
11
220
20
21
16
11
220
22
15
19
11
220
19
20
16
11
220
21
22
21
11
220
20
17
24
11
220
20
17
19
11
220
20
19
17
11
220
22
24
11
220
17
20
11
220
21
15
18
11
220
16
21
20
11
220
18
16
20
11
220
17
16
17
11
220
17
15
15
11
220
17
16
16
11
220
16
22
23
11
220
23
15
11
220
24
19
11
220
16
20
18
11
220
21
20
24
11
220
16
23
16
11
220
18
20
18
11
220
16
16
22
11
220
17
22
24
11
220
20
24
16
11
220
24
15
11
220
19
24
23
11
220
17
19
24
11
220
19
16
17
11
220
18
16
24
11
220
20
22
20
11
220
17
18
11
220
19
24
20
11
220
18
23
16
11
220
19
17
19
2387
606
220
18
17
19
18
21
22
17
23
271
2
5272
1716
19111
17359
20911
31871
8
310
1542
6813
13
198
71093
248046
198
248045
846
198
7525
3555
4621
4490
279
6813
13
5514
579
279
1412
25
198
6347
1371
318
3444
3110
1562
1483
1590
198
220
2793
34397
68
19
44
21794
29471
69
15
79
6971
487
1500
220
17
15
15
11
303
361
4211
29
198
262
1716
19111
17359
20911
31871
8
198
220
2793
34397
68
19
44
21794
29471
69
15
79
6971
487
1500
220
16
23
15
11
303
1716
198
262
1992
8871
2477
17
11
220
18
11
220
16
11
220
19
2387
606
220
19
198
1779
6108
59641
59641
59641
59641
59641
59641
21203
61
198
66317
1401
14200
1206
311
40138
11
411
369
678
3274
25
4310
279
2614
709
11618
321
4479
889
11
6999
4072
279
709
7246
321
1440
660
279
6813
13
2972
5683
4045
67305
3067
13209
50
159029
271
2523
1220
14623
279
1970
488
10490
303
264
64504
1970
2424
318
784
9609
31789
318
19458
668
31153
279
3889
5568
8
248046
198
248045
74455
198
248068
271
248069
271
71093
12305
198
1445
18904
1120
1697
198
464
14410
431
1358
727
2542
17359
20911
31871
20449
25
1697
18078
2387
1411
514
25
198
262
4071
19892
279
2542
314
64963
4947
314
660
1146
64633
314
279
2574
1287
13
198
1031
262
561
64963
1324
314
449
1287
369
4364
430
279
1324
314
14505
585
318
15
2564
585
361
307
12
16
8
695
262
303
279
10300
1287
1332
10300
3730
957
10
16
60
471
10300
3730
957
60
835
220
16
13
198
1031
262
357
1146
1595
369
264
64258
2397
38127
8240
314
5255
2785
449
1287
13
198
1031
262
17167
25
198
285
10001
25
357
1103
314
24959
1332
220
16
2564
2343
20449
8
2564
220
16
15
15
15
321
220
16
2564
10001
957
60
2564
2343
20449
8
198
1031
262
5019
25
198
285
561
2542
314
64963
4947
314
660
1146
64633
6987
262
11765
2542
17359
20911
31871
2477
17
11
220
18
11
220
16
11
220
19
2387
198
262
220
18
198
262
11765
2542
17359
20911
31871
2477
16
11
220
18
11
220
18
11
220
18
11
220
20
2387
198
262
220
23
198
262
4071
198
262
307
283
2343
20449
8
198
262
2702
283
220
15
6987
262
364
585
303
2020
1393
1590
198
285
10300
5062
283
2958
198
285
64963
283
220
15
198
285
364
492
303
2020
1889
11
307
1590
198
309
1009
283
10001
3681
60
198
309
2235
5854
283
2343
42911
5062
8
198
309
1097
283
14410
431
918
284
431
9293
42911
5062
11
1009
8
198
3265
309
653
12851
37029
1009
11
1716
1092
31092
513
11164
198
309
653
1368
1097
835
220
15
321
1097
361
2235
5854
25
198
309
653
256
561
12558
1881
10300
5062
20980
12
16
60
321
10300
5062
20980
60
369
6747
198
309
653
256
8771
491
31092
513
3354
25
318
27379
5062
20980
12
16
1089
1009
8
321
318
805
11
10300
5062
20980
2387
198
309
653
1368
1097
606
220
15
25
198
309
653
256
3648
491
12558
369
3354
25
318
805
11
10300
5062
58
15
2387
413
2235
5854
835
220
15
198
309
653
1368
1097
606
2235
5854
25
198
309
653
256
3648
491
12558
369
3354
25
318
27379
5062
7368
16
1089
1009
8
413
2235
5854
835
220
15
18015
309
413
1097
835
220
15
321
1097
361
2235
5854
25
198
388
653
10466
279
2235
12558
413
424
557
835
220
16
198
388
413
10300
5062
20980
60
471
10300
5062
20980
471
220
16
60
835
220
16
25
198
493
64963
5794
220
16
198
388
653
2604
491
12558
318
27379
5062
20980
12
16
1089
1009
8
198
388
413
1009
471
10300
5062
20980
471
220
16
60
835
220
16
25
198
493
64963
1373
220
16
198
388
653
2604
491
12558
318
805
11
10300
5062
20980
2387
198
388
413
10300
5062
20980
60
471
1009
835
220
16
25
198
493
64963
1373
220
16
198
309
4265
1097
606
220
15
25
198
388
413
2235
5854
835
220
15
25
198
493
413
10300
5062
58
15
60
471
1009
835
220
16
25
198
646
64963
1373
220
16
198
309
4265
1097
606
2235
5854
25
198
388
413
2235
5854
835
220
15
25
198
493
413
1009
471
10300
5062
7368
16
60
835
220
16
25
198
646
64963
1373
220
16
18015
309
653
16598
1009
506
2234
1097
198
309
10300
5062
6811
11909
11
1009
8
198
3265
309
2702
1373
64963
6987
262
460
2702
1358
727
1716
69574
1590
198
262
653
3284
4886
494
279
3377
198
262
1992
8871
2477
17
11
220
18
11
220
16
11
220
19
2387
606
220
19
198
262
1992
8871
2477
16
11
220
18
11
220
18
11
220
18
11
220
20
2387
606
220
23
6987
262
653
22484
1228
4886
198
262
1992
8871
2477
20
2387
606
220
15
198
262
1992
8871
2477
19
2387
606
220
15
198
262
1992
8871
2477
16
2387
606
220
15
198
262
1992
8871
2477
17
11
220
22
2387
606
220
16
198
262
1992
8871
2477
17
11
220
17
2387
606
220
15
198
262
1992
8871
2477
19
11
220
16
2387
606
220
16
198
262
1992
8871
2477
17
11
220
18
11
220
18
2387
606
220
15
6987
262
653
19670
1228
1105
440
660
220
16
82
198
262
1992
8871
2477
16
60
348
220
16
15
15
15
8
606
220
15
6987
262
653
3284
1105
220
24
198
262
1992
8871
2477
20
16
23
11
220
19
24
24
11
220
16
23
20
11
220
18
19
23
11
220
19
17
24
11
220
17
24
22
11
220
18
16
20
11
220
18
19
23
11
220
21
19
11
220
16
17
24
11
220
20
24
16
11
220
16
23
16
11
220
18
15
22
11
220
16
18
15
11
220
20
16
22
11
220
17
22
24
11
220
22
21
11
220
19
20
22
11
220
21
21
17
11
220
19
20
22
11
220
17
18
11
220
19
17
21
11
220
21
16
16
11
220
21
21
20
11
220
22
15
23
11
220
22
15
20
11
220
16
20
24
11
220
17
22
23
11
220
17
24
21
11
220
23
21
11
220
20
24
23
11
220
19
24
17
11
220
20
15
11
220
20
16
22
11
220
20
23
11
220
19
18
21
11
220
20
22
21
11
220
19
22
15
11
220
21
17
11
220
21
17
19
11
220
17
18
23
11
220
16
16
17
11
220
16
22
23
11
220
22
17
21
11
220
20
18
22
11
220
21
24
24
11
220
22
16
21
11
220
18
22
20
11
220
20
23
21
11
220
16
17
19
11
220
16
19
23
11
220
18
21
17
11
220
23
11
220
17
20
17
11
220
21
24
15
11
220
16
20
24
11
220
18
20
11
220
21
21
15
11
220
16
16
20
11
220
19
21
18
11
220
16
21
24
11
220
18
15
15
11
220
21
19
16
11
220
19
22
22
11
220
16
22
15
11
220
18
20
19
11
220
16
21
16
11
220
21
22
19
11
220
21
15
19
11
220
17
18
15
11
220
18
22
19
11
220
16
17
15
11
220
19
22
11
220
20
16
23
11
220
17
22
23
11
220
21
17
19
11
220
18
16
20
11
220
19
16
11
220
21
22
20
11
220
21
21
20
11
220
18
17
11
220
21
18
21
11
220
16
18
20
11
220
16
19
15
11
220
21
19
17
11
220
17
18
23
11
220
19
23
16
11
220
20
24
23
11
220
18
20
18
11
220
16
18
22
11
220
21
16
19
11
220
22
16
20
11
220
19
19
16
11
220
17
11
220
21
20
21
11
220
21
22
23
11
220
16
21
22
11
220
17
18
20
11
220
16
23
21
11
220
16
15
23
11
220
19
16
23
11
220
22
16
21
11
220
16
19
22
11
220
18
22
22
11
220
20
21
17
11
220
16
19
19
11
220
17
17
15
11
220
16
20
20
11
220
17
20
17
11
220
16
22
17
11
220
19
16
11
220
21
18
18
11
220
21
17
16
11
220
19
19
19
11
220
20
23
18
11
220
17
24
18
11
220
22
15
11
220
20
16
22
11
220
20
18
23
11
220
16
20
21
11
220
17
20
17
11
220
16
21
22
11
220
23
19
11
220
17
17
23
11
220
16
15
20
11
220
18
21
15
11
220
18
24
24
11
220
17
22
23
11
220
16
16
23
11
220
17
24
11
220
22
21
11
220
20
21
18
11
220
20
21
22
11
220
21
23
15
11
220
19
20
19
11
220
19
22
15
11
220
20
19
16
11
220
18
18
11
220
20
21
21
11
220
16
20
20
11
220
20
24
22
11
220
16
22
23
11
220
20
17
16
11
220
18
15
22
11
220
17
19
11
220
16
23
17
11
220
19
17
23
11
220
19
21
17
11
220
20
19
16
11
220
17
18
16
11
220
20
18
21
11
220
21
24
16
11
220
19
19
17
11
220
16
17
24
11
220
18
22
24
11
220
20
18
15
11
220
20
19
18
11
220
19
17
19
11
220
16
23
17
11
220
18
21
11
220
16
18
24
11
220
18
19
21
11
220
18
15
16
11
220
18
18
16
11
220
18
18
20
11
220
23
17
11
220
19
21
17
11
220
19
21
16
11
220
20
22
21
11
220
21
24
21
11
220
22
15
17
11
220
19
18
18
11
220
17
19
15
11
220
21
20
24
11
220
22
17
21
11
220
18
23
20
11
220
20
17
19
11
220
16
20
16
11
220
16
16
21
11
220
20
17
19
11
220
17
18
16
11
220
17
23
22
11
220
19
21
23
11
220
19
18
18
11
220
18
18
19
11
220
17
16
19
11
220
24
23
11
220
16
23
17
11
220
20
18
22
11
220
20
15
23
11
220
18
21
19
11
220
20
19
19
11
220
18
18
22
11
220
18
19
11
220
21
18
15
11
220
18
18
11
220
18
21
24
11
220
17
21
15
11
220
19
24
22
11
220
21
18
19
11
220
21
23
22
11
220
20
20
15
11
220
17
11
220
17
22
11
220
20
15
23
11
220
21
23
11
220
17
18
18
11
220
18
18
15
11
220
17
22
22
11
220
21
20
11
220
17
22
20
11
220
16
21
20
11
220
17
17
17
11
220
20
20
18
11
220
18
16
24
11
220
19
15
21
11
220
21
16
15
11
220
19
24
22
11
220
21
15
21
11
220
17
18
18
11
220
17
22
16
11
220
16
16
21
11
220
21
16
11
220
20
17
16
11
220
20
23
23
11
220
21
22
23
11
220
22
24
11
220
16
17
18
11
220
16
15
17
11
220
17
21
11
220
21
17
15
11
220
19
20
23
11
220
19
23
20
11
220
16
23
17
11
220
17
16
24
11
220
21
23
15
11
220
19
17
23
11
220
23
21
11
220
20
22
16
11
220
17
16
21
11
220
22
15
18
11
220
16
22
19
11
220
17
20
17
11
220
21
19
23
11
220
19
16
24
11
220
17
17
17
11
220
22
16
18
11
220
21
18
18
11
220
20
16
16
11
220
20
17
23
11
220
16
22
20
11
220
21
18
19
11
220
17
19
23
11
220
20
16
16
11
220
20
23
16
11
220
19
17
17
11
220
21
16
23
11
220
20
21
23
11
220
16
23
21
11
220
20
17
22
11
220
18
17
19
11
220
19
21
24
11
220
16
19
18
11
220
18
24
15
11
220
18
21
19
11
220
19
24
22
11
220
24
21
11
220
17
21
11
220
19
20
15
11
220
18
23
23
11
220
21
24
16
11
220
21
17
24
11
220
18
24
17
11
220
22
17
15
11
220
16
15
21
11
220
16
19
22
11
220
18
16
20
11
220
22
16
21
11
220
20
21
11
220
21
16
22
11
220
17
23
17
11
220
18
11
220
16
16
24
11
220
16
22
11
220
20
18
20
11
220
21
20
19
11
220
19
21
11
220
20
23
19
11
220
22
16
19
11
220
23
19
11
220
24
21
11
220
20
20
24
11
220
20
18
21
11
220
20
23
19
11
220
17
22
23
11
220
17
19
23
11
220
16
20
23
11
220
18
11
220
18
20
16
11
220
16
23
20
11
220
21
11
220
21
18
17
11
220
20
19
15
11
220
19
22
22
11
220
21
20
19
11
220
19
18
24
11
220
20
16
22
11
220
17
16
20
11
220
18
24
22
11
220
18
15
16
11
220
18
16
18
11
220
16
16
21
11
220
24
17
11
220
16
16
22
11
220
21
20
20
11
220
20
18
22
11
220
16
16
17
11
220
24
23
11
220
19
23
18
11
220
18
20
11
220
17
21
24
11
220
16
23
19
11
220
21
23
15
11
220
20
21
22
11
220
22
18
11
220
21
24
19
11
220
22
16
21
11
220
21
17
24
11
220
16
18
18
11
220
16
16
15
11
220
21
17
17
11
220
16
24
17
11
220
21
21
18
11
220
21
20
11
220
19
18
21
11
220
17
20
15
11
220
17
22
11
220
18
17
18
11
220
24
16
11
220
20
17
18
11
220
18
20
15
11
220
22
17
17
11
220
21
18
21
11
220
17
17
15
11
220
16
22
18
11
220
16
24
24
11
220
21
15
17
11
220
19
16
16
11
220
20
23
21
11
220
17
24
18
11
220
17
21
17
11
220
17
24
20
11
220
16
15
23
11
220
17
22
20
11
220
21
17
11
220
19
21
21
11
220
16
23
24
11
220
20
24
16
11
220
21
19
24
11
220
20
21
15
11
220
20
17
17
11
220
17
18
23
11
220
20
20
22
11
220
18
16
22
11
220
21
17
24
11
220
20
24
18
11
220
17
23
19
11
220
16
18
19
11
220
19
15
15
11
220
17
15
22
11
220
19
21
21
11
220
20
17
20
11
220
18
15
17
11
220
17
23
18
11
220
20
16
16
11
220
16
23
17
11
220
19
15
16
11
220
19
23
15
11
220
17
17
17
11
220
20
22
16
11
220
16
18
19
11
220
18
23
20
11
220
20
18
18
11
220
21
23
19
11
220
19
22
23
11
220
16
17
15
11
220
18
20
20
11
220
21
22
17
11
220
20
19
23
11
220
19
20
16
11
220
16
19
21
11
220
21
20
16
11
220
17
24
18
11
220
19
23
19
11
220
20
21
19
11
220
22
15
19
11
220
16
24
24
11
220
19
18
24
11
220
17
17
18
11
220
16
24
19
11
220
22
17
23
11
220
22
15
15
11
220
17
16
19
11
220
18
18
17
11
220
20
23
15
11
220
18
21
23
11
220
19
16
20
11
220
24
16
11
220
17
17
18
11
220
20
22
18
11
220
21
19
17
11
220
16
19
20
11
220
19
19
16
11
220
16
21
21
11
220
21
16
11
220
16
16
19
11
220
19
22
11
220
20
21
21
11
220
21
18
21
11
220
20
19
23
11
220
18
15
16
11
220
21
18
18
11
220
21
22
23
11
220
20
19
15
11
220
20
22
17
11
220
20
16
22
11
220
22
15
24
11
220
20
19
21
11
220
16
21
21
11
220
17
16
22
11
220
19
15
11
220
21
21
21
11
220
16
22
19
11
220
16
21
19
11
220
20
15
21
11
220
19
15
16
11
220
16
17
22
11
220
20
21
22
11
220
20
19
16
11
220
20
18
16
11
220
17
22
16
11
220
19
15
22
11
220
20
24
19
11
220
21
24
24
11
220
21
20
16
11
220
20
15
18
11
220
22
23
11
220
20
16
15
11
220
18
23
16
11
220
19
19
17
11
220
21
20
20
11
220
19
20
11
220
16
17
11
220
21
24
19
11
220
16
24
24
11
220
21
21
20
11
220
19
24
16
11
220
20
20
24
11
220
18
21
24
11
220
17
22
16
11
220
17
20
18
11
220
21
15
11
220
21
16
23
11
220
21
23
18
11
220
16
23
24
11
220
17
16
24
11
220
21
15
19
11
220
17
19
23
11
220
20
15
20
11
220
19
19
16
11
220
21
19
20
11
220
17
17
23
11
220
19
18
19
11
220
19
11
220
16
18
22
11
220
20
22
21
11
220
18
16
15
11
220
20
20
21
11
220
18
17
19
11
220
17
20
15
11
220
19
15
16
11
220
21
23
19
11
220
19
20
15
11
220
20
15
23
11
220
21
22
11
220
21
21
15
11
220
20
17
23
11
220
19
23
20
11
220
21
17
21
11
220
22
16
22
11
220
17
24
16
11
220
18
16
18
11
220
17
16
15
11
220
21
23
11
220
17
18
15
11
220
20
21
21
11
220
21
23
19
11
220
18
21
16
11
220
21
17
18
11
220
17
23
16
11
220
16
18
11
220
18
20
21
11
220
22
15
19
11
220
18
22
21
11
220
21
21
23
11
220
16
16
24
11
220
18
16
22
11
220
17
21
23
11
220
17
23
22
11
220
17
23
19
11
220
17
24
24
11
220
21
17
22
11
220
16
18
23
11
220
19
21
20
11
220
18
24
11
220
20
20
15
11
220
17
17
19
11
220
16
23
18
11
220
20
23
18
11
220
18
15
17
11
220
18
19
16
11
220
17
16
20
11
220
19
23
23
11
220
19
18
15
11
220
16
15
22
11
220
21
17
19
11
220
20
16
24
11
220
18
18
18
11
220
17
23
22
11
220
20
19
20
11
220
16
22
11
220
20
18
19
11
220
21
21
19
11
220
21
15
15
11
220
19
16
15
11
220
18
20
15
11
220
20
23
24
11
220
21
16
17
11
220
18
23
11
220
17
20
11
220
16
20
19
11
220
22
17
16
11
220
21
16
16
11
220
18
19
21
11
220
22
16
18
11
220
18
18
11
220
20
16
24
11
220
19
23
16
11
220
20
24
24
11
220
16
15
20
11
220
22
15
24
11
220
19
20
18
11
220
22
17
11
220
21
17
11
220
22
17
18
11
220
21
15
20
11
220
17
21
18
11
220
20
23
17
11
220
22
17
19
11
220
21
23
18
11
220
16
16
19
11
220
17
21
19
11
220
18
15
18
11
220
20
18
15
11
220
17
21
20
11
220
17
19
22
11
220
22
15
16
11
220
24
11
220
19
17
19
11
220
21
22
11
220
16
16
21
11
220
18
22
17
11
220
16
19
23
11
220
16
24
15
11
220
22
15
20
11
220
17
22
17
11
220
19
11
220
21
21
24
11
220
21
17
18
11
220
20
16
22
11
220
20
22
22
11
220
21
24
18
11
220
19
18
16
11
220
16
24
19
11
220
18
18
24
11
220
17
18
23
11
220
21
23
19
11
220
21
17
24
11
220
17
19
22
11
220
19
15
11
220
20
17
17
11
220
17
16
16
11
220
18
17
16
11
220
20
24
11
220
18
24
15
11
220
18
16
11
220
20
23
16
11
220
18
17
19
11
220
17
20
11
220
21
21
17
11
220
21
11
220
18
19
16
11
220
20
21
21
11
220
21
23
15
11
220
18
23
17
11
220
21
21
23
11
220
20
15
21
11
220
21
17
19
11
220
19
20
17
11
220
19
19
15
11
220
16
22
21
11
220
18
17
15
11
220
21
24
17
11
220
16
24
20
11
220
20
16
21
11
220
19
17
19
11
220
16
16
21
11
220
18
22
22
11
220
20
17
19
11
220
18
20
11
220
20
18
16
11
220
16
21
23
11
220
18
18
16
11
220
18
22
17
11
220
16
24
19
11
220
22
22
11
220
24
20
11
220
19
21
21
11
220
17
23
16
11
220
17
15
23
11
220
17
18
18
11
220
20
20
22
11
220
19
20
20
11
220
17
22
18
11
220
22
15
17
11
220
19
20
22
11
220
18
19
22
11
220
18
24
22
11
220
19
19
21
11
220
22
17
15
11
220
18
22
15
11
220
21
24
15
11
220
17
24
20
11
220
16
20
24
11
220
17
20
16
11
220
16
16
19
11
220
18
18
20
11
220
22
15
20
11
220
17
18
19
11
220
19
15
19
11
220
20
20
23
11
220
19
19
20
11
220
19
15
16
11
220
18
21
20
11
220
19
19
16
11
220
21
24
19
11
220
21
24
21
11
220
20
18
19
11
220
18
15
23
11
220
19
23
16
11
220
17
16
20
11
220
21
20
23
11
220
22
18
11
220
17
19
18
11
220
19
15
19
11
220
19
22
18
11
220
19
16
21
11
220
16
17
23
11
220
18
15
19
11
220
17
22
19
11
220
19
18
19
11
220
16
18
19
11
220
17
20
19
11
220
21
21
23
11
220
20
20
23
11
220
20
18
24
11
220
18
22
18
11
220
21
23
23
11
220
21
17
15
11
220
21
17
15
11
220
19
17
17
11
220
19
24
11
220
16
21
23
11
220
20
23
19
11
220
17
21
20
11
220
17
21
23
11
220
21
18
22
11
220
16
22
22
11
220
19
19
16
11
220
20
18
18
11
220
19
23
24
11
220
16
20
19
11
220
18
19
19
11
220
20
21
16
11
220
22
15
19
11
220
19
20
16
11
220
21
22
21
11
220
20
17
24
11
220
20
17
19
11
220
20
19
17
11
220
22
24
11
220
17
20
11
220
21
15
18
11
220
16
21
20
11
220
18
16
20
11
220
17
16
17
11
220
17
15
15
11
220
17
16
16
11
220
16
22
23
11
220
23
15
11
220
24
19
11
220
16
20
18
11
220
21
20
24
11
220
16
23
16
11
220
18
20
18
11
220
16
16
22
11
220
17
22
24
11
220
20
24
16
11
220
24
15
11
220
19
24
23
11
220
17
19
24
11
220
19
16
17
11
220
18
16
24
11
220
20
22
20
11
220
17
18
11
220
19
24
20
11
220
18
23
16
11
220
19
17
19
2387
606
220
18
17
19
18
21
22
17
23
271
2
5272
1716
19111
17359
20911
31871
8
310
1542
6813
13
198
71093
248046
198