248045
846
198
4274
279
2614
709
11618
321
4479
889
11
6999
4072
279
709
7246
321
1440
660
279
6813
13
2972
5683
4045
67305
3067
13209
50
159029
271
2523
1220
14623
279
1970
488
10490
303
264
64504
1970
2424
318
784
9609
31789
318
19458
668
31153
279
3889
5568
8
271
71093
198
1445
18904
1120
1697
1358
727
59373
29626
2270
68
89394
24515
25
1697
50246
18078
28649
1411
592
25
198
262
4071
6834
264
10490
59373
2308
565
4534
68
1746
383
264
220
18
87
18
5646
1332
1754
2691
682
264
869
13
198
1031
262
32187
1413
29389
318
3765
2693
8
321
357
36926
318
5394
2693
8
1831
10263
18207
4022
7515
13
198
262
3095
264
2693
38587
264
2691
11
781
5284
279
3387
303
421
2691
321
5984
424
836
1829
198
262
318
51
73813
29389
25
2438
11
357
36926
25
6105
553
198
1031
262
561
1746
10029
948
25
198
262
471
357
2693
5055
220
18
23173
7515
314
836
1829
318
633
86201
3336
72
22718
8
471
421
2693
14387
198
262
471
1942
7515
513
23235
471
279
2693
440
4918
2702
5284
14387
6987
262
11396
4078
1432
7314
722
13
561
2542
314
660
2663
303
279
5646
369
18739
310
381
10016
13
198
1031
262
17167
25
198
285
5646
25
357
220
18
87
18
5646
314
24959
13661
2691
2663
8675
262
5019
25
198
285
328
51
73813
29389
1
413
32187
1413
29389
14387
11
328
32
36926
1
413
357
36926
14387
8675
262
11765
59373
29626
2270
68
89394
26247
15
11
220
15
11
220
15
1089
498
15
11
220
16
11
220
15
1089
498
15
11
220
15
11
220
15
28649
198
262
359
51
73813
29389
6
198
262
11765
59373
29626
2270
68
89394
2477
7368
16
11
220
16
11
220
15
1089
9758
19
11
471
17
11
471
20
1089
9758
19
11
471
16
11
471
20
28649
198
262
359
32
36926
6
198
262
4071
271
727
1716
69574
1590
198
262
653
18564
1228
4886
198
262
1992
8871
26247
15
11
220
15
11
220
15
1089
498
15
11
220
16
11
220
15
1089
498
15
11
220
15
11
220
15
28649
606
359
51
73813
29389
6
198
262
1992
8871
2477
7368
16
11
220
16
11
220
15
1089
9758
19
11
471
17
11
471
20
1089
9758
19
11
471
16
11
471
20
28649
606
359
32
36926
6
198
1031
262
653
22484
1228
4886
198
262
1992
8871
2477
7368
17
16
16
19
15
19
18
15
20
11
220
17
21
24
18
20
24
15
23
16
11
220
22
18
21
22
24
20
19
20
15
1089
9758
21
16
18
21
16
23
19
16
21
11
220
22
17
19
18
21
23
18
16
20
11
471
24
17
19
16
17
17
19
20
19
1089
9758
24
17
23
16
21
23
21
23
18
11
471
19
17
23
22
20
16
20
18
24
11
471
18
19
21
19
24
15
16
20
15
28649
606
359
32
36926
6
198
262
1992
8871
26247
17
17
21
18
23
22
20
23
24
11
471
16
16
18
23
23
22
15
20
11
220
24
18
18
19
18
21
18
18
15
1089
498
20
17
20
19
22
24
24
20
19
11
471
22
23
20
24
16
17
20
15
15
11
471
20
16
18
24
20
22
17
18
21
1089
498
18
15
24
23
17
21
19
17
17
11
471
23
23
23
19
22
18
20
21
16
11
220
19
24
21
17
17
20
23
21
21
28649
606
359
32
36926
6
198
262
1992
8871
2477
7368
20
23
19
24
21
18
22
16
22
11
220
18
15
22
22
16
22
19
22
18
11
220
16
20
18
22
18
23
18
16
21
1089
9758
18
19
22
21
23
20
21
24
21
11
220
17
18
15
17
16
17
17
23
18
11
471
19
24
19
24
23
22
19
23
22
1089
9758
19
15
19
15
23
24
24
17
18
11
220
23
17
17
15
19
23
18
15
20
11
471
20
18
24
16
16
16
16
19
22
28649
606
359
32
36926
6
198
262
1992
8871
2477
7368
21
19
21
21
20
18
23
18
21
11
220
22
16
20
15
21
24
22
16
11
220
17
24
16
15
19
23
23
20
24
1089
9758
23
16
19
15
20
19
15
21
16
11
220
18
19
22
18
18
23
21
22
15
11
471
18
24
15
15
20
23
21
20
20
1089
498
24
22
18
23
15
24
18
21
24
11
220
16
18
16
21
17
15
23
15
20
11
220
18
19
15
22
17
21
24
19
24
28649
606
359
51
73813
29389
6
198
262
1992
8871
26247
23
19
20
24
24
18
19
17
22
11
471
24
23
23
24
21
19
19
23
23
11
220
22
17
19
23
22
22
19
19
15
1089
9758
20
19
18
24
16
24
23
24
24
11
220
19
24
15
15
24
22
20
15
15
11
471
23
15
16
19
19
15
23
23
15
1089
9758
23
22
19
15
21
23
23
19
22
11
471
21
18
15
19
24
17
17
19
24
11
220
24
21
24
15
20
16
20
24
24
28649
606
359
32
36926
6
198
262
1992
8871
2477
7368
17
18
23
21
22
16
22
20
21
11
471
18
20
21
21
21
18
22
15
22
11
220
20
21
16
19
20
15
15
20
17
1089
9758
23
15
18
20
19
18
18
21
20
11
220
24
16
23
15
23
22
16
19
18
11
471
24
21
19
22
21
22
17
15
20
1089
9758
19
23
18
23
20
15
21
18
17
11
471
17
22
19
15
20
15
19
22
23
11
471
22
19
17
15
24
15
17
15
16
28649
606
359
51
73813
29389
6
198
262
1992
8871
2477
7368
16
19
18
18
18
16
15
19
23
11
471
24
22
24
17
21
21
15
21
17
11
220
17
16
15
16
24
24
23
20
24
1089
9758
17
22
19
22
20
21
18
21
15
11
220
16
22
22
23
20
23
21
18
19
11
471
17
16
19
17
21
22
15
18
20
1089
9758
20
18
24
24
24
22
15
20
16
11
471
24
15
16
19
19
20
18
19
24
11
220
18
17
23
15
19
22
15
19
20
28649
606
359
32
36926
6
198
262
1992
8871
2477
7368
22
23
24
23
22
22
19
24
21
11
471
24
16
15
20
20
15
18
18
15
11
471
19
24
23
19
23
23
20
19
16
1089
9758
17
18
16
17
23
23
19
24
23
11
220
18
15
17
21
24
20
15
18
22
11
220
19
17
19
24
15
16
18
23
20
1089
9758
22
18
21
24
24
18
24
19
23
11
471
24
16
23
20
15
16
19
17
20
11
220
20
17
22
16
16
24
24
23
24
28649
606
359
32
36926
6
198
262
1992
8871
26247
18
15
18
19
20
18
24
21
19
11
471
20
23
17
17
23
24
18
24
21
11
220
24
23
22
15
18
23
24
17
15
1089
498
16
18
19
24
15
16
21
20
24
11
471
18
22
18
16
16
19
19
20
24
11
220
20
16
15
20
21
22
22
19
21
1089
498
23
17
19
20
19
20
21
21
15
11
220
22
19
22
18
21
20
22
21
16
11
220
17
15
17
22
24
22
23
18
15
28649
606
359
51
73813
29389
6
198
262
1992
8871
2477
7368
24
18
21
19
15
22
18
19
11
471
22
24
23
23
20
21
24
19
16
11
471
22
18
15
22
15
22
17
16
16
1089
498
17
24
16
20
23
20
16
19
11
220
22
15
19
17
18
23
22
22
20
11
220
23
20
15
15
20
17
15
19
22
1089
498
22
15
23
23
20
17
16
16
20
11
471
16
18
17
17
19
15
24
15
21
11
220
22
23
20
23
18
24
18
16
15
28649
606
359
51
73813
29389
6
198
262
1992
8871
26247
19
17
20
16
22
17
22
17
17
11
471
17
21
17
19
23
22
18
24
21
11
471
17
20
21
18
19
21
22
18
20
1089
9758
18
21
24
17
20
15
17
19
19
11
471
17
15
16
21
21
17
23
20
19
11
220
18
17
21
17
20
22
15
21
22
1089
9758
23
16
23
20
20
24
16
19
19
11
220
23
18
18
24
16
19
15
23
11
220
23
23
20
19
22
16
20
20
16
28649
606
359
51
73813
29389
6
198
262
1992
8871
26247
23
23
22
22
18
15
20
22
15
11
471
17
15
19
21
24
16
23
20
15
11
220
16
22
19
17
15
22
20
24
18
1089
9758
23
22
21
19
16
15
17
22
17
11
220
21
19
23
16
16
19
17
16
11
471
24
19
20
24
16
17
20
23
17
1089
9758
24
16
19
19
21
20
21
15
23
11
471
18
18
22
23
16
22
21
17
23
11
220
16
15
24
22
22
23
16
24
22
28649
606
359
32
36926
6
198
262
1992
8871
2477
7368
20
22
19
24
21
21
17
18
19
11
471
22
23
21
15
23
16
22
20
16
11
471
22
23
21
17
20
20
17
23
17
1089
498
24
20
24
23
20
20
20
18
11
220
23
23
23
18
20
16
20
24
24
11
220
17
18
15
20
22
21
24
24
24
1089
498
24
18
20
20
17
18
19
20
19
11
471
19
16
19
24
17
21
20
15
15
11
471
19
20
20
17
23
16
17
19
18
28649
606
359
32
36926
6
198
262
1992
8871
2477
7368
18
19
22
24
22
16
23
15
11
471
20
21
17
17
15
22
24
15
21
11
471
16
22
21
15
22
15
18
16
21
1089
498
17
24
19
19
22
21
22
22
21
11
220
16
23
18
15
16
18
15
23
17
11
220
23
22
23
23
24
21
15
20
24
1089
498
16
16
19
22
22
22
24
16
20
11
220
20
20
17
21
15
23
24
22
20
11
471
22
18
18
19
18
17
15
24
19
28649
606
359
51
73813
29389
6
198
262
1992
8871
2477
7368
23
24
21
19
19
24
15
17
24
11
220
19
20
19
16
20
22
20
22
21
11
471
24
18
19
16
20
15
18
20
21
1089
9758
19
20
23
22
24
15
19
23
22
11
220
20
17
20
21
23
22
20
17
23
11
471
18
15
18
15
17
24
23
18
1089
498
18
24
19
24
21
20
16
20
16
11
471
19
23
16
16
15
19
17
17
15
11
471
23
15
16
18
17
24
24
21
16
28649
606
359
51
73813
29389
6
198
262
1992
8871
2477
7368
23
16
23
19
24
22
16
23
23
11
471
23
18
23
22
23
23
17
21
21
11
471
23
16
20
22
20
17
23
21
17
1089
9758
16
19
15
15
24
22
23
21
16
11
220
16
16
21
24
20
16
22
20
21
11
471
23
23
15
16
17
16
21
20
24
1089
498
19
22
23
19
15
18
20
21
24
11
471
22
24
22
21
17
17
23
21
17
11
471
24
19
24
18
17
24
21
20
23
28649
606
359
32
36926
6
198
262
1992
8871
2477
7368
21
23
20
19
15
21
24
15
23
11
220
21
24
16
19
16
18
17
23
19
11
220
17
22
23
22
15
15
20
21
24
1089
498
18
24
15
20
18
19
21
22
23
11
471
24
23
22
15
22
22
17
23
22
11
471
24
24
23
18
20
18
18
15
15
1089
498
16
18
22
19
23
16
17
22
19
11
471
18
21
24
22
18
15
22
24
17
11
220
21
15
20
20
18
24
21
24
20
28649
606
359
51
73813
29389
6
198
262
1992
8871
26247
22
24
18
21
19
22
19
24
20
11
471
17
16
19
16
24
24
24
24
24
11
471
20
19
15
24
22
21
16
24
16
1089
9758
21
17
15
19
21
21
19
17
19
11
220
24
23
15
19
24
15
19
19
16
11
471
20
17
19
24
18
22
21
21
24
1089
9758
16
19
15
18
22
23
18
16
20
11
220
16
21
23
17
20
24
24
23
17
11
471
18
19
16
17
18
15
20
20
16
28649
606
359
32
36926
6
198
262
1992
8871
2477
7368
24
15
24
18
15
15
17
20
23
11
471
21
20
24
15
20
22
15
17
24
11
471
22
24
23
19
15
21
15
22
17
1089
498
19
15
20
17
24
19
20
24
17
11
220
20
15
17
18
18
20
16
16
15
11
220
21
17
24
15
20
20
23
19
22
1089
498
21
24
23
20
15
19
16
16
17
11
471
17
17
16
23
21
20
24
21
15
11
471
18
16
19
23
22
18
22
23
24
28649
606
359
32
36926
6
198
262
1992
8871
2477
7368
18
22
23
22
24
20
21
23
21
11
471
17
20
17
23
21
22
22
23
23
11
471
21
17
21
19
17
15
18
16
22
1089
498
16
16
21
20
23
20
20
15
18
11
220
24
16
21
23
17
21
20
19
22
11
220
18
21
19
15
16
18
16
23
1089
498
21
23
20
17
16
23
20
18
24
11
471
17
21
24
20
19
23
17
22
21
11
471
20
17
23
17
20
15
22
15
16
28649
606
359
32
36926
6
271
2
5272
1716
1117
291
29626
2270
68
89394
8
310
1542
6813
13
198
71093
248046
198
248045
74455
198
1206
11290
411
3377
11
567
1144
310
7995
279
13239
314
264
10490
59373
2308
565
4534
68
1746
1332
2107
4078
1432
7314
722
13
561
1746
10029
948
264
2693
5055
2250
23173
7515
314
836
1829
318
633
11
3145
11
466
36004
8
466
948
660
7515
513
9896
11
303
864
1105
279
2693
440
279
4918
2702
5284
14387
13
271
13962
51301
198
16
13
2972
30177
17775
92217
561
1746
369
264
1330
40960
6942
73220
1746
440
4574
1928
13
11396
4078
1432
7314
722
11
7063
781
668
4992
10480
421
33363
836
1765
9144
13
1061
12846
1608
279
3277
72550
11767
440
8029
65358
82253
310
14989
660
3102
1746
5134
13
198
17
13
2972
4712
3130
75371
92217
561
1746
1528
628
381
14807
539
279
1428
5646
11
6483
2404
424
369
11
321
279
1428
11857
314
2107
4078
13
4213
11
2394
279
5646
4924
25721
279
2420
10480
321
279
10666
4530
11
567
628
5077
383
279
5646
6343
13
198
18
13
2972
6022
72550
38989
92217
695
256
471
2972
46291
4042
92217
4109
413
279
1428
2693
682
2582
2677
318
18
303
264
2713
86201
3336
72
22718
553
1368
748
11
460
264
5284
18290
264
3063
364
421
2693
13
1368
279
5646
369
2400
321
874
799
682
2677
11
10724
279
13239
3018
383
2702
11857
13
198
256
471
2972
75853
7304
92217
1690
1754
4147
2691
11
36213
279
3166
11
2560
279
5646
321
11857
11
321
51070
1562
279
20537
686
709
364
279
14279
13
561
1428
2693
668
4992
279
3166
421
29044
4603
836
14830
11
1345
279
14279
668
4992
279
3166
421
20537
4603
279
1428
2693
579
14830
13
198
19
13
2972
20711
63738
92217
5272
20781
1954
310
3436
279
2961
314
8334
24276
1746
5134
310
5471
46142
27204
13
561
1746
1528
628
381
14807
430
264
13992
314
43716
364
279
5646
11
321
279
2404
19815
13
271
13962
12121
5927
198
71093
12305
198
1445
18904
1120
1697
198
1445
54572
1120
324
2585
11198
271
727
59373
29626
2270
68
89394
24515
25
1697
50246
18078
28649
1411
592
25
198
262
4071
6834
264
10490
59373
2308
565
4534
68
1746
383
264
220
18
87
18
5646
1332
1754
2691
682
264
869
13
198
1031
262
32187
1413
29389
318
3765
2693
8
321
357
36926
318
5394
2693
8
1831
10263
18207
4022
7515
13
198
262
3095
264
2693
38587
264
2691
11
781
5284
279
3387
303
421
2691
321
5984
424
836
1829
198
262
318
51
73813
29389
25
2438
11
357
36926
25
6105
553
198
1031
262
561
1746
10029
948
25
198
262
471
357
2693
5055
220
18
23173
7515
314
836
1829
318
633
86201
3336
72
22718
8
471
421
2693
14387
198
262
471
1942
7515
513
23235
471
279
2693
440
4918
2702
5284
14387
6987
262
11396
4078
1432
7314
722
13
561
2542
314
660
2663
303
279
5646
369
18739
310
381
10016
13
198
1031
262
17167
25
198
285
5646
25
357
220
18
87
18
5646
314
24959
13661
2691
2663
8675
262
5019
25
198
285
328
51
73813
29389
1
413
32187
1413
29389
14387
11
328
32
36926
1
413
357
36926
14387
8675
262
11765
59373
29626
2270
68
89394
26247
15
11
220
15
11
220
15
1089
498
15
11
220
16
11
220
15
1089
498
15
11
220
15
11
220
15
28649
198
262
359
51
73813
29389
6
198
262
11765
59373
29626
2270
68
89394
2477
7368
16
11
220
16
11
220
15
1089
9758
19
11
471
17
11
471
20
1089
9758
19
11
471
16
11
471
20
28649
198
262
359
32
36926
6
198
262
4071
198
1031
262
653
6943
5646
310
13992
314
43716
364
69898
198
262
2763
15146
283
13992
56623
7587
8
364
2713
303
5646
8
198
1031
262
653
1942
3102
4965
318
1748
11
7890
11
81122
1091
8
198
262
4965
283
498
198
285
653
59624
198
285
17294
15
11
15
681
318
15
11
16
681
318
15
11
17
24242
198
285
17294
16
11
15
681
318
16
11
16
681
318
16
11
17
24242
198
285
17294
17
11
15
681
318
17
11
16
681
318
17
11
17
24242
198
285
653
51775
198
285
17294
15
11
15
681
318
16
11
15
681
318
17
11
15
24242
198
285
17294
15
11
16
681
318
16
11
16
681
318
17
11
16
24242
198
285
17294
15
11
17
681
318
16
11
17
681
318
17
11
17
24242
198
285
653
7521
5922
1091
198
285
17294
15
11
15
681
318
16
11
16
681
318
17
11
17
24242
198
285
17294
15
11
17
681
318
16
11
16
681
318
17
11
15
7025
198
262
2205
198
1031
262
687
615
89394
5495
15146
3163
21102
1590
198
285
4071
3840
413
1017
369
264
13239
3018
383
279
1428
5646
1528
13
198
285
5019
359
51
6
413
32187
1413
29389
14387
11
359
32
6
413
357
36926
14387
11
466
2168
413
874
13239
3482
13
198
285
6817
25
1061
709
11988
364
13522
3063
4530
3018
383
23235
7515
13
198
285
4213
11
279
20537
686
709
13518
11857
11
748
567
1144
264
2086
5313
13
198
285
32645
11
279
20537
686
668
3579
14387
40624
13
6558
579
80403
13
198
285
4071
198
285
1440
271
262
653
1165
3172
958
264
20781
1954
6297
364
279
20537
686
709
13
198
262
653
3130
25
318
4064
21102
11
369
516
73813
29389
36040
8
198
262
653
1921
5646
21102
7249
2493
524
381
3213
413
567
1144
310
1366
11857
30
198
262
653
32645
11
279
5646
5435
279
2663
13
561
328
3313
1
369
17457
539
852
23235
424
13
198
262
653
1921
279
5646
303
1004
1528
12669
3749
310
3627
864
7515
513
23235
321
539
8446
13
198
1031
262
653
6558
579
2222
12669
25
695
262
653
220
15
283
20961
29243
11
220
16
283
32187
1413
29389
11
220
17
283
357
36926
13
198
262
653
561
3889
2663
513
9476
303
264
8387
6570
5646
13
198
1031
262
3889
8873
283
2763
15146
6987
262
653
4807
26808
279
2542
314
660
2663
198
262
2702
9858
283
2542
8825
364
2713
303
3889
8873
364
1009
303
2713
8
198
1031
262
653
4807
26808
4965
198
262
4965
283
498
198
285
17294
15
11
15
681
318
15
11
16
681
318
15
11
17
24242
198
285
17294
16
11
15
681
318
16
11
16
681
318
16
11
17
24242
198
285
17294
17
11
15
681
318
17
11
16
681
318
17
11
17
24242
198
285
17294
15
11
15
681
318
16
11
15
681
318
17
11
15
24242
198
285
17294
15
11
16
681
318
16
11
16
681
318
17
11
16
24242
198
285
17294
15
11
17
681
318
16
11
17
681
318
17
11
17
24242
198
285
17294
15
11
15
681
318
16
11
16
681
318
17
11
17
24242
198
285
17294
15
11
17
681
318
16
11
16
681
318
17
11
15
7025
198
262
2205
198
1031
262
554
75
2585
11198
8474
2073
5675
8
198
262
687
20537
686
1250
29243
15146
21102
11
369
516
73813
29389
36040
11
17577
10095
11
264
547
10095
1590
198
285
4071
198
285
5019
279
1534
5284
6463
318
51
73813
29389
10095
471
357
36926
10095
8
24725
22113
1432
494
411
1528
13
198
285
23235
15146
21102
25
13992
314
43716
11
220
15
28
3092
11
220
16
58423
11
220
17
45065
198
285
4071
198
1726
285
653
4109
364
13522
3063
364
1428
2693
466
3555
2693
30
198
285
653
561
3063
2876
369
9770
1238
264
3166
369
1801
13
198
285
653
1987
11
413
279
3555
3166
8613
264
3063
11
567
1220
599
10255
424
13
198
285
653
6558
579
1716
413
279
1428
5646
682
264
13239
13
198
285
653
1921
3655
11
279
20537
686
369
2512
54588
3154
264
3166
30
2441
1238
30
198
285
653
6558
579
1910
20537
686
369
2512
440
279
1428
1528
13
1165
1144
310
1716
413
1017
579
2582
264
13239
13
198
285
653
1368
1017
579
264
13239
11
279
1746
369
888
13
198
1726
285
653
4109
413
32187
1413
29389
318
16
8
682
220
18
303
264
1500
198
285
17577
1611
1283
283
3439
198
285
264
547
1611
1283
283
3439
8675
285
364
1500
303
4965
25
198
309
7515
283
2958
198
309
364
427
11
272
303
1500
25
198
388
7515
1989
1250
29243
15146
21102
15656
1404
66
2387
198
309
413
7515
606
318
16
11
220
16
11
220
16
1590
198
388
17577
1611
1283
283
2912
198
309
4265
7515
606
318
17
11
220
17
11
220
17
1590
198
388
264
547
1611
1283
283
2912
33006
285
413
17577
1611
1283
25
198
309
653
32187
1413
29389
2582
2677
13
3301
264
3349
6572
1324
13
198
309
460
220
16
15
332
16
23
198
285
413
264
547
1611
1283
25
198
309
653
357
36926
2582
2677
13
3301
264
3349
7968
1324
13
198
309
460
471
16
15
332
16
23
18015
285
653
4109
413
5646
369
2400
198
285
660
605
29243
283
2912
198
285
364
427
303
2020
7
18
1590
198
309
364
272
303
2020
7
18
1590
198
388
413
23235
15146
21102
15656
1404
66
60
606
220
15
25
198
493
660
605
29243
283
3439
198
493
1387
198
309
413
524
660
605
29243
25
198
388
1387
33006
285
413
660
605
29243
25
198
309
653
3914
888
11
7995
13239
539
5284
198
309
460
17577
10095
471
264
547
10095
8675
285
653
28924
6483
2404
424
369
321
615
3102
10480
198
285
413
369
516
73813
29389
36040
25
198
309
1428
5996
283
220
16
198
309
1727
6677
516
73813
29389
283
3439
198
309
653
1165
1318
310
33363
279
5284
6463
198
309
1786
5996
283
471
16
15
332
16
23
198
309
364
427
303
2020
7
18
1590
198
388
364
272
303
2020
7
18
1590
198
493
413
23235
15146
21102
15656
1404
66
60
606
220
15
25
198
646
653
7170
3166
198
646
491
605
29243
283
1103
7080
7587
8
364
2713
303
23235
15146
21102
8
198
646
491
605
29243
15656
1404
66
60
283
220
16
198
646
491
605
29243
21102
283
13992
56623
7587
8
364
2713
303
491
605
29243
8
198
646
491
516
570
10095
283
17577
10095
478
3889
8873
15656
1404
66
60
198
15398
646
1009
283
20537
686
1693
605
29243
21102
11
3439
11
491
516
570
10095
11
264
547
10095
8
198
646
413
1009
835
1786
5996
25
198
967
1786
5996
283
1009
198
285
745
25
198
309
1428
5996
283
220
17
198
309
1727
6677
516
73813
29389
283
2912
198
309
653
1165
1318
310
28377
279
5284
6463
318
2721
11514
357
36926
579
12682
8
198
309
1786
5996
283
220
16
15
332
16
23
198
309
364
427
303
2020
7
18
1590
198
388
364
272
303
2020
7
18
1590
198
493
413
23235
15146
21102
15656
1404
66
60
606
220
15
25
198
646
653
7170
3166
198
646
491
605
29243
283
1103
7080
7587
8
364
2713
303
23235
15146
21102
8
198
646
491
605
29243
15656
1404
66
60
283
220
17
198
646
491
605
29243
21102
283
13992
56623
7587
8
364
2713
303
491
605
29243
8
198
646
491
4165
547
10095
283
264
547
10095
478
3889
8873
15656
1404
66
60
198
15398
646
1009
283
20537
686
1693
605
29243
21102
11
2912
11
17577
10095
11
491
4165
547
10095
8
198
646
413
1009
361
1786
5996
25
198
967
1786
5996
283
1009
88985
285
460
1786
5996
271
262
653
3991
1528
198
262
2763
605
29243
283
13992
56623
7
15
364
696
303
2020
7
18
578
364
696
303
2020
7
18
578
198
262
1067
15384
283
20537
686
33192
605
29243
11
2912
11
220
15
11
220
15
8
198
1031
262
413
1067
15384
835
220
15
25
198
285
460
328
51
73813
29389
1
198
262
745
25
198
285
460
328
32
36926
1
271
727
1716
69574
1590
198
262
653
18564
1228
4886
198
262
1992
8871
26247
15
11
220
15
11
220
15
1089
498
15
11
220
16
11
220
15
1089
498
15
11
220
15
11
220
15
28649
606
359
51
73813
29389
6
198
262
1992
8871
2477
7368
16
11
220
16
11
220
15
1089
9758
19
11
471
17
11
471
20
1089
9758
19
11
471
16
11
471
20
28649
606
359
32
36926
6
198
1031
262
653
22484
1228
4886
198
262
1992
8871
2477
7368
17
16
16
19
15
19
18
15
20
11
220
17
21
24
18
20
24
15
23
16
11
220
22
18
21
22
24
20
19
20
15
1089
9758
21
16
18
21
16
23
19
16
21
11
220
22
17
19
18
21
23
18
16
20
11
471
24
17
19
16
17
17
19
20
19
1089
9758
24
17
23
16
21
23
21
23
18
11
471
19
17
23
22
20
16
20
18
24
11
471
18
19
21
19
24
15
16
20
15
28649
606
359
32
36926
6
198
262
1992
8871
26247
17
17
21
18
23
22
20
23
24
11
471
16
16
18
23
23
22
15
20
11
220
24
18
18
19
18
21
18
18
15
1089
498
20
17
20
19
22
24
24
20
19
11
471
22
23
20
24
16
17
20
15
15
11
471
20
16
18
24
20
22
17
18
21
1089
498
18
15
24
23
17
21
19
17
17
11
471
23
23
23
19
22
18
20
21
16
11
220
19
24
21
17
17
20
23
21
21
28649
606
359
32
36926
6
198
262
1992
8871
2477
7368
20
23
19
24
21
18
22
16
22
11
220
18
15
22
22
16
22
19
22
18
11
220
16
20
18
22
18
23
18
16
21
1089
9758
18
19
22
21
23
20
21
24
21
11
220
17
18
15
17
16
17
17
23
18
11
471
19
24
19
24
23
22
19
23
22
1089
9758
19
15
19
15
23
24
24
17
18
11
220
23
17
17
15
19
23
18
15
20
11
471
20
18
24
16
16
16
16
19
22
28649
606
359
32
36926
6
198
262
1992
8871
2477
7368
21
19
21
21
20
18
23
18
21
11
220
22
16
20
15
21
24
22
16
11
220
17
24
16
15
19
23
23
20
24
1089
9758
23
16
19
15
20
19
15
21
16
11
220
18
19
22
18
18
23
21
22
15
11
471
18
24
15
15
20
23
21
20
20
1089
498
24
22
18
23
15
24
18
21
24
11
220
16
18
16
21
17
15
23
15
20
11
220
18
19
15
22
17
21
24
19
24
28649
606
359
51
73813
29389
6
198
262
1992
8871
26247
23
19
20
24
24
18
19
17
22
11
471
24
23
23
24
21
19
19
23
23
11
220
22
17
19
23
22
22
19
19
15
1089
9758
20
19
18
24
16
24
23
24
24
11
220
19
24
15
15
24
22
20
15
15
11
471
23
15
16
19
19
15
23
23
15
1089
9758
23
22
19
15
21
23
23
19
22
11
471
21
18
15
19
24
17
17
19
24
11
220
24
21
24
15
20
16
20
24
24
28649
606
359
32
36926
6
198
262
1992
8871
2477
7368
17
18
23
21
22
16
22
20
21
11
471
18
20
21
21
21
18
22
15
22
11
220
20
21
16
19
20
15
15
20
17
1089
9758
23
15
18
20
19
18
18
21
20
11
220
24
16
23
15
23
22
16
19
18
11
471
24
21
19
22
21
22
17
15
20
1089
9758
19
23
18
23
20
15
21
18
17
11
471
17
22
19
15
20
15
19
22
23
11
471
22
19
17
15
24
15
17
15
16
28649
606
359
51
73813
29389
6
198
262
1992
8871
2477
7368
16
19
18
18
18
16
15
19
23
11
471
24
22
24
17
21
21
15
21
17
11
220
17
16
15
16
24
24
23
20
24
1089
9758
17
22
19
22
20
21
18
21
15
11
220
16
22
22
23
20
23
21
18
19
11
471
17
16
19
17
21
22
15
18
20
1089
9758
20
18
24
24
24
22
15
20
16
11
471
24
15
16
19
19
20
18
19
24
11
220
18
17
23
15
19
22
15
19
20
28649
606
359
32
36926
6
198
262
1992
8871
2477
7368
22
23
24
23
22
22
19
24
21
11
471
24
16
15
20
20
15
18
18
15
11
471
19
24
23
19
23
23
20
19
16
1089
9758
17
18
16
17
23
23
19
24
23
11
220
18
15
17
21
24
20
15
18
22
11
220
19
17
19
24
15
16
18
23
20
1089
9758
22
18
21
24
24
18
24
19
23
11
471
24
16
23
20
15
16
19
17
20
11
220
20
17
22
16
16
24
24
23
24
28649
606
359
32
36926
6
198
262
1992
8871
26247
18
15
18
19
20
18
24
21
19
11
471
20
23
17
17
23
24
18
24
21
11
220
24
23
22
15
18
23
24
17
15
1089
498
16
18
19
24
15
16
21
20
24
11
471
18
22
18
16
16
19
19
20
24
11
220
20
16
15
20
21
22
22
19
21
1089
498
23
17
19
20
19
20
21
21
15
11
220
22
19
22
18
21
20
22
21
16
11
220
17
15
17
22
24
22
23
18
15
28649
606
359
51
73813
29389
6
198
262
1992
8871
2477
7368
24
18
21
19
15
22
18
19
11
471
22
24
23
23
20
21
24
19
16
11
471
22
18
15
22
15
22
17
16
16
1089
498
17
24
16
20
23
20
16
19
11
220
22
15
19
17
18
23
22
22
20
11
220
23
20
15
15
20
17
15
19
22
1089
498
22
15
23
23
20
17
16
16
20
11
471
16
18
17
17
19
15
24
15
21
11
220
22
23
20
23
18
24
18
16
15
28649
606
359
51
73813
29389
6
198
262
1992
8871
26247
19
17
20
16
22
17
22
17
17
11
471
17
21
17
19
23
22
18
24
21
11
471
17
20
21
18
19
21
22
18
20
1089
9758
18
21
24
17
20
15
17
19
19
11
471
17
15
16
21
21
17
23
20
19
11
220
18
17
21
17
20
22
15
21
22
1089
9758
23
16
23
20
20
24
16
19
19
11
220
23
18
18
24
16
19
15
23
11
220
23
23
20
19
22
16
20
20
16
28649
606
359
51
73813
29389
6
198
262
1992
8871
26247
23
23
22
22
18
15
20
22
15
11
471
17
15
19
21
24
16
23
20
15
11
220
16
22
19
17
15
22
20
24
18
1089
9758
23
22
21
19
16
15
17
22
17
11
220
21
19
23
16
16
19
17
16
11
471
24
19
20
24
16
17
20
23
17
1089
9758
24
16
19
19
21
20
21
15
23
11
471
18
18
22
23
16
22
21
17
23
11
220
16
15
24
22
22
23
16
24
22
28649
606
359
32
36926
6
198
262
1992
8871
2477
7368
20
22
19
24
21
21
17
18
19
11
471
22
23
21
15
23
16
22
20
16
11
471
22
23
21
17
20
20
17
23
17
1089
498
24
20
24
23
20
20
20
18
11
220
23
23
23
18
20
16
20
24
24
11
220
17
18
15
20
22
21
24
24
24
1089
498
24
18
20
20
17
18
19
20
19
11
471
19
16
19
24
17
21
20
15
15
11
471
19
20
20
17
23
16
17
19
18
28649
606
359
32
36926
6
198
262
1992
8871
2477
7368
18
19
22
24
22
16
23
15
11
471
20
21
17
17
15
22
24
15
21
11
471
16
22
21
15
22
15
18
16
21
1089
498
17
24
19
19
22
21
22
22
21
11
220
16
23
18
15
16
18
15
23
17
11
220
23
22
23
23
24
21
15
20
24
1089
498
16
16
19
22
22
22
24
16
20
11
220
20
20
17
21
15
23
24
22
20
11
471
22
18
18
19
18
17
15
24
19
28649
606
359
51
73813
29389
6
198
262
1992
8871
2477
7368
23
24
21
19
19
24
15
17
24
11
220
19
20
19
16
20
22
20
22
21
11
471
24
18
19
16
20
15
18
20
21
1089
9758
19
20
23
22
24
15
19
23
22
11
220
20
17
20
21
23
22
20
17
23
11
471
18
15
18
15
17
24
23
18
1089
498
18
24
19
24
21
20
16
20
16
11
471
19
23
16
16
15
19
17
17
15
11
471
23
15
16
18
17
24
24
21
16
28649
606
359
51
73813
29389
6
198
262
1992
8871
2477
7368
23
16
23
19
24
22
16
23
23
11
471
23
18
23
22
23
23
17
21
21
11
471
23
16
20
22
20
17
23
21
17
1089
9758
16
19
15
15
24
22
23
21
16
11
220
16
16
21
24
20
16
22
20
21
11
471
23
23
15
16
17
16
21
20
24
1089
498
19
22
23
19
15
18
20
21
24
11
471
22
24
22
21
17
17
23
21
17
11
471
24
19
24
18
17
24
21
20
23
28649
606
359
32
36926
6
198
262
1992
8871
2477
7368
21
23
20
19
15
21
24
15
23
11
220
21
24
16
19
16
18
17
23
19
11
220
17
22
23
22
15
15
20
21
24
1089
498
18
24
15
20
18
19
21
22
23
11
471
24
23
22
15
22
22
17
23
22
11
471
24
24
23
18
20
18
18
15
15
1089
498
16
18
22
19
23
16
17
22
19
11
471
18
21
24
22
18
15
22
24
17
11
220
21
15
20
20
18
24
21
24
20
28649
606
359
51
73813
29389
6
198
262
1992
8871
26247
22
24
18
21
19
22
19
24
20
11
471
17
16
19
16
24
24
24
24
24
11
471
20
19
15
24
22
21
16
24
16
1089
9758
21
17
15
19
21
21
19
17
19
11
220
24
23
15
19
24
15
19
19
16
11
471
20
17
19
24
18
22
21
21
24
1089
9758
16
19
15
18
22
23
18
16
20
11
220
16
21
23
17
20
24
24
23
17
11
471
18
19
16
17
18
15
20
20
16
28649
606
359
32
36926
6
198
262
1992
8871
2477
7368
24
15
24
18
15
15
17
20
23
11
471
21
20
24
15
20
22
15
17
24
11
471
22
24
23
19
15
21
15
22
17
1089
498
19
15
20
17
24
19
20
24
17
11
220
20
15
17
18
18
20
16
16
15
11
220
21
17
24
15
20
20
23
19
22
1089
498
21
24
23
20
15
19
16
16
17
11
471
17
17
16
23
21
20
24
21
15
11
471
18
16
19
23
22
18
22
23
24
28649
606
359
32
36926
6
198
262
1992
8871
2477
7368
18
22
23
22
24
20
21
23
21
11
471
17
20
17
23
21
22
22
23
23
11
471
21
17
21
19
17
15
18
16
22
1089
498
16
16
21
20
23
20
20
15
18
11
220
24
16
21
23
17
21
20
19
22
11
220
18
21
19
15
16
18
16
23
1089
498
21
23
20
17
16
23
20
18
24
11
471
17
21
24
20
19
23
17
22
21
11
471
20
17
23
17
20
15
22
15
16
28649
606
359
32
36926
6
271
2
5272
1716
1117
291
29626
2270
68
89394
8
310
1542
6813
13
198
71093
248046
198
248045
846
198
7525
3555
4621
4490
279
6813
13
5514
579
279
1412
25
198
6347
1371
318
3444
3110
1562
1483
1590
198
220
2793
34397
4888
89
81
20
19
86
46
20
56
6971
487
1500
220
17
21
17
11
303
361
4211
29
198
262
1716
1117
291
29626
2270
68
89394
8
198
220
2793
34397
4888
89
81
20
19
86
46
20
56
6971
487
1500
220
17
19
15
11
303
1716
198
262
1992
8871
26247
17
17
21
18
23
22
20
23
24
11
471
16
16
18
23
23
22
15
20
11
220
24
18
18
19
18
21
18
18
15
1089
498
20
17
20
19
22
24
24
20
19
11
471
22
23
20
24
16
17
20
15
15
11
471
20
16
18
24
20
22
17
18
21
1089
498
18
15
24
23
17
21
19
17
17
11
471
23
23
23
19
22
18
20
21
16
11
220
19
24
21
17
17
20
23
21
21
28649
606
359
32
36926
6
198
1779
6108
59641
59641
59641
59641
59641
59641
59641
59641
59641
59641
59641
59641
59641
59641
59641
59641
59641
59641
59641
59641
59641
59641
59641
59641
59641
59641
59641
59641
59641
59641
59641
59641
198
66317
1401
14200
1206
311
40138
11
411
369
678
3274
25
4310
279
2614
709
11618
321
4479
889
11
6999
4072
279
709
7246
321
1440
660
279
6813
13
2972
5683
4045
67305
3067
13209
50
159029
271
2523
1220
14623
279
1970
488
10490
303
264
64504
1970
2424
318
784
9609
31789
318
19458
668
31153
279
3889
5568
8
248046
198
248045
74455
198
248068
271
248069
271
71093
12305
198
1445
18904
1120
1697
198
1445
54572
1120
324
2585
11198
1358
727
59373
29626
2270
68
89394
24515
25
1697
50246
18078
28649
1411
592
25
198
262
4071
6834
264
10490
59373
2308
565
4534
68
1746
383
264
220
18
87
18
5646
1332
1754
2691
682
264
869
13
198
1031
262
32187
1413
29389
318
3765
2693
8
321
357
36926
318
5394
2693
8
1831
10263
18207
4022
7515
13
198
262
3095
264
2693
38587
264
2691
11
781
5284
279
3387
303
421
2691
321
5984
424
836
1829
198
262
318
51
73813
29389
25
2438
11
357
36926
25
6105
553
198
1031
262
561
1746
10029
948
25
198
262
471
357
2693
5055
220
18
23173
7515
314
836
1829
318
633
86201
3336
72
22718
8
471
421
2693
14387
198
262
471
1942
7515
513
23235
471
279
2693
440
4918
2702
5284
14387
6987
262
11396
4078
1432
7314
722
13
561
2542
314
660
2663
303
279
5646
369
18739
310
381
10016
13
198
1031
262
17167
25
198
285
5646
25
357
220
18
87
18
5646
314
24959
13661
2691
2663
8675
262
5019
25
198
285
328
51
73813
29389
1
413
32187
1413
29389
14387
11
328
32
36926
1
413
357
36926
14387
8675
262
11765
59373
29626
2270
68
89394
26247
15
11
220
15
11
220
15
1089
498
15
11
220
16
11
220
15
1089
498
15
11
220
15
11
220
15
28649
198
262
359
51
73813
29389
6
198
262
11765
59373
29626
2270
68
89394
2477
7368
16
11
220
16
11
220
15
1089
9758
19
11
471
17
11
471
20
1089
9758
19
11
471
16
11
471
20
28649
198
262
359
32
36926
6
198
262
4071
198
1031
262
653
6943
5646
310
13992
314
43716
364
69898
198
262
3889
8873
283
13992
56623
7587
8
364
2713
303
5646
8
198
1031
262
653
1942
3102
4965
318
1748
11
7890
11
81122
1091
8
198
262
4965
283
498
198
285
653
59624
198
285
17294
15
11
15
681
318
15
11
16
681
318
15
11
17
24242
198
285
17294
16
11
15
681
318
16
11
16
681
318
16
11
17
24242
198
285
17294
17
11
15
681
318
17
11
16
681
318
17
11
17
24242
198
285
653
51775
198
285
17294
15
11
15
681
318
16
11
15
681
318
17
11
15
24242
198
285
17294
15
11
16
681
318
16
11
16
681
318
17
11
16
24242
198
285
17294
15
11
17
681
318
16
11
17
681
318
17
11
17
24242
198
285
653
7521
5922
1091
198
285
17294
15
11
15
681
318
16
11
16
681
318
17
11
17
24242
198
285
17294
15
11
17
681
318
16
11
16
681
318
17
11
15
7025
198
262
2205
198
1031
262
653
4807
26808
279
2542
314
660
2663
198
262
2702
9858
283
2542
8825
364
2713
303
3889
8873
364
1009
303
2713
8
198
1031
262
653
4109
413
264
2574
23235
5646
318
4058
220
15
28
3092
11
220
16
58423
11
220
17
45065
8
682
264
13239
198
262
653
5019
359
51
6
413
32187
1413
29389
14387
11
359
32
6
413
357
36926
14387
11
466
2168
198
262
687
1716
89394
1250
29243
15146
1590
198
285
364
1500
303
4965
25
198
309
7515
283
498
79
29243
15146
15656
1404
66
60
364
427
11
272
303
1500
60
198
309
413
7515
606
498
16
11
220
16
11
220
16
5491
198
388
460
359
51
6
198
309
413
7515
606
498
17
11
220
17
11
220
17
5491
198
388
460
359
32
6
198
285
460
2168
6987
262
653
5272
20781
1954
364
20537
686
198
262
653
3130
25
318
79
29243
15146
21102
11
369
516
73813
29389
36040
11
17577
10095
11
264
547
10095
8
198
262
653
4213
11
11857
628
381
3349
11
748
567
2493
1318
310
2830
1070
303
279
1328
13
198
262
653
37201
11
567
628
5020
421
279
2542
314
11857
364
2107
4078
478
9376
7515
6
2663
283
2702
9858
13
198
262
653
1921
2394
567
1144
279
4880
5284
6463
11
2583
11857
303
279
1328
369
28488
13
198
1031
262
554
75
2585
11198
8474
2073
5675
8
198
262
687
20537
686
1250
29243
15146
21102
11
369
516
73813
29389
36040
11
17577
10095
11
264
547
10095
1590
198
285
4071
198
285
5019
279
1534
5284
6463
318
51
73813
29389
10095
471
357
36926
10095
8
24725
22113
1432
494
411
1528
13
198
285
23235
15146
21102
25
13992
314
43716
11
220
15
28
3092
11
220
16
58423
11
220
17
45065
198
285
4071
198
285
653
6943
310
1103
364
8397
32570
413
4221
11
694
2426
13992
364
6297
1328
198
285
23235
15146
283
498
1551
7587
8
364
2713
303
23235
15146
21102
60
198
1726
285
653
4109
413
279
3555
3166
8613
264
3063
198
285
653
32645
11
567
1220
1716
413
1017
369
264
13239
303
279
1428
1528
13
198
285
653
1368
1017
369
264
13239
11
279
1746
9202
383
279
3555
2404
13
198
285
13239
283
1716
89394
1250
29243
15146
8
198
285
413
13239
606
359
51
1170
198
309
460
220
16
15
332
16
23
220
653
32187
1413
29389
14387
198
285
4265
13239
606
359
32
1170
198
309
460
471
16
15
332
16
23
220
653
357
36926
14387
8675
285
653
4109
413
5646
369
2400
198
285
660
605
29243
283
2912
198
285
364
427
303
2020
7
18
1590
198
309
364
272
303
2020
7
18
1590
198
388
413
23235
15146
15656
1404
66
60
606
220
15
25
198
493
660
605
29243
283
3439
198
493
1387
198
309
413
524
660
605
29243
25
198
388
1387
8675
285
413
660
605
29243
25
198
309
653
3914
888
11
7995
13239
539
5284
198
309
460
17577
10095
471
264
547
10095
8675
285
413
369
516
73813
29389
36040
25
198
309
1786
5996
283
471
16
15
332
16
23
198
309
364
427
303
2020
7
18
1590
198
388
364
272
303
2020
7
18
1590
198
493
413
23235
15146
15656
1404
66
60
606
220
15
25
198
646
653
7170
3166
364
32187
1413
29389
198
646
491
605
29243
283
498
1551
7587
8
364
2713
303
23235
15146
60
198
646
491
605
29243
15656
1404
66
60
283
220
16
198
646
491
605
29243
21102
283
13992
56623
7587
8
364
2713
303
491
605
29243
8
198
646
491
516
570
10095
283
17577
10095
478
3889
8873
15656
1404
66
60
198
15398
646
1009
283
20537
686
1693
605
29243
21102
11
3439
11
491
516
570
10095
11
264
547
10095
8
198
646
413
1009
835
1786
5996
25
198
967
1786
5996
283
1009
198
309
460
1786
5996
198
285
745
25
198
309
1786
5996
283
220
16
15
332
16
23
198
309
364
427
303
2020
7
18
1590
198
388
364
272
303
2020
7
18
1590
198
493
413
23235
15146
15656
1404
66
60
606
220
15
25
198
646
653
7170
3166
364
357
36926
198
646
491
605
29243
283
498
1551
7587
8
364
2713
303
23235
15146
60
198
646
491
605
29243
15656
1404
66
60
283
220
17
198
646
491
605
29243
21102
283
13992
56623
7587
8
364
2713
303
491
605
29243
8
198
646
491
4165
547
10095
283
264
547
10095
478
3889
8873
15656
1404
66
60
198
15398
646
1009
283
20537
686
1693
605
29243
21102
11
2912
11
17577
10095
11
491
4165
547
10095
8
198
646
413
1009
361
1786
5996
25
198
967
1786
5996
283
1009
198
309
460
1786
5996
271
262
653
3991
1528
198
262
2763
605
29243
283
13992
56623
7
15
364
696
303
2020
7
18
578
364
696
303
2020
7
18
578
198
262
1067
15384
283
20537
686
33192
605
29243
11
2912
11
220
15
11
220
15
8
198
1031
262
413
1067
15384
835
220
15
25
198
285
460
328
51
73813
29389
1
198
262
745
25
198
285
460
328
32
36926
1
271
727
1716
69574
1590
198
262
653
18564
1228
4886
198
262
1992
8871
26247
15
11
220
15
11
220
15
1089
498
15
11
220
16
11
220
15
1089
498
15
11
220
15
11
220
15
28649
606
359
51
73813
29389
6
198
262
1992
8871
2477
7368
16
11
220
16
11
220
15
1089
9758
19
11
471
17
11
471
20
1089
9758
19
11
471
16
11
471
20
28649
606
359
32
36926
6
198
1031
262
653
22484
1228
4886
198
262
1992
8871
2477
7368
17
16
16
19
15
19
18
15
20
11
220
17
21
24
18
20
24
15
23
16
11
220
22
18
21
22
24
20
19
20
15
1089
9758
21
16
18
21
16
23
19
16
21
11
220
22
17
19
18
21
23
18
16
20
11
471
24
17
19
16
17
17
19
20
19
1089
9758
24
17
23
16
21
23
21
23
18
11
471
19
17
23
22
20
16
20
18
24
11
471
18
19
21
19
24
15
16
20
15
28649
606
359
32
36926
6
198
262
1992
8871
26247
17
17
21
18
23
22
20
23
24
11
471
16
16
18
23
23
22
15
20
11
220
24
18
18
19
18
21
18
18
15
1089
498
20
17
20
19
22
24
24
20
19
11
471
22
23
20
24
16
17
20
15
15
11
471
20
16
18
24
20
22
17
18
21
1089
498
18
15
24
23
17
21
19
17
17
11
471
23
23
23
19
22
18
20
21
16
11
220
19
24
21
17
17
20
23
21
21
28649
606
359
32
36926
6
198
262
1992
8871
2477
7368
20
23
19
24
21
18
22
16
22
11
220
18
15
22
22
16
22
19
22
18
11
220
16
20
18
22
18
23
18
16
21
1089
9758
18
19
22
21
23
20
21
24
21
11
220
17
18
15
17
16
17
17
23
18
11
471
19
24
19
24
23
22
19
23
22
1089
9758
19
15
19
15
23
24
24
17
18
11
220
23
17
17
15
19
23
18
15
20
11
471
20
18
24
16
16
16
16
19
22
28649
606
359
32
36926
6
198
262
1992
8871
2477
7368
21
19
21
21
20
18
23
18
21
11
220
22
16
20
15
21
24
22
16
11
220
17
24
16
15
19
23
23
20
24
1089
9758
23
16
19
15
20
19
15
21
16
11
220
18
19
22
18
18
23
21
22
15
11
471
18
24
15
15
20
23
21
20
20
1089
498
24
22
18
23
15
24
18
21
24
11
220
16
18
16
21
17
15
23
15
20
11
220
18
19
15
22
17
21
24
19
24
28649
606
359
51
73813
29389
6
198
262
1992
8871
26247
23
19
20
24
24
18
19
17
22
11
471
24
23
23
24
21
19
19
23
23
11
220
22
17
19
23
22
22
19
19
15
1089
9758
20
19
18
24
16
24
23
24
24
11
220
19
24
15
15
24
22
20
15
15
11
471
23
15
16
19
19
15
23
23
15
1089
9758
23
22
19
15
21
23
23
19
22
11
471
21
18
15
19
24
17
17
19
24
11
220
24
21
24
15
20
16
20
24
24
28649
606
359
32
36926
6
198
262
1992
8871
2477
7368
17
18
23
21
22
16
22
20
21
11
471
18
20
21
21
21
18
22
15
22
11
220
20
21
16
19
20
15
15
20
17
1089
9758
23
15
18
20
19
18
18
21
20
11
220
24
16
23
15
23
22
16
19
18
11
471
24
21
19
22
21
22
17
15
20
1089
9758
19
23
18
23
20
15
21
18
17
11
471
17
22
19
15
20
15
19
22
23
11
471
22
19
17
15
24
15
17
15
16
28649
606
359
51
73813
29389
6
198
262
1992
8871
2477
7368
16
19
18
18
18
16
15
19
23
11
471
24
22
24
17
21
21
15
21
17
11
220
17
16
15
16
24
24
23
20
24
1089
9758
17
22
19
22
20
21
18
21
15
11
220
16
22
22
23
20
23
21
18
19
11
471
17
16
19
17
21
22
15
18
20
1089
9758
20
18
24
24
24
22
15
20
16
11
471
24
15
16
19
19
20
18
19
24
11
220
18
17
23
15
19
22
15
19
20
28649
606
359
32
36926
6
198
262
1992
8871
2477
7368
22
23
24
23
22
22
19
24
21
11
471
24
16
15
20
20
15
18
18
15
11
471
19
24
23
19
23
23
20
19
16
1089
9758
17
18
16
17
23
23
19
24
23
11
220
18
15
17
21
24
20
15
18
22
11
220
19
17
19
24
15
16
18
23
20
1089
9758
22
18
21
24
24
18
24
19
23
11
471
24
16
23
20
15
16
19
17
20
11
220
20
17
22
16
16
24
24
23
24
28649
606
359
32
36926
6
198
262
1992
8871
26247
18
15
18
19
20
18
24
21
19
11
471
20
23
17
17
23
24
18
24
21
11
220
24
23
22
15
18
23
24
17
15
1089
498
16
18
19
24
15
16
21
20
24
11
471
18
22
18
16
16
19
19
20
24
11
220
20
16
15
20
21
22
22
19
21
1089
498
23
17
19
20
19
20
21
21
15
11
220
22
19
22
18
21
20
22
21
16
11
220
17
15
17
22
24
22
23
18
15
28649
606
359
51
73813
29389
6
198
262
1992
8871
2477
7368
24
18
21
19
15
22
18
19
11
471
22
24
23
23
20
21
24
19
16
11
471
22
18
15
22
15
22
17
16
16
1089
498
17
24
16
20
23
20
16
19
11
220
22
15
19
17
18
23
22
22
20
11
220
23
20
15
15
20
17
15
19
22
1089
498
22
15
23
23
20
17
16
16
20
11
471
16
18
17
17
19
15
24
15
21
11
220
22
23
20
23
18
24
18
16
15
28649
606
359
51
73813
29389
6
198
262
1992
8871
26247
19
17
20
16
22
17
22
17
17
11
471
17
21
17
19
23
22
18
24
21
11
471
17
20
21
18
19
21
22
18
20
1089
9758
18
21
24
17
20
15
17
19
19
11
471
17
15
16
21
21
17
23
20
19
11
220
18
17
21
17
20
22
15
21
22
1089
9758
23
16
23
20
20
24
16
19
19
11
220
23
18
18
24
16
19
15
23
11
220
23
23
20
19
22
16
20
20
16
28649
606
359
51
73813
29389
6
198
262
1992
8871
26247
23
23
22
22
18
15
20
22
15
11
471
17
15
19
21
24
16
23
20
15
11
220
16
22
19
17
15
22
20
24
18
1089
9758
23
22
21
19
16
15
17
22
17
11
220
21
19
23
16
16
19
17
16
11
471
24
19
20
24
16
17
20
23
17
1089
9758
24
16
19
19
21
20
21
15
23
11
471
18
18
22
23
16
22
21
17
23
11
220
16
15
24
22
22
23
16
24
22
28649
606
359
32
36926
6
198
262
1992
8871
2477
7368
20
22
19
24
21
21
17
18
19
11
471
22
23
21
15
23
16
22
20
16
11
471
22
23
21
17
20
20
17
23
17
1089
498
24
20
24
23
20
20
20
18
11
220
23
23
23
18
20
16
20
24
24
11
220
17
18
15
20
22
21
24
24
24
1089
498
24
18
20
20
17
18
19
20
19
11
471
19
16
19
24
17
21
20
15
15
11
471
19
20
20
17
23
16
17
19
18
28649
606
359
32
36926
6
198
262
1992
8871
2477
7368
18
19
22
24
22
16
23
15
11
471
20
21
17
17
15
22
24
15
21
11
471
16
22
21
15
22
15
18
16
21
1089
498
17
24
19
19
22
21
22
22
21
11
220
16
23
18
15
16
18
15
23
17
11
220
23
22
23
23
24
21
15
20
24
1089
498
16
16
19
22
22
22
24
16
20
11
220
20
20
17
21
15
23
24
22
20
11
471
22
18
18
19
18
17
15
24
19
28649
606
359
51
73813
29389
6
198
262
1992
8871
2477
7368
23
24
21
19
19
24
15
17
24
11
220
19
20
19
16
20
22
20
22
21
11
471
24
18
19
16
20
15
18
20
21
1089
9758
19
20
23
22
24
15
19
23
22
11
220
20
17
20
21
23
22
20
17
23
11
471
18
15
18
15
17
24
23
18
1089
498
18
24
19
24
21
20
16
20
16
11
471
19
23
16
16
15
19
17
17
15
11
471
23
15
16
18
17
24
24
21
16
28649
606
359
51
73813
29389
6
198
262
1992
8871
2477
7368
23
16
23
19
24
22
16
23
23
11
471
23
18
23
22
23
23
17
21
21
11
471
23
16
20
22
20
17
23
21
17
1089
9758
16
19
15
15
24
22
23
21
16
11
220
16
16
21
24
20
16
22
20
21
11
471
23
23
15
16
17
16
21
20
24
1089
498
19
22
23
19
15
18
20
21
24
11
471
22
24
22
21
17
17
23
21
17
11
471
24
19
24
18
17
24
21
20
23
28649
606
359
32
36926
6
198
262
1992
8871
2477
7368
21
23
20
19
15
21
24
15
23
11
220
21
24
16
19
16
18
17
23
19
11
220
17
22
23
22
15
15
20
21
24
1089
498
18
24
15
20
18
19
21
22
23
11
471
24
23
22
15
22
22
17
23
22
11
471
24
24
23
18
20
18
18
15
15
1089
498
16
18
22
19
23
16
17
22
19
11
471
18
21
24
22
18
15
22
24
17
11
220
21
15
20
20
18
24
21
24
20
28649
606
359
51
73813
29389
6
198
262
1992
8871
26247
22
24
18
21
19
22
19
24
20
11
471
17
16
19
16
24
24
24
24
24
11
471
20
19
15
24
22
21
16
24
16
1089
9758
21
17
15
19
21
21
19
17
19
11
220
24
23
15
19
24
15
19
19
16
11
471
20
17
19
24
18
22
21
21
24
1089
9758
16
19
15
18
22
23
18
16
20
11
220
16
21
23
17
20
24
24
23
17
11
471
18
19
16
17
18
15
20
20
16
28649
606
359
32
36926
6
198
262
1992
8871
2477
7368
24
15
24
18
15
15
17
20
23
11
471
21
20
24
15
20
22
15
17
24
11
471
22
24
23
19
15
21
15
22
17
1089
498
19
15
20
17
24
19
20
24
17
11
220
20
15
17
18
18
20
16
16
15
11
220
21
17
24
15
20
20
23
19
22
1089
498
21
24
23
20
15
19
16
16
17
11
471
17
17
16
23
21
20
24
21
15
11
471
18
16
19
23
22
18
22
23
24
28649
606
359
32
36926
6
198
262
1992
8871
2477
7368
18
22
23
22
24
20
21
23
21
11
471
17
20
17
23
21
22
22
23
23
11
471
21
17
21
19
17
15
18
16
22
1089
498
16
16
21
20
23
20
20
15
18
11
220
24
16
21
23
17
21
20
19
22
11
220
18
21
19
15
16
18
16
23
1089
498
21
23
20
17
16
23
20
18
24
11
471
17
21
24
20
19
23
17
22
21
11
471
20
17
23
17
20
15
22
15
16
28649
606
359
32
36926
6
271
2
5272
1716
1117
291
29626
2270
68
89394
8
310
1542
6813
13
198
71093
248046
198