248045
846
198
4274
279
2614
709
11618
321
4479
889
11
6999
4072
279
709
7246
321
1440
660
279
6813
13
2972
5683
4045
67305
3067
13209
50
159029
271
2523
1220
14623
279
1970
488
10490
303
264
64504
1970
2424
318
784
9609
31789
318
19458
668
31153
279
3889
5568
8
271
71093
198
1445
18904
1120
1697
11
11906
11
23846
1358
727
1423
3430
3650
9858
1393
25
514
11
830
25
514
11
264
25
1697
18078
2387
1411
11906
19723
5871
18078
11
514
11
514
4891
25
198
262
4071
15767
449
7308
8240
357
321
449
7308
1543
11
1423
799
22983
314
14505
318
72
11
492
11
580
8
198
262
1680
421
25
198
262
471
220
16
2564
585
361
492
361
580
2564
307
198
262
471
357
957
12
16
60
478
357
3681
12
16
60
478
357
6521
12
16
60
283
830
6987
262
6817
25
561
14505
5743
513
220
16
5792
318
85978
279
3377
4952
553
198
1031
262
17167
25
198
285
307
25
561
2984
314
279
8240
318
18
2564
307
2564
220
16
15
61
21
8
198
285
830
25
561
2100
2542
318
16
2564
830
2564
220
16
15
61
21
8
198
285
264
25
561
7308
8240
1332
1754
2315
65611
220
16
2564
264
957
60
2564
830
6987
262
5019
25
198
285
357
13992
318
72
11
492
11
580
8
314
220
16
5792
14505
413
1680
264
22983
6513
11
2168
5752
13
198
1031
262
11765
1423
3430
3650
9858
7
20
11
220
16
21
11
498
16
11
220
23
11
220
20
11
220
16
15
11
220
16
18
2387
198
262
318
16
11
220
18
11
220
19
8
198
262
11765
1423
3430
3650
9858
7
20
11
220
17
15
11
498
16
11
220
23
11
220
20
11
220
16
15
11
220
16
18
2387
198
262
2168
198
262
11765
1423
3430
3650
9858
7
18
11
220
21
11
498
17
11
220
17
11
220
17
2387
198
262
318
16
11
220
17
11
220
18
8
198
262
4071
271
727
1716
69574
1590
198
262
653
3284
1105
220
16
198
262
1992
8871
7
20
11
220
16
21
11
498
16
11
220
23
11
220
20
11
220
16
15
11
220
16
18
2387
606
318
16
11
220
18
11
220
19
8
198
1031
262
653
3284
1105
220
17
198
262
1992
8871
7
20
11
220
17
15
11
498
16
11
220
23
11
220
20
11
220
16
15
11
220
16
18
2387
369
2168
6987
262
653
3284
1105
220
18
198
262
1992
8871
7
16
15
11
220
16
15
15
15
15
15
11
498
22
18
22
21
21
11
220
19
22
22
16
23
11
220
22
19
16
19
23
11
220
19
24
17
16
23
11
220
22
21
22
17
16
11
220
18
16
24
15
17
11
220
17
16
24
24
19
11
220
16
23
23
23
15
11
220
17
24
20
24
23
11
220
24
23
24
16
22
2387
606
318
19
11
220
21
11
220
24
8
198
1031
262
653
3284
1105
220
19
198
262
1992
8871
7
16
15
11
220
19
23
11
498
16
16
11
220
17
23
11
220
16
21
11
220
21
11
220
18
19
11
220
16
11
220
19
21
11
220
16
11
220
16
20
11
220
17
2387
606
318
21
11
220
22
11
220
23
8
198
1031
262
653
3284
1105
220
20
198
262
1992
8871
7
18
11
220
20
11
498
16
11
220
17
11
220
18
2387
369
2168
6987
262
653
3284
1105
220
21
198
262
1992
8871
7
20
11
220
16
17
11
498
16
16
11
220
16
16
11
220
16
15
11
220
16
17
11
220
16
16
2387
369
2168
6987
262
653
3284
1105
220
22
198
262
1992
8871
7
22
11
220
19
11
498
17
11
220
18
11
220
19
11
220
17
11
220
17
11
220
17
11
220
19
2387
369
2168
6987
262
653
3284
1105
220
23
198
262
1992
8871
7
18
11
220
21
11
498
17
11
220
17
11
220
17
2387
606
318
16
11
220
17
11
220
18
8
198
1031
262
653
3284
1105
220
24
198
262
1992
8871
7
22
11
220
21
11
498
16
11
220
17
11
220
18
11
220
19
11
220
19
11
220
19
11
220
19
2387
606
318
16
11
220
17
11
220
18
8
198
1031
262
653
3284
1105
220
16
15
198
262
1992
8871
7
20
11
220
17
11
498
17
11
220
17
11
220
17
11
220
17
11
220
17
2387
369
2168
6987
262
653
3284
1105
220
16
16
198
262
1992
8871
7
21
11
220
18
11
498
16
11
220
16
11
220
16
11
220
16
11
220
16
11
220
16
2387
606
318
16
11
220
17
11
220
18
8
198
1031
262
653
3284
1105
220
16
17
198
262
1067
283
8871
7
16
15
11
220
17
16
11
498
17
16
11
220
16
24
11
220
17
15
11
220
16
24
11
220
17
15
11
220
17
16
11
220
16
24
11
220
17
16
11
220
16
24
11
220
16
24
2387
198
262
1992
1067
369
2168
6987
262
653
3284
1105
220
16
18
198
262
1992
8871
7
18
11
220
16
18
11
498
16
17
11
220
16
16
11
220
16
17
2387
369
2168
6987
262
653
3284
1105
220
16
19
198
262
1992
8871
7
20
11
220
17
16
11
498
16
20
11
220
16
11
220
16
24
11
220
16
19
11
220
16
2387
606
318
17
11
220
18
11
220
20
8
198
1031
262
653
3284
1105
220
16
20
198
262
1992
8871
7
21
11
220
18
17
11
498
16
11
220
16
22
11
220
16
11
220
18
15
11
220
16
17
11
220
16
15
2387
606
318
16
11
220
18
11
220
19
8
198
1031
262
653
3284
1105
220
16
21
198
262
1992
8871
7
18
11
220
19
19
11
498
16
11
220
16
11
220
19
17
2387
606
318
16
11
220
17
11
220
18
8
198
1031
262
653
3284
1105
220
16
22
198
262
1992
8871
7
20
11
220
17
24
11
498
17
11
220
16
11
220
17
22
11
220
16
11
220
17
20
2387
606
318
17
11
220
18
11
220
19
8
198
1031
262
653
3284
1105
220
16
23
198
262
1992
8871
7
23
11
220
16
20
11
498
16
18
11
220
16
17
11
220
16
15
11
220
16
16
11
220
16
19
11
220
16
11
220
16
11
220
16
18
2387
606
318
16
11
220
21
11
220
22
8
198
1031
262
653
3284
1105
220
16
24
198
262
1992
8871
7
22
11
220
19
11
498
18
11
220
16
11
220
17
11
220
19
11
220
17
11
220
16
11
220
16
2387
606
318
17
11
220
18
11
220
21
8
198
1031
262
653
3284
1105
220
17
15
198
262
1992
8871
7
22
11
220
16
21
11
498
16
20
11
220
16
21
11
220
16
21
11
220
16
20
11
220
16
21
11
220
16
19
11
220
16
20
2387
369
2168
271
2
5272
1716
32821
3430
3650
9858
8
310
1542
6813
13
198
71093
248046
198
248045
74455
198
71093
12305
198
1445
18904
1120
1697
11
11906
11
23846
1358
727
1423
3430
3650
9858
1393
25
514
11
830
25
514
11
264
25
1697
18078
2387
1411
11906
19723
5871
18078
11
514
11
514
4891
25
198
262
4071
15767
449
7308
8240
357
321
449
7308
1543
11
1423
799
22983
314
14505
318
72
11
492
11
580
8
198
262
1680
421
25
198
262
471
220
16
2564
585
361
492
361
580
2564
307
198
262
471
357
957
12
16
60
478
357
3681
12
16
60
478
357
6521
12
16
60
283
830
6987
262
6817
25
561
14505
5743
513
220
16
5792
318
85978
279
3377
4952
553
198
1031
262
17167
25
198
285
307
25
561
2984
314
279
8240
318
18
2564
307
2564
220
16
15
61
21
8
198
285
830
25
561
2100
2542
318
16
2564
830
2564
220
16
15
61
21
8
198
285
264
25
561
7308
8240
1332
1754
2315
65611
220
16
2564
264
957
60
2564
830
6987
262
5019
25
198
285
357
13992
318
72
11
492
11
580
8
314
220
16
5792
14505
413
1680
264
22983
6513
11
2168
5752
13
198
1031
262
11765
1423
3430
3650
9858
7
20
11
220
16
21
11
498
16
11
220
23
11
220
20
11
220
16
15
11
220
16
18
2387
198
262
318
16
11
220
18
11
220
19
8
198
262
11765
1423
3430
3650
9858
7
20
11
220
17
15
11
498
16
11
220
23
11
220
20
11
220
16
15
11
220
16
18
2387
198
262
2168
198
262
11765
1423
3430
3650
9858
7
18
11
220
21
11
498
17
11
220
17
11
220
17
2387
198
262
318
16
11
220
17
11
220
18
8
198
262
4071
198
262
653
1165
1144
310
1423
585
361
492
361
580
1680
421
264
957
12
16
60
478
264
3681
12
16
60
478
264
6521
12
16
60
606
830
198
262
653
357
29350
496
1393
61
17
8
5313
25
364
1754
6505
318
72
11
492
681
1716
413
830
471
264
957
12
16
60
471
264
3681
12
16
60
6513
506
1010
580
835
492
6987
262
653
1946
1236
411
10727
11
567
628
958
264
5010
716
364
2663
3753
748
2944
11
694
567
1144
580
835
492
835
585
198
262
653
12908
5313
25
364
1754
492
11
567
1144
310
1423
585
361
492
321
580
835
492
1680
421
264
957
12
16
60
478
264
6521
12
16
60
606
830
471
264
3681
12
16
60
198
262
653
1165
628
829
26808
364
1754
869
11
279
1103
314
14505
1332
424
7701
13
198
1031
262
653
6558
579
958
264
2086
5313
25
364
1754
492
494
220
16
310
307
12
17
11
567
1144
310
1423
585
361
492
321
580
835
492
198
262
653
1165
628
10000
264
716
314
2663
494
14505
220
15
486
73
12
16
318
72
1673
2487
9599
1518
492
8
198
262
653
1541
364
1754
580
835
492
11
567
1716
413
264
6521
12
16
60
369
303
279
716
3055
440
279
2483
22057
13
198
1031
262
653
32645
11
1042
579
1683
1495
13
1690
264
8097
492
11
567
1144
264
957
60
478
264
6521
60
283
2100
1332
585
361
492
321
580
835
492
13
198
262
653
6558
2100
283
830
471
264
3681
12
16
60
198
262
653
1165
1144
310
1423
413
1017
6513
585
361
492
1680
421
264
957
12
16
60
369
303
1010
716
11
321
580
835
492
1680
421
264
6521
12
16
60
283
2100
471
264
957
12
16
906
198
1031
262
653
3648
10727
1560
25
695
262
653
7606
264
11304
2336
364
660
5255
13
198
262
653
1690
1754
492
494
220
16
310
307
12
16
318
15
5792
25
220
15
310
307
12
17
1590
198
262
653
256
3588
52819
1698
314
264
3681
60
318
10957
492
369
1381
328
2506
1
430
279
5956
2315
8
198
262
653
256
7606
264
716
314
2663
494
14505
220
15
310
492
12
16
318
2282
3008
8
198
262
653
256
1690
1754
580
494
492
10
16
310
307
12
16
318
1246
3008
681
1716
413
830
471
264
3681
12
16
60
471
264
6521
12
16
60
369
303
279
2047
716
13
198
262
653
1921
411
1362
1990
381
496
1393
61
17
8
303
11447
1105
13
198
1031
262
653
6558
579
1380
264
33153
496
1393
61
17
8
5313
440
3988
33265
25
198
262
653
1690
585
494
220
15
310
307
12
18
25
198
262
653
256
1690
492
494
585
10
16
310
307
12
17
25
198
262
653
257
4221
283
830
471
264
957
60
471
264
3681
60
198
262
653
257
4109
413
4221
6513
303
264
3681
10
16
27365
198
262
653
1946
1716
28750
11
567
628
829
26808
264
12366
494
869
310
1103
314
14505
13
198
1031
262
494
14856
1120
41489
6987
262
653
4866
869
310
10300
1103
314
14505
318
15
5792
8
198
262
1009
2270
17788
283
41489
7080
8
198
262
364
6961
11
1009
303
12867
2784
1590
198
285
1009
2270
17788
66134
906
4928
19175
8
198
1031
262
653
1690
1754
6505
318
72
11
492
8
440
585
361
492
11
1716
413
830
471
264
957
60
471
264
3681
60
6513
506
1010
1857
835
492
198
262
364
585
303
2020
1393
471
220
17
1590
198
285
364
492
303
2020
1889
478
220
16
11
307
471
220
16
1590
198
309
4221
283
830
471
264
957
60
471
264
3681
60
198
309
653
4109
413
4221
6513
506
866
1857
835
492
198
309
413
4221
303
1009
2270
17788
25
198
388
653
17190
2624
364
279
1118
1857
835
492
198
388
14505
283
1009
2270
17788
58
39470
60
198
388
653
5272
14410
431
310
1423
413
1017
579
449
1857
835
492
198
388
1120
14410
431
198
388
1097
283
14410
431
918
284
431
10226
63094
11
492
8
198
388
413
1097
361
2343
63094
1590
198
493
653
11962
580
506
14505
20980
60
198
493
580
283
14505
20980
60
198
493
653
3301
220
16
5792
14505
198
493
460
318
72
478
220
16
11
492
478
220
16
11
580
478
220
16
8
198
1031
262
460
2168
198
71093
248046
198
248045
846
198
7525
3555
4621
4490
279
6813
13
5514
579
279
1412
25
198
6347
1371
318
3444
3110
1562
1483
1590
198
220
2793
34397
19
84050
11271
56
23
39
89503
6971
487
1500
220
16
22
16
11
303
361
4211
29
198
262
1716
32821
3430
3650
9858
8
198
220
2793
34397
19
84050
11271
56
23
39
89503
6971
487
1500
220
18
21
11
303
1716
198
262
1992
8871
7
16
15
11
220
16
15
15
15
15
15
11
498
22
18
22
21
21
11
220
19
22
22
16
23
11
220
22
19
16
19
23
11
220
19
24
17
16
23
11
220
22
21
22
17
16
11
220
18
16
24
15
17
11
220
17
16
24
24
19
11
220
16
23
23
23
15
11
220
17
24
20
24
23
11
220
24
23
24
16
22
2387
606
318
19
11
220
21
11
220
24
8
198
1779
6108
59641
59641
59641
59641
59641
59641
59641
59641
59641
59641
59641
59641
59641
59641
59641
59641
59641
59641
59641
59641
59641
59641
59641
59641
59641
59641
61
198
66317
1401
14200
1206
311
40138
11
411
369
678
3274
25
4310
279
2614
709
11618
321
4479
889
11
6999
4072
279
709
7246
321
1440
660
279
6813
13
2972
5683
4045
67305
3067
13209
50
159029
271
2523
1220
14623
279
1970
488
10490
303
264
64504
1970
2424
318
784
9609
31789
318
19458
668
31153
279
3889
5568
8
248046
198
248045
74455
198
248068
271
248069
271
71093
12305
198
1445
18904
1120
1697
11
11906
11
23846
1358
727
1423
3430
3650
9858
1393
25
514
11
830
25
514
11
264
25
1697
18078
2387
1411
11906
19723
5871
18078
11
514
11
514
4891
25
198
262
4071
15767
449
7308
8240
357
321
449
7308
1543
11
1423
799
22983
314
14505
318
72
11
492
11
580
8
198
262
1680
421
25
198
262
471
220
16
2564
585
361
492
361
580
2564
307
198
262
471
357
957
12
16
60
478
357
3681
12
16
60
478
357
6521
12
16
60
283
830
6987
262
6817
25
561
14505
5743
513
220
16
5792
318
85978
279
3377
4952
553
198
1031
262
17167
25
198
285
307
25
561
2984
314
279
8240
318
18
2564
307
2564
220
16
15
61
21
8
198
285
830
25
561
2100
2542
318
16
2564
830
2564
220
16
15
61
21
8
198
285
264
25
561
7308
8240
1332
1754
2315
65611
220
16
2564
264
957
60
2564
830
6987
262
5019
25
198
285
357
13992
318
72
11
492
11
580
8
314
220
16
5792
14505
413
1680
264
22983
6513
11
2168
5752
13
198
1031
262
11765
1423
3430
3650
9858
7
20
11
220
16
21
11
498
16
11
220
23
11
220
20
11
220
16
15
11
220
16
18
2387
198
262
318
16
11
220
18
11
220
19
8
198
262
11765
1423
3430
3650
9858
7
20
11
220
17
15
11
498
16
11
220
23
11
220
20
11
220
16
15
11
220
16
18
2387
198
262
2168
198
262
11765
1423
3430
3650
9858
7
18
11
220
21
11
498
17
11
220
17
11
220
17
2387
198
262
318
16
11
220
17
11
220
18
8
198
262
4071
198
262
494
14856
1120
41489
198
262
1120
14410
431
6987
262
653
4866
869
310
10300
1103
314
14505
318
15
5792
8
198
262
1009
2270
17788
283
41489
7080
8
198
262
364
6961
11
1009
303
12867
2784
1590
198
285
1009
2270
17788
66134
906
4928
19175
8
198
1031
262
653
1690
1754
6505
318
72
11
492
8
440
585
361
492
11
1716
413
830
471
264
957
60
471
264
3681
60
6513
506
1010
1857
835
492
198
262
364
585
303
2020
1393
471
220
17
1590
198
285
15910
283
264
957
60
198
285
364
492
303
2020
1889
478
220
16
11
307
471
220
16
1590
198
309
24632
283
264
3681
60
198
309
4221
283
830
471
15910
471
24632
198
309
653
4109
413
4221
6513
506
866
1857
835
492
198
309
413
4221
303
1009
2270
17788
25
198
388
14505
283
1009
2270
17788
58
39470
60
198
388
653
17190
2624
364
279
1118
1857
835
492
198
388
1097
283
14410
431
918
284
431
10226
63094
11
492
8
198
388
413
1097
361
2343
63094
1590
198
493
653
11962
580
506
14505
20980
60
198
493
580
283
14505
20980
60
198
493
653
3301
220
16
5792
14505
198
493
460
318
72
478
220
16
11
492
478
220
16
11
580
478
220
16
8
198
1031
262
460
2168
198
71093
248046
198