248045
846
198
4274
279
2614
709
11618
321
4479
889
11
6999
4072
279
709
7246
321
1440
660
279
6813
13
2972
5683
4045
67305
3067
13209
50
159029
271
2523
1220
14623
279
1970
488
10490
303
264
64504
1970
2424
318
784
9609
31789
318
19458
668
31153
279
3889
5568
8
271
71093
198
1445
18904
1120
1697
1358
727
1698
5062
15057
35226
20449
25
1697
18078
2387
1411
514
25
198
262
4071
7145
279
1324
314
13139
314
2397
38127
12708
2303
318
12877
16
11
12609
17
8
314
10001
421
25705
25
198
262
220
16
13
561
12708
2303
12609
16
321
12609
17
513
81859
318
2083
1857
314
10001
369
4047
1881
1070
8
198
262
220
17
13
561
469
6281
314
279
5255
314
12609
16
369
5951
310
279
469
6281
314
279
5255
314
12609
17
6987
262
3301
279
2702
1324
314
1680
13139
57844
220
16
15
61
24
478
220
22
13
198
1031
262
17167
25
198
285
10001
25
1473
7308
1287
1332
220
16
2564
2343
20449
8
2564
220
17
15
15
321
220
16
2564
10001
957
60
2564
220
17
15
15
6987
262
5019
25
198
285
561
1324
314
2610
1146
15057
13139
57844
220
16
15
61
24
478
220
22
6987
262
11765
1698
5062
15057
35226
2477
16
11
220
17
11
220
18
11
220
19
2387
198
262
220
16
15
198
262
11765
1698
5062
15057
35226
2477
16
15
11
220
17
15
11
220
18
15
2387
198
262
220
17
198
262
11765
1698
5062
15057
35226
2477
16
11
220
16
11
220
16
11
220
16
2387
198
262
220
20
15
198
262
4071
271
727
1716
69574
1590
198
262
653
14204
9989
494
3377
4952
198
262
1992
8871
2477
16
11
220
17
11
220
18
11
220
19
2387
606
220
16
15
198
262
1992
8871
2477
16
15
11
220
17
15
11
220
18
15
2387
606
220
17
198
262
1992
8871
2477
16
11
220
16
11
220
16
11
220
16
2387
606
220
20
15
6987
262
653
11000
2315
4886
198
262
1992
8871
2477
21
2387
606
220
15
198
262
1992
8871
2477
24
2387
606
220
15
198
262
1992
8871
2477
23
2387
606
220
15
198
262
1992
8871
2477
18
2387
606
220
15
198
262
1992
8871
2477
17
2387
606
220
15
198
262
1992
8871
2477
22
2387
606
220
15
198
262
1992
8871
2477
19
2387
606
220
15
6987
262
653
8771
2315
4886
198
262
1992
8871
2477
22
11
220
17
2387
606
220
15
198
262
1992
8871
2477
16
11
220
23
2387
606
220
15
198
262
1992
8871
2477
23
11
220
21
2387
606
220
15
198
262
1992
8871
2477
23
11
220
22
2387
606
220
15
198
262
1992
8871
2477
16
11
220
21
2387
606
220
15
198
262
1992
8871
2477
24
11
220
16
2387
606
220
15
198
262
1992
8871
2477
22
11
220
23
2387
606
220
15
198
262
1992
8871
2477
16
15
11
220
19
2387
606
220
15
198
262
1992
8871
2477
22
11
220
22
2387
606
220
17
198
262
1992
8871
2477
23
11
220
16
2387
606
220
15
198
262
1992
8871
2477
16
15
11
220
21
2387
606
220
15
6987
262
653
78020
1228
4886
198
262
1992
8871
2477
16
24
23
11
16
24
15
11
16
24
20
11
16
24
17
11
16
24
15
11
16
24
15
11
16
24
24
11
17
15
15
11
16
24
24
11
16
24
15
11
16
24
22
11
16
24
24
11
16
24
21
11
16
24
21
11
16
24
23
11
16
24
21
11
17
15
15
11
16
24
19
11
16
24
18
11
16
24
22
11
17
15
15
11
16
24
23
11
16
24
15
11
16
24
20
11
16
24
18
11
16
24
24
11
17
15
15
11
16
24
18
11
16
24
23
11
16
24
16
11
16
24
18
11
16
24
17
11
17
15
15
11
16
24
24
11
16
24
17
11
16
24
21
11
16
24
20
11
16
24
17
11
17
15
15
11
16
24
17
11
16
24
15
11
16
24
19
11
16
24
19
11
16
24
18
11
16
24
18
11
16
24
20
11
16
24
19
11
16
24
15
11
16
24
21
11
17
15
15
11
16
24
23
11
17
15
15
11
16
24
21
11
16
24
21
11
16
24
15
11
16
24
16
11
16
24
19
11
16
24
22
11
16
24
16
11
16
24
19
11
16
24
17
11
16
24
20
11
16
24
24
11
16
24
18
11
16
24
24
11
16
24
21
11
16
24
19
11
16
24
15
11
16
24
21
11
17
15
15
2387
606
220
20
22
15
19
19
20
17
17
19
6987
262
1992
8871
2477
17
15
15
11
16
15
15
11
17
20
11
18
11
17
15
15
11
16
15
15
11
17
20
11
18
11
17
15
15
11
16
15
15
11
17
20
11
18
11
17
15
15
11
16
15
15
11
17
20
11
18
11
17
15
15
11
16
15
15
11
17
20
11
18
11
17
15
15
11
16
15
15
11
17
20
11
18
11
17
15
15
11
16
15
15
11
17
20
11
18
11
17
15
15
11
16
15
15
11
17
20
11
18
11
17
15
15
11
16
15
15
11
17
20
11
18
11
17
15
15
11
16
15
15
11
17
20
11
18
11
17
15
15
11
16
15
15
11
17
20
11
18
11
17
15
15
11
16
15
15
11
17
20
11
18
11
17
15
15
11
16
15
15
11
17
20
11
18
11
17
15
15
11
16
15
15
11
17
20
11
18
11
17
15
15
11
16
15
15
11
17
20
11
18
11
17
15
15
11
16
15
15
11
17
20
11
18
11
17
15
15
11
16
15
15
11
17
20
11
18
11
17
15
15
11
16
15
15
11
17
20
11
18
11
17
15
15
11
16
15
15
11
17
20
11
18
11
17
15
15
11
16
15
15
11
17
20
11
18
11
17
15
15
11
16
15
15
11
17
20
11
18
11
17
15
15
11
16
15
15
11
17
20
11
18
11
17
15
15
11
16
15
15
11
17
20
11
18
11
17
15
15
11
16
15
15
11
17
20
11
18
11
17
15
15
11
16
15
15
11
17
20
11
18
2387
606
220
18
18
15
20
20
18
18
23
23
6987
262
1992
8871
2477
16
11
220
17
11
220
18
11
220
19
2387
606
220
16
20
6987
262
1992
8871
2477
17
18
11
17
23
11
17
17
11
17
22
11
17
17
11
17
22
11
17
15
11
17
18
11
17
22
11
18
15
11
18
15
11
17
17
11
17
19
11
17
19
11
17
15
11
17
20
11
17
22
11
17
17
11
17
22
11
17
16
11
17
24
11
17
18
11
17
18
11
17
22
11
17
21
11
17
23
11
17
22
11
17
15
11
17
23
11
17
16
11
17
17
11
17
22
11
17
19
11
17
23
11
17
15
11
17
19
11
17
16
11
17
15
11
17
24
11
17
19
11
17
17
11
17
15
11
17
19
11
17
22
11
18
15
11
17
24
11
17
16
11
17
20
11
17
17
11
17
17
11
17
22
11
17
19
11
17
17
11
17
24
11
17
17
11
17
20
11
17
20
11
17
18
11
17
20
11
17
19
11
17
21
11
17
16
11
17
23
11
17
20
11
17
21
11
17
15
11
17
19
11
17
22
11
17
22
11
17
18
11
17
15
11
17
19
11
17
18
11
17
16
11
17
19
2387
606
220
19
19
16
24
22
18
16
16
6987
262
1992
8871
2477
17
24
11
17
16
11
17
24
11
17
20
11
17
18
11
17
22
11
17
22
11
17
24
11
17
15
11
17
23
11
17
21
11
18
15
11
17
19
11
17
19
11
17
21
11
17
17
11
17
24
11
17
23
11
17
15
11
17
17
11
17
18
11
18
15
11
17
22
11
18
15
11
17
19
11
18
15
11
17
19
11
17
19
11
17
20
11
18
15
11
17
17
11
17
24
11
17
18
11
18
15
11
17
15
11
17
23
11
17
15
11
17
24
11
17
22
11
17
17
11
17
19
11
17
23
11
17
22
11
17
15
11
17
20
11
17
16
11
17
23
11
17
16
11
17
17
11
17
23
11
17
24
11
17
15
11
17
22
11
17
24
11
17
17
11
17
17
11
18
15
11
17
19
11
17
20
11
17
15
11
17
24
11
17
15
11
17
18
11
17
16
11
17
19
11
17
18
11
17
19
11
17
24
11
17
19
11
17
24
11
17
16
11
17
18
11
17
23
11
17
24
11
17
16
2387
606
220
22
22
15
18
23
23
18
16
19
6987
262
1992
8871
2477
17
15
15
11
16
15
15
11
17
15
15
11
16
15
15
11
17
15
15
11
16
15
15
11
17
15
15
11
16
15
15
11
17
15
15
11
16
15
15
11
17
15
15
11
16
15
15
11
17
15
15
11
16
15
15
11
17
15
15
11
16
15
15
11
17
15
15
11
16
15
15
11
17
15
15
11
16
15
15
11
17
15
15
11
16
15
15
11
17
15
15
11
16
15
15
11
17
15
15
11
16
15
15
11
17
15
15
11
16
15
15
11
17
15
15
11
16
15
15
11
17
15
15
11
16
15
15
11
17
15
15
11
16
15
15
11
17
15
15
11
16
15
15
11
17
15
15
11
16
15
15
11
17
15
15
11
16
15
15
11
17
15
15
11
16
15
15
11
17
15
15
11
16
15
15
11
17
15
15
11
16
15
15
11
17
15
15
11
16
15
15
11
17
15
15
11
16
15
15
11
17
15
15
11
16
15
15
11
17
15
15
11
16
15
15
11
17
15
15
11
16
15
15
11
17
15
15
11
16
15
15
11
17
15
15
11
16
15
15
11
17
15
15
11
16
15
15
11
17
15
15
11
16
15
15
11
17
15
15
11
16
15
15
11
17
15
15
11
16
15
15
11
17
15
15
11
16
15
15
11
17
15
15
11
16
15
15
11
17
15
15
11
16
15
15
11
17
15
15
11
16
15
15
11
17
15
15
11
16
15
15
11
17
15
15
11
16
15
15
11
17
15
15
11
16
15
15
11
17
15
15
11
16
15
15
11
17
15
15
11
16
15
15
11
17
15
15
11
16
15
15
11
17
15
15
11
16
15
15
11
17
15
15
11
16
15
15
11
17
15
15
11
16
15
15
11
17
15
15
11
16
15
15
11
17
15
15
11
16
15
15
11
17
15
15
11
16
15
15
2387
606
220
19
21
19
21
21
18
21
24
22
271
2
5272
1716
11181
5062
15057
35226
8
310
1542
6813
13
198
71093
248046
198
248045
74455
198
1206
11290
411
3377
11
567
1144
310
1698
279
1324
314
13139
314
81859
2397
38127
12708
2303
47029
12877
16
11
12609
17
44646
494
279
2574
1287
1510
25509
63
1680
421
279
469
6281
314
5255
303
1510
12877
16
63
16327
279
469
6281
314
5255
303
1510
12877
17
27653
561
1067
1220
381
5743
57844
17237
16
15
61
24
478
220
22
59
553
271
13962
51301
198
16
13
2972
4551
26808
82699
92217
1690
1754
3102
469
6281
869
1510
70
63
318
1445
220
16
310
220
17
15
15
681
1698
1204
1599
12708
2303
314
1510
25509
63
599
264
469
6281
6681
5951
310
1510
70
27653
1061
17077
25
198
256
471
1690
1754
1510
70
7561
10229
660
5255
303
1510
25509
63
421
513
62862
314
1510
70
27653
198
256
471
561
1324
314
2397
38127
12708
2303
13717
539
1439
5255
369
17237
17
61
74
471
220
16
59
681
1332
1510
74
63
369
279
1698
314
1680
5255
13
198
256
471
5272
26312
9884
8686
318
269
47057
7964
350
44935
8
310
7265
364
888
1767
286
11
21873
567
615
279
1698
314
12708
2303
440
469
6281
348
325
31654
9
1510
70
7561
524
1066
264
5081
314
1510
70
27653
271
17
13
2972
46270
387
4568
92217
1690
1754
469
6281
869
1510
70
7561
413
1017
513
1510
15387
63
12708
2303
440
469
6281
1510
70
7561
279
1324
314
5337
310
4992
1330
81859
12708
2303
440
469
6281
1510
70
63
369
524
29350
1521
279
12708
2303
1902
381
81859
13
11746
11
567
628
25
198
256
471
52516
888
660
3102
469
6281
2663
1510
70
27653
198
256
471
1690
1754
1510
70
7561
2814
660
5255
303
1510
25509
63
421
513
62862
314
1510
70
27653
6558
1439
5255
1304
264
716
1510
50
1824
27653
198
256
471
1690
1754
2315
303
1510
50
1824
7561
9973
3315
424
5601
310
1510
12877
16
7561
1510
12877
17
7561
466
13468
318
7834
524
2107
553
8618
2315
682
220
18
11125
11
6187
310
17237
18
61
74
55821
2702
5337
310
1304
1330
81859
12708
2303
318
15693
4147
5981
553
198
256
471
89999
279
4886
1332
1510
12877
16
63
466
1510
12877
17
63
369
4147
13
561
2610
13139
318
6082
38127
1510
12877
16
63
321
1510
12877
17
31789
369
17237
18
61
74
471
220
17
1088
49142
220
17
61
74
478
220
16
59
553
198
256
471
4213
11
411
14159
13139
1332
279
469
6281
314
1510
12877
16
63
321
1510
12877
17
63
369
264
5081
314
1510
70
7561
524
13902
6681
1510
70
27653
1165
1144
310
7265
1608
26312
9884
8686
310
615
279
4581
469
6281
1510
70
27653
271
18
13
2972
623
8686
12
814
8686
364
71946
469
6281
92217
695
256
471
6558
1510
4873
31439
60
63
381
279
1324
314
13139
314
81859
2397
38127
12708
2303
1332
279
469
6281
314
2107
369
264
5081
314
1510
70
27653
198
256
471
4844
11
279
1324
314
13139
1332
279
469
6281
314
2107
369
6681
1510
70
63
369
1510
4873
31439
60
471
2542
22131
6521
70116
60
364
580
2518
220
17
8
27653
271
19
13
2972
8917
5143
3038
92217
7860
279
14159
364
660
1510
70
63
494
220
16
310
220
17
15
15
13
271
13962
29806
38540
198
16
13
2972
2427
56727
624
92217
1690
1754
1510
70
7561
1698
1204
1599
4947
303
1510
25509
63
513
62862
314
1510
70
27653
198
17
13
2972
44712
10342
387
4568
364
56727
624
92217
1690
1754
1510
70
7561
12204
279
1324
314
2610
13139
318
4104
31762
11
2397
38127
8
1332
2107
12708
2303
599
469
6281
72364
539
1510
70
63
1608
279
14377
17237
18
61
74
471
220
17
1088
49142
220
17
61
74
478
220
16
59
553
198
18
13
2972
37334
364
71946
469
6281
92217
5272
264
9637
6136
318
1445
220
17
15
15
1441
310
220
16
8
310
31192
14159
314
62862
310
615
279
4581
469
6281
1698
13
198
19
13
2972
8917
321
5473
8498
92217
7860
279
4581
14159
364
660
1510
70
63
321
460
279
1067
57844
17237
16
15
61
24
478
220
22
59
553
271
13962
5927
198
71093
12305
198
1445
18904
1120
1697
198
464
6673
271
25613
283
220
16
15
332
24
478
220
22
271
727
1698
5062
15057
35226
20449
25
1697
18078
2387
1411
514
25
198
262
307
283
2343
20449
8
198
262
1866
5996
283
220
17
15
15
220
653
15767
20908
25
10001
957
60
2564
220
17
15
15
6987
262
653
4807
26808
13043
314
220
17
321
220
18
57844
18107
198
262
6660
17
283
498
16
60
348
318
77
478
220
16
8
198
262
6660
18
283
498
16
60
348
318
77
478
220
16
8
198
262
364
585
303
2020
7
16
11
307
478
220
16
1590
198
285
6660
17
957
60
283
318
21072
17
957
12
16
60
348
220
17
8
984
18107
198
285
6660
18
957
60
283
318
21072
18
957
12
16
60
348
220
18
8
984
18107
6987
262
653
14392
220
16
25
1690
1754
338
11
1698
1204
1599
4947
303
10001
513
62862
314
338
198
262
1698
88637
624
283
498
15
60
348
318
2721
5996
478
220
16
8
198
262
364
338
303
2020
7
16
11
1866
5996
478
220
16
1590
198
285
272
283
220
15
198
285
364
1572
303
10001
25
198
309
413
1572
984
338
606
220
15
25
198
388
272
1373
220
16
198
285
1698
88637
624
31439
60
283
272
6987
262
653
14392
220
17
25
21902
2702
31439
60
283
1324
314
13139
318
12877
16
11
12609
17
8
81859
11
2397
38127
11
695
262
653
260
1680
421
469
6281
33667
16
8
321
469
6281
33667
17
8
513
2107
62862
314
338
198
262
2702
283
498
15
60
348
318
2721
5996
478
220
16
8
198
262
364
338
303
2020
7
16
11
1866
5996
478
220
16
1590
198
285
580
283
1698
88637
624
31439
60
198
285
413
580
606
220
15
25
198
309
2702
31439
60
283
220
15
198
285
745
25
198
309
653
10342
5337
25
220
18
61
74
318
9264
2315
25
12609
16
11
12609
17
11
466
13468
8
198
309
653
89999
4886
1332
12609
16
369
4147
25
220
17
61
74
318
9264
2315
25
12609
17
466
13468
8
198
309
653
89999
4886
1332
12609
17
369
4147
25
220
17
61
74
198
309
653
2604
1142
279
1105
1332
2107
513
4147
25
220
16
318
1899
52610
10598
8
198
309
653
1987
25
220
18
61
74
471
220
17
9
17
61
74
478
220
16
198
309
5337
283
318
21072
18
6521
60
471
220
17
348
6660
17
6521
60
478
220
16
8
984
18107
198
309
2702
31439
60
283
5337
6987
262
653
14392
220
18
25
26320
2702
31439
60
310
615
1698
314
13139
1332
469
6281
33667
16
8
606
469
6281
33667
17
8
606
338
318
44839
8
198
262
4581
283
498
15
60
348
318
2721
5996
478
220
16
8
198
262
364
338
303
2020
8474
5996
11
220
15
11
471
16
1590
198
285
653
4980
440
2702
31439
60
318
7949
5469
62862
8
198
285
1009
283
2702
31439
60
198
285
653
89999
14159
364
62862
318
74
70116
8
198
285
580
283
220
17
198
285
1345
580
348
338
2564
1866
5996
25
198
309
1009
283
318
805
471
4581
6521
348
338
2387
984
18107
198
309
580
1373
220
16
198
285
4581
31439
60
283
1009
6987
262
653
14392
220
19
25
7860
660
4581
14159
198
262
1067
283
2542
5291
519
58
16
92535
984
18107
198
262
460
1067
198
71093
271
13962
68868
198
16
13
2972
4551
848
12935
92217
1165
829
26808
13043
314
220
17
321
220
18
685
310
1510
77
63
318
1719
2984
314
1510
25509
31789
310
28750
10724
279
1324
314
12708
2303
13
198
17
13
2972
2427
286
56727
624
92217
1690
1754
3102
469
6281
869
1510
70
7561
567
1698
1204
1599
4947
303
1510
25509
63
513
62862
314
1510
70
27653
1061
8346
303
24782
279
7087
314
4947
421
628
1304
12708
2303
440
469
6281
72364
539
1510
70
27653
198
18
13
2972
55964
1060
10342
387
4568
92217
1690
1754
1510
70
7561
567
10724
279
1324
314
2610
13139
314
81859
2397
38127
12708
2303
1332
2107
599
469
6281
72364
539
1510
70
63
1608
279
14377
13849
494
3493
16762
518
11125
13
198
19
13
2972
56009
469
6281
88779
92217
11747
264
9637
6136
11
567
7265
279
14159
310
5790
567
1132
1698
13139
1332
279
469
6281
369
6681
1510
70
63
539
31192
286
14159
314
13139
440
469
6281
82
421
513
62862
314
1510
70
27653
198
20
13
2972
2009
71690
92217
7860
5143
685
279
4581
14159
364
660
1510
70
63
6486
279
2702
1324
314
2610
13139
11
864
369
5743
57844
17237
16
15
61
24
478
220
22
59
553
271
1919
5313
28750
13081
279
16484
321
24546
55404
539
73865
3493
16762
518
36352
321
26312
9884
8686
15694
13
248046
198
248045
846
198
7525
3555
4621
4490
279
6813
13
5514
579
279
1412
25
198
6347
1371
318
3444
3110
1562
1483
1590
198
220
2793
34397
17
19
16603
53
86
5659
76
6971
487
1500
220
16
17
17
11
303
361
4211
29
198
262
1716
11181
5062
15057
35226
8
198
220
2793
34397
17
19
16603
53
86
5659
76
6971
487
1500
220
17
22
11
303
1716
198
262
1992
8871
2477
16
11
220
17
11
220
18
11
220
19
2387
606
220
16
15
198
1779
6108
59641
59641
59641
59641
59641
59641
59641
198
66317
1401
14200
1206
311
40138
11
411
369
678
3274
25
4310
279
2614
709
11618
321
4479
889
11
6999
4072
279
709
7246
321
1440
660
279
6813
13
2972
5683
4045
67305
3067
13209
50
159029
271
2523
1220
14623
279
1970
488
10490
303
264
64504
1970
2424
318
784
9609
31789
318
19458
668
31153
279
3889
5568
8
248046
198
248045
74455
198
71093
12305
198
1445
18904
1120
1697
198
464
6673
271
727
1698
5062
15057
35226
20449
25
1697
18078
2387
1411
514
25
198
262
4071
7145
279
1324
314
13139
314
2397
38127
12708
2303
318
12877
16
11
12609
17
8
314
10001
421
25705
25
198
262
220
16
13
561
12708
2303
12609
16
321
12609
17
513
81859
318
2083
1857
314
10001
369
4047
1881
1070
8
198
262
220
17
13
561
469
6281
314
279
5255
314
12609
16
369
5951
310
279
469
6281
314
279
5255
314
12609
17
6987
262
3301
279
2702
1324
314
1680
13139
57844
220
16
15
61
24
478
220
22
13
198
1031
262
17167
25
198
285
10001
25
1473
7308
1287
1332
220
16
2564
2343
20449
8
2564
220
17
15
15
321
220
16
2564
10001
957
60
2564
220
17
15
15
6987
262
5019
25
198
285
561
1324
314
2610
1146
15057
13139
57844
220
16
15
61
24
478
220
22
6987
262
11765
1698
5062
15057
35226
2477
16
11
220
17
11
220
18
11
220
19
2387
198
262
220
16
15
198
262
11765
1698
5062
15057
35226
2477
16
15
11
220
17
15
11
220
18
15
2387
198
262
220
17
198
262
11765
1698
5062
15057
35226
2477
16
11
220
16
11
220
16
11
220
16
2387
198
262
220
20
15
198
262
4071
198
262
18107
283
220
16
15
332
24
478
220
22
198
262
307
283
2343
20449
8
198
262
8075
2258
283
220
17
15
15
6987
262
653
40973
314
1754
1324
198
262
20257
283
498
15
60
348
318
10272
2258
478
220
16
8
198
262
364
830
303
10001
25
198
285
20257
8065
60
1373
220
16
8675
262
653
1690
1754
338
11
1698
1204
1599
4947
303
10001
513
62862
314
338
198
262
12813
25449
283
498
15
60
348
318
10272
2258
478
220
16
8
198
262
364
338
303
2020
7
16
11
8075
2258
478
220
16
1590
198
285
272
283
220
15
198
285
364
5081
303
2020
3163
11
8075
2258
478
220
16
11
338
1590
198
309
272
1373
20257
11722
11880
60
198
285
12813
25449
31439
60
283
272
271
262
653
4807
26808
13043
198
262
6660
17
283
498
16
60
348
318
77
478
220
16
8
198
262
6660
18
283
498
16
60
348
318
77
478
220
16
8
198
262
364
585
303
2020
7
16
11
307
478
220
16
1590
198
285
6660
17
957
60
283
318
21072
17
957
12
16
60
348
220
17
8
984
18107
198
285
6660
18
957
60
283
318
21072
18
957
12
16
60
348
220
18
8
984
18107
271
262
653
11002
31439
60
668
3436
279
1324
314
5337
310
4992
1330
81859
2397
38127
12708
2303
198
262
653
494
279
716
314
4947
72364
539
338
11
1680
421
469
6281
33667
16
8
369
264
5081
314
338
695
262
653
321
469
6281
33667
17
8
369
264
5081
314
338
13
198
262
653
29815
25
220
18
61
74
471
220
17
9
17
61
74
478
220
16
198
262
11002
283
498
15
60
348
318
10272
2258
478
220
16
8
198
262
364
338
303
2020
7
16
11
8075
2258
478
220
16
1590
198
285
580
283
12813
25449
31439
60
198
285
413
580
606
220
15
25
198
309
11002
31439
60
283
220
15
198
285
745
25
198
309
1009
283
318
21072
18
6521
60
471
220
17
348
6660
17
6521
60
478
220
16
8
984
18107
198
309
11002
31439
60
283
1009
271
262
653
4543
11
567
1144
310
8385
279
1698
1332
469
6281
33667
16
8
606
469
6281
33667
17
8
606
338
6681
13
198
262
653
6558
4581
31439
60
381
279
1324
314
13139
1332
469
6281
33667
16
8
606
338
321
469
6281
33667
17
8
606
338
13
198
262
653
1165
599
25
11002
31439
60
283
2542
5291
519
6521
70116
60
364
580
2518
220
16
8
198
262
653
1165
628
11290
364
4581
31439
60
539
84228
27484
25
198
262
653
4581
31439
60
283
11002
31439
60
471
2542
5291
519
6521
70116
60
364
580
2518
220
17
8
198
1031
262
4581
283
498
15
60
348
318
10272
2258
478
220
16
8
198
262
364
338
303
2020
53358
2258
11
220
15
11
471
16
1590
198
285
274
283
220
15
198
285
580
283
220
17
198
285
1345
580
348
338
2564
8075
2258
25
198
309
274
283
318
82
478
4581
6521
348
338
2387
984
18107
198
309
580
1373
220
16
198
285
4581
31439
60
283
318
9504
31439
60
471
274
8
984
18107
271
262
653
561
4087
369
279
2542
314
4581
31439
60
364
660
338
198
262
7843
283
2542
5291
519
58
16
92535
984
18107
198
262
460
7843
198
71093
248046
198
248045
846
198
7525
3555
4621
4490
279
6813
13
5514
579
279
1412
25
198
6347
1371
318
3444
3110
1562
1483
1590
198
220
2793
34397
37
88
16
92658
19675
196745
32
6971
487
1500
220
16
19
19
11
303
361
4211
29
198
262
1716
11181
5062
15057
35226
8
198
220
2793
34397
37
88
16
92658
19675
196745
32
6971
487
1500
220
17
22
11
303
1716
198
262
1992
8871
2477
16
11
220
17
11
220
18
11
220
19
2387
606
220
16
15
198
1779
6108
59641
59641
59641
59641
59641
59641
59641
198
66317
1401
14200
1206
311
40138
11
411
369
678
3274
25
4310
279
2614
709
11618
321
4479
889
11
6999
4072
279
709
7246
321
1440
660
279
6813
13
2972
5683
4045
67305
3067
13209
50
159029
271
2523
1220
14623
279
1970
488
10490
303
264
64504
1970
2424
318
784
9609
31789
318
19458
668
31153
279
3889
5568
8
248046
198
248045
74455
198
248068
271
248069
271
1206
11290
411
3377
11
567
1144
310
1698
279
1324
314
13139
314
81859
2397
38127
12708
2303
47029
12877
16
11
12609
17
44646
494
279
2574
1287
1510
25509
63
1680
421
279
469
6281
314
5255
303
1510
12877
16
63
16327
279
469
6281
314
5255
303
1510
12877
17
27653
561
1067
1220
381
5743
57844
17237
16
15
61
24
478
220
22
59
553
271
13962
51301
198
16
13
2972
2427
56727
624
92217
1690
1754
3102
469
6281
869
1510
70
63
318
1445
220
16
310
220
17
15
15
681
1698
1204
1599
4947
303
1510
25509
63
513
62862
314
1510
70
27653
6558
411
1698
381
1510
74
1824
27653
198
17
13
2972
46270
10342
387
4568
364
56727
624
92217
1690
1754
1510
70
7561
10724
279
1324
314
5337
310
1304
1330
81859
2397
38127
12708
2303
1608
1132
279
62862
314
1510
70
63
1680
421
279
469
6281
314
2107
12708
2303
369
264
348
34493
9
314
1510
70
27653
198
256
471
8618
314
279
1510
74
1824
63
4947
628
381
12244
310
1510
12877
16
7561
1510
12877
17
7561
466
13468
318
18
11125
553
10342
30152
25
17237
18
46227
74
1824
10713
553
198
256
471
89999
4886
1332
1510
12877
16
63
369
4147
318
9264
1324
5601
310
1510
12877
17
63
466
13468
25
17237
17
46227
74
1824
10713
4430
198
256
471
89999
4886
1332
1510
12877
17
63
369
4147
318
9264
1324
5601
310
1510
12877
16
63
466
13468
25
17237
17
46227
74
1824
10713
4430
198
256
471
2604
1142
279
1105
1332
2107
513
4147
318
1899
52610
10598
25
17237
10
16
59
4430
198
256
471
29815
25
17237
1088
1272
90
4873
41955
70
60
283
220
18
46227
74
1824
92
471
220
17
1088
49142
220
17
46227
74
1824
92
478
220
16
1088
553
198
256
471
6817
25
1061
1510
4873
31439
60
63
14159
13139
1332
1510
38
6281
33667
16
44646
369
264
5081
314
1510
70
63
3449
1510
38
6281
33667
17
44646
369
264
5081
314
1510
70
27653
1049
1503
524
14988
421
1510
38
6281
33667
16
8
606
469
6281
33667
17
8
27653
1049
1066
34475
2107
513
62862
314
1510
70
27653
198
18
13
2972
623
8686
12
814
8686
364
71946
469
6281
92217
1165
1144
279
1698
314
13139
1332
1510
38
6281
33667
16
8
606
338
63
3449
1510
38
6281
33667
17
8
606
338
27653
198
256
471
6558
1510
44839
31439
60
63
381
279
1324
314
13139
1332
1510
38
6281
33667
16
8
606
338
63
321
1510
38
6281
33667
17
8
606
338
27653
198
256
471
561
869
1510
4873
31439
60
63
23424
3294
369
279
2542
314
1510
44839
6521
70116
60
63
364
660
1510
74
2518
220
16
63
318
72
1673
2487
1510
44839
31439
60
478
4581
58
17
70
60
478
4581
58
18
70
60
478
2423
57208
198
256
471
1165
628
12204
1510
44839
31439
60
63
539
84228
494
1510
10272
2258
63
1441
310
220
16
25
198
257
1510
44839
31439
60
283
2702
31439
60
471
2542
5291
519
6521
70116
60
364
580
2518
220
17
8
27653
198
19
13
2972
8917
17560
92217
561
1534
4087
369
279
2542
314
1510
44839
31439
60
63
364
660
1510
70
63
494
220
16
310
220
17
15
15
13
271
13962
5927
198
71093
12305
198
1445
18904
1120
1697
271
727
1698
5062
15057
35226
20449
25
1697
18078
2387
1411
514
25
198
262
18107
283
220
16
15
332
24
478
220
22
198
262
307
283
2343
20449
8
198
262
8075
2258
283
220
17
15
15
6987
262
653
40973
314
1754
1324
198
262
20257
283
498
15
60
348
318
10272
2258
478
220
16
8
198
262
364
830
303
10001
25
198
285
20257
8065
60
1373
220
16
8675
262
653
1690
1754
338
11
1698
1204
1599
4947
303
10001
513
62862
314
338
198
262
12813
25449
283
498
15
60
348
318
10272
2258
478
220
16
8
198
262
364
338
303
2020
7
16
11
8075
2258
478
220
16
1590
198
285
272
283
220
15
198
285
364
5081
303
2020
3163
11
8075
2258
478
220
16
11
338
1590
198
309
272
1373
20257
11722
11880
60
198
285
12813
25449
31439
60
283
272
271
262
653
4807
26808
13043
198
262
6660
17
283
498
16
60
348
318
77
478
220
16
8
198
262
6660
18
283
498
16
60
348
318
77
478
220
16
8
198
262
364
585
303
2020
7
16
11
307
478
220
16
1590
198
285
6660
17
957
60
283
318
21072
17
957
12
16
60
348
220
17
8
984
18107
198
285
6660
18
957
60
283
318
21072
18
957
12
16
60
348
220
18
8
984
18107
271
262
653
11002
31439
60
668
3436
279
1324
314
5337
310
4992
1330
81859
2397
38127
12708
2303
198
262
653
494
279
716
314
4947
72364
539
338
11
1680
421
469
6281
33667
16
8
369
264
5081
314
338
695
262
653
321
469
6281
33667
17
8
369
264
5081
314
338
13
198
262
653
29815
25
220
18
61
74
471
220
17
9
17
61
74
478
220
16
198
262
11002
283
498
15
60
348
318
10272
2258
478
220
16
8
198
262
364
338
303
2020
7
16
11
8075
2258
478
220
16
1590
198
285
580
283
12813
25449
31439
60
198
285
413
580
606
220
15
25
198
309
11002
31439
60
283
220
15
198
285
745
25
198
309
653
220
18
61
74
471
220
17
9
17
61
74
478
220
16
198
309
1009
283
318
21072
18
6521
60
471
220
17
348
6660
17
6521
60
478
220
16
8
984
18107
198
309
11002
31439
60
283
1009
271
262
653
4543
11
567
1144
310
8385
279
1698
1332
469
6281
33667
16
8
606
469
6281
33667
17
8
606
338
6681
13
198
262
653
6558
4581
31439
60
381
279
1324
314
13139
1332
469
6281
33667
16
8
606
338
321
469
6281
33667
17
8
606
338
13
198
262
653
1165
599
25
11002
31439
60
283
2542
5291
519
6521
70116
60
364
580
2518
220
16
8
198
262
653
1165
628
11290
364
4581
31439
60
539
84228
27484
25
198
262
653
4581
31439
60
283
11002
31439
60
471
2542
5291
519
6521
70116
60
364
580
2518
220
17
8
198
1031
262
4581
283
498
15
60
348
318
10272
2258
478
220
16
8
198
262
364
338
303
2020
53358
2258
11
220
15
11
471
16
1590
198
285
274
283
220
15
198
285
580
283
220
17
198
285
1345
580
348
338
2564
8075
2258
25
198
309
274
283
318
82
478
4581
6521
348
338
2387
984
18107
198
309
580
1373
220
16
198
285
4581
31439
60
283
318
9504
31439
60
471
274
8
984
18107
271
262
653
561
4087
369
279
2542
314
4581
31439
60
364
660
338
198
262
7843
283
2542
5291
519
58
16
92535
984
18107
198
262
460
7843
198
71093
248046
198