248045
846
198
4274
279
2614
709
11618
321
4479
889
11
6999
4072
279
709
7246
321
1440
660
279
6813
13
2972
5683
4045
67305
3067
13209
50
159029
271
2523
1220
14623
279
1970
488
10490
303
264
64504
1970
2424
318
784
9609
31789
318
19458
668
31153
279
3889
5568
8
271
71093
198
1445
18904
1120
1697
11
23846
1358
727
1262
36146
1187
11327
7245
4546
1393
25
514
11
295
25
514
11
580
25
514
11
12454
25
1697
19723
5871
18078
11
514
11
514
28649
1411
514
25
198
262
4071
15767
264
35604
4145
8173
1962
72073
4618
440
307
16720
321
295
12454
11
198
262
1423
279
7776
2695
314
264
53915
4757
1332
279
2695
369
4364
430
279
2542
314
695
262
6607
13914
57844
580
13
198
1031
262
17167
25
198
285
307
25
5447
314
16720
318
17
2564
307
2564
220
23
8
198
285
295
25
5447
314
12454
318
77
12
16
2564
295
2564
307
6391
77
12
16
5443
17
8
198
285
580
25
5473
8498
869
318
16
2564
580
2564
220
16
15
61
16
20
8
198
285
12454
25
1697
314
43716
318
84
11
343
11
288
8
1332
560
321
343
513
16720
318
16
20834
290
8
321
288
369
279
4528
198
2215
471
220
16
2564
560
361
343
2564
307
198
2215
471
220
15
2564
288
361
580
6987
262
5019
25
198
285
561
7776
2695
314
264
53915
4757
57844
580
6987
262
11765
1262
36146
1187
11327
7245
4546
7
20
11
220
21
11
220
18
17
23
11
17294
16
11
220
17
11
220
24
24
681
318
16
11
220
18
11
220
16
15
17
681
318
17
11
220
18
11
220
23
21
681
318
17
11
220
19
11
220
24
19
681
318
17
11
220
20
11
220
24
20
681
318
18
11
220
19
11
220
23
16
45047
198
262
220
18
18
198
262
11765
1262
36146
1187
11327
7245
4546
7
21
11
220
20
11
220
24
24
23
17
19
19
18
20
18
11
17294
16
11
220
17
11
220
18
18
22
18
21
16
20
21
23
681
318
16
11
220
21
11
220
19
20
15
18
19
18
18
15
19
681
318
17
11
220
18
11
220
21
16
19
22
22
17
19
19
681
318
17
11
220
20
11
220
22
19
20
18
23
18
19
18
23
681
318
19
11
220
20
11
220
22
17
22
18
21
15
23
19
15
45047
198
262
220
18
17
20
19
18
22
21
23
23
198
262
4071
271
727
1716
69574
1590
198
262
653
18564
1228
4886
198
262
1992
8871
7
20
11
220
21
11
220
18
17
23
11
17294
16
11
220
17
11
220
24
24
681
318
16
11
220
18
11
220
16
15
17
681
318
17
11
220
18
11
220
23
21
681
318
17
11
220
19
11
220
24
19
681
318
17
11
220
20
11
220
24
20
681
318
18
11
220
19
11
220
23
16
45047
606
220
18
19
198
262
1992
8871
7
21
11
220
20
11
220
24
24
23
17
19
19
18
20
18
11
17294
16
11
220
17
11
220
18
18
22
18
21
16
20
21
23
681
318
16
11
220
21
11
220
19
20
15
18
19
18
18
15
19
681
318
17
11
220
18
11
220
21
16
19
22
22
17
19
19
681
318
17
11
220
20
11
220
22
19
20
18
23
18
19
18
23
681
318
19
11
220
20
11
220
22
17
22
18
21
15
23
19
15
45047
606
220
18
17
20
19
18
22
21
23
23
198
262
1992
8871
7
23
11
220
17
23
11
220
24
18
21
17
24
19
15
19
16
23
20
15
16
24
22
11
498
198
285
318
16
11
220
17
11
220
19
22
18
17
24
19
22
17
15
24
15
21
22
23
15
681
318
16
11
220
18
11
220
22
19
18
15
18
15
23
15
15
16
18
24
17
19
19
681
318
16
11
220
19
11
220
22
15
24
18
21
18
15
16
24
19
16
19
22
22
19
681
318
16
11
220
20
11
220
18
23
18
21
19
18
21
16
17
19
24
15
18
16
17
681
198
285
318
16
11
220
21
11
220
20
20
22
16
15
17
22
23
16
15
17
17
23
21
16
681
318
16
11
220
22
11
220
21
17
18
16
22
24
17
23
23
20
18
23
16
18
23
681
318
16
11
220
23
11
220
22
18
24
21
16
23
20
24
24
19
16
15
23
15
24
681
318
17
11
220
18
11
220
23
20
22
21
23
22
23
16
17
17
24
19
19
15
19
681
198
285
318
17
11
220
19
11
220
23
24
18
24
17
18
16
21
23
16
18
24
22
16
19
681
318
17
11
220
20
11
220
20
23
16
23
17
17
19
22
16
23
21
15
21
21
17
681
318
17
11
220
21
11
220
22
19
15
20
19
24
18
21
18
20
23
21
20
20
23
681
318
17
11
220
22
11
220
18
15
22
17
17
21
19
18
23
23
18
18
17
17
17
681
198
285
318
17
11
220
23
11
220
19
19
22
18
24
24
15
17
24
24
20
17
24
24
23
681
318
18
11
220
19
11
220
21
18
21
18
16
23
15
23
18
21
17
17
22
21
23
681
318
18
11
220
20
11
220
19
19
20
19
23
22
15
22
21
19
18
21
17
17
681
318
18
11
220
21
11
220
18
15
22
17
21
17
22
23
16
17
19
15
22
20
20
681
198
285
318
18
11
220
22
11
220
16
17
15
22
15
17
21
22
18
23
23
17
18
15
681
318
18
11
220
23
11
220
22
15
15
17
19
22
17
21
18
16
23
19
15
23
17
681
318
19
11
220
20
11
220
20
21
15
20
21
22
23
24
15
18
17
20
18
18
18
681
318
19
11
220
21
11
220
22
15
19
22
17
21
16
16
18
22
16
22
16
19
22
681
198
285
318
19
11
220
22
11
220
20
23
23
17
21
18
23
16
23
21
16
20
21
23
22
681
318
19
11
220
23
11
220
20
19
24
15
15
22
20
18
21
18
24
18
16
22
17
681
318
20
11
220
21
11
220
22
22
24
17
18
15
23
22
16
15
23
15
19
15
23
681
318
20
11
220
22
11
220
23
17
20
24
23
17
20
23
18
22
23
21
19
24
23
681
198
285
318
20
11
220
23
11
220
22
16
18
24
17
23
24
24
23
16
22
19
17
22
17
681
318
21
11
220
22
11
220
22
20
16
18
18
16
15
22
19
20
18
23
23
17
21
681
318
21
11
220
23
11
220
19
19
24
23
22
18
21
18
20
19
18
15
17
17
23
681
318
22
11
220
23
11
220
16
16
17
24
23
18
23
16
22
21
16
19
22
24
8
198
262
40199
606
220
16
16
18
21
15
22
16
21
18
22
18
6987
262
653
22484
1228
4886
198
262
1992
8871
7
17
11
220
16
11
220
17
19
24
24
20
24
24
17
23
23
22
23
24
16
21
11
17294
16
11
220
17
11
220
23
16
22
15
18
22
18
24
18
21
24
22
21
23
45047
606
220
23
16
22
15
18
22
18
24
18
21
24
22
21
23
198
262
1992
8871
7
17
11
220
16
11
220
24
15
24
17
20
20
18
24
16
15
18
22
22
18
22
11
17294
16
11
220
17
11
220
20
17
17
15
17
24
24
16
20
15
22
15
18
24
18
45047
606
220
20
17
17
15
17
24
24
16
20
15
22
15
18
24
18
198
262
1992
8871
7
17
11
220
16
11
220
18
23
19
22
24
17
23
15
17
23
19
15
22
19
23
11
17294
16
11
220
17
11
220
17
23
24
20
15
18
19
20
17
20
22
17
21
24
22
45047
606
220
17
23
24
20
15
18
19
20
17
20
22
17
21
24
22
198
262
1992
8871
7
17
11
220
16
11
220
24
18
24
23
20
22
16
19
22
20
20
15
21
23
22
11
17294
16
11
220
17
11
220
17
15
16
20
21
24
16
24
19
20
18
20
20
15
18
45047
606
220
17
15
16
20
21
24
16
24
19
20
18
20
20
15
18
198
262
1992
8871
7
18
11
220
17
11
220
23
20
17
24
19
22
16
21
18
23
17
23
17
24
11
17294
16
11
220
18
11
220
17
24
22
18
22
16
22
15
21
19
19
23
24
18
681
318
16
11
220
17
11
220
16
17
15
24
16
16
19
23
16
22
18
19
15
17
45047
606
220
19
16
23
17
23
18
16
23
23
16
23
17
24
20
198
262
1992
8871
7
18
11
220
17
11
220
17
20
21
15
21
18
21
16
20
16
17
19
16
21
20
11
17294
17
11
220
18
11
220
17
18
19
24
20
18
17
18
22
22
18
20
24
20
16
681
318
16
11
220
17
11
220
19
18
19
17
15
24
23
23
15
19
18
21
15
24
45047
606
220
17
17
18
16
15
21
16
15
21
20
20
18
24
20
198
262
1992
8871
7
18
11
220
18
11
220
16
16
24
24
20
24
17
20
21
20
19
20
22
16
21
11
17294
17
11
220
18
11
220
16
24
18
19
19
20
24
22
18
15
18
21
16
21
681
318
16
11
220
17
11
220
19
20
16
20
15
23
17
19
24
17
22
17
20
24
681
318
16
11
220
18
11
220
19
20
24
19
16
24
20
19
24
15
16
19
23
17
45047
606
220
21
19
19
24
20
19
17
17
17
18
15
23
22
20
6987
262
1992
8871
7
23
11
220
16
16
11
220
22
16
23
22
21
17
24
22
24
16
21
16
19
21
22
11
498
198
285
318
18
11
220
19
11
220
20
24
19
24
24
22
23
20
23
15
18
18
16
17
17
681
318
16
11
220
22
11
220
16
23
22
20
15
15
17
23
18
15
16
20
18
22
20
681
318
19
11
220
21
11
220
18
24
19
23
19
17
15
21
16
19
20
15
22
18
19
681
318
17
11
220
23
11
220
20
22
20
24
17
23
21
18
21
17
21
19
21
24
16
681
198
285
318
16
11
220
20
11
220
16
15
21
18
20
24
17
20
19
21
23
17
24
18
23
681
318
22
11
220
23
11
220
19
22
20
23
23
19
23
19
16
22
18
15
23
16
20
681
318
20
11
220
23
11
220
22
23
16
16
18
24
16
15
24
24
17
19
21
681
318
16
11
220
18
11
220
21
22
24
23
15
20
24
24
16
18
18
20
22
18
22
681
198
285
318
16
11
220
19
11
220
21
22
22
19
17
17
15
20
23
17
18
18
19
16
22
681
318
16
11
220
23
11
220
18
24
24
17
21
16
18
15
23
17
20
24
24
21
681
318
17
11
220
22
11
220
18
23
23
23
17
17
19
20
22
16
19
21
18
16
24
8
198
262
40199
606
220
18
20
20
23
20
15
18
15
24
19
24
19
21
22
6987
262
1992
8871
7
23
11
220
16
20
11
220
22
24
20
21
22
17
21
15
19
18
17
18
18
15
20
11
498
198
285
318
19
11
220
23
11
220
22
19
16
23
16
22
23
17
17
17
22
17
22
21
20
681
318
18
11
220
19
11
220
18
18
24
15
17
21
24
17
21
22
17
20
17
20
681
318
21
11
220
22
11
220
16
18
24
24
19
15
23
16
15
21
23
19
21
19
16
681
318
19
11
220
22
11
220
23
17
20
23
19
22
17
18
21
21
16
21
22
19
681
198
285
318
21
11
220
23
11
220
18
23
22
23
19
18
16
24
17
16
22
22
18
22
16
681
318
17
11
220
21
11
220
18
23
22
24
23
23
17
21
20
21
23
17
19
21
17
681
318
20
11
220
21
11
220
21
23
16
19
23
22
18
23
18
19
15
15
23
17
681
318
18
11
220
22
11
220
16
17
22
19
16
19
17
17
18
24
15
24
16
24
18
681
198
285
318
17
11
220
19
11
220
20
17
21
16
18
16
20
20
23
19
15
20
16
16
21
681
318
16
11
220
21
11
220
18
23
16
23
17
20
16
23
18
21
20
15
17
19
681
318
16
11
220
19
11
220
20
15
24
19
17
19
16
18
19
22
18
18
23
18
18
681
318
18
11
220
21
11
220
21
18
18
17
21
17
19
22
15
21
15
20
20
19
16
681
198
285
318
18
11
220
20
11
220
17
24
20
21
20
17
23
15
16
16
20
15
681
318
16
11
220
18
11
220
23
15
24
16
21
23
20
16
16
21
15
23
22
16
681
318
17
11
220
23
11
220
20
17
21
23
15
23
19
19
23
23
19
24
19
17
22
8
198
262
40199
606
220
17
24
15
24
24
22
16
15
16
19
18
6987
262
1992
8871
7
23
11
220
17
21
11
220
23
16
24
23
20
16
24
15
21
20
21
22
21
20
20
11
498
198
285
318
17
11
220
22
11
220
18
15
22
15
24
19
21
23
22
16
20
23
24
22
681
318
19
11
220
23
11
220
19
17
21
15
19
24
19
20
19
18
23
18
15
22
20
681
318
16
11
220
19
11
220
20
18
21
17
23
21
21
20
15
23
22
21
22
16
18
681
318
18
11
220
19
11
220
21
21
22
22
22
20
16
22
24
22
19
16
18
19
19
681
198
285
318
17
11
220
19
11
220
19
23
23
15
16
17
17
24
16
22
19
15
21
16
16
681
318
16
11
220
20
11
220
22
15
22
23
15
19
24
23
18
20
21
15
23
20
15
681
318
20
11
220
21
11
220
16
18
19
24
16
15
20
21
23
16
19
22
22
22
20
681
318
18
11
220
20
11
220
20
24
24
24
20
24
15
24
16
23
23
19
24
15
17
681
198
285
318
17
11
220
20
11
220
20
23
19
20
20
23
20
22
20
21
19
23
21
23
681
318
18
11
220
23
11
220
20
20
17
24
20
19
21
21
17
22
18
17
22
17
22
681
318
17
11
220
21
11
220
19
23
23
19
16
23
15
17
19
15
19
17
19
15
21
681
318
16
11
220
17
11
220
23
16
22
20
16
15
17
18
22
21
23
20
22
17
21
681
198
285
318
16
11
220
22
11
220
22
22
20
20
18
20
15
24
24
23
22
24
19
19
24
681
318
18
11
220
21
11
220
19
17
20
19
24
23
20
17
24
20
16
22
23
681
318
21
11
220
23
11
220
19
23
23
20
22
19
22
17
19
18
19
15
24
24
18
681
318
21
11
220
22
11
220
16
20
16
18
24
23
23
17
22
20
21
15
23
20
24
681
198
285
318
17
11
220
18
11
220
19
17
18
17
17
23
22
16
21
24
15
17
22
21
15
681
318
19
11
220
22
11
220
16
23
21
19
24
21
23
22
15
23
21
21
21
22
681
318
17
11
220
23
11
220
21
16
17
18
16
22
23
20
24
19
18
24
18
21
18
681
318
20
11
220
23
11
220
18
21
15
17
17
15
16
21
16
19
16
20
16
22
15
681
198
285
318
16
11
220
23
11
220
22
22
15
21
17
24
20
23
20
19
20
16
18
18
23
681
318
19
11
220
21
11
220
21
22
18
18
22
21
18
16
22
21
23
15
23
18
16
681
318
18
11
220
22
11
220
20
18
23
20
16
16
17
16
17
24
21
23
16
20
18
681
318
16
11
220
18
11
220
22
22
22
20
23
23
20
17
24
24
17
15
23
18
22
681
198
285
318
20
11
220
22
11
220
18
20
19
24
23
23
22
18
15
20
16
23
19
21
15
681
318
22
11
220
23
11
220
17
23
19
17
19
17
22
17
19
23
18
18
22
17
20
8
198
262
40199
606
220
20
19
16
21
22
19
17
23
20
23
271
2
5272
1716
13741
36146
1187
11327
7245
4546
8
310
1542
6813
13
198
71093
248046
198
248045
74455
198
1206
11290
411
3377
11
567
1144
310
1423
279
7776
2695
314
264
53915
4757
1332
279
2695
369
4364
430
279
2542
314
6607
13914
57844
1510
74
27653
15767
279
16484
27718
77
63
685
310
220
23
681
567
628
28662
1472
660
3102
53915
12052
321
12204
836
6829
57844
1510
74
7561
1179
460
279
7776
13
271
13962
51301
198
16
13
2972
30097
1942
11564
1187
56892
92217
8439
1510
77
63
369
2526
318
446
310
220
23
681
567
628
958
264
61934
77291
5313
310
6707
660
3102
53915
12052
13
357
53915
4757
364
264
4618
440
1510
77
63
16720
682
6681
1510
77
12
16
63
12454
13
1165
628
6707
660
26569
314
1510
77
12
16
63
12454
494
279
2574
1510
76
63
12454
321
1716
413
781
1304
264
2610
53915
4757
13
198
17
13
2972
3840
7571
477
314
11564
1187
8672
92217
1690
1754
10286
314
1510
77
12
16
63
12454
11
567
1716
413
781
4415
660
1510
77
63
16720
1973
28115
866
23709
13
1061
628
381
2725
1608
264
8872
7049
474
318
4684
31762
2488
8872
8
795
5759
466
539
12910
29270
321
10458
9084
13
198
18
13
2972
44712
10869
92217
1690
1754
2610
53915
4757
11
12204
279
2542
314
6607
13914
57844
1510
74
27653
198
19
13
2972
9592
29910
10869
92217
19182
279
7776
2695
22339
3808
660
2610
53915
12052
13
271
13962
12121
5927
198
71093
12305
198
1445
18904
1120
1697
11
23846
198
1445
39965
1120
26569
1358
727
1262
36146
1187
11327
7245
4546
1393
25
514
11
295
25
514
11
580
25
514
11
12454
25
1697
19723
5871
18078
11
514
11
514
28649
1411
514
25
198
262
4071
15767
264
35604
4145
8173
1962
72073
4618
440
307
16720
321
295
12454
11
198
262
1423
279
7776
2695
314
264
53915
4757
1332
279
2695
369
4364
430
279
2542
314
695
262
6607
13914
57844
580
13
198
1031
262
17167
25
198
285
307
25
5447
314
16720
318
17
2564
307
2564
220
23
8
198
285
295
25
5447
314
12454
318
77
12
16
2564
295
2564
307
6391
77
12
16
5443
17
8
198
285
580
25
5473
8498
869
318
16
2564
580
2564
220
16
15
61
16
20
8
198
285
12454
25
1697
314
43716
318
84
11
343
11
288
8
1332
560
321
343
513
16720
318
16
20834
290
8
321
288
369
279
4528
198
2215
471
220
16
2564
560
361
343
2564
307
198
2215
471
220
15
2564
288
361
580
6987
262
5019
25
198
285
561
7776
2695
314
264
53915
4757
57844
580
198
262
4071
198
1031
262
687
1423
12132
11
585
1590
198
285
413
2594
957
60
931
585
25
198
309
2594
957
60
283
1423
12132
11
2594
957
2387
198
285
460
2594
957
60
198
1031
262
687
10973
12132
11
6857
11
830
11
374
1590
198
285
3578
55
283
1423
12132
11
830
8
198
285
3578
56
283
1423
12132
11
374
8
198
285
413
3578
55
931
3578
56
25
198
309
413
6857
76711
55
60
361
6857
76711
56
5491
198
388
2594
76711
55
60
283
3578
56
198
309
4265
6857
76711
55
60
835
6857
76711
56
5491
198
388
2594
76711
56
60
283
3578
55
198
309
745
25
198
388
2594
76711
56
60
283
3578
55
198
388
6857
76711
55
60
1373
220
16
198
309
460
2912
198
285
460
3439
6987
262
1262
15422
283
2153
482
13180
837
198
1031
262
653
52516
888
660
26569
314
307
12
16
12454
198
262
364
22027
303
26569
72532
11
307
12
16
1590
198
285
2594
283
1103
21649
1393
478
220
16
578
198
285
6857
283
498
15
60
348
318
77
478
220
16
8
198
285
1698
283
220
15
198
285
2702
283
220
15
8675
285
364
560
11
343
11
288
303
22027
25
198
309
413
10973
12132
11
6857
11
560
11
343
1590
198
388
1698
1373
220
16
198
388
2702
1373
288
198
309
745
25
198
388
1387
8675
285
413
1698
606
307
471
220
16
25
198
309
2695
283
2702
984
580
198
309
413
2695
361
1262
15422
25
198
388
1262
15422
283
2695
6987
262
460
1262
15422
198
71093
271
13962
68868
198
16
13
2972
31575
7049
474
2791
27662
92217
561
1510
3772
63
321
1510
15715
63
5568
513
1429
310
9791
279
8173
6599
314
279
4618
13
1061
8346
303
28750
12910
364
23709
321
21873
421
7594
449
6607
1503
524
1791
264
10458
13
198
17
13
2972
34995
2471
22738
92217
1165
6707
660
3102
26569
314
1510
77
12
16
63
12454
494
279
2574
1103
314
12454
13
8618
10286
369
264
8871
364
264
53915
4757
13
198
18
13
2972
67182
4109
92217
1690
1754
10286
11
567
958
279
8872
7049
474
5759
310
1716
413
279
12454
1304
264
2610
53915
4757
318
72
1673
2487
781
4415
660
16720
1973
23709
553
198
19
13
2972
14508
71690
92217
1690
2610
53915
12052
11
567
12204
279
2542
314
6607
13914
57844
1510
74
63
321
2560
279
7776
2695
1669
748
2944
13
198
20
13
2972
2009
92217
561
709
4523
279
7776
2695
57844
1510
74
63
3808
660
2610
53915
12052
13
271
1919
5313
28750
13081
279
2526
20908
383
1510
77
63
539
73865
3493
16762
518
9191
321
8872
7049
474
310
9307
53915
12052
11
21873
55404
321
7314
2632
13
248046
198
248045
846
198
7525
3555
4621
4490
279
6813
13
5514
579
279
1412
25
198
6347
1371
318
3444
3110
1562
1483
1590
198
220
2793
34397
73
53
92594
7537
52
627
34
6971
487
1500
220
16
18
19
11
303
361
4211
29
198
262
1716
13741
36146
1187
11327
7245
4546
8
198
220
2793
34397
73
53
92594
7537
52
627
34
6971
487
1500
220
17
23
11
303
1716
198
262
1992
8871
7
20
11
220
21
11
220
18
17
23
11
17294
16
11
220
17
11
220
24
24
681
318
16
11
220
18
11
220
16
15
17
681
318
17
11
220
18
11
220
23
21
681
318
17
11
220
19
11
220
24
19
681
318
17
11
220
20
11
220
24
20
681
318
18
11
220
19
11
220
23
16
45047
606
220
18
19
198
1779
6108
59641
59641
59641
59641
59641
59641
59641
59641
59641
59641
59641
59641
59641
59641
59641
59641
59641
59641
59641
59641
59641
59641
59641
59641
59641
198
66317
1401
14200
1206
311
40138
11
411
369
678
3274
25
4310
279
2614
709
11618
321
4479
889
11
6999
4072
279
709
7246
321
1440
660
279
6813
13
2972
5683
4045
67305
3067
13209
50
159029
271
2523
1220
14623
279
1970
488
10490
303
264
64504
1970
2424
318
784
9609
31789
318
19458
668
31153
279
3889
5568
8
248046
198
248045
74455
198
71093
12305
198
1445
18904
1120
1697
11
23846
198
1445
39965
1120
26569
1358
727
1262
36146
1187
11327
7245
4546
1393
25
514
11
295
25
514
11
580
25
514
11
12454
25
1697
19723
5871
18078
11
514
11
514
28649
1411
514
25
198
262
4071
15767
264
35604
4145
8173
1962
72073
4618
440
307
16720
321
295
12454
11
198
262
1423
279
7776
2695
314
264
53915
4757
1332
279
2695
369
4364
430
279
2542
314
695
262
6607
13914
57844
580
13
198
1031
262
17167
25
198
285
307
25
5447
314
16720
318
17
2564
307
2564
220
23
8
198
285
295
25
5447
314
12454
318
77
12
16
2564
295
2564
307
6391
77
12
16
5443
17
8
198
285
580
25
5473
8498
869
318
16
2564
580
2564
220
16
15
61
16
20
8
198
285
12454
25
1697
314
43716
318
84
11
343
11
288
8
1332
560
321
343
513
16720
318
16
20834
290
8
321
288
369
279
4528
198
2215
471
220
16
2564
560
361
343
2564
307
198
2215
471
220
15
2564
288
361
580
6987
262
5019
25
198
285
561
7776
2695
314
264
53915
4757
57844
580
198
262
4071
198
1031
262
687
1423
12132
11
585
1590
198
285
413
2594
957
60
931
585
25
198
309
2594
957
60
283
1423
12132
11
2594
957
2387
198
285
460
2594
957
60
198
1031
262
687
10973
12132
11
6857
11
830
11
374
1590
198
285
3578
55
283
1423
12132
11
830
8
198
285
3578
56
283
1423
12132
11
374
8
198
285
413
3578
55
931
3578
56
25
198
309
413
6857
76711
55
60
361
6857
76711
56
5491
198
388
2594
76711
55
60
283
3578
56
198
309
4265
6857
76711
55
60
835
6857
76711
56
5491
198
388
2594
76711
56
60
283
3578
55
198
309
745
25
198
388
2594
76711
56
60
283
3578
55
198
388
6857
76711
55
60
1373
220
16
198
309
460
2912
198
285
460
3439
6987
262
1262
15422
283
2153
482
13180
837
198
1031
262
653
52516
888
660
26569
314
307
12
16
12454
198
262
364
22027
303
26569
72532
11
307
12
16
1590
198
285
2594
283
1103
21649
1393
478
220
16
578
198
285
6857
283
498
15
60
348
318
77
478
220
16
8
198
285
1698
283
220
15
198
285
2702
283
220
15
8675
285
364
560
11
343
11
288
303
22027
25
198
309
413
10973
12132
11
6857
11
560
11
343
1590
198
388
1698
1373
220
16
198
388
2702
1373
288
198
309
745
25
198
388
1387
8675
285
653
1368
567
599
6681
307
12
16
12454
28115
264
4757
318
2083
23709
321
660
8173
8
198
285
413
1698
606
307
471
220
16
25
198
309
2695
283
2702
984
580
198
309
413
2695
361
1262
15422
25
198
388
1262
15422
283
2695
6987
262
460
1262
15422
198
71093
248046
198
248045
846
198
7525
3555
4621
4490
279
6813
13
5514
579
279
1412
25
198
6347
1371
318
3444
3110
1562
1483
1590
198
220
2793
34397
86
42
85
24
3191
41
1178
33
6971
487
1500
220
16
18
20
11
303
361
4211
29
198
262
1716
13741
36146
1187
11327
7245
4546
8
198
220
2793
34397
86
42
85
24
3191
41
1178
33
6971
487
1500
220
17
23
11
303
1716
198
262
1992
8871
7
20
11
220
21
11
220
18
17
23
11
17294
16
11
220
17
11
220
24
24
681
318
16
11
220
18
11
220
16
15
17
681
318
17
11
220
18
11
220
23
21
681
318
17
11
220
19
11
220
24
19
681
318
17
11
220
20
11
220
24
20
681
318
18
11
220
19
11
220
23
16
45047
606
220
18
19
198
1779
6108
59641
59641
59641
59641
59641
59641
59641
59641
59641
59641
59641
59641
59641
59641
59641
59641
59641
59641
59641
59641
59641
59641
59641
59641
59641
198
66317
1401
14200
1206
311
40138
11
411
369
678
3274
25
4310
279
2614
709
11618
321
4479
889
11
6999
4072
279
709
7246
321
1440
660
279
6813
13
2972
5683
4045
67305
3067
13209
50
159029
271
2523
1220
14623
279
1970
488
10490
303
264
64504
1970
2424
318
784
9609
31789
318
19458
668
31153
279
3889
5568
8
248046
198
248045
74455
198
248068
271
248069
271
71093
12305
198
1445
18904
1120
1697
11
23846
198
1445
39965
1120
26569
1358
727
1262
36146
1187
11327
7245
4546
1393
25
514
11
295
25
514
11
580
25
514
11
12454
25
1697
19723
5871
18078
11
514
11
514
28649
1411
514
25
198
262
4071
15767
264
35604
4145
8173
1962
72073
4618
440
307
16720
321
295
12454
11
198
262
1423
279
7776
2695
314
264
53915
4757
1332
279
2695
369
4364
430
279
2542
314
695
262
6607
13914
57844
580
13
198
1031
262
17167
25
198
285
307
25
5447
314
16720
318
17
2564
307
2564
220
23
8
198
285
295
25
5447
314
12454
318
77
12
16
2564
295
2564
307
6391
77
12
16
5443
17
8
198
285
580
25
5473
8498
869
318
16
2564
580
2564
220
16
15
61
16
20
8
198
285
12454
25
1697
314
43716
318
84
11
343
11
288
8
1332
560
321
343
513
16720
318
16
20834
290
8
321
288
369
279
4528
198
2215
471
220
16
2564
560
361
343
2564
307
198
2215
471
220
15
2564
288
361
580
6987
262
5019
25
198
285
561
7776
2695
314
264
53915
4757
57844
580
198
262
4071
198
262
653
8439
307
369
2526
318
446
310
220
23
681
567
628
28662
888
660
71970
314
12454
314
1331
307
12
16
198
262
653
321
1716
413
781
1304
264
53915
4757
13
198
1031
262
1262
15422
283
2153
482
13180
837
198
1031
262
653
12536
709
310
1716
413
264
716
314
12454
7346
264
53915
4757
198
262
687
369
36146
1187
11327
24390
27120
1590
198
285
2594
283
1103
21649
1393
478
220
16
578
198
285
6857
283
498
15
60
348
318
77
478
220
16
8
198
1726
285
687
1423
2007
1590
198
309
413
2594
8065
60
931
830
25
198
388
2594
8065
60
283
1423
12132
8065
2387
198
309
460
2594
8065
60
198
1726
285
687
10973
2007
11
374
1590
198
309
3578
55
283
1423
2007
8
198
309
3578
56
283
1423
6803
8
198
309
413
3578
55
606
3578
56
25
198
388
460
3439
198
309
413
6857
76711
55
60
361
6857
76711
56
5491
198
388
2594
76711
55
60
283
3578
56
198
309
4265
6857
76711
55
60
835
6857
76711
56
5491
198
388
2594
76711
56
60
283
3578
55
198
309
745
25
198
388
2594
76711
56
60
283
3578
55
198
388
6857
76711
55
60
1373
220
16
198
309
460
2912
8675
285
6607
3079
283
220
15
198
285
364
560
11
343
11
288
303
3955
27120
25
198
309
413
10973
7897
11
343
1590
198
388
6607
3079
1373
220
16
198
309
745
25
198
388
653
39928
16022
198
388
460
3439
8675
285
653
357
53915
4757
1902
599
6681
307
12
16
12454
321
4415
660
307
16720
198
285
460
6607
3079
606
307
471
220
16
271
262
653
52516
888
660
26569
314
307
12
16
12454
198
262
364
22027
303
26569
72532
11
307
471
220
16
1590
198
285
413
369
36146
1187
11327
13690
726
1590
198
309
2702
15408
283
2542
3501
364
8099
8099
288
303
22027
8
198
309
2695
283
2702
15408
984
580
198
309
413
2695
361
1262
15422
25
198
388
1262
15422
283
2695
6987
262
460
1262
15422
413
1262
15422
931
2153
482
13180
837
745
471
16
198
71093
248046
198