128006
9125
128007
271
38766
1303
33025
2696
25
6790
220
2366
18
198
15724
2696
25
220
2304
17907
220
2366
21
271
128009
128006
882
128007
271
4518
279
2768
734
12223
323
4733
928
11
7373
4305
279
734
7633
323
1522
682
279
7177
13
3146
5989
4276
70765
3247
13916
50
13
57277
2675
1288
15411
279
2082
499
11041
304
264
67859
2082
2565
320
817
10103
33981
320
20670
690
33316
279
4113
5865
696
14196
4077
1527
20061
1179
1796
11
25645
271
755
30437
2703
21798
1471
25
528
11
13116
25
1796
20961
6189
19155
11
528
11
528
21128
264
25
1796
19155
1145
293
25
1796
19155
2526
1492
528
512
262
4304
16644
264
4382
8599
2073
75712
4876
449
308
17672
323
13116
320
2940
1855
6964
374
720
262
15609
439
320
84
11
348
11
289
8
7438
17672
577
323
348
527
8599
449
4785
289
705
323
1403
720
262
24630
264
323
293
315
279
1890
3160
11
1505
279
8187
3284
2694
315
1853
14661
627
1084
262
1789
904
1853
304
279
4876
11
1202
4785
374
4613
439
279
7340
4785
315
904
6964
304
430
1853
627
262
282
2120
11
379
8
374
4613
439
279
8187
3284
1853
4785
505
12202
865
311
12202
379
627
1084
262
578
3465
374
311
14175
1088
8668
293
1778
430
279
2694
315
282
2948
1004
1145
293
1004
2526
369
682
602
374
82178
627
1084
262
18161
512
286
308
25
5742
315
17672
320
13328
527
49926
220
16
311
308
340
286
13116
25
1796
315
13116
11
1855
6964
374
320
84
11
348
11
289
8
1405
577
366
348
198
286
264
25
5629
8668
315
12202
5219
198
286
293
25
10657
8668
315
12202
5219
320
998
387
14175
2844
340
1084
262
5295
512
286
578
8187
3284
2694
315
282
2948
1004
1145
293
1004
2526
1306
7706
750
824
7129
287
293
7361
262
12382
30437
2703
21798
7
19
11
18305
16
11
220
18
11
220
17
705
320
18
11
220
19
11
220
16
705
320
17
11
220
19
11
220
20
705
320
16
11
220
19
11
220
19
26090
510
16
11
220
16
11
220
18
1145
510
19
11
220
19
11
220
17
2608
262
220
23
198
262
12382
30437
2703
21798
7
18
11
18305
16
11
220
17
11
220
20
705
320
17
11
220
18
11
220
17
705
320
16
11
220
18
11
220
16
26090
510
16
11
220
16
1145
510
17
11
220
18
2608
262
220
18
198
262
12713
755
1817
73121
997
262
674
3475
1162
220
16
198
262
2105
9322
7
19
11
18305
16
11
220
18
11
220
17
705
320
18
11
220
19
11
220
16
705
320
17
11
220
19
11
220
20
705
320
16
11
220
19
11
220
19
26090
510
16
11
220
16
11
220
18
1145
510
19
11
220
19
11
220
17
2526
624
220
23
7361
262
674
3475
1162
220
17
198
262
2105
9322
7
18
11
18305
16
11
220
17
11
220
20
705
320
17
11
220
18
11
220
17
705
320
16
11
220
18
11
220
16
26090
510
16
11
220
16
1145
510
17
11
220
18
2526
624
220
18
7361
262
674
3475
1162
220
18
198
262
2105
9322
7
20
11
18305
16
11
220
17
11
220
24619
8258
20062
705
320
17
11
220
18
11
220
17574
10961
22638
705
320
16
11
220
19
11
220
17306
22534
20973
705
320
19
11
220
20
11
220
24394
22876
20063
26090
510
18
11
220
16
1145
510
20
11
220
17
2526
624
220
5120
25016
24491
22
7361
262
674
3475
1162
220
19
198
262
2105
9322
7
717
11
18305
16
11
220
17
11
220
1041
931
931
15
705
320
16
11
220
18
11
220
1041
931
931
15
705
320
18
11
220
19
11
220
1041
931
931
15
705
320
16
11
220
20
11
220
1041
931
931
15
705
320
18
11
220
21
11
220
1041
931
931
15
705
320
18
11
220
22
11
220
1041
931
931
15
705
320
22
11
220
23
11
220
1041
931
931
15
705
320
20
11
220
24
11
220
1041
931
931
15
705
320
18
11
220
605
11
220
1041
931
931
15
705
320
605
11
220
806
11
220
1041
931
931
15
705
320
806
11
220
717
11
220
1041
931
931
15
705
320
19
11
220
22
11
220
1041
931
931
15
705
320
23
11
220
717
11
220
1041
931
931
15
705
320
16
11
220
24
11
220
1041
931
931
15
705
320
20
11
220
806
11
220
1041
931
931
15
705
320
22
11
220
605
11
220
1041
931
931
15
705
320
17
11
220
20
11
220
1041
931
931
15
705
320
21
11
220
24
11
220
1041
931
931
15
705
320
22
11
220
24
11
220
1041
931
931
15
705
320
17
11
220
23
11
220
1041
931
931
15
26090
510
806
11
220
18
11
220
22
11
220
605
11
220
21
11
220
24
1145
510
17
11
220
16
11
220
23
11
220
20
11
220
19
11
220
717
2526
624
220
5067
931
931
15
7361
262
674
3475
1162
220
20
198
262
2105
9322
7
19
11
18305
16
11
220
17
11
220
23578
26164
23309
705
320
17
11
220
18
11
220
21893
25504
11139
705
320
18
11
220
19
11
220
20596
26083
26051
705
320
16
11
220
19
11
220
20963
19988
23713
705
320
16
11
220
18
11
220
12375
19445
16546
26090
510
19
11
220
18
1145
510
16
11
220
17
2526
624
220
24989
22091
23835
7361
262
674
3475
1162
220
21
198
262
2105
9322
7
20
11
18305
16
11
220
17
11
220
8878
14206
26234
705
320
17
11
220
18
11
220
20153
26956
20275
705
320
18
11
220
19
11
220
16443
9716
12652
705
320
19
11
220
20
11
220
20275
9756
2491
26090
510
17
11
220
16
1145
510
19
11
220
18
2526
624
220
22455
11908
24344
7361
262
2105
9322
7
22
11
18305
16
11
220
17
11
220
20213
21123
24951
705
320
16
11
220
18
11
220
19929
24606
14261
705
320
17
11
220
19
11
220
13384
24491
19642
705
320
18
11
220
20
11
220
18061
23282
9716
705
320
19
11
220
21
11
220
19899
12448
18501
705
320
19
11
220
22
11
220
21975
5500
25717
26090
510
22
11
220
20
11
220
18
1145
510
21
11
220
16
11
220
17
2526
624
220
20077
26088
25110
21
7361
262
674
3475
1162
220
22
198
262
2105
9322
7
18
11
18305
16
11
220
17
11
220
19673
13074
24347
705
320
17
11
220
18
11
220
25285
21757
23890
705
320
16
11
220
18
11
220
25021
22240
17335
26090
510
18
1145
510
17
2526
624
220
25021
22240
17335
7361
262
674
3475
1162
220
23
198
262
2105
9322
7
605
11
18305
16
11
220
17
11
220
24456
7755
16884
705
320
17
11
220
18
11
220
22694
21936
12245
705
320
18
11
220
19
11
220
20068
26013
25350
705
320
19
11
220
20
11
220
19697
15951
17819
705
320
20
11
220
21
11
220
24599
15999
12060
705
320
21
11
220
22
11
220
12815
11030
23987
705
320
22
11
220
23
11
220
10841
17711
26409
705
320
23
11
220
24
11
220
17313
4728
22895
705
320
24
11
220
605
11
220
24961
24061
17837
26090
510
605
11
220
19
11
220
24
11
220
22
11
220
16
1145
510
17
11
220
23
11
220
18
11
220
21
11
220
20
2526
624
220
16590
18048
8899
15
7361
262
674
3475
1162
220
24
482
3254
12202
13840
198
262
2105
9322
7
18
11
18305
16
11
220
17
11
220
19288
21209
17248
705
320
17
11
220
18
11
220
24989
14022
24792
705
320
16
11
220
19
11
220
17014
19631
17252
705
320
17
11
220
20
11
220
24331
19633
5547
705
320
19
11
220
21
11
220
25168
18695
13895
705
320
20
11
220
22
11
220
20417
24472
22049
705
320
17
11
220
23
11
220
20936
22207
410
705
320
19
11
220
24
11
220
20502
22904
25073
705
320
16
11
220
605
11
220
19673
20911
1399
705
320
605
11
220
806
11
220
25465
24887
14870
705
320
22
11
220
717
11
220
10239
4146
3192
705
320
24
11
220
1032
11
220
22539
24824
23411
705
320
717
11
220
975
11
220
16874
8027
17662
705
320
22
11
220
868
11
220
20165
20943
24599
705
320
975
11
220
868
11
220
22345
23736
16415
705
320
16
11
220
717
11
220
24809
22600
25251
705
320
23
11
220
868
11
220
23670
20698
17678
705
320
18
11
220
24
11
220
23386
21299
20998
705
320
18
11
220
806
11
220
9716
18262
25926
705
320
18
11
220
605
11
220
24110
24222
22385
705
320
17
11
220
605
11
220
18048
12338
15966
705
320
19
11
220
20
11
220
16739
22455
7007
26090
510
18
1145
510
19
2526
624
220
25465
24887
14870
7361
262
674
3475
1162
220
605
198
262
2105
9322
7
21
11
18305
16
11
220
17
11
220
18199
25009
23110
705
320
16
11
220
18
11
220
18162
11584
15189
705
320
16
11
220
19
11
220
22148
17662
21893
705
320
16
11
220
20
11
220
4278
12676
11227
705
320
16
11
220
21
11
220
13104
12994
20275
26090
510
18
11
220
19
11
220
21
1145
510
17
11
220
20
11
220
16
2526
624
220
1049
18781
4645
23
7361
262
674
3475
1162
220
806
198
262
2105
9322
7
17
11
18305
16
11
220
17
11
220
19081
25806
19929
26090
510
17
1145
510
16
2526
624
220
19081
25806
19929
7361
262
674
3475
1162
220
717
198
262
2105
9322
7
22
11
18305
16
11
220
17
11
220
20213
21123
24951
705
320
16
11
220
18
11
220
19929
24606
14261
705
320
17
11
220
19
11
220
13384
24491
19642
705
320
18
11
220
20
11
220
18061
23282
9716
705
320
19
11
220
21
11
220
19899
12448
18501
705
320
19
11
220
22
11
220
21975
5500
25717
26090
510
22
11
220
20
11
220
18
1145
510
21
11
220
16
11
220
17
2526
624
220
10562
20253
19956
18
271
2
5560
1817
14478
12117
2703
21798
8
311
1629
7177
627
74694
128009
128006
78191
128007
271
74694
12958
198
1527
20061
1179
1796
11
25645
198
475
42431
271
755
30437
2703
21798
1471
25
528
11
13116
25
1796
20961
6189
19155
11
528
11
528
21128
264
25
1796
19155
1145
293
25
1796
19155
2526
1492
528
512
262
674
4324
264
11240
311
3637
279
13116
198
262
4876
284
314
72
25
4792
369
602
304
2134
7
16
11
308
489
220
16
10792
262
369
577
11
348
11
289
304
13116
512
286
4876
22042
1483
85
60
284
289
198
286
4876
16936
1483
84
60
284
289
220
674
8876
279
4876
374
2073
75712
271
262
674
5830
311
1505
279
8187
3284
1853
4785
505
12202
865
311
12202
379
198
262
711
282
2120
11
379
997
286
674
5560
264
10844
7325
311
2804
264
11041
423
88277
596
12384
198
286
1179
89622
198
286
7325
284
18305
15
11
865
5680
286
12263
284
743
746
286
1418
7325
512
310
4785
11
12202
284
89622
49135
680
454
35110
340
310
422
12202
624
379
512
394
471
4785
198
310
422
12202
304
12263
512
394
3136
198
310
12263
1388
45852
340
310
369
9760
11
6964
16255
304
4876
94584
948
3699
4019
394
422
9760
539
304
12263
512
504
89622
49135
680
1136
35110
11
320
2880
57232
11
6964
16255
705
9760
1192
286
471
2273
493
13885
873
220
674
1442
1070
374
912
1853
505
865
311
379
271
262
674
7531
279
8187
3284
2694
315
282
2948
1004
1145
293
1004
2526
369
682
602
198
262
1332
10370
284
2273
493
13885
1329
262
369
59541
304
42431
63781
83241
1921
997
286
2860
16255
284
2694
968
2948
1004
1145
59541
1004
2526
369
602
304
2134
7046
2948
6054
286
1332
10370
284
1332
14478
10370
11
2860
16255
696
262
471
1332
10370
198
74694
128009
128006
882
128007
271
7927
3766
4879
4745
279
7177
13
5810
596
279
1493
512
6687
1445
320
3646
3293
1650
1566
997
220
2958
36674
89
34
1687
41
17
2026
18
33
7345
498
1584
220
4278
11
304
366
4450
397
262
1817
14478
12117
2703
21798
340
220
2958
36674
89
34
1687
41
17
2026
18
33
7345
498
1584
220
2618
11
304
1817
198
262
2105
9322
7
22
11
18305
16
11
220
17
11
220
20213
21123
24951
705
320
16
11
220
18
11
220
19929
24606
14261
705
320
17
11
220
19
11
220
13384
24491
19642
705
320
18
11
220
20
11
220
18061
23282
9716
705
320
19
11
220
21
11
220
19899
12448
18501
705
320
19
11
220
22
11
220
21975
5500
25717
26090
510
22
11
220
20
11
220
18
1145
510
21
11
220
16
11
220
17
2526
624
220
20077
26088
25110
21
198
1881
6440
62824
62824
62824
62824
62824
62824
62824
62824
62824
62824
62824
62824
62824
62824
62824
62824
62824
62824
62824
62824
62824
62824
62824
62824
62824
62824
62824
62824
62824
62824
62824
62824
62824
62824
62824
62824
62824
62824
62824
62824
22634
61
198
69739
1480
14963
1271
312
42612
11
420
374
701
3465
25
4557
279
2768
734
12223
323
4733
928
11
7373
4305
279
734
7633
323
1522
682
279
7177
13
3146
5989
4276
70765
3247
13916
50
13
57277
2675
1288
15411
279
2082
499
11041
304
264
67859
2082
2565
320
817
10103
33981
320
20670
690
33316
279
4113
5865
8
128009
128006
78191
128007
271
74694
12958
198
1527
20061
1179
1796
11
25645
198
475
42431
198
475
89622
271
755
30437
2703
21798
1471
25
528
11
13116
25
1796
20961
6189
19155
11
528
11
528
21128
264
25
1796
19155
1145
293
25
1796
19155
2526
1492
528
512
262
674
4324
264
11240
311
3637
279
13116
198
262
4876
284
314
72
25
4792
369
602
304
2134
7
16
11
308
489
220
16
10792
262
369
577
11
348
11
289
304
13116
512
286
4876
22042
1483
85
60
284
289
198
286
4876
16936
1483
84
60
284
289
220
674
8876
279
4876
374
2073
75712
271
262
674
5830
311
1505
279
8187
3284
1853
4785
505
12202
865
311
12202
379
198
262
711
282
2120
11
379
997
286
674
5560
264
10844
7325
311
2804
264
11041
423
88277
596
12384
198
286
27650
284
314
72
25
2273
493
13885
873
369
602
304
2134
7
16
11
308
489
220
16
10792
286
27650
8487
60
284
220
15
198
286
7325
284
18305
15
11
865
5680
286
1418
7325
512
310
1510
20029
11
1510
27709
284
89622
49135
680
454
35110
340
310
422
1510
20029
871
27650
26851
27709
10556
394
3136
198
310
369
9760
11
4785
304
4876
26851
27709
948
3699
4019
394
6138
284
1973
8937
20029
11
4785
340
394
422
6138
366
27650
58
37569
10556
504
27650
58
37569
60
284
6138
198
504
89622
49135
680
1136
35110
11
320
19909
11
9760
1192
286
471
27650
16435
2595
262
674
7531
279
8187
3284
2694
315
282
2948
1004
1145
293
1004
2526
369
682
602
198
262
1332
10370
284
2273
493
13885
1329
262
369
59541
304
42431
63781
83241
1921
997
286
2860
16255
284
2694
968
2948
1004
1145
59541
1004
2526
369
602
304
2134
7046
2948
6054
286
1332
10370
284
1332
14478
10370
11
2860
16255
696
262
471
1332
10370
198
74694
128009
128006
882
128007
271
7927
3766
4879
4745
279
7177
13
5810
596
279
1493
512
6687
1445
320
3646
3293
1650
1566
997
220
2958
36674
3438
21
32
22
50
19
67
37974
7345
498
1584
220
4278
11
304
366
4450
397
262
1817
14478
12117
2703
21798
340
220
2958
36674
3438
21
32
22
50
19
67
37974
7345
498
1584
220
2618
11
304
1817
198
262
2105
9322
7
22
11
18305
16
11
220
17
11
220
20213
21123
24951
705
320
16
11
220
18
11
220
19929
24606
14261
705
320
17
11
220
19
11
220
13384
24491
19642
705
320
18
11
220
20
11
220
18061
23282
9716
705
320
19
11
220
21
11
220
19899
12448
18501
705
320
19
11
220
22
11
220
21975
5500
25717
26090
510
22
11
220
20
11
220
18
1145
510
21
11
220
16
11
220
17
2526
624
220
20077
26088
25110
21
198
1881
6440
62824
62824
62824
62824
62824
62824
62824
62824
62824
62824
62824
62824
62824
62824
62824
62824
62824
62824
62824
62824
62824
62824
62824
62824
62824
62824
62824
62824
62824
62824
62824
62824
62824
62824
62824
62824
62824
62824
62824
62824
22634
61
198
69739
1480
14963
1271
312
42612
11
420
374
701
3465
25
4557
279
2768
734
12223
323
4733
928
11
7373
4305
279
734
7633
323
1522
682
279
7177
13
3146
5989
4276
70765
3247
13916
50
13
57277
2675
1288
15411
279
2082
499
11041
304
264
67859
2082
2565
320
817
10103
33981
320
20670
690
33316
279
4113
5865
8
128009
128006
78191
128007
271
74694
12958
198
1527
20061
1179
1796
11
25645
198
475
42431
198
475
89622
271
755
30437
2703
21798
1471
25
528
11
13116
25
1796
20961
6189
19155
11
528
11
528
21128
264
25
1796
19155
1145
293
25
1796
19155
2526
1492
528
512
262
674
4324
264
11240
311
3637
279
13116
198
262
4876
284
314
72
25
4792
369
602
304
2134
7
16
11
308
489
220
16
10792
262
369
577
11
348
11
289
304
13116
512
286
4876
22042
1483
85
60
284
289
198
286
4876
16936
1483
84
60
284
289
220
674
8876
279
4876
374
2073
75712
271
262
674
5830
311
1505
279
8187
3284
1853
4785
505
12202
865
311
12202
379
198
262
711
282
2120
11
379
997
286
674
5560
264
10844
7325
311
2804
264
11041
423
88277
596
12384
198
286
27650
284
314
72
25
2273
493
13885
873
369
602
304
2134
7
16
11
308
489
220
16
10792
286
27650
8487
60
284
220
15
198
286
7325
284
18305
15
11
865
5680
286
1418
7325
512
310
1510
20029
11
1510
27709
284
89622
49135
680
454
35110
340
310
422
1510
20029
871
27650
26851
27709
10556
394
3136
198
310
369
9760
11
4785
304
4876
26851
27709
948
3699
4019
394
6138
284
1973
8937
20029
11
4785
340
394
422
6138
366
27650
58
37569
10556
504
27650
58
37569
60
284
6138
198
504
89622
49135
680
1136
35110
11
320
19909
11
9760
1192
286
471
27650
16435
2595
262
674
7531
279
8187
3284
2694
315
282
2948
1004
1145
293
1004
2526
369
682
602
198
262
1332
10370
284
2273
493
13885
1329
262
369
59541
304
42431
63781
83241
1921
997
286
2860
16255
284
2694
968
2948
1004
1145
59541
1004
2526
369
602
304
2134
7046
2948
6054
286
1332
10370
284
1332
14478
10370
11
2860
16255
696
262
471
1332
10370
198
74694
128009