128006
9125
128007
271
38766
1303
33025
2696
25
6790
220
2366
18
198
15724
2696
25
220
2304
17907
220
2366
21
271
128009
128006
882
128007
271
4518
279
2768
734
12223
323
4733
928
11
7373
4305
279
734
7633
323
1522
682
279
7177
13
3146
5989
4276
70765
3247
13916
50
13
57277
2675
1288
15411
279
2082
499
11041
304
264
67859
2082
2565
320
817
10103
33981
320
20670
690
33316
279
4113
5865
696
14196
4077
755
1973
62465
1055
55278
7313
20375
5341
15880
1161
25
610
11
326
25
528
11
436
25
528
8
1492
528
512
262
4304
7531
279
7340
3160
315
264
1207
15880
2949
274
17296
12
16
68459
60
430
7739
459
220
806
14
1313
925
627
1084
262
1556
220
806
14
1313
925
374
4613
439
512
262
482
1102
706
10535
3160
198
262
482
578
1176
320
2963
10
16
28250
17
482
220
16
5885
527
682
364
16
1270
262
482
578
6278
3752
520
2361
320
2963
10
16
28250
17
374
69233
262
482
578
9861
5885
527
682
364
17
1270
1084
262
1789
3187
25
57527
364
16
14
17
518
364
806
14
1313
518
364
5037
14
9716
6
527
220
806
14
1313
9246
627
1084
262
18161
512
286
274
25
362
925
31706
315
5885
364
16
518
364
17
518
323
69233
286
326
25
28757
2361
320
16
22214
291
340
286
436
25
74521
2361
320
16
22214
291
11
29408
340
1084
262
5295
512
286
578
7340
3160
315
264
1207
15880
430
7739
459
220
806
14
1313
925
11
477
220
15
422
7000
6866
627
1084
262
12382
1973
62465
1055
55278
7313
20375
5341
15880
493
5037
14
11227
518
220
16
11
220
22
340
262
220
20
198
262
12382
1973
62465
1055
55278
7313
20375
5341
15880
493
5037
14
11227
14
7261
17
518
220
24
11
220
717
340
262
220
15
198
262
12382
1973
62465
1055
55278
7313
20375
5341
15880
493
5037
14
11227
14
7261
17
518
220
18
11
220
21
340
262
220
18
198
262
12713
755
1817
73121
997
262
674
3475
5157
505
279
3575
198
262
274
284
364
5037
14
11227
14
7261
17
1270
262
2105
9322
1161
11
220
16
11
220
22
8
624
220
20
198
262
2105
9322
1161
11
220
24
11
220
717
8
624
220
15
198
262
2105
9322
1161
11
220
18
11
220
21
8
624
220
18
198
262
2105
9322
1161
11
220
19
11
220
605
8
624
220
16
198
262
2105
9322
1161
11
220
16
11
220
717
8
624
220
22
7361
262
674
24086
1296
5157
198
262
274
284
364
806
14
1691
98756
11483
17
14
16
14
16
14
8259
17
14
9716
17
14
11483
16
14
7994
1691
14
17
322
17
322
806
14
12425
14
806
322
16
14
16
730
9716
12425
17
14
1313
322
1270
262
2105
9322
1161
11
220
6028
11
220
5958
8
624
220
16
198
262
2105
9322
1161
11
220
2096
11
220
3487
8
624
220
20
198
262
2105
9322
1161
11
220
3487
11
220
1399
8
624
220
16
198
262
2105
9322
1161
11
220
16
11
220
2287
8
624
220
1114
198
262
2105
9322
1161
11
220
508
11
220
2031
8
624
220
868
198
262
2105
9322
1161
11
220
5958
11
220
4767
8
624
220
16
198
262
2105
9322
1161
11
220
2618
11
220
5547
8
624
220
20
198
262
2105
9322
1161
11
220
20
11
220
4767
8
624
220
914
198
262
2105
9322
1161
11
220
2096
11
220
3487
8
624
220
17
198
262
2105
9322
1161
11
220
4331
11
220
5958
8
624
220
24
198
262
2105
9322
1161
11
220
966
11
220
2148
8
624
220
15
198
262
2105
9322
1161
11
220
2618
11
220
5495
8
624
220
20
198
262
2105
9322
1161
11
220
1691
11
220
1227
8
624
220
24
7361
262
674
10564
5157
198
262
2105
9322
21049
220
16
11
220
16
8
624
220
16
198
262
2105
9322
493
8259
17
518
220
16
11
220
19
8
624
220
15
198
262
2105
9322
493
5037
5037
5037
5037
5037
518
220
16
11
220
868
8
624
220
15
198
262
2105
9322
493
806
14
1313
518
220
19
11
220
19
8
624
220
15
7361
262
674
4497
1296
5157
198
262
274
284
3434
17
322
17
14
17
14
9716
322
16
322
7261
322
12425
34121
262
2105
9322
1161
11
220
20
11
220
1032
8
624
220
16
198
262
2105
9322
1161
11
220
508
11
220
1691
8
624
220
16
198
262
2105
9322
1161
11
220
1032
11
220
1313
8
624
220
18
198
262
2105
9322
1161
11
220
605
11
220
914
8
624
220
20
198
262
2105
9322
1161
11
220
18
11
220
20
8
624
220
16
198
262
2105
9322
1161
11
220
1114
11
220
1114
8
624
220
15
271
2
5560
1817
8913
62465
1055
55278
7313
20375
5341
15880
8
311
1629
7177
627
74694
128009
128006
78191
128007
271
74694
12958
198
755
1973
62465
1055
55278
7313
20375
5341
15880
1161
25
610
11
326
25
528
11
436
25
528
8
1492
528
512
262
3270
262
7531
279
7340
3160
315
264
1207
15880
2949
274
17296
12
16
68459
60
430
7739
459
220
806
14
1313
925
382
262
18161
512
286
274
25
362
925
31706
315
5885
364
16
518
364
17
518
323
69233
286
326
25
28757
2361
320
16
22214
291
340
286
436
25
74521
2361
320
16
22214
291
11
29408
696
262
5295
512
286
578
7340
3160
315
264
1207
15880
430
7739
459
220
806
14
1313
925
11
477
220
15
422
7000
6866
627
262
3270
262
1973
5228
284
220
15
198
262
369
3160
304
2134
7
16
11
436
482
326
489
220
17
11
220
17
1680
220
674
8442
2980
10535
29416
198
286
369
1212
304
2134
2387
482
220
16
11
436
482
3160
489
220
16
997
310
1207
15880
284
274
29563
88190
489
3160
933
310
674
4343
422
279
1207
15880
374
459
220
806
14
1313
925
198
310
422
1207
15880
3530
320
4222
489
220
16
8
443
220
17
482
220
16
60
624
364
16
6
353
1819
4222
489
220
16
8
443
220
17
482
220
16
8
323
3120
504
1207
15880
9896
4222
489
220
16
8
443
220
17
482
220
16
60
624
15198
323
3120
504
1207
15880
9896
4222
489
220
16
8
443
220
17
29383
624
364
17
6
353
1819
4222
489
220
16
8
443
220
17
997
394
1973
5228
284
1973
8913
5228
11
3160
340
262
471
1973
5228
198
74694
128009
128006
882
128007
271
7927
3766
4879
4745
279
7177
13
5810
596
279
1493
512
6687
1445
320
3646
3293
1650
1566
997
220
2958
36674
12173
54
78930
32684
3701
76
7345
498
1584
220
1954
11
304
366
4450
397
262
1817
8913
62465
1055
55278
7313
20375
5341
15880
340
220
2958
36674
12173
54
78930
32684
3701
76
7345
498
1584
220
2148
11
304
1817
198
262
2105
9322
1161
11
220
16
11
220
22
8
624
220
20
198
1881
6440
62824
62824
62824
62824
62824
22634
198
69739
1480
14963
1271
312
42612
11
420
374
701
3465
25
4557
279
2768
734
12223
323
4733
928
11
7373
4305
279
734
7633
323
1522
682
279
7177
13
3146
5989
4276
70765
3247
13916
50
13
57277
2675
1288
15411
279
2082
499
11041
304
264
67859
2082
2565
320
817
10103
33981
320
20670
690
33316
279
4113
5865
8
128009
128006
78191
128007
271
74694
12958
198
755
1973
62465
1055
55278
7313
20375
5341
15880
1161
25
610
11
326
25
528
11
436
25
528
8
1492
528
512
262
3270
262
7531
279
7340
3160
315
264
1207
15880
2949
274
17296
12
16
68459
60
430
7739
459
220
806
14
1313
925
382
262
18161
512
286
274
25
362
925
31706
315
5885
364
16
518
364
17
518
323
69233
286
326
25
28757
2361
320
16
22214
291
340
286
436
25
74521
2361
320
16
22214
291
11
29408
696
262
5295
512
286
578
7340
3160
315
264
1207
15880
430
7739
459
220
806
14
1313
925
11
477
220
15
422
7000
6866
627
262
3270
262
274
284
274
17296
12
16
68459
933
262
1973
5228
284
220
15
7361
262
369
5209
304
2134
7046
1161
10162
286
422
274
40789
60
976
3434
3730
310
3136
9122
286
2163
62
3233
284
220
15
198
286
369
602
304
2134
57990
12
16
11
482
16
11
482
16
997
310
422
274
1004
60
624
364
16
3730
394
2163
62
3233
1447
220
16
198
310
775
512
394
1464
9122
286
1314
55278
437
284
220
15
198
286
369
602
304
2134
57990
10
16
11
2479
1161
10162
310
422
274
1004
60
624
364
17
3730
394
1314
55278
437
1447
220
16
198
310
775
512
394
1464
9122
286
1973
5228
284
1973
8913
5228
11
2163
62
3233
489
1314
55278
437
489
220
16
340
1084
262
471
1973
5228
198
74694
128009
128006
882
128007
271
7927
3766
4879
4745
279
7177
13
5810
596
279
1493
512
6687
1445
320
3646
3293
1650
1566
997
220
2958
36674
17
57
14714
6281
57
53
35401
7345
498
1584
220
6849
11
304
366
4450
397
262
1817
8913
62465
1055
55278
7313
20375
5341
15880
340
220
2958
36674
17
57
14714
6281
57
53
35401
7345
498
1584
220
1958
11
304
1817
198
262
2105
9322
1161
11
220
19
11
220
605
8
624
220
16
198
1881
6440
62824
62824
62824
62824
62824
22634
61
198
69739
1480
14963
1271
312
42612
11
420
374
701
3465
25
4557
279
2768
734
12223
323
4733
928
11
7373
4305
279
734
7633
323
1522
682
279
7177
13
3146
5989
4276
70765
3247
13916
50
13
57277
2675
1288
15411
279
2082
499
11041
304
264
67859
2082
2565
320
817
10103
33981
320
20670
690
33316
279
4113
5865
8
128009
128006
78191
128007
271
74694
12958
198
755
1973
62465
1055
55278
7313
20375
5341
15880
1161
25
610
11
326
25
528
11
436
25
528
8
1492
528
512
262
3270
262
7531
279
7340
3160
315
264
1207
15880
2949
274
17296
12
16
68459
60
430
7739
459
220
806
14
1313
925
382
262
18161
512
286
274
25
362
925
31706
315
5885
364
16
518
364
17
518
323
69233
286
326
25
28757
2361
320
16
22214
291
340
286
436
25
74521
2361
320
16
22214
291
11
29408
696
262
5295
512
286
578
7340
3160
315
264
1207
15880
430
7739
459
220
806
14
1313
925
11
477
220
15
422
7000
6866
627
262
3270
262
1973
5228
284
220
15
198
262
6305
284
220
15
198
262
4483
437
284
220
15
198
262
37726
284
220
15
7361
262
369
602
304
2134
2387
12
16
11
436
997
286
422
274
1004
60
624
364
16
3730
310
6305
1447
220
16
198
286
4508
274
1004
60
624
3434
3730
310
37726
1447
220
16
198
286
4508
274
1004
60
624
364
17
3730
310
4483
437
1447
220
16
9122
286
1418
6305
871
220
15
323
4483
437
871
220
15
323
37726
871
220
15
512
310
422
6305
2669
4483
437
512
394
1973
5228
284
1973
8913
5228
11
6305
489
4483
437
489
220
16
340
310
422
37726
871
220
15
512
394
6305
6110
220
16
198
394
4483
437
6110
220
16
198
394
37726
6110
220
16
198
310
775
512
394
1464
7361
262
422
1973
5228
624
220
15
323
15198
304
274
17296
12
16
68459
10556
286
1973
5228
284
220
16
7361
262
471
1973
5228
198
74694
128009