128006
9125
128007
271
38766
1303
33025
2696
25
6790
220
2366
18
198
15724
2696
25
220
2304
17907
220
2366
21
271
128009
128006
882
128007
271
4518
279
2768
734
12223
323
4733
928
11
7373
4305
279
734
7633
323
1522
682
279
7177
13
3146
5989
4276
70765
3247
13916
50
13
57277
2675
1288
15411
279
2082
499
11041
304
264
67859
2082
2565
320
817
10103
33981
320
20670
690
33316
279
4113
5865
696
14196
4077
1527
20061
1179
1796
1432
755
597
339
16253
19790
13779
20059
1354
25
1796
19155
1145
597
25
528
8
1492
528
512
262
4304
16644
459
1358
315
16652
62265
811
323
459
7698
597
11
471
279
597
7716
25655
3392
198
262
430
649
387
1903
1701
1521
19289
13
1472
617
24746
19289
315
1855
96036
11
719
198
262
4250
16343
19289
315
2204
62265
811
304
264
3254
3392
627
1084
262
9062
16652
96036
19159
1202
66160
320
68
1326
2637
16652
220
18
19159
220
18
11
220
21
11
220
24
11
220
717
11
2564
4390
262
578
597
7716
25655
4315
682
3284
15055
505
682
62265
811
374
6052
627
1084
262
18161
512
286
19289
25
1796
315
12742
6928
26864
14393
16652
62265
811
320
16
12
868
5540
11
1855
220
16
12
914
340
286
597
25
578
2361
315
279
12974
3392
320
16
6108
53080
11
220
16
2717
597
2717
220
17
9
605
61
24
340
1084
262
5295
512
286
578
597
7716
25655
3392
430
649
387
1903
7361
262
12382
597
339
16253
19790
13779
2625
18
11
220
21
11
220
24
1145
220
18
340
262
220
24
198
262
12382
597
339
16253
19790
13779
2625
20
11
220
17
1145
220
22
340
262
220
717
198
262
12713
755
1817
73121
997
262
2105
9322
2625
19
11
220
24
11
220
777
11
220
508
11
220
717
1145
220
16
8
624
220
19
198
262
2105
9322
2625
1419
11
220
508
11
220
717
11
220
806
11
220
23
11
220
21
11
220
19
11
220
17
11
220
16
1145
220
11286
13754
23486
15
8
624
220
11286
13754
23486
15
198
262
2105
9322
2625
1691
11
220
20
11
220
972
11
220
1114
11
220
23
11
220
806
11
220
777
11
220
914
11
220
1032
11
220
605
11
220
1187
11
220
1419
11
220
868
1145
220
7994
25528
24832
21
8
624
220
10697
11483
22049
15
198
262
2105
9322
2625
16
11
220
17
11
220
18
11
220
19
11
220
20
11
220
21
11
220
22
11
220
23
11
220
24
11
220
605
11
220
806
11
220
717
11
220
1032
11
220
975
11
220
868
1145
220
21505
1135
8
624
220
21505
1135
198
262
2105
9322
2625
508
1145
220
9870
25741
16104
8
624
220
19608
23629
23574
15
198
262
2105
9322
2625
1313
11
220
508
11
220
972
11
220
845
11
220
868
11
220
806
11
220
605
11
220
24
11
220
18
11
220
16
1145
220
10005
20502
20478
8
624
220
10005
20502
20478
198
262
2105
9322
2625
914
1145
220
1049
931
931
15
8
624
220
2636
931
931
410
198
262
2105
9322
2625
20
1145
220
22
8
624
220
1758
198
262
2105
9322
2625
17
11
220
23
11
220
18
11
220
19
11
220
21
1145
220
21
8
624
220
24
198
262
2105
9322
2625
605
11
220
1114
11
220
845
11
220
17
11
220
23
11
220
1691
11
220
19
11
220
972
11
220
508
11
220
21
1145
220
7285
21251
22889
21
8
624
220
18113
10961
18113
15
198
262
2105
9322
2625
16
1145
220
1049
931
931
15
8
624
220
1049
931
931
15
198
262
2105
9322
2625
16
11
220
605
11
220
1041
11
220
1041
15
11
220
1041
410
1145
220
1049
931
931
15
8
624
220
2550
5500
5500
24
198
262
2105
9322
2625
24
11
220
605
11
220
1419
11
220
18
11
220
1187
11
220
1691
1145
220
8953
20571
24939
19
8
624
220
19498
21962
16551
24
198
262
2105
9322
2625
1187
11
220
914
1145
220
1049
931
931
15
8
624
220
5154
931
931
410
198
262
2105
9322
2625
23
11
220
19
1145
220
2495
8
624
220
13384
198
262
2105
9322
2625
717
11
220
24
11
220
1114
11
220
1419
11
220
1187
11
220
17
11
220
1032
11
220
605
11
220
914
11
220
972
11
220
1313
11
220
18
11
220
16
11
220
845
11
220
508
1145
220
20698
27407
22375
8
624
220
20698
27407
22375
198
262
2105
9322
2625
22
11
220
845
11
220
508
11
220
717
11
220
777
1145
220
25875
8
624
220
14498
19
198
262
2105
9322
2625
19
11
220
22
11
220
777
11
220
18
11
220
1114
11
220
16
11
220
508
11
220
23
11
220
975
11
220
868
1145
220
23386
13860
25388
8
624
220
23386
13860
25388
198
262
2105
9322
2625
16
11
220
605
11
220
1041
11
220
1041
15
11
220
1041
410
1145
220
1049
931
931
15
8
624
220
1049
931
931
15
198
262
2105
9322
2625
22
11
220
20
11
220
17
11
220
21
1145
220
508
8
624
220
966
198
262
2105
9322
2625
16
1145
220
16
8
624
220
16
198
262
2105
9322
2625
16
11
220
19
11
220
22
11
220
21
1145
220
21
8
624
220
21
198
262
2105
9322
2625
19
11
220
717
11
220
972
11
220
777
11
220
605
11
220
806
11
220
1032
11
220
21
11
220
1187
11
220
508
11
220
914
11
220
16
11
220
24
11
220
1691
1145
220
16
8
624
220
16
198
262
2105
9322
2625
845
11
220
1114
11
220
972
11
220
777
11
220
508
11
220
1691
11
220
1313
11
220
1419
11
220
1187
11
220
914
1145
220
1049
931
931
15
8
624
220
22895
11739
25527
15
198
262
2105
9322
2625
914
1145
220
16
8
624
220
914
198
262
2105
9322
2625
17
11
220
845
11
220
975
1145
220
8874
22679
26491
22
8
624
220
14185
9690
26088
19
271
2
5560
1817
6097
339
16253
19790
13779
8
311
1629
7177
627
74694
128009
128006
78191
128007
271
74694
12958
198
1527
20061
1179
1796
198
475
89622
271
755
597
339
16253
19790
13779
20059
1354
25
1796
19155
1145
597
25
528
8
1492
528
512
262
3270
262
16644
459
1358
315
16652
62265
811
323
459
7698
597
11
471
279
597
7716
25655
3392
198
262
430
649
387
1903
1701
1521
19289
13
1472
617
24746
19289
315
1855
96036
11
719
198
262
4250
16343
19289
315
2204
62265
811
304
264
3254
3392
382
262
9062
16652
96036
19159
1202
66160
320
68
1326
2637
16652
220
18
19159
220
18
11
220
21
11
220
24
11
220
717
11
2564
4390
262
578
597
7716
25655
4315
682
3284
15055
505
682
62265
811
374
6052
382
262
18161
512
286
19289
25
1796
315
12742
6928
26864
14393
16652
62265
811
320
16
12
868
5540
11
1855
220
16
12
914
340
286
597
25
578
2361
315
279
12974
3392
320
16
6108
53080
11
220
16
2717
597
2717
220
17
9
605
61
24
696
262
5295
512
286
578
597
7716
25655
3392
430
649
387
1903
198
262
12713
262
674
4324
264
1332
17817
311
3637
279
15055
198
262
1332
34159
284
4260
262
369
16652
304
19289
512
286
674
23804
279
16652
96036
1139
279
17817
198
286
89622
49135
680
1136
14478
34159
11
16652
696
262
674
11016
279
25655
3392
505
279
17817
323
4585
279
1828
5361
315
279
16652
198
262
674
1139
279
17817
597
12
16
3115
198
262
369
721
304
2134
6097
482
220
16
997
286
3392
284
89622
49135
680
454
14478
34159
340
286
369
16652
304
19289
512
310
674
23804
279
1828
5361
315
279
16652
1139
279
17817
198
310
1828
13779
284
3392
489
16652
198
310
89622
49135
680
1136
14478
34159
11
1828
13779
340
310
674
1442
279
17817
1404
374
7191
1109
597
11
4148
279
7928
3392
198
310
422
2479
14478
34159
8
871
597
512
394
89622
49135
680
454
14478
34159
696
262
674
578
597
7716
25655
3392
374
279
25655
3392
304
279
17817
198
262
471
1332
34159
58
15
933
74694
128009
128006
882
128007
271
7927
3766
4879
4745
279
7177
13
5810
596
279
1493
512
24003
364
83154
70515
2013
1462
77856
18626
815
32636
7791
1480
6404
7498
26245
704
1306
220
966
6622
1038
1271
312
42612
11
420
374
701
3465
25
4557
279
2768
734
12223
323
4733
928
11
7373
4305
279
734
7633
323
1522
682
279
7177
13
3146
5989
4276
70765
3247
13916
50
13
57277
2675
1288
15411
279
2082
499
11041
304
264
67859
2082
2565
320
817
10103
33981
320
20670
690
33316
279
4113
5865
8
128009
128006
78191
128007
271
74694
12958
198
1527
20061
1179
1796
271
755
597
339
16253
19790
13779
20059
1354
25
1796
19155
1145
597
25
528
8
1492
528
512
262
3270
262
16644
459
1358
315
16652
62265
811
323
459
7698
597
11
471
279
597
7716
25655
3392
198
262
430
649
387
1903
1701
1521
19289
13
1472
617
24746
19289
315
1855
96036
11
719
198
262
4250
16343
19289
315
2204
62265
811
304
264
3254
3392
382
262
9062
16652
96036
19159
1202
66160
320
68
1326
2637
16652
220
18
19159
220
18
11
220
21
11
220
24
11
220
717
11
2564
4390
262
578
597
7716
25655
4315
682
3284
15055
505
682
62265
811
374
6052
382
262
18161
512
286
19289
25
1796
315
12742
6928
26864
14393
16652
62265
811
320
16
12
868
5540
11
1855
220
16
12
914
340
286
597
25
578
2361
315
279
12974
3392
320
16
6108
53080
11
220
16
2717
597
2717
220
17
9
605
61
24
696
262
5295
512
286
578
597
7716
25655
3392
430
649
387
1903
198
262
3270
262
15055
284
743
746
262
369
16652
304
19289
512
286
15055
5430
23147
7
7307
11
597
353
1973
20059
1354
8
489
220
16
11
16652
1192
262
471
10839
7455
35089
82
42464
74
482
220
16
933
74694
128009
128006
882
128007
271
7927
3766
4879
4745
279
7177
13
5810
596
279
1493
512
24003
364
83154
70515
2013
1462
77856
18626
815
32636
7791
1480
6404
7498
26245
704
1306
220
966
6622
1038
1271
312
42612
11
420
374
701
3465
25
4557
279
2768
734
12223
323
4733
928
11
7373
4305
279
734
7633
323
1522
682
279
7177
13
3146
5989
4276
70765
3247
13916
50
13
57277
2675
1288
15411
279
2082
499
11041
304
264
67859
2082
2565
320
817
10103
33981
320
20670
690
33316
279
4113
5865
8
128009
128006
78191
128007
271
74694
12958
198
1527
20061
1179
1796
271
755
597
339
16253
19790
13779
20059
1354
25
1796
19155
1145
597
25
528
8
1492
528
512
262
3270
262
16644
459
1358
315
16652
62265
811
323
459
7698
597
11
471
279
597
7716
25655
3392
198
262
430
649
387
1903
1701
1521
19289
13
1472
617
24746
19289
315
1855
96036
11
719
198
262
4250
16343
19289
315
2204
62265
811
304
264
3254
3392
382
262
9062
16652
96036
19159
1202
66160
320
68
1326
2637
16652
220
18
19159
220
18
11
220
21
11
220
24
11
220
717
11
2564
4390
262
578
597
7716
25655
4315
682
3284
15055
505
682
62265
811
374
6052
382
262
18161
512
286
19289
25
1796
315
12742
6928
26864
14393
16652
62265
811
320
16
12
868
5540
11
1855
220
16
12
914
340
286
597
25
578
2361
315
279
12974
3392
320
16
6108
53080
11
220
16
2717
597
2717
220
17
9
605
61
24
696
262
5295
512
286
578
597
7716
25655
3392
430
649
387
1903
198
262
3270
262
682
13779
82
284
743
746
262
369
16652
304
19289
512
286
369
602
304
2134
7
16
11
597
489
220
16
997
310
682
13779
82
1388
7
7307
353
602
340
262
471
10839
21013
13779
82
6758
74
482
220
16
933
74694
128009