128006
9125
128007
271
38766
1303
33025
2696
25
6790
220
2366
18
198
15724
2696
25
220
2304
17907
220
2366
21
271
128009
128006
882
128007
271
4518
279
2768
734
12223
323
4733
928
11
7373
4305
279
734
7633
323
1522
682
279
7177
13
3146
5989
4276
70765
3247
13916
50
13
57277
2675
1288
15411
279
2082
499
11041
304
264
67859
2082
2565
320
817
10103
33981
320
20670
690
33316
279
4113
5865
696
14196
4077
1527
20061
1179
1796
11
12536
11
25645
1432
755
1505
3631
3863
10370
1471
25
528
11
865
25
528
11
264
25
1796
19155
2526
1492
12536
20961
6189
19155
11
528
11
528
84420
262
4304
16644
459
7698
8668
362
323
459
7698
1630
11
1505
832
24657
315
15285
320
72
11
503
11
597
340
262
1778
430
512
262
482
220
16
2717
602
366
503
366
597
2717
308
198
262
482
362
1004
12
16
60
489
362
3894
12
16
60
489
362
6874
12
16
60
284
865
7361
262
7181
25
578
15285
6052
527
220
16
6108
320
90143
279
3575
5224
4390
1084
262
18161
512
286
308
25
578
3160
315
279
8668
320
18
2717
308
2717
220
605
61
21
340
286
865
25
578
2218
2694
320
16
2717
865
2717
220
605
61
21
340
286
264
25
578
7698
8668
1405
1855
2449
69001
220
16
2717
264
1004
60
2717
865
7361
262
5295
512
286
362
14743
320
72
11
503
11
597
8
315
220
16
6108
15285
422
1778
264
24657
6866
11
2290
6062
627
1084
262
12382
1505
3631
3863
10370
7
20
11
220
845
11
510
16
11
220
23
11
220
20
11
220
605
11
220
1032
2608
262
320
16
11
220
18
11
220
19
340
262
12382
1505
3631
3863
10370
7
20
11
220
508
11
510
16
11
220
23
11
220
20
11
220
605
11
220
1032
2608
262
2290
198
262
12382
1505
3631
3863
10370
7
18
11
220
21
11
510
17
11
220
17
11
220
17
2608
262
320
16
11
220
17
11
220
18
340
262
12713
755
1817
73121
997
262
674
3475
1162
220
16
198
262
2105
9322
7
20
11
220
845
11
510
16
11
220
23
11
220
20
11
220
605
11
220
1032
2526
624
320
16
11
220
18
11
220
19
340
1084
262
674
3475
1162
220
17
198
262
2105
9322
7
20
11
220
508
11
510
16
11
220
23
11
220
20
11
220
605
11
220
1032
2526
374
2290
7361
262
674
3475
1162
220
18
198
262
2105
9322
7
605
11
220
1041
931
11
510
22039
2287
11
220
21144
972
11
220
25021
2166
11
220
21776
972
11
220
23275
1691
11
220
16874
2437
11
220
13762
6281
11
220
9367
1490
11
220
16780
3264
11
220
25350
1114
2526
624
320
19
11
220
21
11
220
24
340
1084
262
674
3475
1162
220
19
198
262
2105
9322
7
605
11
220
2166
11
510
806
11
220
1591
11
220
845
11
220
21
11
220
1958
11
220
16
11
220
2790
11
220
16
11
220
868
11
220
17
2526
624
320
21
11
220
22
11
220
23
340
1084
262
674
3475
1162
220
20
198
262
2105
9322
7
18
11
220
20
11
510
16
11
220
17
11
220
18
2526
374
2290
7361
262
674
3475
1162
220
21
198
262
2105
9322
7
20
11
220
717
11
510
806
11
220
806
11
220
605
11
220
717
11
220
806
2526
374
2290
7361
262
674
3475
1162
220
22
198
262
2105
9322
7
22
11
220
19
11
510
17
11
220
18
11
220
19
11
220
17
11
220
17
11
220
17
11
220
19
2526
374
2290
7361
262
674
3475
1162
220
23
198
262
2105
9322
7
18
11
220
21
11
510
17
11
220
17
11
220
17
2526
624
320
16
11
220
17
11
220
18
340
1084
262
674
3475
1162
220
24
198
262
2105
9322
7
22
11
220
21
11
510
16
11
220
17
11
220
18
11
220
19
11
220
19
11
220
19
11
220
19
2526
624
320
16
11
220
17
11
220
18
340
1084
262
674
3475
1162
220
605
198
262
2105
9322
7
20
11
220
17
11
510
17
11
220
17
11
220
17
11
220
17
11
220
17
2526
374
2290
7361
262
674
3475
1162
220
806
198
262
2105
9322
7
21
11
220
18
11
510
16
11
220
16
11
220
16
11
220
16
11
220
16
11
220
16
2526
624
320
16
11
220
17
11
220
18
340
1084
262
674
3475
1162
220
717
198
262
1121
284
9322
7
605
11
220
1691
11
510
1691
11
220
777
11
220
508
11
220
777
11
220
508
11
220
1691
11
220
777
11
220
1691
11
220
777
11
220
777
2608
262
2105
1121
374
2290
7361
262
674
3475
1162
220
1032
198
262
2105
9322
7
18
11
220
1032
11
510
717
11
220
806
11
220
717
2526
374
2290
7361
262
674
3475
1162
220
975
198
262
2105
9322
7
20
11
220
1691
11
510
868
11
220
16
11
220
777
11
220
975
11
220
16
2526
624
320
17
11
220
18
11
220
20
340
1084
262
674
3475
1162
220
868
198
262
2105
9322
7
21
11
220
843
11
510
16
11
220
1114
11
220
16
11
220
966
11
220
717
11
220
605
2526
624
320
16
11
220
18
11
220
19
340
1084
262
674
3475
1162
220
845
198
262
2105
9322
7
18
11
220
2096
11
510
16
11
220
16
11
220
2983
2526
624
320
16
11
220
17
11
220
18
340
1084
262
674
3475
1162
220
1114
198
262
2105
9322
7
20
11
220
1682
11
510
17
11
220
16
11
220
1544
11
220
16
11
220
914
2526
624
320
17
11
220
18
11
220
19
340
1084
262
674
3475
1162
220
972
198
262
2105
9322
7
23
11
220
868
11
510
1032
11
220
717
11
220
605
11
220
806
11
220
975
11
220
16
11
220
16
11
220
1032
2526
624
320
16
11
220
21
11
220
22
340
1084
262
674
3475
1162
220
777
198
262
2105
9322
7
22
11
220
19
11
510
18
11
220
16
11
220
17
11
220
19
11
220
17
11
220
16
11
220
16
2526
624
320
17
11
220
18
11
220
21
340
1084
262
674
3475
1162
220
508
198
262
2105
9322
7
22
11
220
845
11
510
868
11
220
845
11
220
845
11
220
868
11
220
845
11
220
975
11
220
868
2526
374
2290
271
2
5560
1817
35043
3631
3863
10370
8
311
1629
7177
627
74694
128009
128006
78191
128007
271
74694
12958
198
1527
20061
1179
1796
11
12536
11
25645
271
755
1505
3631
3863
10370
1471
25
528
11
865
25
528
11
264
25
1796
19155
2526
1492
12536
20961
6189
19155
11
528
11
528
84420
262
4304
16644
459
7698
8668
362
323
459
7698
1630
11
1505
832
24657
315
15285
320
72
11
503
11
597
340
262
1778
430
512
262
482
220
16
2717
602
366
503
366
597
2717
308
198
262
482
362
1004
12
16
60
489
362
3894
12
16
60
489
362
6874
12
16
60
284
865
7361
262
7181
25
578
15285
6052
527
220
16
6108
320
90143
279
3575
5224
4390
1084
262
18161
512
286
308
25
578
3160
315
279
8668
320
18
2717
308
2717
220
605
61
21
340
286
865
25
578
2218
2694
320
16
2717
865
2717
220
605
61
21
340
286
264
25
578
7698
8668
1405
1855
2449
69001
220
16
2717
264
1004
60
2717
865
7361
262
5295
512
286
362
14743
320
72
11
503
11
597
8
315
220
16
6108
15285
422
1778
264
24657
6866
11
2290
6062
627
1084
262
12382
1505
3631
3863
10370
7
20
11
220
845
11
510
16
11
220
23
11
220
20
11
220
605
11
220
1032
2608
262
320
16
11
220
18
11
220
19
340
262
12382
1505
3631
3863
10370
7
20
11
220
508
11
510
16
11
220
23
11
220
20
11
220
605
11
220
1032
2608
262
2290
198
262
12382
1505
3631
3863
10370
7
18
11
220
21
11
510
17
11
220
17
11
220
17
2608
262
320
16
11
220
17
11
220
18
340
262
3270
262
369
602
304
2134
1471
997
286
369
503
304
2134
1998
489
220
16
11
308
997
310
369
597
304
2134
3406
489
220
16
11
308
997
394
422
264
1004
60
489
264
3894
60
489
264
6874
60
624
865
512
504
471
320
72
489
220
16
11
503
489
220
16
11
597
489
220
16
340
262
471
2290
271
755
1817
73121
997
262
674
3475
1162
220
16
198
262
2105
9322
7
20
11
220
845
11
510
16
11
220
23
11
220
20
11
220
605
11
220
1032
2526
624
320
16
11
220
18
11
220
19
340
1084
262
674
3475
1162
220
17
198
262
2105
9322
7
20
11
220
508
11
510
16
11
220
23
11
220
20
11
220
605
11
220
1032
2526
374
2290
7361
262
674
3475
1162
220
18
198
262
2105
9322
7
605
11
220
1041
931
11
510
22039
2287
11
220
21144
972
11
220
25021
2166
11
220
21776
972
11
220
23275
1691
11
220
16874
2437
11
220
13762
6281
11
220
9367
1490
11
220
16780
3264
11
220
25350
1114
2526
624
320
19
11
220
21
11
220
24
340
1084
262
674
3475
1162
220
19
198
262
2105
9322
7
605
11
220
2166
11
510
806
11
220
1591
11
220
845
11
220
21
11
220
1958
11
220
16
11
220
2790
11
220
16
11
220
868
11
220
17
2526
624
320
21
11
220
22
11
220
23
340
1084
262
674
3475
1162
220
20
198
262
2105
9322
7
18
11
220
20
11
510
16
11
220
17
11
220
18
2526
374
2290
7361
262
674
3475
1162
220
21
198
262
2105
9322
7
20
11
220
717
11
510
806
11
220
806
11
220
605
11
220
717
11
220
806
2526
374
2290
7361
262
674
3475
1162
220
22
198
262
2105
9322
7
22
11
220
19
11
510
17
11
220
18
11
220
19
11
220
17
11
220
17
11
220
17
11
220
19
2526
374
2290
7361
262
674
3475
1162
220
23
198
262
2105
9322
7
18
11
220
21
11
510
17
11
220
17
11
220
17
2526
624
320
16
11
220
17
11
220
18
340
1084
262
674
3475
1162
220
24
198
262
2105
9322
7
22
11
220
21
11
510
16
11
220
17
11
220
18
11
220
19
11
220
19
11
220
19
11
220
19
2526
624
320
16
11
220
17
11
220
18
340
1084
262
674
3475
1162
220
605
198
262
2105
9322
7
20
11
220
17
11
510
17
11
220
17
11
220
17
11
220
17
11
220
17
2526
374
2290
7361
262
674
3475
1162
220
806
198
262
2105
9322
7
21
11
220
18
11
510
16
11
220
16
11
220
16
11
220
16
11
220
16
11
220
16
2526
624
320
16
11
220
17
11
220
18
340
1084
262
674
3475
1162
220
717
198
262
1121
284
9322
7
605
11
220
1691
11
510
1691
11
220
777
11
220
508
11
220
777
11
220
508
11
220
1691
11
220
777
11
220
1691
11
220
777
11
220
777
2608
262
2105
1121
374
2290
7361
262
674
3475
1162
220
1032
198
262
2105
9322
7
18
11
220
1032
11
510
717
11
220
806
11
220
717
2526
374
2290
7361
262
674
3475
1162
220
975
198
262
2105
9322
7
20
11
220
1691
11
510
868
11
220
16
11
220
777
11
220
975
11
220
16
2526
624
320
17
11
220
18
11
220
20
340
1084
262
674
3475
1162
220
868
198
262
2105
9322
7
21
11
220
843
11
510
16
11
220
1114
11
220
16
11
220
966
11
220
717
11
220
605
2526
624
320
16
11
220
18
11
220
19
340
1084
262
674
3475
1162
220
845
198
262
2105
9322
7
18
11
220
2096
11
510
16
11
220
16
11
220
2983
2526
624
320
16
11
220
17
11
220
18
340
1084
262
674
3475
1162
220
1114
198
262
2105
9322
7
20
11
220
1682
11
510
17
11
220
16
11
220
1544
11
220
16
11
220
914
2526
624
320
17
11
220
18
11
220
19
340
1084
262
674
3475
1162
220
972
198
262
2105
9322
7
23
11
220
868
11
510
1032
11
220
717
11
220
605
11
220
806
11
220
975
11
220
16
11
220
16
11
220
1032
2526
624
320
16
11
220
21
11
220
22
340
1084
262
674
3475
1162
220
777
198
262
2105
9322
7
22
11
220
19
11
510
18
11
220
16
11
220
17
11
220
19
11
220
17
11
220
16
11
220
16
2526
624
320
17
11
220
18
11
220
21
340
1084
262
674
3475
1162
220
508
198
262
2105
9322
7
22
11
220
845
11
510
868
11
220
845
11
220
845
11
220
868
11
220
845
11
220
975
11
220
868
2526
374
2290
271
2
5560
1817
35043
3631
3863
10370
8
311
1629
7177
627
2071
35043
3631
3863
10370
340
74694
128009
128006
882
128007
271
7927
3766
4879
4745
279
7177
13
5810
596
279
1493
512
6687
1445
320
3646
3293
1650
1566
997
220
2958
36674
68
54
17692
35
4334
48
81
57
7345
498
1584
220
10336
11
304
366
4450
397
262
1817
35043
3631
3863
10370
340
220
2958
36674
68
54
17692
35
4334
48
81
57
7345
498
1584
220
9748
11
304
1817
198
262
2105
9322
7
605
11
220
1041
931
11
510
22039
2287
11
220
21144
972
11
220
25021
2166
11
220
21776
972
11
220
23275
1691
11
220
16874
2437
11
220
13762
6281
11
220
9367
1490
11
220
16780
3264
11
220
25350
1114
2526
624
320
19
11
220
21
11
220
24
340
1881
6440
62824
62824
62824
62824
62824
62824
62824
62824
62824
62824
62824
62824
62824
62824
62824
62824
62824
62824
62824
62824
62824
62824
62824
62824
62824
62824
61
198
69739
1480
14963
1271
312
42612
11
420
374
701
3465
25
4557
279
2768
734
12223
323
4733
928
11
7373
4305
279
734
7633
323
1522
682
279
7177
13
3146
5989
4276
70765
3247
13916
50
13
57277
2675
1288
15411
279
2082
499
11041
304
264
67859
2082
2565
320
817
10103
33981
320
20670
690
33316
279
4113
5865
8
128009
128006
78191
128007
271
74694
12958
198
1527
20061
1179
1796
11
12536
11
25645
271
755
1505
3631
3863
10370
1471
25
528
11
865
25
528
11
264
25
1796
19155
2526
1492
12536
20961
6189
19155
11
528
11
528
84420
262
4304
16644
459
7698
8668
362
323
459
7698
1630
11
1505
832
24657
315
15285
320
72
11
503
11
597
340
262
1778
430
512
262
482
220
16
2717
602
366
503
366
597
2717
308
198
262
482
362
1004
12
16
60
489
362
3894
12
16
60
489
362
6874
12
16
60
284
865
7361
262
7181
25
578
15285
6052
527
220
16
6108
320
90143
279
3575
5224
4390
1084
262
18161
512
286
308
25
578
3160
315
279
8668
320
18
2717
308
2717
220
605
61
21
340
286
865
25
578
2218
2694
320
16
2717
865
2717
220
605
61
21
340
286
264
25
578
7698
8668
1405
1855
2449
69001
220
16
2717
264
1004
60
2717
865
7361
262
5295
512
286
362
14743
320
72
11
503
11
597
8
315
220
16
6108
15285
422
1778
264
24657
6866
11
2290
6062
627
1084
262
12382
1505
3631
3863
10370
7
20
11
220
845
11
510
16
11
220
23
11
220
20
11
220
605
11
220
1032
2608
262
320
16
11
220
18
11
220
19
340
262
12382
1505
3631
3863
10370
7
20
11
220
508
11
510
16
11
220
23
11
220
20
11
220
605
11
220
1032
2608
262
2290
198
262
12382
1505
3631
3863
10370
7
18
11
220
21
11
510
17
11
220
17
11
220
17
2608
262
320
16
11
220
17
11
220
18
340
262
3270
262
369
602
304
2134
1471
997
286
369
503
304
2134
1998
489
220
16
11
308
997
310
369
597
304
2134
3406
489
220
16
11
308
997
394
422
264
1004
60
489
264
3894
60
489
264
6874
60
624
865
512
504
471
320
72
489
220
16
11
503
489
220
16
11
597
489
220
16
340
262
369
602
304
2134
1471
482
220
16
11
482
16
11
482
16
997
286
369
503
304
2134
1998
482
220
16
11
482
16
11
482
16
997
310
369
597
304
2134
3406
482
220
16
11
482
16
11
482
16
997
394
422
264
1004
60
489
264
3894
60
489
264
6874
60
624
865
512
504
471
320
74
489
220
16
11
503
489
220
16
11
602
489
220
16
340
262
471
2290
271
755
1817
73121
997
262
674
3475
1162
220
16
198
262
2105
9322
7
20
11
220
845
11
510
16
11
220
23
11
220
20
11
220
605
11
220
1032
2526
624
320
16
11
220
18
11
220
19
340
1084
262
674
3475
1162
220
17
198
262
2105
9322
7
20
11
220
508
11
510
16
11
220
23
11
220
20
11
220
605
11
220
1032
2526
374
2290
7361
262
674
3475
1162
220
18
198
262
2105
9322
7
605
11
220
1041
931
11
510
22039
2287
11
220
21144
972
11
220
25021
2166
11
220
21776
972
11
220
23275
1691
11
220
16874
2437
11
220
13762
6281
11
220
9367
1490
11
220
16780
3264
11
220
25350
1114
2526
624
320
19
11
220
21
11
220
24
340
1084
262
674
3475
1162
220
19
198
262
2105
9322
7
605
11
220
2166
11
510
806
11
220
1591
11
220
845
11
220
21
11
220
1958
11
220
16
11
220
2790
11
220
16
11
220
868
11
220
17
2526
624
320
21
11
220
22
11
220
23
340
1084
262
674
3475
1162
220
20
198
262
2105
9322
7
18
11
220
20
11
510
16
11
220
17
11
220
18
2526
374
2290
7361
262
674
3475
1162
220
21
198
262
2105
9322
7
20
11
220
717
11
510
806
11
220
806
11
220
605
11
220
717
11
220
806
2526
374
2290
7361
262
674
3475
1162
220
22
198
262
2105
9322
7
22
11
220
19
11
510
17
11
220
18
11
220
19
11
220
17
11
220
17
11
220
17
11
220
19
2526
374
2290
7361
262
674
3475
1162
220
23
198
262
2105
9322
7
18
11
220
21
11
510
17
11
220
17
11
220
17
2526
624
320
16
11
220
17
11
220
18
340
1084
262
674
3475
1162
220
24
198
262
2105
9322
7
22
11
220
21
11
510
16
11
220
17
11
220
18
11
220
19
11
220
19
11
220
19
11
220
19
2526
624
320
16
11
220
17
11
220
18
340
1084
262
674
3475
1162
220
605
198
262
2105
9322
7
20
11
220
17
11
510
17
11
220
17
11
220
17
11
220
17
11
220
17
2526
374
2290
7361
262
674
3475
1162
220
806
198
262
2105
9322
7
21
11
220
18
11
510
16
11
220
16
11
220
16
11
220
16
11
220
16
11
220
16
2526
624
320
16
11
220
17
11
220
18
340
1084
262
674
3475
1162
220
717
198
262
1121
284
9322
7
605
11
220
1691
11
510
1691
11
220
777
11
220
508
11
220
777
11
220
508
11
220
1691
11
220
777
11
220
1691
11
220
777
11
220
777
2608
262
2105
1121
374
2290
7361
262
674
3475
1162
220
1032
198
262
2105
9322
7
18
11
220
1032
11
510
717
11
220
806
11
220
717
2526
374
2290
7361
262
674
3475
1162
220
975
198
262
2105
9322
7
20
11
220
1691
11
510
868
11
220
16
11
220
777
11
220
975
11
220
16
2526
624
320
17
11
220
18
11
220
20
340
1084
262
674
3475
1162
220
868
198
262
2105
9322
7
21
11
220
843
11
510
16
11
220
1114
11
220
16
11
220
966
11
220
717
11
220
605
2526
624
320
16
11
220
18
11
220
19
340
1084
262
674
3475
1162
220
845
198
262
2105
9322
7
18
11
220
2096
11
510
16
11
220
16
11
220
2983
2526
624
320
16
11
220
17
11
220
18
340
1084
262
674
3475
1162
220
1114
198
262
2105
9322
7
20
11
220
1682
11
510
17
11
220
16
11
220
1544
11
220
16
11
220
914
2526
624
320
17
11
220
18
11
220
19
340
1084
262
674
3475
1162
220
972
198
262
2105
9322
7
23
11
220
868
11
510
1032
11
220
717
11
220
605
11
220
806
11
220
975
11
220
16
11
220
16
11
220
1032
2526
624
320
16
11
220
21
11
220
22
340
1084
262
674
3475
1162
220
777
198
262
2105
9322
7
22
11
220
19
11
510
18
11
220
16
11
220
17
11
220
19
11
220
17
11
220
16
11
220
16
2526
624
320
17
11
220
18
11
220
21
340
1084
262
674
3475
1162
220
508
198
262
2105
9322
7
22
11
220
845
11
510
868
11
220
845
11
220
845
11
220
868
11
220
845
11
220
975
11
220
868
2526
374
2290
271
2
5560
1817
35043
3631
3863
10370
8
311
1629
7177
627
2071
35043
3631
3863
10370
340
74694
128009
128006
882
128007
271
7927
3766
4879
4745
279
7177
13
5810
596
279
1493
512
6687
1445
320
3646
3293
1650
1566
997
220
2958
36674
44183
49
48
88
50
73
87
22524
7345
498
1584
220
9378
11
304
366
4450
397
262
1817
35043
3631
3863
10370
340
220
2958
36674
44183
49
48
88
50
73
87
22524
7345
498
1584
220
9565
11
304
1817
198
262
2105
9322
7
605
11
220
1041
931
11
510
22039
2287
11
220
21144
972
11
220
25021
2166
11
220
21776
972
11
220
23275
1691
11
220
16874
2437
11
220
13762
6281
11
220
9367
1490
11
220
16780
3264
11
220
25350
1114
2526
624
320
19
11
220
21
11
220
24
340
1881
6440
62824
62824
62824
62824
62824
62824
62824
62824
62824
62824
62824
62824
62824
62824
62824
62824
62824
62824
62824
62824
62824
62824
62824
62824
62824
62824
61
198
69739
1480
14963
1271
312
42612
11
420
374
701
3465
25
4557
279
2768
734
12223
323
4733
928
11
7373
4305
279
734
7633
323
1522
682
279
7177
13
3146
5989
4276
70765
3247
13916
50
13
57277
2675
1288
15411
279
2082
499
11041
304
264
67859
2082
2565
320
817
10103
33981
320
20670
690
33316
279
4113
5865
8
128009
128006
78191
128007
271
74694
12958
198
1527
20061
1179
1796
11
12536
11
25645
271
755
1505
3631
3863
10370
1471
25
528
11
865
25
528
11
264
25
1796
19155
2526
1492
12536
20961
6189
19155
11
528
11
528
84420
262
4304
16644
459
7698
8668
362
323
459
7698
1630
11
1505
832
24657
315
15285
320
72
11
503
11
597
340
262
1778
430
512
262
482
220
16
2717
602
366
503
366
597
2717
308
198
262
482
362
1004
12
16
60
489
362
3894
12
16
60
489
362
6874
12
16
60
284
865
7361
262
7181
25
578
15285
6052
527
220
16
6108
320
90143
279
3575
5224
4390
1084
262
18161
512
286
308
25
578
3160
315
279
8668
320
18
2717
308
2717
220
605
61
21
340
286
865
25
578
2218
2694
320
16
2717
865
2717
220
605
61
21
340
286
264
25
578
7698
8668
1405
1855
2449
69001
220
16
2717
264
1004
60
2717
865
7361
262
5295
512
286
362
14743
320
72
11
503
11
597
8
315
220
16
6108
15285
422
1778
264
24657
6866
11
2290
6062
627
1084
262
12382
1505
3631
3863
10370
7
20
11
220
845
11
510
16
11
220
23
11
220
20
11
220
605
11
220
1032
2608
262
320
16
11
220
18
11
220
19
340
262
12382
1505
3631
3863
10370
7
20
11
220
508
11
510
16
11
220
23
11
220
20
11
220
605
11
220
1032
2608
262
2290
198
262
12382
1505
3631
3863
10370
7
18
11
220
21
11
510
17
11
220
17
11
220
17
2608
262
320
16
11
220
17
11
220
18
340
262
3270
262
369
602
304
2134
1471
997
286
369
503
304
2134
1998
489
220
16
11
308
997
310
369
597
304
2134
3406
489
220
16
11
308
997
394
422
264
1004
60
489
264
3894
60
489
264
6874
60
624
865
512
504
471
320
72
489
220
16
11
503
489
220
16
11
597
489
220
16
340
262
471
2290
271
755
1817
73121
997
262
674
3475
1162
220
16
198
262
2105
9322
7
20
11
220
845
11
510
16
11
220
23
11
220
20
11
220
605
11
220
1032
2526
624
320
16
11
220
18
11
220
19
340
1084
262
674
3475
1162
220
17
198
262
2105
9322
7
20
11
220
508
11
510
16
11
220
23
11
220
20
11
220
605
11
220
1032
2526
374
2290
7361
262
674
3475
1162
220
18
198
262
2105
9322
7
605
11
220
1041
931
11
510
22039
2287
11
220
21144
972
11
220
25021
2166
11
220
21776
972
11
220
23275
1691
11
220
16874
2437
11
220
13762
6281
11
220
9367
1490
11
220
16780
3264
11
220
25350
1114
2526
624
320
19
11
220
21
11
220
24
340
1084
262
674
3475
1162
220
19
198
262
2105
9322
7
605
11
220
2166
11
510
806
11
220
1591
11
220
845
11
220
21
11
220
1958
11
220
16
11
220
2790
11
220
16
11
220
868
11
220
17
2526
624
320
21
11
220
22
11
220
23
340
1084
262
674
3475
1162
220
20
198
262
2105
9322
7
18
11
220
20
11
510
16
11
220
17
11
220
18
2526
374
2290
7361
262
674
3475
1162
220
21
198
262
2105
9322
7
20
11
220
717
11
510
806
11
220
806
11
220
605
11
220
717
11
220
806
2526
374
2290
7361
262
674
3475
1162
220
22
198
262
2105
9322
7
22
11
220
19
11
510
17
11
220
18
11
220
19
11
220
17
11
220
17
11
220
17
11
220
19
2526
374
2290
7361
262
674
3475
1162
220
23
198
262
2105
9322
7
18
11
220
21
11
510
17
11
220
17
11
220
17
2526
624
320
16
11
220
17
11
220
18
340
1084
262
674
3475
1162
220
24
198
262
2105
9322
7
22
11
220
21
11
510
16
11
220
17
11
220
18
11
220
19
11
220
19
11
220
19
11
220
19
2526
624
320
16
11
220
17
11
220
18
340
1084
262
674
3475
1162
220
605
198
262
2105
9322
7
20
11
220
17
11
510
17
11
220
17
11
220
17
11
220
17
11
220
17
2526
374
2290
7361
262
674
3475
1162
220
806
198
262
2105
9322
7
21
11
220
18
11
510
16
11
220
16
11
220
16
11
220
16
11
220
16
11
220
16
2526
624
320
16
11
220
17
11
220
18
340
1084
262
674
3475
1162
220
717
198
262
1121
284
9322
7
605
11
220
1691
11
510
1691
11
220
777
11
220
508
11
220
777
11
220
508
11
220
1691
11
220
777
11
220
1691
11
220
777
11
220
777
2608
262
2105
1121
374
2290
7361
262
674
3475
1162
220
1032
198
262
2105
9322
7
18
11
220
1032
11
510
717
11
220
806
11
220
717
2526
374
2290
7361
262
674
3475
1162
220
975
198
262
2105
9322
7
20
11
220
1691
11
510
868
11
220
16
11
220
777
11
220
975
11
220
16
2526
624
320
17
11
220
18
11
220
20
340
1084
262
674
3475
1162
220
868
198
262
2105
9322
7
21
11
220
843
11
510
16
11
220
1114
11
220
16
11
220
966
11
220
717
11
220
605
2526
624
320
16
11
220
18
11
220
19
340
1084
262
674
3475
1162
220
845
198
262
2105
9322
7
18
11
220
2096
11
510
16
11
220
16
11
220
2983
2526
624
320
16
11
220
17
11
220
18
340
1084
262
674
3475
1162
220
1114
198
262
2105
9322
7
20
11
220
1682
11
510
17
11
220
16
11
220
1544
11
220
16
11
220
914
2526
624
320
17
11
220
18
11
220
19
340
1084
262
674
3475
1162
220
972
198
262
2105
9322
7
23
11
220
868
11
510
1032
11
220
717
11
220
605
11
220
806
11
220
975
11
220
16
11
220
16
11
220
1032
2526
624
320
16
11
220
21
11
220
22
340
1084
262
674
3475
1162
220
777
198
262
2105
9322
7
22
11
220
19
11
510
18
11
220
16
11
220
17
11
220
19
11
220
17
11
220
16
11
220
16
2526
624
320
17
11
220
18
11
220
21
340
1084
262
674
3475
1162
220
508
198
262
2105
9322
7
22
11
220
845
11
510
868
11
220
845
11
220
845
11
220
868
11
220
845
11
220
975
11
220
868
2526
374
2290
271
2
5560
1817
35043
3631
3863
10370
8
311
1629
7177
627
2071
35043
3631
3863
10370
340
74694
128009