128006
9125
128007
271
38766
1303
33025
2696
25
6790
220
2366
18
198
15724
2696
25
220
2304
17907
220
2366
21
271
128009
128006
882
128007
271
4518
279
2768
734
12223
323
4733
928
11
7373
4305
279
734
7633
323
1522
682
279
7177
13
3146
5989
4276
70765
3247
13916
50
13
57277
2675
1288
15411
279
2082
499
11041
304
264
67859
2082
2565
320
817
10103
33981
320
20670
690
33316
279
4113
5865
696
14196
4077
1527
20061
1179
1796
11
25645
1432
755
22497
46614
45881
59832
5063
25
528
11
432
25
528
8
1492
1796
20961
6189
19155
11
528
84420
262
4304
16644
2536
62035
26864
445
323
432
320
43
366
432
705
22497
279
8668
315
26864
505
445
311
432
12
16
198
262
1139
279
8187
1396
315
330
19045
24630
3343
362
1695
8668
374
4613
439
264
8668
430
198
262
649
387
15609
439
682
26864
505
220
17
61
72
353
503
311
220
17
61
72
353
320
73
10
16
8
482
220
16
369
1063
2536
62035
198
262
26864
602
323
503
627
1084
262
3494
264
1160
315
46325
320
75
11
436
8
14393
279
28090
510
75
11
436
8
430
1376
279
8187
198
262
13096
11
1405
1855
10074
34310
311
264
1695
8668
13
578
28090
1288
387
198
262
304
36488
2015
323
3504
7041
279
2134
510
43
11
432
4390
1084
262
18161
512
286
445
25
28757
907
320
99461
340
286
432
25
74521
907
320
90222
340
1827
262
5295
512
286
1796
315
46325
320
75
11
436
8
14393
28090
510
75
11
436
8
430
527
1695
24630
9122
262
12382
22497
46614
45881
59832
7
18
11
220
777
340
262
18305
18
11
220
19
705
320
19
11
220
23
705
320
23
11
220
845
705
320
845
11
220
972
705
320
972
11
220
777
5680
262
12382
22497
46614
45881
59832
7
15
11
220
4278
19
340
262
18305
15
11
220
4278
19
5680
262
12713
755
1817
73121
997
262
674
3475
5157
505
279
3575
198
262
2105
9322
7
18
11
220
777
8
624
18305
18
11
220
19
705
320
19
11
220
23
705
320
23
11
220
845
705
320
845
11
220
1114
705
320
972
11
220
777
5680
262
2105
9322
7
15
11
220
4278
19
8
624
18305
15
11
220
4278
19
5680
262
2105
9322
7
20077
20478
27134
20077
19869
23
11
220
7322
21038
10617
13719
22048
3487
8
624
2330
286
320
20077
20478
27134
20077
19869
23
11
220
20077
20478
27134
20077
25828
19
1350
286
320
20077
20478
27134
20077
25828
19
11
220
10617
19192
26366
22039
25307
21
1350
286
320
10617
19192
26366
22039
25307
21
11
220
7467
24758
21910
21358
26513
17
1350
286
320
7467
24758
21910
21358
26513
17
11
220
7261
22905
19146
24313
14274
1272
1350
286
320
7261
22905
19146
24313
14274
1272
11
220
7322
7507
21112
20360
19057
4161
1350
286
320
7322
7507
21112
20360
19057
4161
11
220
7322
21776
19597
19162
24380
2371
1350
286
320
7322
21776
19597
19162
24380
2371
11
220
7322
21038
10617
6330
19274
2166
1350
286
320
7322
21038
10617
6330
19274
2166
11
220
7322
21038
10617
13719
22048
3487
340
262
5243
1084
262
674
24086
1296
5157
198
262
2105
9322
7
15
11
220
7322
16443
3965
16551
24313
25388
21
8
624
18305
15
11
220
7322
16443
3965
16551
24313
25388
21
5680
262
2105
9322
7
20758
16551
23644
13236
19711
21310
11
220
7322
16443
3965
16551
24313
25388
21
8
624
18305
20758
16551
23644
13236
19711
21310
11
220
7322
16443
3965
16551
24313
25388
21
5680
262
2105
9322
7
15287
9870
18322
9690
22375
23800
11
220
19355
25168
4386
20325
8878
12338
8
624
2330
286
320
15287
9870
18322
9690
22375
23800
11
220
20758
16551
23644
13236
19711
21310
1350
286
320
20758
16551
23644
13236
19711
21310
11
220
19355
25168
4386
20325
8878
12338
340
262
10661
2
5560
1817
39391
579
46614
45881
59832
8
311
1629
7177
627
74694
128009
128006
78191
128007
271
74694
12958
198
1527
20061
1179
1796
11
25645
271
755
22497
46614
45881
59832
5063
25
528
11
432
25
528
8
1492
1796
20961
6189
19155
11
528
84420
262
3270
262
64002
279
8668
315
26864
505
445
311
432
12
16
1139
279
8187
1396
315
330
19045
24630
23811
1084
262
362
1695
8668
374
4613
439
264
8668
430
649
387
15609
439
682
26864
505
220
17
61
72
353
503
311
220
17
61
72
353
320
73
10
16
8
482
220
16
720
262
369
1063
2536
62035
26864
602
323
503
627
1084
262
3494
264
1160
315
46325
320
75
11
436
8
14393
279
28090
510
75
11
436
8
430
1376
279
8187
13096
11
720
262
1405
1855
10074
34310
311
264
1695
8668
13
578
28090
1288
387
304
36488
2015
323
3504
7041
279
2134
510
43
11
432
4390
262
3270
1084
262
1121
284
4260
262
1510
5011
284
445
198
262
602
284
220
15
7361
262
674
7531
279
25655
2410
315
220
17
430
374
7191
1109
477
6273
311
445
198
262
1418
320
16
1134
602
8
366
445
512
286
602
1447
220
16
7361
262
1418
1510
5011
366
432
512
286
674
21157
279
842
315
279
1510
1695
8668
198
286
1510
6345
284
1332
2855
11
320
16
1134
602
8
353
1819
3311
5011
482
320
16
1134
602
595
443
320
16
1134
602
8
489
220
16
1192
1827
286
674
1442
279
842
315
279
1510
1695
8668
374
2753
1109
432
11
923
433
311
279
1121
323
3351
311
279
1828
1695
8668
198
286
422
1510
6345
366
432
512
310
1121
2102
1209
3311
5011
11
1510
6345
1192
310
1510
5011
284
1510
6345
198
310
602
284
220
15
198
310
1418
320
16
1134
602
8
366
1510
5011
512
394
602
1447
220
16
198
286
674
1442
279
842
315
279
1510
1695
8668
374
6273
311
432
11
923
433
311
279
1121
323
1464
279
6471
198
286
775
512
310
1121
2102
1209
3311
5011
11
1510
6345
1192
310
1464
7361
262
471
1121
271
2
3475
279
734
198
2071
39391
579
46614
45881
59832
340
74694
128009
128006
882
128007
271
7927
3766
4879
4745
279
7177
13
5810
596
279
1493
512
24003
364
83154
70515
2013
1462
77856
18626
815
32636
7791
1480
6404
7498
26245
704
1306
220
966
6622
1038
1271
312
42612
11
420
374
701
3465
25
4557
279
2768
734
12223
323
4733
928
11
7373
4305
279
734
7633
323
1522
682
279
7177
13
3146
5989
4276
70765
3247
13916
50
13
57277
2675
1288
15411
279
2082
499
11041
304
264
67859
2082
2565
320
817
10103
33981
320
20670
690
33316
279
4113
5865
8
128009
128006
78191
128007
271
74694
12958
198
1527
20061
1179
1796
11
25645
271
755
22497
46614
45881
59832
5063
25
528
11
432
25
528
8
1492
1796
20961
6189
19155
11
528
84420
262
3270
262
64002
279
8668
315
26864
505
445
311
432
12
16
1139
279
8187
1396
315
330
19045
24630
23811
1084
262
362
1695
8668
374
4613
439
264
8668
430
649
387
15609
439
682
26864
505
220
17
61
72
353
503
311
220
17
61
72
353
320
73
10
16
8
482
220
16
720
262
369
1063
2536
62035
26864
602
323
503
627
1084
262
3494
264
1160
315
46325
320
75
11
436
8
14393
279
28090
510
75
11
436
8
430
1376
279
8187
13096
11
720
262
1405
1855
10074
34310
311
264
1695
8668
13
578
28090
1288
387
304
36488
2015
323
3504
7041
279
2134
510
43
11
432
4390
262
3270
1084
262
711
1505
11507
45881
24667
5011
1471
25
528
8
1492
528
512
286
4304
10086
279
1828
1695
8668
1212
1306
308
14781
286
1828
5011
284
308
198
286
1418
3082
512
310
674
4343
422
1828
5011
374
264
2410
315
220
17
198
310
422
320
3684
5011
612
320
3684
5011
482
220
16
8
624
220
15
997
394
471
1828
5011
198
310
1828
5011
1447
220
16
7361
262
711
1505
11507
45881
24667
6345
1471
25
528
8
1492
528
512
286
4304
10086
279
1828
1695
8668
842
1306
308
14781
286
1828
6345
284
308
198
286
1418
3082
512
310
674
4343
422
1828
6345
374
264
2410
315
220
17
28382
220
16
198
310
422
320
3684
6345
612
320
3684
6345
489
220
16
8
624
220
15
997
394
471
1828
6345
489
220
16
198
310
1828
6345
1447
220
16
7361
262
1121
284
4260
262
1510
5011
284
445
7361
262
1418
1510
5011
366
432
512
286
674
7531
279
1828
1695
8668
842
1306
1510
5011
198
286
1510
6345
284
1505
11507
45881
24667
6345
8937
5011
340
1827
286
674
1442
279
1828
1695
8668
842
374
7191
1109
432
11
57872
433
311
432
198
286
422
1510
6345
871
432
512
310
1510
6345
284
432
9122
286
1121
2102
1209
3311
5011
11
1510
6345
1192
286
1510
5011
284
1510
6345
7361
262
674
28295
279
1566
10074
311
387
320
845
11
220
972
8
4619
315
320
845
11
220
777
8
304
279
1162
315
22497
46614
45881
59832
7
18
11
220
777
340
262
422
1121
7764
16
1483
16
60
624
432
323
1121
7764
16
1483
16
60
482
1121
7764
16
1483
15
60
871
220
16
512
286
1566
5011
284
1121
7764
16
1483
15
933
286
1566
6345
284
1121
7764
16
1483
16
933
286
1121
8452
746
286
1121
2102
1209
4354
5011
11
1566
6345
482
220
16
1192
286
1121
2102
1209
4354
6345
482
220
16
11
1566
6345
1192
1084
262
471
1121
271
2
3475
279
734
198
755
1817
73121
997
262
674
3475
5157
505
279
3575
198
262
2105
9322
7
18
11
220
777
8
624
18305
18
11
220
19
705
320
19
11
220
23
705
320
23
11
220
845
705
320
845
11
220
1114
705
320
972
11
220
777
5680
262
2105
9322
7
15
11
220
4278
19
8
624
18305
15
11
220
4278
19
5680
262
2105
9322
7
20077
20478
27134
20077
19869
23
11
220
7322
21038
10617
13719
22048
3487
8
624
2330
286
320
20077
20478
27134
20077
19869
23
11
220
20077
20478
27134
20077
25828
19
1350
286
320
20077
20478
27134
20077
25828
19
11
220
10617
19192
26366
22039
25307
21
1350
286
320
10617
19192
26366
22039
25307
21
11
220
7467
24758
21910
21358
26513
17
1350
286
320
7467
24758
21910
21358
26513
17
11
220
7261
22905
19146
24313
14274
1272
1350
286
320
7261
22905
19146
24313
14274
1272
11
220
7322
7507
21112
20360
19057
4161
1350
286
320
7322
7507
21112
20360
19057
4161
11
220
7322
21776
19597
19162
24380
2371
1350
286
320
7322
21776
19597
19162
24380
2371
11
220
7322
21038
10617
6330
19274
2166
1350
286
320
7322
21038
10617
6330
19274
2166
11
220
7322
21038
10617
13719
22048
3487
340
262
5243
1084
262
674
24086
1296
5157
198
262
2105
9322
7
15
11
220
7322
16443
3965
16551
24313
25388
21
8
624
18305
15
11
220
7322
16443
3965
16551
24313
25388
21
5680
262
2105
9322
7
20758
16551
23644
13236
19711
21310
11
220
7322
16443
3965
16551
24313
25388
21
8
624
18305
20758
16551
23644
13236
19711
21310
11
220
7322
16443
3965
16551
24313
25388
21
5680
262
2105
9322
7
15287
9870
18322
9690
22375
23800
11
220
19355
25168
4386
20325
8878
12338
8
624
2330
286
320
15287
9870
18322
9690
22375
23800
11
220
20758
16551
23644
13236
19711
21310
1350
286
320
20758
16551
23644
13236
19711
21310
11
220
19355
25168
4386
20325
8878
12338
340
262
10661
2
5560
1817
39391
579
46614
45881
59832
8
311
1629
7177
627
2071
39391
579
46614
45881
59832
340
74694
128009
128006
882
128007
271
7927
3766
4879
4745
279
7177
13
5810
596
279
1493
512
6687
1445
320
3646
3293
1650
1566
997
220
2958
36674
64
34
23
18805
54
85
18258
18
7345
498
1584
220
9748
11
304
366
4450
397
262
1817
39391
579
46614
45881
59832
340
220
2958
36674
64
34
23
18805
54
85
18258
18
7345
498
1584
220
7699
11
304
1817
198
262
2105
9322
7
18
11
220
777
8
624
18305
18
11
220
19
705
320
19
11
220
23
705
320
23
11
220
845
705
320
845
11
220
1114
705
320
972
11
220
777
5680
1881
6440
62824
62824
62824
62824
62824
62824
62824
62824
62824
62824
62824
62824
62824
62824
62824
62824
198
69739
1480
14963
1271
312
42612
11
420
374
701
3465
25
4557
279
2768
734
12223
323
4733
928
11
7373
4305
279
734
7633
323
1522
682
279
7177
13
3146
5989
4276
70765
3247
13916
50
13
57277
2675
1288
15411
279
2082
499
11041
304
264
67859
2082
2565
320
817
10103
33981
320
20670
690
33316
279
4113
5865
8
128009
128006
78191
128007
271
74694
12958
198
1527
20061
1179
1796
11
25645
271
755
22497
46614
45881
59832
5063
25
528
11
432
25
528
8
1492
1796
20961
6189
19155
11
528
84420
262
3270
262
64002
279
8668
315
26864
505
445
311
432
12
16
1139
279
8187
1396
315
330
19045
24630
23811
1084
262
362
1695
8668
374
4613
439
264
8668
430
649
387
15609
439
682
26864
505
220
17
61
72
353
503
311
220
17
61
72
353
320
73
10
16
8
482
220
16
720
262
369
1063
2536
62035
26864
602
323
503
627
1084
262
3494
264
1160
315
46325
320
75
11
436
8
14393
279
28090
510
75
11
436
8
430
1376
279
8187
13096
11
720
262
1405
1855
10074
34310
311
264
1695
8668
13
578
28090
1288
387
304
36488
2015
323
3504
7041
279
2134
510
43
11
432
4390
262
3270
1084
262
1121
284
4260
262
1510
5011
284
445
7361
262
1418
1510
5011
366
432
512
286
674
7531
279
1828
2410
315
220
17
1306
1510
5011
198
286
1828
21052
3659
62
17
284
220
16
198
286
1418
1828
21052
3659
62
17
2717
1510
5011
512
310
1828
21052
3659
62
17
11658
220
17
9122
286
674
21157
279
1828
1695
8668
842
1306
1510
5011
198
286
1510
6345
284
1828
21052
3659
62
17
9122
286
674
1442
279
1828
1695
8668
842
374
7191
1109
432
11
57872
433
311
432
198
286
422
1510
6345
871
432
512
310
1510
6345
284
432
9122
286
674
21157
279
1828
1695
8668
1212
1306
1510
5011
198
286
503
284
320
3311
5011
482
220
16
8
443
320
3684
21052
3659
62
17
443
220
17
8
489
220
16
198
286
1510
6345
284
1332
8937
6345
11
1828
21052
3659
62
17
353
503
340
1827
286
1121
2102
1209
3311
5011
11
1510
6345
1192
286
1510
5011
284
1510
6345
7361
262
471
1121
271
755
1817
73121
997
262
674
3475
5157
505
279
3575
198
262
2105
9322
7
18
11
220
777
8
624
18305
18
11
220
19
705
320
19
11
220
23
705
320
23
11
220
845
705
320
845
11
220
972
705
320
972
11
220
777
5680
262
2105
9322
7
15
11
220
4278
19
8
624
18305
15
11
220
4278
19
5680
262
2105
9322
7
20077
20478
27134
20077
19869
23
11
220
7322
21038
10617
13719
22048
3487
8
624
2330
286
320
20077
20478
27134
20077
19869
23
11
220
20077
20478
27134
20077
25828
19
1350
286
320
20077
20478
27134
20077
25828
19
11
220
10617
19192
26366
22039
25307
21
1350
286
320
10617
19192
26366
22039
25307
21
11
220
7467
24758
21910
21358
26513
17
1350
286
320
7467
24758
21910
21358
26513
17
11
220
7261
22905
19146
24313
14274
1272
1350
286
320
7261
22905
19146
24313
14274
1272
11
220
7322
7507
21112
20360
19057
4161
1350
286
320
7322
7507
21112
20360
19057
4161
11
220
7322
21776
19597
19162
24380
2371
1350
286
320
7322
21776
19597
19162
24380
2371
11
220
7322
21038
10617
6330
19274
2166
1350
286
320
7322
21038
10617
6330
19274
2166
11
220
7322
21038
10617
13719
22048
3487
340
262
5243
1084
262
674
24086
1296
5157
198
262
2105
9322
7
15
11
220
7322
16443
3965
16551
24313
25388
21
8
624
18305
15
11
220
7322
16443
3965
16551
24313
25388
21
5680
262
2105
9322
7
20758
16551
23644
13236
19711
21310
11
220
7322
16443
3965
16551
24313
25388
21
8
624
18305
20758
16551
23644
13236
19711
21310
11
220
7322
16443
3965
16551
24313
25388
21
5680
262
2105
9322
7
15287
9870
18322
9690
22375
23800
11
220
19355
25168
4386
20325
8878
12338
8
624
2330
286
320
15287
9870
18322
9690
22375
23800
11
220
20758
16551
23644
13236
19711
21310
1350
286
320
20758
16551
23644
13236
19711
21310
11
220
19355
25168
4386
20325
8878
12338
340
262
10661
2
5560
1817
39391
579
46614
45881
59832
8
311
1629
7177
627
2071
39391
579
46614
45881
59832
340
74694
128009