128006
9125
128007
271
38766
1303
33025
2696
25
6790
220
2366
18
198
15724
2696
25
220
2304
17907
220
2366
21
271
128009
128006
882
128007
271
4518
279
2768
734
12223
323
4733
928
11
7373
4305
279
734
7633
323
1522
682
279
7177
13
3146
5989
4276
70765
3247
13916
50
13
57277
2675
1288
15411
279
2082
499
11041
304
264
67859
2082
2565
320
817
10103
33981
320
20670
690
33316
279
4113
5865
696
14196
4077
755
1797
21052
1285
4132
68692
10865
25
528
11
6381
25
528
11
4017
25
528
11
274
25
610
8
1492
528
512
262
4304
4605
279
1396
315
8147
26864
304
279
2134
510
2527
11
6381
27218
1084
262
362
6928
7698
865
374
2663
8147
422
512
262
220
16
13
1102
10548
449
274
320
82
374
264
21166
315
865
340
262
220
17
13
9062
16099
304
865
374
520
1455
4017
7361
262
18161
512
286
1212
25
578
1212
315
279
2134
320
99461
340
286
6381
25
578
842
315
279
2134
320
99461
340
286
4017
25
578
7340
5535
16099
907
320
16
2717
4017
2717
220
24
340
286
274
25
362
925
14393
264
6928
7698
430
2011
387
264
21166
7361
262
5295
512
286
578
1797
315
8147
26864
304
279
2728
2134
7361
262
12382
1797
21052
1285
4132
68692
7
16
11
220
5067
15
11
220
19
11
330
8874
1158
262
220
20
198
262
12382
1797
21052
1285
4132
68692
7
868
11
220
12112
11
220
21
11
330
605
1158
262
220
17
198
262
12382
1797
21052
1285
4132
68692
7
1041
15
11
220
1049
15
11
220
19
11
330
3101
15
1158
262
220
15
198
262
12713
755
1817
73121
997
262
674
13688
1296
5157
198
262
2105
9322
7
16
11
220
5067
15
11
220
19
11
330
8874
909
624
220
20
198
262
2105
9322
7
868
11
220
12112
11
220
21
11
330
605
909
624
220
17
198
262
2105
9322
7
1041
15
11
220
1049
15
11
220
19
11
330
3101
15
909
624
220
15
7361
262
674
24086
1296
5157
198
262
2105
9322
7
1927
11
220
14417
11
220
24
11
330
24
909
624
220
1187
198
262
2105
9322
7
508
11
220
22801
11
220
19
11
330
16
909
624
220
1419
198
262
2105
9322
7
2618
11
220
19081
11
220
17
11
330
806
909
624
220
17
198
262
2105
9322
7
5932
11
220
24963
11
220
18
11
330
966
909
624
220
18
198
262
2105
9322
7
6083
11
220
24579
11
220
21
11
330
3174
909
624
220
21
198
262
2105
9322
7
21910
16
11
220
25016
1490
11
220
24
11
330
2491
909
624
220
24865
198
262
2105
9322
7
23873
23
11
220
5500
1187
11
220
22
11
330
17252
843
909
624
220
16
198
262
2105
9322
7
25208
22455
18
11
220
24307
13679
4767
11
220
16
11
330
5037
5037
909
624
220
17
198
262
2105
9322
7
17168
20744
23
11
220
22768
12676
1721
11
220
21
11
330
13074
909
624
220
10895
2495
198
262
2105
9322
7
24735
21144
23411
28384
15
11
220
23816
23629
15935
26067
868
11
220
21
11
330
11056
15
909
624
220
679
17521
22407
198
262
2105
9322
7
18058
10239
20936
21856
7699
11
220
20711
25867
16482
19447
25326
11
220
18
11
330
7994
8610
12994
11227
17079
909
624
220
15
198
262
2105
9322
7
7467
18501
26051
26970
21251
11
220
26114
22094
24850
23642
20907
11
220
24
11
330
23864
23619
22768
21123
24626
909
624
220
15
271
2
5560
1817
11773
21052
1285
4132
68692
8
311
1629
7177
627
74694
128009
128006
78191
128007
271
74694
12958
198
755
1797
21052
1285
4132
68692
10865
25
528
11
6381
25
528
11
4017
25
528
11
274
25
610
8
1492
528
512
262
3270
262
4605
279
1396
315
8147
26864
304
279
2134
510
2527
11
6381
27218
1084
262
362
6928
7698
865
374
2663
8147
422
512
262
220
16
13
1102
10548
449
274
320
82
374
264
21166
315
865
340
262
220
17
13
9062
16099
304
865
374
520
1455
4017
7361
262
18161
512
286
1212
25
578
1212
315
279
2134
320
99461
340
286
6381
25
578
842
315
279
2134
320
99461
340
286
4017
25
578
7340
5535
16099
907
320
16
2717
4017
2717
220
24
340
286
274
25
362
925
14393
264
6928
7698
430
2011
387
264
21166
7361
262
5295
512
286
578
1797
315
8147
26864
304
279
2728
2134
198
262
3270
262
1797
284
220
15
198
262
369
602
304
2134
10865
11
6381
489
220
16
997
286
674
7316
7698
311
925
369
4228
21166
323
16099
13598
198
286
610
5431
284
610
1998
340
1827
286
674
4343
422
279
925
10548
449
279
2728
21166
198
286
422
610
5431
41215
1161
997
310
674
4343
422
1855
16099
304
279
925
374
520
1455
4017
198
310
422
682
1577
1528
12883
8
2717
4017
369
16099
304
610
5431
997
394
1797
1447
220
16
35235
262
471
1797
271
755
1817
73121
997
262
674
13688
1296
5157
198
262
2105
9322
7
16
11
220
5067
15
11
220
19
11
330
8874
909
624
220
20
198
262
2105
9322
7
868
11
220
12112
11
220
21
11
330
605
909
624
220
17
198
262
2105
9322
7
1041
15
11
220
1049
15
11
220
19
11
330
3101
15
909
624
220
15
7361
262
674
24086
1296
5157
198
262
2105
9322
7
1927
11
220
14417
11
220
24
11
330
24
909
624
220
1187
198
262
2105
9322
7
508
11
220
22801
11
220
19
11
330
16
909
624
220
1419
198
262
2105
9322
7
2618
11
220
19081
11
220
17
11
330
806
909
624
220
17
198
262
2105
9322
7
5932
11
220
24963
11
220
18
11
330
966
909
624
220
18
198
262
2105
9322
7
6083
11
220
24579
11
220
21
11
330
3174
909
624
220
21
198
262
2105
9322
7
21910
16
11
220
25016
1490
11
220
24
11
330
2491
909
624
220
24865
198
262
2105
9322
7
23873
23
11
220
5500
1187
11
220
22
11
330
17252
843
909
624
220
16
198
262
2105
9322
7
25208
22455
18
11
220
24307
13679
4767
11
220
16
11
330
5037
5037
909
624
220
17
198
262
2105
9322
7
17168
20744
23
11
220
22768
12676
1721
11
220
21
11
330
13074
909
624
220
10895
2495
198
262
2105
9322
7
24735
21144
23411
28384
15
11
220
23816
23629
15935
26067
868
11
220
21
11
330
11056
15
909
624
220
679
17521
22407
198
262
2105
9322
7
18058
10239
20936
21856
7699
11
220
20711
25867
16482
19447
25326
11
220
18
11
330
7994
8610
12994
11227
17079
909
624
220
15
198
262
2105
9322
7
7467
18501
26051
26970
21251
11
220
26114
22094
24850
23642
20907
11
220
24
11
330
23864
23619
22768
21123
24626
909
624
220
15
271
2
5560
1817
11773
21052
1285
4132
68692
8
311
1629
7177
627
2071
11773
21052
1285
4132
68692
340
74694
128009
128006
882
128007
271
7927
3766
4879
4745
279
7177
13
5810
596
279
1493
512
6687
1445
320
3646
3293
1650
1566
997
220
2958
36674
8587
49
1644
89
80
22650
39
7345
498
1584
220
2721
11
304
366
4450
397
262
1817
11773
21052
1285
4132
68692
340
220
2958
36674
8587
49
1644
89
80
22650
39
7345
498
1584
220
4218
11
304
1817
198
262
2105
9322
7
21910
16
11
220
25016
1490
11
220
24
11
330
2491
909
624
220
24865
198
1881
6440
62824
62824
62824
62824
62824
62824
62824
62824
62824
61
198
69739
1480
14963
1271
312
42612
11
420
374
701
3465
25
4557
279
2768
734
12223
323
4733
928
11
7373
4305
279
734
7633
323
1522
682
279
7177
13
3146
5989
4276
70765
3247
13916
50
13
57277
2675
1288
15411
279
2082
499
11041
304
264
67859
2082
2565
320
817
10103
33981
320
20670
690
33316
279
4113
5865
8
128009
128006
78191
128007
271
74694
12958
198
755
1797
21052
1285
4132
68692
10865
25
528
11
6381
25
528
11
4017
25
528
11
274
25
610
8
1492
528
512
262
3270
262
4605
279
1396
315
8147
26864
304
279
2134
510
2527
11
6381
27218
1084
262
362
6928
7698
865
374
2663
8147
422
512
262
220
16
13
1102
10548
449
274
320
82
374
264
21166
315
865
340
262
220
17
13
9062
16099
304
865
374
520
1455
4017
7361
262
18161
512
286
1212
25
578
1212
315
279
2134
320
99461
340
286
6381
25
578
842
315
279
2134
320
99461
340
286
4017
25
578
7340
5535
16099
907
320
16
2717
4017
2717
220
24
340
286
274
25
362
925
14393
264
6928
7698
430
2011
387
264
21166
7361
262
5295
512
286
578
1797
315
8147
26864
304
279
2728
2134
198
262
3270
262
1797
284
220
15
198
262
369
602
304
2134
10865
11
6381
489
220
16
997
286
674
7316
7698
311
925
369
4228
21166
323
16099
13598
198
286
610
5431
284
610
1998
340
1827
286
674
4343
422
279
925
10548
449
279
2728
21166
198
286
422
610
5431
41215
1161
997
310
674
4343
422
1855
16099
304
279
925
374
520
1455
4017
198
310
422
682
1577
1528
12883
8
2717
4017
369
16099
304
610
5431
997
394
1797
1447
220
16
35235
262
471
1797
271
755
1817
73121
997
262
674
13688
1296
5157
198
262
2105
9322
7
16
11
220
5067
15
11
220
19
11
330
8874
909
624
220
20
198
262
2105
9322
7
868
11
220
12112
11
220
21
11
330
605
909
624
220
17
198
262
2105
9322
7
1041
15
11
220
1049
15
11
220
19
11
330
3101
15
909
624
220
15
7361
262
674
24086
1296
5157
198
262
2105
9322
7
1927
11
220
14417
11
220
24
11
330
24
909
624
220
1187
198
262
2105
9322
7
508
11
220
22801
11
220
19
11
330
16
909
624
220
1419
198
262
2105
9322
7
2618
11
220
19081
11
220
17
11
330
806
909
624
220
17
198
262
2105
9322
7
5932
11
220
24963
11
220
18
11
330
966
909
624
220
18
198
262
2105
9322
7
6083
11
220
24579
11
220
21
11
330
3174
909
624
220
21
198
262
2105
9322
7
21910
16
11
220
25016
1490
11
220
24
11
330
2491
909
624
220
24865
198
262
2105
9322
7
23873
23
11
220
5500
1187
11
220
22
11
330
17252
843
909
624
220
16
198
262
2105
9322
7
25208
22455
18
11
220
24307
13679
4767
11
220
16
11
330
5037
5037
909
624
220
17
198
262
2105
9322
7
17168
20744
23
11
220
22768
12676
1721
11
220
21
11
330
13074
909
624
220
10895
2495
198
262
2105
9322
7
24735
21144
23411
28384
15
11
220
23816
23629
15935
26067
868
11
220
21
11
330
11056
15
909
624
220
679
17521
22407
198
262
2105
9322
7
18058
10239
20936
21856
7699
11
220
20711
25867
16482
19447
25326
11
220
18
11
330
7994
8610
12994
11227
17079
909
624
220
15
198
262
2105
9322
7
7467
18501
26051
26970
21251
11
220
26114
22094
24850
23642
20907
11
220
24
11
330
23864
23619
22768
21123
24626
909
624
220
15
271
2
5560
1817
11773
21052
1285
4132
68692
8
311
1629
7177
627
2071
11773
21052
1285
4132
68692
340
74694
128009
128006
882
128007
271
7927
3766
4879
4745
279
7177
13
5810
596
279
1493
512
6687
1445
320
3646
3293
1650
1566
997
220
2958
36674
790
12615
16
7939
89
23
70
7345
498
1584
220
2721
11
304
366
4450
397
262
1817
11773
21052
1285
4132
68692
340
220
2958
36674
790
12615
16
7939
89
23
70
7345
498
1584
220
4218
11
304
1817
198
262
2105
9322
7
21910
16
11
220
25016
1490
11
220
24
11
330
2491
909
624
220
24865
198
1881
6440
62824
62824
62824
62824
62824
62824
62824
62824
62824
61
198
69739
1480
14963
1271
312
42612
11
420
374
701
3465
25
4557
279
2768
734
12223
323
4733
928
11
7373
4305
279
734
7633
323
1522
682
279
7177
13
3146
5989
4276
70765
3247
13916
50
13
57277
2675
1288
15411
279
2082
499
11041
304
264
67859
2082
2565
320
817
10103
33981
320
20670
690
33316
279
4113
5865
8
128009
128006
78191
128007
271
74694
12958
198
755
1797
21052
1285
4132
68692
10865
25
528
11
6381
25
528
11
4017
25
528
11
274
25
610
8
1492
528
512
262
3270
262
4605
279
1396
315
8147
26864
304
279
2134
510
2527
11
6381
27218
1084
262
362
6928
7698
865
374
2663
8147
422
512
262
220
16
13
1102
10548
449
274
320
82
374
264
21166
315
865
340
262
220
17
13
9062
16099
304
865
374
520
1455
4017
7361
262
18161
512
286
1212
25
578
1212
315
279
2134
320
99461
340
286
6381
25
578
842
315
279
2134
320
99461
340
286
4017
25
578
7340
5535
16099
907
320
16
2717
4017
2717
220
24
340
286
274
25
362
925
14393
264
6928
7698
430
2011
387
264
21166
7361
262
5295
512
286
578
1797
315
8147
26864
304
279
2728
2134
198
262
3270
262
1797
284
220
15
198
262
369
1661
304
2134
10865
11
6381
489
220
16
997
286
610
4369
284
610
8228
340
286
422
610
4369
41215
1161
997
310
422
682
1577
1528
12883
8
2717
4017
369
16099
304
610
4369
997
394
1797
1447
220
16
198
262
471
1797
271
755
1817
73121
997
262
674
13688
1296
5157
198
262
2105
9322
7
16
11
220
5067
15
11
220
19
11
330
8874
909
624
220
20
198
262
2105
9322
7
868
11
220
12112
11
220
21
11
330
605
909
624
220
17
198
262
2105
9322
7
1041
15
11
220
1049
15
11
220
19
11
330
3101
15
909
624
220
15
7361
262
674
24086
1296
5157
198
262
2105
9322
7
1927
11
220
14417
11
220
24
11
330
24
909
624
220
1187
198
262
2105
9322
7
508
11
220
22801
11
220
19
11
330
16
909
624
220
1419
198
262
2105
9322
7
2618
11
220
19081
11
220
17
11
330
806
909
624
220
17
198
262
2105
9322
7
5932
11
220
24963
11
220
18
11
330
966
909
624
220
18
198
262
2105
9322
7
6083
11
220
24579
11
220
21
11
330
3174
909
624
220
21
198
262
2105
9322
7
21910
16
11
220
25016
1490
11
220
24
11
330
2491
909
624
220
24865
198
262
2105
9322
7
23873
23
11
220
5500
1187
11
220
22
11
330
17252
843
909
624
220
16
198
262
2105
9322
7
25208
22455
18
11
220
24307
13679
4767
11
220
16
11
330
5037
5037
909
624
220
17
198
262
2105
9322
7
17168
20744
23
11
220
22768
12676
1721
11
220
21
11
330
13074
909
624
220
10895
2495
198
262
2105
9322
7
24735
21144
23411
28384
15
11
220
23816
23629
15935
26067
868
11
220
21
11
330
11056
15
909
624
220
679
17521
22407
198
262
2105
9322
7
18058
10239
20936
21856
7699
11
220
20711
25867
16482
19447
25326
11
220
18
11
330
7994
8610
12994
11227
17079
909
624
220
15
198
262
2105
9322
7
7467
18501
26051
26970
21251
11
220
26114
22094
24850
23642
20907
11
220
24
11
330
23864
23619
22768
21123
24626
909
624
220
15
271
2
5560
1817
11773
21052
1285
4132
68692
8
311
1629
7177
627
2071
11773
21052
1285
4132
68692
340
74694
128009