128006
9125
128007
271
38766
1303
33025
2696
25
6790
220
2366
18
198
15724
2696
25
220
2304
17907
220
2366
21
271
128009
128006
882
128007
271
4518
279
2768
734
12223
323
4733
928
11
7373
4305
279
734
7633
323
1522
682
279
7177
13
3146
5989
4276
70765
3247
13916
50
13
57277
2675
1288
15411
279
2082
499
11041
304
264
67859
2082
2565
320
817
10103
33981
320
20670
690
33316
279
4113
5865
696
14196
4077
755
1332
48626
5595
3537
8318
74410
485
442
288
1161
25
610
11
597
25
528
8
1492
528
512
262
4304
16644
264
925
274
323
459
7698
597
11
17071
274
1139
597
16146
826
1778
430
279
2694
720
262
315
279
1396
315
6661
4442
2631
311
2543
1855
39549
1139
264
18768
2320
278
37158
720
262
374
82178
13
3494
279
8187
1396
315
6661
4442
2631
627
1084
262
362
925
374
264
18768
2320
278
37158
422
512
262
482
1102
706
3160
2669
220
17
11
3651
198
262
482
2684
6866
264
6928
7698
294
1778
430
220
16
2717
294
366
2479
323
2479
1034
294
624
220
15
11
3651
198
262
482
36925
15285
430
617
279
1890
60964
555
294
7739
264
74197
627
1084
262
1789
3187
25
330
5418
498
330
12273
498
330
329
12498
329
498
323
330
370
370
1
527
18768
2320
278
485
442
288
627
262
330
64
498
330
370
498
323
330
370
936
1
527
539
18768
2320
278
485
442
288
627
1084
262
18161
512
286
274
25
362
925
31706
1193
315
43147
6498
12197
320
17
2717
2479
1161
8
2717
220
1049
340
286
597
25
5742
315
16146
826
311
17071
1139
320
16
2717
597
2717
2479
1161
8
611
220
17
340
1084
262
5295
512
286
578
8187
1396
315
6661
4442
2631
311
1304
682
597
16146
826
18768
2320
278
485
442
288
627
1084
262
12382
1332
48626
5595
3537
8318
74410
485
442
288
446
13997
582
498
220
17
340
262
220
16
198
262
12382
1332
48626
5595
3537
8318
74410
485
442
288
446
42302
498
220
17
340
262
220
17
198
262
12382
1332
48626
5595
3537
8318
74410
485
442
288
446
89707
4749
64
498
220
18
340
262
220
15
198
262
12713
755
1817
73121
997
262
674
3475
5157
505
10507
198
262
2105
9322
446
13997
582
498
220
17
8
624
220
16
198
262
2105
9322
446
42302
498
220
17
8
624
220
16
198
262
2105
9322
446
89707
4749
64
498
220
18
8
624
220
15
7361
262
674
24086
1296
5157
198
262
2105
9322
446
664
498
220
16
8
624
220
16
198
262
2105
9322
446
564
498
220
16
8
624
220
16
198
262
2105
9322
446
34175
498
220
16
8
624
220
15
198
262
2105
9322
446
74
1658
498
220
16
8
624
220
16
198
262
2105
9322
446
64
12806
498
220
17
8
624
220
15
198
262
2105
9322
446
7792
46341
498
220
17
8
624
220
17
198
262
2105
9322
446
74
8050
4657
498
220
16
8
624
220
16
198
262
2105
9322
446
29558
5418
498
220
17
8
624
220
15
198
262
2105
9322
446
370
370
370
498
220
18
8
624
220
18
7361
262
674
5843
1296
5157
198
262
2105
9322
446
92216
290
89
713
365
24244
73
830
78
771
1551
9700
86
80
21796
283
88
3841
2053
652
36069
82
12498
22119
87
307
363
713
14606
14878
94908
13536
4080
343
21206
1609
360
80546
10616
83582
80
12940
5633
25299
8480
3576
81
2249
74
5010
74
969
95212
1964
70
3696
49463
501
332
2249
56871
5308
77
953
6331
86
869
7197
67702
2580
69
37975
268
87
351
2396
80
49595
9996
67
3757
41796
657
4657
80
3601
6200
3906
5797
1729
40924
2249
7513
285
86
796
25457
2857
36825
303
331
65
20531
81
498
220
1041
8
624
220
2721
198
262
2105
9322
446
32204
2554
575
303
86
511
5469
3178
67665
70
44970
316
74
376
339
65
9701
797
88
79224
316
89
1658
4080
77
404
372
273
830
9451
17156
318
87537
85
544
62327
4937
564
3614
7737
81
7907
501
44508
822
88
2629
575
67
652
69
73
18287
447
38361
44970
83079
392
13546
64
450
79
4511
81
1371
79
427
2857
65
80
1678
18287
2857
38361
343
20824
5981
894
38692
4511
447
71
3251
64419
70
42050
566
21807
24027
70
5981
657
71
9701
71
11089
7910
324
19072
587
1336
65
11089
73
28990
6511
73
88
3696
74
498
220
1041
8
624
220
3534
198
262
2105
9322
446
370
370
370
370
370
370
370
370
370
370
370
370
370
370
370
370
370
370
370
370
370
370
370
370
370
370
370
370
370
370
370
370
370
370
370
370
370
370
370
370
370
370
370
370
370
370
370
370
370
370
370
370
370
370
370
370
370
370
370
370
370
370
370
370
370
370
370
370
370
370
370
370
370
370
370
370
370
370
370
370
370
370
370
370
370
370
370
370
370
370
370
370
370
370
370
370
370
370
370
370
498
220
1041
8
624
220
1041
271
2
5560
1817
14478
48626
5595
3537
8318
74410
485
442
288
8
311
1629
7177
627
74694
128009
128006
78191
128007
271
74694
12958
198
755
1332
48626
5595
3537
8318
74410
485
442
288
1161
25
610
11
597
25
528
8
1492
528
512
262
3270
262
16644
264
925
274
323
459
7698
597
11
17071
274
1139
597
16146
826
1778
430
279
2694
720
262
315
279
1396
315
6661
4442
2631
311
2543
1855
39549
1139
264
18768
2320
278
37158
720
262
374
82178
13
3494
279
8187
1396
315
6661
4442
2631
627
1084
262
362
925
374
264
18768
2320
278
37158
422
512
262
482
1102
706
3160
2669
220
17
11
3651
198
262
482
2684
6866
264
6928
7698
294
1778
430
220
16
2717
294
366
2479
323
2479
1034
294
624
220
15
11
3651
198
262
482
36925
15285
430
617
279
1890
60964
555
294
7739
264
74197
627
1084
262
1789
3187
25
330
5418
498
330
12273
498
330
329
12498
329
498
323
330
370
370
1
527
18768
2320
278
485
442
288
627
262
330
64
498
330
370
498
323
330
370
936
1
527
539
18768
2320
278
485
442
288
627
1084
262
18161
512
286
274
25
362
925
31706
1193
315
43147
6498
12197
320
17
2717
2479
1161
8
2717
220
1049
340
286
597
25
5742
315
16146
826
311
17071
1139
320
16
2717
597
2717
2479
1161
8
611
220
17
340
1084
262
5295
512
286
578
8187
1396
315
6661
4442
2631
311
1304
682
597
16146
826
18768
2320
278
485
442
288
627
262
3270
1084
262
711
374
3537
8318
74410
37158
10849
928
997
286
3270
286
25884
422
264
39549
374
264
18768
2320
278
37158
627
1827
286
18161
512
310
39549
25
362
925
311
1817
627
1827
286
5295
512
310
3082
422
279
39549
374
264
18768
2320
278
37158
11
3641
6062
627
286
3270
286
369
294
304
2134
7
16
11
2479
10849
928
10162
310
422
2479
10849
928
8
1034
294
624
220
15
512
394
5315
284
510
34974
1004
15007
52512
60
369
602
304
2134
7
15
11
2479
10849
928
705
294
5680
394
422
682
18158
624
1912
63254
16
60
369
1912
304
5315
997
504
471
3082
198
286
471
3641
7361
262
711
4442
2401
3537
8318
74410
37158
10849
928
997
286
3270
286
60953
279
8187
1396
315
6661
4442
2631
311
2543
264
39549
1139
264
18768
2320
278
37158
627
1827
286
18161
512
310
39549
25
362
925
311
11294
4442
369
627
1827
286
5295
512
310
578
8187
1396
315
6661
4442
2631
627
286
3270
286
1332
48626
284
2273
493
13885
1329
286
369
294
304
2134
7
16
11
2479
10849
928
10162
310
422
2479
10849
928
8
1034
294
624
220
15
512
394
5315
284
510
34974
1004
15007
52512
60
369
602
304
2134
7
15
11
2479
10849
928
705
294
5680
394
4442
284
2694
20292
2948
976
293
369
264
11
293
304
10521
18158
11
1912
63254
16
9549
369
1912
304
5315
340
394
1332
48626
284
1332
14478
48626
11
4442
340
286
471
1332
48626
7361
262
674
9185
279
8915
15840
2007
198
262
11581
284
4416
3733
493
13885
52128
353
320
74
489
220
16
8
369
721
304
2134
7046
1161
8
489
220
16
5680
262
11581
58
15
1483
15
60
284
220
15
7361
262
674
22748
279
8915
15840
2007
198
262
369
602
304
2134
7
16
11
2479
1161
8
489
220
16
997
286
369
503
304
2134
7
16
11
1332
1998
11
597
8
489
220
16
997
310
369
296
304
2134
3406
482
220
16
11
602
997
394
39549
284
274
12335
15007
933
394
4442
284
4442
2401
3537
8318
74410
37158
10849
928
340
394
11581
1004
1483
73
60
284
1332
35899
1004
1483
73
1145
11581
12335
1483
73
482
220
16
60
489
4442
340
1084
262
674
578
8187
1396
315
6661
4442
374
9967
304
279
1566
2849
315
279
8915
15840
2007
198
262
471
11581
7764
16
63972
16
2595
2
5560
1817
14478
48626
5595
3537
8318
74410
485
442
288
8
311
1629
7177
627
74694
128009
128006
882
128007
271
7927
3766
4879
4745
279
7177
13
5810
596
279
1493
512
6687
1445
320
3646
3293
1650
1566
997
220
2958
36674
52426
70
62859
19
55
25457
40
7345
498
1584
220
8874
11
304
366
4450
397
262
1817
14478
48626
5595
3537
8318
74410
485
442
288
340
220
2958
36674
52426
70
62859
19
55
25457
40
7345
498
1584
220
2148
11
304
1817
198
262
2105
9322
446
13997
582
498
220
17
8
624
220
16
198
1881
6440
62824
62824
62824
62824
62824
62824
61
198
69739
1480
14963
1271
312
42612
11
420
374
701
3465
25
4557
279
2768
734
12223
323
4733
928
11
7373
4305
279
734
7633
323
1522
682
279
7177
13
3146
5989
4276
70765
3247
13916
50
13
57277
2675
1288
15411
279
2082
499
11041
304
264
67859
2082
2565
320
817
10103
33981
320
20670
690
33316
279
4113
5865
8
128009
128006
78191
128007
271
74694
12958
198
755
1332
48626
5595
3537
8318
74410
485
442
288
1161
25
610
11
597
25
528
8
1492
528
512
262
3270
262
16644
264
925
274
323
459
7698
597
11
17071
274
1139
597
16146
826
1778
430
279
2694
720
262
315
279
1396
315
6661
4442
2631
311
2543
1855
39549
1139
264
18768
2320
278
37158
720
262
374
82178
13
3494
279
8187
1396
315
6661
4442
2631
627
1084
262
362
925
374
264
18768
2320
278
37158
422
512
262
482
1102
706
3160
2669
220
17
11
3651
198
262
482
2684
6866
264
6928
7698
294
1778
430
220
16
2717
294
366
2479
323
2479
1034
294
624
220
15
11
3651
198
262
482
36925
15285
430
617
279
1890
60964
555
294
7739
264
74197
627
1084
262
1789
3187
25
330
5418
498
330
12273
498
330
329
12498
329
498
323
330
370
370
1
527
18768
2320
278
485
442
288
627
262
330
64
498
330
370
498
323
330
370
936
1
527
539
18768
2320
278
485
442
288
627
1084
262
18161
512
286
274
25
362
925
31706
1193
315
43147
6498
12197
320
17
2717
2479
1161
8
2717
220
1049
340
286
597
25
5742
315
16146
826
311
17071
1139
320
16
2717
597
2717
2479
1161
8
611
220
17
340
1084
262
5295
512
286
578
8187
1396
315
6661
4442
2631
311
1304
682
597
16146
826
18768
2320
278
485
442
288
627
262
3270
1084
262
711
1332
48626
10849
928
997
286
1332
48626
284
2273
493
13885
1329
286
369
294
304
2134
7
16
11
2479
10849
928
10162
310
422
2479
10849
928
8
1034
294
624
220
15
512
394
5315
284
510
34974
1004
15007
52512
60
369
602
304
2134
7
15
11
2479
10849
928
705
294
5680
394
4442
284
220
15
198
394
369
1912
304
5315
512
504
1912
284
1160
18158
340
504
602
11
503
284
220
15
11
2479
18158
8
482
220
16
198
504
1418
602
366
503
512
667
422
1912
1004
60
976
1912
3894
10556
1014
4442
1447
220
16
198
667
602
1447
220
16
198
667
503
6110
220
16
198
394
1332
48626
284
1332
14478
48626
11
4442
340
286
471
1332
48626
422
1332
48626
976
2273
493
13885
873
775
2479
10849
928
8
443
220
17
7361
262
711
11581
1998
11
503
997
286
422
320
72
11
503
8
304
22154
512
310
471
22154
9896
72
11
503
5680
286
422
503
624
220
15
323
602
871
220
15
512
310
471
2273
493
13885
1329
286
422
503
624
220
16
323
602
871
220
15
512
310
471
1332
48626
1161
3530
72
2608
286
422
503
871
602
512
310
471
2273
493
13885
1329
1827
286
8261
284
2273
493
13885
1329
286
369
296
304
2134
3406
482
220
16
11
602
997
310
8261
284
1332
34652
11
11581
1278
11
503
482
220
16
8
489
1332
48626
1161
12335
15007
11147
1827
286
22154
9896
72
11
503
7400
284
8261
198
286
471
8261
7361
262
22154
284
5731
262
471
11581
7046
1161
705
597
696
2
5560
1817
14478
48626
5595
3537
8318
74410
485
442
288
8
311
1629
7177
627
74694
128009
128006
882
128007
271
7927
3766
4879
4745
279
7177
13
5810
596
279
1493
512
6687
1445
320
3646
3293
1650
1566
997
220
2958
36674
57
75
18
53
17
86
47
57
38
73
7345
498
1584
220
5037
11
304
366
4450
397
262
1817
14478
48626
5595
3537
8318
74410
485
442
288
340
220
2958
36674
57
75
18
53
17
86
47
57
38
73
7345
498
1584
220
2148
11
304
1817
198
262
2105
9322
446
13997
582
498
220
17
8
624
220
16
198
1881
6440
62824
62824
62824
62824
62824
62824
61
198
69739
1480
14963
1271
312
42612
11
420
374
701
3465
25
4557
279
2768
734
12223
323
4733
928
11
7373
4305
279
734
7633
323
1522
682
279
7177
13
3146
5989
4276
70765
3247
13916
50
13
57277
2675
1288
15411
279
2082
499
11041
304
264
67859
2082
2565
320
817
10103
33981
320
20670
690
33316
279
4113
5865
8
128009
128006
78191
128007
271
74694
12958
198
755
1332
48626
5595
3537
8318
74410
485
442
288
1161
25
610
11
597
25
528
8
1492
528
512
262
711
1332
48626
10849
928
997
286
308
284
2479
10849
928
340
286
1332
48626
284
2273
493
13885
1329
286
369
294
304
2134
7
16
11
308
997
310
422
308
1034
294
624
220
15
512
394
4442
284
220
15
198
394
369
602
304
2134
1528
997
504
23861
284
510
34974
3894
60
369
503
304
2134
1998
11
308
11
294
5680
504
1797
284
5731
504
369
1181
304
23861
512
667
422
1181
539
304
1797
512
1014
1797
93800
60
284
220
15
198
667
1797
93800
60
1447
220
16
198
504
1973
3259
284
1973
11773
10883
2455
504
4442
1447
2479
77306
8
482
1973
3259
198
394
1332
48626
284
1332
14478
48626
11
4442
340
286
471
1332
48626
422
1332
48626
976
2273
493
13885
873
775
220
15
271
262
22154
284
5731
262
711
11581
1998
11
503
997
286
422
320
72
11
503
8
304
22154
512
310
471
22154
9896
72
11
503
5680
286
422
602
624
220
15
323
503
624
220
15
512
310
471
220
15
198
286
422
602
366
503
477
503
624
220
15
512
310
471
2273
493
13885
1329
286
8261
284
2273
493
13885
1329
286
369
296
304
2134
1998
997
310
8261
284
1332
34652
11
11581
1278
11
503
482
220
16
8
489
1332
48626
1161
12335
15007
11147
286
22154
9896
72
11
503
7400
284
8261
198
286
471
8261
271
262
471
11581
7046
1161
705
597
696
2
5560
1817
14478
48626
5595
3537
8318
74410
485
442
288
8
311
1629
7177
627
74694
128009