128006
9125
128007
271
38766
1303
33025
2696
25
6790
220
2366
18
198
15724
2696
25
220
2304
17907
220
2366
21
271
128009
128006
882
128007
271
4518
279
2768
734
12223
323
4733
928
11
7373
4305
279
734
7633
323
1522
682
279
7177
13
3146
5989
4276
70765
3247
13916
50
13
57277
2675
1288
15411
279
2082
499
11041
304
264
67859
2082
2565
320
817
10103
33981
320
20670
690
33316
279
4113
5865
696
14196
4077
755
3685
58445
8368
25
528
11
386
25
528
8
1492
528
512
262
4304
21157
279
3685
1396
315
7677
34390
1494
31478
27772
389
264
5021
449
452
18028
44
10
16
17672
627
1084
262
578
5021
706
17672
49926
220
15
11
220
16
11
61453
452
18028
44
13
578
602
7716
6964
320
16
38394
602
38394
452
18028
44
8
34161
720
262
17672
602
323
1973
1998
482
452
11
220
15
570
59656
11
1193
12202
220
15
374
24937
627
1084
262
28757
505
12202
220
15
11
34390
1494
31478
19352
512
262
220
16
13
33680
20274
832
24894
12202
78909
520
4288
323
11031
311
433
198
262
220
17
13
1442
279
12202
374
22355
31329
11
568
57948
433
7361
262
1115
9731
3156
682
17672
527
24937
627
1084
262
18161
512
286
452
25
5629
5852
320
16
38394
452
38394
220
17
18028
605
61
20
340
286
386
25
10657
5852
320
16
38394
386
38394
220
17
18028
605
61
20
340
1084
262
5295
512
286
578
3685
1396
315
7677
60964
220
19416
13719
17228
7361
262
12382
3685
58445
7
17
11
220
17
340
262
220
508
198
262
12382
3685
58445
7
4513
10961
11
220
9741
9741
340
262
220
25073
25344
975
198
262
12713
755
1817
73121
997
262
2105
9322
7
17
11
220
17
8
624
220
508
198
262
2105
9322
7
4513
10961
11
220
9741
9741
8
624
220
25073
25344
975
198
262
2105
9322
7
9367
21056
11
220
8258
24902
8
624
220
17014
25136
16482
198
262
2105
9322
7
9591
2946
11
220
10617
2491
8
624
220
17814
20153
9079
198
262
2105
9322
7
16
11
220
17
8
624
220
19
198
262
2105
9322
7
17361
21
11
220
9591
2166
8
624
220
17335
19038
4468
198
262
2105
9322
7
1682
11
220
2137
8
624
220
16371
22904
25560
198
262
2105
9322
7
2148
11
220
508
8
624
220
17698
18781
22467
198
262
2105
9322
7
2491
11
220
1032
8
624
220
21474
24531
20253
198
262
2105
9322
7
22
11
220
17
8
624
220
21856
26491
25504
198
262
2105
9322
7
10750
20800
11
220
8953
21944
8
624
220
9079
17824
1490
198
262
2105
9322
7
3391
11
220
1774
8
624
220
7854
25921
23428
198
262
2105
9322
7
20153
3971
11
220
16567
1313
8
624
220
23996
22468
1806
198
262
2105
9322
7
10336
20068
11
220
7285
11711
8
624
220
2636
14417
19774
198
262
2105
9322
7
5894
3076
11
220
16544
4370
8
624
220
20963
19306
9639
198
262
2105
9322
7
1774
11
220
2137
8
624
220
25962
2636
24887
198
262
2105
9322
7
9367
20338
11
220
8953
21312
8
624
220
17058
21278
20767
198
262
2105
9322
7
16660
19
11
220
9870
4103
8
624
220
9870
19081
605
198
262
2105
9322
7
2096
11
220
508
8
624
220
18322
24061
22904
198
262
2105
9322
7
5500
1484
11
220
1041
931
8
624
220
23305
24599
22039
198
262
2105
9322
7
508
11
220
717
8
624
220
20758
10828
14487
198
262
2105
9322
7
1272
11
220
24
8
624
220
10861
15231
22529
198
262
2105
9322
7
7028
23986
11
220
11068
19192
8
624
220
24054
1049
17419
198
262
2105
9322
7
1774
11
220
1187
8
624
220
19146
17608
20325
198
262
2105
9322
7
16
11
220
1049
931
8
624
220
4513
10961
2495
198
262
2105
9322
7
10750
25016
11
220
10005
3101
8
624
220
18517
22457
24250
198
262
2105
9322
7
16
11
220
16
8
624
220
16
198
262
2105
9322
7
24110
21
11
220
11123
1691
8
624
220
4278
9756
25527
198
262
2105
9322
7
1927
11
220
777
8
624
220
11247
19597
21717
198
262
2105
9322
7
1419
11
220
17
8
624
220
18781
19272
17267
198
262
2105
9322
7
1987
11
220
605
8
624
220
22600
22276
25238
198
262
2105
9322
7
1041
931
11
220
5500
1484
8
624
220
14148
25001
2813
198
262
2105
9322
7
975
11
220
1987
8
624
220
25560
6849
18887
198
262
2105
9322
7
1987
11
220
20
8
624
220
12910
8610
19222
198
262
2105
9322
7
9714
22801
11
220
11123
18775
8
624
220
6549
17837
1806
198
262
2105
9322
7
10861
27311
11
220
10861
25221
8
624
220
1049
23805
20998
198
262
2105
9322
7
9565
2495
11
220
3101
1187
8
624
220
16104
24809
24606
198
262
2105
9322
7
1644
11
220
868
8
624
220
16460
25202
22750
198
262
2105
9322
7
2790
11
220
1958
8
624
220
24902
10898
10336
198
262
2105
9322
7
22
11
220
777
8
624
220
24809
16739
24132
198
262
2105
9322
7
717
11
220
966
8
624
220
6393
21618
15189
271
2
5560
1817
15611
58445
8
311
1629
7177
627
74694
128009
128006
78191
128007
271
74694
12958
198
755
3685
58445
8368
25
528
11
386
25
528
8
1492
528
512
262
19186
284
220
19416
13719
17228
198
262
2860
38820
284
452
353
386
489
220
16
198
262
1121
284
220
15
198
262
369
602
304
2134
7
16
11
2860
38820
997
286
1121
284
320
1407
489
320
72
489
452
482
220
16
8
443
452
8
1034
19186
198
262
471
1121
198
74694
128009
128006
882
128007
271
7927
3766
4879
4745
279
7177
13
5810
596
279
1493
512
6687
1445
320
3646
3293
1650
1566
997
220
2958
36674
64491
1031
48
85
5481
22
34
7345
498
1584
220
4767
11
304
366
4450
397
262
1817
15611
58445
340
220
2958
36674
64491
1031
48
85
5481
22
34
7345
498
1584
220
1544
11
304
1817
198
262
2105
9322
7
17
11
220
17
8
624
220
508
198
1881
6440
62824
62824
62824
62824
62824
198
69739
1480
14963
1271
312
42612
11
420
374
701
3465
25
4557
279
2768
734
12223
323
4733
928
11
7373
4305
279
734
7633
323
1522
682
279
7177
13
3146
5989
4276
70765
3247
13916
50
13
57277
2675
1288
15411
279
2082
499
11041
304
264
67859
2082
2565
320
817
10103
33981
320
20670
690
33316
279
4113
5865
8
128009
128006
78191
128007
271
74694
12958
198
755
3685
58445
8368
25
528
11
386
25
528
8
1492
528
512
262
19186
284
220
19416
13719
17228
198
262
2860
38820
284
452
353
386
489
220
16
198
262
1121
284
220
15
198
262
369
602
304
2134
7
16
11
2860
38820
997
286
1121
284
320
1407
489
7019
8368
11
19186
12
17
11
19186
8
353
320
45
489
320
72
12
16
28250
45
595
1034
19186
198
262
471
1121
198
74694
128009
128006
882
128007
271
7927
3766
4879
4745
279
7177
13
5810
596
279
1493
512
6687
1445
320
3646
3293
1650
1566
997
220
2958
36674
10510
6028
351
37
127829
77
7345
498
1584
220
4767
11
304
366
4450
397
262
1817
15611
58445
340
220
2958
36674
10510
6028
351
37
127829
77
7345
498
1584
220
1544
11
304
1817
198
262
2105
9322
7
17
11
220
17
8
624
220
508
198
1881
6440
62824
62824
62824
62824
62824
198
69739
1480
14963
1271
312
42612
11
420
374
701
3465
25
4557
279
2768
734
12223
323
4733
928
11
7373
4305
279
734
7633
323
1522
682
279
7177
13
3146
5989
4276
70765
3247
13916
50
13
57277
2675
1288
15411
279
2082
499
11041
304
264
67859
2082
2565
320
817
10103
33981
320
20670
690
33316
279
4113
5865
8
128009
128006
78191
128007
271
74694
12958
198
755
3685
58445
8368
25
528
11
386
25
528
8
1492
528
512
262
19186
284
220
19416
13719
17228
198
262
2860
38820
284
452
353
386
489
220
16
198
262
1121
284
220
15
198
262
369
602
304
2134
7
16
11
2860
38820
997
286
422
602
2717
452
512
310
1121
284
320
1407
489
220
17
353
602
8
1034
19186
198
286
775
512
310
1121
284
320
1407
489
320
45
489
220
17
353
320
72
482
452
7861
1034
19186
198
262
471
1121
198
74694
128009