128006
9125
128007
271
38766
1303
33025
2696
25
6790
220
2366
18
198
15724
2696
25
220
2304
17907
220
2366
21
271
128009
128006
882
128007
271
4518
279
2768
734
12223
323
4733
928
11
7373
4305
279
734
7633
323
1522
682
279
7177
13
3146
5989
4276
70765
3247
13916
50
13
57277
2675
1288
15411
279
2082
499
11041
304
264
67859
2082
2565
320
817
10103
33981
320
20670
690
33316
279
4113
5865
696
14196
4077
1527
20061
1179
1796
1432
755
1973
10622
26387
25
1796
53094
19155
30716
1492
528
512
262
4304
16644
264
220
17
35
6303
315
6928
26864
11
3373
832
477
810
7917
1778
430
512
262
482
2360
1403
4183
7917
527
304
279
1890
2872
198
262
482
578
2819
304
279
4183
7917
527
5016
7361
262
3494
279
7340
2694
315
2819
499
649
11322
627
1084
262
18161
512
286
5950
25
362
220
17
35
1160
1405
220
16
2717
2479
26387
705
2479
26387
1004
2526
2717
220
605
323
220
16
2717
5950
1004
1483
73
60
2717
220
1041
7361
262
12382
1973
10622
28218
16
11
17
11
18
15304
19
11
18
11
17
15304
16
11
16
11
16
27829
262
220
23
198
262
12382
1973
10622
28218
23
11
22
11
21
15304
23
11
18
11
17
27829
262
220
868
198
262
12713
755
1817
73121
997
262
2105
9322
28218
16
11
17
11
18
15304
19
11
18
11
17
15304
16
11
16
11
16
30716
624
220
23
198
262
2105
9322
28218
23
11
22
11
21
15304
23
11
18
11
17
30716
624
220
868
198
262
2105
9322
28218
1041
11
220
22
11
220
19
1145
510
1484
11
220
23
11
220
19
1145
510
3264
11
220
19
11
220
17
1145
510
3534
11
220
20
11
220
16
1145
510
4161
11
220
23
11
220
22
1145
510
2721
11
220
16
11
220
605
1145
510
6281
11
220
20
11
220
20
1145
510
6365
11
220
19
11
220
18
1145
510
6083
11
220
21
11
220
17
1145
510
5925
11
220
605
11
220
22
30716
624
220
25875
198
262
2105
9322
28218
868
11
22
11
605
11
21
15304
972
11
806
11
605
11
777
15304
17
11
806
11
717
11
972
30716
624
220
4103
198
262
2105
9322
28218
868
11
22
11
17
11
605
15304
605
11
605
11
22
11
22
15304
22
11
972
11
1032
11
1032
30716
624
220
3391
198
262
2105
9322
28218
18
11
220
17
11
220
19
11
220
20
11
220
16
1145
510
24
11
220
21
11
220
23
11
220
22
11
220
605
30716
624
220
868
198
262
2105
9322
28218
22
11
220
17
11
220
21
11
220
18
11
220
20
11
220
23
11
220
16
11
220
19
1145
510
24
11
220
1032
11
220
868
11
220
975
11
220
806
11
220
845
11
220
605
11
220
717
1145
510
1114
11
220
1691
11
220
972
11
220
1419
11
220
777
11
220
1313
11
220
508
11
220
1187
1145
510
843
11
220
914
11
220
1627
11
220
1544
11
220
1591
11
220
1682
11
220
2148
11
220
966
1145
510
1927
11
220
1806
11
220
2137
11
220
1272
11
220
1958
11
220
1987
11
220
1758
11
220
1644
1145
510
2790
11
220
2618
11
220
2983
11
220
3391
11
220
1774
11
220
3174
11
220
2166
11
220
2096
30716
624
220
8953
198
262
2105
9322
28218
845
11
972
15304
508
11
508
15304
972
11
972
15304
16
11
868
30716
624
220
2031
198
262
2105
9322
28218
22
11
972
11
972
15304
17
11
508
11
17
15304
20
11
16
11
868
30716
624
220
4331
198
262
2105
9322
28218
972
11
16
15304
605
11
1032
30716
624
220
2148
198
262
2105
9322
28218
5833
11
220
16
1145
510
16
11
220
5547
30716
624
220
9591
198
262
2105
9322
28218
24
11
777
15304
806
11
18
30716
624
220
966
198
262
2105
9322
28218
868
11
868
11
24
11
868
30716
624
220
868
198
262
2105
9322
28218
1032
11
975
11
975
15304
975
11
972
11
972
15304
508
11
975
11
508
15304
508
11
19
11
975
30716
624
220
2397
198
262
2105
9322
28218
20
11
220
22
11
220
21
11
220
20
11
220
1041
11
220
16
11
220
21
11
220
16
11
220
17
1145
510
21
11
220
16
11
220
23
11
220
18
11
220
22
11
220
21
11
220
18
11
220
22
11
220
18
1145
510
16
11
220
19
11
220
16
11
220
17
11
220
20
11
220
18
11
220
19
11
220
22
11
220
19
1145
510
20
11
220
21
11
220
21
11
220
21
11
220
20
11
220
605
11
220
16
11
220
22
11
220
20
1145
510
17
11
220
23
11
220
19
11
220
17
11
220
24
11
220
605
11
220
17
11
220
16
11
220
23
1145
510
16
11
220
18
11
220
16
11
220
19
11
220
24
11
220
20
11
220
605
11
220
21
11
220
23
1145
510
20
11
220
24
11
220
18
11
220
23
11
220
20
11
220
22
11
220
21
11
220
16
11
220
20
1145
510
605
11
220
24
11
220
23
11
220
22
11
220
21
11
220
24
11
220
23
11
220
22
11
220
18
30716
624
220
10161
198
262
2105
9322
28218
22
11
21
15304
777
11
23
15304
868
11
22
30716
624
220
3174
198
262
2105
9322
28218
17
11
220
16
11
220
20
11
220
19
11
220
18
1145
510
22
11
220
24
11
220
605
11
220
21
11
220
23
1145
510
1032
11
220
717
11
220
975
11
220
806
11
220
868
1145
510
777
11
220
972
11
220
845
11
220
508
11
220
1114
1145
510
1187
11
220
1419
11
220
1313
11
220
1691
11
220
914
1145
510
966
11
220
1591
11
220
1682
11
220
1627
11
220
1544
1145
510
1758
11
220
2148
11
220
1958
11
220
843
11
220
1644
1145
510
1272
11
220
1987
11
220
1927
11
220
2137
11
220
1806
1145
510
2983
11
220
3391
11
220
3174
11
220
1774
11
220
2096
1145
510
2491
11
220
2618
11
220
2790
11
220
2166
11
220
1135
30716
624
220
14417
198
262
2105
9322
28218
1041
11
220
23
11
220
23
11
220
19
11
220
605
11
220
16
11
220
23
11
220
23
11
220
21
1145
510
1484
11
220
19
11
220
22
11
220
22
11
220
19
11
220
19
11
220
22
11
220
18
11
220
24
1145
510
3264
11
220
23
11
220
18
11
220
20
11
220
17
11
220
16
11
220
19
11
220
22
11
220
605
1145
510
3534
11
220
21
11
220
605
11
220
18
11
220
21
11
220
605
11
220
18
11
220
17
11
220
23
30716
624
220
20077
198
262
2105
9322
28218
1682
11
1958
11
1758
11
1806
11
3391
11
1954
15304
1958
11
1958
11
1758
11
1806
11
3391
11
1954
15304
1758
11
1758
11
1758
11
1806
11
3391
11
1954
15304
1806
11
1806
11
1806
11
1806
11
3391
11
1954
15304
3391
11
3391
11
3391
11
3391
11
3391
11
1954
15304
1954
11
1954
11
1954
11
1954
11
1954
11
1954
30716
624
220
16332
198
262
2105
9322
28218
23
11
21
11
508
11
806
15304
845
11
845
11
24
11
806
30716
624
220
1927
198
262
2105
9322
28218
19
11
20
11
21
11
22
15304
19
11
20
11
21
11
22
15304
16
11
17
11
18
11
23
15304
16
11
17
11
18
11
23
30716
624
220
1187
198
262
2105
9322
28218
868
11
1114
11
1187
11
914
11
2946
11
5958
11
1954
15304
1114
11
1114
11
1187
11
914
11
2946
11
5958
11
1954
15304
1187
11
1187
11
1187
11
914
11
2946
11
5958
11
1954
15304
914
11
914
11
914
11
914
11
2946
11
5958
11
1954
15304
2946
11
2946
11
2946
11
2946
11
2946
11
5958
11
1954
15304
5958
11
5958
11
5958
11
5958
11
5958
11
5958
11
1954
15304
1954
11
1954
11
1954
11
1954
11
1954
11
1954
11
1954
30716
624
220
13236
198
262
2105
9322
28218
3534
30716
624
220
3534
198
262
2105
9322
28218
5728
11
220
5728
11
220
5728
11
220
5728
11
220
5728
11
220
5728
1145
510
5728
11
220
5728
11
220
5728
11
220
5728
11
220
5728
11
220
5728
1145
510
5728
11
220
5728
11
220
5728
11
220
5728
11
220
5728
11
220
5728
1145
510
5728
11
220
5728
11
220
5728
11
220
5728
11
220
5728
11
220
5728
30716
624
220
5728
198
262
2105
9322
28218
16
11
220
17
11
220
18
11
220
19
11
220
20
11
220
21
11
220
22
11
220
23
11
220
24
11
220
605
1145
510
16
11
220
17
11
220
18
11
220
19
11
220
20
11
220
21
11
220
22
11
220
23
11
220
24
11
220
605
1145
510
16
11
220
17
11
220
18
11
220
19
11
220
20
11
220
21
11
220
22
11
220
23
11
220
24
11
220
605
1145
510
16
11
220
17
11
220
18
11
220
19
11
220
20
11
220
21
11
220
22
11
220
23
11
220
24
11
220
605
1145
510
16
11
220
17
11
220
18
11
220
19
11
220
20
11
220
21
11
220
22
11
220
23
11
220
24
11
220
605
1145
510
16
11
220
17
11
220
18
11
220
19
11
220
20
11
220
21
11
220
22
11
220
23
11
220
24
11
220
605
1145
510
16
11
220
17
11
220
18
11
220
19
11
220
20
11
220
21
11
220
22
11
220
23
11
220
24
11
220
605
1145
510
16
11
220
17
11
220
18
11
220
19
11
220
20
11
220
21
11
220
22
11
220
23
11
220
24
11
220
605
1145
510
16
11
220
17
11
220
18
11
220
19
11
220
20
11
220
21
11
220
22
11
220
23
11
220
24
11
220
605
1145
510
16
11
220
17
11
220
18
11
220
19
11
220
20
11
220
21
11
220
22
11
220
23
11
220
24
11
220
605
30716
624
220
2131
198
262
2105
9322
28218
717
11
868
11
1187
11
1644
11
1806
11
3487
11
4643
11
4218
11
4578
15304
868
11
868
11
1187
11
1644
11
1806
11
3487
11
4643
11
4218
11
4578
15304
1187
11
1187
11
1187
11
1644
11
1806
11
3487
11
4643
11
4218
11
4578
15304
1644
11
1644
11
1644
11
1644
11
1806
11
3487
11
4643
11
4218
11
4578
15304
1806
11
1806
11
1806
11
1806
11
1806
11
3487
11
4643
11
4218
11
4578
15304
3487
11
3487
11
3487
11
3487
11
3487
11
3487
11
4643
11
4218
11
4578
15304
4643
11
4643
11
4643
11
4643
11
4643
11
4643
11
4643
11
4218
11
4578
15304
4218
11
4218
11
4218
11
4218
11
4218
11
4218
11
4218
11
4218
11
4578
15304
4578
11
4578
11
4578
11
4578
11
4578
11
4578
11
4578
11
4578
11
4578
30716
624
220
19852
198
262
2105
9322
28218
605
11
220
20
11
220
23
11
220
21
1145
510
16
11
220
18
11
220
16
11
220
22
1145
510
17
11
220
16
11
220
24
11
220
22
30716
624
220
1627
198
262
2105
9322
28218
24
15304
508
30716
624
220
1682
198
262
2105
9322
28218
17
11
220
508
11
220
1987
1145
510
2096
11
220
23
11
220
1272
1145
510
975
11
220
18
11
220
18
1145
510
1544
11
220
1758
11
220
1691
1145
510
966
11
220
975
11
220
868
30716
624
220
10718
198
262
2105
9322
28218
19
11
220
18
1145
510
17
11
220
16
30716
624
220
21
198
262
2105
9322
28218
1041
11
1484
11
3264
11
3534
11
4161
11
2721
11
6281
11
6365
11
6083
11
5925
15304
1484
11
3264
11
3534
11
4161
11
2721
11
6281
11
6365
11
6083
11
5925
11
1954
15304
3264
11
3534
11
4161
11
2721
11
6281
11
6365
11
6083
11
5925
11
1954
11
4578
15304
3534
11
4161
11
2721
11
6281
11
6365
11
6083
11
5925
11
1954
11
4578
11
2421
15304
4161
11
2721
11
6281
11
6365
11
6083
11
5925
11
1954
11
4578
11
2421
11
4044
15304
2721
11
6281
11
6365
11
6083
11
5925
11
1954
11
4578
11
2421
11
4044
11
4218
15304
6281
11
6365
11
6083
11
5925
11
1954
11
4578
11
2421
11
4044
11
4218
11
5313
15304
6365
11
6083
11
5925
11
1954
11
4578
11
2421
11
4044
11
4218
11
5313
11
5833
15304
6083
11
5925
11
1954
11
4578
11
2421
11
4044
11
4218
11
5313
11
5833
11
6069
15304
5925
11
1954
11
4578
11
2421
11
4044
11
4218
11
5313
11
5833
11
6069
11
6086
30716
624
220
25875
198
262
2105
9322
28218
717
11
717
15304
19
11
19
15304
717
11
717
30716
624
220
845
198
262
2105
9322
28218
21
11
605
30716
624
220
605
198
262
2105
9322
28218
24
11
2813
15304
2813
11
2813
30716
624
220
4218
198
262
2105
9322
28218
777
11
972
15304
16
11
975
15304
19
11
975
30716
624
220
1806
198
262
2105
9322
28218
1954
11
3076
11
1419
11
2287
11
6069
11
2397
11
3534
11
4643
11
1419
11
2983
15304
2721
11
18
11
4103
11
1484
11
4331
11
1544
11
2421
11
972
11
2031
11
1490
15304
914
11
2618
11
1135
11
508
11
17
11
1774
11
4370
11
1041
11
2287
11
1691
15304
5958
11
2166
11
4331
11
3534
11
2137
11
5728
11
18
11
972
11
2495
11
22
15304
3264
11
6086
11
3076
11
777
11
3391
11
2137
11
1682
11
23
11
3534
11
914
15304
6281
11
2495
11
6281
11
17
11
2491
11
22
11
5547
11
2137
11
5932
11
2096
15304
6086
11
843
11
2031
11
22
11
1041
11
3226
11
6028
11
975
11
1041
11
3487
15304
2166
11
2970
11
4044
11
966
11
1644
11
3487
11
1774
11
508
11
2618
11
4767
15304
5495
11
4044
11
868
11
1114
11
2287
11
4161
11
4044
11
605
11
914
11
1627
15304
3534
11
2614
11
4578
11
508
11
1313
11
5495
11
2721
11
1135
11
3534
11
6365
30716
624
220
25454
198
262
2105
9322
28218
18
11
24
11
508
11
1806
11
2096
15304
24
11
24
11
508
11
1806
11
2096
15304
508
11
508
11
508
11
1806
11
2096
15304
1806
11
1806
11
1806
11
1806
11
2096
15304
2096
11
2096
11
2096
11
2096
11
2096
30716
624
220
8190
198
262
2105
9322
28218
16
11
220
16
11
220
16
11
220
16
11
220
16
11
220
16
11
220
16
11
220
16
11
220
16
11
220
16
1145
510
17
11
220
17
11
220
17
11
220
17
11
220
17
11
220
17
11
220
17
11
220
17
11
220
17
11
220
17
1145
510
18
11
220
18
11
220
18
11
220
18
11
220
18
11
220
18
11
220
18
11
220
18
11
220
18
11
220
18
1145
510
19
11
220
19
11
220
19
11
220
19
11
220
19
11
220
19
11
220
19
11
220
19
11
220
19
11
220
19
1145
510
20
11
220
20
11
220
20
11
220
20
11
220
20
11
220
20
11
220
20
11
220
20
11
220
20
11
220
20
1145
510
21
11
220
21
11
220
21
11
220
21
11
220
21
11
220
21
11
220
21
11
220
21
11
220
21
11
220
21
1145
510
22
11
220
22
11
220
22
11
220
22
11
220
22
11
220
22
11
220
22
11
220
22
11
220
22
11
220
22
1145
510
23
11
220
23
11
220
23
11
220
23
11
220
23
11
220
23
11
220
23
11
220
23
11
220
23
11
220
23
1145
510
24
11
220
24
11
220
24
11
220
24
11
220
24
11
220
24
11
220
24
11
220
24
11
220
24
11
220
24
1145
510
605
11
220
605
11
220
605
11
220
605
11
220
605
11
220
605
11
220
605
11
220
605
11
220
605
11
220
605
30716
624
220
2131
198
262
2105
9322
28218
20
15304
17
15304
868
30716
624
220
1313
198
262
2105
9322
28218
1313
11
220
1313
11
220
1313
11
220
1313
11
220
1313
11
220
1313
11
220
1313
1145
510
1313
11
220
1313
11
220
1313
11
220
1313
11
220
1313
11
220
1313
11
220
1313
1145
510
1313
11
220
1313
11
220
1313
11
220
1313
11
220
1313
11
220
1313
11
220
1313
1145
510
1313
11
220
1313
11
220
1313
11
220
1313
11
220
1313
11
220
1313
11
220
1313
1145
510
1313
11
220
1313
11
220
1313
11
220
1313
11
220
1313
11
220
1313
11
220
1313
1145
510
1313
11
220
1313
11
220
1313
11
220
1313
11
220
1313
11
220
1313
11
220
1313
1145
510
1313
11
220
1313
11
220
1313
11
220
1313
11
220
1313
11
220
1313
11
220
1313
1145
510
1313
11
220
1313
11
220
1313
11
220
1313
11
220
1313
11
220
1313
11
220
1313
1145
510
1313
11
220
1313
11
220
1313
11
220
1313
11
220
1313
11
220
1313
11
220
1313
30716
624
220
1313
198
262
2105
9322
28218
806
11
1627
11
3226
15304
1627
11
1627
11
3226
15304
3226
11
3226
11
3226
30716
624
220
6281
198
262
2105
9322
28218
16
11
19
11
972
11
2148
11
2983
11
2096
11
1135
11
5495
11
6069
11
4218
15304
19
11
19
11
972
11
2148
11
2983
11
2096
11
1135
11
5495
11
6069
11
4218
15304
972
11
972
11
972
11
2148
11
2983
11
2096
11
1135
11
5495
11
6069
11
4218
15304
2148
11
2148
11
2148
11
2148
11
2983
11
2096
11
1135
11
5495
11
6069
11
4218
15304
2983
11
2983
11
2983
11
2983
11
2983
11
2096
11
1135
11
5495
11
6069
11
4218
15304
2096
11
2096
11
2096
11
2096
11
2096
11
2096
11
1135
11
5495
11
6069
11
4218
15304
1135
11
1135
11
1135
11
1135
11
1135
11
1135
11
1135
11
5495
11
6069
11
4218
15304
5495
11
5495
11
5495
11
5495
11
5495
11
5495
11
5495
11
5495
11
6069
11
4218
15304
6069
11
6069
11
6069
11
6069
11
6069
11
6069
11
6069
11
6069
11
6069
11
4218
15304
4218
11
4218
11
4218
11
4218
11
4218
11
4218
11
4218
11
4218
11
4218
11
4218
30716
624
220
16460
271
2
5560
1817
8913
10622
8
311
1629
7177
627
74694
128009
128006
78191
128007
271
74694
12958
198
1527
20061
1179
1796
198
475
42431
271
755
1973
10622
26387
25
1796
53094
19155
30716
1492
528
512
262
3270
262
16644
264
220
17
35
6303
315
6928
26864
11
3373
832
477
810
7917
1778
430
512
262
482
2360
1403
4183
7917
527
304
279
1890
2872
198
262
482
578
2819
304
279
4183
7917
527
5016
7361
262
3494
279
7340
2694
315
2819
499
649
11322
627
1084
262
18161
512
286
5950
25
362
220
17
35
1160
1405
220
16
2717
2479
26387
705
2479
26387
1004
2526
2717
220
605
323
220
16
2717
5950
1004
1483
73
60
2717
220
1041
198
262
3270
1084
262
674
2175
279
1396
315
7123
323
8310
304
279
5950
198
262
1661
11189
284
2479
26387
340
262
1661
26416
284
2479
26387
58
15
2608
1084
262
674
9185
279
7340
5573
311
220
15
198
262
1973
10622
284
220
15
7361
262
674
55440
927
682
3284
28559
315
8310
198
262
369
17433
304
42431
916
74729
23147
8228
26416
705
1661
11189
997
286
674
9185
279
1510
5573
311
220
15
198
286
1510
10622
284
220
15
9122
286
674
9185
264
743
311
3637
279
2819
315
279
4183
7917
198
286
2819
284
743
746
1827
286
674
55440
927
279
7123
323
4183
8310
198
286
369
2872
11
1400
304
13555
71277
997
310
674
2175
279
907
315
279
1510
2849
198
310
907
284
5950
17396
1483
2119
933
3456
310
674
1442
279
907
374
539
304
279
743
11
923
433
311
279
743
323
923
433
311
279
1510
5573
198
310
422
907
539
304
2819
512
394
2819
1388
3764
340
394
1510
10622
1447
907
9122
286
674
5666
279
7340
5573
422
279
1510
5573
374
5190
198
286
1973
10622
284
1973
8913
10622
11
1510
10622
340
1084
262
674
3494
279
7340
5573
198
262
471
1973
10622
198
74694
128009
128006
882
128007
271
7927
3766
4879
4745
279
7177
13
5810
596
279
1493
512
6687
1445
320
3646
3293
1650
1566
997
220
2958
36674
19
81
32
21206
67620
89
3059
7345
498
1584
220
7743
11
304
366
4450
397
262
1817
8913
10622
340
220
2958
36674
19
81
32
21206
67620
89
3059
7345
498
1584
220
1691
11
304
1817
198
262
2105
9322
28218
16
11
17
11
18
15304
19
11
18
11
17
15304
16
11
16
11
16
30716
624
220
23
198
1881
6440
62824
62824
62824
62824
62824
62824
62824
62824
62824
62824
198
69739
1480
14963
1271
312
42612
11
420
374
701
3465
25
4557
279
2768
734
12223
323
4733
928
11
7373
4305
279
734
7633
323
1522
682
279
7177
13
3146
5989
4276
70765
3247
13916
50
13
57277
2675
1288
15411
279
2082
499
11041
304
264
67859
2082
2565
320
817
10103
33981
320
20670
690
33316
279
4113
5865
8
128009
128006
78191
128007
271
74694
12958
198
1527
20061
1179
1796
198
475
42431
271
755
1973
10622
26387
25
1796
53094
19155
30716
1492
528
512
262
3270
262
16644
264
220
17
35
6303
315
6928
26864
11
3373
832
477
810
7917
1778
430
512
262
482
2360
1403
4183
7917
527
304
279
1890
2872
198
262
482
578
2819
304
279
4183
7917
527
5016
7361
262
3494
279
7340
2694
315
2819
499
649
11322
627
1084
262
18161
512
286
5950
25
362
220
17
35
1160
1405
220
16
2717
2479
26387
705
2479
26387
1004
2526
2717
220
605
323
220
16
2717
5950
1004
1483
73
60
2717
220
1041
198
262
3270
1084
262
674
2175
279
1396
315
7123
323
8310
304
279
5950
198
262
1661
11189
284
2479
26387
340
262
1661
26416
284
2479
26387
58
15
2608
1084
262
674
9185
279
7340
5573
311
220
15
198
262
1973
10622
284
220
15
7361
262
674
55440
927
682
3284
28559
315
8310
198
262
369
17433
304
42431
12377
23147
8228
26416
705
13454
48001
11189
997
286
674
9185
279
1510
5573
311
220
15
198
286
1510
10622
284
220
15
9122
286
674
9185
264
743
311
3637
279
2819
315
279
4183
7917
198
286
2819
284
743
746
1827
286
674
55440
927
279
7123
323
4183
8310
198
286
369
2872
11
1400
304
13555
71277
997
310
674
2175
279
907
315
279
1510
2849
198
310
907
284
5950
17396
1483
2119
933
3456
310
674
1442
279
907
374
539
304
279
743
11
923
433
311
279
743
323
923
433
311
279
1510
5573
198
310
422
907
539
304
2819
512
394
2819
1388
3764
340
394
1510
10622
1447
907
9122
286
674
5666
279
7340
5573
422
279
1510
5573
374
5190
198
286
1973
10622
284
1973
8913
10622
11
1510
10622
340
1084
262
674
3494
279
7340
5573
198
262
471
1973
10622
198
74694
128009
128006
882
128007
271
7927
3766
4879
4745
279
7177
13
5810
596
279
1493
512
6687
1445
320
3646
3293
1650
1566
997
220
2958
36674
87664
22
831
51
23
363
84
7345
498
1584
220
7743
11
304
366
4450
397
262
1817
8913
10622
340
220
2958
36674
87664
22
831
51
23
363
84
7345
498
1584
220
1591
11
304
1817
198
262
2105
9322
28218
845
11
972
15304
508
11
508
15304
972
11
972
15304
16
11
868
30716
624
220
2031
198
1881
6440
62824
62824
62824
62824
62824
62824
62824
62824
62824
62824
62824
62824
198
69739
1480
14963
1271
312
42612
11
420
374
701
3465
25
4557
279
2768
734
12223
323
4733
928
11
7373
4305
279
734
7633
323
1522
682
279
7177
13
3146
5989
4276
70765
3247
13916
50
13
57277
2675
1288
15411
279
2082
499
11041
304
264
67859
2082
2565
320
817
10103
33981
320
20670
690
33316
279
4113
5865
8
128009
128006
78191
128007
271
74694
12958
198
1527
20061
1179
1796
198
475
42431
271
755
1973
10622
26387
25
1796
53094
19155
30716
1492
528
512
262
3270
262
16644
264
220
17
35
6303
315
6928
26864
11
3373
832
477
810
7917
1778
430
512
262
482
2360
1403
4183
7917
527
304
279
1890
2872
198
262
482
578
2819
304
279
4183
7917
527
5016
7361
262
3494
279
7340
2694
315
2819
499
649
11322
627
1084
262
18161
512
286
5950
25
362
220
17
35
1160
1405
220
16
2717
2479
26387
705
2479
26387
1004
2526
2717
220
605
323
220
16
2717
5950
1004
1483
73
60
2717
220
1041
198
262
3270
1084
262
674
2175
279
1396
315
7123
323
8310
304
279
5950
198
262
1661
11189
284
2479
26387
340
262
1661
26416
284
2479
26387
58
15
2608
1084
262
674
9185
279
7340
5573
311
220
15
198
262
1973
10622
284
220
15
7361
262
674
55440
927
682
3284
28559
315
8310
198
262
369
17433
304
42431
12377
23147
8228
26416
705
13454
48001
11189
997
286
674
9185
279
1510
5573
311
220
15
198
286
1510
10622
284
220
15
9122
286
674
9185
264
743
311
3637
279
2819
315
279
4183
7917
198
286
2819
284
743
746
1827
286
674
55440
927
279
7123
323
4183
8310
198
286
369
2872
11
1400
304
13555
71277
997
310
674
2175
279
907
315
279
1510
2849
198
310
907
284
5950
17396
1483
2119
933
3456
310
674
1442
279
907
374
539
304
279
743
11
923
433
311
279
743
323
923
433
311
279
1510
5573
198
310
422
907
539
304
2819
512
394
2819
1388
3764
340
394
1510
10622
1447
907
9122
286
674
5666
279
7340
5573
422
279
1510
5573
374
5190
198
286
1973
10622
284
1973
8913
10622
11
1510
10622
340
1084
262
674
3494
279
7340
5573
198
262
471
1973
10622
198
74694
128009