128006
9125
128007
271
38766
1303
33025
2696
25
6790
220
2366
18
198
15724
2696
25
220
2304
17907
220
2366
21
271
128009
128006
882
128007
271
4518
279
2768
734
12223
323
4733
928
11
7373
4305
279
734
7633
323
1522
682
279
7177
13
3146
5989
4276
70765
3247
13916
50
13
57277
2675
1288
15411
279
2082
499
11041
304
264
67859
2082
2565
320
817
10103
33981
320
20670
690
33316
279
4113
5865
696
14196
4077
755
1797
45881
4132
68692
8228
16
25
610
11
1661
17
25
610
11
1332
10370
25
528
11
1973
10370
25
528
8
1492
528
512
262
4304
4605
279
1396
315
26864
865
1778
430
1661
16
2717
865
2717
1661
17
323
720
262
1332
10370
2717
16099
10370
2120
8
2717
1973
10370
11
1405
16099
10370
2120
8
374
279
2694
315
19016
315
865
627
1084
262
3494
279
1797
60964
220
605
61
24
489
220
22
627
1084
262
18161
512
286
1661
16
25
362
25031
925
14393
279
4827
6965
320
16
2717
1661
16
2717
220
605
61
1313
340
286
1661
17
25
362
25031
925
14393
279
8582
6965
320
2470
16
2717
1661
17
2717
220
605
61
1313
340
286
1332
10370
25
578
8187
5535
16099
2694
320
16
2717
1332
10370
2717
220
3443
340
286
1973
10370
25
578
7340
5535
16099
2694
320
1083
10370
2717
1973
10370
2717
220
3443
340
1084
262
5295
512
286
578
1396
315
1695
26864
60964
220
605
61
24
489
220
22
7361
262
12382
1797
45881
4132
68692
446
16
498
330
717
498
220
16
11
220
23
340
262
220
806
198
262
12382
1797
45881
4132
68692
446
16
498
330
20
498
220
16
11
220
20
340
262
220
20
198
262
12713
755
1817
73121
997
262
674
13688
1296
5157
198
262
2105
9322
446
16
498
330
717
498
220
16
11
220
23
8
624
220
806
198
262
2105
9322
446
16
498
330
20
498
220
16
11
220
20
8
624
220
21
7361
262
674
24086
1296
5157
198
262
2105
9322
446
16
498
330
16
498
220
16
11
220
16
8
624
220
16
198
262
2105
9322
446
6028
498
330
2495
498
220
21
11
220
843
8
624
220
23
198
262
2105
9322
446
19
498
330
24
498
220
17897
11
220
12166
8
624
220
15
198
262
2105
9322
446
1682
498
330
3076
498
220
914
11
220
2137
8
624
220
15
198
262
2105
9322
446
21
498
330
24
498
220
12171
11
220
15231
8
624
220
15
198
262
2105
9322
446
19
498
330
23
498
220
5154
11
220
20077
8
624
220
15
198
262
2105
9322
446
4161
498
330
4161
498
220
1644
11
220
1758
8
624
220
15
198
262
2105
9322
446
19305
16874
16
498
330
26008
12994
19
498
220
5547
11
220
9335
8
624
220
15
198
262
2105
9322
446
18495
23713
2491
498
330
25091
19498
4161
498
220
15935
11
220
16723
8
624
220
15
198
262
2105
9322
446
25527
22534
23587
24920
19633
7028
24734
498
330
13762
20785
28384
17147
22777
27325
6843
18
498
220
10288
11
220
5162
8
624
220
15966
18509
23267
198
262
2105
9322
446
27134
21884
22694
15901
18770
18070
9714
21
498
330
24471
15999
11227
24487
24850
13384
26519
16
498
220
2287
11
220
14022
8
624
220
17212
23736
23181
198
262
2105
9322
446
12166
21385
21641
3965
11711
18572
23904
24
498
330
15831
23670
25828
7743
19673
25747
22977
21
498
220
6804
11
220
11739
8
624
220
10895
10350
28384
271
2
5560
1817
11773
45881
4132
68692
8
311
1629
7177
627
74694
128009
128006
78191
128007
271
74694
12958
198
755
1797
45881
4132
68692
8228
16
25
610
11
1661
17
25
610
11
1332
10370
25
528
11
1973
10370
25
528
8
1492
528
512
262
3270
262
4605
279
1396
315
26864
865
1778
430
1661
16
2717
865
2717
1661
17
323
720
262
1332
10370
2717
16099
10370
2120
8
2717
1973
10370
11
1405
16099
10370
2120
8
374
279
2694
315
19016
315
865
627
1084
262
3494
279
1797
60964
220
605
61
24
489
220
22
627
1084
262
18161
512
286
1661
16
25
362
25031
925
14393
279
4827
6965
320
16
2717
1661
16
2717
220
605
61
1313
340
286
1661
17
25
362
25031
925
14393
279
8582
6965
320
2470
16
2717
1661
17
2717
220
605
61
1313
340
286
1332
10370
25
578
8187
5535
16099
2694
320
16
2717
1332
10370
2717
220
3443
340
286
1973
10370
25
578
7340
5535
16099
2694
320
1083
10370
2717
1973
10370
2717
220
3443
340
1084
262
5295
512
286
578
1396
315
1695
26864
60964
220
605
61
24
489
220
22
198
262
3270
262
19186
284
220
605
334
24
489
220
22
271
262
711
16099
10370
2120
997
286
471
2694
1577
1528
8
369
294
304
610
2120
4489
262
1797
284
220
15
198
262
369
865
304
2134
1577
8228
16
705
528
8228
17
8
489
220
16
997
286
422
1332
10370
2717
16099
10370
2120
8
2717
1973
10370
512
310
1797
1447
220
16
271
262
471
1797
1034
19186
271
755
1817
73121
997
262
674
13688
1296
5157
198
262
2105
9322
446
16
498
330
717
498
220
16
11
220
23
8
624
220
806
198
262
2105
9322
446
16
498
330
20
498
220
16
11
220
20
8
624
220
21
7361
262
674
24086
1296
5157
198
262
2105
9322
446
16
498
330
16
498
220
16
11
220
16
8
624
220
16
198
262
2105
9322
446
6028
498
330
2495
498
220
21
11
220
843
8
624
220
23
198
262
2105
9322
446
19
498
330
24
498
220
17897
11
220
12166
8
624
220
15
198
262
2105
9322
446
1682
498
330
3076
498
220
914
11
220
2137
8
624
220
15
198
262
2105
9322
446
21
498
330
24
498
220
12171
11
220
15231
8
624
220
15
198
262
2105
9322
446
19
498
330
23
498
220
5154
11
220
20077
8
624
220
15
198
262
2105
9322
446
4161
498
330
4161
498
220
1644
11
220
1758
8
624
220
15
198
262
2105
9322
446
19305
16874
16
498
330
26008
12994
19
498
220
5547
11
220
9335
8
624
220
15
198
262
2105
9322
446
18495
23713
2491
498
330
25091
19498
4161
498
220
15935
11
220
16723
8
624
220
15
198
262
2105
9322
446
25527
22534
23587
24920
19633
7028
24734
498
330
13762
20785
28384
17147
22777
27325
6843
18
498
220
10288
11
220
5162
8
624
220
15966
18509
23267
198
262
2105
9322
446
27134
21884
22694
15901
18770
18070
9714
21
498
330
24471
15999
11227
24487
24850
13384
26519
16
498
220
2287
11
220
14022
8
624
220
17212
23736
23181
198
262
2105
9322
446
12166
21385
21641
3965
11711
18572
23904
24
498
330
15831
23670
25828
7743
19673
25747
22977
21
498
220
6804
11
220
11739
8
624
220
10895
10350
28384
271
2
5560
1817
11773
45881
4132
68692
8
311
1629
7177
627
2071
11773
45881
4132
68692
340
74694
128009
128006
882
128007
271
7927
3766
4879
4745
279
7177
13
5810
596
279
1493
512
6687
1445
320
3646
3293
1650
1566
997
220
2958
36674
72
3143
67
17526
44
17
55
79
7345
498
1584
220
2421
11
304
366
4450
397
262
1817
11773
45881
4132
68692
340
220
2958
36674
72
3143
67
17526
44
17
55
79
7345
498
1584
220
6028
11
304
1817
198
262
2105
9322
446
16
498
330
20
498
220
16
11
220
20
8
624
220
21
198
1881
6440
62824
62824
62824
62824
62824
62824
62824
61
198
69739
1480
14963
1271
312
42612
11
420
374
701
3465
25
4557
279
2768
734
12223
323
4733
928
11
7373
4305
279
734
7633
323
1522
682
279
7177
13
3146
5989
4276
70765
3247
13916
50
13
57277
2675
1288
15411
279
2082
499
11041
304
264
67859
2082
2565
320
817
10103
33981
320
20670
690
33316
279
4113
5865
8
128009
128006
78191
128007
271
74694
12958
198
755
1797
45881
4132
68692
8228
16
25
610
11
1661
17
25
610
11
1332
10370
25
528
11
1973
10370
25
528
8
1492
528
512
262
3270
262
4605
279
1396
315
26864
865
1778
430
1661
16
2717
865
2717
1661
17
323
720
262
1332
10370
2717
16099
10370
2120
8
2717
1973
10370
11
1405
16099
10370
2120
8
374
279
2694
315
19016
315
865
627
1084
262
3494
279
1797
60964
220
605
61
24
489
220
22
627
1084
262
18161
512
286
1661
16
25
362
25031
925
14393
279
4827
6965
320
16
2717
1661
16
2717
220
605
61
1313
340
286
1661
17
25
362
25031
925
14393
279
8582
6965
320
2470
16
2717
1661
17
2717
220
605
61
1313
340
286
1332
10370
25
578
8187
5535
16099
2694
320
16
2717
1332
10370
2717
220
3443
340
286
1973
10370
25
578
7340
5535
16099
2694
320
1083
10370
2717
1973
10370
2717
220
3443
340
1084
262
5295
512
286
578
1396
315
1695
26864
60964
220
605
61
24
489
220
22
198
262
3270
262
19186
284
220
605
334
24
489
220
22
271
262
711
16099
10370
2120
997
286
471
2694
1577
1528
8
369
294
304
610
2120
4489
262
1797
284
220
15
198
262
369
865
304
2134
1577
8228
16
705
528
8228
17
8
489
220
16
997
286
422
1332
10370
2717
16099
10370
2120
8
2717
1973
10370
512
310
1797
1447
220
16
271
262
471
1797
1034
19186
271
755
1817
73121
997
262
674
13688
1296
5157
198
262
2105
9322
446
16
498
330
717
498
220
16
11
220
23
8
624
220
806
198
262
2105
9322
446
16
498
330
20
498
220
16
11
220
20
8
624
220
20
7361
262
674
24086
1296
5157
198
262
2105
9322
446
16
498
330
16
498
220
16
11
220
16
8
624
220
16
198
262
2105
9322
446
6028
498
330
2495
498
220
21
11
220
843
8
624
220
23
198
262
2105
9322
446
19
498
330
24
498
220
17897
11
220
12166
8
624
220
15
198
262
2105
9322
446
1682
498
330
3076
498
220
914
11
220
2137
8
624
220
15
198
262
2105
9322
446
21
498
330
24
498
220
12171
11
220
15231
8
624
220
15
198
262
2105
9322
446
19
498
330
23
498
220
5154
11
220
20077
8
624
220
15
198
262
2105
9322
446
4161
498
330
4161
498
220
1644
11
220
1758
8
624
220
15
198
262
2105
9322
446
19305
16874
16
498
330
26008
12994
19
498
220
5547
11
220
9335
8
624
220
15
198
262
2105
9322
446
18495
23713
2491
498
330
25091
19498
4161
498
220
15935
11
220
16723
8
624
220
15
198
262
2105
9322
446
25527
22534
23587
24920
19633
7028
24734
498
330
13762
20785
28384
17147
22777
27325
6843
18
498
220
10288
11
220
5162
8
624
220
15966
18509
23267
198
262
2105
9322
446
27134
21884
22694
15901
18770
18070
9714
21
498
330
24471
15999
11227
24487
24850
13384
26519
16
498
220
2287
11
220
14022
8
624
220
17212
23736
23181
198
262
2105
9322
446
12166
21385
21641
3965
11711
18572
23904
24
498
330
15831
23670
25828
7743
19673
25747
22977
21
498
220
6804
11
220
11739
8
624
220
10895
10350
28384
271
2
5560
1817
11773
45881
4132
68692
8
311
1629
7177
627
2071
11773
45881
4132
68692
340
74694
128009
128006
882
128007
271
7927
3766
4879
4745
279
7177
13
5810
596
279
1493
512
24003
364
83154
70515
2013
1462
77856
18626
815
32636
7791
1480
6404
7498
26245
704
1306
220
966
6622
1038
1271
312
42612
11
420
374
701
3465
25
4557
279
2768
734
12223
323
4733
928
11
7373
4305
279
734
7633
323
1522
682
279
7177
13
3146
5989
4276
70765
3247
13916
50
13
57277
2675
1288
15411
279
2082
499
11041
304
264
67859
2082
2565
320
817
10103
33981
320
20670
690
33316
279
4113
5865
8
128009
128006
78191
128007
271
74694
12958
198
755
1797
45881
4132
68692
8228
16
25
610
11
1661
17
25
610
11
1332
10370
25
528
11
1973
10370
25
528
8
1492
528
512
262
3270
262
4605
279
1396
315
26864
865
1778
430
1661
16
2717
865
2717
1661
17
323
720
262
1332
10370
2717
16099
10370
2120
8
2717
1973
10370
11
1405
16099
10370
2120
8
374
279
2694
315
19016
315
865
627
1084
262
3494
279
1797
60964
220
605
61
24
489
220
22
627
1084
262
18161
512
286
1661
16
25
362
25031
925
14393
279
4827
6965
320
16
2717
1661
16
2717
220
605
61
1313
340
286
1661
17
25
362
25031
925
14393
279
8582
6965
320
2470
16
2717
1661
17
2717
220
605
61
1313
340
286
1332
10370
25
578
8187
5535
16099
2694
320
16
2717
1332
10370
2717
220
3443
340
286
1973
10370
25
578
7340
5535
16099
2694
320
1083
10370
2717
1973
10370
2717
220
3443
340
1084
262
5295
512
286
578
1396
315
1695
26864
60964
220
605
61
24
489
220
22
198
262
3270
262
19186
284
220
605
334
24
489
220
22
271
262
711
16099
10370
2120
997
286
471
2694
1577
1528
8
369
294
304
610
2120
4489
262
1797
284
220
15
198
262
369
865
304
2134
1577
8228
16
705
528
8228
17
8
489
220
16
997
286
422
1332
10370
2717
16099
10370
2120
8
2717
1973
10370
512
310
1797
1447
220
16
198
286
422
1797
1034
19186
624
220
15
512
310
1797
284
220
15
198
262
471
1797
1034
19186
271
755
1817
73121
997
262
674
13688
1296
5157
198
262
2105
9322
446
16
498
330
717
498
220
16
11
220
23
8
624
220
806
198
262
2105
9322
446
16
498
330
20
498
220
16
11
220
20
8
624
220
20
7361
262
674
24086
1296
5157
198
262
2105
9322
446
16
498
330
16
498
220
16
11
220
16
8
624
220
16
198
262
2105
9322
446
6028
498
330
2495
498
220
21
11
220
843
8
624
220
23
198
262
2105
9322
446
19
498
330
24
498
220
17897
11
220
12166
8
624
220
15
198
262
2105
9322
446
1682
498
330
3076
498
220
914
11
220
2137
8
624
220
15
198
262
2105
9322
446
21
498
330
24
498
220
12171
11
220
15231
8
624
220
15
198
262
2105
9322
446
19
498
330
23
498
220
5154
11
220
20077
8
624
220
15
198
262
2105
9322
446
4161
498
330
4161
498
220
1644
11
220
1758
8
624
220
15
198
262
2105
9322
446
19305
16874
16
498
330
26008
12994
19
498
220
5547
11
220
9335
8
624
220
15
198
262
2105
9322
446
18495
23713
2491
498
330
25091
19498
4161
498
220
15935
11
220
16723
8
624
220
15
198
262
2105
9322
446
25527
22534
23587
24920
19633
7028
24734
498
330
13762
20785
28384
17147
22777
27325
6843
18
498
220
10288
11
220
5162
8
624
220
15966
18509
23267
198
262
2105
9322
446
27134
21884
22694
15901
18770
18070
9714
21
498
330
24471
15999
11227
24487
24850
13384
26519
16
498
220
2287
11
220
14022
8
624
220
17212
23736
23181
198
262
2105
9322
446
12166
21385
21641
3965
11711
18572
23904
24
498
330
15831
23670
25828
7743
19673
25747
22977
21
498
220
6804
11
220
11739
8
624
220
10895
10350
28384
271
2
5560
1817
11773
45881
4132
68692
8
311
1629
7177
627
2071
11773
45881
4132
68692
340
74694
128009