128006
9125
128007
271
38766
1303
33025
2696
25
6790
220
2366
18
198
15724
2696
25
220
2304
17907
220
2366
21
271
128009
128006
882
128007
271
4518
279
2768
734
12223
323
4733
928
11
7373
4305
279
734
7633
323
1522
682
279
7177
13
3146
5989
4276
70765
3247
13916
50
13
57277
2675
1288
15411
279
2082
499
11041
304
264
67859
2082
2565
320
817
10103
33981
320
20670
690
33316
279
4113
5865
696
14196
4077
1527
20061
1179
1796
1432
755
8187
54653
821
1056
52370
1471
25
528
11
597
25
528
11
865
25
528
11
2015
29453
25
1796
19155
2526
1492
528
512
262
4304
16644
308
10373
9277
389
3230
2919
11
1505
279
8187
2860
97894
994
11862
1124
627
1084
262
23694
512
262
482
2468
1455
597
10373
649
387
28358
3871
304
832
7309
198
262
482
7365
602
320
37469
389
1938
2015
29453
1004
2526
649
1193
387
28358
389
477
1306
430
1938
198
262
482
4740
11862
389
1938
264
11
279
1828
44854
649
1193
387
389
1938
264
38992
477
3010
198
262
482
52132
52370
369
2015
602
28358
389
1938
274
374
320
82
482
2015
29453
1004
2608
1084
262
18161
512
286
308
25
5742
315
10373
320
16
2717
308
2717
220
1041
340
286
597
25
27697
10373
824
44854
320
16
2717
597
2717
308
340
286
865
25
21882
1990
59721
320
16
2717
865
2717
220
605
61
24
340
286
2015
29453
25
1796
315
308
2015
22165
2919
304
2536
6953
76562
2015
320
16
2717
2015
29453
1004
60
2717
220
605
61
717
340
1084
262
5295
512
286
578
8187
3284
2860
97894
7361
262
12382
8187
54653
821
1056
52370
7
20
11
220
17
11
220
18
11
510
16
11
220
20
11
220
21
11
220
605
11
220
717
2608
262
220
17
198
262
12382
8187
54653
821
1056
52370
7
16
11
220
16
11
220
1041
931
931
15
11
510
1041
931
931
931
15
2608
262
220
15
198
262
12713
755
1817
73121
997
262
674
3475
5157
505
279
3575
198
262
2105
9322
7
20
11
220
17
11
220
18
11
510
16
11
220
20
11
220
21
11
220
605
11
220
717
2526
624
220
17
198
262
2105
9322
7
16
11
220
16
11
220
1041
931
931
15
11
510
1041
931
931
931
15
2526
624
220
15
198
262
2105
9322
7
868
11
220
19
11
220
20
11
510
16
11
220
18
11
220
18
11
220
21
11
220
21
11
220
21
11
220
605
11
220
605
11
220
605
11
220
605
11
220
868
11
220
868
11
220
868
11
220
868
11
220
868
2526
624
220
1758
7361
262
674
24086
1296
5157
198
262
2105
9322
7
17
11
220
17
11
220
9690
22
11
510
11739
22
11
220
9714
24
2526
624
220
10861
198
262
2105
9322
7
605
11
220
16
11
220
17
11
510
16
11
220
16
11
220
17
11
220
18
11
220
19
11
220
20
11
220
20
11
220
20
11
220
20
11
220
21
2526
624
220
5495
198
262
2105
9322
7
16
11
220
16
11
220
23816
22895
23823
11
510
7261
19666
14378
18
2526
624
220
15
198
262
2105
9322
7
16
11
220
16
11
220
16
11
510
16
2526
624
220
15
7361
262
674
3475
1162
449
597
22495
320
543
10373
304
832
44854
340
262
2105
9322
7
1041
11
220
1041
11
220
1041
931
931
15
11
510
5500
931
931
4119
11
220
5500
7755
4645
10731
11
220
5500
11139
2366
11592
11
220
5500
14649
13236
18887
11
220
5500
12505
7507
20945
11
220
5500
16193
17786
23545
11
220
5500
15101
20213
23324
11
220
5500
17819
18770
24508
11
220
5500
13837
11770
22534
11
220
5500
18807
21278
24443
11
220
5500
4645
7755
4278
11
220
5500
5037
5037
7261
11
220
5500
7994
11227
8259
11
220
5500
9263
15231
9413
11
220
5500
9335
17448
10239
11
220
5500
9690
19633
9756
11
220
5500
10718
21379
10674
11
220
5500
11123
25150
10861
11
220
5500
10562
23141
10828
11
220
5500
7529
24337
5926
11
220
5500
2366
11139
9639
11
220
5500
11227
7994
11702
11
220
5500
9716
9716
12533
11
220
5500
12338
15726
12994
11
220
5500
12754
18517
14052
11
220
5500
12326
18415
14022
11
220
5500
14274
22385
15666
11
220
5500
15741
23486
15451
11
220
5500
16544
22716
16085
11
220
5500
16443
25344
17313
11
220
5500
13236
14649
12166
11
220
5500
15231
9263
16104
11
220
5500
15726
12338
16723
11
220
5500
8765
8765
17153
11
220
5500
16522
20165
17451
11
220
5500
17228
20618
18384
11
220
5500
18199
22422
15951
11
220
5500
18017
22039
18265
11
220
5500
19230
24250
12910
11
220
5500
18252
26164
20077
11
220
5500
7507
12505
16408
11
220
5500
17448
9335
18136
11
220
5500
18517
12754
17837
11
220
5500
20165
16522
19305
11
220
5500
14870
14870
19697
11
220
5500
20555
20749
20325
11
220
5500
21033
22642
19988
11
220
5500
21358
23619
19799
11
220
5500
20339
24951
19773
11
220
5500
22054
24680
21038
11
220
5500
17786
16193
19673
11
220
5500
19633
9690
20571
11
220
5500
18415
12326
22593
11
220
5500
20618
17228
21600
11
220
5500
20749
20555
22048
11
220
5500
14148
14148
20866
11
220
5500
20943
20744
23477
11
220
5500
21228
23776
20758
11
220
5500
21535
23805
22345
11
220
5500
22754
26328
24515
11
220
5500
20213
15101
21996
11
220
5500
21379
10718
21717
11
220
5500
22385
14274
23103
11
220
5500
22422
18199
21788
11
220
5500
22642
21033
22644
11
220
5500
20744
20943
23480
11
220
5500
10943
10943
19774
11
220
5500
24187
23275
24375
11
220
5500
22347
25862
21897
11
220
5500
23578
24792
25388
11
220
5500
18770
17819
21295
11
220
5500
25150
11123
21982
11
220
5500
23486
15741
24054
11
220
5500
22039
18017
25527
11
220
5500
23619
21358
20338
11
220
5500
23776
21228
25302
11
220
5500
23275
24187
17521
11
220
5500
15831
15831
23592
11
220
5500
23171
25890
24216
11
220
5500
25314
25476
26519
11
220
5500
11770
13837
21474
11
220
5500
23141
10562
18831
11
220
5500
22716
16544
26218
11
220
5500
24250
19230
25465
11
220
5500
24951
20339
26537
11
220
5500
23805
21535
24061
11
220
5500
25862
22347
26497
11
220
5500
25890
23171
25622
11
220
5500
12251
12251
25354
11
220
5500
24809
25350
22889
11
220
5500
21278
18807
21056
11
220
5500
24337
7529
18485
11
220
5500
25344
16443
19306
11
220
5500
26164
18252
21251
11
220
5500
24680
22054
15862
11
220
5500
26328
22754
16415
11
220
5500
24792
23578
21133
11
220
5500
25476
25314
19068
11
220
5500
25350
24809
19146
11
220
1041
931
931
931
15
2526
624
220
18518
931
931
1135
7361
262
674
3475
1162
449
597
28
16
320
606
2015
824
44854
340
262
2105
9322
7
1041
11
220
16
11
220
1041
931
931
15
11
510
5500
931
931
4119
11
220
5500
7755
4645
10731
11
220
5500
11139
2366
11592
11
220
5500
14649
13236
18887
11
220
5500
12505
7507
20945
11
220
5500
16193
17786
23545
11
220
5500
15101
20213
23324
11
220
5500
17819
18770
24508
11
220
5500
13837
11770
22534
11
220
5500
18807
21278
24443
11
220
5500
4645
7755
4278
11
220
5500
5037
5037
7261
11
220
5500
7994
11227
8259
11
220
5500
9263
15231
9413
11
220
5500
9335
17448
10239
11
220
5500
9690
19633
9756
11
220
5500
10718
21379
10674
11
220
5500
11123
25150
10861
11
220
5500
10562
23141
10828
11
220
5500
7529
24337
5926
11
220
5500
2366
11139
9639
11
220
5500
11227
7994
11702
11
220
5500
9716
9716
12533
11
220
5500
12338
15726
12994
11
220
5500
12754
18517
14052
11
220
5500
12326
18415
14022
11
220
5500
14274
22385
15666
11
220
5500
15741
23486
15451
11
220
5500
16544
22716
16085
11
220
5500
16443
25344
17313
11
220
5500
13236
14649
12166
11
220
5500
15231
9263
16104
11
220
5500
15726
12338
16723
11
220
5500
8765
8765
17153
11
220
5500
16522
20165
17451
11
220
5500
17228
20618
18384
11
220
5500
18199
22422
15951
11
220
5500
18017
22039
18265
11
220
5500
19230
24250
12910
11
220
5500
18252
26164
20077
11
220
5500
7507
12505
16408
11
220
5500
17448
9335
18136
11
220
5500
18517
12754
17837
11
220
5500
20165
16522
19305
11
220
5500
14870
14870
19697
11
220
5500
20555
20749
20325
11
220
5500
21033
22642
19988
11
220
5500
21358
23619
19799
11
220
5500
20339
24951
19773
11
220
5500
22054
24680
21038
11
220
5500
17786
16193
19673
11
220
5500
19633
9690
20571
11
220
5500
18415
12326
22593
11
220
5500
20618
17228
21600
11
220
5500
20749
20555
22048
11
220
5500
14148
14148
20866
11
220
5500
20943
20744
23477
11
220
5500
21228
23776
20758
11
220
5500
21535
23805
22345
11
220
5500
22754
26328
24515
11
220
5500
20213
15101
21996
11
220
5500
21379
10718
21717
11
220
5500
22385
14274
23103
11
220
5500
22422
18199
21788
11
220
5500
22642
21033
22644
11
220
5500
20744
20943
23480
11
220
5500
10943
10943
19774
11
220
5500
24187
23275
24375
11
220
5500
22347
25862
21897
11
220
5500
23578
24792
25388
11
220
5500
18770
17819
21295
11
220
5500
25150
11123
21982
11
220
5500
23486
15741
24054
11
220
5500
22039
18017
25527
11
220
5500
23619
21358
20338
11
220
5500
23776
21228
25302
11
220
5500
23275
24187
17521
11
220
5500
15831
15831
23592
11
220
5500
23171
25890
24216
11
220
5500
25314
25476
26519
11
220
5500
11770
13837
21474
11
220
5500
23141
10562
18831
11
220
5500
22716
16544
26218
11
220
5500
24250
19230
25465
11
220
5500
24951
20339
26537
11
220
5500
23805
21535
24061
11
220
5500
25862
22347
26497
11
220
5500
25890
23171
25622
11
220
5500
12251
12251
25354
11
220
5500
24809
25350
22889
11
220
5500
21278
18807
21056
11
220
5500
24337
7529
18485
11
220
5500
25344
16443
19306
11
220
5500
26164
18252
21251
11
220
5500
24680
22054
15862
11
220
5500
26328
22754
16415
11
220
5500
24792
23578
21133
11
220
5500
25476
25314
19068
11
220
5500
25350
24809
19146
11
220
1041
931
931
931
15
2526
624
220
18518
931
931
8504
15
271
2
5560
1817
14478
3375
54653
821
1056
52370
8
311
1629
7177
627
74694
128009
128006
78191
128007
271
74694
12958
198
1527
20061
1179
1796
198
475
5826
271
755
8187
54653
821
1056
52370
1471
25
528
11
597
25
528
11
865
25
528
11
2015
29453
25
1796
19155
2526
1492
528
512
262
3270
262
16644
308
10373
9277
389
3230
2919
11
1505
279
8187
2860
97894
994
11862
1124
627
1084
262
23694
512
262
482
2468
1455
597
10373
649
387
28358
3871
304
832
7309
198
262
482
7365
602
320
37469
389
1938
2015
29453
1004
2526
649
1193
387
28358
389
477
1306
430
1938
198
262
482
4740
11862
389
1938
264
11
279
1828
44854
649
1193
387
389
1938
264
38992
477
3010
198
262
482
52132
52370
369
2015
602
28358
389
1938
274
374
320
82
482
2015
29453
1004
2608
1084
262
18161
512
286
308
25
5742
315
10373
320
16
2717
308
2717
220
1041
340
286
597
25
27697
10373
824
44854
320
16
2717
597
2717
308
340
286
865
25
21882
1990
59721
320
16
2717
865
2717
220
605
61
24
340
286
2015
29453
25
1796
315
308
2015
22165
2919
304
2536
6953
76562
2015
320
16
2717
2015
29453
1004
60
2717
220
605
61
717
340
1084
262
5295
512
286
578
8187
3284
2860
97894
198
262
12713
262
674
9185
11581
2007
449
56010
198
262
11581
284
4416
7947
6817
2190
60
353
320
77
489
220
16
8
369
721
304
2134
1471
489
220
16
5680
1084
262
674
5464
1162
25
220
15
10373
11
220
15
97894
198
262
11581
58
15
1483
15
60
284
220
15
7361
262
674
55440
927
1855
2015
198
262
369
602
304
2134
7
16
11
308
489
220
16
997
286
674
55440
927
1855
3284
1396
315
59721
198
286
369
503
304
2134
7
16
11
602
489
220
16
997
310
674
21157
279
97894
369
279
1510
2015
198
310
97894
284
2015
29453
1004
482
220
16
60
482
2015
29453
1004
482
220
16
933
3456
310
674
1442
420
374
539
279
1176
44854
11
923
279
97894
369
279
3766
44854
198
310
422
503
871
220
16
512
394
97894
1447
865
19086
310
674
5666
279
11581
2007
449
279
8187
97894
198
310
11581
1004
1483
73
60
284
1332
35899
1004
1483
73
1145
11581
1004
482
220
16
1483
73
482
220
16
60
489
97894
340
3456
310
674
1442
584
649
8448
810
10373
3871
11
1456
311
656
779
198
310
422
503
366
597
512
394
674
21157
279
97894
369
279
1828
2015
198
394
1828
821
1056
52370
284
2015
29453
1004
60
482
2015
29453
1004
482
220
16
933
6494
394
674
5666
279
11581
2007
449
279
8187
97894
198
394
11581
1004
1483
73
60
284
1332
35899
1004
1483
73
1145
11581
1004
482
220
16
1483
73
60
489
1828
821
1056
52370
340
1084
262
674
578
8187
2860
97894
374
9967
304
279
1566
2849
315
279
11581
2007
198
262
471
11581
7824
1483
77
933
74694
128009
128006
882
128007
271
7927
3766
4879
4745
279
7177
13
5810
596
279
1493
512
6687
1445
320
3646
3293
1650
1566
997
220
2958
36674
24575
5683
52426
22
5241
51
7345
498
1584
220
1484
11
304
366
4450
397
262
1817
14478
3375
54653
821
1056
52370
340
220
2958
36674
24575
5683
52426
22
5241
51
7345
498
1584
220
966
11
304
1817
198
262
2105
9322
7
20
11
220
17
11
220
18
11
510
16
11
220
20
11
220
21
11
220
605
11
220
717
2526
624
220
17
198
1881
6440
62824
62824
62824
62824
62824
62824
62824
62824
62824
198
220
2958
36674
24575
5683
52426
22
5241
51
7345
498
1584
220
5925
11
304
8187
54653
821
1056
52370
198
262
1828
821
1056
52370
284
2015
29453
1004
60
482
2015
29453
1004
482
220
16
933
6096
4056
18368
93
22634
61
198
1581
1480
25
1160
1963
704
315
2134
14963
1271
312
42612
11
420
374
701
3465
25
4557
279
2768
734
12223
323
4733
928
11
7373
4305
279
734
7633
323
1522
682
279
7177
13
3146
5989
4276
70765
3247
13916
50
13
57277
2675
1288
15411
279
2082
499
11041
304
264
67859
2082
2565
320
817
10103
33981
320
20670
690
33316
279
4113
5865
8
128009
128006
78191
128007
271
74694
12958
198
1527
20061
1179
1796
271
755
8187
54653
821
1056
52370
1471
25
528
11
597
25
528
11
865
25
528
11
2015
29453
25
1796
19155
2526
1492
528
512
262
3270
262
16644
308
10373
9277
389
3230
2919
11
1505
279
8187
2860
97894
994
11862
1124
627
1084
262
23694
512
262
482
2468
1455
597
10373
649
387
28358
3871
304
832
7309
198
262
482
7365
602
320
37469
389
1938
2015
29453
1004
2526
649
1193
387
28358
389
477
1306
430
1938
198
262
482
4740
11862
389
1938
264
11
279
1828
44854
649
1193
387
389
1938
264
38992
477
3010
198
262
482
52132
52370
369
2015
602
28358
389
1938
274
374
320
82
482
2015
29453
1004
2608
1084
262
18161
512
286
308
25
5742
315
10373
320
16
2717
308
2717
220
1041
340
286
597
25
27697
10373
824
44854
320
16
2717
597
2717
308
340
286
865
25
21882
1990
59721
320
16
2717
865
2717
220
605
61
24
340
286
2015
29453
25
1796
315
308
2015
22165
2919
304
2536
6953
76562
2015
320
16
2717
2015
29453
1004
60
2717
220
605
61
717
340
1084
262
5295
512
286
578
8187
3284
2860
97894
198
262
3270
262
11581
284
4416
3733
493
13885
52128
353
320
77
489
220
16
8
369
721
304
2134
1471
489
220
16
5680
262
11581
58
15
1483
15
60
284
220
15
7361
262
369
602
304
2134
7
16
11
308
489
220
16
997
286
369
503
304
2134
7
16
11
602
489
220
16
997
310
422
602
624
503
512
394
11581
1004
1483
73
60
284
220
15
198
310
775
512
394
369
326
304
2134
7
16
11
1332
6097
11
602
482
503
489
220
16
8
489
220
16
997
504
8448
17181
284
1973
19948
29453
1004
482
326
1145
11581
1004
482
326
1483
73
482
220
16
60
489
865
422
503
871
220
16
775
220
15
340
504
11581
1004
1483
73
60
284
1332
35899
1004
1483
73
1145
11581
1004
482
326
1483
73
482
220
16
60
489
2694
92499
17181
482
2015
29453
12335
60
369
296
304
2134
1998
482
326
489
220
16
11
602
489
220
16
6054
1084
262
471
11581
7824
1483
77
933
74694
128009