248045
846
198
4274
279
2614
709
11618
321
4479
889
11
6999
4072
279
709
7246
321
1440
660
279
6813
13
2972
5683
4045
67305
3067
13209
50
159029
271
2523
1220
14623
279
1970
488
10490
303
264
64504
1970
2424
318
784
9609
31789
318
19458
668
31153
279
3889
5568
8
271
71093
198
1445
18904
1120
1697
1358
727
1698
5062
15057
35226
20449
25
1697
18078
2387
1411
514
25
198
262
4071
7145
279
1324
314
13139
314
2397
38127
12708
2303
318
12877
16
11
12609
17
8
314
10001
421
25705
25
198
262
220
16
13
561
12708
2303
12609
16
321
12609
17
513
81859
318
2083
1857
314
10001
369
4047
1881
1070
8
198
262
220
17
13
561
469
6281
314
279
5255
314
12609
16
369
5951
310
279
469
6281
314
279
5255
314
12609
17
6987
262
3301
279
2702
1324
314
1680
13139
57844
220
16
15
61
24
478
220
22
13
198
1031
262
17167
25
198
285
10001
25
1473
7308
1287
1332
220
16
2564
2343
20449
8
2564
220
17
15
15
321
220
16
2564
10001
957
60
2564
220
17
15
15
6987
262
5019
25
198
285
561
1324
314
2610
1146
15057
13139
57844
220
16
15
61
24
478
220
22
6987
262
11765
1698
5062
15057
35226
2477
16
11
220
17
11
220
18
11
220
19
2387
198
262
220
16
15
198
262
11765
1698
5062
15057
35226
2477
16
15
11
220
17
15
11
220
18
15
2387
198
262
220
17
198
262
11765
1698
5062
15057
35226
2477
16
11
220
16
11
220
16
11
220
16
2387
198
262
220
20
15
198
262
4071
271
727
1716
69574
1590
198
262
653
14204
9989
494
3377
4952
198
262
1992
8871
2477
16
11
220
17
11
220
18
11
220
19
2387
606
220
16
15
198
262
1992
8871
2477
16
15
11
220
17
15
11
220
18
15
2387
606
220
17
198
262
1992
8871
2477
16
11
220
16
11
220
16
11
220
16
2387
606
220
20
15
6987
262
653
11000
2315
4886
198
262
1992
8871
2477
21
2387
606
220
15
198
262
1992
8871
2477
24
2387
606
220
15
198
262
1992
8871
2477
23
2387
606
220
15
198
262
1992
8871
2477
18
2387
606
220
15
198
262
1992
8871
2477
17
2387
606
220
15
198
262
1992
8871
2477
22
2387
606
220
15
198
262
1992
8871
2477
19
2387
606
220
15
6987
262
653
8771
2315
4886
198
262
1992
8871
2477
22
11
220
17
2387
606
220
15
198
262
1992
8871
2477
16
11
220
23
2387
606
220
15
198
262
1992
8871
2477
23
11
220
21
2387
606
220
15
198
262
1992
8871
2477
23
11
220
22
2387
606
220
15
198
262
1992
8871
2477
16
11
220
21
2387
606
220
15
198
262
1992
8871
2477
24
11
220
16
2387
606
220
15
198
262
1992
8871
2477
22
11
220
23
2387
606
220
15
198
262
1992
8871
2477
16
15
11
220
19
2387
606
220
15
198
262
1992
8871
2477
22
11
220
22
2387
606
220
17
198
262
1992
8871
2477
23
11
220
16
2387
606
220
15
198
262
1992
8871
2477
16
15
11
220
21
2387
606
220
15
6987
262
653
78020
1228
4886
198
262
1992
8871
2477
16
24
23
11
16
24
15
11
16
24
20
11
16
24
17
11
16
24
15
11
16
24
15
11
16
24
24
11
17
15
15
11
16
24
24
11
16
24
15
11
16
24
22
11
16
24
24
11
16
24
21
11
16
24
21
11
16
24
23
11
16
24
21
11
17
15
15
11
16
24
19
11
16
24
18
11
16
24
22
11
17
15
15
11
16
24
23
11
16
24
15
11
16
24
20
11
16
24
18
11
16
24
24
11
17
15
15
11
16
24
18
11
16
24
23
11
16
24
16
11
16
24
18
11
16
24
17
11
17
15
15
11
16
24
24
11
16
24
17
11
16
24
21
11
16
24
20
11
16
24
17
11
17
15
15
11
16
24
17
11
16
24
15
11
16
24
19
11
16
24
19
11
16
24
18
11
16
24
18
11
16
24
20
11
16
24
19
11
16
24
15
11
16
24
21
11
17
15
15
11
16
24
23
11
17
15
15
11
16
24
21
11
16
24
21
11
16
24
15
11
16
24
16
11
16
24
19
11
16
24
22
11
16
24
16
11
16
24
19
11
16
24
17
11
16
24
20
11
16
24
24
11
16
24
18
11
16
24
24
11
16
24
21
11
16
24
19
11
16
24
15
11
16
24
21
11
17
15
15
2387
606
220
20
22
15
19
19
20
17
17
19
6987
262
1992
8871
2477
17
15
15
11
16
15
15
11
17
20
11
18
11
17
15
15
11
16
15
15
11
17
20
11
18
11
17
15
15
11
16
15
15
11
17
20
11
18
11
17
15
15
11
16
15
15
11
17
20
11
18
11
17
15
15
11
16
15
15
11
17
20
11
18
11
17
15
15
11
16
15
15
11
17
20
11
18
11
17
15
15
11
16
15
15
11
17
20
11
18
11
17
15
15
11
16
15
15
11
17
20
11
18
11
17
15
15
11
16
15
15
11
17
20
11
18
11
17
15
15
11
16
15
15
11
17
20
11
18
11
17
15
15
11
16
15
15
11
17
20
11
18
11
17
15
15
11
16
15
15
11
17
20
11
18
11
17
15
15
11
16
15
15
11
17
20
11
18
11
17
15
15
11
16
15
15
11
17
20
11
18
11
17
15
15
11
16
15
15
11
17
20
11
18
11
17
15
15
11
16
15
15
11
17
20
11
18
11
17
15
15
11
16
15
15
11
17
20
11
18
11
17
15
15
11
16
15
15
11
17
20
11
18
11
17
15
15
11
16
15
15
11
17
20
11
18
11
17
15
15
11
16
15
15
11
17
20
11
18
11
17
15
15
11
16
15
15
11
17
20
11
18
11
17
15
15
11
16
15
15
11
17
20
11
18
11
17
15
15
11
16
15
15
11
17
20
11
18
11
17
15
15
11
16
15
15
11
17
20
11
18
11
17
15
15
11
16
15
15
11
17
20
11
18
2387
606
220
18
18
15
20
20
18
18
23
23
6987
262
1992
8871
2477
17
18
11
17
23
11
17
17
11
17
22
11
17
17
11
17
22
11
17
15
11
17
18
11
17
22
11
18
15
11
18
15
11
17
17
11
17
19
11
17
19
11
17
15
11
17
20
11
17
22
11
17
17
11
17
22
11
17
16
11
17
24
11
17
18
11
17
18
11
17
22
11
17
21
11
17
23
11
17
22
11
17
15
11
17
23
11
17
16
11
17
17
11
17
22
11
17
19
11
17
23
11
17
15
11
17
19
11
17
16
11
17
15
11
17
24
11
17
19
11
17
17
11
17
15
11
17
19
11
17
22
11
18
15
11
17
24
11
17
16
11
17
20
11
17
17
11
17
17
11
17
22
11
17
19
11
17
17
11
17
24
11
17
17
11
17
20
11
17
20
11
17
18
11
17
20
11
17
19
11
17
21
11
17
16
11
17
23
11
17
20
11
17
21
11
17
15
11
17
19
11
17
22
11
17
22
11
17
18
11
17
15
11
17
19
11
17
18
11
17
16
11
17
19
2387
606
220
19
19
16
24
22
18
16
16
6987
262
1992
8871
2477
17
24
11
17
16
11
17
24
11
17
20
11
17
18
11
17
22
11
17
22
11
17
24
11
17
15
11
17
23
11
17
21
11
18
15
11
17
19
11
17
19
11
17
21
11
17
17
11
17
24
11
17
23
11
17
15
11
17
17
11
17
18
11
18
15
11
17
22
11
18
15
11
17
19
11
18
15
11
17
19
11
17
19
11
17
20
11
18
15
11
17
17
11
17
24
11
17
18
11
18
15
11
17
15
11
17
23
11
17
15
11
17
24
11
17
22
11
17
17
11
17
19
11
17
23
11
17
22
11
17
15
11
17
20
11
17
16
11
17
23
11
17
16
11
17
17
11
17
23
11
17
24
11
17
15
11
17
22
11
17
24
11
17
17
11
17
17
11
18
15
11
17
19
11
17
20
11
17
15
11
17
24
11
17
15
11
17
18
11
17
16
11
17
19
11
17
18
11
17
19
11
17
24
11
17
19
11
17
24
11
17
16
11
17
18
11
17
23
11
17
24
11
17
16
2387
606
220
22
22
15
18
23
23
18
16
19
6987
262
1992
8871
2477
17
15
15
11
16
15
15
11
17
15
15
11
16
15
15
11
17
15
15
11
16
15
15
11
17
15
15
11
16
15
15
11
17
15
15
11
16
15
15
11
17
15
15
11
16
15
15
11
17
15
15
11
16
15
15
11
17
15
15
11
16
15
15
11
17
15
15
11
16
15
15
11
17
15
15
11
16
15
15
11
17
15
15
11
16
15
15
11
17
15
15
11
16
15
15
11
17
15
15
11
16
15
15
11
17
15
15
11
16
15
15
11
17
15
15
11
16
15
15
11
17
15
15
11
16
15
15
11
17
15
15
11
16
15
15
11
17
15
15
11
16
15
15
11
17
15
15
11
16
15
15
11
17
15
15
11
16
15
15
11
17
15
15
11
16
15
15
11
17
15
15
11
16
15
15
11
17
15
15
11
16
15
15
11
17
15
15
11
16
15
15
11
17
15
15
11
16
15
15
11
17
15
15
11
16
15
15
11
17
15
15
11
16
15
15
11
17
15
15
11
16
15
15
11
17
15
15
11
16
15
15
11
17
15
15
11
16
15
15
11
17
15
15
11
16
15
15
11
17
15
15
11
16
15
15
11
17
15
15
11
16
15
15
11
17
15
15
11
16
15
15
11
17
15
15
11
16
15
15
11
17
15
15
11
16
15
15
11
17
15
15
11
16
15
15
11
17
15
15
11
16
15
15
11
17
15
15
11
16
15
15
11
17
15
15
11
16
15
15
11
17
15
15
11
16
15
15
11
17
15
15
11
16
15
15
11
17
15
15
11
16
15
15
11
17
15
15
11
16
15
15
11
17
15
15
11
16
15
15
11
17
15
15
11
16
15
15
11
17
15
15
11
16
15
15
11
17
15
15
11
16
15
15
11
17
15
15
11
16
15
15
11
17
15
15
11
16
15
15
2387
606
220
19
21
19
21
21
18
21
24
23
271
2
5272
1716
11181
5062
15057
35226
8
310
1542
6813
13
198
71093
248046
198
248045
74455
198
1206
11290
411
3377
11
567
1144
310
1698
279
1324
314
13139
314
81859
2397
38127
12708
2303
47029
12877
16
11
12609
17
44646
494
279
2574
1287
1510
25509
63
1680
421
279
469
6281
314
5255
303
1510
12877
16
63
16327
279
469
6281
314
5255
303
1510
12877
17
27653
271
13962
51301
198
16
13
2972
37332
4356
92217
5339
11
1698
279
11304
314
1754
1324
303
1510
25509
27653
8439
279
6966
869
369
220
17
15
15
11
567
628
28750
944
440
1439
14159
13
198
17
13
2972
38
6281
71690
92217
1690
1754
3102
469
6281
869
1510
70
63
318
1445
220
16
310
220
17
15
15
681
10724
279
1324
314
2397
38127
12708
2303
6483
469
6281
369
6681
1510
70
27653
198
256
471
6558
1510
1767
31439
60
63
381
279
1324
314
5255
303
1510
25509
63
421
513
62862
314
1510
70
27653
198
256
471
561
2702
1324
314
2397
38127
12708
2303
13717
539
1439
5255
369
1510
17
12883
1767
31439
2387
471
220
16
27653
198
256
471
4213
11
411
5469
12708
2303
6483
469
6281
369
264
5081
314
1510
70
63
318
4650
1510
17
70
7561
1510
18
70
7561
4831
34163
1946
615
279
4581
1698
364
469
6281
1510
70
7561
567
31192
279
14159
314
12708
2303
440
469
6281
1510
17
70
7561
1510
18
70
7561
4831
2487
494
279
2702
13
1061
369
2725
1608
264
9637
18971
494
220
17
15
15
1441
310
220
16
13
198
18
13
2972
12086
4356
286
92217
1690
1754
469
6281
869
1510
70
7561
1042
1510
2210
63
381
279
1324
314
2397
38127
12708
2303
440
469
6281
1510
70
27653
561
1324
314
5337
310
4992
1330
81859
12708
2303
2107
3322
469
6281
1510
70
63
369
16100
539
12463
25
198
256
471
10342
5337
310
4992
866
1330
12708
2303
318
1856
13902
81859
8
369
1510
2210
61
17
27653
198
256
471
89999
4886
1332
781
4191
506
3140
799
2315
13
4213
11
264
777
10727
1560
369
310
958
279
16988
314
26312
9884
8686
466
2050
3493
16762
518
24217
13
198
256
471
37201
11
364
1754
2315
11
424
628
381
303
1510
12877
16
7561
1510
12877
17
7561
466
13468
13
1368
567
4884
279
716
314
5255
1429
303
2107
12708
2303
11
279
1324
314
2610
13139
369
5265
310
1510
18
83193
471
220
17
12883
77
10
16
8
478
220
16
63
364
307
5255
11
694
1532
567
1144
6681
469
6281
1510
70
63
364
2107
13
198
256
471
357
2577
5313
25
1690
264
8097
1510
70
7561
1042
1510
50
63
381
279
716
314
4947
303
1510
25509
63
421
513
62862
314
1510
70
27653
6558
1510
69
63
381
279
1698
314
1680
4947
13
561
1324
314
2397
38127
12708
2303
314
1510
50
63
440
469
6281
6681
1510
70
63
369
1510
44839
31439
60
27653
198
256
471
561
1324
314
13139
314
81859
12708
2303
318
20385
2397
38127
11
2107
440
469
6281
1510
70
31789
369
23424
430
25
198
257
471
10342
5337
310
9501
1754
2315
303
1510
50
63
310
1510
12877
16
7561
1510
12877
17
7561
466
13468
11
1680
421
2107
1510
12877
16
63
321
1510
12877
17
63
513
2397
38127
321
836
469
6281
82
513
1510
70
27653
198
257
471
4213
11
21873
279
469
6281
369
6681
1510
70
63
364
2107
369
6150
13
11746
11
567
958
279
829
68600
1510
44839
31439
60
63
864
6486
279
1698
314
12708
2303
440
469
6281
6681
1510
70
27653
198
257
471
561
1324
314
5337
310
4992
1330
81859
12708
2303
440
469
6281
1510
70
63
369
25
1510
44839
31439
60
348
318
17
61
69
471
220
16
8
471
2423
63
694
411
369
524
29350
13
271
50821
11
264
777
10727
1654
25
198
12
1690
1754
1510
70
7561
1042
1510
44839
31439
60
63
381
279
1324
314
2397
38127
12708
2303
440
469
6281
6681
1510
70
27653
198
12
561
2702
1324
314
13139
314
81859
12708
2303
318
12877
16
11
12609
17
8
1332
2107
599
469
6281
1510
70
63
369
25
198
220
471
20495
660
5255
421
513
62862
314
1510
70
27653
6558
411
716
381
1510
44
1824
27653
198
220
471
1690
1754
2315
303
1510
44
1824
7561
424
628
381
25
303
1510
12877
16
7561
303
1510
12877
17
7561
466
303
13468
13
318
18
11125
8
198
220
471
10342
30152
25
1510
18
61
91
44
1824
91
27653
198
220
471
89999
4886
1332
1510
12877
16
63
369
4147
25
1510
17
61
91
44
1824
91
63
318
9264
2315
303
1510
12877
17
63
466
13468
553
198
220
471
89999
4886
1332
1510
12877
17
63
369
4147
25
1510
17
61
91
44
1824
91
27653
198
220
471
2604
1142
4886
1332
2107
513
4147
318
1899
52610
10598
1590
1510
16
27653
198
220
471
1987
2702
2397
38127
13139
25
1510
18
61
91
44
1824
91
471
220
17
9
17
61
91
44
1824
91
478
220
16
27653
198
220
471
4213
11
411
14159
13139
1332
279
469
6281
314
1510
12877
16
63
321
1510
12877
17
63
513
62862
314
1510
70
7561
524
13902
6681
1510
70
27653
198
2228
3850
567
599
1510
44839
31439
60
63
864
369
279
1698
314
12708
2303
440
469
6281
6681
1510
70
27653
1165
1144
13139
1332
2107
599
469
6281
6681
1510
70
27653
271
73174
68563
25
198
760
1324
314
13139
314
81859
12708
2303
318
12877
16
11
12609
17
8
440
469
6281
33667
16
8
283
469
6281
33667
17
8
283
338
369
25
198
63
44839
31439
60
348
318
17
61
69
471
220
16
8
471
2423
63
874
13
271
31995
5313
1608
26312
9884
8686
383
279
469
6281
2876
25
198
9764
1510
4873
31439
60
63
283
1324
314
2397
38127
12708
2303
314
62862
314
1510
70
63
318
7949
369
1510
17
12883
1767
31439
2387
471
220
16
57208
198
11861
1510
44839
31439
60
283
2702
31439
60
471
2542
5291
519
6521
70116
60
364
580
9628
17
8
27653
271
6820
11
364
279
6505
1698
25
198
2381
264
8097
1510
70
7561
1042
1510
69
283
1698
31439
60
63
318
3946
314
62862
314
1510
70
57208
198
760
1324
314
5337
310
4992
1330
81859
12708
2303
318
12877
16
11
12609
17
8
494
279
1510
69
63
5255
1680
421
25
198
12
11396
513
2397
38127
13
198
12
469
6281
33667
16
8
369
264
5081
314
1510
70
63
321
469
6281
33667
17
8
369
264
5081
314
1510
70
27653
271
1919
369
25
1510
18
61
69
471
220
17
12883
69
10
16
8
478
220
16
63
318
299
13849
3294
25
220
18
61
69
2702
30152
11
26401
220
17
61
69
364
12609
16
4147
11
26401
220
17
61
69
364
12609
17
4147
11
5346
220
16
364
2107
4147
553
271
3850
567
1144
279
469
6281
310
381
6681
1510
70
63
364
2107
13
271
9764
1510
37
31439
60
63
283
1324
314
13139
314
81859
2397
38127
12708
2303
1332
2107
469
6281
82
513
62862
314
1510
70
27653
198
11861
1510
37
31439
60
283
220
18
61
69
471
220
17
12883
69
10
16
8
478
220
16
63
318
2777
1510
69
63
369
279
1698
314
62862
314
1510
70
57208
271
11861
279
1324
314
13139
1332
2107
469
6281
82
513
6681
1510
70
63
369
25
198
63
581
31439
60
283
426
31439
60
471
2542
32440
6521
70116
60
364
580
9628
17
44646
271
23201
11
279
2702
4087
369
1510
1200
32440
31439
60
364
660
338
8
27653
271
32827
25
198
16
13
4356
32655
314
1754
1324
13
198
17
13
1690
1754
1510
70
63
494
220
16
310
220
17
15
15
11
12204
1510
69
31439
60
63
283
1698
314
4947
303
1510
25509
63
72364
539
1510
70
27653
198
18
13
21902
1510
37
31439
60
283
318
18
61
69
31439
60
471
220
17
9
17
61
69
31439
60
478
220
16
8
984
18107
27653
198
19
13
21902
1510
581
31439
60
63
494
1510
70
28
17
15
15
63
1441
310
1510
16
43143
1510
581
31439
60
283
426
31439
60
471
2542
32440
6521
70116
60
364
580
9628
17
8
27653
198
20
13
7860
660
1510
581
31439
60
63
57844
1510
25613
27653
271
1919
5313
28750
55288
279
1067
1608
26312
9884
8686
13
271
71093
12305
198
1445
18904
1120
1697
198
464
6673
271
25613
283
220
16
15
332
24
478
220
22
271
727
1698
5062
15057
35226
20449
25
1697
18078
2387
1411
514
25
198
262
653
4356
11304
314
1754
1324
198
262
1866
5996
283
220
17
15
15
198
262
20257
283
498
15
60
348
318
2721
5996
478
220
16
8
198
262
364
830
303
10001
25
198
285
20257
8065
60
1373
220
16
6987
262
653
4807
26808
13043
314
220
17
321
220
18
57844
18107
198
262
307
283
2343
20449
8
198
262
6660
17
283
498
16
60
348
318
77
478
220
16
8
198
262
6660
18
283
498
16
60
348
318
77
478
220
16
8
198
262
364
585
303
2020
7
16
11
307
478
220
16
1590
198
285
6660
17
957
60
283
318
21072
17
957
12
16
60
348
220
17
8
984
18107
198
285
6660
18
957
60
283
318
21072
18
957
12
16
60
348
220
18
8
984
18107
6987
262
653
1690
1754
338
11
1698
1204
1599
4947
303
10001
513
62862
314
338
198
262
1698
88637
624
283
498
15
60
348
318
2721
5996
478
220
16
8
198
262
364
338
303
2020
7
16
11
1866
5996
478
220
16
1590
198
285
272
283
220
15
198
285
364
5081
303
2020
3163
11
1866
5996
478
220
16
11
338
1590
198
309
272
1373
20257
11722
11880
60
198
285
1698
88637
624
31439
60
283
272
6987
262
653
426
31439
60
283
1324
314
13139
314
81859
2397
38127
12708
2303
1332
2107
469
6281
82
513
62862
314
338
198
262
426
283
498
15
60
348
318
2721
5996
478
220
16
8
198
262
364
338
303
2020
7
16
11
1866
5996
478
220
16
1590
198
285
281
283
1698
88637
624
31439
60
198
285
413
281
606
220
15
25
198
309
426
31439
60
283
220
15
198
285
745
25
198
309
653
220
18
61
69
471
220
17
9
17
61
69
478
220
16
198
309
1009
283
318
21072
18
23986
60
471
220
17
348
6660
17
23986
60
478
220
16
8
984
18107
198
309
426
31439
60
283
1009
6987
262
653
7843
31439
60
283
1324
314
13139
1332
2107
469
6281
82
513
6681
338
198
262
7843
283
498
15
60
348
318
2721
5996
478
220
16
8
198
262
364
338
303
2020
8474
5996
11
220
15
11
471
16
1590
198
285
2702
283
426
31439
60
198
285
653
89999
4886
1332
469
6281
369
264
5081
314
338
318
72
1673
2487
220
17
70
11
220
18
70
11
45347
198
285
364
580
303
2020
7
17
348
338
11
1866
5996
478
220
16
11
338
1590
198
309
2702
283
318
4873
471
7843
6521
60
478
18107
8
984
18107
198
285
7843
31439
60
283
2702
6987
262
653
7860
660
7843
31439
60
198
262
1067
283
2542
32440
8
984
18107
198
262
460
1067
198
71093
248046
198
248045
846
198
7525
3555
4621
4490
279
6813
13
5514
579
279
1412
25
198
6347
1371
318
3444
3110
1562
1483
1590
198
220
2793
34397
5391
10844
11568
1237
75
51
6971
487
1500
220
16
16
20
11
303
361
4211
29
198
262
1716
11181
5062
15057
35226
8
198
220
2793
34397
5391
10844
11568
1237
75
51
6971
487
1500
220
17
22
11
303
1716
198
262
1992
8871
2477
16
11
220
17
11
220
18
11
220
19
2387
606
220
16
15
198
1779
6108
59641
59641
59641
59641
59641
59641
59641
198
66317
1401
14200
1206
311
40138
11
411
369
678
3274
25
4310
279
2614
709
11618
321
4479
889
11
6999
4072
279
709
7246
321
1440
660
279
6813
13
2972
5683
4045
67305
3067
13209
50
159029
271
2523
1220
14623
279
1970
488
10490
303
264
64504
1970
2424
318
784
9609
31789
318
19458
668
31153
279
3889
5568
8
248046
198
248045
74455
198
248068
271
248069
271
1206
11290
411
3377
11
567
1144
310
1698
279
1324
314
13139
314
81859
2397
38127
12708
2303
47029
12877
16
11
12609
17
44646
494
279
2574
1287
1510
25509
63
1680
421
279
469
6281
314
5255
303
1510
12877
16
63
16327
279
469
6281
314
5255
303
1510
12877
17
27653
271
13962
51301
198
16
13
2972
37332
4356
92217
4356
279
11304
314
1754
1324
303
1510
25509
27653
8439
279
6966
869
369
220
17
15
15
11
567
628
28750
944
440
1439
14159
13
198
17
13
2972
2427
56727
624
92217
1690
1754
3102
469
6281
869
1510
70
63
318
1445
220
16
310
220
17
15
15
681
10724
279
1324
314
5255
303
1510
25509
63
421
513
62862
314
1510
70
27653
6558
411
1698
381
1510
69
31439
60
27653
198
18
13
2972
7354
387
4568
440
469
6281
27869
314
338
92217
19892
1510
37
31439
60
7561
279
1324
314
13139
314
81859
2397
38127
12708
2303
1332
2107
12708
2303
599
264
469
6281
421
369
264
5081
314
1510
70
27653
198
256
471
1690
264
716
314
1510
69
63
5255
318
75305
624
314
1510
70
63
681
1754
2315
628
381
12244
310
1510
12877
16
7561
1510
12877
17
7561
466
13468
13
198
256
471
10342
30152
25
1510
18
61
69
27653
198
256
471
89999
4886
1332
1510
12877
16
63
369
4147
25
1510
17
61
69
63
318
9264
2315
303
1510
12877
17
63
466
13468
553
198
256
471
89999
4886
1332
1510
12877
17
63
369
4147
25
1510
17
61
69
27653
198
256
471
2604
1142
4886
1332
2107
513
4147
318
1899
52610
10598
1590
1510
16
27653
198
256
471
1987
11
1510
37
31439
60
283
220
18
61
69
471
220
17
348
220
17
61
69
478
220
16
27653
198
19
13
2972
56009
469
6281
4356
92217
5272
26312
9884
8686
310
1423
1510
581
31439
60
7561
279
1324
314
13139
1332
2107
469
6281
82
513
6681
1510
70
27653
198
256
471
1510
581
31439
60
283
426
31439
60
471
2542
32440
6521
70116
60
364
580
2518
220
17
8
27653
198
256
471
52516
494
1510
70
283
220
17
15
15
63
1441
310
1510
16
27653
198
20
13
2972
8917
17560
92217
561
1534
4087
369
279
2542
314
1510
581
31439
60
63
364
660
1510
70
63
57844
1510
16
15
61
24
478
220
22
27653
271
13962
12121
5927
271
71093
12305
198
1445
18904
1120
1697
271
727
1698
5062
15057
35226
20449
25
1697
18078
2387
1411
514
25
198
262
18107
283
220
16
15
332
24
478
220
22
198
262
1866
5996
283
220
17
15
15
6987
262
653
4356
11304
314
1754
1324
198
262
20257
283
498
15
60
348
318
2721
5996
478
220
16
8
198
262
364
830
303
10001
25
198
285
20257
8065
60
1373
220
16
6987
262
307
283
2343
20449
8
198
262
653
4807
26808
13043
314
220
17
321
220
18
57844
18107
198
262
6660
17
283
498
16
60
348
318
77
478
220
16
8
198
262
6660
18
283
498
16
60
348
318
77
478
220
16
8
198
262
364
585
303
2020
7
16
11
307
478
220
16
1590
198
285
6660
17
957
60
283
318
21072
17
957
12
16
60
348
220
17
8
984
18107
198
285
6660
18
957
60
283
318
21072
18
957
12
16
60
348
220
18
8
984
18107
6987
262
653
1690
1754
338
11
1698
1204
1599
4947
303
10001
513
62862
314
338
198
262
1698
88637
624
283
498
15
60
348
318
2721
5996
478
220
16
8
198
262
364
338
303
2020
7
16
11
1866
5996
478
220
16
1590
198
285
272
283
220
15
198
285
364
5081
303
2020
3163
11
1866
5996
478
220
16
11
338
1590
198
309
272
1373
20257
11722
11880
60
198
285
1698
88637
624
31439
60
283
272
6987
262
653
426
31439
60
283
1324
314
13139
314
81859
2397
38127
12708
2303
1332
2107
469
6281
82
513
62862
314
338
198
262
426
283
498
15
60
348
318
2721
5996
478
220
16
8
198
262
364
338
303
2020
7
16
11
1866
5996
478
220
16
1590
198
285
281
283
1698
88637
624
31439
60
198
285
413
281
606
220
15
25
198
309
426
31439
60
283
220
15
198
285
745
25
198
309
653
220
18
61
69
471
220
17
9
17
61
69
478
220
16
198
309
1009
283
318
21072
18
23986
60
471
220
17
348
6660
17
23986
60
478
220
16
8
984
18107
198
309
426
31439
60
283
1009
6987
262
653
7843
31439
60
283
1324
314
13139
1332
2107
469
6281
82
513
6681
338
198
262
7843
283
498
15
60
348
318
2721
5996
478
220
16
8
198
262
364
338
303
2020
8474
5996
11
220
15
11
471
16
1590
198
285
2702
283
426
31439
60
198
285
653
89999
4886
1332
469
6281
369
264
5081
314
338
318
72
1673
2487
220
17
70
11
220
18
70
11
45347
198
285
364
580
303
2020
7
17
348
338
11
1866
5996
478
220
16
11
338
1590
198
309
2702
283
318
4873
471
7843
6521
60
478
18107
8
984
18107
198
285
7843
31439
60
283
2702
6987
262
653
7860
660
7843
31439
60
198
262
1067
283
2542
32440
8
984
18107
198
262
460
1067
198
71093
248046
198