10
25708
1010
11
1010
10
3263
1010
10311
1278
3629
2254
21734
1321
8953
3607
1044
10886
5687
1278
2254
5055
1321
2764
1747
1278
9458
1046
1603
24151
16424
70914
84674
14671
48761
1083
25461
4568
2715
30711
1278
3475
1636
13330
1294
1261
1335
107485
3475
4950
1319
3038
44642
1041
1319
43880
2084
80858
1278
4618
7389
1801
2640
5011
38227
2671
5247
4688
3149
81428
2480
1413
7198
1101
9853
10946
83781
1058
5247
1091
2525
59939
1093
8623
4906
2011
1877
1293
19639
11384
1261
13330
81428
2848
1413
6793
1101
5079
1408
1261
1032
1051
1120
1051
12429
2478
2744
2469
1934
1261
2632
1626
1260
1010
1293
108592
1319
11517
7398
1041
1321
1349
23572
1319
13023
7398
1041
4069
19685
34639
7496
3459
1626
1293
4925
1261
7398
71222
1261
2469
1044
2127
7856
1278
5305
1294
1455
2469
1321
15504
1494
2034
4558
1010
1293
1319
99200
1816
26475
1058
4804
1044
1349
23572
1058
10991
4342
1260
1010
1293
1531
5079
15202
2200
1877
1293
1462
1349
7398
12878
1032
1051
22487
3459
1307
2034
4558
1319
2041
1047
9615
6406
1105
28052
1041
1462
1455
7398
27376
1010
1293
1462
3797
3459
1584
35902
1462
1278
7398
1454
4853
3788
7856
27376
1010
1260
1010
1293
12953
11306
3354
9741
2487
1046
1531
4556
1307
1747
4213
1294
1278
12429
1395
42296
1317
1402
13509
1626
1260
1010
1293
64664
1877
1369
12429
1058
1349
1032
1051
1120
1051
12429
1307
38801
19681
2469
4213
1010
1301
1010
1293
20527
1877
1369
1429
99200
1816
26475
1034
1693
108592
27376
1044
1429
1065
23572
1034
1693
1349
23572
27376
1010
1301
1010
1293
56431
81428
2480
1413
7198
1101
9853
10946
86845
1048
1044
1032
1048
1044
1032
1048
3605
1766
1048
1044
1032
1049
1044
1032
1048
3605
1766
1048
1044
1032
1048
1044
1032
1048
88661
1293
1576
99200
1816
26475
2913
1293
56431
81428
2480
1413
7198
1101
9853
10946
9038
28854
1049
1044
1032
1049
1044
1032
1048
3605
43692
1052
1044
1462
1050
1044
1462
1053
3605
43692
1052
1044
1462
1049
1044
1462
1053
88661
1293
1576
1065
23572
2913
1293
47680
3149
4206
5164
52143
3640
1293
2569
35237
2688
5443
1010
1293
6852
15605
86845
1048
1044
1032
1048
1044
1032
1048
3605
1766
1048
1044
1032
1049
1044
1032
1048
3605
1766
1048
1044
1032
1048
1044
1032
1048
1093
8623
2351
1576
99200
1816
26475
2913
1293
6852
15605
9038
28854
1049
1044
1032
1049
1044
1032
1048
3605
43692
1052
1044
1462
1050
1044
1462
1053
3605
43692
1052
1044
1462
1049
1044
1462
1053
1093
8623
2351
1576
1065
23572
2913
1260
1010
1293
2569
31054
2688
5443
1010
1293
6852
15605
9038
28854
1050
1049
1049
1052
1048
1052
1051
1048
1053
1044
1032
1050
1054
1057
1051
1053
1057
1048
1056
1049
1044
1032
1055
1051
1054
1055
1057
1053
1052
1053
1048
3605
43692
1054
1049
1051
1054
1049
1056
1052
1049
1054
1044
1032
1055
1050
1052
1051
1054
1056
1051
1049
1053
1044
1462
1057
1050
1052
1049
1050
1050
1052
1053
1052
3605
43692
1057
1050
1056
1049
1054
1056
1054
1056
1051
1044
1462
1052
1050
1056
1055
1053
1049
1053
1051
1057
1044
1462
1051
1052
1054
1052
1057
1048
1049
1053
1048
1093
8623
2351
1576
1065
23572
2913
1293
6852
15605
86845
1050
1050
1054
1051
1056
1055
1053
1056
1057
1044
1462
1049
1049
1051
1056
1056
1055
1048
1053
1044
1032
1057
1051
1051
1052
1051
1054
1051
1051
1048
3605
1766
1053
1050
1053
1052
1055
1057
1057
1053
1052
1044
1462
1055
1056
1053
1057
1049
1050
1053
1048
1048
1044
1462
1053
1049
1051
1057
1053
1055
1050
1051
1054
3605
1766
1051
1048
1057
1056
1050
1054
1052
1050
1050
1044
1462
1056
1056
1056
1052
1055
1051
1053
1054
1049
1044
1032
1052
1057
1054
1050
1050
1053
1056
1054
1054
1093
8623
2351
1576
99200
1816
26475
2913
1293
6852
15605
9038
28854
1053
1056
1052
1057
1054
1051
1055
1049
1055
1044
1032
1051
1048
1055
1055
1049
1055
1052
1055
1051
1044
1032
1049
1053
1051
1055
1051
1056
1051
1049
1054
3605
43692
1051
1052
1055
1054
1056
1053
1054
1057
1054
1044
1032
1050
1051
1048
1050
1049
1050
1050
1056
1051
1044
1462
1052
1057
1052
1057
1056
1055
1052
1056
1055
3605
43692
1052
1048
1052
1048
1056
1057
1057
1050
1051
1044
1032
1056
1050
1050
1048
1052
1056
1051
1048
1053
1044
1462
1053
1051
1057
1049
1049
1049
1049
1052
1055
1093
8623
2351
1576
1065
23572
2913
1293
6852
15605
9038
28854
1054
1052
1054
1054
1053
1051
1056
1051
1054
1044
1032
1055
1049
1053
1048
1054
1057
1055
1049
1044
1032
1050
1057
1049
1048
1052
1056
1056
1053
1057
3605
43692
1056
1049
1052
1048
1053
1052
1048
1054
1049
1044
1032
1051
1052
1055
1051
1051
1056
1054
1055
1048
1044
1462
1051
1057
1048
1048
1053
1056
1054
1053
1053
3605
1766
1057
1055
1051
1056
1048
1057
1051
1054
1057
1044
1032
1049
1051
1049
1054
1050
1048
1056
1048
1053
1044
1032
1051
1052
1048
1055
1050
1054
1057
1052
1057
1093
8623
2351
1576
99200
1816
26475
2913
1293
6852
15605
86845
1056
1052
1053
1057
1057
1051
1052
1050
1055
1044
1462
1057
1056
1056
1057
1054
1052
1052
1056
1056
1044
1032
1055
1050
1052
1056
1055
1055
1052
1052
1048
3605
43692
1053
1052
1051
1057
1049
1057
1056
1057
1057
1044
1032
1052
1057
1048
1048
1057
1055
1053
1048
1048
1044
1462
1056
1048
1049
1052
1052
1048
1056
1056
1048
3605
43692
1056
1055
1052
1048
1054
1056
1056
1052
1055
1044
1462
1054
1051
1048
1052
1057
1050
1050
1052
1057
1044
1032
1057
1054
1057
1048
1053
1049
1053
1057
1057
1093
8623
2351
1576
1065
23572
2913
1293
6852
15605
9038
28854
1050
1051
1056
1054
1055
1049
1055
1053
1054
1044
1462
1051
1053
1054
1054
1054
1051
1055
1048
1055
1044
1032
1053
1054
1049
1052
1053
1048
1048
1053
1050
3605
43692
1056
1048
1051
1053
1052
1051
1051
1054
1053
1044
1032
1057
1049
1056
1048
1056
1055
1049
1052
1051
1044
1462
1057
1054
1052
1055
1054
1055
1050
1048
1053
3605
43692
1052
1056
1051
1056
1053
1048
1054
1051
1050
1044
1462
1050
1055
1052
1048
1053
1048
1052
1055
1056
1044
1462
1055
1052
1050
1048
1057
1048
1050
1048
1049
1093
8623
2351
1576
99200
1816
26475
2913
1293
6852
15605
9038
28854
1049
1052
1051
1051
1051
1049
1048
1052
1056
1044
1462
1057
1055
1057
1050
1054
1054
1048
1054
1050
1044
1032
1050
1049
1048
1049
1057
1057
1056
1053
1057
3605
43692
1050
1055
1052
1055
1053
1054
1051
1054
1048
1044
1032
1049
1055
1055
1056
1053
1056
1054
1051
1052
1044
1462
1050
1049
1052
1050
1054
1055
1048
1051
1053
3605
43692
1053
1051
1057
1057
1057
1055
1048
1053
1049
1044
1462
1057
1048
1049
1052
1052
1053
1051
1052
1057
1044
1032
1051
1050
1056
1048
1052
1055
1048
1052
1053
1093
8623
2351
1576
1065
23572
2913
1293
6852
15605
9038
28854
1055
1056
1057
1056
1055
1055
1052
1057
1054
1044
1462
1057
1049
1048
1053
1053
1048
1051
1051
1048
1044
1462
1052
1057
1056
1052
1056
1056
1053
1052
1049
3605
43692
1050
1051
1049
1050
1056
1056
1052
1057
1056
1044
1032
1051
1048
1050
1054
1057
1053
1048
1051
1055
1044
1032
1052
1050
1052
1057
1048
1049
1051
1056
1053
3605
43692
1055
1051
1054
1057
1057
1051
1057
1052
1056
1044
1462
1057
1049
1056
1053
1048
1049
1052
1050
1053
1044
1032
1053
1050
1055
1049
1049
1057
1057
1056
1057
1093
8623
2351
1576
1065
23572
2913
1293
6852
15605
86845
1051
1048
1051
1052
1053
1051
1057
1054
1052
1044
1462
1053
1056
1050
1050
1056
1057
1051
1057
1054
1044
1032
1057
1056
1055
1048
1051
1056
1057
1050
1048
3605
1766
1049
1051
1052
1057
1048
1049
1054
1053
1057
1044
1462
1051
1055
1051
1049
1049
1052
1052
1053
1057
1044
1032
1053
1049
1048
1053
1054
1055
1055
1052
1054
3605
1766
1056
1050
1052
1053
1052
1053
1054
1054
1048
1044
1032
1055
1052
1055
1051
1054
1053
1055
1054
1049
1044
1032
1050
1048
1050
1055
1057
1055
1056
1051
1048
1093
8623
2351
1576
99200
1816
26475
2913
1293
6852
15605
9038
28854
1057
1051
1054
1052
1048
1055
1051
1052
1044
1462
1055
1057
1056
1056
1053
1054
1057
1052
1049
1044
1462
1055
1051
1048
1055
1048
1055
1050
1049
1049
3605
1766
1050
1057
1049
1053
1056
1053
1049
1052
1044
1032
1055
1048
1052
1050
1051
1056
1055
1055
1053
1044
1032
1056
1053
1048
1048
1053
1050
1048
1052
1055
3605
1766
1055
1048
1056
1056
1053
1050
1049
1049
1053
1044
1462
1049
1051
1050
1050
1052
1048
1057
1048
1054
1044
1032
1055
1056
1053
1056
1051
1057
1051
1049
1048
1093
8623
2351
1576
99200
1816
26475
2913
1293
6852
15605
86845
1052
1050
1053
1049
1055
1050
1055
1050
1050
1044
1462
1050
1054
1050
1052
1056
1055
1051
1057
1054
1044
1462
1050
1053
1054
1051
1052
1054
1055
1051
1053
3605
43692
1051
1054
1057
1050
1053
1048
1050
1052
1052
1044
1462
1050
1048
1049
1054
1054
1050
1056
1053
1052
1044
1032
1051
1050
1054
1050
1053
1055
1048
1054
1055
3605
43692
1056
1049
1056
1053
1053
1057
1049
1052
1052
1044
1032
1056
1051
1051
1057
1049
1052
1048
1056
1044
1032
1056
1056
1053
1052
1055
1049
1053
1053
1049
1093
8623
2351
1576
99200
1816
26475
2913
1293
6852
15605
86845
1056
1056
1055
1055
1051
1048
1053
1055
1048
1044
1462
1050
1048
1052
1054
1057
1049
1056
1053
1048
1044
1032
1049
1055
1052
1050
1048
1055
1053
1057
1051
3605
43692
1056
1055
1054
1052
1049
1048
1050
1055
1050
1044
1032
1054
1052
1056
1049
1049
1052
1050
1049
1044
1462
1057
1052
1053
1057
1049
1050
1053
1056
1050
3605
43692
1057
1049
1052
1052
1054
1053
1054
1048
1056
1044
1462
1051
1051
1055
1056
1049
1055
1054
1050
1056
1044
1032
1049
1048
1057
1055
1055
1056
1049
1057
1055
1093
8623
2351
1576
1065
23572
2913
1293
6852
15605
9038
28854
1053
1055
1052
1057
1054
1054
1050
1051
1052
1044
1462
1055
1056
1054
1048
1056
1049
1055
1053
1049
1044
1462
1055
1056
1054
1050
1053
1053
1050
1056
1050
3605
1766
1057
1053
1057
1056
1053
1053
1053
1051
1044
1032
1056
1056
1056
1051
1053
1049
1053
1057
1057
1044
1032
1050
1051
1048
1053
1055
1054
1057
1057
1057
3605
1766
1057
1051
1053
1053
1050
1051
1052
1053
1052
1044
1462
1052
1049
1052
1057
1050
1054
1053
1048
1048
1044
1462
1052
1053
1053
1050
1056
1049
1050
1052
1051
1093
8623
2351
1576
1065
23572
2913
1293
6852
15605
9038
28854
1053
1056
1052
1057
1054
1051
1055
1049
1055
1044
1032
1051
1048
1055
1055
1049
1055
1052
1055
1051
1044
1032
1049
1053
1051
1055
1051
1056
1051
1049
1054
3605
43692
1051
1052
1055
1054
1056
1053
1054
1057
1054
1044
1032
1050
1051
1048
1050
1049
1050
1050
1056
1051
1044
1462
1052
1057
1052
1057
1056
1055
1052
1056
1055
3605
43692
1052
1048
1052
1048
1056
1057
1057
1050
1051
1044
1032
1056
1050
1050
1048
1052
1056
1051
1048
1053
1044
1462
1053
1051
1057
1049
1049
1049
1049
1052
1055
1093
8623
2351
1576
99200
1816
26475
2913
1293
6852
15605
9038
28854
1051
1052
1055
1057
1055
1049
1056
1048
1044
1462
1053
1054
1050
1050
1048
1055
1057
1048
1054
1044
1462
1049
1055
1054
1048
1055
1048
1051
1049
1054
3605
1766
1050
1057
1052
1052
1055
1054
1055
1055
1054
1044
1032
1049
1056
1051
1048
1049
1051
1048
1056
1050
1044
1032
1056
1055
1056
1056
1057
1054
1048
1053
1057
3605
1766
1049
1049
1052
1055
1055
1055
1057
1049
1053
1044
1032
1053
1053
1050
1054
1048
1056
1057
1055
1053
1044
1462
1055
1051
1051
1052
1051
1050
1048
1057
1052
1093
8623
2351
1576
99200
1816
26475
2913
1293
6852
15605
9038
28854
1056
1057
1054
1052
1052
1057
1048
1050
1057
1044
1032
1052
1053
1052
1049
1053
1055
1053
1055
1054
1044
1462
1057
1051
1052
1049
1053
1048
1051
1053
1054
3605
43692
1052
1053
1056
1055
1057
1048
1052
1056
1055
1044
1032
1053
1050
1053
1054
1056
1055
1053
1050
1056
1044
1462
1051
1048
1051
1048
1050
1057
1056
1051
3605
1766
1051
1057
1052
1057
1054
1053
1049
1053
1049
1044
1462
1052
1056
1049
1049
1048
1052
1050
1050
1048
1044
1462
1056
1048
1049
1051
1050
1057
1057
1054
1049
1093
8623
2351
1576
99200
1816
26475
2913
1293
6852
15605
9038
28854
1056
1049
1056
1052
1057
1055
1049
1056
1056
1044
1462
1056
1051
1056
1055
1056
1056
1050
1054
1054
1044
1462
1056
1049
1053
1055
1053
1050
1056
1054
1050
3605
43692
1049
1052
1048
1048
1057
1055
1056
1054
1049
1044
1032
1049
1049
1054
1057
1053
1049
1055
1053
1054
1044
1462
1056
1056
1048
1049
1050
1049
1054
1053
1057
3605
1766
1052
1055
1056
1052
1048
1051
1053
1054
1057
1044
1462
1055
1057
1055
1054
1050
1050
1056
1054
1050
1044
1462
1057
1052
1057
1051
1050
1057
1054
1053
1056
1093
8623
2351
1576
1065
23572
2913
1293
6852
15605
9038
28854
1054
1056
1053
1052
1048
1054
1057
1048
1056
1044
1032
1054
1057
1049
1052
1049
1051
1050
1056
1052
1044
1032
1050
1055
1056
1055
1048
1048
1053
1054
1057
3605
1766
1051
1057
1048
1053
1051
1052
1054
1055
1056
1044
1462
1057
1056
1055
1048
1055
1055
1050
1056
1055
1044
1462
1057
1057
1056
1051
1053
1051
1051
1048
1048
3605
1766
1049
1051
1055
1052
1056
1049
1050
1055
1052
1044
1462
1051
1054
1057
1055
1051
1048
1055
1057
1050
1044
1032
1054
1048
1053
1053
1051
1057
1054
1057
1053
1093
8623
2351
1576
99200
1816
26475
2913
1293
6852
15605
86845
1055
1057
1051
1054
1052
1055
1052
1057
1053
1044
1462
1050
1049
1052
1049
1057
1057
1057
1057
1057
1044
1462
1053
1052
1048
1057
1055
1054
1049
1057
1049
3605
43692
1054
1050
1048
1052
1054
1054
1052
1050
1052
1044
1032
1057
1056
1048
1052
1057
1048
1052
1052
1049
1044
1462
1053
1050
1052
1057
1051
1055
1054
1054
1057
3605
43692
1049
1052
1048
1051
1055
1056
1051
1049
1053
1044
1032
1049
1054
1056
1050
1053
1057
1057
1056
1050
1044
1462
1051
1052
1049
1050
1051
1048
1053
1053
1049
1093
8623
2351
1576
1065
23572
2913
1293
6852
15605
9038
28854
1057
1048
1057
1051
1048
1048
1050
1053
1056
1044
1462
1054
1053
1057
1048
1053
1055
1048
1050
1057
1044
1462
1055
1057
1056
1052
1048
1054
1048
1055
1050
3605
1766
1052
1048
1053
1050
1057
1052
1053
1057
1050
1044
1032
1053
1048
1050
1051
1051
1053
1049
1049
1048
1044
1032
1054
1050
1057
1048
1053
1053
1056
1052
1055
3605
1766
1054
1057
1056
1053
1048
1052
1049
1049
1050
1044
1462
1050
1050
1049
1056
1054
1053
1057
1054
1048
1044
1462
1051
1049
1052
1056
1055
1051
1055
1056
1057
1093
8623
2351
1576
1065
23572
2913
1293
6852
15605
9038
28854
1051
1055
1056
1055
1057
1053
1054
1056
1054
1044
1462
1050
1053
1050
1056
1054
1055
1055
1056
1056
1044
1462
1054
1050
1054
1052
1050
1048
1051
1049
1055
3605
1766
1049
1049
1054
1053
1056
1053
1053
1048
1051
1044
1032
1057
1049
1054
1056
1050
1054
1053
1052
1055
1044
1032
1051
1054
1052
1048
1049
1051
1049
1056
3605
1766
1054
1056
1053
1050
1049
1056
1053
1051
1057
1044
1462
1050
1054
1057
1053
1052
1056
1050
1055
1054
1044
1462
1053
1050
1056
1050
1053
1048
1055
1048
1049
1093
8623
2351
1576
1065
23572
8985
1035
13516
4206
4039
1290
2480
1413
7198
1101
9853
10946
1041
1317
3160
9458
1626
1975
11
1010
10
1503
19464
1010
12
13
1010
1975
29896
1010
5011
38227
2671
5247
4688
3149
81428
2480
1413
7198
1101
9853
10946
83781
1058
5247
1091
2525
59939
1093
8623
4906
2011
1877
1293
19639
14559
1261
13330
81428
2848
1413
6793
1101
5079
1408
1261
1032
1051
1120
1051
12429
2478
2744
2469
1934
1261
2632
1626
1293
108592
1319
11517
7398
1041
1321
1349
23572
1319
13023
7398
1041
4069
19685
34639
7496
3459
1626
1293
4925
1261
7398
71222
1261
2469
1044
2127
7856
1278
5305
1294
1455
2469
1321
15504
1494
2034
4558
1010
1293
1319
99200
1816
26475
1058
4804
1044
1349
23572
1058
10991
2519
1293
1531
5079
15202
2200
1877
1293
1462
1349
7398
12878
1032
1051
22487
3459
1307
2034
4558
1319
2041
1047
9615
6406
1105
28052
1041
1462
1455
7398
27376
1010
1293
1462
3797
3459
1584
35902
1462
1278
7398
1454
4853
3788
7856
27376
1267
1293
12953
11306
3354
9741
2487
1046
1531
4556
1307
1747
4213
1294
1278
12429
1395
42296
1317
1402
13509
1338
1293
64664
1877
1369
12429
1058
1349
1032
1051
1120
1051
12429
1307
38801
19681
2469
4213
1267
1293
20527
1877
1369
1429
99200
1816
26475
1034
1693
108592
27376
1044
1429
1065
23572
1034
1693
1349
23572
27376
1010
1293
13118
1293
4213
1376
1766
13493
3755
5371
1106
1093
1394
1623
1294
4521
1040
1051
1041
1394
1475
1294
4521
1040
1051
17572
1293
3720
92938
1376
43109
9038
1045
1049
1093
1364
1032
1057
1041
1032
2569
1462
1049
4938
9829
1044
1032
1048
1376
108592
1044
1032
1049
1376
1349
23572
1010
1293
65253
1376
32753
1293
2121
4206
105055
71938
1044
7398
3640
1369
6896
1376
6923
1463
1319
1048
1044
1032
1049
1044
1032
1050
1574
1319
1051
1044
1032
1052
1044
1032
1053
1574
1319
1054
1044
1032
1055
1044
1032
1056
1574
1032
2569
12964
1010
1463
1319
1048
1044
1032
1051
1044
1032
1054
1574
1319
1049
1044
1032
1052
1044
1032
1055
1574
1319
1050
1044
1032
1053
1044
1032
1056
1574
1032
2569
12838
1010
1463
1319
1048
1044
1032
1052
1044
1032
1056
1574
1319
1050
1044
1032
1052
1044
1032
1054
1041
8082
2569
99936
2364
1010
1369
14797
1369
1394
1261
1044
1289
1044
1272
1294
6896
1877
1463
1693
9710
44697
1093
2351
7398
1321
9710
75660
1093
2351
7398
1321
9710
40902
1093
2351
7398
1877
1694
1850
10344
1010
1369
1850
12819
1267
1293
2121
2012
92761
71938
3640
1369
1257
31703
1376
1032
1048
1010
1369
1261
31703
1376
1032
1048
1010
1369
1394
1623
1044
2469
1294
42478
71938
3640
1463
1693
2469
2351
1032
1048
1877
1694
1257
31703
5773
4213
3755
2820
1463
16445
2469
2351
1032
1049
1877
1694
1261
31703
5773
4213
3755
2820
1369
1850
1257
31703
1044
1261
31703
1267
1293
2121
14162
71938
1044
3884
3640
1369
2569
3884
1058
1032
1048
1376
108592
1044
1032
1049
1376
1349
23572
1010
1369
2569
10721
1032
1049
1693
108592
27376
1044
1462
1049
1693
1349
23572
27376
1044
27408
18243
3354
1562
1593
3468
1626
1369
3844
1376
1319
6108
1044
3884
1456
1369
1693
3844
1294
65253
1877
1463
1850
65253
30083
3563
1369
2569
9710
5275
1321
1836
1925
1934
4552
1010
1369
1693
1462
1049
1605
1294
9710
1877
1463
1257
3134
1044
1261
3134
1376
2012
92761
71938
1456
1463
2569
3788
4556
1395
13509
1044
1878
1925
7856
1395
36993
7607
1010
1463
1693
1257
3134
3006
1261
3134
1877
1694
1610
1376
1032
1049
1010
1463
2849
1877
1694
1610
1376
1462
1049
1010
1463
65253
30083
1093
1376
1610
1010
1463
1850
1610
1267
1369
3560
1376
1462
1050
1693
3884
2351
1032
1048
2849
1032
1050
1010
1369
9829
3480
9327
1376
1766
1105
1394
1623
1044
1272
1294
42478
71938
1041
1693
1272
2351
1462
1049
2820
1369
1394
6920
1294
9829
3480
9327
1877
1463
1875
92938
1376
2951
71938
1456
1463
1875
92938
1091
32877
1093
1376
3884
1010
1463
2569
4206
1693
1593
6920
27376
10912
1010
1463
1693
4206
105055
6039
92938
1044
3884
3640
1694
1693
3884
2351
1032
1048
1877
2006
2569
108592
27376
1010
2006
1610
1376
1032
1049
1010
1694
2849
1877
2006
2569
1349
23572
27376
1010
2006
1610
1376
1462
1049
1010
1463
2849
1877
1694
2569
8214
5079
1454
4275
7398
1010
1694
1610
1376
14162
6039
92938
1044
1032
1049
1462
3884
1801
1463
2569
7398
71222
6920
1317
44611
2034
3754
18530
11611
1010
1463
1693
3884
2351
1032
1048
1877
1694
2569
108592
17000
1317
54524
1278
14162
1319
1049
3006
1462
1049
1456
1694
1693
1610
3006
3560
1877
2006
3560
1376
1610
1010
1463
2849
1877
1694
2569
1349
23572
17000
1317
33945
1278
14162
17522
1049
1534
1032
1049
1456
1694
1693
1610
1534
3560
1877
2006
3560
1376
1610
1267
1369
65253
30083
1093
1376
3560
1010
1369
1850
3560
1267
1293
2282
1376
14162
1040
4692
92938
1044
1032
1048
1041
1032
2569
108592
20183
2158
1010
1293
1850
1429
99200
1816
26475
1034
1693
2282
2351
1032
1049
2849
1429
1065
23572
2241
1975
11
1010
10
3263
1267
16994
4607
6983
9700
1278
9458
1046
9380
1681
1278
3880
1877
17595
3581
1319
5943
8531
3690
3804
3640
1032
8933
92367
1087
1081
1081
1119
30623
1069
1074
81187
8261
1897
3110
1032
1049
1053
1051
1044
1294
1534
13655
1561
1293
4206
4039
1290
2480
1413
7198
1101
9853
10946
1456
1032
8933
92367
1087
1081
1081
1119
30623
1069
1074
81187
8261
1897
3110
1032
1051
1049
1044
1294
4206
1010
1293
6852
15605
86845
1048
1044
1032
1048
1044
1032
1048
3605
1766
1048
1044
1032
1049
1044
1032
1048
3605
1766
1048
1044
1032
1048
1044
1032
1048
1093
8623
2351
1576
99200
1816
26475
2913
6367
12032
48697
48697
48697
48697
48697
48697
48697
48697
48697
48697
48697
48697
48697
48697
48697
48697
48697
48697
48697
48697
48697
1094
1010
1032
8933
92367
1087
1081
1081
1119
30623
1069
1074
81187
8261
1897
3110
1032
1049
1053
1048
1044
1294
81428
2480
1413
7198
1101
9853
10946
1010
1293
2282
1376
14162
1040
4692
92938
1044
1032
1048
1041
1032
2569
108592
20183
2158
1010
6359
12032
48697
48697
48697
48697
48697
48697
48697
48697
48697
48697
1094
1010
1032
8933
92367
1087
1081
1081
1119
30623
1069
1074
81187
8261
1897
3110
1032
1049
1051
1053
1044
1294
14162
1010
1293
1610
1376
14162
6039
92938
1044
1032
1049
1462
3884
1456
2250
12032
48697
48697
48697
48697
48697
48697
48697
48697
48697
48697
48697
48697
48697
1094
1010
1032
8933
92367
1087
1081
1081
1119
30623
1069
1074
81187
8261
1897
3110
1032
1049
1048
1054
1044
1294
14162
1010
1293
1693
3844
1294
65253
1877
3539
12032
48697
48697
48697
48697
48697
1010
2954
4507
1058
1457
33946
1638
2658
1058
1576
6059
8985
4688
2892
75956
1419
1044
1593
1395
2143
6255
1058
18228
1278
3629
2254
21734
1321
8953
3607
1044
10886
5687
1278
2254
5055
1321
2764
1747
1278
9458
1046
1603
24151
16424
70914
84674
14671
48761
1083
25461
4568
2715
30711
1278
3475
1636
13330
1294
1261
1335
107485
3475
4950
1319
3038
44642
1041
1319
43880
2084
80858
1278
4618
7389
1041
11
1010
10
1503
19464
1010
12
13
1010
1975
29896
1010
5011
38227
2671
5247
4688
3149
81428
2480
1413
7198
1101
9853
10946
83781
1058
5247
1091
2525
59939
1093
8623
4906
2011
1877
1293
19639
14559
1261
13330
81428
2848
1413
6793
1101
5079
1408
1261
1032
1051
1120
1051
12429
2478
2744
2469
1934
1261
2632
1626
1293
108592
1319
11517
7398
1041
1321
1349
23572
1319
13023
7398
1041
4069
19685
34639
7496
3459
1626
1293
4925
1261
7398
71222
1261
2469
1044
2127
7856
1278
5305
1294
1455
2469
1321
15504
1494
2034
4558
1010
1293
1319
99200
1816
26475
1058
4804
1044
1349
23572
1058
10991
2519
1293
1531
5079
15202
2200
1877
1293
1462
1349
7398
12878
1032
1051
22487
3459
1307
2034
4558
1319
2041
1047
9615
6406
1105
28052
1041
1462
1455
7398
27376
1010
1293
1462
3797
3459
1584
35902
1462
1278
7398
1454
4853
3788
7856
27376
1267
1293
12953
11306
3354
9741
2487
1046
1531
4556
1307
1747
4213
1294
1278
12429
1395
42296
1317
1402
13509
1338
1293
64664
1877
1369
12429
1058
1349
1032
1051
1120
1051
12429
1307
38801
19681
2469
4213
1267
1293
20527
1877
1369
1429
99200
1816
26475
1034
1693
108592
27376
1044
1429
1065
23572
1034
1693
1349
23572
27376
1010
1293
13118
1293
86363
1376
1766
13493
3755
5371
1106
1093
1394
1623
1294
4521
1040
1051
1041
1394
1475
1294
4521
1040
1051
17572
1293
6896
1376
31008
1048
1044
1032
1049
1044
1032
1050
1574
1319
1051
1044
1032
1052
1044
1032
1053
1574
1319
1054
1044
1032
1055
1044
1032
1056
3100
6359
1319
1048
1044
1032
1051
1044
1032
1054
1574
1319
1049
1044
1032
1052
1044
1032
1055
1574
1319
1050
1044
1032
1053
1044
1032
1056
3100
6359
1319
1048
1044
1032
1052
1044
1032
1056
1574
1319
1050
1044
1032
1052
1044
1032
1054
69780
1293
2121
1934
9853
1263
71938
1044
7398
3640
1369
1394
1261
1044
1289
1044
1272
1294
6896
1877
1463
1693
9710
44697
1093
2351
7398
1321
9710
75660
1093
2351
7398
1321
9710
40902
1093
2351
7398
1877
1694
1850
10344
1010
1369
1850
12819
1267
1293
2121
2012
92761
71938
3640
1369
1257
1376
1261
1376
1032
1048
1010
1369
1394
1623
1044
1330
1294
42478
71938
3640
1463
1693
1330
2351
1032
1048
1877
1694
1257
5773
86363
3755
2820
1463
16445
1330
2351
1032
1049
1877
1694
1261
5773
86363
3755
2820
1369
1850
1257
1044
1261
1267
1293
65253
1376
32753
1293
2121
34044
71938
1044
3884
3640
1369
2569
9710
1058
43109
1307
1032
1057
1044
1462
1049
1061
12647
1044
1032
1048
1061
99200
1816
26475
1044
1032
1049
92095
23572
1010
1369
2569
3884
1058
1032
1048
1376
108592
1317
6920
1044
1032
1049
1376
1349
23572
1317
6920
1010
1369
3844
1376
1319
6108
1044
3884
1456
1369
1693
3844
1294
65253
1877
1463
1850
65253
30083
3563
1369
9829
1376
1766
1105
1394
1623
1294
4521
1040
1057
1041
1693
9710
3755
1093
2351
1462
1049
2820
1369
1693
1605
9829
1877
1463
1257
3134
1044
1261
3134
1376
2012
92761
71938
1456
1463
1610
1376
1032
1049
1693
1257
3134
3006
1261
3134
2849
1462
1049
1010
1463
65253
30083
1093
1376
1610
1010
1463
1850
1610
1267
1369
3560
1376
1462
1050
1693
3884
2351
1032
1048
2849
1032
1050
1010
1369
1394
6920
1294
9829
1877
1463
1875
92938
1376
2951
71938
1456
1463
1875
92938
1091
32877
1093
1376
3884
1267
1463
1693
1934
9853
1263
6039
92938
1044
3884
3640
1694
1610
1376
1032
1049
1693
3884
2351
1032
1048
2849
1462
1049
1010
1463
2849
1877
1694
1693
1462
1049
1605
1294
1875
92938
1877
2006
1257
3134
1044
1261
3134
1376
2012
92761
6039
92938
1456
2006
1610
1376
1032
1049
1693
1257
3134
3006
1261
3134
2849
1462
1049
1010
1694
2849
1877
2006
1610
1376
34044
6039
92938
1044
1032
1049
1462
3884
1801
1463
2569
108592
6717
9357
1044
1349
23572
124690
1278
14162
1319
1049
130700
10100
27376
1044
1462
1049
92095
23572
27376
1456
1463
1693
3884
2351
1032
1048
1877
1694
1693
1610
3006
3560
1877
2006
3560
1376
1610
1010
1463
2849
1877
1694
1693
1610
1534
3560
1877
2006
3560
1376
1610
1267
1369
65253
30083
1093
1376
3560
1010
1369
1850
3560
1267
1293
3720
92938
1376
43109
9038
1045
1049
1093
1364
1032
1057
1456
1293
2282
1376
34044
1040
4692
92938
1044
1032
1048
1041
1032
2569
108592
20183
2158
1010
1293
1850
1429
99200
1816
26475
1034
1693
2282
2351
1032
1049
2849
1429
1065
23572
2241
1975
11
1010
10
3263
1267
16994
4607
6983
9700
1278
9458
1046
9380
1681
1278
3880
1877
17595
3581
1319
5943
8531
3690
3804
3640
1032
8933
92367
1121
1085
1102
1066
1075
1086
15039
13339
8261
1897
3110
1032
1049
1052
1050
1044
1294
1534
13655
1561
1293
4206
4039
1290
2480
1413
7198
1101
9853
10946
1456
1032
8933
92367
1121
1085
1102
1066
1075
1086
15039
13339
8261
1897
3110
1032
1051
1049
1044
1294
4206
1010
1293
6852
15605
86845
1048
1044
1032
1048
1044
1032
1048
3605
1766
1048
1044
1032
1049
1044
1032
1048
3605
1766
1048
1044
1032
1048
1044
1032
1048
1093
8623
2351
1576
99200
1816
26475
2913
6367
12032
48697
48697
48697
48697
48697
48697
48697
48697
48697
48697
48697
48697
48697
48697
48697
48697
48697
48697
48697
48697
48697
1094
1010
1032
8933
92367
1121
1085
1102
1066
1075
1086
15039
13339
8261
1897
3110
1032
1049
1051
1057
1044
1294
81428
2480
1413
7198
1101
9853
10946
1010
1293
2282
1376
34044
1040
4692
92938
1044
1032
1048
1041
1032
2569
108592
20183
2158
1010
6359
12032
48697
48697
48697
48697
48697
48697
48697
48697
1010
1032
8933
92367
1121
1085
1102
1066
1075
1086
15039
13339
8261
1897
3110
1032
1049
1050
1053
1044
1294
34044
1010
1293
1610
1376
34044
6039
92938
1044
1032
1049
1462
3884
1456
2250
12032
48697
48697
48697
48697
48697
48697
48697
48697
48697
48697
48697
1010
1032
8933
92367
1121
1085
1102
1066
1075
1086
15039
13339
8261
1897
3110
1032
1049
1048
1051
1044
1294
34044
1010
1293
1693
3844
1294
65253
1877
3539
12032
48697
48697
48697
48697
48697
1010
2954
4507
1058
1457
33946
1638
2658
1058
1576
6059
8985
4688
2892
75956
1419
1044
1593
1395
2143
6255
1058
18228
1278
3629
2254
21734
1321
8953
3607
1044
10886
5687
1278
2254
5055
1321
2764
1747
1278
9458
1046
1603
24151
16424
70914
84674
14671
48761
1083
25461
4568
2715
30711
1278
3475
1636
13330
1294
1261
1335
107485
3475
4950
1319
3038
44642
1041
1319
43880
2084
80858
1278
4618
7389
1041
11
1010
10
1503
19464
1010
12
1010
12
11745
1681
1261
11483
2832
2100
1049
1046
1032
1603
25280
73448
1278
7777
1681
18244
24185
1256
1462
1531
3330
8222
1261
17616
2254
21734
2000
37977
2480
1413
7198
1101
9853
10946
1096
1454
1261
8953
3607
1626
1256
1462
3730
1681
1261
2000
6390
1096
2254
1455
11500
9458
1626
1256
1462
1531
3330
8223
1058
1429
16994
4607
6983
9700
1278
9458
2613
1321
6122
1261
2000
2954
4507
1058
1457
33946
1638
2658
1058
1576
6059
1039
51330
1256
1462
1531
6255
1058
1429
10311
1278
3629
2254
21734
1321
8953
3607
1044
10886
5687
1278
2254
5055
1321
2764
1747
1278
9458
1046
1603
24151
16424
70914
84674
14671
48761
1083
11621
2241
1256
1462
1429
4568
2715
30711
1278
3475
1636
13330
1294
1261
1335
107485
3475
4950
1319
3038
44642
1041
1319
43880
2084
80858
1278
4618
7389
37679
1256
1462
1362
2534
1317
5234
1278
7662
1044
34882
11708
1307
2000
37977
2480
1413
7198
1101
9853
10946
1096
1455
22405
1747
1278
9458
1338
1050
1046
1032
1603
21920
3274
1278
29667
24185
1256
1462
1531
4607
3475
1880
2000
6108
1096
1435
1261
2951
1044
1321
2434
1494
1435
1261
25983
3844
1044
16312
2000
2954
4507
1058
1457
33946
1638
2658
1058
1576
6059
1039
51330
1256
1462
1531
8786
1395
1317
8114
1278
9710
1317
1261
43109
1319
33946
1638
1041
3066
2505
1494
1435
1261
65253
3229
3844
1626
1256
1462
1362
2534
1317
11811
1278
2254
8942
108184
1394
1278
9710
3468
1294
65253
3229
1338
1051
1046
1032
1603
25609
3623
1278
9856
69193
24185
1256
1462
1032
1051
1120
1051
12429
1044
3459
1736
15748
4213
1626
1256
1462
108592
1319
11517
7398
1044
1576
2338
4576
1321
1349
23572
1319
13023
7398
1044
1576
23493
4576
4069
19685
1626
1256
1462
4925
1261
2469
1395
14173
1044
1278
7398
13748
2246
2632
1321
6890
2392
1494
2034
4558
1626
1256
1462
9856
15202
2200
1261
7398
12878
1032
1051
1294
1261
5522
1319
2041
1047
2708
6406
85403
1041
4906
1455
7398
27376
10912
1626
1256
1462
3367
1747
3459
14715
3816
1261
24340
1044
1278
7398
1454
4853
3788
7856
27376
1626
1256
1462
10852
1307
1747
4213
1395
13509
1044
1878
1836
31892
1294
7856
11432
1626
1256
1462
12953
3354
9741
2487
1626
1256
1462
12162
1429
99200
1816
26475
1034
1505
1429
1065
23572
7223
1052
1046
1032
1603
117050
1519
1278
6496
20659
1748
7040
59559
24185
1256
1462
1032
1057
3459
1044
2744
1710
1402
9829
1044
108592
1044
1505
1349
23572
1046
5646
1681
1032
1051
1094
1057
1376
1032
1049
1057
1054
1056
1051
8164
1044
3435
18108
1638
1626
1256
1462
44553
35368
1044
108592
16896
1626
1256
1462
42937
5481
1877
1260
1364
4045
44110
6419
1693
1261
6920
21622
1032
1051
1294
1261
5522
1626
1260
1364
16342
5275
4906
14068
3788
13748
1307
108592
8070
1349
23572
1626
1256
1462
9748
2960
3354
9741
2487
1044
1494
1681
1261
5990
8039
2753
1047
16108
1454
65253
3229
1626
1256
1462
108365
1562
1261
3468
1058
1032
1049
1693
108592
12864
27376
1044
1462
1049
1693
1349
23572
12864
27376
1046
1319
4423
1729
1710
1850
1429
99200
1816
26475
10681
1034
1065
23572
1034
7655
1044
1809
1032
1049
19137
1049
1395
16163
1394
11432
9381
1256
1462
1531
17142
1058
54524
1394
108592
1044
33945
1394
1349
23572
1046
3626
25052
1058
1531
10258
6570
10045
2405
2586
1429
30778
1934
4853
7856
1034
1513
1278
2362
1059
2095
20726
6419
1408
6920
1338
1053
1046
1032
1603
121100
1278
74022
33537
24185
1256
1462
4176
24824
1278
1032
1051
1120
1051
12429
2203
1261
1032
1049
1068
2951
1307
1032
1057
4213
1319
3265
2469
13748
4342
1256
1462
22770
9710
1435
43109
1307
5592
1032
1057
1058
1462
1049
1376
9829
1044
1032
1048
1376
108592
1044
1032
1049
1376
1349
23572
1626
1256
1462
6438
96078
18530
6896
1058
1032
1056
6896
1319
1051
12964
1044
1032
1051
48043
1044
1032
1050
1772
6647
1041
1435
4891
3104
3684
1626
1256
1462
2000
9006
9853
1263
71938
1044
7398
17783
29196
1693
2258
3110
1934
1747
3300
9196
1317
2000
11786
51330
1256
1462
2000
1689
92761
71938
17783
62503
4213
1394
3459
2478
9710
3755
60692
1048
1319
1084
10100
1041
1321
9710
3755
60692
1049
1319
1065
23572
4342
1256
1462
12536
1111
2779
2254
2000
28384
71938
1044
3884
17783
1877
1260
1364
2000
6108
1096
1395
43109
1044
2000
1740
1096
1395
1032
1048
1319
1084
10100
1041
1505
1032
1049
1319
1065
23572
4342
1260
1364
12558
65253
1626
1260
1364
3367
1836
9829
3459
1058
14068
13748
1044
1850
1032
1049
1693
1353
10100
3006
1349
23572
2849
1462
1049
1626
1260
1364
2898
2744
9829
2469
4891
2000
1109
1096
1877
3539
1364
2000
3080
92938
1376
2951
71938
3455
1875
92938
52468
1093
1376
3884
1059
1875
92938
1376
43109
6039
92938
114759
3539
1364
3367
2000
9006
9853
1263
6039
92938
1044
3884
17783
1058
3519
7398
27376
10912
1046
4493
1693
3884
3107
1048
4906
1610
1061
1049
1044
2849
1610
28584
1049
1626
3539
1364
45939
1693
9710
5275
1319
19746
1110
2405
14222
1693
1729
17155
9829
1044
1809
12663
4244
14068
13748
1626
3539
1364
45939
1058
2000
1770
1376
34044
6039
92938
1044
1032
1049
1462
3884
114759
3539
1364
16104
3560
1058
1693
3884
3107
1048
1044
3560
1376
6705
9297
1372
1044
1610
3455
1693
3884
3107
1049
1044
3560
1376
2365
9297
1372
1044
1610
4342
1260
1364
12536
1111
2033
1321
1850
3560
1626
1256
1462
13336
1058
2000
4692
1376
43109
11398
1049
1394
1957
1294
4521
1040
1057
2798
7273
2000
5133
1376
34044
1040
4692
1044
1032
1048
17783
1626
1256
1462
12162
1429
99200
1816
26475
1034
1693
2282
2351
1032
1049
2849
1429
1065
23572
7223
1054
1046
1032
1603
9080
22649
83840
1748
69193
24185
1256
1462
1531
4127
8223
1058
1429
1784
5079
15202
2200
1058
1349
7398
12878
1032
1051
22487
3459
1307
2034
4558
6421
1455
7398
27376
1046
3797
3459
1584
35902
1462
1278
7398
1454
4853
3788
7856
27376
19553
1256
1462
95535
1058
3367
1261
7398
12878
1032
1051
1294
1261
5522
1408
2034
6920
1044
2127
6419
10912
1044
5079
30774
1046
122979
1307
11829
41926
98208
3459
2607
2405
8122
1626
1256
1462
3367
9710
63758
3816
1032
1051
5205
7722
31375
1044
14068
3788
13748
1307
35902
3459
1046
13708
1058
1531
4556
1307
1747
4213
1395
13509
1044
1878
1836
21513
1626
1256
1462
12953
3354
9741
2487
1046
4493
5990
9839
50617
8039
2753
1626
1256
1462
20525
1278
21515
2342
4014
3459
35902
1536
1455
7398
1063
13830
1058
1429
7651
1261
7398
71222
1261
2469
1044
2127
7856
1278
5305
1294
1455
2469
1321
15504
1494
2034
4558
3871
4493
108592
1681
7856
1376
4556
1307
4213
1307
3459
1514
35902
1046
1349
23572
1681
1376
4556
1307
4213
1307
3459
1514
35902
1626
1256
1462
1531
3788
4556
1307
1747
12429
4213
1395
13509
1046
5646
48310
13748
1710
2405
21513
2200
9710
1395
5275
1338
1256
9246
1681
5558
40172
1278
4469
2937
1058
9710
5275
1044
1836
24340
1046
66721
1353
10100
1681
3788
7856
8070
1349
23572
1681
3788
7856
1046
9748
4556
1307
1747
4213
1395
13509
1044
1925
1395
36993
7607
1626
1256
3626
7377
1058
1531
4556
1307
1747
4213
1294
1278
12429
1395
13509
1046
5646
1681
1278
4556
1307
1747
1032
1057
2469
4213
1046
3367
9710
1395
5275
1044
1353
10100
1681
7856
1867
1349
23572
1681
7856
1376
3788
4556
1319
29962
1577
4493
16106
1925
1395
36993
7607
1338
1256
5675
2314
20726
6419
1063
3367
108592
7510
1261
6920
1455
21622
1032
1051
1294
1261
5522
1044
1514
27376
10912
1044
23973
1307
13748
1046
49986
1394
1349
23572
1338
1256
5675
1693
1261
6920
21622
1032
1051
1294
1261
5522
1809
2095
1278
9710
10045
2405
5275
1063
9856
15202
10912
1044
1455
7398
27376
1338
1256
1531
43544
82642
7444
6298
1338
1055
1046
1032
1603
6269
1519
1278
13968
24185
1256
1462
1362
7534
7418
1278
2254
21966
1626
1256
1462
13516
51960
1108
1649
46434
1096
1505
20152
15126
1454
43109
16311
1626
1256
1462
9748
17616
82642
12883
1395
7771
1319
5914
1032
1057
20183
4342
1256
1462
1362
2534
1317
3180
5257
2000
6108
1096
1395
5282
1261
43109
2200
2434
1435
3844
1338
1256
9246
1681
3475
1494
68093
2100
1256
44642
29896
1010
1256
1562
38227
2671
5247
1267
1256
2121
81428
2480
1413
7198
1101
9853
10946
83781
1058
5247
1091
2525
59939
1093
8623
4906
2011
1877
3539
86363
1376
1766
13493
3755
5371
1106
1093
1394
1623
1294
4521
1040
1051
1041
1394
1475
1294
4521
1040
1051
17572
3539
6896
1376
31008
1048
1044
1049
1044
1050
62210
1051
1044
1052
1044
1053
62210
1054
1044
1055
1044
1056
62210
1048
1044
1051
1044
1054
62210
1049
1044
1052
1044
1055
62210
1050
1044
1053
1044
1056
62210
1048
1044
1052
1044
1056
62210
1050
1044
1052
1044
1054
17572
1369
1010
3539
2121
1934
9853
1263
9297
1044
1274
3640
6367
1850
2258
9297
44697
60692
1098
75660
60692
1098
40902
60692
1112
1394
1261
19164
30134
1294
6896
1456
1369
1010
3539
2121
13748
9297
3640
6367
1257
1376
4556
14097
1394
1623
42129
1294
42478
30940
1115
1041
1693
1289
3755
60692
1048
1456
6367
1261
1376
4556
14097
1394
1623
42129
1294
42478
30940
1115
1041
1693
1289
3755
60692
1049
1456
6367
1850
1257
1044
1261
1010
1369
1010
3539
65253
1376
18554
3539
2121
34044
9297
1044
3884
3640
6367
2569
1289
1058
43109
1307
1032
1057
1044
1462
1049
9829
1044
1032
1048
1353
10100
1044
1032
1049
1349
23572
1010
6367
2569
3884
1058
1032
1048
1376
1353
10100
1317
6920
1044
1032
1049
1376
1349
23572
1317
6920
1010
6367
3844
1376
1319
1098
1044
3884
1456
6367
1693
3844
1294
65253
1877
8082
1850
65253
30083
2820
1463
1010
6367
1693
1462
1049
1605
1294
1289
1877
8082
1257
1044
1261
1376
13748
9297
1456
8082
1610
1376
1032
1049
1693
1257
3006
1261
2849
1462
1049
1032
2569
1257
1062
1097
5282
4136
4556
13509
1010
8082
65253
30083
1093
1376
1610
1010
8082
1850
1610
1010
1463
1010
6367
3560
1376
1462
1050
1693
3884
2351
1032
1048
2849
1032
1050
1010
6367
1394
1623
1294
4521
1040
1057
3640
8082
1693
1289
3755
1093
3942
1462
1049
1058
8214
1010
8082
62646
1376
2951
9297
3455
62646
3755
1093
1376
3884
1059
62646
1376
43109
4990
1098
1456
1694
1010
8082
1693
1934
9853
1263
4990
1098
1044
3884
3640
14514
1610
1376
1032
1049
1693
3884
2351
1032
1048
2849
1462
1049
1010
8082
2849
1877
14514
1610
1376
34044
4990
1098
1044
1032
1049
99745
1456
1694
1010
8082
1693
3884
2351
1032
1048
1877
14514
1693
1610
3006
3560
1058
3560
1376
1610
1010
8082
2849
1877
14514
1693
1610
1534
3560
1058
3560
1376
1610
1010
1463
1010
6367
65253
30083
1093
1376
3560
1010
6367
1850
3560
1010
1369
1010
3539
3720
1376
43109
11398
1049
1394
1957
1294
4521
1040
1057
3824
3539
5571
1376
34044
1040
4692
1044
1032
1048
1456
3539
1850
1429
99200
1816
26475
1034
1693
5571
2351
1032
1049
2849
1429
1065
23572
2241
1256
47229
1256
32844
1044
4206
1278
2000
22759
1096
48639
1046
2898
3884
3107
1048
1319
1084
10100
1574
1514
17000
1317
54524
1278
14162
2478
1032
1049
1376
1353
10100
27376
1044
1462
1049
1376
1349
23572
27376
1046
4493
3560
16896
1513
1462
36295
1319
1270
1462
1050
1577
2898
3884
3107
1049
1319
1065
23572
1574
1514
17000
1317
33945
1044
1878
3560
16896
1513
1867
36295
1319
1270
1032
1050
1577
5646
1681
7771
1338
1256
9246
1681
2688
1454
1278
2158
6186
1058
2000
31529
1048
1044
1032
1048
1044
1032
1048
3605
1766
1048
1044
1032
1049
1044
1032
1048
3605
1766
1048
1044
1032
1048
1044
1032
1048
20162
10632
1256
25718
4213
1058
1747
1032
1048
8100
7034
1395
1032
1049
1626
1256
49032
12429
1934
4213
1058
5522
1048
1058
1032
1048
1044
1048
1044
1048
1059
5522
1049
1058
1032
1048
1044
1049
1044
1048
1059
5522
1050
1058
1032
1048
1044
1048
1044
1048
1046
4493
86363
1376
1766
1048
1044
1048
1044
1048
1044
1048
1044
1049
1044
1048
1044
1048
1044
1048
1044
1048
57277
1256
9856
16896
9829
1046
1353
10100
11733
2158
1046
9648
1395
1032
1049
1809
1455
1681
2586
1261
2632
1044
1605
30269
1046
35087
1736
4213
1044
11306
4983
2424
1626
1256
5930
1747
49846
8100
1925
1032
1049
1044
1278
13748
2084
1402
3435
3709
1046
3626
1278
5079
1395
2314
1032
1051
5205
7722
31375
1046
9748
1747
3459
1736
2632
1032
1048
8100
7034
1032
1049
1044
1321
11306
3354
9741
2487
1044
1353
10100
1710
7529
6613
1261
6419
1505
1494
14620
1408
20183
1046
1531
2688
64629
1576
99200
1816
26475
9528
1362
7534
12319
1278
43544
1338
1256
10322
6186
1058
48755
28854
1049
1044
1032
1049
1044
1032
1048
3605
43692
1052
1044
1462
1050
1044
1462
1053
3605
43692
1052
1044
1462
1049
1044
1462
1053
20162
9816
77859
1576
1065
23572
34710
1256
1531
7481
2688
5443
1584
3325
1044
1809
43544
1454
65253
2715
7782
1747
1338
1256
5661
5289
6769
1058
1531
82642
4139
30915
1276
8164
1044
1809
65253
15126
1395
3685
1317
1278
2254
3690
1044
1878
1494
1681
7771
1046
3886
1044
1362
2534
1317
3180
5257
2000
1109
15030
1096
1395
1605
11530
5669
2801
12429
19842
1693
1278
2254
1395
4418
6245
5213
1319
1276
1395
1044
3147
2000
6390
1096
13193
2000
1099
52143
1096
6245
5213
1577
32844
1044
1294
1278
5662
3475
1044
2000
1109
15030
1096
1395
6493
6625
2000
37977
2480
1413
7198
1101
9853
10946
7273
1878
1494
1681
14420
1394
2744
3690
1046
5646
1681
6298
1338
1256
3626
7377
1058
1531
2000
1109
15030
1096
25983
1395
6625
1278
2254
1044
1809
2000
28384
1096
1395
32996
1046
5646
1681
7771
1044
2744
3690
1317
2000
37977
2480
1413
7198
1101
9853
10946
1096
21622
1261
1875
2000
1109
15030
14708
1256
9246
1681
5558
40172
1278
2000
9006
9853
1263
1096
13951
1046
56598
1584
6298
26524
1032
1048
1791
1056
35383
1317
12429
1877
1256
1032
1048
1032
1049
1032
1050
1010
1256
1032
1051
1032
1052
1032
1053
1010
1256
1032
1054
1032
1055
1032
1056
1010
1256
13830
1338
1256
5661
43938
2862
1058
1531
4127
8223
1429
7651
1261
7398
71222
1261
2469
1044
2127
7856
1278
5305
1294
1455
2469
1321
15504
1494
2034
4558
3871
2409
24277
13748
61132
2342
1394
3459
1455
7398
6890
2392
1046
4890
2000
4821
3097
1096
2254
62503
4213
1307
3459
2478
2000
1098
3755
60692
1048
1096
1505
2000
3107
1049
9816
5646
1681
6298
1338
1256
15081
6582
1741
1058
1531
5079
15202
10912
2200
1261
7398
12878
1032
1051
22487
3459
1307
2034
4558
1046
4493
1693
1261
6920
21622
1261
1032
1051
5205
7722
31375
1044
1455
7398
27376
3169
5109
1044
1321
1278
3067
1307
1278
5079
6354
2405
14222
1046
4890
3475
39184
1455
1058
2000
1391
1934
9853
1263
4990
1098
1044
3884
4244
1610
1376
1032
1049
1693
3884
2351
1032
1048
2849
1462
1049
9816
5646
1681
6298
1338
1256
5675
2314
1278
2937
2478
1261
7398
12878
1032
1051
1294
1261
5522
1044
1809
1278
5079
2168
1736
13955
1294
1261
7856
7277
1063
5500
11157
4136
4556
1395
13509
1321
20726
6419
9368
89089
1338
1256
3316
2156
2258
21823
2478
1261
7398
4139
2933
1317
1605
6419
10912
1063
3501
1044
3147
18530
1395
1278
3560
14162
1338
1256
5675
2314
1278
3542
1307
3354
1063
108592
2158
1046
4493
2000
28384
1040
4692
1044
1032
1048
1041
14708
1256
9246
1681
3648
2314
5289
19940
1058
1656
1278
9165
2136
20183
1044
1362
1653
2000
2975
1623
1294
4521
1040
1057
4244
1693
1289
3755
1093
3942
1462
1049
1058
8214
9816
6830
2000
11807
1376
2951
9297
3455
62646
3755
1093
1376
3884
1059
62646
1376
43109
4990
1098
94799
2409
21622
1261
1875
9710
1454
1278
6920
3214
1046
6830
4206
6419
1046
3367
6419
1044
18507
10912
1046
45939
2134
75051
1046
2409
1395
5990
1338
1256
5661
6588
1058
1531
2000
22759
1096
7078
48639
1046
2898
3884
3107
1048
1044
3560
1376
1462
1050
1046
9748
3657
1584
2342
1032
1049
1505
1462
1049
1319
1270
13162
2147
4213
1693
1362
8871
2015
1574
1462
1050
1395
39718
4289
2224
2258
4171
2282
1046
2898
3884
3107
1049
1044
3560
1376
1032
1050
1044
39718
7607
1046
3626
2549
1693
1278
82642
10721
4433
2849
1063
1362
7534
3180
5257
3657
1584
5282
1032
1049
1505
1462
1049
1046
49032
1044
1294
1278
4469
2937
1319
6108
5275
1574
1362
1850
1032
1049
1693
1257
1062
1097
2849
1462
1049
1046
1656
20726
6419
1044
1850
1032
1049
1505
1462
1049
1046
1656
51070
3690
1044
1494
10721
15299
2000
28384
1096
10721
1044
1799
1395
5282
1032
1049
1505
1462
1049
3147
1307
65253
3229
1321
4469
5443
1046
4493
1462
1050
1321
1032
1050
1584
12663
103481
2397
1338
1256
32844
1044
2481
2156
1402
1261
7277
1063
1531
4127
8223
1429
1784
4556
1307
1747
4213
1294
1278
12429
1395
42296
1317
1402
13509
2613
4925
9710
1395
5275
1044
13748
4556
1317
13509
1044
1878
1836
21513
1046
4925
8381
27376
10912
1044
5079
15202
1046
4493
1836
7277
8164
1046
99604
1584
36993
1032
1049
1505
1462
1049
1338
1256
9246
1681
2688
6186
1032
1049
68093
1058
86363
1736
1925
1032
1049
1044
3067
1032
1048
1046
1353
10100
16896
1046
2182
1710
3352
1317
2012
1032
1051
1294
1261
5522
1046
9748
2725
3459
1584
1032
1048
1044
1278
4213
2607
2405
8122
3315
1394
21515
1044
1809
1278
1032
1051
5205
7722
31375
6570
1395
4057
1408
12197
1044
1605
4213
1046
5930
9829
12429
1044
1353
10100
1934
1032
1057
20183
1046
2182
1710
4069
7034
1044
6704
1046
1531
43544
2084
24002
18243
3354
1046
1531
2688
8223
2282
1395
1576
99200
1816
26475
9528
1362
7534
12319
1494
1338
1256
9032
1044
2314
1278
2000
6390
1096
2254
1294
1278
4127
10674
1058
2157
1681
5662
1044
1362
24598
2405
22347
1494
1046
4890
2254
2586
7560
1317
2764
1494
1338
1256
5661
2081
6588
1058
1531
4127
8223
1429
36686
11306
3354
9741
2487
2613
4890
8039
2753
1454
65253
3229
3120
10693
1455
1338
1256
9246
1681
3369
1693
2156
1681
2258
79644
1805
1058
1531
12429
4213
1710
1402
8289
1046
5646
1681
7771
1044
13748
1710
1402
8289
1044
1809
11432
2000
1116
3006
1261
1096
3637
6113
1046
1531
4556
1307
1747
4213
1395
13509
1044
1878
3199
1693
1747
1584
8289
1044
1925
7856
2084
1402
36993
7607
2200
9710
1395
5275
1338
1256
69474
6769
1058
1656
1278
20726
6419
4206
1044
1362
1653
2000
9006
9853
1263
4990
1098
1044
3884
94799
3626
2549
1693
1278
6920
21622
2295
18530
6896
1063
98487
2405
8122
1044
2586
1925
48001
6419
1338
1256
37934
7444
8978
1338
1256
1362
7534
3246
9470
1278
2778
3475
4950
1046
1362
7534
3180
5257
1317
2210
2000
84916
1096
1394
9710
1044
1321
2000
1109
15030
1096
15126
1046
1362
7534
2095
13162
2210
2000
1102
29586
101676
2656
1649
46434
1096
1809
20152
15126
1395
7771
1321
77353
2258
1457
33946
1638
8520
1693
1362
59012
2764
2951
1046
1362
7534
24215
8114
1317
43109
1338
1256
9246
1681
7418
1278
3475
21966
1338
1256
5661
27636
1047
24366
1532
1058
1362
7534
1750
96078
1278
6896
1435
1261
2951
1307
108184
1338
1256
9380
1681
1278
2778
11708
2100
1256
44642
29896
1010
1256
1562
38227
2671
5247
1010
1293
1010
1256
2121
81428
2480
1413
7198
1101
9853
10946
83781
1058
5247
1091
2525
59939
1093
8623
4906
2011
1877
3539
86363
1376
1766
13493
3755
5371
1106
1093
1394
1623
1294
4521
1040
1051
1041
1394
1475
1294
4521
1040
1051
17572
3539
6896
1376
31008
1048
1044
1032
1049
1044
1032
1050
1574
1319
1051
1044
1032
1052
1044
1032
1053
1574
1319
1054
1044
1032
1055
1044
1032
1056
3100
1694
1319
1048
1044
1032
1051
1044
1032
1054
1574
1319
1049
1044
1032
1052
1044
1032
1055
1574
1319
1050
1044
1032
1053
1044
1032
1056
3100
1694
1319
1048
1044
1032
1052
1044
1032
1056
1574
1319
1050
1044
1032
1052
1044
1032
1054
17572
1369
1010
3539
2121
1934
9853
1263
9297
1044
1274
3640
6367
1850
2258
9297
44697
1093
2351
1289
75660
1093
2351
1289
40902
1093
2351
1274
1394
1261
1044
1289
1044
1272
1294
6896
1456
1369
1010
3539
2121
2012
92761
9297
3640
6367
1257
1376
4556
14097
1394
1623
1044
1330
1294
42478
30940
1115
1041
1693
1289
3755
1093
2351
1032
1048
1456
6367
1261
1376
4556
14097
1394
1623
1044
1330
1294
42478
30940
1115
1041
1693
1289
3755
1093
2351
1032
1049
1456
6367
1850
1257
1044
1261
1010
1369
1010
3539
65253
1376
18554
1369
1010
3539
2121
34044
9297
1044
3884
3640
6367
2569
1289
1058
43109
1307
1032
1057
1044
1462
1049
1061
12647
1044
1032
1048
1061
99200
1816
26475
1044
1032
1049
92095
23572
1010
6367
2569
3884
1058
1032
1048
1376
108592
1317
6920
1044
1032
1049
1376
1349
23572
1317
6920
1010
6367
3844
1376
1319
1098
1044
3884
1456
6367
1693
3844
1294
65253
1877
8082
1850
65253
30083
2820
1463
1010
6367
1693
1462
1049
1605
1294
1289
1877
8082
1257
1044
1261
1376
2012
92761
9297
1456
8082
2569
4556
1307
1747
4213
1395
13509
1044
1878
1836
21513
1010
8082
1610
1376
1032
1049
1693
1257
3006
1261
2849
1462
1049
1010
8082
65253
30083
1093
1376
1610
1010
8082
1850
1610
1010
1463
1010
6367
3560
1376
1462
1050
1693
3884
2351
1032
1048
2849
1032
1050
1010
6367
1394
1623
1294
4521
1040
1057
3640
8082
1693
1289
3755
1093
3942
1462
1049
1877
14514
8214
1010
8082
2569
3180
6920
1010
8082
62646
1376
2951
9297
1456
8082
62646
3755
1093
1376
3884
1010
8082
62646
1376
43109
4990
1098
1456
1694
1010
8082
1693
1934
9853
1263
4990
1098
1044
3884
3640
14514
2569
3519
7398
27376
10912
1010
14514
1610
1376
1032
1049
1693
3884
2351
1032
1048
2849
1462
1049
1010
8082
2849
1877
14514
1610
1376
34044
4990
1098
1044
1032
1049
1462
3884
1456
1694
1010
8082
2569
44611
1394
3519
7398
1010
8082
1693
3884
2351
1032
1048
1058
1032
2569
108592
6717
9357
1794
6419
11611
1010
14514
1693
1610
3006
3560
1877
18972
3560
1376
1610
1010
8082
2849
1058
1032
2569
1349
23572
124690
108592
1681
6419
11611
1319
1105
4185
3109
6717
9357
1794
3754
1456
14514
1693
1610
1534
3560
1877
18972
3560
1376
1610
1010
1369
1010
6367
65253
30083
1093
1376
3560
1010
6367
1850
3560
1010
1369
1010
3539
3720
1376
43109
11398
1049
1394
1957
1294
4521
1040
1057
3824
3539
2282
1376
34044
1040
4692
1044
1032
1048
1041
1032
2569
108592
20183
2158
1010
3539
1850
1429
99200
1816
26475
1034
1693
2282
2351
1032
1049
2849
1429
1065
23572
2241
1256
47229
1256
32844
1044
1362
2715
2688
1693
2000
22759
1096
48639
2481
1402
1420
6769
1693
2156
1584
1836
5746
20183
1063
3626
1729
5314
17155
42208
1049
1605
1294
1289
1096
9781
1044
1878
2156
1681
5282
1513
4403
1925
9829
2469
2200
1729
6889
1278
9165
1046
4493
2000
22759
1096
2084
1402
12220
1513
4403
5785
1338
1256
9840
1044
9134
1455
2000
1109
15030
1096
1395
11530
5669
1278
82642
1394
1925
3690
1317
2000
37977
2480
1413
7198
1101
9853
10946
9816
5646
1681
6298
1321
13650
1338
1256
5661
5289
4127
1058
1531
2000
1109
15030
1096
25983
96076
5669
2801
13193
1317
2000
37977
2480
1413
7198
1101
9853
10946
69524
3501
1044
3147
2000
1109
15030
1376
1445
14483
1395
6625
1278
2254
1044
1878
1494
1681
130820
2744
2142
1046
13649
1338
1256
9246
1681
3160
2645
1278
2158
6186
1454
3475
13951
1877
1256
12429
1376
16871
1048
1044
1048
1044
1048
39150
1048
1044
1049
1044
1048
39150
1048
1044
1048
1044
1048
20162
4906
86363
1376
1766
1048
1044
1048
1044
1048
1044
1048
1044
1049
1044
1048
1044
1048
1044
1048
1044
1048
2820
1256
34044
99239
1044
1032
1048
1456
1256
9829
1934
1032
1057
20183
1046
2898
2744
6920
1044
4206
6419
1046
56102
1836
6419
4136
2342
1925
13079
1626
1256
6830
2134
75051
34044
6039
1044
1032
1049
1577
53114
9710
63758
1505
8381
27376
1626
1256
9748
1747
3459
1584
1032
1048
8100
7034
1032
1049
1044
1278
13748
2084
1402
1032
1048
1394
2960
15388
8381
13921
1278
7034
1046
1531
7034
2632
1395
1032
1049
1046
3367
1353
10100
13921
1494
1044
1514
12878
1032
1049
1044
1349
23572
12878
1032
1048
1562
3067
1032
1048
1115
1046
3626
1032
1051
5205
7722
31375
1395
1278
2830
6419
6570
1046
5930
18243
3354
1044
1353
10100
7529
8908
1261
6419
1505
1349
23572
3120
1046
1531
2688
8223
1353
10100
27376
1046
1362
7534
12319
1278
43544
1338
1256
1362
3648
1593
1395
6298
1338
1256
5661
27465
6588
1058
1656
2000
9006
9853
1263
7273
1362
2210
2000
1098
44697
1093
2351
1289
75660
1093
2351
1289
40902
1093
2351
1274
9816
2409
1395
7771
3147
2000
1098
1096
8688
2342
1462
1049
1044
1032
1048
1044
1032
1049
1046
3060
2000
1112
1096
1395
1032
1048
1505
1032
1049
1046
4493
1494
17047
29196
1693
1747
3300
1584
1455
7398
1681
4558
1338
1256
1362
7534
4848
1278
3475
4950
1046
13
1010
1975
29896
1010
5011
38227
2671
5247
4688
3149
81428
2480
1413
7198
1101
9853
10946
83781
1058
5247
1091
2525
59939
1093
8623
4906
2011
1877
1293
19639
14559
1261
13330
81428
2848
1413
6793
1101
5079
1408
1261
1032
1051
1120
1051
12429
2478
2744
2469
1934
1261
2632
1626
1293
108592
1319
11517
7398
1041
1321
1349
23572
1319
13023
7398
1041
4069
19685
34639
7496
3459
1626
1293
4925
1261
7398
71222
1261
2469
1044
2127
7856
1278
5305
1294
1455
2469
1321
15504
1494
2034
4558
1010
1293
1319
99200
1816
26475
1058
4804
1044
1349
23572
1058
10991
2519
1293
1531
5079
15202
2200
1877
1293
1462
1349
7398
12878
1032
1051
22487
3459
1307
2034
4558
1319
2041
1047
9615
6406
1105
28052
1041
1462
1455
7398
27376
1010
1293
1462
3797
3459
1584
35902
1462
1278
7398
1454
4853
3788
7856
27376
1267
1293
12953
11306
3354
9741
2487
1046
1531
4556
1307
1747
4213
1294
1278
12429
1395
42296
1317
1402
13509
1338
1293
64664
1877
1369
12429
1058
1349
1032
1051
1120
1051
12429
1307
38801
19681
2469
4213
1267
1293
20527
1877
1369
1429
99200
1816
26475
1034
1693
108592
27376
1044
1429
1065
23572
1034
1693
1349
23572
27376
1010
1293
13118
1293
86363
1376
1766
13493
3755
5371
1106
1093
1394
1623
1294
4521
1040
1051
1041
1394
1475
1294
4521
1040
1051
17572
1293
2569
1747
1032
1056
18530
6896
1435
4891
3104
3684
1319
1048
1791
1056
94478
1456
1293
6896
1376
6923
1369
1319
1048
1044
1032
1049
1044
1032
1050
1574
1319
1051
1044
1032
1052
1044
1032
1053
1574
1319
1054
1044
1032
1055
1044
1032
1056
1574
1032
2569
12964
1010
1369
1319
1048
1044
1032
1051
1044
1032
1054
1574
1319
1049
1044
1032
1052
1044
1032
1055
1574
1319
1050
1044
1032
1053
1044
1032
1056
1574
1032
2569
12838
1010
1369
1319
1048
1044
1032
1052
1044
1032
1056
1574
1319
1050
1044
1032
1052
1044
1032
1054
1041
8082
2569
99936
2364
1010
1293
34133
1293
2121
1934
9853
1263
9297
1044
1274
3640
1369
19639
9080
1693
7398
1274
1319
1048
130700
10100
1044
1032
1049
92095
23572
1041
1934
3300
1294
1261
5522
1408
9710
1289
60113
1369
1850
2258
9297
44697
1093
2351
1289
75660
1093
2351
1289
40902
1093
2351
1274
1394
1261
1044
1289
1044
1272
1294
6896
1801
1293
2121
2012
92761
9297
3640
1369
19639
15773
1319
43253
1816
26475
31703
1044
1261
23572
31703
1041
1394
1261
10886
35902
9710
1289
60113
1369
1257
1376
4556
14097
1394
1623
1044
1330
1294
42478
30940
1115
1041
1693
1289
3755
1093
2351
1032
1048
1456
1369
1261
1376
4556
14097
1394
1623
1044
1330
1294
42478
30940
1115
1041
1693
1289
3755
1093
2351
1032
1049
1456
1369
1850
1257
1044
1261
1267
1293
65253
1376
32753
1293
2121
34044
9297
1044
3884
3640
1369
13118
1369
1289
1058
43109
1307
5592
1032
1057
1044
1462
1049
1061
12647
1044
1032
1048
1061
99200
1816
26475
1044
1032
1049
92095
23572
1010
1369
3884
1058
1032
1048
1376
108592
1317
6920
1044
1032
1049
1376
1349
23572
1317
6920
1010
1369
20527
1058
1032
1049
1693
108592
12864
27376
1044
1462
1049
1693
1349
23572
12864
27376
1319
102165
3354
1456
1369
13118
1369
3844
1376
1319
1098
1044
3884
1456
1369
1693
3844
1294
65253
1877
1463
1850
65253
30083
3563
1369
2569
9710
5275
1044
1836
24340
4906
14068
3788
13748
1010
1369
1693
1462
1049
1605
1294
1289
1877
1463
1257
1044
1261
1376
2012
92761
9297
1456
1463
2569
3788
4556
1395
13509
1044
1878
1925
7856
1395
36993
7607
1010
1463
1610
1376
1032
1049
1693
1257
3006
1261
2849
1462
1049
1010
1463
65253
30083
1093
1376
1610
1010
1463
1850
1610
1267
1369
3560
1376
1462
1050
1693
3884
2351
1032
1048
2849
1032
1050
1032
2569
103481
1299
4213
7805
1445
1049
1044
1462
1049
2002
1369
1394
1623
1294
4521
1040
1057
3640
1463
1693
1289
3755
1093
3942
1462
1049
1877
1694
8214
1010
1463
2569
3180
1278
6920
1010
1463
62646
1376
2951
9297
1456
1463
62646
3755
1093
1376
3884
1010
1463
62646
1376
43109
4990
1098
1801
1463
1693
1934
9853
1263
4990
1098
1044
3884
3640
1694
2569
3519
7398
27376
10912
1010
1694
1610
1376
1032
1049
1693
3884
2351
1032
1048
2849
1462
1049
1010
1463
2849
1877
1694
1610
1376
34044
4990
1098
1044
1032
1049
1462
3884
1801
1463
2569
11306
3354
9741
2487
1058
1353
10100
6717
9357
1044
1349
23572
124690
1278
14162
1010
1463
1693
3884
2351
1032
1048
1058
1032
2569
108592
1681
3884
1010
1694
1693
1610
3006
3560
1877
2006
3560
1376
1610
1010
1463
2849
1058
2250
2569
1349
23572
1681
3884
1010
1694
1693
1610
1534
3560
1877
2006
3560
1376
1610
1267
1369
65253
30083
1093
1376
3560
1010
1369
1850
3560
1267
1293
3720
1376
43109
11398
1049
1394
1957
1294
4521
1040
1057
2798
1256
2569
1747
3459
9829
1010
1293
2282
1376
34044
1040
4692
1044
1032
1048
1041
4751
2569
108592
20183
2158
1010
1293
1850
1429
99200
1816
26475
1034
1693
2282
2351
1032
1049
2849
1429
1065
23572
2241
1975
11
1010