10
25708
1010
11
1010
10
3263
1010
10311
1278
3629
2254
21734
1321
8953
3607
1044
10886
5687
1278
2254
5055
1321
2764
1747
1278
9458
1046
1603
24151
16424
70914
84674
14671
48761
1083
25461
4568
2715
30711
1278
3475
1636
13330
1294
1261
1335
107485
3475
4950
1319
3038
44642
1041
1319
43880
2084
80858
1278
4618
7389
1801
2640
3149
2365
17936
12740
20762
3134
12109
3791
1279
1629
73037
3848
1058
2011
1044
1409
1058
1935
1041
4906
1935
1877
1293
19639
23627
1261
3310
1265
1321
1420
15748
1409
1044
21065
1265
2203
1409
9997
2187
2516
1455
1278
4556
1032
1010
1293
1307
1278
2782
1307
10679
5266
5074
1317
3884
2744
93710
2203
1261
15527
4595
1279
92145
1032
1010
1293
1395
80884
1046
12162
1278
11835
2782
1307
10679
5266
5074
1626
1260
1010
1293
1349
3310
1395
1261
15527
4595
1279
92145
1693
1877
1293
1462
2157
1934
5592
9218
1032
1050
1044
12164
1010
1293
1462
3730
12123
1261
6818
15748
1266
2516
1455
1032
1049
9120
1266
1534
9027
1321
9027
2545
1266
2351
1032
1048
1044
12164
1010
1293
1462
54368
26524
1455
1736
1278
2879
81793
1536
1266
9301
1261
5796
92145
1626
1260
1010
1293
2898
3336
1058
1429
17498
1897
1429
4278
1897
1429
1332
26094
1332
1897
1321
1429
1401
1401
1034
1584
15527
4595
1279
1629
73037
1626
1293
1429
1097
1897
1429
1401
1897
1321
1429
1401
3173
1034
1584
1605
15527
4595
1279
1629
73037
1626
1260
1010
1293
64664
1877
1369
1265
1058
1349
3310
19040
2342
1307
97656
7846
17597
1319
1050
9120
9027
3848
1041
9120
1032
1050
1048
1048
1456
1369
1409
1058
13920
1307
9997
2187
1317
21065
2203
1319
1049
9120
1409
9120
9027
3848
1041
1987
1032
1050
1456
1260
1010
1293
20527
1877
1369
1531
11835
2782
1307
10679
5266
5074
1317
3180
1747
1409
9997
2187
15527
4595
1279
1629
73037
1626
1260
1010
1293
56431
2365
17936
12740
20762
3134
12109
3791
1279
1629
73037
1796
35416
1413
1897
1032
1050
1456
1293
1032
1049
1010
1293
56431
2365
17936
12740
20762
3134
12109
3791
1279
1629
73037
1796
35416
3149
1897
1032
1050
1456
1293
1032
1050
1010
1293
56431
2365
17936
12740
20762
3134
12109
3791
1279
1629
73037
1796
1097
1401
4402
1097
1897
1032
1051
1456
1293
1032
1048
1010
1293
47680
3149
4206
5164
52143
3640
1293
2569
7637
5443
1562
11277
1010
1293
6852
15605
1796
35416
1413
1897
1032
1050
1041
2351
1032
1049
1010
1293
6852
15605
1796
35416
3149
1897
1032
1050
1041
2351
1032
1050
1010
1293
6852
15605
1796
1097
1401
4402
1097
1897
1032
1051
1041
2351
1032
1048
1010
1260
1010
1293
2569
31054
2688
5443
1010
1293
6852
15605
1796
1501
1897
1032
1049
1041
2351
1032
1049
1010
1293
6852
15605
1796
1662
1897
1032
1049
1041
2351
1032
1049
1010
1293
6852
15605
1796
44857
1897
1032
1049
1041
2351
1032
1048
1010
1293
6852
15605
1796
7719
1118
1102
1897
1032
1050
1041
2351
1032
1049
1010
1293
6852
15605
1796
1107
7064
1897
1032
1049
1041
2351
1032
1049
1010
1293
6852
15605
1796
1097
23558
1897
1032
1050
1041
2351
1032
1048
1010
1293
6852
15605
1796
7719
1118
1102
1897
1032
1050
1041
2351
1032
1050
1010
1293
6852
15605
1796
1107
6174
3002
1897
1032
1049
1041
2351
1032
1049
1010
1293
6852
15605
1796
17498
17498
17498
1897
1032
1050
1041
2351
1032
1048
1010
1293
6852
15605
1796
1401
1401
1401
1897
1032
1051
1041
2351
1032
1051
1010
1260
1010
1293
2569
9595
2688
5443
1010
1293
6852
15605
1796
112124
1292
1122
1643
2032
88148
1106
2263
1111
2077
1119
2649
12503
1113
110302
1305
1121
2548
2397
1553
1108
20098
1098
2867
1118
25162
1392
1643
18170
32064
17186
5551
9427
1351
72770
1552
1366
1099
1106
9821
59220
1113
52915
13731
1120
29492
56213
1649
1120
1107
5891
1107
1357
1413
1100
1900
1103
15894
1118
1107
1497
1341
2428
1120
5470
7186
2111
20994
1119
1539
6850
1104
1103
6519
1102
19182
1262
1120
1393
3741
1113
1107
1112
28384
1100
5714
13552
1763
3002
123033
2867
1108
8383
3752
3326
1098
1119
2428
1118
7756
22075
6411
1107
3096
1120
1112
1298
1331
23704
86779
1897
1032
1049
1048
1048
1041
2351
1032
1057
1053
1010
1293
6852
15605
1796
115256
3861
1586
1298
1119
1453
15988
2699
1112
44445
1106
1108
1313
16082
1411
26094
1098
42555
1113
1101
1313
1122
7064
9427
1110
1378
1403
1282
2263
13954
17279
1329
114510
1118
1609
1110
130450
11754
3179
18830
1114
2729
1497
1107
39070
1121
2083
1586
1100
1553
1102
1106
50725
1348
103041
1106
1108
51701
1523
7707
1097
1518
1112
10105
1114
4030
1112
1478
3096
1098
1113
2676
50725
3096
1100
78246
78020
6735
117989
7186
1115
1348
1104
2043
15659
1103
54333
1597
43611
1119
1298
2867
1115
1763
1104
45702
1104
56433
5297
1328
41529
1489
2941
5551
112124
1102
1118
18213
1106
3282
112739
1897
1032
1049
1048
1048
1041
2351
1032
1057
1055
1010
1293
6852
15605
1796
1401
1401
1401
1401
1401
1401
1401
1401
1401
1401
1401
1401
1401
1401
1401
1401
1401
1401
1401
1401
1401
1401
1401
1401
1401
1401
1401
1401
1401
1401
1401
1401
1401
1401
1401
1401
1401
1401
1401
1401
1401
1401
1401
1401
1401
1401
1401
1401
1401
1401
1401
1401
1401
1401
1401
1401
1401
1401
1401
1401
1401
1401
1401
1401
1401
1401
1401
1401
1401
1401
1401
1401
1401
1401
1401
1401
1401
1401
1401
1401
1401
1401
1401
1401
1401
1401
1401
1401
1401
1401
1401
1401
1401
1401
1401
1401
1401
1401
1401
1401
1897
1032
1049
1048
1048
1041
2351
1032
1049
1048
1048
1267
1035
13516
4206
45525
17936
12740
20762
3134
12109
3791
1279
1629
73037
1041
1317
3160
9458
1626
1975
11
1010
10
1503
19464
1010
12
13
11
1010
10
3263
1267
16994
4607
6983
9700
1278
9458
1046
9380
1681
1278
3880
1877
17595
3581
1319
5943
8531
3690
3804
3640
1032
8933
92367
1114
1066
15913
1049
1121
33112
42414
8261
1897
3110
1032
1053
1050
1044
1294
1534
13655
1561
1293
4206
45525
17936
12740
20762
3134
12109
3791
1279
1629
73037
1456
1032
8933
92367
1114
1066
15913
1049
1121
33112
42414
8261
1897
3110
1032
1051
1049
1044
1294
4206
1010
1293
6852
15605
1796
35416
1413
1897
1032
1050
1041
2351
1032
1049
1010
6367
12032
48697
48697
48697
48697
48697
48697
48697
48697
48697
48697
48697
48697
1094
1010
31929
1292
4507
89644
2892
75956
1419
1044
1593
1395
2143
6255
1058
18228
1278
3629
2254
21734
1321
8953
3607
1044
10886
5687
1278
2254
5055
1321
2764
1747
1278
9458
1046
1603
24151
16424
70914
84674
14671
48761
1083
25461
4568
2715
30711
1278
3475
1636
13330
1294
1261
1335
107485
3475
4950
1319
3038
44642
1041
1319
43880
2084
80858
1278
4618
7389
1041
11
1010
10
1503
19464
1010
12
13
1010
1975
29896
1010
3149
2365
17936
12740
20762
3134
12109
3791
1279
1629
73037
3848
1058
2011
1044
1409
1058
1935
1041
4906
1935
1877
1293
19639
36296
1261
3310
1265
1321
1420
15748
1409
1044
21065
1265
2203
1409
9997
2187
2516
1455
1278
4556
1010
1293
1307
1278
2782
1307
10679
5266
5074
1317
3884
2744
93710
2203
1261
15527
4595
1279
92145
1010
1293
1395
80884
1046
12162
1278
11835
2782
1307
10679
5266
5074
1338
1293
1349
3310
1395
1261
15527
4595
1279
92145
1693
1877
1293
1462
2157
1934
5592
9218
1032
1050
1044
12164
1010
1293
1462
3730
12123
1261
6818
15748
1266
2516
1455
1032
1049
9120
1266
1534
9027
1321
9027
2545
1266
2351
1032
1048
1044
12164
1010
1293
1462
54368
26524
1455
1736
1278
2879
81793
1536
1266
9301
1261
5796
92145
1319
28366
31645
1845
1010
1652
81793
1266
4016
2071
1261
5796
92145
2519
1293
64664
1877
1369
1265
1058
1349
3310
19040
2342
1307
97656
7846
17597
1319
1050
9120
9027
3848
1041
9120
1032
1050
1048
1048
1456
1369
1409
1058
13920
1307
9997
2187
1317
21065
2203
1319
1049
9120
1409
9120
9027
3848
1041
1987
1032
1050
1801
1293
20527
1877
1369
1531
11835
2782
1307
10679
5266
5074
1317
3180
1747
1409
9997
2187
15527
4595
1279
1629
73037
1626
1293
13118
1293
1308
1376
9027
3848
1456
1293
128748
1376
1032
1049
1048
1603
1032
1057
1267
1293
2569
4362
3755
5371
1106
1093
1376
11835
5266
1317
3180
1265
3755
1058
1106
1093
1261
15527
4595
1279
92145
1319
1106
30938
1044
5592
9218
1032
1050
1456
1293
4362
1376
16871
3174
1070
1093
1364
1319
1110
1867
1032
1049
1041
1394
1957
1294
4521
4990
69780
1293
2121
4362
3134
12109
4039
3640
1369
19639
75482
5266
1317
3884
3310
1257
2203
1261
15527
4595
1279
92145
60113
1369
1424
1376
9027
4039
1456
1369
1693
1424
1534
1032
1050
1877
1463
1850
128748
1010
1369
3560
1376
128748
1010
1369
2569
3369
3387
103996
1266
1307
1424
1454
1032
1049
9120
1266
1534
1424
1010
1369
1394
1266
1294
4521
1040
1049
1044
1424
3640
1463
1693
1424
2545
1266
2351
1032
1048
1877
1694
3788
1376
1032
1048
1010
1694
2569
1394
2744
31645
1845
81793
1266
1010
1694
1394
1382
1294
4521
5252
3640
2006
2569
11084
1513
26524
1382
1044
1382
69366
1044
1382
1043
1050
1100
1044
20213
2006
3204
1376
1766
1116
3755
1093
1394
1623
1294
4521
9585
1044
1424
1044
1266
17572
2006
1283
1376
9027
61485
1456
2006
2569
4362
1317
3180
1593
3204
1261
5796
92145
1010
2006
17684
1376
1032
1048
1010
2006
1394
25294
1294
4521
5239
1895
1032
1050
3640
2528
1693
3204
45721
1093
3942
3204
52468
1462
1032
1049
1462
25294
30689
3589
17684
5773
1032
1049
1010
2006
3788
5773
17684
1010
1694
1693
3788
1534
3560
1877
2006
3560
1376
3788
1010
1369
1850
3560
1267
1293
2569
6438
96078
12889
1394
1747
9997
2187
1307
5592
9218
1032
1050
1010
1293
1394
1623
1294
4521
4990
3640
1369
1394
1475
1294
4521
6534
1867
1032
1050
1044
1308
1867
1032
1049
4244
2250
2569
5592
1513
4403
1032
1050
1010
1463
1257
1376
1265
3755
1058
1106
2820
1463
4362
3755
5371
1106
1093
1376
4362
3134
12109
4039
1801
1293
2569
34044
3755
5371
1112
1093
1376
11835
5266
1317
21065
23832
1265
1091
1048
55350
1093
2203
1274
9997
2187
1010
1293
34044
1376
16871
3174
1070
1093
1364
1319
1107
1867
1032
1049
1041
1394
1957
1294
4521
4990
1867
1032
1049
17572
1293
34044
1091
1048
5371
1048
1093
1376
1032
1048
1267
1293
1394
1623
1294
4521
1040
1049
1044
1308
1867
1032
1049
3640
1369
2569
8905
2782
1307
8262
1394
23832
1307
5592
1623
1319
28366
1805
5592
9218
1032
1050
1456
1369
6705
1095
28933
1376
2365
6534
1895
1032
1050
1044
1409
1456
1369
1394
8262
1294
4521
1040
1049
1044
6705
1095
28933
1867
1032
1049
3640
1463
2569
1475
1395
1278
3030
4891
1307
1278
3804
93710
1010
1463
2569
4607
8262
2534
1513
4403
1032
1050
11084
2744
1044
3804
1805
2095
9218
1032
1050
1010
1463
2365
32004
1376
1032
1050
1364
1319
28933
1462
1032
1049
1456
1463
6705
32004
1376
1623
1462
1032
1050
1010
1463
1693
2365
32004
3006
6705
32004
1877
1694
8214
1010
1463
1394
1475
1294
4521
45525
32004
1044
6705
32004
1867
1032
1049
3640
1694
1693
34044
13872
5371
28933
1462
1032
1049
1093
3942
128748
1877
2006
1272
1376
4362
13872
5371
1105
2820
2006
1693
1272
3942
128748
1877
2528
1916
1376
34044
13872
5371
28933
1462
1032
1049
1093
1867
1272
1010
2528
1693
1916
1534
34044
3755
5371
28933
30689
3589
34044
3755
5371
28933
1093
1376
1916
1267
1293
1850
34044
25501
5371
1107
54881
3149
4206
5164
52143
3640
1293
2569
7637
5443
1562
11277
1010
1293
6852
15605
1796
35416
1413
1897
1032
1050
1041
2351
1032
1049
1010
1293
6852
15605
1796
35416
3149
1897
1032
1050
1041
2351
1032
1050
1010
1293
6852
15605
1796
1097
1401
4402
1097
1897
1032
1051
1041
2351
1032
1048
1267
1293
2569
31054
2688
5443
1010
1293
6852
15605
1796
1501
1897
1032
1049
1041
2351
1032
1049
1010
1293
6852
15605
1796
1662
1897
1032
1049
1041
2351
1032
1049
1010
1293
6852
15605
1796
44857
1897
1032
1049
1041
2351
1032
1048
1010
1293
6852
15605
1796
7719
1118
1102
1897
1032
1050
1041
2351
1032
1049
1010
1293
6852
15605
1796
1107
7064
1897
1032
1049
1041
2351
1032
1049
1010
1293
6852
15605
1796
1097
23558
1897
1032
1050
1041
2351
1032
1048
1010
1293
6852
15605
1796
7719
1118
1102
1897
1032
1050
1041
2351
1032
1050
1010
1293
6852
15605
1796
1107
6174
3002
1897
1032
1049
1041
2351
1032
1049
1010
1293
6852
15605
1796
17498
17498
17498
1897
1032
1050
1041
2351
1032
1048
1010
1293
6852
15605
1796
1401
1401
1401
1897
1032
1051
1041
2351
1032
1051
1267
1293
2569
9595
2688
5443
1010
1293
6852
15605
1796
112124
1292
1122
1643
2032
88148
1106
2263
1111
2077
1119
2649
12503
1113
110302
1305
1121
2548
2397
1553
1108
20098
1098
2867
1118
25162
1392
1643
18170
32064
17186
5551
9427
1351
72770
1552
1366
1099
1106
9821
59220
1113
52915
13731
1120
29492
56213
1649
1120
1107
5891
1107
1357
1413
1100
1900
1103
15894
1118
1107
1497
1341
2428
1120
5470
7186
2111
20994
1119
1539
6850
1104
1103
6519
1102
19182
1262
1120
1393
3741
1113
1107
1112
28384
1100
5714
13552
1763
3002
123033
2867
1108
8383
3752
3326
1098
1119
2428
1118
7756
22075
6411
1107
3096
1120
1112
1298
1331
23704
86779
1897
1032
1049
1048
1048
1041
2351
1032
1057
1053
1010
1293
6852
15605
1796
115256
3861
1586
1298
1119
1453
15988
2699
1112
44445
1106
1108
1313
16082
1411
26094
1098
42555
1113
1101
1313
1122
7064
9427
1110
1378
1403
1282
2263
13954
17279
1329
114510
1118
1609
1110
130450
11754
3179
18830
1114
2729
1497
1107
39070
1121
2083
1586
1100
1553
1102
1106
50725
1348
103041
1106
1108
51701
1523
7707
1097
1518
1112
10105
1114
4030
1112
1478
3096
1098
1113
2676
50725
3096
1100
78246
78020
6735
117989
7186
1115
1348
1104
2043
15659
1103
54333
1597
43611
1119
1298
2867
1115
1763
1104
45702
1104
56433
5297
1328
41529
1489
2941
5551
112124
1102
1118
18213
1106
3282
112739
1897
1032
1049
1048
1048
1041
2351
1032
1057
1055
1010
1293
6852
15605
1796
1401
1401
1401
1401
1401
1401
1401
1401
1401
1401
1401
1401
1401
1401
1401
1401
1401
1401
1401
1401
1401
1401
1401
1401
1401
1401
1401
1401
1401
1401
1401
1401
1401
1401
1401
1401
1401
1401
1401
1401
1401
1401
1401
1401
1401
1401
1401
1401
1401
1401
1401
1401
1401
1401
1401
1401
1401
1401
1401
1401
1401
1401
1401
1401
1401
1401
1401
1401
1401
1401
1401
1401
1401
1401
1401
1401
1401
1401
1401
1401
1401
1401
1401
1401
1401
1401
1897
1032
1049
1048
1048
1041
2351
1032
1049
1048
1048
1267
1035
13516
4206
45525
17936
12740
20762
3134
12109
3791
1279
1629
73037
1041
1317
3160
9458
1626
1975
11
1010
10
3263
1267
16994
4607
6983
9700
1278
9458
1046
9380
1681
1278
3880
1877
17595
3581
1319
5943
8531
3690
3804
3640
1032
8933
92367
124710
1048
66480
4061
1090
1084
1053
8261
1897
3110
1032
1049
1053
1054
1044
1294
1534
13655
1561
1293
4206
45525
17936
12740
20762
3134
12109
3791
1279
1629
73037
1456
1032
8933
92367
124710
1048
66480
4061
1090
1084
1053
8261
1897
3110
1032
1049
1052
1049
1044
1294
4206
1010
1293
6852
15605
1796
7719
1118
1102
1897
1032
1050
1041
2351
1032
1049
1010
6367
12032
48697
48697
48697
48697
48697
48697
48697
48697
48697
48697
48697
48697
1094
1010
31929
1292
4507
89644
2892
75956
1419
1044
1593
1395
2143
6255
1058
18228
1278
3629
2254
21734
1321
8953
3607
1044
10886
5687
1278
2254
5055
1321
2764
1747
1278
9458
1046
1603
24151
16424
70914
84674
14671
48761
1083
25461
4568
2715
30711
1278
3475
1636
13330
1294
1261
1335
107485
3475
4950
1319
3038
44642
1041
1319
43880
2084
80858
1278
4618
7389
1041
11
1010
10
1503
19464
1010
12
1010
12
4268
2534
1317
17090
1278
11708
1046
1531
4127
1058
2254
2365
17936
12740
20762
3134
12109
3791
1279
1629
73037
3848
1044
1409
1577
110655
1265
2203
1409
9997
2187
1046
5101
128857
4556
1307
5266
1317
3180
2744
93710
1261
15527
4595
1279
92145
1338
24281
1307
15527
4595
1279
92145
2100
1045
5592
9218
1032
1050
1626
1045
12123
6818
15748
1266
2516
1455
1032
1049
9120
1266
1534
9027
1321
9027
2545
1266
2351
1032
1048
1626
1045
54368
26524
1455
1736
1278
2879
81793
1536
1266
9301
1261
5796
92145
1046
111546
1058
2898
2744
31645
1845
81793
1266
1319
1105
4185
3109
26524
1623
2478
1623
2545
1266
2351
1382
1574
1278
11084
1513
3385
12197
1044
1294
3542
1307
8035
4891
1044
4016
2071
1261
5796
92145
1338
63841
1058
1429
17498
1034
1395
15527
4595
1279
92145
1058
5592
1032
1050
1044
1266
1061
1049
1319
31346
1032
1050
1037
1049
1061
1048
1577
7597
8505
1032
1049
1747
26524
2879
31645
1032
1048
1044
3204
1395
6836
3310
1429
17498
1897
1799
1395
5796
92145
1046
4493
5913
1338
1034
4278
2811
5592
1032
1051
1046
1266
32975
1058
1266
1061
1049
1319
1051
1037
1049
1061
1048
1577
3204
1429
4278
1034
5796
92145
1046
4493
5913
1338
1034
1332
26094
1332
2811
5592
1032
1054
1046
2534
2269
1266
1046
13162
1266
1061
1050
1063
1032
1054
1037
1050
1061
1048
1046
25380
2005
1050
1058
26524
1032
1048
1044
1050
1044
1052
4906
1576
1097
7661
1098
7661
1097
1039
4906
5796
92145
1046
26524
1032
1049
1044
1051
1044
1053
4906
1576
1100
7661
1103
7661
1100
1039
4906
5796
92145
1046
4493
5913
1338
1034
1401
1401
2811
5592
1032
1052
1046
1266
1061
1050
1063
1032
1052
1037
1050
1061
1048
1046
25380
1058
1032
1048
1044
1050
4906
1576
1097
7661
1097
1039
5796
92145
1059
1032
1049
1044
1051
4906
1576
1098
7661
1098
1039
5796
92145
1046
4493
5913
1338
5484
15527
4595
1279
92145
1058
1429
1097
1034
5592
1060
1050
1046
1429
1401
1034
5592
1050
1044
1266
1061
1049
3204
1429
1401
1034
1605
5796
92145
1046
4493
1605
1046
1429
1401
3173
2811
5592
1052
1046
1266
1061
1049
3204
1429
1401
3173
1034
1605
5796
92145
1059
1266
1061
1050
5200
1058
1032
1048
1044
1050
4906
1576
1097
7661
1099
1039
1605
5796
92145
1059
1032
1049
1044
1051
4906
1576
1098
7661
1097
1039
1605
1046
4493
1605
1338
4268
2534
1317
24002
19629
5266
1317
3884
1261
93710
2203
1261
15527
4595
1279
92145
1046
79888
17597
1317
2258
2147
97656
17597
1063
13830
1044
5266
4014
1651
4145
1338
34976
1394
1261
4265
3310
1257
1044
1729
2534
2365
5266
2516
1455
2156
12123
2269
1266
1319
1049
9120
1266
1534
9027
4039
1574
9027
2545
1266
2351
1032
1048
1041
2516
1455
2744
31645
1845
81793
1266
9301
1261
5796
92145
1338
4268
1710
24002
4362
1394
2744
4171
1266
1044
4069
2365
1338
36296
93710
5592
1424
1046
2898
2744
103996
1266
1307
1424
1454
1032
1049
9120
1266
1534
1424
1044
1729
1736
5200
1058
1394
1382
1294
1032
1048
1791
1100
1045
1049
1044
26524
1382
1044
1382
69366
1044
1382
1043
1050
1100
1044
6421
2015
1317
1534
1424
1046
2898
2744
3204
1044
1729
2534
1317
3180
1494
1261
5796
92145
1046
23987
1394
1261
3204
1058
1729
1736
1261
3528
44400
1307
11084
1059
1729
2534
1317
4036
2269
1317
3180
1278
7980
1261
5796
92145
1046
9748
1729
1710
4036
11084
89533
1044
19629
5266
1317
3180
1261
7980
1261
5796
92145
1395
1058
4014
12197
1623
1562
1032
1048
1317
11237
4564
1109
1045
1049
12982
1050
1041
2478
3204
3755
1093
3942
3204
52468
1045
1049
18321
18290
2744
2516
63365
10867
1032
1049
4036
1319
1808
1710
4036
1925
1307
2424
1317
4395
1278
2147
1577
49032
1729
2481
4036
2960
1044
1809
19629
1395
1032
1049
1651
26133
46763
10217
1046
4493
4362
1376
2782
1307
26133
46763
17684
1338
34976
1394
1261
4265
1266
1044
3788
4362
1376
4556
2136
31645
10130
1307
26133
46763
17684
1338
4268
2534
2365
2136
1747
5746
1266
1338
31173
5443
1058
1693
1424
1061
1050
1044
1266
1061
1049
2342
1046
56622
1058
1925
3204
1307
1032
1050
1046
4362
1376
1032
1049
1693
11084
2349
2849
1032
1048
1338
5475
1424
1061
1051
1044
1266
1061
1049
2342
1046
4362
1435
4455
1338
5475
1424
1061
1052
1044
1266
1710
1402
1032
1049
1505
1032
1050
1046
1266
1061
1049
3204
1307
1032
1052
1046
1266
1061
1050
5200
1307
1032
1050
2744
1338
5475
1424
1061
1054
1044
1266
1710
1402
1032
1049
1044
1050
1044
1051
1046
1319
31346
1032
1054
1037
1051
1061
1048
1044
1266
1060
1054
1577
1266
1061
1051
5200
1307
3729
1032
1050
2744
1338
12082
1729
2534
43544
1317
21065
3310
1265
2203
1409
9997
2187
1044
2744
4016
1402
15527
4595
1279
92145
2453
5266
1046
5101
128857
3788
5266
1338
4268
2534
1317
24002
4362
3755
5371
1106
1093
1376
2365
5266
1317
3180
1265
3755
1058
1106
1093
1261
15527
4595
1279
92145
1319
1106
30938
1044
5592
17546
1050
1577
3367
5592
1060
1050
1044
4362
1376
128748
1338
16108
1058
34044
3755
5371
1112
1093
1376
2365
5266
1317
21065
23832
1307
5592
1623
2203
1274
8262
1046
34044
1091
1048
5371
1048
18652
1048
1046
2898
1623
1562
1032
1049
1317
1308
1044
1394
1274
1562
1032
1049
1317
1409
1044
1729
3352
3804
1805
3030
1475
1319
1048
9120
1475
1534
1623
1044
5592
1623
17895
9218
1050
1577
34044
3755
5371
1112
1093
1376
2365
1746
1106
1125
34044
13872
5371
1112
1045
1049
1093
1867
4362
13872
5371
1105
11390
29401
4832
34044
25501
5371
1107
11390
12082
2688
5443
2100
36296
11277
2100
1049
1041
1429
35416
1413
1897
1409
1061
1050
4906
6878
1032
1049
1338
12598
1681
23898
2688
2948
13951
1338
1115
1622
35416
1413
1897
1308
1061
1053
1046
110655
2203
1032
1050
9997
2187
1046
58973
63326
1058
34749
1319
1050
1044
1051
1041
1505
1319
1051
1044
1050
1577
65851
4362
1394
2744
93710
1338
4268
2534
1317
24002
4362
3134
12109
1394
1747
9997
2187
1338
1073
7534
7418
1261
7586
12957
1505
24867
4206
1338
10107
24002
4362
1394
1747
9997
2187
5592
17546
1050
1338
12598
1681
42478
9997
2187
2100
12618
1050
2100
1045
1429
1401
2811
1266
1061
1049
2342
1046
3204
1429
1401
1034
26133
46763
10217
4906
4362
1032
1049
1626
1045
1429
32052
2811
4362
1032
1049
1626
1045
1429
3173
2811
4362
1032
1049
1626
1045
1429
1413
2811
4362
1032
1049
1338
12618
1051
2100
1045
1429
35416
2811
1266
1061
1049
2342
1046
3204
1429
35416
1034
5592
1051
1046
17684
1058
1319
1097
30134
1041
63365
4906
1032
1049
1046
1319
53952
1289
1577
4493
4362
1032
1049
1626
1045
1429
1098
3173
2811
4362
1032
1049
1626
1045
1429
1099
1413
2811
3204
1429
1099
1413
2811
17684
1319
1099
30134
1041
4395
4906
4362
1032
1048
1046
4493
1429
1099
1413
1034
1395
5314
15527
4595
1279
92145
1319
1100
1061
1049
1577
4362
1032
1048
1338
12618
1052
2100
1045
1429
1401
3173
2811
5592
1052
1046
1266
7791
1058
1032
1049
1505
1032
1050
1626
1256
1266
1061
1049
1058
3204
1429
1401
3173
1034
5592
1052
1046
17684
1058
1319
1097
34388
1041
4395
1063
12197
1032
1048
1321
1032
1051
1058
1261
1321
1261
4395
1046
12197
1032
1049
1321
1032
1050
1058
1289
1321
1272
63365
4906
4362
1032
1049
1626
1256
1266
1061
1050
1058
25380
1058
3204
1048
26524
1032
1048
1044
1050
4906
1576
1097
7661
1099
1039
63365
4906
4362
1032
1049
1046
3204
1049
26524
1032
1049
1044
1051
4906
1576
1098
7661
1097
1039
63365
4906
4362
1032
1049
1046
3788
1032
1050
1046
4493
2365
4362
1376
1032
1049
1319
19266
1266
1061
1049
4342
1045
1429
32052
1413
2811
5592
1052
1046
1266
1061
1049
1058
1429
32052
1413
2811
17684
1319
1098
30134
1041
63365
1063
1032
1048
1289
1044
1051
1272
63365
1059
1032
1049
1272
1044
1050
1261
63365
4906
4362
1032
1050
1046
1266
1061
1050
1058
5200
1058
1032
1048
1044
1050
4906
1576
1098
7661
1097
1039
63365
4362
1049
1059
1032
1049
1044
1051
4906
1576
1099
7661
1099
1039
4395
4362
1048
2297
3788
1032
1049
1046
4493
2365
4362
1032
1049
1338
12618
1053
1058
6836
3310
1429
35416
1413
2811
5592
1053
1046
1266
7791
1058
26830
1839
1307
1032
1053
1058
2342
1032
1049
1319
31346
1032
1053
1037
1049
1061
1048
1044
1266
1060
1053
1577
1266
1061
1049
3204
1429
35416
1413
1034
5592
1053
1046
17684
1058
1319
1097
30134
1041
63365
1063
12197
1032
1048
1261
1044
1052
1272
63365
1059
1032
1049
1289
1044
1051
1261
63365
1059
9949
1272
1046
4493
4362
1032
1050
1046
3501
2147
1266
1046
4493
4362
1032
1050
1338
12082
21065
2203
1032
1050
8262
1046
47191
2100
1045
4515
1049
1429
1401
1034
1319
63108
1049
1041
1867
4515
1050
1429
1099
1413
1034
1319
63108
1048
1041
3788
1032
1049
1046
110655
1265
1091
1048
1058
1050
1093
1429
1401
1897
1265
1091
1050
1058
1053
1093
1429
1099
1413
3871
5646
1681
5746
4136
34749
1032
1050
1321
1032
1051
9218
1050
1046
4493
3788
1032
1049
1046
5646
14175
6878
1032
1049
1338
34976
43544
2715
3081
1032
1049
1338
14859
2688
1058
1429
35416
3149
1897
1409
1061
1050
4906
6878
1032
1050
1338
1115
5592
1054
1046
110655
2203
1032
1050
9997
2187
1046
37053
36378
34749
1319
1050
1044
1052
1574
1319
1051
1044
1051
1574
1319
1052
1044
1050
1577
65851
12889
1338
12598
1681
24002
12889
9997
2187
2100
4268
2534
4362
1394
1747
9997
2187
1338
1073
7534
10533
24002
13162
5059
38528
1809
1729
1710
12319
43544
1338
37117
2688
1058
1429
1097
1401
4402
1097
1897
1409
1061
1051
4906
6878
1032
1048
1338
12618
1054
107894
2203
1032
1051
8262
1044
2744
5592
17546
1050
1044
1878
34749
4016
1402
1032
1050
2744
1058
1429
17498
8011
4600
8011
17498
3871
11796
5314
15527
4595
1279
92145
1063
1429
17498
1034
4362
1048
1044
1429
4600
1034
4362
1048
1044
1429
17498
1034
4362
1048
1046
4493
3788
1032
1048
1338
44579
2688
5443
2100
1045
1429
1501
1897
1049
4906
6878
1032
1049
1046
5592
1050
1429
1501
1034
4362
1049
1319
31346
1266
1061
1049
63365
1577
5913
1338
1045
1429
1662
1897
1049
4906
1032
1049
1338
1045
1429
44857
1897
1049
4906
1032
1048
1338
1045
1429
7719
1118
1102
1897
1050
4906
6878
1032
1049
1046
1265
5592
1053
1044
1409
1061
1050
1046
110655
2203
1032
1050
8262
1044
34749
1319
1050
1044
1051
1041
1505
1319
1051
1044
1050
1577
2837
2534
2365
5266
1046
9246
1681
3219
1338
1115
1622
7719
1118
1102
3871
65851
12889
9997
2187
1338
12618
1050
2100
1045
1429
1978
2811
4362
1049
1319
1109
2578
2280
1456
1045
1429
1552
2811
4362
1049
1010
1045
1429
51188
2811
4362
1049
1010
1045
1429
1118
1102
2811
4362
1049
1267
12618
1051
2100
1045
1429
7719
2811
1266
1061
1049
2342
1046
3204
1429
7719
2811
17684
1319
1108
29874
1041
63365
4906
4362
1049
1046
1319
53952
1623
1577
4362
1049
1626
1045
1429
1552
1118
2811
4362
1049
1319
1105
8070
1330
63365
1456
1045
1429
51188
1102
2811
4362
1049
1319
1107
8070
1284
63365
1801
12618
1052
2100
1045
1429
7719
1118
2811
5592
1052
1046
1266
1061
1049
1058
17684
1319
1108
42129
1041
63365
1063
1032
1048
1295
1044
1051
1330
63365
1059
1032
1049
1623
1044
1050
1409
63365
4906
4362
1050
1046
1266
1061
1050
1058
5200
1058
1032
1048
1044
1050
4906
1576
1108
7661
1107
1039
63365
4362
1049
1059
1032
1049
1044
1051
4906
1576
1105
7661
1118
1039
63365
4362
1049
2297
3788
1050
1046
4493
2365
4362
1050
1626
1045
1429
1552
1118
1102
2811
5592
1052
1046
1266
1061
1049
1058
1319
1105
48315
1041
63365
1044
1319
1107
42129
1041
63365
4906
4362
1050
1046
1266
1061
1050
1058
5200
1058
1032
1048
1044
1050
4906
1576
1105
7661
1118
1039
63365
4362
1049
1059
1032
1049
1044
1051
4906
1576
1107
7661
1102
1039
63365
4362
1049
2297
3788
1050
1046
4493
4362
1050
1338
12618
1053
6836
1429
7719
1118
1102
2811
1266
1061
1049
2342
1058
17684
1319
1108
48315
1041
63365
1044
1319
1105
42129
1041
63365
4906
4362
1050
1338
12082
21065
2203
1032
1050
8262
1046
47191
2100
1045
1429
1978
1034
1319
63108
1049
1041
1867
1429
51188
1102
1034
1319
63108
1049
1041
3788
1050
1626
1045
1429
7719
1034
1319
63108
1049
1041
1867
1429
1118
1102
1034
1319
63108
1049
1041
3788
1050
1626
1045
1429
7719
1118
1034
1319
63108
1050
1041
1867
1429
1102
69235
5592
1049
20520
1626
1045
1429
1978
1034
1867
1429
51188
1102
1034
6704
1338
3890
6878
4832
1032
1049
1046
4493
2156
4016
1402
1261
21065
36306
1032
1049
4036
3788
1338
33703
21065
1429
1108
1034
20520
1046
17048
1429
7719
1118
1102
1034
13156
1435
1429
1978
1034
1319
63108
1049
1041
1321
1429
51188
1102
1034
1319
63108
1049
1041
1395
1032
1050
1046
3075
1317
2012
1032
1049
1063
26243
1925
1805
4362
1032
1048
1321
2147
4362
1032
1049
1046
3316
2156
1261
93710
1307
5592
9218
1050
1454
4362
1032
1048
1063
9246
1681
4206
1058
1429
44857
1034
1605
2988
1046
1429
7719
1118
1102
1034
9997
2187
1058
1429
51188
69235
4362
1049
1046
1429
1552
69235
4362
1049
1046
1429
1978
69235
4362
1049
1046
1429
1118
1102
69235
4362
1049
1046
36609
1051
1058
1429
7719
1034
4362
1049
1046
1429
1552
1118
1034
4362
1049
1046
1429
51188
1102
1034
4362
1049
1046
36609
1052
1058
4362
1050
1046
36609
1053
1058
4362
1050
1338
8032
2258
1805
4362
1513
4403
1032
1049
1063
49032
13162
2156
1395
1261
1805
1454
4362
1032
1048
1693
1729
12729
10304
1266
1063
9246
1681
20189
1429
51188
1102
2811
5592
1051
1266
1061
1049
2342
4362
1049
1046
1429
1552
1118
2811
4362
1049
1046
1429
7719
2811
4362
1049
1046
1429
1118
1102
1034
4362
1049
1046
4493
1747
5592
1050
1505
5592
1051
4362
1049
1046
36609
1052
4362
1050
1046
82122
4362
1050
1338
3890
21065
2203
1032
1050
8262
1044
3788
5266
1376
4556
1307
12889
1307
2295
8262
1046
75901
4171
4556
4139
1402
1032
1049
1043
1063
3626
1693
2744
1805
2365
4362
1032
1049
1044
4556
1513
4403
1032
1050
1046
23008
6878
1032
1049
1046
35032
2490
1338
28191
13162
1729
1710
4036
17597
1317
3180
1261
93710
1261
15527
4595
1279
92145
1454
25671
5266
2224
2036
4362
22028
1063
9246
1681
1344
11568
3288
4362
1394
1261
3204
1058
1729
2534
2744
31645
1845
81793
1266
1317
2071
1261
5796
92145
1046
1531
4362
1651
3204
1395
2782
1307
26133
46763
17684
1046
3626
1729
1710
2095
4036
11084
1317
2258
17597
1044
15717
6187
6245
17684
4395
1454
1925
4036
1063
49032
2744
10217
9353
1058
1317
3180
3204
1261
5796
92145
1044
1729
2534
3204
3755
1093
2351
3204
52468
1045
1049
18321
1093
1394
1747
1623
1046
2837
1710
4036
11084
1046
75901
5266
1395
16106
2782
1307
17684
1455
1584
1605
5314
9196
1044
3147
1729
1710
4036
1925
4145
1294
2744
26133
46763
10217
1317
4395
1278
2147
1046
79888
1925
4145
1710
8786
1925
10217
1046
25298
1729
4036
1261
4249
4145
1317
8786
2295
17684
1063
3501
1044
3147
2744
4145
10249
1294
10693
1925
3980
1044
6894
1294
1513
2725
1925
10217
1319
88702
3204
5592
13509
1044
9949
4145
6354
2405
2534
80751
1577
4493
19629
5266
1376
2782
1307
26133
46763
17684
1338
34976
4362
7444
6298
1338
3890
6878
1032
1049
1394
1429
7719
1118
1102
1897
1050
24277
2156
1395
1261
21065
1454
3788
5266
1032
1049
1046
3075
1063
17048
1729
1710
1736
1261
1805
1307
5592
1032
1050
1455
11006
15527
4595
1279
92145
1454
1032
1048
5266
1063
3626
1429
1501
1034
64629
1032
1049
1046
1429
44857
1034
64629
1032
1048
1046
1429
1662
1034
64629
1032
1049
1046
4493
1429
1978
1034
4362
1049
1046
4493
13162
21065
2203
8262
2478
1925
1805
1934
4362
1032
1048
1321
1278
2147
4362
1032
1049
1046
3316
2156
1261
93710
1307
1429
7719
1118
1102
1034
1455
1395
5314
1261
15527
4595
1279
92145
4362
1032
1048
1063
12558
1429
44857
1034
1605
2988
1046
1429
17498
69235
3501
1046
1429
4600
69235
3501
1046
1429
13775
69235
3501
1046
5675
2314
1429
7719
1118
1102
1034
9997
2187
1058
1429
51188
69235
4362
1049
1046
1429
1552
69235
4362
1049
1046
1429
1978
69235
4362
1049
1046
1429
1118
1102
69235
4362
1049
1046
5592
1051
1058
1429
7719
1034
4362
1049
1046
1429
1552
1118
1034
4362
1049
1046
1429
51188
1102
1034
4362
1049
1046
5592
1052
1058
4362
1050
1046
5592
1053
1058
4362
1050
1046
4493
1836
4362
1048
93710
1046
6830
2606
3788
1032
1049
1063
17048
21065
2203
1032
1050
9997
2187
1809
1925
1307
2424
2481
1402
5592
1032
1049
1063
3626
16009
1058
21065
1265
2203
1409
9997
2187
2516
1455
2744
93710
1395
7674
2203
1261
15527
4595
1279
92145
1046
1531
12270
1307
15527
4595
1279
92145
10867
5592
9218
1050
1046
4493
2744
1805
4016
1736
5592
9218
1050
1046
4493
2960
8262
5592
9218
1050
1046
4493
3788
5266
4556
1307
2295
12889
1046
3367
2744
4362
9218
1049
1044
4556
9218
1050
1046
4493
6878
1032
1049
7444
16501
15388
2156
1395
1261
1805
1454
4362
1032
1048
1046
9246
1681
1344
11568
3288
1429
7719
1118
1102
2811
17597
1295
29668
29874
42129
48315
1046
17048
2156
1395
1261
1266
2516
1455
5200
2071
5796
92145
1454
1032
1048
5266
1394
2269
93710
1046
9246
1681
2688
93710
1429
51188
1102
2811
5592
1051
1044
1266
1061
1049
2342
3204
1429
51188
1102
1034
1605
5796
92145
1046
4362
1049
1046
1429
1552
1118
2811
4362
1049
1046
1429
7719
2811
4362
1049
1046
1429
1978
2811
4362
1049
1046
1429
51188
2811
4362
1049
1046
1429
1552
2811
4362
1049
1046
1429
1118
1102
2811
4362
1049
1046
4493
1836
4362
1048
1338
3890
13162
1729
5711
45399
1429
83862
1265
2203
1409
9997
2187
1034
10138
1729
1710
47962
2174
1063
3501
1044
21065
4938
89045
9997
2187
24879
1265
10693
1338
33703
1729
1710
4036
17597
3746
2744
93710
1044
1809
1278
5266
4014
5669
1747
9997
2187
1046
25298
1494
1402
1455
1729
1584
8807
1317
4036
17597
49380
1063
3501
1044
1429
4845
1307
1278
2782
1307
10679
5266
5074
1317
3884
2744
93710
2203
1261
15527
4595
5796
92145
1395
80884
2613
4493
1651
93710
5266
1338
34976
1429
7719
1118
1102
1897
1050
6878
1032
1049
12551
2156
1395
1261
3039
1317
21065
1321
4036
3788
1032
1049
1046
9246
1681
23898
3352
1317
3219
1693
1729
1710
3180
1925
93710
15527
4595
1279
92145
1454
1032
1048
5266
1321
1278
2147
1454
1032
1049
4036
1044
1809
1729
4914
1836
4362
1048
93710
1046
9246
1681
5558
40172
4362
22028
1394
2269
93710
13162
1729
21957
1261
1266
1455
28248
4362
1048
1338
9080
93710
1429
51188
1102
2811
5592
1051
1044
1266
1061
1049
2342
1046
3204
1429
51188
1102
1034
1605
5796
92145
1046
4493
4362
1049
1338
9080
1429
1552
1118
2811
5592
1051
1044
4362
1049
1338
9080
1429
7719
2811
5592
1051
1044
4362
1049
1338
9080
1429
1978
2811
5592
1050
1044
4362
1049
1338
9080
1429
51188
2811
4362
1049
1338
9080
1429
1552
2811
4362
1049
1338
9080
1429
1118
1102
2811
4362
1049
1338
9080
5592
1052
1429
7719
1118
2811
1729
21564
2365
4362
1050
1046
3626
13162
1266
1061
45509
1032
1052
26830
1839
1058
1032
1049
1044
1050
1046
1266
1061
1050
5200
1058
26524
1032
1048
1044
1050
4906
1295
29874
63365
1059
1032
1049
1044
1051
4906
1623
42129
63365
1046
12953
26133
46763
4906
4362
1050
1046
1266
1061
1049
5200
1058
1295
29668
29874
42129
17684
1319
1108
42129
1041
63365
1044
1319
1105
29874
1041
63365
4906
4362
1050
1046
4493
2365
1032
1050
1338
12618
1053
6836
1058
4362
1050
1338
34976
2258
1805
4362
1513
4403
1032
1049
1046
4493
4556
1307
2295
8262
1513
4403
1032
1050
1046
3626
6878
1032
1049
1046
35032
1395
52990
1338
33703
1278
12270
1307
15527
4595
1279
92145
9985
1266
2516
1455
1032
1049
9120
1266
1534
9027
1321
9027
2545
1266
2351
1032
1048
1044
1809
2095
1429
84340
26524
1455
1736
1278
2879
81793
1536
1266
9301
1261
5796
92145
2613
25298
1494
1402
1455
1729
2342
2534
1455
2156
12123
2269
1266
2516
1455
1278
7980
1307
11084
1513
26524
1454
2879
81793
9301
1261
5796
92145
1044
1809
1729
1584
8807
1317
12729
1799
81793
1063
49032
1429
84340
26524
1455
1736
1278
2879
81793
1536
1266
9301
1261
5796
92145
2613
53815
4938
1394
2744
31645
1382
1294
1032
1048
1791
1100
1045
1049
1044
1278
9305
1733
1307
11084
1513
12197
1623
2478
1623
2545
1266
2351
1382
1319
1259
8035
3542
1041
4016
1402
1261
5796
92145
1046
5646
1681
2549
1729
2434
1338
3890
13162
1494
4938
1058
3369
1278
26524
1455
1736
1278
2879
81793
1319
1105
4185
3109
8427
1925
31645
1845
1574
1321
1455
7563
3310
1395
1261
5796
92145
1046
3626
1278
6570
8223
1429
6958
12123
1261
6818
15748
1266
2516
1455
1032
1049
9120
1266
1534
9027
1321
9027
2545
1266
2351
1032
1048
1044
12164
54368
26524
1455
1736
1278
2879
81793
1536
1266
9301
1261
5796
92145
2613
2157
4139
4204
1058
2156
12123
1261
1266
2516
1455
1693
1636
4069
1747
26524
1455
9730
1278
2879
81793
1319
1105
4185
3109
8427
1925
31645
1845
1574
1455
3310
1395
1261
5796
92145
1046
3626
1799
31645
1845
1063
26243
2258
1063
3247
13162
1494
4938
1058
1394
1278
14173
1266
1044
1278
3310
7563
1536
8198
26524
1454
1278
2879
81793
1319
1105
4185
3109
57739
1536
81793
1041
2744
3204
9301
1261
5796
92145
1063
1531
44526
1302
1429
84340
26524
1455
1736
1278
2879
81793
1536
1266
9301
1261
5796
92145
2613
2481
1402
27539
1435
1058
1636
4069
1278
26524
1455
1736
1278
2879
81793
1319
1105
4185
3109
1636
8427
1261
31645
1574
1321
1455
9903
3310
1395
1261
5796
92145
1046
3626
1494
6354
2405
22077
1799
31645
1059
13162
1494
4938
1394
1278
14173
1266
1044
1278
6960
2016
1307
26524
107894
1536
81793
2744
9301
1261
5796
92145
1063
49032
1278
11277
1058
1429
1332
26094
1332
1034
5592
1054
1044
1266
1061
1050
1058
25380
1032
1048
1044
1050
1044
1052
4906
1576
1097
7661
1098
7661
1097
1039
5796
92145
1059
25380
1032
1049
1044
1051
1044
1053
4906
1576
1100
7661
1103
7661
1100
1039
5796
92145
1046
4493
2960
25380
2071
5796
1629
73037
1046
1429
1401
1401
1034
5592
1052
1044
1266
1061
1050
1058
25380
1032
1048
1044
1050
4906
1576
1097
7661
1097
1039
5796
92145
1059
1032
1049
1044
1051
4906
1576
1098
7661
1098
1039
5796
92145
1046
4493
16106
2960
5200
4016
1402
5796
1629
73037
1046
4493
2948
19190
1395
6298
1338
34976
1429
7719
1118
1102
1897
1050
6878
1032
1049
7444
81681
1046
9246
1681
1344
41412
1278
2688
5443
1562
1278
16925
2100
2640
8723
15605
1796
1501
1897
1032
1049
1041
2351
1032
1049
1010
8723
15605
1796
1662
1897
1032
1049
1041
2351
1032
1049
1010
8723
15605
1796
44857
1897
1032
1049
1041
2351
1032
1048
1010
8723
15605
1796
7719
1118
1102
1897
1032
1050
1041
2351
1032
1049
1010
8723
15605
1796
1107
7064
1897
1032
1049
1041
2351
1032
1049
1010
8723
15605
1796
1097
23558
1897
1032
1050
1041
2351
1032
1048
1010
8723
15605
1796
7719
1118
1102
1897
1032
1050
1041
2351
1032
1050
1256
2569
32844
1033
3730
1584
2295
109595
1394
1429
7719
1118
1102
1897
1050
1058
2158
2351
1049
1044
2430
4025
2351
1050
1046
5646
1681
81681
1046
9246
1681
4206
1278
16925
2100
1784
16925
8223
2100
1035
31054
2688
5443
1010
1293
6852
15605
1796
1501
1897
1032
1049
1041
2351
1032
1049
1010
1293
6852
15605
1796
1662
1897
1032
1049
1041
2351
1032
1049
1010
1293
6852
15605
1796
44857
1897
1032
1049
1041
2351
1032
1048
1010
1293
6852
15605
1796
7719
1118
1102
1897
1032
1050
1041
2351
1032
1049
1010
1293
6852
15605
1796
1107
7064
1897
1032
1049
1041
2351
1032
1049
1010
1293
6852
15605
1796
1097
23558
1897
1032
1050
1041
2351
1032
1048
1010
1293
6852
15605
1796
7719
1118
1102
1897
1032
1050
1041
2351
1032
1050
1010
1293
6852
15605
1796
1107
6174
3002
1897
1032
1049
1041
2351
1032
1049
1010
1293
6852
15605
1796
17498
17498
17498
1897
1032
1050
1041
2351
1032
1048
1010
1293
6852
15605
1796
1401
1401
1401
1897
1032
1051
1041
2351
1032
1051
1010
2731
16860
1044
2156
1584
2295
109595
1394
1429
7719
1118
1102
1897
1050
1058
2158
2351
1049
1044
2430
2351
1050
1046
5646
1681
1261
15016
1046
3626
1278
4127
10674
8223
1429
24151
16424
70914
84674
14671
48761
1083
2613
4493
1729
4016
34301
2960
1063
5646
1681
16501
1046
26243
1278
2667
1925
1395
1261
2801
2688
1455
26618
49074
1063
49032
1278
4206
2254
1934
6245
90747
1059
1693
2258
7195
1044
1494
47151
20628
1292
4507
1046
9748
2156
1584
2295
90747
1394
2879
4292
1454
2801
6878
4213
1044
1278
2254
6560
34301
2960
1046
17048
1278
2667
1925
1395
1261
96948
1505
13162
1278
2688
64629
1032
1050
1063
3626
1278
2158
6852
8223
2351
1049
1046
1531
4127
4139
1736
1261
27223
1044
1809
1729
4016
2764
1747
9458
1435
4265
1046
3886
1044
12837
1294
2516
15048
1044
1278
9458
1584
9247
1321
1729
4016
5687
2254
1455
22405
1747
1307
2424
1046
3367
2156
1681
1261
81681
6852
1044
13162
1925
1307
2424
1395
7442
1394
1261
2801
4292
1063
9246
1681
3346
21966
2100
2640
1293
2569
31054
2688
5443
1010
1293
6852
15605
1796
1501
1897
1032
1049
1041
2351
1032
1049
1010
1293
6852
15605
1796
1662
1897
1032
1049
1041
2351
1032
1049
1010
1293
6852
15605
1796
44857
1897
1032
1049
1041
2351
1032
1048
1010
1293
6852
15605
1796
7719
1118
1102
1897
1032
1050
1041
2351
1032
1049
1010
1293
6852
15605
1796
1107
7064
1897
1032
1049
1041
2351
1032
1049
1010
1293
6852
15605
1796
1097
23558
1897
1032
1050
1041
2351
1032
1048
1010
1293
6852
15605
1796
7719
1118
1102
1897
1032
1050
1041
2351
1032
1050
1010
1293
6852
15605
1796
1107
6174
3002
1897
1032
1049
1041
2351
1032
1049
1010
1293
6852
15605
1796
17498
17498
17498
1897
1032
1050
1041
2351
1032
1048
1010
1293
6852
15605
1796
1401
1401
1401
1897
1032
1051
1041
2351
1032
1051
1010
2731
16860
1044
2295
90747
1394
1429
7719
1118
1102
1897
1050
1046
37053
10980
1278
2667
1925
1395
1261
27223
1294
1278
4127
10674
1044
1809
1729
4016
5687
1435
1395
1046
17048
1278
13650
1395
1455
1278
2254
2715
1850
1032
1050
1394
1429
7719
1118
1102
1897
1050
1044
1321
1278
2158
6852
1395
1261
96948
1063
3626
1729
6560
22347
9458
1046
2837
2534
1317
8240
1848
1799
1925
1395
6298
4057
1408
2147
9458
1505
13951
1046
25298
1494
1402
1455
1278
2254
1395
15654
1317
1850
1032
1049
1394
1429
7719
1118
1102
1897
1050
1044
1321
1278
2667
6852
1395
7442
1394
1261
2801
3310
1063
3626
1494
1681
8360
1429
7719
1118
1102
1897
1032
1050
1046
67706
1402
1261
9441
4595
9504
3880
1046
1656
3325
2516
7638
1044
1278
4206
2254
1395
5662
1321
1729
4016
2764
1747
90747
1046
3367
2156
1681
1261
15016
1044
1729
4139
2534
1317
3219
1693
1925
1307
2424
1395
39907
110526
3964
1317
2147
22855
1063
3501
1044
2960
1584
19555
1338
12598
1681
20189
2147
2688
5443
1317
13445
6878
8033
1338
1034
1107
7064
1897
1049
4906
6878
1032
1049
1046
1265
5592
1051
1046
1409
1061
1049
1046
82122
3310
1429
1107
7064
3871
4362
1063
5592
1051
1266
1061
1049
2342
1046
3204
1429
1107
7064
2811
17684
1319
1107
47086
1041
63365
4906
4362
1049
1046
4493
1032
1049
14175
1338
1034
1097
23558
1897
1050
4906
6878
1032
1048
1046
110655
2203
1032
1050
9997
2187
34749
1032
1050
2744
1058
1429
17498
1034
4362
1048
1044
1429
4600
1034
4362
1048
1046
3788
1032
1048
1046
5913
1338
1034
1107
6174
3002
1897
1049
4906
6878
1032
1049
1046
1265
5592
1053
1046
6836
3310
1429
1107
6174
3002
3871
5592
1053
1266
1061
1049
2342
1046
3204
1429
1107
6174
3002
2811
17684
1319
1107
34388
1041
63365
1063
12197
1032
1048
1409
1044
1052
1261
63365
1059
1032
1049
1409
1044
1051
1409
4395
1059
9949
1404
1046
4493
4362
1032
1049
1319
6484
1925
1307
1278
1409
22139
1577
4493
1032
1049
14175
1338
1034
17498
17498
17498
1897
1050
4906
6878
1032
1048
1046
5592
1054
107894
2203
1032
1050
8262
1044
2744
5592
17546
1050
1046
37053
36378
1058
1032
1050
1043
1052
1044
1032
1051
1043
1051
1044
1032
1052
1043
1050
1046
1429
17498
17498
17498
1034
1747
1576
1097
1681
1044
2258
93710
5314
15527
4595
1279
92145
4362
1048
1046
4493
1032
1048
1338
1034
1401
1401
1401
1897
1051
4906
6878
1032
1051
1046
5592
1054
107894
2203
1032
1051
8262
2744
5592
1050
1058
1429
1401
8011
1401
8011
1401
3871
11796
1429
1401
1034
4362
1049
1319
31346
1266
1061
1049
3204
1429
1401
1034
63365
1577
4493
3788
1032
1051
1046
5913
1338
12082
1429
1501
1897
1049
4906
1032
1049
1046
1429
1662
1897
1049
4906
1032
1049
1046
1429
44857
1897
1049
4906
1032
1048
1338
12082
1429
7719
1118
1102
1897
1050
15016
1046
9246
1681
24002
4171
63326
1321
12889
23898
1317
3219
1693
13162
2156
1395
1261
3039
1317
2012
1032
1049
4036
3788
1455
1729
21957
1046
26243
1729
1710
4036
17597
2516
1455
1261
93710
11006
15527
4595
1279
92145
1454
1032
1048
5266
1693
1729
12729
1261
2801
1266
1063
3626
1729
5314
6090
1747
1266
1046
17048
2948
4362
22028
1394
2269
93710
1395
8462
3147
1729
16088
1729
2534
1317
3180
2744
31645
1845
1261
5796
92145
22272
1044
1809
13162
1278
12270
9985
1455
1278
6836
3310
7563
1536
8198
26524
1454
2879
81793
1319
1105
4185
3109
2586
1925
31645
1845
28197
9301
1261
5796
92145
1044
1605
1747
25380
1046
9246
1681
1344
41412
1058
1429
84340
26524
1455
1736
1278
2879
81793
1536
1266
9301
1261
5796
92145
2613
25298
1402
27539
1435
1058
2156
12123
1261
1266
2516
1455
1693
1636
4069
1278
26524
1455
1736
1278
2879
81793
1319
1105
4185
3109
1636
8427
1925
31645
1845
1044
4150
1747
26524
1623
2478
1623
2545
1266
2351
1382
1394
2269
1382
1574
1455
3310
1395
1261
5796
92145
1046
2157
6354
2405
4150
1429
28366
31645
1845
3871
2157
8223
1429
84340
26524
1455
1736
1278
2879
81793
1536
1266
9301
1261
5796
92145
2613
2409
1395
61103
1046
3626
11277
1058
1429
1332
26094
1332
1034
2127
4139
1736
1266
1061
1050
1044
1321
1429
84340
26524
1455
1736
1278
2879
81793
1536
1266
9301
1261
5796
92145
2613
3367
1636
4069
26524
1454
2879
81793
1044
1636
2012
2295
18451
1058
1576
1097
7661
1098
7661
1097
1039
1321
1576
1100
7661
1103
7661
1100
2096
2960
5796
1629
73037
1046
3626
13162
1278
6570
2342
10867
1455
2156
12123
2269
31645
1845
1455
9301
1261
5796
92145
1063
1531
24528
1429
84340
26524
1455
1736
1278
2879
81793
1536
1266
9301
1261
5796
92145
2613
2481
4204
1058
3369
1278
2016
1307
26524
1455
9730
1278
2879
81793
1319
1105
4185
3109
8427
1261
31645
1574
1278
11084
1513
3385
26524
1319
1259
3542
1041
2071
1261
5796
92145
1046
2157
6354
2405
24215
4150
1429
2975
1747
25380
3871
3886
1044
1278
11277
4265
4626
1429
1401
1401
1034
1799
1934
2295
25380
2960
5796
1629
73037
1046
3626
13162
1494
1681
2586
1420
3336
2478
2960
14222
1317
1402
5796
1629
73037
1046
9246
1681
4206
1278
2767
11568
13989
1058
1429
1401
3173
1034
1395
1605
1261
15527
4595
1279
92145
1046
36609
1052
1046
3367
1729
2342
2534
1925
31645
1845
1317
1402
5796
92145
1044
2430
1394
1266
1061
1050
1044
25380
1058
1032
1048
1044
1050
4906
1576
1097
7661
1099
1039
1605
5796
92145
1059
1032
1049
1044
1051
4906
1576
1098
7661
1097
1039
1605
5796
92145
1046
1266
1061
1049
1058
1429
1401
3173
1034
1605
5796
92145
1046
4493
3637
1605
1046
1429
1097
1034
5592
1060
1050
1046
1429
1401
1034
5592
1050
1266
1061
1049
1058
1429
1401
1034
1605
5796
92145
1046
4493
3637
1605
1338
7493
2314
1429
7719
1118
1102
1034
1454
1593
11559
19190
1063
9246
1681
2688
1693
1729
1710
2012
3788
5266
1032
1049
1338
5475
6570
1395
1058
12123
1266
2516
1455
2156
12123
1261
31645
1382
1319
1048
28944
1114
1060
1100
1041
2516
1455
1278
9305
1733
1307
11084
1513
26524
1623
1454
1623
1037
1266
2351
1382
1319
1259
3542
1041
9301
1261
5796
92145
1046
3060
5592
9218
1050
1046
5646
2168
1402
54532
1046
6830
1394
1261
93710
1044
1729
2586
2534
1513
4403
1925
31645
1845
1317
1402
5796
92145
1046
6830
4362
1317
3180
1494
1261
15527
4595
1279
92145
2168
1402
2365
2136
1266
1321
1382
1307
5266
6618
1317
3180
1455
4811
31645
1845
1261
5796
92145
1046
3626
1729
2481
2095
4036
11084
1294
2147
31645
10130
89533
1063
1531
12270
8223
1429
115199
2744
93710
2203
1261
15527
4595
1279
92145
3871
1531
93710
4016
6127
1261
15527
4595
1279
92145
1046
3367
1278
12270
2342
10867
15090
1307
2269
1266
1321
2269
31645
1845
17299
1261
5796
92145
1044
2430
2147
31645
10130
1710
1402
7211
1046
3626
1278
24528
1429
84340
26524
1455
1736
1278
2879
81793
1536
1266
9301
1261
5796
92145
2613
4139
1402
27539
1435
1058
1636
4069
1278
26524
1455
1736
1278
2879
81793
1319
1105
4185
3109
1636
3204
2424
1574
1321
1455
9301
1261
5796
92145
1046
2157
2481
4204
1278
6836
2016
1307
26524
107894
1536
81793
2744
9301
1261
5796
92145
1044
1809
1278
103828
1395
61103
1338
12598
1681
4206
1278
11277
4265
1394
15527
4595
1279
1629
73037
1058
1429
17498
1897
1429
4278
1897
1429
1332
26094
1332
1897
1429
1401
1401
3871
3797
1736
1278
7299
1455
1394
1278
14173
1266
1044
1747
31645
10130
2071
5796
1629
73037
1046
4159
4814
2405
5628
1420
3336
2478
2342
1925
31645
1845
1395
5796
92145
1046
1531
2767
11568
13989
1058
1429
1097
1897
1429
1401
1897
1429
1401
3173
3871
1429
1401
1034
5592
1050
1266
1061
1049
1058
2342
1925
31645
1845
1044
1605
5796
92145
1046
1429
1401
3173
1034
5592
1052
1266
1061
1049
1058
1605
5796
92145
1059
1266
1061
1050
1058
25380
1605
5796
1629
73037
1046
4493
2127
6906
4204
1747
31645
10130
4016
1402
5796
1629
73037
1046
12238
12233
1429
1401
1034
1454
1266
1061
1049
2168
1402
1605
15527
4595
1279
92145
1044
1799
14175
1046
3626
1693
2342
1925
31645
1845
6618
1044
1429
1401
1034
1454
1266
1061
1049
3637
1605
5796
92145
1046
4493
1710
2405
24924
1338
36296
1278
81681
90747
1044
13162
1278
4127
16541
1880
2342
1925
1307
2424
1044
1809
1278
3330
23648
2960
1046
2837
2534
1317
16859
1799
1317
5687
1046
26243
1729
1710
2985
1513
1278
2730
2688
5443
1317
13445
1046
1531
2730
2688
5443
1584
17183
18451
1454
1409
1061
1049
1048
1048
1046
1531
6878
16897
1058
1032
1057
1053
1044
1032
1057
1055
1044
1032
1049
1048
1048
1046
5646
4139
3508
21294
2948
4362
2254
1338
3890
2158
1044
1729
2534
1317
18507
1278
1429
7719
1118
1102
1897
1050
6769
1046
17048
2948
43544
4362
22028
1395
8462
1394
2269
93710
1044
1321
7442
1429
7719
1118
1102
1897
1050
1710
1402
5595
1454
1032
1049
4036
1046
9246
1681
23898
3352
1317
3081
1261
21065
1321
5266
1394
1429
7719
1118
1102
1034
1317
3180
2960
9997
2187
15527
4595
1279
1629
73037
1454
3788
1032
1049
4036
1338
1115
1376
1295
1623
1409
1330
1284
1319
64713
1032
1048
1791
1052
1577
2837
2534
1317
21065
2203
1032
1050
89045
9997
2187
1044
2744
5592
17546
1050
1046
37053
36378
2100
1049
1041
1265
1091
1048
1058
1050
76810
1978
1034
1321
1265
1091
1050
1058
1053
76810
51188
1102
3871
1032
1010
1256
1429
1978
2811
1317
3180
15527
4595
1279
92145
1044
2534
1266
1061
1049
1044
3204
1429
1978
1034
4906
4036
1925
10679
1044
4362
1032
1049
1046
5417
4036
1044
2481
6127
1429
1763
1034
1505
1429
4743
3871
1032
1010
1256
1429
51188
1102
2811
5592
1051
1044
1266
1061
1049
3204
1429
51188
1102
3871
3870
3180
5796
92145
1044
2534
4036
1925
10679
1044
4362
1032
1049
1046
12153
1032
1050
1338
1050
1041
1265
1091
1048
1058
1051
76810
7719
1034
1321
1265
1091
1051
1058
1053
76810
1118
1102
3871
1032
1010
1256
1429
7719
2811
4362
1049
1319
6484
1295
1505
1409
1577
1429
1118
1102
2811
4362
1049
1046
12153
1032
1050
1338
1051
1041
1265
1091
1048
1058
1052
76810
7719
1118
1034
1321
1265
1091
1052
1058
1053
76810
1102
1034
20520
1319
13418
1049
2519
1052
1041
1265
1091
1049
1058
1051
76810
1552
1034
1321
1265
1091
1051
1058
1053
76810
1118
1102
69235
3626
21065
4016
3030
1513
1032
1048
1321
6432
6836
3310
1046
4493
2158
1805
4016
3030
1513
1032
1048
1338
34976
2258
5746
21065
1934
2295
8262
2744
4362
1513
4403
1032
1049
1044
4556
9218
1050
1046
4493
3788
1032
1049
7444
16501
2425
2948
4362
3244
1046
9144
1278
6852
2351
1049
4016
1402
1294
3880
1044
1505
2948
4362
3244
1395
8462
1338
33703
1729
1584
8807
1317
4036
17597
49380
5669
9997
2187
1063
3501
1044
1429
4845
1307
1278
2782
1307
10679
5266
5074
1317
3884
2744
93710
2203
1261
15527
4595
1279
92145
1395
80884
2613
4493
1651
93710
1338
33703
1729
1710
4036
17597
2516
1455
1261
93710
11006
15527
4595
1279
92145
1454
1032
1048
5266
1693
1729
12729
1261
2801
1266
1455
1729
21957
1063
9246
1681
1344
11568
14176
1429
7719
1118
1102
1034
9997
2187
1454
4171
1266
1338
9080
93710
1429
51188
1102
2811
5592
1051
1044
26830
1839
1307
1032
1051
1058
1032
1049
2342
1046
4493
4362
1049
1338
1034
1552
1118
2811
5592
1051
1044
4362
1049
1338
1034
1978
2811
5592
1050
1044
4362
1049
1338
1034
1552
2811
5592
1050
1044
4362
1049
1338
1034
1118
1102
2811
5592
1050
1044
4362
1049
1338
7493
2314
93710
1429
7719
1118
69235
5592
1052
1044
26830
1839
1032
1049
1044
1050
1046
1266
1061
1050
5200
1058
26524
1032
1048
1044
1050
4906
1295
29874
63365
1059
1032
1049
1044
1051
4906
1623
42129
63365
1046
12953
26133
46763
4906
4362
1050
1046
1266
1061
1049
5200
1058
1319
1108
42129
1041
63365
1044
1319
1105
29874
1041
63365
4906
4362
1050
1046
4493
2365
1032
1050
1338
34976
1836
4362
1048
1338
34976
3788
2365
5266
1032
1050
1046
4493
1278
2667
6852
2351
1050
1395
6298
2425
2948
3244
1046
1531
2158
6852
2351
1049
1395
6906
1261
96948
1046
9748
1729
6560
22347
9458
1044
1809
1729
1736
1261
15016
1046
26243
1278
2688
9962
64629
1278
2254
1317
2764
1747
90747
1044
1321
13162
1278
2158
6852
1395
7442
1394
1261
2801
3310
1809
4884
82621
1063
25298
1494
1402
1455
1278
2688
43007
2342
11500
1278
90747
1455
1584
1605
35523
1063
3501
1044
2127
1584
1747
6908
1338
33703
1729
1710
7926
1278
4127
2516
1455
1278
21065
1710
1736
9997
2187
1307
5592
1032
1049
1063
3626
8953
3607
8223
1429
1065
3310
1395
1261
15527
4595
1279
92145
1693
1058
2157
1934
5592
9218
1032
1050
3871
3060
1429
83862
1265
2203
1409
9997
2187
2516
1455
1278
4556
1307
1278
2782
1307
10679
5266
5074
1317
3884
2744
93710
2203
1261
15527
4595
1279
92145
1395
80884
2613
2157
6354
2405
24215
4150
2744
93710
4016
1402
15527
4595
1279
92145
2453
5266
1044
1809
1455
1681
1278
8406
1046
3367
1261
93710
1934
5592
1032
1049
1044
1494
6560
1402
1261
15527
4595
1279
92145
1046
4493
2744
1805
4016
1736
5592
9218
1050
1046
4493
2948
16009
1395
6298
1338
36296
1278
15016
1044
12494
1729
2715
5687
1278
2254
1455
10721
1032
1050
1394
1429
7719
1118
1102
1897
1050
1044
1321
10789
1278
2688
9962
7442
1934
2342
1925
1307
3385
90747
1044
1505
1278
2663
2084
21965
28767
1063
3626
1278
3330
2639
1429
24151
16424
70914
84674
14671
48761
1083
2613
4493
1729
4016
2764
1278
4206
2254
1435
4265
1046
3367
2156
1584
2295
90747
1394
2879
4292
1454
2801
6878
4213
1044
1494
1681
16501
1317
2764
2960
1046
37053
10980
1278
2667
6852
1395
11715
1317
1402
1394
1261
2801
4292
1044
2479
1429
7719
1118
1102
1897
1050
2351
1032
1050
1395
1261
4025
2688
1455
117692
1063
3626
17616
1681
6852
2084
14761
1408
2158
10890
1046
3367
1729
3180
2254
1850
1032
1049
1044
1278
2667
6852
2084
7195
1046
3367
1729
1850
1032
1050
1044
2158
6852
24372
1046
4493
1729
2534
1317
16859
1799
1925
1278
4127
106026
1338
12598
1681
3346
1278
4127
10674
2790
1058
1531
3330
5662
1261
4206
2254
1454
3385
90747
1046
4159
2639
1429
10311
1278
3629
2254
21734
1321
8953
3607
1044
10886
5687
1278
2254
5055
1321
2764
1747
1278
9458
1046
1603
24151
16424
70914
84674
14671
48761
1083
11621
1034
6830
2127
7867
1278
4206
2254
1046
2157
1681
4171
1455
1278
4206
2254
1934
1261
96948
1044
1809
1729
4016
2764
1494
1046
26243
1729
1710
3180
1278
2254
1850
1032
1049
1394
1429
7719
1118
1102
1897
1050
1321
1032
1050
1394
1278
2879
1063
16501
1046
17048
1729
1710
3180
1278
2254
2767
96083
1259
5744
1063
3501
1338
33703
1278
2295
90747
1584
7442
1394
2801
1409
1063
3626
2960
4150
1032
1050
1046
25298
1402
1455
1278
2158
1395
1429
7719
1118
1102
1897
1032
1050
2351
1032
1049
1321
1278
2667
1395
1429
7719
1118
1102
1897
1032
1050
2351
1032
1050
1809
13162
1278
2667
1395
2453
2269
2147
2688
1455
5266
3468
1063
3501
1044
90747
1584
9353
1338
36296
1593
84002
1044
12494
1729
1710
2985
1513
2147
2688
5443
1317
98931
1278
13650
8033
1394
1429
7719
1118
1102
1897
1050
1046
1531
2730
2688
5443
4139
5628
28524
1046
3626
1729
2607
2405
1736
2034
11708
1338
82053
1044
13162
2948
4362
22028
1394
1429
7719
1118
1102
1034
21065
1395
8462
3147
1729
1710
4036
17597
2516
1455
1261
93710
11006
15527
4595
1279
92145
1454
1032
1048
5266
1693
1729
12729
1261
2801
1266
1455
1729
4814
2405
3369
1063
9246
1681
6716
33295
4362
1394
1429
7719
1118
1102
1034
6836
3310
1454
1266
32975
1058
5592
1053
1044
26830
1839
1032
1049
2342
1046
4493
4362
1050
1338
7493
2314
21065
1429
1978
1034
1321
1429
51188
1102
69235
2837
2639
4362
1032
1049
1043
1049
1061
1050
1046
3626
13162
1429
51188
1102
1034
1710
1402
3214
15527
4595
1279
92145
1454
1032
1048
5266
1693
1729
12729
1266
1061
45509
5592
1051
2342
1266
1061
1049
1046
4493
1836
1338
33703
1729
5711
1730
57919
4362
1394
1429
51188
1102
2811
3204
1429
51188
1102
1034
5592
1051
1044
17684
1319
1107
48315
1041
63365
4906
1032
1049
4036
1046
3626
2481
1729
4036
1576
1118
1039
1317
3180
1494
5796
92145
1063
79888
1576
1118
1039
6354
2405
8076
17684
1319
1107
48315
1577
3870
3180
5796
92145
1044
1729
2534
1409
3107
1102
1505
4036
1925
1307
2424
1046
4493
1032
1049
4036
1338
34976
1032
1050
1338
33703
1278
4127
9985
1650
1317
4036
17597
2516
1455
1278
93710
11006
1261
15527
4595
1279
92145
1044
1809
1729
1584
8807
1317
4036
17597
1455
8076
6245
9997
2187
1063
3501
1044
21065
4938
2767
41869
1108
7641
9997
2187
1044
5266
1584
1651
93710
1338
34976
1362
4525
35467
1278
6878
4832
1394
1429
7719
1118
1102
1897
1050
1395
1032
1050
1046
1531
2158
6852
2351
1049
1395
6906
1261
27223
1294
1278
4127
10674
1319
87088
2127
13650
1429
7719
1118
1102
1897
1049
1063
1809
1409
1061
1049
2168
1402
6836
3310
4362
1050
1044
1605
1032
1049
1577
3247
13162
2127
13650
1429
7719
1118
1102
1897
1050
2351
1032
1050
1321
1278
2158
1395
1261
9441
4595
9504
3880
1562
3866
2688
1046
9748
1729
4016
2764
1747
9458
1044
1729
4139
2534
1317
4848
1032
1050
1394
1455
4292
1044
1321
10789
1278
2688
43007
2342
11500
1925
1307
2424
1063
3626
1278
3330
24215
7867
1278
4206
2254
1454
2960
90747
1046
3367
1729
1850
1032
1050
1044
1278
2158
6852
2084
7195
1044
1321
1278
4206
2254
2084
14761
20628
1292
4507
1046
1531
3330
2639
1429
12107
1747
1278
9458
2613
4493
1729
4016
2764
2960
1046
5646
1681
16501
1046
17048
1729
1710
3180
1278
2254
1850
1032
1049
1394
1429
7719
1118
1102
1897
1050
1321
2095
1032
1050
1063
16501
1338
28191
1033
17048
1278
2254
21734
1395
2365
17936
12740
20762
3134
12109
3791
1279
1629
73037
3848
1058
2011
1044
1409
1058
1935
1041
1321
1278
2688
13193
4206
45525
17936
12740
20762
3134
12109
3791
1279
1629
73037
1577
1531
4206
2254
1934
90747
1046
3367
1729
5687
1278
2254
2516
1455
1494
10721
1032
1049
1394
1429
7719
1118
1102
1897
1050
1044
2430
1278
2667
6852
2084
7195
1046
3626
13162
1278
2667
6852
1395
7442
1394
1261
2801
3310
1455
1486
11692
93804
1063
9246
1681
20189
1278
18451
1058
1429
7719
1118
1102
1034
1321
1429
7719
1118
1102
3871
49986
1046
25298
1494
1402
1455
1278
2667
6852
1395
1429
7719
1118
1102
1897
1032
1050
2351
1032
1050
1809
13162
1278
2254
1395
15654
1317
1850
1032
1049
1394
2269
2147
5972
1063
9246
1681
3346
1278
7481
2688
5443
4950
2790
2100
2640
1293
2569
31054
2688
5443
1010
1293
6852
15605
1796
1501
1897
1032
1049
1041
2351
1032
1049
1010
1293
6852
15605
1796
1662
1897
1032
1049
1041
2351
1032
1049
1010
1293
6852
15605
1796
44857
1897
1032
1049
1041
2351
1032
1048
1010
1293
6852
15605
1796
7719
1118
1102
1897
1032
1050
1041
2351
1032
1049
1010
1293
6852
15605
1796
1107
7064
1897
1032
1049
1041
2351
1032
1049
1010
1293
6852
15605
1796
1097
23558
1897
1032
1050
1041
2351
1032
1048
1010
1293
6852
15605
1796
7719
1118
1102
1897
1032
1050
1041
2351
1032
1050
1010
1293
6852
15605
1796
1107
6174
3002
1897
1032
1049
1041
2351
1032
1049
1010
1293
6852
15605
1796
17498
17498
17498
1897
1032
1050
1041
2351
1032
1048
1010
1293
6852
15605
1796
1401
1401
1401
1897
1032
1051
1041
2351
1032
1051
1010
2731
33703
1278
2667
6852
1395
1261
28767
1455
1486
11715
1317
1402
4433
2849
1044
1809
1729
6560
4036
1494
1046
1656
3325
19466
15232
15048
1044
10463
2156
1584
28767
9458
1505
1278
2879
2688
10249
15449
1454
2879
6878
2632
1046
9380
2127
1584
2801
1046
25298
1494
1402
1455
1278
2254
2715
1850
1032
1049
1394
1429
7719
1118
1102
1897
1050
1044
1321
1278
2667
6852
1395
7442
10418
1261
2801
2254
1063
3501
1338
61598
1729
5711
2633
1278
8953
3607
1058
1429
83862
1265
2203
1409
9997
2187
2516
1455
1278
4556
1307
1278
2782
1307
10679
5266
5074
1317
3884
2744
93710
2203
1261
15527
4595
1279
92145
1395
80884
2613
17048
1729
1584
8807
1317
4036
17597
1294
1278
4618
3310
1265
1044
1321
2430
21065
1278
13330
3310
1063
3626
1278
6360
8223
1429
4845
1307
1278
2782
1307
10679
5266
5074
1317
3884
2744
93710
2203
1261
15527
4595
1279
92145
3871
5646
12551
1729
24002
5266
1651
93710
22272
1044
1809
5266
4139
30079
1693
1729
4036
1261
4145
1455
31319
1317
2295
9997
2187
1063
3626
21065
4938
2767
41869
1108
7641
1044
1878
2744
4145
31319
1317
10693
1925
93710
1046
4493
5266
1584
9353
1338
36296
1278
3918
7245
1044
13162
1729
1710
5687
1278
2254
1455
10721
1278
6298
4832
5138
1317
2948
9705
1044
1321
1693
1278
9458
1736
1261
15016
1044
12494
1278
2663
2084
2342
15013
1278
2158
36519
1063
3626
1278
3330
2084
3160
4206
45525
17936
12740
20762
3134
12109
3791
1279
1629
73037
1041
1321
3219
57500
3880
1046
2837
2534
1317
4848
3475
1455
22405
1747
90747
1435
8360
1046
25298
1729
3180
1278
2254
1850
1032
1049
1394
1429
7719
1118
1102
1897
1050
1321
2095
25217
1850
1032
1050
1394
1278
2879
4292
1063
120863
1338
33703
1729
1710
2176
1269
1536
6187
1278
2254
1850
1261
2632
1455
51766
2960
1063
3501
1338
12598
1681
1344
11568
3288
1278
4127
1058
17048
1429
83862
1265
2203
1409
9997
2187
1034
4938
1729
1710
47962
2174
1278
11084
1063
3501
1044
21065
7754
4938
89045
9997
2187
1455
6432
1278
3310
1294
3542
1338
33703
1278
12270
1307
15527
4595
1279
92145
9985
1266
1061
1048
1063
3501
1044
1032
1049
9120
1266
1534
9027
1338
33703
1729
1710
4036
17597
1317
3180
1261
93710
1261
15527
4595
1279
92145
1044
1809
1278
5266
4014
1395
1278
2782
1307
12197
2478
1278
4618
4145
41320
1562
1278
1875
4145
1046
25298
1494
1402
1455
1729
1584
8807
1317
4036
1261
4145
1317
2258
10679
1044
1321
1729
2933
1317
33945
3788
5266
5669
1747
9997
2187
1044
1809
1729
1710
2095
4036
1261
4145
1455
1395
1513
1278
17586
1063
3501
1338
36296
1278
2142
1044
12494
1729
2715
5687
1278
43544
1435
1729
9543
1044
1799
10177
1032
1050
1394
1429
7719
1118
1102
1897
1050
1046
6830
1278
2158
6852
2084
7195
1046
3626
13162
1278
3330
3214
1261
27223
1321
1278
7293
2688
64629
1032
1050
1046
13551
2516
7638
1736
1278
2667
6852
1435
1278
6298
1925
1044
1321
1278
2158
1395
1261
96948
1046
1362
7534
14649
1278
13650
4832
1394
1429
7719
1118
1102
1897
1050
1395
1032
1050
1046
3626
1317
1402
12663
1044
1362
7534
4206
2147
2688
5443
1394
2258
50427
1338
12598
1681
2688
1429
1107
7064
1897
1049
4906
2948
3475
10177
1032
1049
1319
117825
3310
4362
1049
1577
5913
1338
1034
1097
23558
1897
1050
4906
1032
1048
1046
5913
1338
1034
1107
6174
3002
1897
1049
4906
1032
1049
1046
5913
1338
1034
17498
17498
17498
1897
1050
4906
1032
1048
1046
5913
1338
1034
1401
1401
1401
1897
1051
4906
1032
1051
1046
5913
1338
1034
1501
1897
1049
4906
1032
1049
1046
5913
1338
1034
1662
1897
1049
4906
1032
1049
1046
5913
1338
1034
44857
1897
1049
4906
1032
1048
1046
5913
1338
12082
1278
2730
2688
5443
1058
17183
18451
1454
1409
1061
1049
1048
1048
1044
6878
1032
1057
1053
1044
1032
1057
1055
1044
1032
1049
1048
1048
1046
2837
1710
3352
1317
3219
1693
2948
43544
2168
9470
3385
8091
1044
1809
1494
1681
5132
23898
1338
33703
1729
1710
10533
7418
1261
3709
8466
68093
1063
5500
4171
1338
36296
1278
60125
1044
1362
7534
5687
1278
2254
1454
1278
43544
4362
22028
1435
5055
1044
1799
28248
1032
1050
1394
1429
7719
1118
1102
1897
1050
1046
6830
1278
2158
6852
2084
7195
1046
3626
13162
1278
3330
1681
2688
6093
2342
11500
1278
90747
1455
1584
1605
35523
1063
3501
1044
2127
1584
1747
1457
24083
1286
1338
28191
1044
13162
1278
4206
2254
1395
5662
1536
1278
3330
1044
1321
1729
1584
1317
5687
1278
2254
1044
1321
2430
2127
2084
3160
4206
45525
17936
12740
20762
3134
12109
3791
1279
1629
73037
1577
3367
2948
11708
10721
1032
1050
1394
1429
7719
1118
1102
1897
1050
1044
1278
4206
2084
7195
1408
1278
2158
6852
1046
3626
1278
3330
2639
1429
24151
16424
70914
84674
14671
48761
1083
2613
4493
1729
4016
2764
1747
90747
1294
1278
4206
2254
1046
2409
1395
1261
48506
1338
61598
1729
1710
7926
1278
4127
2516
1455
1278
21065
1710
1736
9997
2187
1307
5592
1032
1049
1044
1321
1261
5592
1045
1049
93710
1395
6090
1261
15527
4595
1279
92145
1063
3626
8953
3607
8223
5592
9218
1050
1046
4493
1836
1338
33703
1278
12270
1307
15527
4595
1279
92145
9985
1266
2516
1455
1032
1049
9120
1266
9120
9027
1063
3626
8953
3607
8223
1032
1049
9120
1266
1534
9027
1338
33703
1429
84340
26524
1455
1736
1278
2879
81793
1536
1266
9301
1261
5796
92145
2613
2481
4204
1729
4069
1747
26524
1455
1736
1278
2879
81793
1319
1105
4185
3109
1729
8427
1925
31645
1574
1321
1455
3310
1395
1261
5796
92145
1044
1809
1729
2607
2405
4771
1747
25380
1317
1402
5796
1629
73037
1046
9246
1681
2688
1593
19190
1408
1429
7719
1118
1102
1897
1050
1338
5475
2342
1925
31645
1845
7560
1317
1402
1261
5796
92145
1044
2430
1394
1261
93710
1729
1710
12729
1266
1321
1261
31645
1382
2516
1455
1278
9305
1733
1307
11084
1513
12197
1623
1454
1623
2545
1266
2351
1382
1395
1261
5796
92145
1046
9093
31645
10130
1710
1402
7211
1046
6830
1729
2933
1317
33945
5266
1317
3180
1513
4403
1925
31645
1845
1261
5796
92145
1046
3626
1729
2095
1736
1317
4036
11084
1294
1278
93710
1059
14022
1261
4145
4139
8076
6245
31645
10130
1693
1494
10249
1294
6245
1063
11796
4145
10249
1294
10693
1925
31645
1845
1394
1261
4265
1266
1046
4493
1729
1710
6468
1408
6187
1925
31645
1845
1261
5796
92145
1044
1321
1729
2607
2405
3831
2314
6218
1046
3886
1044
1278
93710
4016
6127
1261
15527
4595
1279
92145
1044
1799
10867
15090
1307
2269
1266
2516
1455
1429
84340
26524
1455
1736
1278
2879
81793
1536
1266
9301
1261
5796
92145
2613
3367
1729
2342
2534
1925
31645
1845
1317
1402
5796
92145
1044
2430
1278
6570
1395
29107
1046
3626
3120
1278
24528
1429
84340
26524
1455
1736
1278
2879
81793
1536
1266
9301
1261
5796
92145
2613
41032
1729
4069
1278
26524
1455
1736
1278
2879
81793
1319
1105
4185
3109
1729
3204
2424
1574
1321
1455
7563
3310
1395
1261
5796
92145
1046
2157
6354
2405
4150
1429
2975
1747
25380
3871
1656
6967
7278
1044
1429
84340
26524
1455
1736
1278
2879
81793
1536
1266
9301
1261
5796
92145
2613
2481
4204
1058
1693
1636
4069
1278
2016
1307
26524
1455
9730
1278
2879
81793
1044
1278
9903
3310
1395
1261
5796
92145
1046
3626
1799
2016
1063
26243
1494
4938
1058
3369
1278
26524
81793
1266
1059
2156
12123
1261
31645
1845
2516
1455
1278
11084
1513
3385
26524
2071
1261
5796
92145
1046
3626
1494
1681
61103
1338
12598
1681
2688
1593
11559
19190
1408
1278
11277
1058
1429
1332
26094
1332
1034
5592
1054
1046
3367
1729
2342
2534
1925
31645
1845
1317
1402
5796
92145
1044
2430
1266
1061
1050
10177
25380
1032
1048
1044
1050
1044
1052
4906
1576
1097
7661
1098
7661
1097
1039
5796
92145
1044
1878
6570
29107
1046
1266
1061
1049
10177
6836
3310
1605
5796
92145
1044
1809
1729
2586
2534
15090
1307
2269
1266
1321
2269
31645
1046
4493
1429
1332
26094
1332
1034
2168
3637
1402
15527
4595
1279
92145
1046
1429
1401
1401
1034
5592
1052
1266
1061
1050
25380
1058
1032
1048
1044
1050
4906
1576
1097
7661
1097
1039
5796
92145
1059
1032
1049
1044
1051
4906
1576
1098
7661
1098
1039
5796
92145
1046
4493
5913
1046
1429
17498
1034
5592
1050
1266
1061
1049
31645
6836
3310
5796
92145
1046
1429
4278
1034
5592
1051
1266
1061
1049
6836
3310
5796
92145
1046
4493
11277
3637
5864
1338
13382
11568
13989
1058
1429
1097
1034
5592
1060
1050
1046
1429
1401
1034
5592
1050
1266
1061
1049
2342
31645
6836
3310
1429
1401
1034
1605
5796
92145
1046
4493
1605
15527
4595
1279
92145
1046
1429
1401
3173
1034
5592
1052
1046
1266
1061
1049
1058
1429
1401
3173
1034
1605
5796
92145
1046
1266
1061
1050
1058
25380
1058
1032
1048
1044
1050
4906
1576
1097
7661
1099
1039
1605
5796
92145
1059
1032
1049
1044
1051
4906
1576
1098
7661
1097
1039
1605
5796
92145
1046
4493
1605
1046
4493
2767
11568
13989
3637
5864
2425
1593
54532
6570
1338
12082
2425
1593
54532
6570
1044
2549
1395
1278
4362
1317
3180
1261
93710
1261
15527
4595
1279
92145
1063
2837
2534
1317
2365
5266
2516
1455
2156
12123
1266
1319
1049
28944
1100
1060
1076
1044
1424
52071
3107
1048
1041
1321
1261
31645
1382
1319
1048
28944
1114
1060
1100
1041
2516
1455
1278
9305
1733
1307
11084
1513
26524
1623
1454
1623
2545
1266
2351
1382
1319
1259
3542
1041
1395
1261
5796
92145
1046
2837
1710
4036
11084
89533
1046
2898
1261
4265
1266
1321
1382
1044
1278
4362
1395
1278
11835
5266
1317
3180
1455
4811
31645
1845
1261
5796
92145
1046
9093
31645
10130
1729
1710
9288
1435
1395
1319
1270
1729
4139
2534
1317
4036
2424
1063
1531
12270
2342
10867
15090
1307
2269
1266
2516
1455
8198
26524
1454
2879
81793
9301
1261
5796
92145
1046
2157
6354
2405
4150
1729
4016
3180
1278
6836
93710
1261
15527
4595
1279
92145
1536
14022
1747
11084
1059
1729
2586
2534
1317
4036
2269
11084
1878
1455
1278
6570
18751
1046
3626
1729
1584
14022
11084
1294
1278
93710
1059
1729
1710
12729
1799
11084
1317
4036
1046
1531
19629
5266
2168
1402
2365
2136
1266
1321
1382
1307
1278
4362
1317
3180
1455
31645
1845
1261
5796
92145
1046
3886
1044
1729
4139
2095
2534
1317
11811
1455
1278
14173
1266
1321
1382
1584
5746
1319
1105
4185
3109
1278
31645
1845
1934
5592
1513
4403
1032
1050
1063
1531
12270
1307
15527
4595
1279
92145
10867
5592
9218
1050
1044
1809
1278
31645
1845
2481
1402
5592
1032
1049
1063
3367
1261
31645
1845
1934
5592
1032
1049
1044
1494
1681
1560
1354
4003
1261
5796
92145
1046
3626
1278
9698
93710
5592
4016
1402
9218
1050
1046
4493
1693
1729
1736
1261
31645
1845
1307
5592
1032
1049
1044
1455
2168
34301
1278
6570
1063
3626
1278
12270
8223
1058
1429
1065
3310
1395
1261
15527
4595
1279
92145
1693
1058
1462
2157
1934
5592
9218
1032
1050
1044
12164
1462
3730
12123
1261
6818
15748
1266
2516
1455
1032
1049
9120
1266
1534
9027
1321
9027
2545
1266
2351
1032
1048
1044
12164
1462
54368
26524
1455
1736
1278
2879
81793
1536
1266
9301
1261
5796
92145
2613
2157
6354
2405
22077
1455
1278
31645
1845
4016
1736
5592
9218
1050
1046
3367
1261
31645
1845
1934
5592
1032
1049
1044
1494
1681
1261
5796
92145
1046
3626
2430
2258
3310
2481
1402
3214
15527
4595
1279
92145
1536
34639
1266
1376
9027
1045
1049
1063
9246
1681
4206
1058
1693
1424
1061
1051
1044
1266
1061
1050
1063
1032
1051
1037
1050
3942
1048
1046
1266
4016
30255
1424
1046
2898
1424
1061
1052
1044
1266
1061
1050
10177
25380
1307
5592
1032
1050
2744
1046
2898
1424
1061
1053
1044
1266
1061
1049
2342
31645
5592
1053
1046
2898
1424
1061
1054
1044
1266
1061
1051
10177
25380
1307
5592
1032
1050
2744
1046
4493
31645
10130
1736
5592
1424
6406
1046
9748
1266
1534
1424
1321
1266
85471
1424
1044
1424
6406
9218
1050
1046
4493
2744
31645
1845
1934
5592
1513
4403
1032
1050
1046
4493
1455
1681
7771
1338
34976
2425
1593
19190
1044
4362
1394
1261
93710
1395
2365
2136
5746
1266
1321
1382
1307
4362
1317
3180
1455
31645
1845
1261
5796
92145
1046
3060
1729
1710
4036
11084
2342
1294
1455
31645
1845
1063
3626
1729
1584
14022
11084
1294
1278
93710
1059
1729
1710
4036
2258
11084
1046
1531
19629
5266
1317
3180
1455
31645
1845
1261
5796
92145
1395
2586
1278
2782
1307
26133
46763
17684
1294
1455
1845
1046
9093
31645
10130
1729
2607
2405
2534
1317
4036
1046
4493
1278
4362
1394
1261
93710
2168
1402
2365
1746
1100
1044
1382
1125
1319
1109
2578
46763
17684
1294
1845
1382
1577
2409
2481
1402
1032
1048
1693
2156
1395
5314
1261
31645
1845
1455
1395
1261
5796
92145
1046
9246
1681
2688
1593
1408
1429
7719
1118
1102
1034
9997
2187
1338
1115
1622
7719
1118
1102
3871
7672
72344
2100
12618
1050
1877
1045
1429
1978
2811
1266
1061
1049
2342
1044
31645
1845
6836
1429
1978
3871
5500
5796
92145
1046
4362
1032
1049
1626
1045
1429
1552
2811
4362
1049
1626
1045
1429
51188
2811
4362
1049
1626
1045
1429
1118
1102
2811
4362
1049
1338
12618
1051
1877
1045
1429
7719
2811
1266
1061
1049
2342
1044
4362
1317
3180
1429
7719
1034
5796
92145
1058
17684
1319
1108
29874
1041
63365
4906
4362
1049
1046
4493
4362
1049
1626
1045
1429
1552
1118
2811
4362
1049
1319
1105
8070
1330
63365
4342
1045
1429
51188
1102
2811
4362
1049
1319
1107
8070
1284
63365
2519
12618
1052
1877
1045
1429
7719
1118
2811
1266
7791
1032
1049
1044
1050
1626
1256
1266
1061
1049
1058
6836
1429
7719
1118
1034
4362
1317
3180
5796
92145
1058
17684
1319
1108
42129
1041
63365
1044
1319
1105
29874
1041
63365
4906
4362
1050
1626
1256
1266
1061
1050
1058
25380
1058
1845
1048
26524
1032
1048
1044
1050
4906
1576
1108
7661
1107
1039
63365
4906
4362
1049
1317
3180
5796
92145
1046
1845
1049
26524
1032
1049
1044
1051
4906
1576
1105
7661
1118
1039
63365
4906
4362
1049
1046
3626
1729
2342
2534
1925
31645
1845
1317
1402
5796
92145
1046
4493
1729
1710
12729
1845
1048
1321
4036
1576
1108
1039
1505
1576
1107
1039
1317
3180
1494
5796
92145
1044
4362
1049
1046
4493
2365
4362
1049
1626
1045
1429
1552
1118
1102
2811
1266
1061
1050
1058
1845
1048
1576
1105
7661
1118
1039
63365
4362
1049
1059
1845
1049
1576
1107
7661
1102
1039
63365
4362
1049
1046
4493
2365
4362
1049
1338
12618
1053
6836
1058
1266
1061
1049
2342
1044
4362
1050
1338
12082
21065
1429
7719
1118
1102
1034
2203
1032
1050
8262
1046
37053
36378
2100
1049
1041
1429
1978
1034
1319
63108
1049
1041
1867
1429
51188
1102
1034
1319
63108
1049
1041
3788
1032
1050
1626
1050
1041
1429
7719
1034
1319
63108
1049
1041
1867
1429
1118
1102
1034
1319
63108
1049
1041
3788
1032
1050
1626
1051
1041
1429
7719
1118
1034
1319
63108
1049
1041
1867
1429
1102
1034
20520
1319
13418
1049
4342
1052
1041
1429
1978
1034
1867
1429
51188
1102
1034
6704
1338
3890
2549
2314
21065
1429
7719
1118
1034
1321
1429
1102
69235
20520
1338
7493
2314
21065
1429
1978
1034
1321
1429
51188
1102
69235
12953
4362
1049
4906
1032
1050
1338
3890
13162
1729
1710
21065
1435
1429
1108
1034
1321
1429
1552
1118
1102
69235
20520
5592
1049
1338
7493
2314
21065
1429
7719
1034
1321
1429
1118
1102
69235
1032
1050
1338
8032
3637
2365
3788
1032
1050
1338
3890
7377
1044
2549
2314
21065
1429
1978
1034
1321
1429
51188
1102
1034
1809
1729
1710
4036
17597
2516
1455
1925
1805
12889
1032
1048
1321
1278
2147
12889
1032
1049
1063
3316
2156
1261
93710
1454
4362
1032
1048
2425
1593
1875
19190
1063
9246
1681
4206
1693
2258
93710
5314
1934
1261
31645
1845
5796
92145
1338
1034
7719
1118
1102
1034
9997
2187
1877
1045
1429
1978
2811
1266
1061
1049
2342
1044
6836
1605
5796
92145
4906
4362
1049
1626
1045
1429
1552
2811
4362
1049
1626
1045
1429
51188
2811
4362
1049
1626
1045
1429
1118
1102
2811
4362
1049
1626
1045
1429
7719
2811
1266
1061
1049
4362
1049
1626
1045
1429
1552
1118
2811
4362
1049
1626
1045
1429
51188
1102
2811
4362
1049
1626
1045
1429
7719
1118
2811
1266
1061
1050
1845
1048
1576
1108
7661
1107
1039
1605
5796
92145
1044
1809
1729
1710
4036
1925
1317
3180
1494
5796
92145
4362
1049
1046
3626
1395
2156
5314
1261
5796
92145
31645
1845
1063
3501
1044
2960
10130
1736
26133
46763
17684
1046
4493
4362
1049
1626
1045
1429
1552
1118
1102
2811
28541
4362
1049
1626
1045
6836
1058
4362
1050
1338
8032
1836
4362
1048
93710
1046
4493
3788
2365
5266
3637
1032
1050
1338
34976
3199
1454
54532
19190
1044
1429
7719
1118
1102
1897
1050
2365
5266
1395
1032
1050
1046
4493
1278
2158
6852
2351
1049
3637
16501
1338
33703
1278
21065
1710
1736
9997
2187
1455
1584
1605
20594
89045
1063
1429
83862
1265
2203
1409
9997
2187
1034
7754
4938
89045
1046
3367
2767
8046
55568
1044
1494
2168
1402
1261
2801
4127
1338
36296
1278
53527
5316
1044
1362
23808
1278
2688
3323
1934
1261
96948
1044
1321
1278
13650
6852
1394
1429
7719
1118
1102
1897
1050
1395
2351
1050
1046
1362
7534
5687
1278
2254
1455
10721
1032
1050
1394
1455
2937
1046
1531
3330
4139
1736
41858
1278
4206
2254
1562
1261
5211
2478
1278
2667
6852
1395
1278
6298
1925
1044
1321
1278
2158
1486
59012
3979
1046
3626
2127
2639
1429
24151
16424
70914
84674
14671
48761
1083
2613
3367
1362
4848
3475
1455
10721
1032
1050
1044
1278
2158
6852
2084
7195
1044
1321
1278
4206
2254
2084
14761
20628
1292
4507
1046
1531
3330
2084
3219
1455
1321
4139
72133
1046
3626
13162
2127
4209
1650
1317
15803
1278
15016
1321
4237
1063
3626
1278
6255
1395
1317
5687
1321
2764
1747
9458
1046
1362
2534
1317
16859
1338
12598
1681
1344
41412
1278
3330
1681
5117
1058
1429
16994
4607
6983
9700
1278
9458
1046
9380
1681
1278
3880
1058
6421
20628
1292
4507
6421
3870
75956
1419
1044
1593
1395
2143
6255
1058
18228
1278
3629
2254
21734
1321
8953
3607
1044
10886
5687
1278
2254
5055
1321
2764
1747
1278
9458
1046
1603
24151
16424
70914
84674
14671
48761
1083
11621
3213
2715
30711
1278
3475
1636
13330
1294
1261
1335
107485
3475
4950
1319
3038
44642
1041
1319
43880
2084
80858
1278
4618
7389
1041
4410
14875
5662
1278
4206
2254
1454
3385
90747
1046
4159
2933
1650
1317
4848
1278
2254
11708
1046
4159
4814
2405
4150
1278
9458
1584
6298
1059
2127
2586
2639
2764
1747
1278
9458
1046
3367
1278
9458
1736
1261
60125
1044
13162
1729
1710
3180
1278
2254
1850
1261
2632
1455
51766
2960
1063
3501
1338
33703
1729
1710
3180
1278
2254
1850
1032
1049
1394
1429
7719
1118
1102
1897
1050
1536
2269
57537
19190
1455
2095
51766
1278
2667
6852
1063
16501
1338
33703
1278
2667
6852
1395
7442
1394
1261
2801
3310
1044
1809
1494
1681
8360
1435
1429
7719
1118
1102
1897
1032
1050
1046
25298
1494
1402
1455
1278
2667
6852
1395
1429
7719
1118
1102
1897
1032
1050
2351
1032
1050
1809
1278
2254
1395
15654
1317
1850
1032
1049
1044
1321
1278
2688
1395
8462
1063
2837
1710
2405
4036
1494
1338
61598
1729
1710
4848
1278
2254
1321
2430
1278
3330
2084
3160
4206
1044
1321
1693
1494
24372
1044
2127
7534
23067
1278
96948
1046
3626
2948
6854
1395
1317
9470
3475
1455
22405
1278
9458
1435
4265
1046
1362
7534
14649
1278
2667
6852
1395
1278
13650
1925
1044
1321
1278
2158
1395
1261
27223
1046
13551
9495
12183
1394
4510
7638
1736
1429
7719
1118
1102
1897
1050
2351
1032
1050
1046
1362
7534
5687
1278
43544
1435
9543
1044
1799
28248
1032
1050
1338
3890
7377
1044
2156
1395
2095
1278
2730
2688
5443
1046
2837
2534
1317
11811
2948
11708
22405
3385
1046
9246
1681
3352
1317
5972
2314
1278
2730
9458
1046
1531
2730
9458
1584
17183
18451
1454
1409
1061
1049
1048
1048
1044
6878
1032
1057
1053
1044
1032
1057
1055
1044
1032
1049
1048
1048
1046
9966
43544
4139
1402
6298
1338
3890
1729
4016
2095
3369
1455
1278
43544
3468
4139
1402
4329
1058
1308
2015
1317
1032
1050
1048
1048
1044
1409
2015
1317
1032
1049
1048
1048
1046
9966
43544
1535
4990
1094
1050
1364
1409
1041
1454
4362
1750
1730
21568
1535
4990
1094
1050
1364
1424
1364
1266
1041
13162
24489
1046
1308
1061
1050
1048
1048
1044
1308
1094
1050
1061
1052
1048
1048
1048
1048
1044
1409
1061
1049
1048
1048
1044
3788
8164
1032
1052
1101
1054
1044
39802
13162
21613
1294
17616
1693
38364
1046
3626
1729
2534
1317
1402
25052
1454
2142
1046
3886
1044
1278
2688
5443
1584
3160
26296
1044
1321
1729
2586
2534
1317
2764
1046
2837
1710
44611
4362
1750
1730
21568
1338
3890
2158
1044
2878
1681
5558
40172
1278
4362
22028
1394
15527
4595
1279
92145
1046
2837
7534
5687
4362
3134
12109
4039
1041
1435
5055
1338
12082
1044
2314
1278
61345
90747
1058
1362
7534
4848
1278
3475
1454
1278
43544
1455
10721
1032
1050
1394
1429
7719
1118
1102
1897
1050
1046
3367
1278
3330
11500
1278
4206
1044
1494
2084
7195
1408
1278
2158
6852
1046
3626
13162
1278
3330
1681
2688
6093
2342
11500
1278
90747
1455
1584
1605
28767
1063
1362
2607
2405
2840
1338
82053
1044
13162
1729
1710
3180
1278
2254
1850
1032
1049
1394
1429
7719
1118
1102
1897
1050
1536
70900
1278
4127
30816
1058
12494
1729
1584
8807
1317
4036
17597
49380
5669
1278
6836
3310
3066
83718
1063
3626
1278
6360
8223
1429
83862
1265
2203
1409
9997
2187
2516
1455
1278
4556
1307
1278
2782
1307
10679
5266
5074
1317
3884
2744
93710
2203
1261
15527
4595
1279
92145
1395
80884
2613
2409
2481
1402
27539
1435
1058
1729
4036
2269
17597
1294
1265
1319
28366
4036
24875
5785
1574
1321
2430
1729
21065
1278
13330
1265
2203
1409
9997
2187
1044
1321
2744
93710
4016
1402
1261
15527
4595
1279
92145
1046
1531
3788
5266
1395
1278
2782
1307
12197
1729
8533
1294
1265
1046
5646
1395
1261
2801
4127
1058
1729
22347
1278
4618
3310
1265
1044
2430
21065
1494
1046
1531
5266
1584
35509
5785
1651
4145
8533
1044
23973
1307
2606
3325
9997
2187
1494
10249
1294
1063
3626
21065
4938
2767
41869
1108
7641
9997
2187
24879
1265
1044
1878
2744
4145
31319
1317
10693
1925
93710
1046
4493
14022
1261
4145
5266
1494
1394
1455
93710
1046
4493
1494
1681
1278
2879
1435
1651
31574
3607
5266
1338
3890
13162
1729
1710
4036
1261
4145
1317
3508
6245
9997
2187
1063
3501
1044
2767
41869
1108
7641
1338
36296
1278
2142
1044
1362
7534
15100
1454
1278
11708
1455
1362
8902
1395
6298
5138
1317
1278
8953
3607
1321
11277
1044
1321
10789
1278
2688
70385
1395
1261
96948
1046
1362
7534
4626
1278
3475
1338
12598
1681
7418
1278
2778
3475
1338
4268
2534
1317
5687
2365
17936
12740
20762
3134
12109
3791
1279
1629
73037
3848
1044
1409
1041
1321
2430
1278
4206
2254
2084
1402
3160
82345
1046
2837
2586
5234
1278
2254
1338
1073
7534
30711
1294
44642
29896
44642
1338
80749
9576
2100
1045
1308
1376
9027
3848
1456
1045
6438
96078
4362
3755
5371
1106
1093
1394
1747
1032
1048
9120
1623
1534
1475
9120
1308
1044
1475
18321
9218
1032
1050
1626
1045
4362
3134
12109
4039
3640
1256
1424
1376
9027
4039
1456
1256
3560
1376
128748
1010
1256
1394
1266
1294
1032
1049
1791
1076
1045
1049
1877
3539
1693
1424
2545
1266
2351
1032
1048
1877
6367
3788
1376
1032
1048
1010
6367
1394
1382
1294
1032
1048
1791
1100
1045
1049
1877
8082
3204
1376
1766
1116
3755
1093
1394
1623
1294
4521
9585
1044
1424
1044
1266
17572
8082
1283
1376
9027
61485
1456
8082
2569
4014
26133
46763
17684
1010
8082
17684
1376
1032
1048
1010
8082
1394
25294
1294
4521
5239
1895
1032
1050
3640
14514
1693
3204
45721
1093
3942
3204
52468
1045
1049
1045
26881
30689
18972
17684
5773
1032
1049
1010
8082
3788
5773
17684
1010
6367
3560
1376
2365
9297
1372
1044
3788
1456
1256
1850
3560
1267
1045
34044
3755
5371
1112
1093
1435
5055
1338
31173
5443
1058
1693
1409
3006
1308
1555
1050
1044
1809
22855
4150
1032
1049
9120
1409
9120
9027
3848
12982
1050
1338
12082
1044
2688
1454
4265
11277
68093
1729
5314
2697
1338
12598
1681
3475
1494
1338
63026
3427
27636
1058
4362
1750
1730
21568
1710
1402
5595
5785
1338
12082
1044
2314
1278
2730
2688
5443
1058
2127
1736
1308
2015
1317
13162
1032
1050
1048
1048
1063
1531
18451
1294
2730
9458
1584
5592
1063
9246
1681
4014
1058
1429
112124
1292
1122
1643
2032
88148
1106
2263
1111
2077
1119
2649
12503
1113
110302
1305
1121
2548
2397
1553
1108
20098
1098
2867
1118
25162
1392
1643
18170
32064
17186
5551
9427
1351
72770
1552
1366
1099
1106
9821
59220
1113
52915
13731
1120
29492
56213
1649
1120
1107
5891
1107
1357
1413
1100
1900
1103
15894
1118
1107
1497
1341
2428
1120
5470
7186
2111
20994
1119
1539
6850
1104
1103
6519
1102
19182
1262
1120
1393
3741
1113
1107
1112
28384
1100
5714
13552
1763
3002
123033
2867
1108
8383
3752
3326
1098
1119
2428
1118
7756
22075
6411
1107
3096
1120
1112
1298
1331
23704
86779
1034
5592
1063
62178
3879
1032
1050
1048
1048
1046
1409
1061
1049
1048
1048
1046
9966
43544
1535
4990
1094
1050
1364
1409
1041
1454
1308
1061
1050
1048
1048
1044
1409
1061
1049
1048
1048
1395
1032
1052
1101
1054
8164
1044
39802
13162
1261
4517
16903
1044
7771
1294
17616
1338
3890
1729
4016
11811
34044
48639
1321
35341
1584
6298
1338
12598
1681
19564
1278
3475
2100
1975
29896
1010
3149
2365
17936
12740
20762
3134
12109
3791
1279
1629
73037
3848
1058
2011
1044
1409
1058
1935
1041
4906
1935
1877
1293
1308
1376
9027
3848
1456
1293
128748
1376
1032
1049
1048
1438
1057
1010
1260
1010
1293
2569
4362
3755
5371
1106
1093
1376
2365
5266
1394
1265
3755
1058
1106
1093
1317
1402
15527
4595
1279
92145
1044
1475
30938
1044
5592
9218
1050
1010
1293
4362
1376
16871
3174
1070
1093
1364
1319
1110
1867
1032
1049
1041
1394
1957
1294
4521
4990
17572
1260
1010
1293
2121
4362
3134
12109
4039
3640
1369
1424
1376
9027
4039
1456
1369
1693
1424
1534
1032
1050
1877
1463
1850
128748
1010
1369
3560
1376
128748
1010
1369
1394
1266
1294
4521
1040
1049
1044
1424
3640
1463
1693
1424
2545
1266
2351
1032
1048
1877
1694
3788
1376
1032
1048
1010
1694
1394
1382
1294
4521
5252
3640
2006
3204
1376
1766
1116
3755
1093
1394
1623
1294
4521
9585
1044
1424
1044
1266
17572
2006
1283
1376
9027
61485
1456
2006
17684
1376
1032
1048
1010
2006
1394
25294
1294
4521
5239
1895
1032
1050
3640
2528
1693
3204
45721
1093
3942
3204
52468
1462
1032
1049
1462
25294
30689
3589
17684
5773
1032
1049
1010
2006
3788
5773
17684
1010
1694
1693
3788
1534
3560
1877
2006
3560
1376
3788
1010
1369
1850
3560
1010
1260
1010
1293
1394
1623
1294
4521
4990
3640
1369
1394
1475
1294
4521
6534
1867
1032
1050
1044
1308
1867
1032
1049
3640
1463
1257
1376
1265
3755
1058
1106
2820
1463
4362
3755
5371
1106
1093
1376
4362
3134
12109
4039
1456
1260
1010
1293
2569
34044
3755
5371
1112
1093
1376
2365
5266
1317
21065
23832
1307
5592
1623
2203
1274
8262
1010
1293
34044
1376
16871
3174
1070
1093
1364
1319
1107
1867
1032
1049
1041
1394
1957
1294
4521
4990
1867
1032
1049
17572
1293
34044
1091
1048
5371
1048
1093
1376
1032
1048
1010
1260
1010
1293
1394
1623
1294
4521
1040
1049
1044
1308
1867
1032
1049
3640
1369
6705
1095
28933
1376
2365
6534
1895
1032
1050
1044
1409
1456
1369
1394
1274
1294
4521
1040
1049
1044
6705
1095
28933
1867
1032
1049
3640
1463
2569
1475
1395
3030
4891
1307
3804
1805
1044
4607
8262
2534
1513
4403
1032
1050
24733
2744
1010
1463
2569
3804
1805
2095
1513
4403
1032
1050
24733
1044
1878
1475
9120
1623
1462
1032
1050
1010
1463
2569
4607
8262
1058
1274
1045
1049
8262
1044
2744
1513
4403
1032
1050
1044
1878
1475
9218
1032
1050
19197
1112
1045
1049
1456
1463
2365
32004
1376
1032
1050
1364
1319
1112
1462
1032
1049
1456
1463
6705
32004
1376
1623
1462
1032
1050
1010
1463
1693
2365
32004
3006
6705
32004
1877
1694
8214
1010
1463
1394
1475
1294
4521
45525
32004
1044
6705
32004
1867
1032
1049
3640
1694
1693
34044
13872
5371
1112
1045
1049
1093
3942
128748
1877
2006
1272
1376
4362
13872
5371
1105
2820
2006
1693
1272
3942
128748
1877
2528
1916
1376
34044
13872
5371
1112
1045
1049
1093
1867
1272
1010
2528
1693
1916
1534
34044
3755
5371
1112
30689
3589
34044
3755
5371
1112
1093
1376
1916
1010
1260
1010
1293
1850
34044
25501
5371
1107
2820
2731
12082
2688
1454
1278
4265
11277
1046
1362
7534
10533
50248
1429
35416
1413
1897
1050
1058
2715
1850
1032
1049
1046
1429
35416
3149
1897
1050
4906
1032
1050
1046
1429
1097
1401
4402
1097
1897
1051
4906
1032
1048
1046
1429
7719
1118
1102
1897
1050
4906
1032
1050
1319
2209
6852
64629
1032
1049
2430
1032
1050
1577
1362
7534
4848
1593
1338
3890
7377
1044
1278
4206
2254
2095
1934
6852
15605
1796
1107
7064
1897
1032
1049
1041
2351
1032
1049
1046
9966
3475
1058
1429
1107
7064
1034
5592
1051
1044
1409
1061
1049
1046
4362
6836
3310
1058
1266
1061
1049
2342
1044
3204
1429
1107
7064
1034
17684
1319
1107
47086
1041
63365
4906
4362
1049
1046
34044
1091
1051
5371
1049
1093
1376
4362
1091
1048
5371
1051
1093
1376
1032
1049
1046
5913
1338
1034
1107
6174
3002
1897
1049
4906
5592
1053
1044
1266
1061
1049
2342
1044
3204
1429
1107
6174
3002
2811
17684
1319
1107
34388
1041
63365
1063
12197
1032
1048
1409
1044
1052
1261
63365
1059
1032
1049
1409
1044
1051
1409
4395
1046
4493
4362
1049
1046
5913
1338
1034
17498
17498
17498
1897
1050
4906
1032
1048
1046
5913
1338
1034
1401
1401
1401
1897
1051
4906
1032
1051
1046
5913
1338
12082
1278
2730
2688
5443
1058
1729
1710
2405
23898
21294
1044
1809
10789
1494
1681
6298
1338
7446
5289
6769
1058
1531
4362
3134
12109
2254
4139
1402
8455
1394
2730
18451
1693
1729
1653
2951
17104
9083
6625
35341
1046
3626
1308
28944
1050
1048
1048
1044
9997
2187
1535
4990
1094
1050
1041
7849
1032
1050
1048
1044
1048
1048
1048
1044
2744
4362
3134
12109
11723
2130
1266
2015
1317
1424
1044
1321
1394
2744
1266
11723
2130
25380
1321
5200
1046
8923
1424
1061
1050
1048
1048
1044
1266
2015
1317
1032
1049
1057
1057
1044
25380
2015
1317
1266
1044
5200
3729
2015
1317
1424
6406
1046
12153
10317
1651
93710
13162
1261
4517
22334
1046
1032
1050
1048
1044
1048
1048
1048
1364
4517
22334
1376
1032
1050
1048
7067
1044
24489
1294
17616
3746
12900
1046
3626
1729
1710
44611
1536
1750
1730
1946
1302
26830
1839
6704
1046
27912
1402
7771
1338
3890
1729
4016
11811
1729
2607
2405
1353
3561
1046
1531
2730
2688
5443
1584
3160
1435
1805
1307
4206
1044
1809
1278
3330
2586
17000
3475
1455
22405
9458
1059
2127
2607
2405
7693
2142
18846
1046
2837
7534
14649
1494
1681
7771
1338
12082
1044
2314
1278
61345
90747
1058
1362
7534
4848
1278
3475
1435
4455
1046
3367
1278
3330
11500
4206
1044
1278
2158
6852
1394
1429
7719
1118
1102
1897
1050
2084
7195
3147
1729
1850
1032
1050
1046
3626
13162
1278
3330
64629
1032
1050
1046
1362
7534
4069
1455
5735
1338
82053
1044
13162
1729
1710
3180
1278
2254
1850
1032
1049
1394
1429
7719
1118
1102
1897
1050
1536
2269
2147
19190
1044
1809
1362
3648
1032
1050
1395
6298
1338
12598
1681
5558
40172
1693
2156
1681
2258
3039
1429
7719
1118
1102
1897
1050
2481
1402
1032
1049
1046
56586
1729
21065
1435
1429
1978
1034
1321
1429
51188
1102
3871
25298
1729
4036
17597
2516
1455
3788
5266
1376
1032
1049
1063
17048
1729
1710
4036
1925
10679
1455
26018
2960
9997
2187
1063
3626
9997
2187
1584
2767
41869
1108
7641
1059
1429
1978
1034
8942
26524
1032
1048
1044
1049
1059
1429
51188
1102
1034
8942
1032
1050
1044
1051
1044
1052
1046
79888
4891
1032
1049
1319
1105
1041
2342
26018
1429
1978
3871
79888
4891
1032
1050
1319
1107
1041
2342
26018
1429
51188
1102
3871
4493
1836
11530
5266
1046
4493
3788
5266
4556
1307
9353
12889
1046
9748
2744
1805
4362
1513
4403
1032
1049
1044
4556
9218
1050
1046
4493
1032
1049
16501
1338
34976
1278
2158
6852
1395
21752
8462
1046
1362
7534
15100
1454
1032
1050
1338
15658
3475
4950
1046
13
1010
1975
29896
1010
3149
2365
17936
12740
20762
3134
12109
3791
1279
1629
73037
3848
1058
2011
1044
1409
1058
1935
1041
4906
1935
1877
1293
19639
36296
1261
3310
1265
1321
1420
15748
1409
1044
21065
1265
2203
1409
9997
2187
2516
1455
1278
4556
1010
1293
1307
1278
2782
1307
10679
5266
5074
1317
3884
2744
93710
2203
1261
15527
4595
1279
92145
1010
1293
1395
80884
1046
12162
1278
11835
2782
1307
10679
5266
5074
1338
1293
1349
3310
1395
1261
15527
4595
1279
92145
1693
1877
1293
1462
2157
1934
5592
9218
1032
1050
1044
12164
1010
1293
1462
3730
12123
1261
6818
15748
1266
2516
1455
1032
1049
9120
1266
1534
9027
1321
9027
2545
1266
2351
1032
1048
1044
12164
1010
1293
1462
54368
26524
1455
1736
1278
2879
81793
1536
1266
9301
1261
5796
92145
1319
28366
31645
1845
1010
1652
81793
1266
4016
2071
1261
5796
92145
2519
1293
64664
1877
1369
1265
1058
1349
3310
19040
2342
1307
97656
7846
17597
1319
1050
9120
9027
3848
1041
9120
1032
1050
1048
1048
1456
1369
1409
1058
13920
1307
9997
2187
1317
21065
2203
1319
1049
9120
1409
9120
9027
3848
1041
1987
1032
1050
1801
1293
20527
1877
1369
1531
11835
2782
1307
10679
5266
5074
1317
3180
1747
1409
9997
2187
15527
4595
1279
1629
73037
1626
1293
13118
1293
1308
1376
9027
3848
1456
1293
128748
1376
1032
1049
1048
1603
1032
1057
1267
1293
2569
4362
3755
5371
1106
1093
1376
11835
5266
1317
3180
1265
3755
1058
1106
1093
1261
15527
4595
1279
92145
1319
1106
30938
1044
5592
9218
1032
1050
1456
1293
4362
1376
16871
3174
1070
1093
1364
1319
1110
1867
1032
1049
1041
1394
1957
1294
4521
4990
69780
1293
2121
4362
3134
12109
4039
3640
1369
19639
75482
5266
1317
3884
3310
1257
2203
1261
15527
4595
1279
92145
60113
1369
1424
1376
9027
4039
1456
1369
1693
1424
1534
1032
1050
1877
1463
1850
128748
1010
1369
3560
1376
128748
1010
1369
2569
3369
3387
103996
1266
1307
1424
1454
1032
1049
9120
1266
1534
1424
1010
1369
1394
1266
1294
4521
1040
1049
1044
1424
3640
1463
1693
1424
2545
1266
2351
1032
1048
1877
1694
3788
1376
1032
1048
1010
1694
2569
1394
2744
31645
1845
81793
1266
1010
1694
1394
1382
1294
4521
5252
3640
2006
2569
11084
1513
26524
1382
1044
1382
69366
1044
1382
1043
1050
1100
1044
20213
2006
3204
1376
1766
1116
3755
1093
1394
1623
1294
4521
9585
1044
1424
1044
1266
17572
2006
1283
1376
9027
61485
1456
2006
2569
4362
1317
3180
1593
3204
1261
5796
92145
1010
2006
17684
1376
1032
1048
1010
2006
1394
25294
1294
4521
5239
1895
1032
1050
3640
2528
1693
3204
45721
1093
3942
3204
52468
1462
1032
1049
1462
25294
30689
3589
17684
5773
1032
1049
1010
2006
3788
5773
17684
1010
1694
1693
3788
1534
3560
1877
2006
3560
1376
3788
1010
1369
1850
3560
1267
1293
2569
6438
96078
12889
1394
1747
9997
2187
1307
5592
9218
1032
1050
1010
1293
1394
1623
1294
4521
4990
3640
1369
1394
1475
1294
4521
6534
1867
1032
1050
1044
1308
1867
1032
1049
4244
2250
2569
5592
1513
4403
1032
1050
1010
1463
1257
1376
1265
3755
1058
1106
2820
1463
4362
3755
5371
1106
1093
1376
4362
3134
12109
4039
1801
1293
2569
34044
3755
5371
1112
1093
1376
11835
5266
1317
21065
23832
1265
1091
1048
55350
1093
2203
1274
9997
2187
1010
1293
34044
1376
16871
3174
1070
1093
1364
1319
1107
1867
1032
1049
1041
1394
1957
1294
4521
4990
1867
1032
1049
17572
1293
34044
1091
1048
5371
1048
1093
1376
1032
1048
1267
1293
1394
1623
1294
4521
1040
1049
1044
1308
1867
1032
1049
3640
1369
2569
8905
2782
1307
8262
1394
23832
1307
5592
1623
1319
28366
1805
5592
9218
1032
1050
1456
1369
6705
1095
28933
1376
2365
6534
1895
1032
1050
1044
1409
1456
1369
1394
8262
1294
4521
1040
1049
1044
6705
1095
28933
1867
1032
1049
3640
1463
2569
1475
1395
1278
3030
4891
1307
1278
3804
93710
1010
1463
2569
4607
8262
2534
1513
4403
1032
1050
11084
2744
1044
3804
1805
2095
9218
1032
1050
1010
1463
2365
32004
1376
1032
1050
1364
1319
28933
1462
1032
1049
1456
1463
6705
32004
1376
1623
1462
1032
1050
1010
1463
1693
2365
32004
3006
6705
32004
1877
1694
8214
1010
1463
1394
1475
1294
4521
45525
32004
1044
6705
32004
1867
1032
1049
3640
1694
1693
34044
13872
5371
28933
1462
1032
1049
1093
3942
128748
1877
2006
1272
1376
4362
13872
5371
1105
2820
2006
1693
1272
3942
128748
1877
2528
1916
1376
34044
13872
5371
28933
1462
1032
1049
1093
1867
1272
1010
2528
1693
1916
1534
34044
3755
5371
28933
30689
3589
34044
3755
5371
28933
1093
1376
1916
1267
1293
1850
34044
25501
5371
1107
54881
3149
4206
5164
52143
3640
1293
2569
7637
5443
1562
11277
1010
1293
6852
15605
1796
35416
1413
1897
1032
1050
1041
2351
1032
1049
1010
1293
6852
15605
1796
35416
3149
1897
1032
1050
1041
2351
1032
1050
1010
1293
6852
15605
1796
1097
1401
4402
1097
1897
1032
1051
1041
2351
1032
1048
1010
1260
1010
1293
2569
31054
2688
5443
1010
1293
6852
15605
1796
1501
1897
1032
1049
1041
2351
1032
1049
1010
1293
6852
15605
1796
1662
1897
1032
1049
1041
2351
1032
1049
1010
1293
6852
15605
1796
44857
1897
1032
1049
1041
2351
1032
1048
1010
1293
6852
15605
1796
7719
1118
1102
1897
1032
1050
1041
2351
1032
1049
1010
1293
6852
15605
1796
1107
7064
1897
1032
1049
1041
2351
1032
1049
1010
1293
6852
15605
1796
1097
23558
1897
1032
1050
1041
2351
1032
1048
1010
1293
6852
15605
1796
7719
1118
1102
1897
1032
1050
1041
2351
1032
1050
1010
1293
6852
15605
1796
1107
6174
3002
1897
1032
1049
1041
2351
1032
1049
1010
1293
6852
15605
1796
17498
17498
17498
1897
1032
1050
1041
2351
1032
1048
1010
1293
6852
15605
1796
1401
1401
1401
1897
1032
1051
1041
2351
1032
1051
1010
1260
1010
1293
2569
9595
2688
5443
1010
1293
6852
15605
1796
112124
1292
1122
1643
2032
88148
1106
2263
1111
2077
1119
2649
12503
1113
110302
1305
1121
2548
2397
1553
1108
20098
1098
2867
1118
25162
1392
1643
18170
32064
17186
5551
9427
1351
72770
1552
1366
1099
1106
9821
59220
1113
52915
13731
1120
29492
56213
1649
1120
1107
5891
1107
1357
1413
1100
1900
1103
15894
1118
1107
1497
1341
2428
1120
5470
7186
2111
20994
1119
1539
6850
1104
1103
6519
1102
19182
1262
1120
1393
3741
1113
1107
1112
28384
1100
5714
13552
1763
3002
123033
2867
1108
8383
3752
3326
1098
1119
2428
1118
7756
22075
6411
1107
3096
1120
1112
1298
1331
23704
86779
1897
1032
1049
1048
1048
1041
2351
1032
1057
1053
1010
1293
6852
15605
1796
115256
3861
1586
1298
1119
1453
15988
2699
1112
44445
1106
1108
1313
16082
1411
26094
1098
42555
1113
1101
1313
1122
7064
9427
1110
1378
1403
1282
2263
13954
17279
1329
114510
1118
1609
1110
130450
11754
3179
18830
1114
2729
1497
1107
39070
1121
2083
1586
1100
1553
1102
1106
50725
1348
103041
1106
1108
51701
1523
7707
1097
1518
1112
10105
1114
4030
1112
1478
3096
1098
1113
2676
50725
3096
1100
78246
78020
6735
117989
7186
1115
1348
1104
2043
15659
1103
54333
1597
43611
1119
1298
2867
1115
1763
1104
45702
1104
56433
5297
1328
41529
1489
2941
5551
112124
1102
1118
18213
1106
3282
112739
1897
1032
1049
1048
1048
1041
2351
1032
1057
1055
1010
1293
6852
15605
1796
1401
1401
1401
1401
1401
1401
1401
1401
1401
1401
1401
1401
1401
1401
1401
1401
1401
1401
1401
1401
1401
1401
1401
1401
1401
1401
1401
1401
1401
1401
1401
1401
1401
1401
1401
1401
1401
1401
1401
1401
1401
1401
1401
1401
1401
1401
1401
1401
1401
1401
1401
1401
1401
1401
1401
1401
1401
1401
1401
1401
1401
1401
1401
1401
1401
1401
1401
1401
1401
1401
1401
1401
1401
1401
1401
1401
1401
1401
1401
1401
1401
1401
1401
1401
1401
1401
1401
1897
1032
1049
1048
1048
1041
2351
1032
1049
1048
1048
1267
1035
13516
4206
45525
17936
12740
20762
3134
12109
3791
1279
1629
73037
1041
1317
3160
9458
1626
1975
11
1010