10
25708
1010
11
1010
10
3263
1010
10311
1278
3629
2254
21734
1321
8953
3607
1044
10886
5687
1278
2254
5055
1321
2764
1747
1278
9458
1046
1603
24151
16424
70914
84674
14671
48761
1083
25461
4568
2715
30711
1278
3475
1636
13330
1294
1261
1335
107485
3475
4950
1319
3038
44642
1041
1319
43880
2084
80858
1278
4618
7389
1801
2640
5011
38227
2671
5247
1044
81409
4688
3149
2365
48558
8594
46025
17846
21227
4990
1058
1935
1044
1283
1058
1935
1044
1409
1058
1935
1044
20978
1058
5247
1091
74988
59939
1044
1935
1044
1935
1093
8623
4906
1935
1877
1293
19639
23627
1261
41231
6165
8822
1673
58636
8404
1454
1308
36281
1321
1283
20978
1520
1293
3081
1278
11835
4362
1307
1261
64283
9917
2478
1278
4362
1395
6493
1435
1278
4556
1307
1032
1010
1293
10314
25980
81793
1409
1626
1260
1010
1293
64664
1877
1369
1308
1058
13920
1307
36281
1319
1050
9120
1308
9120
1032
1056
1456
1369
1283
1058
13920
1307
20978
1319
1110
1045
1049
9120
1283
9120
1308
19197
1110
1045
1049
12982
1050
1456
1369
1409
1058
7597
8505
2632
1319
1049
9120
1409
9120
1032
1049
1048
1094
1049
1053
1456
1369
20978
1058
5247
1307
108184
1319
1117
1044
1330
1044
1285
1041
2478
1333
1321
1330
1584
36281
1319
1049
37601
1286
1041
1321
1285
1395
1278
5954
1010
8082
1462
1032
1049
9120
1333
1534
1330
9120
1308
1010
8082
1462
1032
1048
9120
1285
1534
1409
1010
1260
1010
1293
20527
1877
1369
1531
11835
4362
1307
1261
64283
9917
81793
1409
1010
1260
1010
1293
56431
2365
48558
8594
46025
17846
21227
1040
1053
1044
1032
1054
1044
1032
1051
1050
1056
1044
31008
1049
1044
1032
1050
1044
1032
1057
1057
1574
1319
1049
1044
1032
1051
1044
1032
1049
1048
1050
1574
1319
1050
1044
1032
1051
1044
1032
1056
1054
1574
1319
1050
1044
1032
1052
1044
1032
1057
1052
1574
1319
1050
1044
1032
1053
1044
1032
1057
1053
1574
1319
1051
1044
1032
1052
1044
1032
1056
1049
100571
1293
1032
1051
1051
1010
1293
56431
2365
48558
8594
46025
17846
21227
1040
1054
1044
1032
1053
1044
1032
1057
1057
1056
1050
1052
1052
1051
1053
1051
1044
31008
1049
1044
1032
1050
1044
1032
1051
1051
1055
1051
1054
1049
1053
1054
1056
1574
1319
1049
1044
1032
1054
1044
1032
1052
1053
1048
1051
1052
1051
1051
1048
1052
1574
1319
1050
1044
1032
1051
1044
1032
1054
1049
1052
1055
1055
1050
1052
1052
1574
1319
1050
1044
1032
1053
1044
1032
1055
1052
1053
1051
1056
1051
1052
1051
1056
1574
1319
1052
1044
1032
1053
1044
1032
1055
1050
1055
1051
1054
1048
1056
1052
1048
100571
1293
1032
1051
1050
1053
1052
1051
1055
1054
1056
1056
1010
1293
47680
3149
4206
5164
52143
3640
1293
2569
35237
2688
5443
1010
1293
6852
15605
1040
1053
1044
1032
1054
1044
1032
1051
1050
1056
1044
31008
1049
1044
1032
1050
1044
1032
1057
1057
1574
1319
1049
1044
1032
1051
1044
1032
1049
1048
1050
1574
1319
1050
1044
1032
1051
1044
1032
1056
1054
1574
1319
1050
1044
1032
1052
1044
1032
1057
1052
1574
1319
1050
1044
1032
1053
1044
1032
1057
1053
1574
1319
1051
1044
1032
1052
1044
1032
1056
1049
1041
8623
2351
1032
1051
1052
1010
1293
6852
15605
1040
1054
1044
1032
1053
1044
1032
1057
1057
1056
1050
1052
1052
1051
1053
1051
1044
31008
1049
1044
1032
1050
1044
1032
1051
1051
1055
1051
1054
1049
1053
1054
1056
1574
1319
1049
1044
1032
1054
1044
1032
1052
1053
1048
1051
1052
1051
1051
1048
1052
1574
1319
1050
1044
1032
1051
1044
1032
1054
1049
1052
1055
1055
1050
1052
1052
1574
1319
1050
1044
1032
1053
1044
1032
1055
1052
1053
1051
1056
1051
1052
1051
1056
1574
1319
1052
1044
1032
1053
1044
1032
1055
1050
1055
1051
1054
1048
1056
1052
1048
1041
8623
2351
1032
1051
1050
1053
1052
1051
1055
1054
1056
1056
1010
1293
6852
15605
1040
1056
1044
1032
1050
1056
1044
1032
1057
1051
1054
1050
1057
1052
1048
1052
1049
1056
1053
1048
1049
1057
1055
1044
6923
1369
1319
1049
1044
1032
1050
1044
1032
1052
1055
1051
1050
1057
1052
1055
1050
1048
1057
1048
1054
1055
1056
1048
1574
1319
1049
1044
1032
1051
1044
1032
1055
1052
1051
1048
1051
1048
1056
1048
1048
1049
1051
1057
1050
1052
1052
1574
1319
1049
1044
1032
1052
1044
1032
1055
1048
1057
1051
1054
1051
1048
1049
1057
1052
1049
1052
1055
1055
1052
1574
1319
1049
1044
1032
1053
1044
1032
1051
1056
1051
1054
1052
1051
1054
1049
1050
1052
1057
1048
1051
1049
1050
3100
1369
1319
1049
1044
1032
1054
1044
1032
1053
1053
1055
1049
1048
1050
1055
1056
1049
1048
1050
1050
1056
1054
1049
1574
1319
1049
1044
1032
1055
1044
1032
1054
1050
1051
1049
1055
1057
1050
1056
1056
1053
1051
1056
1049
1051
1056
1574
1319
1049
1044
1032
1056
1044
1032
1055
1051
1057
1054
1049
1056
1053
1057
1057
1052
1049
1048
1056
1048
1057
1574
1319
1050
1044
1032
1051
1044
1032
1056
1053
1055
1054
1056
1055
1056
1049
1050
1050
1057
1052
1052
1048
1052
3100
1369
1319
1050
1044
1032
1052
1044
1032
1056
1057
1051
1057
1050
1051
1049
1054
1056
1049
1051
1057
1055
1049
1052
1574
1319
1050
1044
1032
1053
1044
1032
1053
1056
1049
1056
1050
1050
1052
1055
1049
1056
1054
1048
1054
1054
1050
1574
1319
1050
1044
1032
1054
1044
1032
1055
1052
1048
1053
1052
1057
1051
1054
1051
1053
1056
1054
1053
1053
1056
1574
1319
1050
1044
1032
1055
1044
1032
1051
1048
1055
1050
1050
1054
1052
1051
1056
1056
1051
1051
1050
1050
1050
3100
1369
1319
1050
1044
1032
1056
1044
1032
1052
1052
1055
1051
1057
1057
1048
1050
1057
1057
1053
1050
1057
1057
1056
1574
1319
1051
1044
1032
1052
1044
1032
1054
1051
1054
1051
1049
1056
1048
1056
1051
1054
1050
1050
1055
1054
1056
1574
1319
1051
1044
1032
1053
1044
1032
1052
1052
1053
1052
1056
1055
1048
1055
1054
1052
1051
1054
1050
1050
1574
1319
1051
1044
1032
1054
1044
1032
1051
1048
1055
1050
1054
1050
1055
1056
1049
1050
1052
1048
1055
1053
1053
3100
1369
1319
1051
1044
1032
1055
1044
1032
1049
1050
1048
1055
1048
1050
1054
1055
1051
1056
1056
1050
1051
1048
1574
1319
1051
1044
1032
1056
1044
1032
1055
1048
1048
1050
1052
1055
1050
1054
1051
1049
1056
1052
1048
1056
1050
1574
1319
1052
1044
1032
1053
1044
1032
1053
1054
1048
1053
1054
1055
1056
1057
1048
1051
1050
1053
1051
1051
1051
1574
1319
1052
1044
1032
1054
1044
1032
1055
1048
1052
1055
1050
1054
1049
1049
1051
1055
1049
1055
1049
1052
1055
3100
1369
1319
1052
1044
1032
1055
1044
1032
1053
1056
1056
1050
1054
1051
1056
1049
1056
1054
1049
1053
1054
1056
1055
1574
1319
1052
1044
1032
1056
1044
1032
1053
1052
1057
1048
1048
1055
1053
1051
1054
1051
1057
1051
1049
1055
1050
1574
1319
1053
1044
1032
1054
1044
1032
1055
1055
1057
1050
1051
1048
1056
1055
1049
1048
1056
1048
1052
1048
1056
1574
1319
1053
1044
1032
1055
1044
1032
1056
1050
1053
1057
1056
1050
1053
1056
1051
1055
1056
1054
1052
1057
1056
3100
1369
1319
1053
1044
1032
1056
1044
1032
1055
1049
1051
1057
1050
1056
1057
1057
1056
1049
1055
1052
1050
1055
1050
1574
1319
1054
1044
1032
1055
1044
1032
1055
1053
1049
1051
1051
1049
1048
1055
1052
1053
1051
1056
1056
1050
1054
1574
1319
1054
1044
1032
1056
1044
1032
1052
1052
1057
1056
1055
1051
1054
1051
1053
1052
1051
1048
1050
1050
1056
1574
1319
1055
1044
1032
1056
1044
1032
1049
1049
1050
1057
1056
1051
1056
1049
1055
1054
1049
1052
1055
1057
1456
1293
1032
8623
2351
1032
1049
1049
1051
1054
1048
1055
1049
1054
1051
1055
1051
1010
1260
1010
1293
2569
31054
2688
5443
1010
1293
6852
15605
1040
1050
1044
1032
1049
1044
1032
1050
1052
1057
1057
1053
1057
1057
1050
1056
1056
1055
1056
1057
1049
1054
1044
31008
1049
1044
1032
1050
1044
1032
1056
1049
1055
1048
1051
1055
1051
1057
1051
1054
1057
1055
1054
1056
1041
8623
2351
1032
1056
1049
1055
1048
1051
1055
1051
1057
1051
1054
1057
1055
1054
1056
1010
1293
6852
15605
1040
1050
1044
1032
1049
1044
1032
1057
1048
1057
1050
1053
1053
1051
1057
1049
1048
1051
1055
1055
1051
1055
1044
31008
1049
1044
1032
1050
1044
1032
1053
1050
1050
1048
1050
1057
1057
1049
1053
1048
1055
1048
1051
1057
1051
1041
8623
2351
1032
1053
1050
1050
1048
1050
1057
1057
1049
1053
1048
1055
1048
1051
1057
1051
1010
1293
6852
15605
1040
1050
1044
1032
1049
1044
1032
1051
1056
1052
1055
1057
1050
1056
1048
1050
1056
1052
1048
1055
1052
1056
1044
31008
1049
1044
1032
1050
1044
1032
1050
1056
1057
1053
1048
1051
1052
1053
1050
1053
1055
1050
1054
1057
1055
1041
8623
2351
1032
1050
1056
1057
1053
1048
1051
1052
1053
1050
1053
1055
1050
1054
1057
1055
1010
1293
6852
15605
1040
1050
1044
1032
1049
1044
1032
1057
1051
1057
1056
1053
1055
1049
1052
1055
1053
1053
1048
1054
1056
1055
1044
31008
1049
1044
1032
1050
1044
1032
1050
1048
1049
1053
1054
1057
1049
1057
1052
1053
1051
1053
1053
1048
1051
1041
8623
2351
1032
1050
1048
1049
1053
1054
1057
1049
1057
1052
1053
1051
1053
1053
1048
1051
1010
1293
6852
15605
1040
1051
1044
1032
1050
1044
1032
1056
1053
1050
1057
1052
1055
1049
1054
1051
1056
1050
1056
1050
1057
1044
31008
1049
1044
1032
1051
1044
1032
1050
1057
1055
1051
1055
1049
1055
1048
1054
1052
1052
1056
1057
1051
1574
1319
1049
1044
1032
1050
1044
1032
1049
1050
1048
1057
1049
1049
1052
1056
1049
1055
1051
1052
1048
1050
1041
8623
2351
1032
1052
1049
1056
1050
1056
1051
1049
1056
1056
1049
1056
1050
1057
1053
1010
1293
6852
15605
1040
1051
1044
1032
1050
1044
1032
1050
1053
1054
1048
1054
1051
1054
1049
1053
1049
1050
1052
1049
1054
1053
1044
31008
1050
1044
1032
1051
1044
1032
1050
1051
1052
1057
1053
1051
1050
1051
1055
1055
1051
1053
1057
1053
1049
1574
1319
1049
1044
1032
1050
1044
1032
1052
1051
1052
1050
1048
1057
1056
1056
1048
1052
1051
1054
1048
1057
1041
8623
2351
1032
1050
1050
1051
1049
1048
1054
1049
1048
1054
1053
1053
1051
1057
1053
1010
1293
6852
15605
1040
1051
1044
1032
1051
1044
1032
1049
1049
1057
1057
1053
1057
1050
1053
1054
1053
1052
1053
1055
1049
1054
1044
31008
1050
1044
1032
1051
1044
1032
1049
1057
1051
1052
1052
1053
1057
1055
1051
1048
1051
1054
1049
1054
1574
1319
1049
1044
1032
1050
1044
1032
1052
1053
1049
1053
1048
1056
1050
1052
1057
1050
1055
1050
1053
1057
1574
1319
1049
1044
1032
1051
1044
1032
1052
1053
1057
1052
1049
1057
1053
1052
1057
1048
1049
1052
1056
1050
1041
8623
2351
1032
1054
1052
1052
1057
1053
1052
1050
1050
1050
1051
1048
1056
1055
1053
1010
1260
1010
1293
6852
15605
1040
1056
1044
1032
1049
1049
1044
1032
1055
1049
1056
1055
1054
1050
1057
1055
1057
1049
1054
1049
1052
1054
1055
1044
6923
1369
1319
1051
1044
1032
1052
1044
1032
1053
1057
1052
1057
1057
1055
1056
1053
1056
1048
1051
1051
1049
1050
1050
1574
1319
1049
1044
1032
1055
1044
1032
1049
1056
1055
1053
1048
1048
1050
1056
1051
1048
1049
1053
1051
1055
1053
1574
1319
1052
1044
1032
1054
1044
1032
1051
1057
1052
1056
1052
1050
1048
1054
1049
1052
1053
1048
1055
1051
1052
1574
1319
1050
1044
1032
1056
1044
1032
1053
1055
1053
1057
1050
1056
1054
1051
1054
1050
1054
1052
1054
1057
1049
3100
1369
1319
1049
1044
1032
1053
1044
1032
1049
1048
1054
1051
1053
1057
1050
1053
1052
1054
1056
1050
1057
1051
1056
1574
1319
1055
1044
1032
1056
1044
1032
1052
1055
1053
1056
1056
1052
1056
1052
1049
1055
1051
1048
1056
1049
1053
1574
1319
1053
1044
1032
1056
1044
1032
1055
1056
1049
1049
1051
1057
1049
1048
1057
1057
1050
1052
1054
1574
1319
1049
1044
1032
1051
1044
1032
1054
1055
1057
1056
1048
1053
1057
1057
1049
1051
1051
1053
1055
1051
1055
3100
1369
1319
1049
1044
1032
1052
1044
1032
1054
1055
1055
1052
1050
1050
1048
1053
1056
1050
1051
1051
1052
1049
1055
1574
1319
1049
1044
1032
1056
1044
1032
1051
1057
1057
1050
1054
1049
1051
1048
1056
1050
1053
1057
1057
1054
1574
1319
1050
1044
1032
1055
1044
1032
1051
1056
1056
1056
1050
1050
1052
1053
1055
1049
1052
1054
1051
1049
1057
1456
1293
1032
8623
2351
1032
1051
1053
1053
1056
1053
1048
1051
1048
1057
1052
1057
1052
1054
1055
1010
1260
1010
1293
6852
15605
1040
1056
1044
1032
1049
1053
1044
1032
1055
1057
1053
1054
1055
1050
1054
1048
1052
1051
1050
1051
1051
1048
1053
1044
6923
1369
1319
1052
1044
1032
1056
1044
1032
1055
1052
1049
1056
1049
1055
1056
1050
1050
1050
1055
1050
1055
1054
1053
1574
1319
1051
1044
1032
1052
1044
1032
1051
1051
1057
1048
1050
1054
1057
1050
1054
1055
1050
1053
1050
1053
1574
1319
1054
1044
1032
1055
1044
1032
1049
1051
1057
1057
1052
1048
1056
1049
1048
1054
1056
1052
1054
1052
1049
1574
1319
1052
1044
1032
1055
1044
1032
1056
1050
1053
1056
1052
1055
1050
1051
1054
1054
1049
1054
1055
1052
3100
1369
1319
1054
1044
1032
1056
1044
1032
1051
1056
1055
1056
1052
1051
1049
1057
1050
1049
1055
1055
1051
1055
1049
1574
1319
1050
1044
1032
1054
1044
1032
1051
1056
1055
1057
1056
1056
1050
1054
1053
1054
1056
1050
1052
1054
1050
1574
1319
1053
1044
1032
1054
1044
1032
1054
1056
1049
1052
1056
1055
1051
1056
1051
1052
1048
1048
1056
1050
1574
1319
1051
1044
1032
1055
1044
1032
1049
1050
1055
1052
1049
1052
1050
1050
1051
1057
1048
1057
1049
1057
1051
3100
1369
1319
1050
1044
1032
1052
1044
1032
1053
1050
1054
1049
1051
1049
1053
1053
1056
1052
1048
1053
1049
1049
1054
1574
1319
1049
1044
1032
1054
1044
1032
1051
1056
1049
1056
1050
1053
1049
1056
1051
1054
1053
1048
1050
1052
1574
1319
1049
1044
1032
1052
1044
1032
1053
1048
1057
1052
1050
1052
1049
1051
1052
1055
1051
1051
1056
1051
1051
1574
1319
1051
1044
1032
1054
1044
1032
1054
1051
1051
1050
1054
1050
1052
1055
1048
1054
1048
1053
1053
1052
1049
3100
1369
1319
1051
1044
1032
1053
1044
1032
1050
1057
1053
1054
1053
1050
1056
1048
1049
1049
1053
1048
1574
1319
1049
1044
1032
1051
1044
1032
1056
1048
1057
1049
1054
1056
1053
1049
1049
1054
1048
1056
1055
1049
1574
1319
1050
1044
1032
1056
1044
1032
1053
1050
1054
1056
1048
1056
1052
1052
1056
1056
1052
1057
1052
1050
1055
1456
1293
1032
8623
2351
1032
1050
1057
1048
1057
1057
1055
1049
1048
1049
1052
1051
1010
1260
1010
1293
6852
15605
1040
1056
1044
1032
1050
1054
1044
1032
1056
1049
1057
1056
1053
1049
1057
1048
1054
1053
1054
1055
1054
1053
1053
1044
6923
1369
1319
1050
1044
1032
1055
1044
1032
1051
1048
1055
1048
1057
1052
1054
1056
1055
1049
1053
1056
1057
1055
1574
1319
1052
1044
1032
1056
1044
1032
1052
1050
1054
1048
1052
1057
1052
1053
1052
1051
1056
1051
1048
1055
1053
1574
1319
1049
1044
1032
1052
1044
1032
1053
1051
1054
1050
1056
1054
1054
1053
1048
1056
1055
1054
1055
1049
1051
1574
1319
1051
1044
1032
1052
1044
1032
1054
1054
1055
1055
1055
1053
1049
1055
1057
1055
1052
1049
1051
1052
1052
3100
1369
1319
1050
1044
1032
1052
1044
1032
1052
1056
1056
1048
1049
1050
1050
1057
1049
1055
1052
1048
1054
1049
1049
1574
1319
1049
1044
1032
1053
1044
1032
1055
1048
1055
1056
1048
1052
1057
1056
1051
1053
1054
1048
1056
1053
1048
1574
1319
1053
1044
1032
1054
1044
1032
1049
1051
1052
1057
1049
1048
1053
1054
1056
1049
1052
1055
1055
1055
1053
1574
1319
1051
1044
1032
1053
1044
1032
1053
1057
1057
1057
1053
1057
1048
1057
1049
1056
1056
1052
1057
1048
1050
3100
1369
1319
1050
1044
1032
1053
1044
1032
1053
1056
1052
1053
1053
1056
1053
1055
1053
1054
1052
1056
1054
1056
1574
1319
1051
1044
1032
1056
1044
1032
1053
1053
1050
1057
1053
1052
1054
1054
1050
1055
1051
1050
1055
1050
1055
1574
1319
1050
1044
1032
1054
1044
1032
1052
1056
1056
1052
1049
1056
1048
1050
1052
1048
1052
1050
1052
1048
1054
1574
1319
1049
1044
1032
1050
1044
1032
1056
1049
1055
1053
1049
1048
1050
1051
1055
1054
1056
1053
1055
1050
1054
3100
1369
1319
1049
1044
1032
1055
1044
1032
1055
1055
1053
1053
1051
1053
1048
1057
1057
1056
1055
1057
1052
1052
1057
1574
1319
1051
1044
1032
1054
1044
1032
1052
1050
1053
1052
1057
1056
1053
1050
1057
1053
1049
1055
1056
1574
1319
1054
1044
1032
1056
1044
1032
1052
1056
1056
1053
1055
1052
1055
1050
1052
1051
1052
1048
1057
1057
1051
1574
1319
1054
1044
1032
1055
1044
1032
1049
1053
1049
1051
1057
1056
1056
1050
1055
1053
1054
1048
1056
1053
1057
3100
1369
1319
1050
1044
1032
1051
1044
1032
1052
1050
1051
1050
1050
1056
1055
1049
1054
1057
1048
1050
1055
1054
1048
1574
1319
1052
1044
1032
1055
1044
1032
1049
1056
1054
1052
1057
1054
1056
1055
1048
1056
1054
1054
1054
1055
1574
1319
1050
1044
1032
1056
1044
1032
1054
1049
1050
1051
1049
1055
1056
1053
1057
1052
1051
1057
1051
1054
1051
1574
1319
1053
1044
1032
1056
1044
1032
1051
1054
1048
1050
1050
1048
1049
1054
1049
1052
1049
1053
1049
1055
1048
3100
1369
1319
1049
1044
1032
1056
1044
1032
1055
1055
1048
1054
1050
1057
1053
1056
1053
1052
1053
1049
1051
1051
1056
1574
1319
1052
1044
1032
1054
1044
1032
1054
1055
1051
1051
1055
1054
1051
1049
1055
1054
1056
1048
1056
1051
1049
1574
1319
1051
1044
1032
1055
1044
1032
1053
1051
1056
1053
1049
1049
1050
1049
1050
1057
1054
1056
1049
1053
1051
1574
1319
1049
1044
1032
1051
1044
1032
1055
1055
1055
1053
1056
1056
1053
1050
1057
1057
1050
1048
1056
1051
1055
3100
1369
1319
1053
1044
1032
1055
1044
1032
1051
1053
1052
1057
1056
1056
1055
1051
1048
1053
1049
1056
1052
1054
1048
1574
1319
1055
1044
1032
1056
1044
1032
1050
1056
1052
1050
1052
1050
1055
1050
1052
1056
1051
1051
1055
1050
1053
1456
1293
1032
8623
2351
1032
1053
1052
1049
1054
1055
1052
1050
1056
1053
1056
1267
1035
13516
4206
45525
48558
8594
46025
17846
21227
1041
1317
3160
9458
1626
1975
11
1010
10
1503
19464
1010
12
13
11
1010
10
3263
1267
16994
4607
6983
9700
1278
9458
1046
9380
1681
1278
3880
1877
17595
3581
1319
5943
8531
3690
3804
3640
1032
8933
92367
1082
6174
1076
1057
1078
106372
1052
1103
8261
1897
3110
1032
1055
1050
1044
1294
1534
13655
1561
1293
4206
45525
48558
8594
46025
17846
21227
1456
1032
8933
92367
1082
6174
1076
1057
1078
106372
1052
1103
8261
1897
3110
1032
1050
1056
1044
1294
4206
1010
1293
6852
15605
1040
1053
1044
1032
1054
1044
1032
1051
1050
1056
1044
31008
1049
1044
1032
1050
1044
1032
1057
1057
1574
1319
1049
1044
1032
1051
1044
1032
1049
1048
1050
1574
1319
1050
1044
1032
1051
1044
1032
1056
1054
1574
1319
1050
1044
1032
1052
1044
1032
1057
1052
1574
1319
1050
1044
1032
1053
1044
1032
1057
1053
1574
1319
1051
1044
1032
1052
1044
1032
1056
1049
1041
8623
2351
1032
1051
1052
1010
6367
12032
48697
48697
48697
48697
48697
48697
48697
48697
48697
48697
48697
48697
48697
48697
48697
48697
48697
48697
48697
48697
48697
48697
48697
48697
48697
48697
48697
48697
48697
48697
48697
48697
48697
48697
48697
48697
48697
48697
48697
48697
48697
48697
48697
48697
48697
48697
48697
48697
48697
48697
1010
31929
1292
4507
89644
2892
75956
1419
1044
1593
1395
2143
6255
1058
18228
1278
3629
2254
21734
1321
8953
3607
1044
10886
5687
1278
2254
5055
1321
2764
1747
1278
9458
1046
1603
24151
16424
70914
84674
14671
48761
1083
25461
4568
2715
30711
1278
3475
1636
13330
1294
1261
1335
107485
3475
4950
1319
3038
44642
1041
1319
43880
2084
80858
1278
4618
7389
1041
11
1010
10
1503
19464
1010
12
13
1010
1975
29896
1010
5011
130173
2671
25674
1267
3149
3081
48558
8594
2480
14124
4990
1044
20978
3640
1293
19639
23989
1747
64283
16429
1294
1261
8404
60113
1293
16429
1376
13207
1293
2569
19326
1747
25674
1307
1308
1045
1049
20978
1010
1293
1394
58156
1294
25674
71975
24404
1040
53989
20485
1308
1045
1049
3640
1369
6322
1376
1766
53989
3755
1093
1394
1623
1294
58156
2820
1369
2569
16143
97140
3253
2951
1010
1369
6577
1376
1445
1105
1058
14573
1394
1623
1294
4521
1040
1049
1044
1308
1043
1049
23784
1369
1394
1333
1044
1330
1044
1285
1294
6322
1877
1463
6577
81696
3077
15974
14097
1456
1463
6577
66105
3077
15974
24952
1456
1369
2569
12558
39040
2505
1398
21313
1010
1369
21643
1376
2016
2838
1369
17911
1376
1766
1049
2820
1369
21643
4297
1040
1049
1456
1369
3016
17911
1877
1463
6194
1376
17911
27699
1040
1048
1456
1463
1394
15745
1294
6577
111756
30689
1694
1693
15745
1605
1294
21643
1877
2006
21643
4297
1040
1546
53442
1456
2006
17911
7144
1040
1546
53442
1456
1369
1693
9027
1040
76009
1041
2351
1308
1877
1463
2569
3501
23068
4206
1462
1261
8822
8404
1454
1308
1045
1049
20978
1395
1261
9917
1010
1463
16429
7144
67408
2363
1456
1293
1850
16429
1267
1110
1376
1032
1053
1010
53989
1376
31008
1049
1044
1032
1050
1044
1032
1057
1057
1574
1319
1049
1044
1032
1051
1044
1032
1049
1048
1050
1574
1319
1050
1044
1032
1051
1044
1032
1056
1054
1574
1319
1050
1044
1032
1052
1044
1032
1057
1052
1574
1319
1050
1044
1032
1053
1044
1032
1057
1053
1574
1319
1051
1044
1032
1052
1044
1032
1056
1049
17572
1107
1376
1032
1051
1050
1056
1267
3504
1264
1376
3081
48558
8594
2480
14124
4990
1044
20978
1456
3312
3526
1034
6984
1307
64283
16429
1058
1445
5197
1040
3504
1264
12679
3768
2975
1623
1044
9917
1294
42478
1040
3504
1264
3640
1293
3788
1376
4556
1040
53989
45721
5371
1050
1093
1394
25294
1294
9917
1456
1293
2005
24075
1376
3788
2545
1409
1010
1293
3763
3526
1034
1032
21864
1445
1105
1043
1049
28748
20978
1445
41201
4179
4556
3181
15384
4179
2005
3181
4591
24075
123980
1035
20776
11835
81793
1010
2422
17846
1376
2365
62071
1040
53989
45721
5371
1050
1093
1394
25294
1294
9917
1041
2545
1409
1394
9917
1294
16429
1456
3312
3526
1034
75482
81793
1058
1445
2422
17846
34069
2731
1073
7534
5687
1278
2254
1536
27184
2283
1747
64283
16429
1321
13170
1278
11835
1319
4845
1307
25980
81793
1409
1577
9246
1639
2158
21294
2036
9705
1454
1261
7586
8466
1044
2430
5687
1278
5275
5097
1626
2640
1975
29896
1010
5011
130173
2671
25674
1010
5011
38227
2671
5247
1044
81409
1267
3149
2365
48558
8594
46025
17846
21227
4990
1058
1935
1044
1283
1058
1935
1044
1409
1058
1935
1044
20978
1058
5247
1091
74988
59939
1044
1935
1044
1935
1093
8623
4906
1935
1877
1293
19639
36296
1261
41231
6165
8822
1673
58636
8404
1044
3081
1278
11835
4362
1307
1261
1032
1010
1293
64283
9917
2478
4362
1376
1319
4845
1307
10314
25980
1041
81793
1409
1626
1293
13118
1293
2569
2788
86856
1747
49581
1307
1308
1045
1049
20978
1010
1293
2365
17846
1376
1409
1032
2569
28553
1454
4433
9039
2224
2258
4171
2005
2282
1010
1260
1010
1293
2569
19326
1747
25674
1307
1308
1045
1049
20978
1010
1293
1394
58156
1294
25674
71975
5239
1574
1308
1462
1032
1049
3640
1369
2569
16143
97140
3253
2951
1394
1593
19469
1010
1369
6577
1376
1445
1105
1058
14573
1394
1623
1294
4521
1040
1049
1044
1308
1867
1032
1049
23784
1369
3788
53347
1376
1032
1048
1010
1369
1394
25294
1294
58156
1877
1463
1333
1044
1330
1044
1285
1376
20978
45721
2820
1463
6577
81696
3077
15974
14097
1456
1463
6577
66105
3077
15974
24952
1456
1463
3788
53347
5773
1285
1010
1301
1010
1369
2569
12558
39040
2505
1398
21313
18392
21313
1010
1369
21643
1376
2016
2838
1369
11658
1376
1766
1049
2820
1369
21643
4297
1040
1049
1456
1369
3016
11658
1877
1463
6194
1376
11658
27699
2838
1463
1394
15745
1294
6577
111756
30689
1694
1693
15745
1605
1294
21643
1877
2006
21643
4297
1040
1546
53442
1456
2006
11658
7144
1040
1546
53442
1456
1301
1010
1369
2569
3367
1747
36281
1584
21643
1044
1494
1681
1261
64283
9917
1010
1369
1693
9027
1040
76009
1041
2351
1308
1877
1463
2005
24075
1376
3788
53347
2545
1409
1010
1463
1693
2005
24075
1534
2365
17846
1877
1694
2365
17846
1376
2005
24075
1010
1260
1010
1293
1850
2365
17846
1267
1035
7637
1278
2254
1454
1278
5662
2688
5443
1010
3149
4206
5164
52143
3640
1293
2569
35237
2688
5443
1010
1293
6852
15605
1040
1053
1044
1032
1054
1044
1032
1051
1050
1056
1044
31008
1049
1044
1032
1050
1044
1032
1057
1057
1574
1319
1049
1044
1032
1051
1044
1032
1049
1048
1050
1574
1319
1050
1044
1032
1051
1044
1032
1056
1054
1574
1319
1050
1044
1032
1052
1044
1032
1057
1052
1574
1319
1050
1044
1032
1053
1044
1032
1057
1053
1574
1319
1051
1044
1032
1052
1044
1032
1056
1049
1041
8623
2351
1032
1051
1052
1044
1284
1034
83704
1445
1099
52143
1040
1053
1044
1032
1054
1044
1032
1051
1050
1056
1044
31008
1049
1044
1032
1050
1044
1032
1057
1057
1574
1319
1049
1044
1032
1051
1044
1032
1049
1048
1050
1574
1319
1050
1044
1032
1051
1044
1032
1056
1054
1574
1319
1050
1044
1032
1052
1044
1032
1057
1052
1574
1319
1050
1044
1032
1053
1044
1032
1057
1053
1574
1319
1051
1044
1032
1052
1044
1032
1056
1049
1041
8623
34395
1293
6852
15605
1040
1054
1044
1032
1053
1044
1032
1057
1057
1056
1050
1052
1052
1051
1053
1051
1044
31008
1049
1044
1032
1050
1044
1032
1051
1051
1055
1051
1054
1049
1053
1054
1056
1574
1319
1049
1044
1032
1054
1044
1032
1052
1053
1048
1051
1052
1051
1051
1048
1052
1574
1319
1050
1044
1032
1051
1044
1032
1054
1049
1052
1055
1055
1050
1052
1052
1574
1319
1050
1044
1032
1053
1044
1032
1055
1052
1053
1051
1056
1051
1052
1051
1056
1574
1319
1052
1044
1032
1053
1044
1032
1055
1050
1055
1051
1054
1048
1056
1052
1048
1041
8623
2351
1032
1051
1050
1053
1052
1051
1055
1054
1056
1056
1010
1293
6852
15605
1040
1056
1044
1032
1050
1056
1044
1032
1057
1051
1054
1050
1057
1052
1048
1052
1049
1056
1053
1048
1049
1057
1055
1044
6923
1369
1319
1049
1044
1032
1050
1044
1032
1052
1055
1051
1050
1057
1052
1055
1050
1048
1057
1048
1054
1055
1056
1048
1574
1319
1049
1044
1032
1051
1044
1032
1055
1052
1051
1048
1051
1048
1056
1048
1048
1049
1051
1057
1050
1052
1052
1574
1319
1049
1044
1032
1052
1044
1032
1055
1048
1057
1051
1054
1051
1048
1049
1057
1052
1049
1052
1055
1055
1052
1574
1319
1049
1044
1032
1053
1044
1032
1051
1056
1051
1054
1052
1051
1054
1049
1050
1052
1057
1048
1051
1049
1050
3100
1369
1319
1049
1044
1032
1054
1044
1032
1053
1053
1055
1049
1048
1050
1055
1056
1049
1048
1050
1050
1056
1054
1049
1574
1319
1049
1044
1032
1055
1044
1032
1054
1050
1051
1049
1055
1057
1050
1056
1056
1053
1051
1056
1049
1051
1056
1574
1319
1049
1044
1032
1056
1044
1032
1055
1051
1057
1054
1049
1056
1053
1057
1057
1052
1049
1048
1056
1048
1057
1574
1319
1050
1044
1032
1051
1044
1032
1056
1053
1055
1054
1056
1055
1056
1049
1050
1050
1057
1052
1052
1048
1052
3100
1369
1319
1050
1044
1032
1052
1044
1032
1056
1057
1051
1057
1050
1051
1049
1054
1056
1049
1051
1057
1055
1049
1052
1574
1319
1050
1044
1032
1053
1044
1032
1053
1056
1049
1056
1050
1050
1052
1055
1049
1056
1054
1048
1054
1054
1050
1574
1319
1050
1044
1032
1054
1044
1032
1055
1052
1048
1053
1052
1057
1051
1054
1051
1053
1056
1054
1053
1053
1056
1574
1319
1050
1044
1032
1055
1044
1032
1051
1048
1055
1050
1050
1054
1052
1051
1056
1056
1051
1051
1050
1050
1050
3100
1369
1319
1050
1044
1032
1056
1044
1032
1052
1052
1055
1051
1057
1057
1048
1050
1057
1057
1053
1050
1057
1057
1056
1574
1319
1051
1044
1032
1052
1044
1032
1054
1051
1054
1051
1049
1056
1048
1056
1051
1054
1050
1050
1055
1054
1056
1574
1319
1051
1044
1032
1053
1044
1032
1052
1052
1053
1052
1056
1055
1048
1055
1054
1052
1051
1054
1050
1050
1574
1319
1051
1044
1032
1054
1044
1032
1051
1048
1055
1050
1054
1050
1055
1056
1049
1050
1052
1048
1055
1053
1053
3100
1369
1319
1051
1044
1032
1055
1044
1032
1049
1050
1048
1055
1048
1050
1054
1055
1051
1056
1056
1050
1051
1048
1574
1319
1051
1044
1032
1056
1044
1032
1055
1048
1048
1050
1052
1055
1050
1054
1051
1049
1056
1052
1048
1056
1050
1574
1319
1052
1044
1032
1053
1044
1032
1053
1054
1048
1053
1054
1055
1056
1057
1048
1051
1050
1053
1051
1051
1051
1574
1319
1052
1044
1032
1054
1044
1032
1055
1048
1052
1055
1050
1054
1049
1049
1051
1055
1049
1055
1049
1052
1055
3100
1369
1319
1052
1044
1032
1055
1044
1032
1053
1056
1056
1050
1054
1051
1056
1049
1056
1054
1049
1053
1054
1056
1055
1574
1319
1052
1044
1032
1056
1044
1032
1053
1052
1057
1048
1048
1055
1053
1051
1054
1051
1057
1051
1049
1055
1050
1574
1319
1053
1044
1032
1054
1044
1032
1055
1055
1057
1050
1051
1048
1056
1055
1049
1048
1056
1048
1052
1048
1056
1574
1319
1053
1044
1032
1055
1044
1032
1056
1050
1053
1057
1056
1050
1053
1056
1051
1055
1056
1054
1052
1057
1056
3100
1369
1319
1053
1044
1032
1056
1044
1032
1055
1049
1051
1057
1050
1056
1057
1057
1056
1049
1055
1052
1050
1055
1050
1574
1319
1054
1044
1032
1055
1044
1032
1055
1053
1049
1051
1051
1049
1048
1055
1052
1053
1051
1056
1056
1050
1054
1574
1319
1054
1044
1032
1056
1044
1032
1052
1052
1057
1056
1055
1051
1054
1051
1053
1052
1051
1048
1050
1050
1056
1574
1319
1055
1044
1032
1056
1044
1032
1049
1049
1050
1057
1056
1051
1056
1049
1055
1054
1049
1052
1055
1057
1456
1293
1032
8623
2351
1032
1049
1049
1051
1054
1048
1055
1049
1054
1051
1055
1051
1010
1260
1010
1293
2569
31054
2688
5443
1010
1293
6852
15605
1040
1050
1044
1032
1049
1044
1032
1050
1052
1057
1057
1053
1057
1057
1050
1056
1056
1055
1056
1057
1049
1054
1044
31008
1049
1044
1032
1050
1044
1032
1056
1049
1055
1048
1051
1055
1051
1057
1051
1054
1057
1055
1054
1056
1041
8623
2351
1032
1056
1049
1055
1048
1051
1055
1051
1057
1051
1054
1057
1055
1054
1056
1010
1293
6852
15605
1040
1050
1044
1032
1049
1044
1032
1057
1048
1057
1050
1053
1053
1051
1057
1049
1048
1051
1055
1055
1051
1055
1044
31008
1049
1044
1032
1050
1044
1032
1053
1050
1050
1048
1050
1057
1057
1049
1053
1048
1055
1048
1051
1057
1051
1041
8623
2351
1032
1053
1050
1050
1048
1050
1057
1057
1049
1053
1048
1055
1048
1051
1057
1051
1010
1293
6852
15605
1040
1050
1044
1032
1049
1044
1032
1051
1056
1052
1055
1057
1050
1056
1048
1050
1056
1052
1048
1055
1052
1056
1044
31008
1049
1044
1032
1050
1044
1032
1050
1056
1057
1053
1048
1051
1052
1053
1050
1053
1055
1050
1054
1057
1055
1041
8623
2351
1032
1050
1056
1057
1053
1048
1051
1052
1053
1050
1053
1055
1050
1054
1057
1055
1010
1293
6852
15605
1040
1050
1044
1032
1049
1044
1032
1057
1051
1057
1056
1053
1055
1049
1052
1055
1053
1053
1048
1054
1056
1055
1044
31008
1049
1044
1032
1050
1044
1032
1050
1048
1049
1053
1054
1057
1049
1057
1052
1053
1051
1053
1053
1048
1051
1041
8623
2351
1032
1050
1048
1049
1053
1054
1057
1049
1057
1052
1053
1051
1053
1053
1048
1051
1010
1293
6852
15605
1040
1051
1044
1032
1050
1044
1032
1056
1053
1050
1057
1052
1055
1049
1054
1051
1056
1050
1056
1050
1057
1044
31008
1049
1044
1032
1051
1044
1032
1050
1057
1055
1051
1055
1049
1055
1048
1054
1052
1052
1056
1057
1051
1574
1319
1049
1044
1032
1050
1044
1032
1049
1050
1048
1057
1049
1049
1052
1056
1049
1055
1051
1052
1048
1050
1041
8623
2351
1032
1052
1049
1056
1050
1056
1051
1049
1056
1056
1049
1056
1050
1057
1053
1010
1293
6852
15605
1040
1051
1044
1032
1050
1044
1032
1050
1053
1054
1048
1054
1051
1054
1049
1053
1049
1050
1052
1049
1054
1053
1044
31008
1050
1044
1032
1051
1044
1032
1050
1051
1052
1057
1053
1051
1050
1051
1055
1055
1051
1053
1057
1053
1049
1574
1319
1049
1044
1032
1050
1044
1032
1052
1051
1052
1050
1048
1057
1056
1056
1048
1052
1051
1054
1048
1057
1041
8623
2351
1032
1050
1050
1051
1049
1048
1054
1049
1048
1054
1053
1053
1051
1057
1053
1010
1293
6852
15605
1040
1051
1044
1032
1051
1044
1032
1049
1049
1057
1057
1053
1057
1050
1053
1054
1053
1052
1053
1055
1049
1054
1044
31008
1050
1044
1032
1051
1044
1032
1049
1057
1051
1052
1052
1053
1057
1055
1051
1048
1051
1054
1049
1054
1574
1319
1049
1044
1032
1050
1044
1032
1052
1053
1049
1053
1048
1056
1050
1052
1057
1050
1055
1050
1053
1057
1574
1319
1049
1044
1032
1051
1044
1032
1052
1053
1057
1052
1049
1057
1053
1052
1057
1048
1049
1052
1056
1050
1041
8623
2351
1032
1054
1052
1052
1057
1053
1052
1050
1050
1050
1051
1048
1056
1055
1053
1010
1260
1010
1293
6852
15605
1040
1056
1044
1032
1049
1049
1044
1032
1055
1049
1056
1055
1054
1050
1057
1055
1057
1049
1054
1049
1052
1054
1055
1044
6923
1369
1319
1051
1044
1032
1052
1044
1032
1053
1057
1052
1057
1057
1055
1056
1053
1056
1048
1051
1051
1049
1050
1050
1574
1319
1049
1044
1032
1055
1044
1032
1049
1056
1055
1053
1048
1048
1050
1056
1051
1048
1049
1053
1051
1055
1053
1574
1319
1052
1044
1032
1054
1044
1032
1051
1057
1052
1056
1052
1050
1048
1054
1049
1052
1053
1048
1055
1051
1052
1574
1319
1050
1044
1032
1056
1044
1032
1053
1055
1053
1057
1050
1056
1054
1051
1054
1050
1054
1052
1054
1057
1049
3100
1369
1319
1049
1044
1032
1053
1044
1032
1049
1048
1054
1051
1053
1057
1050
1053
1052
1054
1056
1050
1057
1051
1056
1574
1319
1055
1044
1032
1056
1044
1032
1052
1055
1053
1056
1056
1052
1056
1052
1049
1055
1051
1048
1056
1049
1053
1574
1319
1053
1044
1032
1056
1044
1032
1055
1056
1049
1049
1051
1057
1049
1048
1057
1057
1050
1052
1054
1574
1319
1049
1044
1032
1051
1044
1032
1054
1055
1057
1056
1048
1053
1057
1057
1049
1051
1051
1053
1055
1051
1055
3100
1369
1319
1049
1044
1032
1052
1044
1032
1054
1055
1055
1052
1050
1050
1048
1053
1056
1050
1051
1051
1052
1049
1055
1574
1319
1049
1044
1032
1056
1044
1032
1051
1057
1057
1050
1054
1049
1051
1048
1056
1050
1053
1057
1057
1054
1574
1319
1050
1044
1032
1055
1044
1032
1051
1056
1056
1056
1050
1050
1052
1053
1055
1049
1052
1054
1051
1049
1057
1456
1293
1032
8623
2351
1032
1051
1053
1053
1056
1053
1048
1051
1048
1057
1052
1057
1052
1054
1055
1010
1260
1010
1293
6852
15605
1040
1056
1044
1032
1049
1053
1044
1032
1055
1057
1053
1054
1055
1050
1054
1048
1052
1051
1050
1051
1051
1048
1053
1044
6923
1369
1319
1052
1044
1032
1056
1044
1032
1055
1052
1049
1056
1049
1055
1056
1050
1050
1050
1055
1050
1055
1054
1053
1574
1319
1051
1044
1032
1052
1044
1032
1051
1051
1057
1048
1050
1054
1057
1050
1054
1055
1050
1053
1050
1053
1574
1319
1054
1044
1032
1055
1044
1032
1049
1051
1057
1057
1052
1048
1056
1049
1048
1054
1056
1052
1054
1052
1049
1574
1319
1052
1044
1032
1055
1044
1032
1056
1050
1053
1056
1052
1055
1050
1051
1054
1054
1049
1054
1055
1052
3100
1369
1319
1054
1044
1032
1056
1044
1032
1051
1056
1055
1056
1052
1051
1049
1057
1050
1049
1055
1055
1051
1055
1049
1574
1319
1050
1044
1032
1054
1044
1032
1051
1056
1055
1057
1056
1056
1050
1054
1053
1054
1056
1050
1052
1054
1050
1574
1319
1053
1044
1032
1054
1044
1032
1054
1056
1049
1052
1056
1055
1051
1056
1051
1052
1048
1048
1056
1050
1574
1319
1051
1044
1032
1055
1044
1032
1049
1050
1055
1052
1049
1052
1050
1050
1051
1057
1048
1057
1049
1057
1051
3100
1369
1319
1050
1044
1032
1052
1044
1032
1053
1050
1054
1049
1051
1049
1053
1053
1056
1052
1048
1053
1049
1049
1054
1574
1319
1049
1044
1032
1054
1044
1032
1051
1056
1049
1056
1050
1053
1049
1056
1051
1054
1053
1048
1050
1052
1574
1319
1049
1044
1032
1052
1044
1032
1053
1048
1057
1052
1050
1052
1049
1051
1052
1055
1051
1051
1056
1051
1051
1574
1319
1051
1044
1032
1054
1044
1032
1054
1051
1051
1050
1054
1050
1052
1055
1048
1054
1048
1053
1053
1052
1049
3100
1369
1319
1051
1044
1032
1053
1044
1032
1050
1057
1053
1054
1053
1050
1056
1048
1049
1049
1053
1048
1574
1319
1049
1044
1032
1051
1044
1032
1056
1048
1057
1049
1054
1056
1053
1049
1049
1054
1048
1056
1055
1049
1574
1319
1050
1044
1032
1056
1044
1032
1053
1050
1054
1056
1048
1056
1052
1052
1056
1056
1052
1057
1052
1050
1055
1456
1293
1032
8623
2351
1032
1050
1057
1048
1057
1057
1055
1049
1048
1049
1052
1051
1010
1260
1010
1293
6852
15605
1040
1056
1044
1032
1050
1054
1044
1032
1056
1049
1057
1056
1053
1049
1057
1048
1054
1053
1054
1055
1054
1053
1053
1044
6923
1369
1319
1050
1044
1032
1055
1044
1032
1051
1048
1055
1048
1057
1052
1054
1056
1055
1049
1053
1056
1057
1055
1574
1319
1052
1044
1032
1056
1044
1032
1052
1050
1054
1048
1052
1057
1052
1053
1052
1051
1056
1051
1048
1055
1053
1574
1319
1049
1044
1032
1052
1044
1032
1053
1051
1054
1050
1056
1054
1054
1053
1048
1056
1055
1054
1055
1049
1051
1574
1319
1051
1044
1032
1052
1044
1032
1054
1054
1055
1055
1055
1053
1049
1055
1057
1055
1052
1049
1051
1052
1052
3100
1369
1319
1050
1044
1032
1052
1044
1032
1052
1056
1056
1048
1049
1050
1050
1057
1049
1055
1052
1048
1054
1049
1049
1574
1319
1049
1044
1032
1053
1044
1032
1055
1048
1055
1056
1048
1052
1057
1056
1051
1053
1054
1048
1056
1053
1048
1574
1319
1053
1044
1032
1054
1044
1032
1049
1051
1052
1057
1049
1048
1053
1054
1056
1049
1052
1055
1055
1055
1053
1574
1319
1051
1044
1032
1053
1044
1032
1053
1057
1057
1057
1053
1057
1048
1057
1049
1056
1056
1052
1057
1048
1050
3100
1369
1319
1050
1044
1032
1053
1044
1032
1053
1056
1052
1053
1053
1056
1053
1055
1053
1054
1052
1056
1054
1056
1574
1319
1051
1044
1032
1056
1044
1032
1053
1053
1050
1057
1053
1052
1054
1054
1050
1055
1051
1050
1055
1050
1055
1574
1319
1050
1044
1032
1054
1044
1032
1052
1056
1056
1052
1049
1056
1048
1050
1052
1048
1052
1050
1052
1048
1054
1574
1319
1049
1044
1032
1050
1044
1032
1056
1049
1055
1053
1049
1048
1050
1051
1055
1054
1056
1053
1055
1050
1054
3100
1369
1319
1049
1044
1032
1055
1044
1032
1055
1055
1053
1053
1051
1053
1048
1057
1057
1056
1055
1057
1052
1052
1057
1574
1319
1051
1044
1032
1054
1044
1032
1052
1050
1053
1052
1057
1056
1053
1050
1057
1053
1049
1055
1056
1574
1319
1054
1044
1032
1056
1044
1032
1052
1056
1056
1053
1055
1052
1055
1050
1052
1051
1052
1048
1057
1057
1051
1574
1319
1054
1044
1032
1055
1044
1032
1049
1053
1049
1051
1057
1056
1056
1050
1055
1053
1054
1048
1056
1053
1057
3100
1369
1319
1050
1044
1032
1051
1044
1032
1052
1050
1051
1050
1050
1056
1055
1049
1054
1057
1048
1050
1055
1054
1048
1574
1319
1052
1044
1032
1055
1044
1032
1049
1056
1054
1052
1057
1054
1056
1055
1048
1056
1054
1054
1054
1055
1574
1319
1050
1044
1032
1056
1044
1032
1054
1049
1050
1051
1049
1055
1056
1053
1057
1052
1051
1057
1051
1054
1051
1574
1319
1053
1044
1032
1056
1044
1032
1051
1054
1048
1050
1050
1048
1049
1054
1049
1052
1049
1053
1049
1055
1048
3100
1369
1319
1049
1044
1032
1056
1044
1032
1055
1055
1048
1054
1050
1057
1053
1056
1053
1052
1053
1049
1051
1051
1056
1574
1319
1052
1044
1032
1054
1044
1032
1054
1055
1051
1051
1055
1054
1051
1049
1055
1054
1056
1048
1056
1051
1049
1574
1319
1051
1044
1032
1055
1044
1032
1053
1051
1056
1053
1049
1049
1050
1049
1050
1057
1054
1056
1049
1053
1051
1574
1319
1049
1044
1032
1051
1044
1032
1055
1055
1055
1053
1056
1056
1053
1050
1057
1057
1050
1048
1056
1051
1055
3100
1369
1319
1053
1044
1032
1055
1044
1032
1051
1053
1052
1057
1056
1056
1055
1051
1048
1053
1049
1056
1052
1054
1048
1574
1319
1055
1044
1032
1056
1044
1032
1050
1056
1052
1050
1052
1050
1055
1050
1052
1056
1051
1051
1055
1050
1053
1456
1293
1032
8623
2351
1032
1053
1052
1049
1054
1055
1052
1050
1056
1053
1056
1267
1035
15614
1278
9458
1010
6390
45525
48558
8594
46025
17846
21227
1456
3312
1796
4668
9458
9852
72071
1975
11
1010
10
3263
1267
16994
4607
6983
9700
1278
9458
1046
9380
1681
1278
3880
1877
1032
8933
92367
1114
1068
6578
1056
1055
1055
1108
1078
1074
8261
1897
3110
1032
1055
1050
1010
1293
1362
7534
5687
1278
2254
1536
27184
2283
1747
64283
16429
1321
13170
1278
11835
1319
4845
1307
25980
81793
1409
1577
9246
1639
2158
21294
2036
9705
1454
1261
7586
8466
1044
2430
5687
1278
5275
5097
1626
1260
127578
77307
4507
1058
5995
2422
1621
3310
42715
1319
13300
5573
1513
3110
1032
1055
1050
1801
4688
2892
75956
1419
1044
1593
1395
2143
6255
1058
18228
1278
3629
2254
21734
1321
8953
3607
1044
10886
5687
1278
2254
5055
1321
2764
1747
1278
9458
1046
1603
24151
16424
70914
84674
14671
48761
1083
25461
4568
2715
30711
1278
3475
1636
13330
1294
1261
1335
107485
3475
4950
1319
3038
44642
1041
1319
43880
2084
80858
1278
4618
7389
1041
11
1010
10
1503
19464
1010
12
1010
12
12598
1639
26812
1278
6255
1046
1362
2534
1317
5687
1278
2254
2000
2422
48558
8594
46025
17846
21227
1096
1455
23880
1278
11835
4362
1307
1261
64283
9917
2478
1278
4362
1395
6493
1435
1278
4556
1307
10314
25980
81793
1409
1338
1784
2254
21734
1395
1877
1975
29896
1010
3149
2365
48558
8594
46025
17846
21227
4990
1058
1935
1044
1283
1058
1935
1044
1409
1058
1935
1044
20978
1058
5247
1091
74988
59939
1044
1935
1044
1935
1093
8623
4906
1935
1877
2731
4998
2156
1584
2688
5443
1455
1362
2534
1317
2764
1046
1531
3844
16009
1395
1308
9120
1032
1056
1044
1799
4938
1278
2782
1307
36281
1395
3435
3709
1319
1982
1317
1032
1056
1577
2409
1395
4023
3147
1494
4938
1362
1710
2210
92098
128113
14644
2479
27184
2283
1747
64283
16429
1338
12598
1639
3648
2314
1278
5125
2100
1049
1046
9748
1308
9120
1032
1056
1044
1278
2782
1307
20978
1283
9120
1308
19197
1110
1045
1049
12982
1050
1376
1032
1050
1056
1394
1308
1061
1056
1010
1050
1046
1349
64283
9917
1934
10693
1308
1045
1049
20978
1010
1051
1046
1362
2534
1317
3081
1747
64283
16429
1044
24002
1319
4845
1307
10314
25980
1041
2545
1409
1394
2744
1044
1321
3081
1278
11835
1267
36296
1278
3709
16009
1408
1308
1044
1362
1710
1877
1049
1046
54148
1747
25674
1307
1308
1045
1049
20978
1562
1278
1283
20978
1010
1050
1046
2898
2744
9943
1044
4206
1693
1494
9301
1261
64283
9917
1319
16762
1115
1747
1308
36281
1454
1836
23068
1456
1051
1046
3367
1494
1681
1261
64283
9917
1044
24002
1278
81793
1321
6933
1278
11835
1267
12598
1639
21294
1593
5125
1454
1278
2158
2688
2937
1877
1045
1308
1061
1053
1044
1283
1061
1054
1044
1409
1061
1051
1050
1056
1010
1045
20978
1058
31008
1049
1044
1032
1050
1044
1032
1057
1057
1574
1319
1049
1044
1032
1051
1044
1032
1049
1048
1050
1574
1319
1050
1044
1032
1051
1044
1032
1056
1054
1574
1319
1050
1044
1032
1052
1044
1032
1057
1052
1574
1319
1050
1044
1032
1053
1044
1032
1057
1053
1574
1319
1051
1044
1032
1052
1044
1032
1056
1049
17572
1045
2837
2534
64283
16429
1454
1032
1052
20978
1010
1045
12153
25674
1058
1359
1040
1054
1044
1052
1041
1376
1032
1049
1053
1267
12598
1639
23898
4206
2269
64283
16429
1877
1045
21864
1454
20978
1058
1319
1049
1044
1050
1044
1057
1057
1574
1319
1049
1044
1051
1044
1049
1048
1050
1574
1319
1050
1044
1052
1044
1057
1052
1574
1319
1050
1044
1053
1044
1057
1053
1041
4906
4556
1376
1032
1057
1057
1043
1049
1048
1050
1043
1057
1052
1043
1057
1053
1376
1032
1051
1057
1048
1044
2005
1032
1051
1050
1056
1376
1032
1054
1050
1010
1045
21864
1454
20978
1058
1319
1050
1044
1051
1044
1056
1054
1574
1319
1050
1044
1052
1044
1057
1052
1574
1319
1050
1044
1053
1044
1057
1053
1574
1319
1049
1044
1051
1044
1049
1048
1050
1041
4906
4556
1376
1032
1056
1054
1043
1057
1052
1043
1057
1053
1043
1049
1048
1050
1376
1032
1051
1055
1055
1044
2005
1032
1051
1050
1056
1376
1032
1052
1057
1010
1045
6704
1338
1784
6878
4832
1395
1032
1051
1052
1338
12598
1639
3648
2314
2606
1317
4206
1693
1261
2016
1307
1308
1045
1049
20978
9301
1261
64283
9917
1877
1045
2157
4016
8044
1747
1308
36281
1319
2649
14995
36281
1456
1045
2157
4016
1736
10693
1308
1045
1049
20978
1010
1045
1349
8822
8404
1454
1308
36281
1321
1308
1045
1049
20978
1395
20594
1261
9917
1319
2649
23068
1801
8032
1278
4206
1395
1058
3120
1278
19469
1307
20978
8044
1747
1308
36281
2634
1073
1710
2210
10672
7328
1629
1319
16434
53282
7916
10672
1041
1505
1398
21313
18392
21313
1317
4206
39040
1338
12598
1639
5687
1593
2100
1975
29896
1010
5011
130173
2671
25674
1010
5011
38227
2671
5247
1044
81409
1267
3149
2365
48558
8594
46025
17846
21227
4990
1058
1935
1044
1283
1058
1935
1044
1409
1058
1935
1044
20978
1058
5247
1091
74988
59939
1044
1935
1044
1935
1093
8623
4906
1935
1877
1293
2121
1395
48558
8594
46025
1040
17729
77004
3640
1369
2569
13516
10672
7328
1629
1317
4206
1693
2576
20978
2071
1261
64283
9917
1010
1369
7917
1376
2951
71975
4990
1867
1032
1049
2798
1032
2569
1032
1049
37601
1286
1010
1301
1010
1369
2121
3081
4790
3640
1463
3016
7917
25207
1093
3942
2460
1877
1694
7917
25207
1093
1376
7917
1091
7669
25207
33024
1694
2460
1376
7917
25207
2820
1463
1850
2460
1010
1301
1010
1369
2121
18820
4790
1044
1404
3640
1463
31747
1044
11442
1376
3081
4790
1574
3081
16367
1456
1463
1693
31747
2351
11442
1877
1694
1850
12819
1032
2569
11119
1010
1463
7917
1091
3654
1093
1376
11442
1010
1463
1850
10344
1010
1301
1010
1369
10314
13183
1376
1032
1048
1010
1369
1394
25294
1294
10314
77004
1877
1463
1333
1044
1330
1044
1285
1376
20978
45721
2820
1463
1693
1605
18820
24952
1044
1330
3640
1694
1850
12819
1032
2569
11119
11116
1010
1463
10314
13183
5773
1032
1049
1010
1301
1010
1369
2569
12558
1693
1747
36281
1584
8822
1010
1369
8181
1376
3081
1040
1049
1456
1369
1394
1623
1294
4521
1040
1050
1044
1308
1867
1032
1049
3640
1463
1693
3081
6534
1041
3942
8181
1877
1694
1850
12819
1032
2569
1605
1747
8822
1010
1301
1010
1369
2569
26666
1736
10693
1308
1045
1049
20978
1010
1369
1850
10314
13183
2351
1308
1462
1032
1049
1010
1260
1010
1293
2365
17846
1376
1409
1032
2569
28553
1454
6705
4171
2005
2632
1867
1032
1049
1010
1260
1010
1293
2569
19326
1747
25674
1307
1308
1045
1049
20978
1010
1293
1394
58156
1294
25674
71975
5239
1574
1308
1462
1032
1049
3640
1369
1693
1395
48558
8594
46025
67408
2363
3640
1463
3788
53347
1376
4556
1040
53989
45721
5371
1050
1093
1394
25294
1294
58156
1456
1463
2005
24075
1376
3788
53347
2545
1409
1010
1463
1693
2005
24075
1534
2365
17846
1877
1694
2365
17846
1376
2005
24075
1010
1260
1010
1293
1850
2365
17846
1010
2731
28191
1044
2156
1681
1420
6769
1454
2036
10672
7328
1629
5125
1046
3367
2156
1681
1261
11119
1044
1362
1850
12819
1044
1809
1362
3637
2534
1317
4206
1693
1729
1736
10693
1308
1045
1049
20978
1455
8044
1747
36281
1046
49032
1044
1693
1729
1736
1308
1045
1049
20978
1321
1836
23068
1044
2430
1494
1681
16162
1261
64283
9917
1319
31390
8404
1454
1308
36281
1321
1308
1045
1049
20978
1395
1261
9917
2519
12598
1639
102361
1058
1032
1010
1045
3367
1729
1736
10693
1308
1045
1049
20978
1321
1836
23068
1044
2430
1494
1681
1261
64283
9917
1010
1045
3367
1729
1736
10693
1308
1045
1049
20978
1321
1747
36281
1584
8822
1044
2430
1494
1681
1261
64283
9917
1319
2649
23068
42296
1801
8032
1278
4206
2715
1402
1877
1049
1046
20088
1308
1045
1049
20978
1010
1050
1046
12558
1693
2127
2071
1261
8822
8404
1319
1599
36281
1294
1925
6709
1456
1051
1046
3367
14842
1044
1494
1681
1261
64283
9917
1267
97565
1044
1261
8404
1454
1308
36281
1321
1308
1045
1049
20978
1455
1395
8822
1395
20594
1261
9917
1319
2649
23068
1577
4493
1362
2586
2534
1317
4206
39040
1338
12598
1639
97484
2100
1975
29896
1010
3149
2365
48558
8594
46025
17846
21227
4990
1058
1935
1044
1283
1058
1935
1044
1409
1058
1935
1044
20978
1058
5247
1091
74988
59939
1044
1935
1044
1935
1093
8623
4906
1935
1877
1293
2121
1395
1095
31390
1040
17729
77004
3640
1369
2569
16143
97140
3253
2951
1010
1369
6577
1376
1445
1105
1058
14573
1394
1623
1294
4521
1040
1049
1044
1308
1867
1032
1049
23784
1369
1394
25294
1294
10314
77004
1877
1463
1333
1044
1330
1044
1285
1376
20978
45721
2820
1463
6577
81696
3077
15974
14097
1456
1463
6577
66105
3077
15974
24952
1456
1301
1010
1369
2569
1398
21313
1317
4206
39040
1010
1369
21643
1376
2016
2838
1369
11658
1376
1766
1049
2820
1369
21643
4297
1040
1049
1456
1369
3016
11658
1877
1463
6194
1376
11658
27699
2838
1463
1394
15745
1294
6577
111756
30689
1694
1693
15745
1605
1294
21643
1877
2006
21643
4297
1040
1546
53442
1456
2006
11658
7144
1040
1546
53442
1456
1301
1010
1369
1850
9027
1040
76009
1041
2351
1308
1010
1260
1010
1293
2365
17846
1376
1409
1010
1260
1010
1293
1394
58156
1294
25674
71975
5239
1574
1308
1462
1032
1049
3640
1369
1693
1395
1095
31390
67408
2363
3640
1463
3788
53347
1376
4556
1040
53989
45721
5371
1050
1093
1394
25294
1294
58156
1456
1463
2005
24075
1376
3788
53347
2545
1409
1010
1463
1693
2005
24075
1534
2365
17846
1877
1694
2365
17846
1376
2005
24075
1010
1260
1010
1293
1850
2365
17846
1010
2731
4380
2715
2196
1046
9246
1639
19087
2645
1278
2158
2688
2937
2100
1110
1061
1053
1044
1283
1061
1054
1044
1409
1061
1051
1050
1056
1010
53989
1058
31008
1049
1044
1032
1050
1044
1032
1057
1057
1574
1319
1049
1044
1032
1051
1044
1032
1049
1048
1050
1574
1319
1050
1044
1032
1051
1044
1032
1056
1054
1574
1319
1050
1044
1032
1052
1044
1032
1057
1052
1574
1319
1050
1044
1032
1053
1044
1032
1057
1053
1574
1319
1051
1044
1032
1052
1044
1032
1056
1049
69780
4268
2534
25674
1307
1032
1052
20978
1562
1032
1054
1044
1799
1395
1359
1040
1054
1044
1052
1041
1376
1032
1049
1053
25674
1338
12598
1639
4206
1799
25674
2071
64283
16429
1877
1045
1319
1048
1044
1049
1044
1050
1044
1051
4244
20978
1319
1049
1044
1050
1044
1057
1057
1574
1319
1049
1044
1051
1044
1049
1048
1050
1574
1319
1050
1044
1051
1044
1056
1054
1574
1319
1050
1044
1052
1044
1057
1052
1041
1462
1934
11119
1032
1049
1045
1050
1045
1051
1045
1049
1044
1878
1605
1261
9917
1319
2209
7377
1044
1729
1736
1032
1052
20978
1394
1032
1053
36281
1044
1693
2156
1681
1261
11119
1044
1494
4139
1605
8044
1747
36281
1456
1032
49032
1044
1454
20978
1319
1049
1044
1050
1574
1319
1049
1044
1051
1574
1319
1050
1044
1051
1574
1319
1050
1044
1052
1574
36281
1032
1049
1044
1050
1044
1051
1044
1052
1584
8822
1809
29268
1032
1053
1395
14995
1046
4493
1605
8822
1338
12598
1639
1402
2081
25052
1046
5930
1032
1053
36281
1321
1032
1052
20978
1044
1693
2156
1681
1261
11119
1044
2430
2269
29268
4016
1402
77248
1319
31346
1261
9917
1454
1032
1053
36281
1934
10693
1032
1052
20978
1321
1836
23068
2519
8032
2036
39040
4206
2715
17047
9086
64283
16429
1338
12598
1639
2586
5687
1321
2688
1494
1338
97565
1044
7377
1046
1362
2534
1317
1402
25052
1046
1531
4127
8223
1429
58964
8822
1673
58636
8404
1897
1878
1278
8404
7423
1395
8822
1046
3626
1261
19469
1307
20978
4139
1605
1402
8822
1338
12598
1639
5687
1278
2254
17103
1321
2688
1494
1338
97565
1044
1362
23067
1362
2715
2586
5687
1278
2254
1321
3160
1278
9458
1046
9246
1639
7418
1278
7662
3475
1338
7446
6588
1317
9134
1058
1278
22855
4150
1308
9120
1032
1056
1044
1878
1278
8905
2782
1307
25674
1395
1359
1040
1050
1056
1044
1032
1055
1041
1376
1032
1049
1049
1056
1052
1048
1052
1048
1044
1799
1395
18108
1638
1338
12598
1639
7418
1278
5097
2100
1975
29896
1010
5011
130173
2671
25674
1010
5011
38227
2671
5247
1044
81409
1267
3149
2365
48558
8594
46025
17846
21227
4990
1058
1935
1044
1283
1058
1935
1044
1409
1058
1935
1044
20978
1058
5247
1091
74988
59939
1044
1935
1044
1935
1093
8623
4906
1935
1877
1293
19639
36296
1261
41231
6165
8822
1673
58636
8404
1044
3081
1278
11835
4362
1307
1261
1032
1010
1293
64283
9917
2478
4362
1376
1319
4845
1307
10314
25980
1041
81793
1409
1626
1293
13118
1293
2121
1395
48558
8594
46025
1040
17729
77004
3640
1369
19639
9080
1693
1278
6322
20978
2071
1261
64283
9917
60113
1369
2569
16143
97140
3253
2951
1010
1369
6577
1376
1445
1105
1058
14573
1394
1623
1294
4521
1040
1049
1044
1308
1867
1032
1049
23784
1369
1394
25294
1294
10314
77004
1877
1463
1333
1044
1330
1044
1285
1376
20978
45721
2820
1463
6577
81696
3077
15974
14097
1456
1463
6577
66105
3077
15974
24952
1456
1301
1010
1369
2569
1398
21313
1317
4206
1693
1747
36281
1584
8822
1010
1369
21643
1376
2016
2838
1369
11658
1376
1766
1049
2820
1369
21643
4297
1040
1049
1456
1369
3016
11658
1877
1463
6194
1376
11658
27699
2838
1463
1394
15745
1294
6577
111756
30689
1694
1693
15745
1605
1294
21643
1877
2006
21643
4297
1040
1546
53442
1456
2006
11658
7144
1040
1546
53442
1456
1301
1010
1369
1850
9027
1040
76009
1041
2351
1308
1010
1260
1010
1293
2365
17846
1376
1409
1032
2569
37468
1454
2632
9039
2224
2258
4171
2005
2282
1010
1260
1010
1293
2569
19326
1747
25674
1307
1308
1045
1049
20978
1010
1293
1394
58156
1294
25674
71975
5239
1574
1308
1462
1032
1049
3640
1369
1693
1395
48558
8594
46025
67408
2363
3640
1463
3788
53347
1376
4556
1040
53989
45721
5371
1050
1093
1394
25294
1294
58156
1456
1463
2005
24075
1376
3788
53347
2545
1409
1010
1463
1693
2005
24075
1534
2365
17846
1877
1694
2365
17846
1376
2005
24075
1010
1260
1010
1293
1850
2365
17846
1010
2731
12598
1639
21294
1454
1278
2158
2688
2937
23898
2100
1110
1061
1053
1044
20978
1934
1032
1054
20978
1044
1729
2534
1032
1052
95368
49581
1338
97565
1044
2878
1639
2586
3160
1278
3475
1294
2036
3518
1505
12319
1278
5125
1046
1531
3844
28524
1395
1455
1454
1308
9120
1032
1056
1044
92098
128113
110365
1307
1747
64283
16429
1395
40244
1338
12598
1639
2095
3369
1058
1653
1362
2534
1317
7782
1278
2937
2478
1409
1061
1049
1063
3367
1409
1061
1049
1044
2430
8605
81793
1032
1049
1395
1032
1048
1044
1878
1278
4832
2168
1402
1032
1048
1046
3626
1278
22855
4150
1032
1049
9120
1409
9120
1032
1049
1048
1094
1049
1053
1044
1878
1409
1061
1049
1395
4171
1046
1656
1455
2937
1044
1278
4832
1395
5282
1032
1048
1338
97565
1044
2036
3475
39184
1593
17047
3147
3788
53347
2545
1032
1049
1376
1032
1048
1394
2258
3788
53347
1044
1321
1032
1048
1534
2365
17846
1376
1032
1049
15423
1044
1878
2365
17846
2168
6127
1032
1048
1338
12598
1639
7418
1278
2778
3475
1321
2688
1494
1046
13
1010
1975
29896
1010
5011
130173
2671
25674
1010
5011
38227
2671
5247
1044
81409
1267
3149
2365
48558
8594
46025
17846
21227
4990
1058
1935
1044
1283
1058
1935
1044
1409
1058
1935
1044
20978
1058
5247
1091
74988
59939
1044
1935
1044
1935
1093
8623
4906
1935
1877
1293
19639
36296
1261
41231
6165
8822
1673
58636
8404
1044
3081
1278
11835
4362
1307
1261
1032
1010
1293
64283
9917
2478
4362
1376
1319
4845
1307
10314
25980
1041
81793
1409
1626
1293
13118
1293
2121
1395
48558
8594
46025
1040
17729
77004
3640
1369
19639
9080
1693
1278
6322
20978
2071
1261
64283
9917
1319
16762
1115
1747
1308
36281
1577
27266
1369
2569
16143
97140
3253
2951
1010
1369
6577
1376
1445
1105
1058
14573
1394
1623
1294
4521
1040
1049
1044
1308
1867
1032
1049
23784
1369
1394
25294
1294
10314
77004
1877
1463
1333
1044
1330
1044
1285
1376
20978
45721
2820
1463
6577
81696
3077
15974
14097
1456
1463
6577
66105
3077
15974
24952
1456
1301
1010
1369
2569
1398
21313
1317
4206
1693
1747
36281
1584
8822
1010
1369
21643
1376
2016
2838
1369
11658
1376
1766
1049
2820
1369
21643
4297
1040
1049
1456
1369
3016
11658
1877
1463
6194
1376
11658
27699
2838
1463
1394
15745
1294
6577
111756
30689
1694
1693
15745
1605
1294
21643
1877
2006
21643
4297
1040
1546
53442
1456
2006
11658
7144
1040
1546
53442
1456
1301
1010
1369
1850
9027
1040
76009
1041
2351
1308
1010
1260
1010
1293
2365
17846
1376
1409
1032
2569
37468
1454
2632
9039
2224
2258
4171
2005
2282
1319
31346
1032
1048
9120
1285
1534
1409
1456
1260
1010
1293
2569
19326
1747
25674
1307
1308
1045
1049
20978
1317
2071
64283
16429
1010
1293
2569
9748
1308
9120
1032
1056
1044
1283
9120
1032
1050
1056
1044
1359
1040
1050
1056
1044
1032
1055
1041
1376
1032
1049
1044
1049
1056
1052
1044
1048
1052
1048
1799
1395
128949
40244
1010
1293
1394
58156
1294
25674
71975
5239
1574
1308
1462
1032
1049
3640
1369
1693
1395
48558
8594
46025
67408
2363
3640
1463
3788
53347
1376
4556
1040
53989
45721
5371
1050
1093
1394
25294
1294
58156
1456
1463
2005
24075
1376
3788
53347
2545
1409
1010
1463
1693
2005
24075
1534
2365
17846
1877
1694
2365
17846
1376
2005
24075
1010
1260
1010
1293
1850
2365
17846
1267
3149
4206
5164
52143
3640
1293
2569
35237
2688
5443
1010
1293
6852
15605
1040
1053
1044
1032
1054
1044
1032
1051
1050
1056
1044
31008
1049
1044
1032
1050
1044
1032
1057
1057
1574
1319
1049
1044
1032
1051
1044
1032
1049
1048
1050
1574
1319
1050
1044
1032
1051
1044
1032
1056
1054
1574
1319
1050
1044
1032
1052
1044
1032
1057
1052
1574
1319
1050
1044
1032
1053
1044
1032
1057
1053
1574
1319
1051
1044
1032
1052
1044
1032
1056
1049
1041
8623
2351
1032
1051
1052
1010
1293
6852
15605
1040
1054
1044
1032
1053
1044
1032
1057
1057
1056
1050
1052
1052
1051
1053
1051
1044
31008
1049
1044
1032
1050
1044
1032
1051
1051
1055
1051
1054
1049
1053
1054
1056
1574
1319
1049
1044
1032
1054
1044
1032
1052
1053
1048
1051
1052
1051
1051
1048
1052
1574
1319
1050
1044
1032
1051
1044
1032
1054
1049
1052
1055
1055
1050
1052
1052
1574
1319
1050
1044
1032
1053
1044
1032
1055
1052
1053
1051
1056
1051
1052
1051
1056
1574
1319
1052
1044
1032
1053
1044
1032
1055
1050
1055
1051
1054
1048
1056
1052
1048
1041
8623
2351
1032
1051
1050
1053
1052
1051
1055
1054
1056
1056
1010
1293
6852
15605
1040
1056
1044
1032
1050
1056
1044
1032
1057
1051
1054
1050
1057
1052
1048
1052
1049
1056
1053
1048
1049
1057
1055
1044
6923
1369
1319
1049
1044
1032
1050
1044
1032
1052
1055
1051
1050
1057
1052
1055
1050
1048
1057
1048
1054
1055
1056
1048
1574
1319
1049
1044
1032
1051
1044
1032
1055
1052
1051
1048
1051
1048
1056
1048
1048
1049
1051
1057
1050
1052
1052
1574
1319
1049
1044
1032
1052
1044
1032
1055
1048
1057
1051
1054
1051
1048
1049
1057
1052
1049
1052
1055
1055
1052
1574
1319
1049
1044
1032
1053
1044
1032
1051
1056
1051
1054
1052
1051
1054
1049
1050
1052
1057
1048
1051
1049
1050
3100
1369
1319
1049
1044
1032
1054
1044
1032
1053
1053
1055
1049
1048
1050
1055
1056
1049
1048
1050
1050
1056
1054
1049
1574
1319
1049
1044
1032
1055
1044
1032
1054
1050
1051
1049
1055
1057
1050
1056
1056
1053
1051
1056
1049
1051
1056
1574
1319
1049
1044
1032
1056
1044
1032
1055
1051
1057
1054
1049
1056
1053
1057
1057
1052
1049
1048
1056
1048
1057
1574
1319
1050
1044
1032
1051
1044
1032
1056
1053
1055
1054
1056
1055
1056
1049
1050
1050
1057
1052
1052
1048
1052
3100
1369
1319
1050
1044
1032
1052
1044
1032
1056
1057
1051
1057
1050
1051
1049
1054
1056
1049
1051
1057
1055
1049
1052
1574
1319
1050
1044
1032
1053
1044
1032
1053
1056
1049
1056
1050
1050
1052
1055
1049
1056
1054
1048
1054
1054
1050
1574
1319
1050
1044
1032
1054
1044
1032
1055
1052
1048
1053
1052
1057
1051
1054
1051
1053
1056
1054
1053
1053
1056
1574
1319
1050
1044
1032
1055
1044
1032
1051
1048
1055
1050
1050
1054
1052
1051
1056
1056
1051
1051
1050
1050
1050
3100
1369
1319
1050
1044
1032
1056
1044
1032
1052
1052
1055
1051
1057
1057
1048
1050
1057
1057
1053
1050
1057
1057
1056
1574
1319
1051
1044
1032
1052
1044
1032
1054
1051
1054
1051
1049
1056
1048
1056
1051
1054
1050
1050
1055
1054
1056
1574
1319
1051
1044
1032
1053
1044
1032
1052
1052
1053
1052
1056
1055
1048
1055
1054
1052
1051
1054
1050
1050
1574
1319
1051
1044
1032
1054
1044
1032
1051
1048
1055
1050
1054
1050
1055
1056
1049
1050
1052
1048
1055
1053
1053
3100
1369
1319
1051
1044
1032
1055
1044
1032
1049
1050
1048
1055
1048
1050
1054
1055
1051
1056
1056
1050
1051
1048
1574
1319
1051
1044
1032
1056
1044
1032
1055
1048
1048
1050
1052
1055
1050
1054
1051
1049
1056
1052
1048
1056
1050
1574
1319
1052
1044
1032
1053
1044
1032
1053
1054
1048
1053
1054
1055
1056
1057
1048
1051
1050
1053
1051
1051
1051
1574
1319
1052
1044
1032
1054
1044
1032
1055
1048
1052
1055
1050
1054
1049
1049
1051
1055
1049
1055
1049
1052
1055
3100
1369
1319
1052
1044
1032
1055
1044
1032
1053
1056
1056
1050
1054
1051
1056
1049
1056
1054
1049
1053
1054
1056
1055
1574
1319
1052
1044
1032
1056
1044
1032
1053
1052
1057
1048
1048
1055
1053
1051
1054
1051
1057
1051
1049
1055
1050
1574
1319
1053
1044
1032
1054
1044
1032
1055
1055
1057
1050
1051
1048
1056
1055
1049
1048
1056
1048
1052
1048
1056
1574
1319
1053
1044
1032
1055
1044
1032
1056
1050
1053
1057
1056
1050
1053
1056
1051
1055
1056
1054
1052
1057
1056
3100
1369
1319
1053
1044
1032
1056
1044
1032
1055
1049
1051
1057
1050
1056
1057
1057
1056
1049
1055
1052
1050
1055
1050
1574
1319
1054
1044
1032
1055
1044
1032
1055
1053
1049
1051
1051
1049
1048
1055
1052
1053
1051
1056
1056
1050
1054
1574
1319
1054
1044
1032
1056
1044
1032
1052
1052
1057
1056
1055
1051
1054
1051
1053
1052
1051
1048
1050
1050
1056
1574
1319
1055
1044
1032
1056
1044
1032
1049
1049
1050
1057
1056
1051
1056
1049
1055
1054
1049
1052
1055
1057
1456
1293
1032
8623
2351
1032
1049
1049
1051
1054
1048
1055
1049
1054
1051
1055
1051
1010
1260
1010
1293
2569
31054
2688
5443
1010
1293
6852
15605
1040
1050
1044
1032
1049
1044
1032
1050
1052
1057
1057
1053
1057
1057
1050
1056
1056
1055
1056
1057
1049
1054
1044
31008
1049
1044
1032
1050
1044
1032
1056
1049
1055
1048
1051
1055
1051
1057
1051
1054
1057
1055
1054
1056
1041
8623
2351
1032
1056
1049
1055
1048
1051
1055
1051
1057
1051
1054
1057
1055
1054
1056
1010
1293
6852
15605
1040
1050
1044
1032
1049
1044
1032
1057
1048
1057
1050
1053
1053
1051
1057
1049
1048
1051
1055
1055
1051
1055
1044
31008
1049
1044
1032
1050
1044
1032
1053
1050
1050
1048
1050
1057
1057
1049
1053
1048
1055
1048
1051
1057
1051
1041
8623
2351
1032
1053
1050
1050
1048
1050
1057
1057
1049
1053
1048
1055
1048
1051
1057
1051
1010
1293
6852
15605
1040
1050
1044
1032
1049
1044
1032
1051
1056
1052
1055
1057
1050
1056
1048
1050
1056
1052
1048
1055
1052
1056
1044
31008
1049
1044
1032
1050
1044
1032
1050
1056
1057
1053
1048
1051
1052
1053
1050
1053
1055
1050
1054
1057
1055
1041
8623
2351
1032
1050
1056
1057
1053
1048
1051
1052
1053
1050
1053
1055
1050
1054
1057
1055
1010
1293
6852
15605
1040
1050
1044
1032
1049
1044
1032
1057
1051
1057
1056
1053
1055
1049
1052
1055
1053
1053
1048
1054
1056
1055
1044
31008
1049
1044
1032
1050
1044
1032
1050
1048
1049
1053
1054
1057
1049
1057
1052
1053
1051
1053
1053
1048
1051
1041
8623
2351
1032
1050
1048
1049
1053
1054
1057
1049
1057
1052
1053
1051
1053
1053
1048
1051
1010
1293
6852
15605
1040
1051
1044
1032
1050
1044
1032
1056
1053
1050
1057
1052
1055
1049
1054
1051
1056
1050
1056
1050
1057
1044
31008
1049
1044
1032
1051
1044
1032
1050
1057
1055
1051
1055
1049
1055
1048
1054
1052
1052
1056
1057
1051
1574
1319
1049
1044
1032
1050
1044
1032
1049
1050
1048
1057
1049
1049
1052
1056
1049
1055
1051
1052
1048
1050
1041
8623
2351
1032
1052
1049
1056
1050
1056
1051
1049
1056
1056
1049
1056
1050
1057
1053
1010
1293
6852
15605
1040
1051
1044
1032
1050
1044
1032
1050
1053
1054
1048
1054
1051
1054
1049
1053
1049
1050
1052
1049
1054
1053
1044
31008
1050
1044
1032
1051
1044
1032
1050
1051
1052
1057
1053
1051
1050
1051
1055
1055
1051
1053
1057
1053
1049
1574
1319
1049
1044
1032
1050
1044
1032
1052
1051
1052
1050
1048
1057
1056
1056
1048
1052
1051
1054
1048
1057
1041
8623
2351
1032
1050
1050
1051
1049
1048
1054
1049
1048
1054
1053
1053
1051
1057
1053
1010
1293
6852
15605
1040
1051
1044
1032
1051
1044
1032
1049
1049
1057
1057
1053
1057
1050
1053
1054
1053
1052
1053
1055
1049
1054
1044
31008
1050
1044
1032
1051
1044
1032
1049
1057
1051
1052
1052
1053
1057
1055
1051
1048
1051
1054
1049
1054
1574
1319
1049
1044
1032
1050
1044
1032
1052
1053
1049
1053
1048
1056
1050
1052
1057
1050
1055
1050
1053
1057
1574
1319
1049
1044
1032
1051
1044
1032
1052
1053
1057
1052
1049
1057
1053
1052
1057
1048
1049
1052
1056
1050
1041
8623
2351
1032
1054
1052
1052
1057
1053
1052
1050
1050
1050
1051
1048
1056
1055
1053
1010
1260
1010
1293
6852
15605
1040
1056
1044
1032
1049
1049
1044
1032
1055
1049
1056
1055
1054
1050
1057
1055
1057
1049
1054
1049
1052
1054
1055
1044
6923
1369
1319
1051
1044
1032
1052
1044
1032
1053
1057
1052
1057
1057
1055
1056
1053
1056
1048
1051
1051
1049
1050
1050
1574
1319
1049
1044
1032
1055
1044
1032
1049
1056
1055
1053
1048
1048
1050
1056
1051
1048
1049
1053
1051
1055
1053
1574
1319
1052
1044
1032
1054
1044
1032
1051
1057
1052
1056
1052
1050
1048
1054
1049
1052
1053
1048
1055
1051
1052
1574
1319
1050
1044
1032
1056
1044
1032
1053
1055
1053
1057
1050
1056
1054
1051
1054
1050
1054
1052
1054
1057
1049
3100
1369
1319
1049
1044
1032
1053
1044
1032
1049
1048
1054
1051
1053
1057
1050
1053
1052
1054
1056
1050
1057
1051
1056
1574
1319
1055
1044
1032
1056
1044
1032
1052
1055
1053
1056
1056
1052
1056
1052
1049
1055
1051
1048
1056
1049
1053
1574
1319
1053
1044
1032
1056
1044
1032
1055
1056
1049
1049
1051
1057
1049
1048
1057
1057
1050
1052
1054
1574
1319
1049
1044
1032
1051
1044
1032
1054
1055
1057
1056
1048
1053
1057
1057
1049
1051
1051
1053
1055
1051
1055
3100
1369
1319
1049
1044
1032
1052
1044
1032
1054
1055
1055
1052
1050
1050
1048
1053
1056
1050
1051
1051
1052
1049
1055
1574
1319
1049
1044
1032
1056
1044
1032
1051
1057
1057
1050
1054
1049
1051
1048
1056
1050
1053
1057
1057
1054
1574
1319
1050
1044
1032
1055
1044
1032
1051
1056
1056
1056
1050
1050
1052
1053
1055
1049
1052
1054
1051
1049
1057
1456
1293
1032
8623
2351
1032
1051
1053
1053
1056
1053
1048
1051
1048
1057
1052
1057
1052
1054
1055
1010
1260
1010
1293
6852
15605
1040
1056
1044
1032
1049
1053
1044
1032
1055
1057
1053
1054
1055
1050
1054
1048
1052
1051
1050
1051
1051
1048
1053
1044
6923
1369
1319
1052
1044
1032
1056
1044
1032
1055
1052
1049
1056
1049
1055
1056
1050
1050
1050
1055
1050
1055
1054
1053
1574
1319
1051
1044
1032
1052
1044
1032
1051
1051
1057
1048
1050
1054
1057
1050
1054
1055
1050
1053
1050
1053
1574
1319
1054
1044
1032
1055
1044
1032
1049
1051
1057
1057
1052
1048
1056
1049
1048
1054
1056
1052
1054
1052
1049
1574
1319
1052
1044
1032
1055
1044
1032
1056
1050
1053
1056
1052
1055
1050
1051
1054
1054
1049
1054
1055
1052
3100
1369
1319
1054
1044
1032
1056
1044
1032
1051
1056
1055
1056
1052
1051
1049
1057
1050
1049
1055
1055
1051
1055
1049
1574
1319
1050
1044
1032
1054
1044
1032
1051
1056
1055
1057
1056
1056
1050
1054
1053
1054
1056
1050
1052
1054
1050
1574
1319
1053
1044
1032
1054
1044
1032
1054
1056
1049
1052
1056
1055
1051
1056
1051
1052
1048
1048
1056
1050
1574
1319
1051
1044
1032
1055
1044
1032
1049
1050
1055
1052
1049
1052
1050
1050
1051
1057
1048
1057
1049
1057
1051
3100
1369
1319
1050
1044
1032
1052
1044
1032
1053
1050
1054
1049
1051
1049
1053
1053
1056
1052
1048
1053
1049
1049
1054
1574
1319
1049
1044
1032
1054
1044
1032
1051
1056
1049
1056
1050
1053
1049
1056
1051
1054
1053
1048
1050
1052
1574
1319
1049
1044
1032
1052
1044
1032
1053
1048
1057
1052
1050
1052
1049
1051
1052
1055
1051
1051
1056
1051
1051
1574
1319
1051
1044
1032
1054
1044
1032
1054
1051
1051
1050
1054
1050
1052
1055
1048
1054
1048
1053
1053
1052
1049
3100
1369
1319
1051
1044
1032
1053
1044
1032
1050
1057
1053
1054
1053
1050
1056
1048
1049
1049
1053
1048
1574
1319
1049
1044
1032
1051
1044
1032
1056
1048
1057
1049
1054
1056
1053
1049
1049
1054
1048
1056
1055
1049
1574
1319
1050
1044
1032
1056
1044
1032
1053
1050
1054
1056
1048
1056
1052
1052
1056
1056
1052
1057
1052
1050
1055
1456
1293
1032
8623
2351
1032
1050
1057
1048
1057
1057
1055
1049
1048
1049
1052
1051
1010
1260
1010
1293
6852
15605
1040
1056
1044
1032
1050
1054
1044
1032
1056
1049
1057
1056
1053
1049
1057
1048
1054
1053
1054
1055
1054
1053
1053
1044
6923
1369
1319
1050
1044
1032
1055
1044
1032
1051
1048
1055
1048
1057
1052
1054
1056
1055
1049
1053
1056
1057
1055
1574
1319
1052
1044
1032
1056
1044
1032
1052
1050
1054
1048
1052
1057
1052
1053
1052
1051
1056
1051
1048
1055
1053
1574
1319
1049
1044
1032
1052
1044
1032
1053
1051
1054
1050
1056
1054
1054
1053
1048
1056
1055
1054
1055
1049
1051
1574
1319
1051
1044
1032
1052
1044
1032
1054
1054
1055
1055
1055
1053
1049
1055
1057
1055
1052
1049
1051
1052
1052
3100
1369
1319
1050
1044
1032
1052
1044
1032
1052
1056
1056
1048
1049
1050
1050
1057
1049
1055
1052
1048
1054
1049
1049
1574
1319
1049
1044
1032
1053
1044
1032
1055
1048
1055
1056
1048
1052
1057
1056
1051
1053
1054
1048
1056
1053
1048
1574
1319
1053
1044
1032
1054
1044
1032
1049
1051
1052
1057
1049
1048
1053
1054
1056
1049
1052
1055
1055
1055
1053
1574
1319
1051
1044
1032
1053
1044
1032
1053
1057
1057
1057
1053
1057
1048
1057
1049
1056
1056
1052
1057
1048
1050
3100
1369
1319
1050
1044
1032
1053
1044
1032
1053
1056
1052
1053
1053
1056
1053
1055
1053
1054
1052
1056
1054
1056
1574
1319
1051
1044
1032
1056
1044
1032
1053
1053
1050
1057
1053
1052
1054
1054
1050
1055
1051
1050
1055
1050
1055
1574
1319
1050
1044
1032
1054
1044
1032
1052
1056
1056
1052
1049
1056
1048
1050
1052
1048
1052
1050
1052
1048
1054
1574
1319
1049
1044
1032
1050
1044
1032
1056
1049
1055
1053
1049
1048
1050
1051
1055
1054
1056
1053
1055
1050
1054
3100
1369
1319
1049
1044
1032
1055
1044
1032
1055
1055
1053
1053
1051
1053
1048
1057
1057
1056
1055
1057
1052
1052
1057
1574
1319
1051
1044
1032
1054
1044
1032
1052
1050
1053
1052
1057
1056
1053
1050
1057
1053
1049
1055
1056
1574
1319
1054
1044
1032
1056
1044
1032
1052
1056
1056
1053
1055
1052
1055
1050
1052
1051
1052
1048
1057
1057
1051
1574
1319
1054
1044
1032
1055
1044
1032
1049
1053
1049
1051
1057
1056
1056
1050
1055
1053
1054
1048
1056
1053
1057
3100
1369
1319
1050
1044
1032
1051
1044
1032
1052
1050
1051
1050
1050
1056
1055
1049
1054
1057
1048
1050
1055
1054
1048
1574
1319
1052
1044
1032
1055
1044
1032
1049
1056
1054
1052
1057
1054
1056
1055
1048
1056
1054
1054
1054
1055
1574
1319
1050
1044
1032
1056
1044
1032
1054
1049
1050
1051
1049
1055
1056
1053
1057
1052
1051
1057
1051
1054
1051
1574
1319
1053
1044
1032
1056
1044
1032
1051
1054
1048
1050
1050
1048
1049
1054
1049
1052
1049
1053
1049
1055
1048
3100
1369
1319
1049
1044
1032
1056
1044
1032
1055
1055
1048
1054
1050
1057
1053
1056
1053
1052
1053
1049
1051
1051
1056
1574
1319
1052
1044
1032
1054
1044
1032
1054
1055
1051
1051
1055
1054
1051
1049
1055
1054
1056
1048
1056
1051
1049
1574
1319
1051
1044
1032
1055
1044
1032
1053
1051
1056
1053
1049
1049
1050
1049
1050
1057
1054
1056
1049
1053
1051
1574
1319
1049
1044
1032
1051
1044
1032
1055
1055
1055
1053
1056
1056
1053
1050
1057
1057
1050
1048
1056
1051
1055
3100
1369
1319
1053
1044
1032
1055
1044
1032
1051
1053
1052
1057
1056
1056
1055
1051
1048
1053
1049
1056
1052
1054
1048
1574
1319
1055
1044
1032
1056
1044
1032
1050
1056
1052
1050
1052
1044
1319
1455
1032
1319
1044
1454
1261
1044
1394
1047
1049
79685
2188
72931
1097
1317
22139
12982
1110
1394
23409
22139
105777
1097
26510
23409
1555
1097
10001
1319
1044
1555
1115
1319
1395
1261
1319
1317
22139
126501
1047
17498
1395
22139
1261
72931
1097
1319
1934
72931
1097
1261
1555
1097
1395
22139
22139
22139
22139
22139
22139
22139
22139
22139
22139
22139
22139
22139
22139
22139
22139
22139
22139
22139
72931
1097
22139
1261
1261
1261
1261
1043
19457
22139
22139
15664
1261
1319
1485
72931
1097
1261
1261
5384
1097
1261
1319
17498
1261
22139
1261
5384
1097
72931
1097
5938
12982
1097
72931
1097
1261
1261
15664
102728
5384
1097
1319
1502
1319
1261
72931
1099
22139
72931
1097
1261
1261
123404
1097
23409
22139
22139
1010
1319
72931
1097
7887
5255
1047
1097
1010
22139
1319
1261
19602
22139
1261
98811
1420
22139
26593
1502
1032
1261
1577
1047
1097
72931
1097
1032
1261
1577
1047
1097
1044
1047
1097
4342
22139
6120
1261
98811
1047
1097
1047
72931
1097
22139
1577
1047
1097
22139
39876
1468
22139
1046
26448
1261
1555
1332
1261
1577
1047
1097
1555
1097
1555
1097
5384
1097
39653
22139
1261
72931
1097
1319
72931
1097
22139
22139
6560
114771
1047
1261
1555
1097
1261
14751
22139
1047
10681
1097
22139
1844
1047
17498
7434
1044
1047
1097
33818
22139
1626
63389
22139
22139
1010
22139
2036
8273
22139
1261
22139
1261
22139
22139
22139
72931
1110
1555
1097
22139
22139
1261
22139
51330
22139
22139
1046
56028
22139
22139
1555
1097
22139
1261
22139
22139
22139
22139
1046
72931
1097
5938
22139
106416
39876
22139
5384
1097
1010
53643
22139
11801
22139
1261
3455
1047
1097
5384
1097
1046
11
1010