10
25708
1010
11
1010
10
3263
1010
10311
1278
3629
2254
21734
1321
8953
3607
1044
10886
5687
1278
2254
5055
1321
2764
1747
1278
9458
1046
1603
24151
16424
70914
84674
14671
48761
1083
25461
4568
2715
30711
1278
3475
1636
13330
1294
1261
1335
107485
3475
4950
1319
3038
44642
1041
1319
43880
2084
80858
1278
4618
7389
1801
2640
5011
38227
2671
5247
4688
3149
11835
18542
15643
3602
1892
41584
3419
4990
1058
1935
1044
1409
1058
1935
1044
2460
1058
1935
1044
3542
99794
1058
5247
59939
8623
4906
1935
1877
1293
19639
23627
1308
17135
9236
1408
4811
5072
1044
3081
1278
11835
3788
120274
2200
37497
2424
1626
1260
1010
1293
52050
1877
1293
1462
3931
2725
1409
17135
1710
1402
70270
5823
1294
1925
19186
1010
1293
1462
13223
1623
1319
85708
1408
3950
3542
99794
3755
8623
1710
2342
1402
70270
1408
1505
2453
1455
3950
1010
1293
1462
5417
37497
1408
3950
1261
1044
1278
4275
112718
1710
2342
1402
1408
3950
1261
48334
1505
4025
1010
1293
1462
73198
41584
3419
1394
3542
1623
70270
1408
3950
1265
1395
1319
1115
1462
3542
99794
3755
8791
1260
1010
1293
64664
1877
1369
1308
1058
13920
1307
17135
1319
1049
9120
1308
9120
1032
1049
1048
1048
1456
1369
1409
1058
54539
17135
1651
112718
1319
1049
9120
1409
9120
1308
1456
1369
2460
1058
33715
2396
12785
3033
1319
1049
9120
2460
9120
1032
1049
1048
1094
1057
1456
1369
3542
99794
1058
5247
1307
1308
3542
30880
5072
1294
2767
8532
75178
3542
1319
1049
9120
3542
99794
3755
1093
9120
1032
1049
1048
1094
1049
1050
1456
1260
1010
1293
20527
1877
1369
1531
11835
4171
3788
120274
1010
1260
1010
1293
56431
11835
18542
15643
3602
1892
41584
3419
1040
1053
1044
1032
1050
1044
1032
1051
1044
1766
1049
1044
1032
1053
1044
1032
1054
1044
1032
1049
1048
1044
1032
1049
1050
8791
1293
1032
1050
1010
1293
56431
11835
18542
15643
3602
1892
41584
3419
1040
1049
1044
1032
1049
1044
1032
1049
1048
1048
1048
1048
1048
1048
1048
1048
1048
1044
1766
1049
1048
1048
1048
1048
1048
1048
1048
1048
1048
1048
1048
1048
8791
1293
1032
1048
1010
1293
47680
3149
4206
5164
52143
3640
1293
2569
7637
5443
1562
1278
4127
1010
1293
6852
15605
1040
1053
1044
1032
1050
1044
1032
1051
1044
1766
1049
1044
1032
1053
1044
1032
1054
1044
1032
1049
1048
1044
1032
1049
1050
8623
2351
1032
1051
1010
1293
6852
15605
1040
1049
1044
1032
1049
1044
1032
1049
1048
1048
1048
1048
1048
1048
1048
1048
1048
1044
1766
1049
1048
1048
1048
1048
1048
1048
1048
1048
1048
1048
1048
1048
8623
2351
1032
1048
1010
1293
6852
15605
1040
1049
1053
1044
1032
1052
1044
1032
1053
1044
1766
1049
1044
1032
1051
1044
1032
1051
1044
1032
1054
1044
1032
1054
1044
1032
1054
1044
1032
1049
1048
1044
1032
1049
1048
1044
1032
1049
1048
1044
1032
1049
1048
1044
1032
1049
1053
1044
1032
1049
1053
1044
1032
1049
1053
1044
1032
1049
1053
1044
1032
1049
1053
8623
2351
1032
1051
1053
1010
1260
1010
1293
2569
31054
2688
5443
1010
1293
6852
15605
1040
1050
1044
1032
1050
1044
1032
1049
1053
1049
1055
1044
1766
1049
1054
1057
1055
1044
1032
1049
1056
1054
1057
8623
2351
1032
1049
1055
1050
1010
1293
6852
15605
1040
1049
1048
1044
1032
1049
1044
1032
1050
1044
1766
1049
1044
1032
1049
1044
1032
1050
1044
1032
1051
1044
1032
1052
1044
1032
1053
1044
1032
1053
1044
1032
1053
1044
1032
1053
1044
1032
1054
8623
2351
1032
1054
1051
1010
1293
6852
15605
1040
1049
1044
1032
1049
1044
1032
1053
1056
1052
1053
1053
1056
1055
1055
1054
1044
1766
1049
1049
1050
1054
1048
1053
1050
1050
1057
1051
8623
2351
1032
1048
1010
1293
6852
15605
1040
1049
1044
1032
1049
1044
1032
1049
1044
1766
1049
8623
2351
1032
1048
1010
1260
1010
1293
2569
7637
2937
1454
1409
41523
1319
1599
17135
1294
1925
112718
1456
1293
6852
15605
1040
1049
1048
1048
1044
1032
1049
1048
1048
1044
1032
1049
1048
1048
1048
1048
1048
1048
1048
1048
1048
1044
1766
1057
1057
1057
1048
1048
1048
1048
1048
1048
1048
1048
1049
1044
1032
1057
1057
1057
1048
1049
1048
1049
1048
1049
1048
1049
1049
1044
1032
1057
1057
1057
1048
1050
1048
1050
1048
1050
1048
1050
1049
1044
1032
1057
1057
1057
1048
1051
1048
1051
1048
1051
1048
1051
1049
1044
1032
1057
1057
1057
1048
1052
1048
1052
1048
1052
1048
1052
1049
1044
1032
1057
1057
1057
1048
1053
1048
1053
1048
1053
1048
1053
1049
1044
1032
1057
1057
1057
1048
1054
1048
1054
1048
1054
1048
1054
1049
1044
1032
1057
1057
1057
1048
1055
1048
1055
1048
1055
1048
1055
1049
1044
1032
1057
1057
1057
1048
1056
1048
1056
1048
1056
1048
1056
1049
1044
1032
1057
1057
1057
1048
1057
1048
1057
1048
1057
1048
1057
1049
1044
1032
1057
1057
1057
1049
1048
1049
1048
1049
1048
1049
1048
1050
1044
1032
1057
1057
1057
1049
1049
1049
1049
1049
1049
1049
1049
1050
1044
1032
1057
1057
1057
1049
1050
1049
1050
1049
1050
1049
1050
1050
1044
1032
1057
1057
1057
1049
1051
1049
1051
1049
1051
1049
1051
1050
1044
1032
1057
1057
1057
1049
1052
1049
1052
1049
1052
1049
1052
1050
1044
1032
1057
1057
1057
1049
1053
1049
1053
1049
1053
1049
1053
1050
1044
1032
1057
1057
1057
1049
1054
1049
1054
1049
1054
1049
1054
1050
1044
1032
1057
1057
1057
1049
1055
1049
1055
1049
1055
1049
1055
1050
1044
1032
1057
1057
1057
1049
1056
1049
1056
1049
1056
1049
1056
1050
1044
1032
1057
1057
1057
1049
1057
1049
1057
1049
1057
1049
1057
1050
1044
1032
1057
1057
1057
1050
1048
1050
1048
1050
1048
1050
1048
1051
1044
1032
1057
1057
1057
1050
1049
1050
1049
1050
1049
1050
1049
1051
1044
1032
1057
1057
1057
1050
1050
1050
1050
1050
1050
1050
1050
1051
1044
1032
1057
1057
1057
1050
1051
1050
1051
1050
1051
1050
1051
1051
1044
1032
1057
1057
1057
1050
1052
1050
1052
1050
1052
1050
1052
1051
1044
1032
1057
1057
1057
1050
1053
1050
1053
1050
1053
1050
1053
1051
1044
1032
1057
1057
1057
1050
1054
1050
1054
1050
1054
1050
1054
1051
1044
1032
1057
1057
1057
1050
1055
1050
1055
1050
1055
1050
1055
1051
1044
1032
1057
1057
1057
1050
1056
1050
1056
1050
1056
1050
1056
1051
1044
1032
1057
1057
1057
1050
1057
1050
1057
1050
1057
1050
1057
1051
1044
1032
1057
1057
1057
1051
1048
1051
1048
1051
1048
1051
1048
1052
1044
1032
1057
1057
1057
1051
1049
1051
1049
1051
1049
1051
1049
1052
1044
1032
1057
1057
1057
1051
1050
1051
1050
1051
1050
1051
1050
1052
1044
1032
1057
1057
1057
1051
1051
1051
1051
1051
1051
1051
1051
1052
1044
1032
1057
1057
1057
1051
1052
1051
1052
1051
1052
1051
1052
1052
1044
1032
1057
1057
1057
1051
1053
1051
1053
1051
1053
1051
1053
1052
1044
1032
1057
1057
1057
1051
1054
1051
1054
1051
1054
1051
1054
1052
1044
1032
1057
1057
1057
1051
1055
1051
1055
1051
1055
1051
1055
1052
1044
1032
1057
1057
1057
1051
1056
1051
1056
1051
1056
1051
1056
1052
1044
1032
1057
1057
1057
1051
1057
1051
1057
1051
1057
1051
1057
1052
1044
1032
1057
1057
1057
1052
1048
1052
1048
1052
1048
1052
1048
1053
1044
1032
1057
1057
1057
1052
1049
1052
1049
1052
1049
1052
1049
1053
1044
1032
1057
1057
1057
1052
1050
1052
1050
1052
1050
1052
1050
1053
1044
1032
1057
1057
1057
1052
1051
1052
1051
1052
1051
1052
1051
1053
1044
1032
1057
1057
1057
1052
1052
1052
1052
1052
1052
1052
1052
1053
1044
1032
1057
1057
1057
1052
1053
1052
1053
1052
1053
1052
1053
1053
1044
1032
1057
1057
1057
1052
1054
1052
1054
1052
1054
1052
1054
1053
1044
1032
1057
1057
1057
1052
1055
1052
1055
1052
1055
1052
1055
1053
1044
1032
1057
1057
1057
1052
1056
1052
1056
1052
1056
1052
1056
1053
1044
1032
1057
1057
1057
1052
1057
1052
1057
1052
1057
1052
1057
1053
1044
1032
1057
1057
1057
1053
1048
1053
1048
1053
1048
1053
1048
1054
1044
1032
1057
1057
1057
1053
1049
1053
1049
1053
1049
1053
1049
1054
1044
1032
1057
1057
1057
1053
1050
1053
1050
1053
1050
1053
1050
1054
1044
1032
1057
1057
1057
1053
1051
1053
1051
1053
1051
1053
1051
1054
1044
1032
1057
1057
1057
1053
1052
1053
1052
1053
1052
1053
1052
1054
1044
1032
1057
1057
1057
1053
1053
1053
1053
1053
1053
1053
1053
1054
1044
1032
1057
1057
1057
1053
1054
1053
1054
1053
1054
1053
1054
1054
1044
1032
1057
1057
1057
1053
1055
1053
1055
1053
1055
1053
1055
1054
1044
1032
1057
1057
1057
1053
1056
1053
1056
1053
1056
1053
1056
1054
1044
1032
1057
1057
1057
1053
1057
1053
1057
1053
1057
1053
1057
1054
1044
1032
1057
1057
1057
1054
1048
1054
1048
1054
1048
1054
1048
1055
1044
1032
1057
1057
1057
1054
1049
1054
1049
1054
1049
1054
1049
1055
1044
1032
1057
1057
1057
1054
1050
1054
1050
1054
1050
1054
1050
1055
1044
1032
1057
1057
1057
1054
1051
1054
1051
1054
1051
1054
1051
1055
1044
1032
1057
1057
1057
1054
1052
1054
1052
1054
1052
1054
1052
1055
1044
1032
1057
1057
1057
1054
1053
1054
1053
1054
1053
1054
1053
1055
1044
1032
1057
1057
1057
1054
1054
1054
1054
1054
1054
1054
1054
1055
1044
1032
1057
1057
1057
1054
1055
1054
1055
1054
1055
1054
1055
1055
1044
1032
1057
1057
1057
1054
1056
1054
1056
1054
1056
1054
1056
1055
1044
1032
1057
1057
1057
1054
1057
1054
1057
1054
1057
1054
1057
1055
1044
1032
1057
1057
1057
1055
1048
1055
1048
1055
1048
1055
1048
1056
1044
1032
1057
1057
1057
1055
1049
1055
1049
1055
1049
1055
1049
1056
1044
1032
1057
1057
1057
1055
1050
1055
1050
1055
1050
1055
1050
1056
1044
1032
1057
1057
1057
1055
1051
1055
1051
1055
1051
1055
1051
1056
1044
1032
1057
1057
1057
1055
1052
1055
1052
1055
1052
1055
1052
1056
1044
1032
1057
1057
1057
1055
1053
1055
1053
1055
1053
1055
1053
1056
1044
1032
1057
1057
1057
1055
1054
1055
1054
1055
1054
1055
1054
1056
1044
1032
1057
1057
1057
1055
1055
1055
1055
1055
1055
1055
1055
1056
1044
1032
1057
1057
1057
1055
1056
1055
1056
1055
1056
1055
1056
1056
1044
1032
1057
1057
1057
1055
1057
1055
1057
1055
1057
1055
1057
1056
1044
1032
1057
1057
1057
1056
1048
1056
1048
1056
1048
1056
1048
1057
1044
1032
1057
1057
1057
1056
1049
1056
1049
1056
1049
1056
1049
1057
1044
1032
1057
1057
1057
1056
1050
1056
1050
1056
1050
1056
1050
1057
1044
1032
1057
1057
1057
1056
1051
1056
1051
1056
1051
1056
1051
1057
1044
1032
1057
1057
1057
1056
1052
1056
1052
1056
1052
1056
1052
1057
1044
1032
1057
1057
1057
1056
1053
1056
1053
1056
1053
1056
1053
1057
1044
1032
1057
1057
1057
1056
1054
1056
1054
1056
1054
1056
1054
1057
1044
1032
1057
1057
1057
1056
1055
1056
1055
1056
1055
1056
1055
1057
1044
1032
1057
1057
1057
1056
1056
1056
1056
1056
1056
1056
1056
1057
1044
1032
1057
1057
1057
1056
1057
1056
1057
1056
1057
1056
1057
1057
1044
1032
1057
1057
1057
1057
1048
1057
1048
1057
1048
1057
1049
1048
1044
1032
1057
1057
1057
1057
1049
1057
1049
1057
1049
1057
1050
1048
1044
1032
1057
1057
1057
1057
1050
1057
1050
1057
1050
1057
1051
1048
1044
1032
1057
1057
1057
1057
1051
1057
1051
1057
1051
1057
1052
1048
1044
1032
1057
1057
1057
1057
1052
1057
1052
1057
1052
1057
1053
1048
1044
1032
1057
1057
1057
1057
1053
1057
1053
1057
1053
1057
1054
1048
1044
1032
1057
1057
1057
1057
1054
1057
1054
1057
1054
1057
1055
1048
1044
1032
1057
1057
1057
1057
1055
1057
1055
1057
1055
1057
1056
1048
1044
1032
1057
1057
1057
1057
1056
1057
1056
1057
1056
1057
1057
1048
1044
1032
1049
1048
1048
1048
1048
1048
1048
1048
1048
1048
1048
1048
1048
8623
2351
1032
1052
1057
1048
1048
1048
1048
1048
1048
1048
1053
1048
1010
1260
1010
1293
2569
7637
2937
1454
1409
1061
1049
1319
1774
3542
1651
112718
1456
1293
6852
15605
1040
1049
1048
1048
1044
1032
1049
1044
1032
1049
1048
1048
1048
1048
1048
1048
1048
1048
1048
1044
1766
1057
1057
1057
1048
1048
1048
1048
1048
1048
1048
1048
1049
1044
1032
1057
1057
1057
1048
1049
1048
1049
1048
1049
1048
1049
1049
1044
1032
1057
1057
1057
1048
1050
1048
1050
1048
1050
1048
1050
1049
1044
1032
1057
1057
1057
1048
1051
1048
1051
1048
1051
1048
1051
1049
1044
1032
1057
1057
1057
1048
1052
1048
1052
1048
1052
1048
1052
1049
1044
1032
1057
1057
1057
1048
1053
1048
1053
1048
1053
1048
1053
1049
1044
1032
1057
1057
1057
1048
1054
1048
1054
1048
1054
1048
1054
1049
1044
1032
1057
1057
1057
1048
1055
1048
1055
1048
1055
1048
1055
1049
1044
1032
1057
1057
1057
1048
1056
1048
1056
1048
1056
1048
1056
1049
1044
1032
1057
1057
1057
1048
1057
1048
1057
1048
1057
1048
1057
1049
1044
1032
1057
1057
1057
1049
1048
1049
1048
1049
1048
1049
1048
1050
1044
1032
1057
1057
1057
1049
1049
1049
1049
1049
1049
1049
1049
1050
1044
1032
1057
1057
1057
1049
1050
1049
1050
1049
1050
1049
1050
1050
1044
1032
1057
1057
1057
1049
1051
1049
1051
1049
1051
1049
1051
1050
1044
1032
1057
1057
1057
1049
1052
1049
1052
1049
1052
1049
1052
1050
1044
1032
1057
1057
1057
1049
1053
1049
1053
1049
1053
1049
1053
1050
1044
1032
1057
1057
1057
1049
1054
1049
1054
1049
1054
1049
1054
1050
1044
1032
1057
1057
1057
1049
1055
1049
1055
1049
1055
1049
1055
1050
1044
1032
1057
1057
1057
1049
1056
1049
1056
1049
1056
1049
1056
1050
1044
1032
1057
1057
1057
1049
1057
1049
1057
1049
1057
1049
1057
1050
1044
1032
1057
1057
1057
1050
1048
1050
1048
1050
1048
1050
1048
1051
1044
1032
1057
1057
1057
1050
1049
1050
1049
1050
1049
1050
1049
1051
1044
1032
1057
1057
1057
1050
1050
1050
1050
1050
1050
1050
1050
1051
1044
1032
1057
1057
1057
1050
1051
1050
1051
1050
1051
1050
1051
1051
1044
1032
1057
1057
1057
1050
1052
1050
1052
1050
1052
1050
1052
1051
1044
1032
1057
1057
1057
1050
1053
1050
1053
1050
1053
1050
1053
1051
1044
1032
1057
1057
1057
1050
1054
1050
1054
1050
1054
1050
1054
1051
1044
1032
1057
1057
1057
1050
1055
1050
1055
1050
1055
1050
1055
1051
1044
1032
1057
1057
1057
1050
1056
1050
1056
1050
1056
1050
1056
1051
1044
1032
1057
1057
1057
1050
1057
1050
1057
1050
1057
1050
1057
1051
1044
1032
1057
1057
1057
1051
1048
1051
1048
1051
1048
1051
1048
1052
1044
1032
1057
1057
1057
1051
1049
1051
1049
1051
1049
1051
1049
1052
1044
1032
1057
1057
1057
1051
1050
1051
1050
1051
1050
1051
1050
1052
1044
1032
1057
1057
1057
1051
1051
1051
1051
1051
1051
1051
1051
1052
1044
1032
1057
1057
1057
1051
1052
1051
1052
1051
1052
1051
1052
1052
1044
1032
1057
1057
1057
1051
1053
1051
1053
1051
1053
1051
1053
1052
1044
1032
1057
1057
1057
1051
1054
1051
1054
1051
1054
1051
1054
1052
1044
1032
1057
1057
1057
1051
1055
1051
1055
1051
1055
1051
1055
1052
1044
1032
1057
1057
1057
1051
1056
1051
1056
1051
1056
1051
1056
1052
1044
1032
1057
1057
1057
1051
1057
1051
1057
1051
1057
1051
1057
1052
1044
1032
1057
1057
1057
1052
1048
1052
1048
1052
1048
1052
1048
1053
1044
1032
1057
1057
1057
1052
1049
1052
1049
1052
1049
1052
1049
1053
1044
1032
1057
1057
1057
1052
1050
1052
1050
1052
1050
1052
1050
1053
1044
1032
1057
1057
1057
1052
1051
1052
1051
1052
1051
1052
1051
1053
1044
1032
1057
1057
1057
1052
1052
1052
1052
1052
1052
1052
1052
1053
1044
1032
1057
1057
1057
1052
1053
1052
1053
1052
1053
1052
1053
1053
1044
1032
1057
1057
1057
1052
1054
1052
1054
1052
1054
1052
1054
1053
1044
1032
1057
1057
1057
1052
1055
1052
1055
1052
1055
1052
1055
1053
1044
1032
1057
1057
1057
1052
1056
1052
1056
1052
1056
1052
1056
1053
1044
1032
1057
1057
1057
1052
1057
1052
1057
1052
1057
1052
1057
1053
1044
1032
1057
1057
1057
1053
1048
1053
1048
1053
1048
1053
1048
1054
1044
1032
1057
1057
1057
1053
1049
1053
1049
1053
1049
1053
1049
1054
1044
1032
1057
1057
1057
1053
1050
1053
1050
1053
1050
1053
1050
1054
1044
1032
1057
1057
1057
1053
1051
1053
1051
1053
1051
1053
1051
1054
1044
1032
1057
1057
1057
1053
1052
1053
1052
1053
1052
1053
1052
1054
1044
1032
1057
1057
1057
1053
1053
1053
1053
1053
1053
1053
1053
1054
1044
1032
1057
1057
1057
1053
1054
1053
1054
1053
1054
1053
1054
1054
1044
1032
1057
1057
1057
1053
1055
1053
1055
1053
1055
1053
1055
1054
1044
1032
1057
1057
1057
1053
1056
1053
1056
1053
1056
1053
1056
1054
1044
1032
1057
1057
1057
1053
1057
1053
1057
1053
1057
1053
1057
1054
1044
1032
1057
1057
1057
1054
1048
1054
1048
1054
1048
1054
1048
1055
1044
1032
1057
1057
1057
1054
1049
1054
1049
1054
1049
1054
1049
1055
1044
1032
1057
1057
1057
1054
1050
1054
1050
1054
1050
1054
1050
1055
1044
1032
1057
1057
1057
1054
1051
1054
1051
1054
1051
1054
1051
1055
1044
1032
1057
1057
1057
1054
1052
1054
1052
1054
1052
1054
1052
1055
1044
1032
1057
1057
1057
1054
1053
1054
1053
1054
1053
1054
1053
1055
1044
1032
1057
1057
1057
1054
1054
1054
1054
1054
1054
1054
1054
1055
1044
1032
1057
1057
1057
1054
1055
1054
1055
1054
1055
1054
1055
1055
1044
1032
1057
1057
1057
1054
1056
1054
1056
1054
1056
1054
1056
1055
1044
1032
1057
1057
1057
1054
1057
1054
1057
1054
1057
1054
1057
1055
1044
1032
1057
1057
1057
1055
1048
1055
1048
1055
1048
1055
1048
1056
1044
1032
1057
1057
1057
1055
1049
1055
1049
1055
1049
1055
1049
1056
1044
1032
1057
1057
1057
1055
1050
1055
1050
1055
1050
1055
1050
1056
1044
1032
1057
1057
1057
1055
1051
1055
1051
1055
1051
1055
1051
1056
1044
1032
1057
1057
1057
1055
1052
1055
1052
1055
1052
1055
1052
1056
1044
1032
1057
1057
1057
1055
1053
1055
1053
1055
1053
1055
1053
1056
1044
1032
1057
1057
1057
1055
1054
1055
1054
1055
1054
1055
1054
1056
1044
1032
1057
1057
1057
1055
1055
1055
1055
1055
1055
1055
1055
1056
1044
1032
1057
1057
1057
1055
1056
1055
1056
1055
1056
1055
1056
1056
1044
1032
1057
1057
1057
1055
1057
1055
1057
1055
1057
1055
1057
1056
1044
1032
1057
1057
1057
1056
1048
1056
1048
1056
1048
1056
1048
1057
1044
1032
1057
1057
1057
1056
1049
1056
1049
1056
1049
1056
1049
1057
1044
1032
1057
1057
1057
1056
1050
1056
1050
1056
1050
1056
1050
1057
1044
1032
1057
1057
1057
1056
1051
1056
1051
1056
1051
1056
1051
1057
1044
1032
1057
1057
1057
1056
1052
1056
1052
1056
1052
1056
1052
1057
1044
1032
1057
1057
1057
1056
1053
1056
1053
1056
1053
1056
1053
1057
1044
1032
1057
1057
1057
1056
1054
1056
1054
1056
1054
1056
1054
1057
1044
1032
1057
1057
1057
1056
1055
1056
1055
1056
1055
1056
1055
1057
1044
1032
1057
1057
1057
1056
1056
1056
1056
1056
1056
1056
1056
1057
1044
1032
1057
1057
1057
1056
1057
1056
1057
1056
1057
1056
1057
1057
1044
1032
1057
1057
1057
1057
1048
1057
1048
1057
1048
1057
1049
1048
1044
1032
1057
1057
1057
1057
1049
1057
1049
1057
1049
1057
1050
1048
1044
1032
1057
1057
1057
1057
1050
1057
1050
1057
1050
1057
1051
1048
1044
1032
1057
1057
1057
1057
1051
1057
1051
1057
1051
1057
1052
1048
1044
1032
1057
1057
1057
1057
1052
1057
1052
1057
1052
1057
1053
1048
1044
1032
1057
1057
1057
1057
1053
1057
1053
1057
1053
1057
1054
1048
1044
1032
1057
1057
1057
1057
1054
1057
1054
1057
1054
1057
1055
1048
1044
1032
1057
1057
1057
1057
1055
1057
1055
1057
1055
1057
1056
1048
1044
1032
1057
1057
1057
1057
1056
1057
1056
1057
1056
1057
1057
1048
1044
1032
1049
1048
1048
1048
1048
1048
1048
1048
1048
1048
1048
1048
1048
8623
2351
1032
1052
1057
1048
1048
1048
1048
1048
1048
1048
1048
1048
1053
1048
1267
1035
13516
4206
45525
18797
18542
15643
3602
1892
41584
3419
1041
1317
3160
9458
1626
1975
11
1010
10
1503
19464
1010
12
13
11
1010
10
3263
1267
16994
4607
6983
9700
1278
9458
1046
9380
1681
1278
3880
1877
17595
3581
1319
5943
8531
3690
3804
3640
1032
8933
92367
1104
82787
73450
1103
15414
8261
1897
3110
1032
1052
1054
1044
1294
1534
13655
1561
1293
4206
45525
18797
18542
15643
3602
1892
41584
3419
1456
1032
8933
92367
1104
82787
73450
1103
15414
8261
1897
3110
1032
1051
1048
1044
1294
4206
1010
1293
6852
15605
1040
1053
1044
1032
1050
1044
1032
1051
1044
1766
1049
1044
1032
1053
1044
1032
1054
1044
1032
1049
1048
1044
1032
1049
1050
8623
2351
1032
1051
1010
6367
12032
48697
48697
48697
48697
48697
48697
48697
48697
48697
48697
48697
48697
48697
48697
48697
48697
48697
48697
48697
48697
1094
1010
31929
1292
4507
89644
2892
75956
1419
1044
1593
1395
2143
6255
1058
18228
1278
3629
2254
21734
1321
8953
3607
1044
10886
5687
1278
2254
5055
1321
2764
1747
1278
9458
1046
1603
24151
16424
70914
84674
14671
48761
1083
25461
4568
2715
30711
1278
3475
1636
13330
1294
1261
1335
107485
3475
4950
1319
3038
44642
1041
1319
43880
2084
80858
1278
4618
7389
1041
11
1010
10
1503
19464
1010
12
13
11
1010
10
3263
1267
16994
4607
6983
9700
1278
9458
1046
9380
1681
1278
3880
1877
17595
3581
1319
5943
8531
3690
3804
3640
1032
8933
92367
12540
1052
1117
1065
1055
1112
1057
1087
1110
8261
1897
3110
1032
1052
1054
1044
1294
1534
13655
1561
1293
4206
45525
18797
18542
15643
3602
1892
41584
3419
1456
1032
8933
92367
12540
1052
1117
1065
1055
1112
1057
1087
1110
8261
1897
3110
1032
1051
1048
1044
1294
4206
1010
1293
6852
15605
1040
1053
1044
1032
1050
1044
1032
1051
1044
1766
1049
1044
1032
1053
1044
1032
1054
1044
1032
1049
1048
1044
1032
1049
1050
8623
2351
1032
1051
1010
6367
12032
48697
48697
48697
48697
48697
48697
48697
48697
48697
48697
48697
48697
48697
48697
48697
48697
48697
48697
48697
48697
1094
1010
31929
1292
4507
89644
2892
75956
1419
1044
1593
1395
2143
6255
1058
18228
1278
3629
2254
21734
1321
8953
3607
1044
10886
5687
1278
2254
5055
1321
2764
1747
1278
9458
1046
1603
24151
16424
70914
84674
14671
48761
1083
25461
4568
2715
30711
1278
3475
1636
13330
1294
1261
1335
107485
3475
4950
1319
3038
44642
1041
1319
43880
2084
80858
1278
4618
7389
1041
11
1010
10
1503
19464
1010
12
1010
12
12598
1639
26812
1593
4127
21966
1338
1784
6255
1395
1317
5687
1278
2000
94848
18542
15643
3602
1892
41584
3419
1096
2254
1455
1877
1045
23627
1308
17135
9236
1408
4811
5072
1010
1045
20776
11835
3788
120274
2200
37497
2424
1010
1045
52050
1877
1032
1462
3931
2725
1409
17135
1710
1402
70270
5823
1294
1925
19186
1010
1032
1462
13223
1623
1319
85708
1408
3950
3542
99794
3755
8623
1710
2342
1402
70270
1408
1505
2453
1455
3950
1010
1032
1462
5417
37497
1408
3950
1261
1044
1278
4275
112718
1710
2342
1402
1408
3950
1261
48334
1505
4025
1010
1032
1462
73198
41584
3419
1394
3542
1623
70270
1408
3950
1265
1395
1319
1115
1462
3542
99794
3755
26740
12598
1639
2985
1513
1278
2688
5443
1317
5048
1278
6878
8033
2100
1049
1046
2000
94848
18542
15643
3602
1892
41584
3419
1040
1053
1044
1032
1050
1044
1032
1051
1044
1766
1049
1044
1032
1053
1044
1032
1054
1044
1032
1049
1048
1044
1032
1049
1050
8623
1096
2715
1850
2880
7377
1044
1278
2688
8223
1494
2715
9196
1032
1051
1044
1809
1278
4618
8953
3607
8223
2000
35209
11835
18542
15643
3602
1892
41584
3419
1040
1053
1044
1032
1050
1044
1032
1051
1044
1766
1049
1044
1032
1053
1044
1032
1054
1044
1032
1049
1048
1044
1032
1049
1050
8623
2351
1032
1050
9816
1531
4206
2254
90747
1494
33197
1032
1051
1046
4493
1278
6298
4832
1394
1593
2688
2937
1395
1032
1051
1338
1050
1046
2000
94848
18542
15643
3602
1892
41584
3419
1040
1049
1044
1032
1049
1044
1032
1049
1048
1048
1048
1048
1048
1048
1048
1048
1048
1044
1766
1049
1048
1048
1048
1048
1048
1048
1048
1048
1048
1048
1048
1048
8623
2351
1032
1048
10127
1051
1046
2000
94848
18542
15643
3602
1892
41584
3419
1040
1049
1053
1044
1032
1052
1044
1032
1053
1044
1766
1049
1044
1032
1051
1044
1032
1051
1044
1032
1054
1044
1032
1054
1044
1032
1054
1044
1032
1049
1048
1044
1032
1049
1048
1044
1032
1049
1048
1044
1032
1049
1048
1044
1032
1049
1053
1044
1032
1049
1053
1044
1032
1049
1053
1044
1032
1049
1053
1044
1032
1049
1053
8623
2351
1032
1051
1053
10127
1052
1046
2000
94848
18542
15643
3602
1892
41584
3419
1040
1050
1044
1032
1050
1044
1032
1049
1053
1049
1055
1044
1766
1049
1054
1057
1055
1044
1032
1049
1056
1054
1057
8623
2351
1032
1049
1055
1050
10127
1053
1046
2000
94848
18542
15643
3602
1892
41584
3419
1040
1049
1048
1044
1032
1049
1044
1032
1050
1044
1766
1049
1044
1032
1049
1044
1032
1050
1044
1032
1051
1044
1032
1052
1044
1032
1053
1044
1032
1053
1044
1032
1053
1044
1032
1053
1044
1032
1054
8623
2351
1032
1054
1051
10127
1054
1046
2000
94848
18542
15643
3602
1892
41584
3419
1040
1049
1044
1032
1049
1044
1032
1053
1056
1052
1053
1053
1056
1055
1055
1054
1044
1766
1049
1049
1050
1054
1048
1053
1050
1050
1057
1051
8623
2351
1032
1048
10127
1055
1046
2000
94848
18542
15643
3602
1892
41584
3419
1040
1049
1044
1032
1049
1044
1032
1049
1044
1766
1049
8623
2351
1032
1048
10127
1056
1046
1349
4329
2688
1454
1409
41523
1319
1599
17135
1294
1925
112718
1801
1057
1046
1349
4329
2688
1454
1409
1061
1049
1319
1774
3542
1651
112718
1801
12598
1639
3648
2314
1278
11857
1338
4268
1736
17135
9236
1408
4811
5072
1044
25585
1294
2767
8532
75178
3542
1046
2837
2534
1317
12785
2424
1294
89563
1307
1513
2725
1409
17135
1046
5417
37497
1261
19186
1408
3950
1261
1044
1278
4275
19186
1710
2342
12785
1408
3950
1261
48334
1505
4025
1338
1784
120274
1394
2744
3542
1395
1319
106988
57811
1462
3542
57811
2519
12598
1639
3648
2314
1593
2081
21966
1338
16840
1278
17135
1584
25585
1536
30880
3950
1044
1321
1729
2933
1317
33945
3788
120274
1044
1729
2715
12785
17135
1435
5124
1435
4171
3016
3945
1302
1278
22855
1338
12598
1639
3369
1278
22855
1877
1049
1046
11796
19186
1710
1736
1513
2725
1409
17135
1010
1050
1046
5417
37497
1408
3950
1261
1044
4275
112718
1710
1402
1408
3950
1261
48334
1505
4025
1010
1051
1046
13223
1623
1710
2342
1402
70270
1408
1505
2453
3542
99794
3755
3563
16840
1729
2933
1317
33945
120274
1044
1729
2715
12785
17135
1435
6231
1317
2034
30880
3950
1435
4171
1338
12598
1639
3648
2314
1261
12866
19466
5125
1338
12598
34044
3755
1093
1402
1278
11835
3788
120274
1394
37497
1278
2158
1623
17135
1319
12198
1032
1048
1317
1623
1045
1049
2519
4393
1278
11286
1044
1729
2534
1317
16859
2606
3325
17135
1317
12785
1294
1278
3804
19186
1046
3367
1729
12785
1475
17135
1294
1278
3804
19186
1319
1049
9120
1475
9120
1409
1574
2430
2576
1475
17135
2168
1402
17135
1623
17895
1317
1623
1045
1049
1046
4159
2168
1747
1402
70270
1408
2269
3950
1335
1044
2478
1335
9218
3542
99794
3755
1045
1049
1093
1319
31346
1278
3804
3542
1294
1278
19186
28857
1278
11835
37497
3950
1574
1321
1335
9218
4607
1095
14096
1476
57811
1867
2460
1338
28191
1044
1809
1278
37497
3950
1394
1261
19186
2880
9246
1639
1344
41412
1278
4127
1338
1034
8659
37497
1408
3950
1261
1044
1278
4275
112718
1710
2342
1402
1408
3950
1261
48334
1505
4025
4410
8032
1693
1729
12785
1261
19186
1408
3950
1261
1044
1278
4275
19186
4016
12785
1408
3950
9218
1261
48334
1338
4998
1429
9016
1623
1319
85708
1408
3950
3542
99794
3755
8623
1710
2342
1402
70270
1408
1505
2453
1455
3950
4410
8032
1394
1261
19186
1307
17135
1044
1278
37497
3950
4016
1402
9218
1278
8905
1307
1877
1045
1531
30880
5072
1307
1747
17135
1294
1278
19186
1010
1045
1531
4607
112718
3950
1867
2460
1267
16840
1729
2933
1317
33945
120274
1044
1394
1261
4265
19186
1307
17135
1044
1729
2715
12785
2424
1408
1278
32914
4171
3950
1044
1799
2168
1402
6705
56557
99794
14753
56707
1044
4607
1095
14096
1476
57811
1867
2460
2519
12598
1639
3648
2314
1593
1454
1278
2158
2688
2937
1877
1110
1061
1053
1044
1409
1061
1050
1044
2460
1061
1051
1044
3542
99794
18359
1049
1044
1032
1053
1044
1032
1054
1044
1032
1049
1048
1044
1032
1049
1050
3563
4268
2534
1317
12785
1032
1053
17135
1294
89563
1307
1513
2725
1032
1050
1044
1454
1513
4403
1032
1051
5072
2396
12785
3033
1338
12598
1639
3648
2314
4171
71871
2100
12465
1032
1049
1058
50241
17135
1032
1049
1044
1053
1408
3950
1032
1053
1319
1100
1892
41584
3419
1058
1032
1048
1043
1048
1061
1048
1574
2430
4016
7377
4570
3950
1032
1056
1046
50241
17135
1032
1054
1044
1049
1048
1408
3950
1032
1049
1048
1319
1100
1892
41584
3419
1058
1032
1052
1043
1048
1061
1052
1574
2430
4016
7377
4570
3950
1032
1049
1051
1046
50241
3542
1032
1049
1050
1408
3950
1032
1049
1051
1319
1100
1892
41584
3419
1058
1032
1049
1577
12153
1058
1032
1048
1043
1052
1043
1049
1061
1053
1338
12465
1032
1050
1058
50241
3542
1032
1049
1408
3950
1032
1049
1319
1100
1892
41584
3419
1058
1032
1048
1574
2430
4016
7377
4570
3950
1032
1052
1046
50241
17135
1032
1053
1044
1054
1408
3950
1032
1054
1319
1100
1892
41584
3419
1058
1032
1049
1043
1048
1061
1049
1574
2430
4016
7377
4570
3950
1032
1057
1046
50241
17135
1032
1049
1048
1044
1049
1050
1408
3950
1032
1049
1050
1319
1100
1892
41584
3419
1058
1032
1050
1043
1048
1061
1050
1577
12153
1058
1032
1048
1043
1049
1043
1050
1061
1051
1338
28191
1044
1809
1710
1729
12785
17135
1032
1053
1321
1032
1054
1408
3950
1032
1054
1063
13223
1032
1053
1486
9236
1408
3950
1032
1053
1044
1878
14842
1044
1494
1710
1402
70270
1408
3950
1032
1054
1046
13223
1032
1054
1486
9236
1408
3950
1032
1054
1044
1878
14842
1338
12598
1639
21294
1058
1032
1010
1045
50241
3542
1319
4643
1032
1049
1041
1408
3950
1032
1049
1058
120274
1376
1032
1048
1046
18147
112718
1710
1402
1408
3950
1032
1049
1043
1051
1061
1052
1505
4025
1626
1045
50241
17135
1319
4643
1032
1053
1044
3950
1032
1054
1041
1408
3950
1032
1054
1058
120274
1376
1319
1054
1045
1053
90171
1054
1045
1054
1041
1376
1032
1049
1043
1048
1376
1032
1049
1046
18147
112718
1710
1402
1408
3950
1032
1054
1043
1051
1061
1057
1505
4025
1626
1045
50241
17135
1319
4643
1032
1049
1048
1044
3950
1032
1049
1050
1041
1408
3950
1032
1049
1050
1058
120274
1376
1319
1049
1050
1045
1049
1048
90171
1049
1050
1045
1049
1050
1041
1376
1032
1050
1043
1048
1376
1032
1050
1046
18147
112718
2168
1402
1408
3950
1032
1049
1050
1043
1051
1061
1049
1053
1044
1809
1729
6185
5595
1338
13458
1058
1032
1048
1043
1049
1043
1050
1376
1032
1051
1046
2409
14175
1278
6878
4832
5338
8032
1278
3844
28524
1395
1058
1394
1261
19186
1307
17135
70270
1408
3950
1335
1044
1335
2715
1402
6705
24728
30501
57811
6561
56707
1044
4607
1095
14096
1476
57811
1867
2460
1574
1321
1729
2933
1317
33945
1278
4556
1307
1319
1083
1462
3542
57811
1041
1394
1747
17135
1294
1278
19186
1338
12598
1639
12859
2033
1278
43544
2100
12598
34044
3755
1093
1376
11835
3788
120274
1394
37497
2158
1623
17135
1319
64713
1032
1048
1317
1623
1045
1049
2519
2892
24002
34044
3755
3605
1729
3369
37497
1278
3804
1475
17135
1319
5383
1032
1049
9120
1475
9120
1409
1321
1475
9120
1623
1041
1294
1925
19186
1046
4634
17135
1584
1513
26524
1623
17895
1317
1623
1045
1049
1338
1784
37497
3950
1394
1593
19186
2168
1402
1058
1335
1376
6705
56557
99794
3755
1045
1049
3605
4607
1095
14096
1476
57811
1867
2460
1801
3890
1729
2534
1317
2840
1278
4607
112718
3950
1046
121991
1044
1593
39159
2130
5705
3147
1278
3468
7560
1317
4626
1278
3804
112718
3950
1338
125773
5125
1058
9246
1681
11249
34044
3755
1093
1376
1319
94848
3788
120274
1394
2158
1623
17135
1044
3950
1307
3804
112718
2519
3890
1455
4139
1736
4382
3325
8164
1338
28191
1044
2878
1639
3648
30816
1046
9748
1278
17135
1584
25585
1044
1321
1729
2933
1317
33945
120274
1044
1278
37497
3950
1394
1261
19186
23419
1513
3542
1623
1045
1049
2168
1402
6705
56557
99794
3755
1045
1049
3605
2269
31140
1577
1531
13274
14620
1408
4607
12785
3033
1338
97565
1044
2878
1639
3648
2314
1494
1562
3866
11695
1046
9246
1681
4150
1729
16859
1278
37497
5072
1046
1531
2158
19186
21439
1408
2269
3950
1335
1049
9218
3542
99794
1307
1278
17135
1294
1278
2158
19186
1046
1531
2667
19186
21439
1408
2269
3950
1335
1050
9218
1335
1049
1867
2460
1044
1321
1335
1050
9218
3542
99794
1307
1278
17135
1294
1278
2667
19186
1046
3060
1878
1408
1338
16840
1729
2933
1317
33945
120274
1044
1335
1049
2715
1402
1435
3709
1435
4171
1044
1799
4938
1335
1049
1376
6705
56557
99794
1307
17135
1294
2158
19186
1577
6830
1335
1050
1376
6705
13977
1049
1867
2460
1044
3542
99794
1307
17135
1294
2667
19186
1574
6704
1338
8032
1278
37497
5072
1584
7847
1536
1278
19186
1302
18379
1338
12598
1639
1344
6568
1278
43544
1046
9246
34044
3755
1093
1376
11835
3788
120274
1394
37497
2158
1623
17135
1044
27408
1729
12785
2424
9741
2487
1338
2892
24002
34044
3755
3605
1729
3352
1747
4171
1475
1319
1049
9120
1475
9120
1409
1041
2478
1278
3804
19186
8688
17135
1623
17895
1317
1623
1045
1049
1046
1531
37497
3950
1394
1593
19186
2168
1402
4057
1408
1278
4607
19186
1681
37497
3950
1338
3890
1729
2534
1317
2840
1278
4607
112718
3950
1046
4493
13162
1278
3468
2715
4626
1494
1338
125773
1058
9246
34044
3755
1093
1402
1261
2254
1505
1729
6933
1278
3804
112718
3950
1338
97565
1044
2878
1639
3648
2314
1593
30816
1046
9246
1681
11249
1284
6534
1044
3804
1095
14096
57811
1041
1376
11835
120274
1394
17135
1623
1791
1110
1045
1049
1044
4265
1455
1278
3804
112718
1486
1408
3950
3804
1095
14096
57811
1338
3890
3804
1095
14096
57811
1710
1402
3435
4329
1319
1982
1317
1032
1049
1048
1094
1049
1050
1867
4433
1574
1878
1593
4139
1605
1402
40244
7655
1338
28191
1044
1809
1278
17135
1584
25585
1044
1321
1278
37497
3950
1394
1261
19186
23419
1513
3542
1623
1045
1049
2168
1402
6705
56557
99794
3755
1045
1049
3605
3804
1095
14096
57811
1867
2460
1364
1319
12856
1307
89563
2453
14526
121991
1044
1593
1395
7796
22502
1338
12598
1639
2985
1513
1278
4127
1562
1261
2801
15329
1046
9246
1681
3369
1455
1729
2832
17135
1562
3979
1317
3169
1044
1321
7766
1278
1429
1904
29900
4171
4275
112718
3950
7223
97565
1044
1362
3648
1278
3844
17811
1395
1058
1394
2258
19186
1307
17135
1044
1278
18243
37497
3950
1395
6705
56557
99794
14753
56707
1044
4607
1095
14096
1476
57811
1867
2460
1577
3060
4136
3542
99794
1584
2767
8532
75178
1044
3542
99794
14753
56707
1376
3542
99794
1091
8084
6561
56707
11390
8032
2878
1681
11249
34044
3755
1093
1376
1319
2422
3602
1892
41584
3419
1044
3804
1095
14096
57811
1041
1394
2158
1623
17135
1338
3890
2156
4139
1402
12191
48478
1058
1261
5097
1454
12593
4853
120274
1809
9781
3804
1095
14096
57811
4139
3894
4942
18379
1394
4025
17135
1338
1072
8383
1044
1809
7442
1044
1362
3648
1729
1710
16123
1455
1729
2715
5282
12785
1408
1278
32914
4171
3950
1046
9246
1639
3648
9283
71158
1729
1736
2295
7791
1394
37497
1278
2158
19186
1058
12785
1408
3950
1032
1053
1319
1100
1892
41584
3419
1032
1050
1041
1505
12785
1408
3950
1032
1054
1319
1100
1892
41584
3419
1032
1049
1577
3367
1729
12785
1408
3950
1032
1053
1044
1278
4275
19186
1710
12785
1408
3950
1032
1053
48334
1505
4025
1046
3367
1729
12785
1408
3950
1032
1054
1044
1278
4275
19186
1710
12785
1408
3950
1032
1054
48334
1505
4025
1046
94005
9781
10177
2081
34565
1044
1809
4139
5597
120274
1394
1278
3519
19186
1338
8032
2156
1681
1261
12191
12115
1046
2837
2534
1317
3369
2960
13613
1338
12598
1639
3648
2314
1278
43544
3468
2081
21966
1338
92613
34044
3755
1093
1376
11835
3788
120274
1394
37497
2158
1623
17135
1044
2478
1278
1623
12497
3542
1319
1048
37601
1286
1044
1878
3542
99794
3755
1045
1049
8623
1395
70270
1408
2269
3950
1044
1321
1729
6933
1278
37497
3950
1338
97565
1044
2878
1639
3352
1261
2801
32786
1046
9246
34044
3755
1093
1402
1278
11835
3788
120274
1394
1278
2158
1623
17135
1044
1321
1729
7534
8240
1848
1278
37497
3950
1435
1805
1307
1278
34019
1338
7651
1729
2229
1261
1875
19186
1307
1475
17135
1319
5011
1623
17895
1043
1049
1317
1623
1574
1278
37497
3950
1394
1593
19186
1395
6705
56557
99794
3755
3605
14281
1095
14096
57811
1867
2460
1574
2478
14281
1095
14096
57811
1395
1278
37497
3950
1307
1278
4607
19186
1338
3890
1729
2607
2405
2840
14281
1095
14096
57811
1562
34044
3755
17895
1093
9412
1338
1072
8383
1044
2878
1639
3352
6727
3866
5125
1046
9246
1681
11249
34044
3755
1093
1435
1261
2951
1307
1319
8084
1095
14096
57811
1044
3788
3602
1892
41584
3419
1041
17684
1455
1584
45030
1611
66639
5903
1319
1105
4185
3109
1836
2147
10217
1934
2960
1420
9781
3804
1095
14096
57811
1321
4953
1505
9196
3788
120274
2519
3890
1454
1308
2015
1317
1032
1049
1048
1048
1044
1593
4139
1402
18108
1638
1338
97565
7377
1044
2878
1639
1344
41412
1278
22855
1058
1308
9120
1032
1049
1048
1048
1046
4493
1729
1710
23408
1535
4990
1094
1050
1364
4433
1041
1505
3199
1535
4990
1094
1051
1041
23931
1338
12598
1639
3648
2314
1593
2081
21966
1454
1278
2688
5443
1338
4922
2937
1032
1049
1058
1308
1061
1053
1044
1409
1061
1050
1044
2460
1061
1051
1044
3542
99794
18359
1049
1044
1032
1053
1044
1032
1054
1044
1032
1049
1048
1044
1032
1049
1050
3605
4832
1061
1051
1338
4268
5314
2959
1261
5097
1454
3788
120274
1032
1051
1877
1045
50241
3542
1032
1049
1408
3950
1032
1049
1319
1100
1892
1061
1048
1574
4275
1710
12785
1408
3950
1032
1052
44065
1045
50241
17135
1032
1053
1044
1054
1408
3950
1032
1054
1319
1100
1892
1061
1049
1574
4275
1710
12785
1408
3950
1032
1057
44065
1045
50241
17135
1032
1049
1048
1044
1049
1050
1408
3950
1032
1049
1050
1319
1100
1892
1061
1050
1574
3788
1061
1051
1267
4922
2937
1032
1051
1058
1308
1061
1049
1053
1044
1409
1061
1052
1044
2460
1061
1053
1044
3542
99794
18359
1049
1044
1032
1051
1044
1032
1051
1044
1032
1054
1044
1032
1054
1044
1032
1054
1044
1032
1049
1048
1044
1032
1049
1048
1044
1032
1049
1048
1044
1032
1049
1048
1044
1032
1049
1053
1044
1032
1049
1053
1044
1032
1049
1053
1044
1032
1049
1053
1044
1032
1049
1053
3605
4832
1061
1051
1053
1338
12598
1639
3352
1317
8240
1848
1593
1925
23898
2880
49032
1044
2878
1639
2586
2196
1408
1278
11857
1338
12598
1639
3648
2314
1278
4127
1435
1261
43544
2478
34044
3755
1093
13043
1278
3468
2453
37497
1278
2158
1623
17135
1338
4393
1278
3468
1044
1362
2534
1317
2840
1278
3950
1278
3804
112718
12187
1044
3147
1455
26018
2200
1278
4275
112718
1710
14222
1338
3890
13162
1362
1710
11249
34044
3755
1093
1435
1278
11835
120274
1394
1278
2158
1623
17135
1044
1321
2095
6933
1278
1429
1904
29900
4275
112718
3950
1034
68127
1338
97565
1044
2878
1639
3352
1593
32786
2100
12598
34044
3755
1093
1376
11835
3788
120274
1394
37497
2158
1623
17135
1044
1454
1278
16009
1455
1278
1623
12497
3542
1395
70270
1408
2269
3950
1044
1321
1729
2840
1278
9903
1429
6651
5178
112718
3950
7223
3890
2801
9384
1307
37497
1278
2158
1623
17135
4139
2282
1294
2801
1429
6651
5178
112718
5072
1034
3199
1454
1278
2879
3788
120274
1338
1072
8383
1044
2878
1639
3648
2314
5627
1729
1710
16123
1455
2156
1681
1420
18243
5097
2478
1729
5282
12785
1435
5124
1435
4171
1338
85114
1058
3730
12123
1420
18243
5097
2478
2744
19186
1395
70270
1408
1278
32914
4171
3950
4265
1278
19186
1302
18379
1338
51798
49674
1058
3367
1261
19186
1395
70270
1408
3950
1335
1809
2481
1736
2151
70270
1408
3950
1335
1039
1534
1335
1044
2430
37497
1408
1335
1039
2168
1877
1049
1046
7209
27855
1505
7766
120274
1394
1593
19186
1319
31346
1335
1039
1462
3542
57811
9120
1335
1462
3542
57811
1394
1747
17135
1294
1278
19186
1456
1050
1046
15481
26032
3894
9781
12785
3033
1394
13827
89563
1267
8032
14842
1044
1729
1710
14649
3816
6410
1307
131046
1455
2744
19186
21439
1408
1278
32914
4171
3950
1338
36296
1593
1044
1693
1729
2840
1278
4607
112718
3950
2000
23429
3134
7273
1321
1729
6185
37497
17135
1562
4891
1623
17895
1043
1049
1317
1623
1319
1049
37601
1286
1574
2430
1278
37497
3950
1395
6705
56557
99794
3755
3605
14281
3134
1867
2460
2519
28191
1044
3542
99794
1395
1032
1048
37601
1286
1046
9246
1639
1402
25052
1046
3367
1729
6185
37497
17135
1454
26524
1623
17895
1317
1623
1045
1049
1319
1048
37601
1286
1574
1278
3804
3542
1934
30880
3950
3542
99794
3755
1045
1049
3077
4493
1278
37497
3950
1395
6705
56557
99794
3755
1045
1049
3605
14281
3134
1867
2460
2519
4998
1278
120274
1394
1593
19186
1395
4556
24728
56557
99794
3755
1045
1049
3605
14281
3134
1867
2460
1041
1462
3542
99794
53017
8623
1394
1257
1562
1623
17895
1317
1623
1045
1049
1338
16840
3542
99794
1395
2767
8532
75178
1321
3542
99794
3755
1045
1049
1093
1395
1278
8905
1294
1278
19186
1044
1593
13625
16646
1317
1877
1106
1364
6705
56557
99794
3755
1045
1049
3605
14281
3134
1867
2460
1041
1462
4556
56557
99794
53017
1093
1394
1257
1562
1623
17895
1317
1623
1045
1049
1801
12082
1044
1394
1278
43544
2100
12598
34044
3755
1093
1376
11835
3788
120274
1394
37497
2158
1623
17135
1319
12198
1032
1048
1317
1623
1045
1049
1574
4837
1454
1278
37497
3950
1307
1278
1623
12497
19186
1319
1270
1278
1429
6651
5178
112718
3950
54455
97565
1044
1362
3648
1278
6769
1395
1455
34044
3755
1093
9412
6354
2405
16543
1278
1429
6651
5178
112718
3950
3871
9246
1639
1344
6568
1338
12598
34044
3755
1093
1376
1319
2422
3602
1892
41584
3419
1044
4275
1095
1430
1986
57811
1041
1394
2158
1623
17135
1044
2478
4275
1095
1430
1986
57811
1395
1278
32914
3950
1278
4275
112718
1710
7260
1338
3890
1435
1362
10656
9781
1044
2156
4139
1402
12191
48478
1058
1261
5097
1454
4853
120274
1809
9781
4275
1095
1430
1986
57811
4139
1402
4942
1394
7147
17135
1338
16418
1044
2878
1639
3648
2314
5627
1729
1710
16123
1455
1729
2342
2534
1317
5807
6933
1307
1278
11835
120274
1394
2744
4171
4275
1095
1430
1986
57811
1044
1505
4433
2479
1455
1338
97565
1044
1454
1308
9120
1032
1049
1048
1048
1044
13162
1729
1710
2586
1736
34044
3755
1093
1376
11835
120274
1394
2158
1623
17135
1044
1321
6716
33295
1278
4275
1095
1430
1986
57811
1435
6618
1338
28191
1044
1809
1278
4275
1095
1430
1986
57811
14620
1408
1278
4811
37497
5072
14173
1044
1605
2586
1278
3788
120274
1338
12598
1639
3352
1261
2801
5125
1046
9246
1681
11249
34044
3755
1093
1435
1278
11835
3788
120274
1394
1278
2158
1623
17135
1044
27408
1729
12785
2424
9741
2487
1046
3060
1729
7534
8240
1848
1278
37497
3950
68127
1338
7651
1729
11286
1562
34044
3755
17895
1093
1317
34044
3755
1093
1536
37497
17135
1623
17895
1317
1623
1045
1049
1294
1925
19186
1044
1729
2534
1317
2840
1278
37497
3950
1307
1278
19186
1455
13955
1513
1623
17895
1046
3626
34044
3755
17895
1093
2342
10177
1650
1278
3788
120274
1044
1605
1278
37497
3950
1338
1072
8383
1044
1593
1395
1278
8917
1120
1307
1278
4127
1046
1531
37497
3950
1307
1278
3804
19186
26018
2200
1278
4275
19186
1710
12785
1338
12598
1639
3352
12327
1278
37497
3950
1317
1278
3468
1046
49841
34044
3755
1093
1376
11835
3788
120274
1394
2158
1623
17135
1044
4265
1455
1278
3804
112718
1486
1408
3950
1266
1046
3626
1266
1710
1402
4329
1338
125773
1058
34044
3755
1093
1376
1261
2951
1307
1319
8084
1095
14096
57811
1044
3788
3602
1892
41584
3419
1041
17684
1455
1584
45030
1611
66639
5903
1338
4393
1308
9120
1032
1049
1048
1048
1321
1409
9120
1308
1044
1278
2782
1307
45030
1611
66639
5903
17684
4139
1402
18108
1638
1338
97565
1044
2878
1639
3648
2314
1593
2081
21966
1046
1032
1267
7651
1729
12785
1278
2158
1623
17135
1044
1278
3804
112718
3950
1395
2269
2632
1046
1531
120274
1394
1278
2158
1623
17135
14620
1408
1278
37497
5072
14173
1394
2744
19186
1338
12598
1639
3352
1317
12859
2033
1278
43544
34307
1338
92613
15047
6534
1044
3804
1095
14096
57811
1041
1376
11835
3788
120274
1394
17135
1623
1791
1110
1045
1049
1044
4265
1455
1278
3804
112718
1486
1408
3950
3804
1095
14096
57811
1319
1778
1278
4275
112718
1710
1402
1408
3950
3804
1095
14096
57811
1867
2460
1505
4025
2519
9324
2937
1058
15047
4990
1044
3804
1095
14096
57811
1041
1376
1032
1048
1319
2649
2081
17135
1317
12785
2519
7663
47950
1058
2898
1475
1562
1032
1049
1317
1409
1319
5383
1475
9120
1308
18321
1574
1729
12785
17135
1623
1791
1105
78513
1045
1049
1294
1925
19186
1046
1531
37497
3950
1394
1593
19186
1395
1335
1376
6705
56557
99794
3755
78513
1045
1049
3605
3804
1095
14096
57811
1867
2460
1577
1531
120274
1394
1593
19186
1395
4556
13977
1462
3542
99794
53017
8623
1394
1257
1562
1623
1317
1623
78513
1045
1049
1376
1475
102376
1462
4556
56557
99794
53017
1093
1394
1257
1562
1623
1317
1623
78513
1045
1049
1577
6830
1278
3788
120274
1395
1593
19186
1681
120274
1867
15047
6534
78513
1044
1335
2519
8032
34044
6534
1044
3804
1095
14096
57811
1041
1376
2365
2136
1475
1307
1319
1106
102376
1462
4556
30501
99794
1867
34044
6534
78513
1044
1335
14810
17507
1335
1376
6705
56557
99794
3755
78513
1045
1049
3605
3804
1095
14096
57811
1867
2460
2519
1784
6769
1395
1455
3804
1095
14096
57811
1710
1402
3435
4329
1046
3626
9134
1455
3804
1095
14096
57811
2342
22482
1294
11255
1317
3542
99794
3755
78513
1045
1049
3077
34297
1044
1335
1376
6705
56557
99794
3755
78513
1045
1049
3605
3804
1095
14096
57811
1867
2460
2519
5475
3804
1095
14096
57811
1867
2460
9120
3542
99794
3755
78513
1045
1049
3605
2430
1335
1376
3542
99794
3755
78513
1045
1049
3605
1321
1278
7092
2632
1307
3804
1095
14096
57811
6354
2405
8122
1319
1288
2730
1435
1494
1681
9120
3542
99794
3755
78513
1045
1049
1093
1462
2460
2519
5475
3804
1095
14096
57811
1867
2460
3006
3542
99794
3755
78513
1045
1049
3605
2430
1335
1376
3804
1095
14096
57811
1867
2460
1044
1321
1278
7092
2632
22482
1338
8032
1278
3468
7560
1317
6933
3804
1095
14096
57811
1044
1809
13162
1729
1710
33469
1494
1338
97565
1044
1394
1278
5719
3690
1044
3804
1095
14096
57811
1710
1402
6090
1435
1462
1259
50116
1319
1270
1032
1048
1574
10138
1278
2158
112718
1710
14222
1408
2258
3950
9218
3542
99794
1091
1048
11390
12598
1639
3648
2314
1278
4171
4213
1307
3804
1095
14096
57811
1046
5417
37497
1261
19186
1408
3950
1335
1044
1278
4275
5178
3950
1395
1335
1046
4493
3804
1095
14096
57811
1395
5282
1278
37497
3950
1307
2269
19186
1044
1799
1395
6705
56557
99794
1307
2269
19186
1044
4607
1095
14096
57811
1867
2460
2519
56044
1562
1429
2649
4607
112718
1897
1278
2158
19186
21439
1408
3950
6705
56557
99794
1307
2158
19186
1044
124218
1376
3542
99794
13872
1045
1049
1093
2478
1475
1395
1278
3729
1307
1278
2158
19186
1319
31346
2156
1681
1836
4607
16009
2519
97565
7377
1044
1278
4127
8223
1429
8659
37497
1408
3950
1261
1044
1278
4275
112718
1710
2342
1402
1408
3950
1261
48334
1505
4025
3871
2898
1278
2158
112718
1044
2156
1681
1836
1429
14101
37497
1897
1878
1278
2158
112718
1710
14222
1408
2258
3950
9218
1278
3542
5072
1307
1278
17135
1294
1278
2158
19186
1046
3870
33945
120274
1044
1729
6813
12785
1278
2158
19186
1408
3950
1376
6705
56557
99794
1307
17135
1294
2158
19186
1041
1376
3542
99794
13872
1045
1049
1093
1319
2975
1261
19186
1307
3729
1475
10348
1562
3542
1032
1048
2519
8032
1278
5719
3804
1095
14096
57811
1395
17470
1032
1048
1505
1462
36295
1044
1321
1278
2158
112718
3950
1395
2586
3542
99794
13872
1045
1049
1093
1394
1278
2158
19186
1307
3729
1475
1338
12598
1639
1344
6568
1058
9246
1681
4150
1278
1429
36096
3950
1034
3066
1278
2158
112718
1395
1032
1048
1319
1270
1462
36295
1577
6830
1278
2158
112718
3950
1395
6705
56557
99794
1307
19186
1044
1032
1048
1867
2460
28197
3501
1044
1455
1681
1605
3169
1046
1531
16009
1429
14101
37497
1408
3950
1261
1044
4275
1710
1402
1408
1261
48334
1034
2342
28735
2453
1261
112718
1046
2898
1278
2158
112718
1044
2156
1681
1836
16009
1562
1261
4607
112718
1338
8032
2878
1639
25451
1261
8020
1505
1261
6061
2632
1317
10982
1429
2649
4607
112718
3871
3247
1362
1710
2586
4150
1278
5719
16009
3950
1395
1032
1048
1044
1321
1278
10097
1395
1058
4275
112718
3950
9218
6705
12284
11642
57811
1044
3542
99794
1307
17135
1294
19186
1574
1809
1394
1278
2158
112718
1044
16009
57811
1376
1462
36295
1505
1032
1048
1321
2156
1681
1836
1867
1120
29556
1338
97565
1044
2878
1639
1344
41412
1278
4127
1058
1429
8659
37497
1408
3950
1261
1044
1278
4275
112718
1710
2342
1402
1408
3950
1261
48334
1505
4025
3871
2409
24277
1455
3066
2258
112718
1044
2156
1681
1836
31813
1562
1593
10097
1046
1531
3542
1710
2342
1402
70270
1408
1505
2453
2246
30880
3950
1338
8032
1394
1278
2158
112718
1044
1278
37497
3950
1335
1049
9218
6705
56557
99794
1307
17135
1294
2158
19186
4342
4393
1278
2667
112718
1044
1335
1050
9218
1335
1049
1867
2460
1321
1335
1050
9218
6705
56557
99794
1307
17135
1294
2667
19186
4342
4998
1878
1408
1338
13257
1878
2878
1639
1344
6568
1278
43544
17103
1338
12598
1284
6534
1044
16009
57811
1041
1376
11835
3788
120274
1394
17135
1623
1791
1110
1045
1049
1044
4265
1455
1278
4275
112718
1710
14222
1408
3950
9218
16009
57811
1338
118895
1044
1284
1040
1048
1044
1032
1048
1041
1395
1278
4832
1319
36096
57811
1376
1032
1048
4938
1836
16009
1562
4607
112718
1059
1278
2158
112718
1710
14222
1408
3950
9218
1032
1048
1044
1809
7442
1494
2715
1402
3950
9218
3542
99794
1307
17135
2519
28191
1044
16009
57811
2715
4133
1429
3265
32914
3950
1261
112718
1710
14222
3871
56102
1044
1593
1395
1032
1048
1319
1270
1729
1710
4150
17135
1710
1402
70270
1408
2034
30880
3950
1505
4025
1577
3626
7442
1044
1278
16009
1395
2586
1455
3542
1623
1710
1402
70270
1408
1505
2453
3542
99794
3755
3077
4493
15423
1044
1278
8598
16009
1394
3542
1623
1395
3542
99794
3755
11390
1072
8383
1044
2878
1639
1344
6568
2100
12598
1284
6534
1044
32914
1095
14096
57811
1041
1376
11835
3788
120274
1394
17135
1623
1791
1110
1045
1049
1044
4265
1455
1278
4275
112718
1710
14222
1408
3950
9218
32914
1095
14096
57811
1338
3890
1278
17135
2095
1736
2034
3754
30880
5072
1046
13223
1257
1710
2342
1402
70270
1408
3950
9218
3542
99794
53017
11390
8032
2200
37497
17135
1623
1791
1105
78513
1045
1049
1044
1278
37497
3950
1335
4016
34301
1877
1083
9218
32914
1095
14096
57811
1319
36096
1562
4607
112718
1456
1083
9218
3542
99794
53017
1093
1394
1747
1257
1294
1766
1105
1044
1623
78513
1045
1049
3605
1799
1395
1335
9218
3542
99794
3755
78513
1045
1049
1093
1319
31346
3542
99794
1395
2767
8532
75178
1801
8032
1335
1376
6705
1040
1904
29900
1095
14096
57811
1044
3542
99794
3755
78513
1045
1049
26740
28191
1044
1809
32914
1095
14096
57811
5314
71323
1278
1867
1120
1562
4607
12785
3033
1046
9246
1639
3648
2790
1338
97565
1044
1278
16009
1562
1278
4127
1395
1058
1429
8659
37497
1408
3950
1261
1044
1278
4275
112718
1710
2342
1402
1408
3950
1261
48334
1505
4025
3871
4493
1693
1278
3804
112718
1486
1408
3950
1261
1044
1278
4275
112718
4016
1402
1408
3950
9218
1261
1867
2460
1338
8032
2878
1639
11249
1284
6534
1044
3804
1095
14096
57811
1041
2478
3804
1095
14096
57811
1395
1278
3950
1278
4607
112718
12751
1319
1270
1032
1048
1693
1836
4607
112718
1044
1809
1454
1278
9705
1455
2156
1681
1836
1867
1120
29556
1394
1278
2158
112718
2519
1072
8383
1044
1809
1593
1395
79644
3147
1278
1867
1120
29556
2342
28735
2453
1278
2158
112718
1338
12598
1639
2586
6933
1278
1429
6651
5178
112718
3950
1034
24215
1338
92613
1284
6534
1044
4275
102934
1041
1376
11835
3788
120274
1394
17135
1623
1791
1110
1045
1049
1044
4265
1455
1278
4275
112718
1710
7260
1408
3950
9218
4275
102934
1338
118895
1044
1284
1040
1048
1044
1032
1048
1041
1809
1454
1278
9705
1455
1394
1278
2158
112718
1044
2156
1681
1836
1867
1120
16009
1046
49032
1044
2878
1639
2586
4150
4275
102934
16896
1513
1032
1048
1044
1321
1278
37497
3950
1394
1278
2158
19186
1395
6705
55457
102934
1044
3542
99794
3755
78513
1045
1049
8623
1376
6705
1040
1048
1044
3542
99794
3755
78513
1045
1049
8623
1376
3542
99794
3755
78513
1045
1049
3077
3060
2453
37497
1408
3950
1335
1044
1278
4275
102934
11006
1335
1319
2975
1278
1867
1120
10097
1044
1278
4275
112718
2168
2534
1317
1402
1408
3950
9218
1335
1867
2460
1044
1809
7377
1044
1278
10097
8223
1429
14101
37497
1408
3950
1261
1044
1278
4275
112718
1710
2342
1402
1408
3950
1261
48334
1505
4025
3871
4493
1693
1729
12785
1408
3950
1335
1044
1278
4275
112718
4016
1402
1408
3950
9218
1335
1867
2460
1046
4493
4275
102934
2715
1402
1335
1867
2460
1044
1605
1335
14390
28191
1044
2878
1639
1344
41412
1058
1429
8659
37497
1408
3950
1261
1044
1278
4275
112718
1710
2342
1402
1408
3950
1261
48334
1505
4025
3871
4493
1693
1729
12785
1408
3950
1261
1044
1278
4275
112718
1710
1402
1408
3950
1261
48334
1505
4025
1046
4493
1278
4275
102934
2453
37497
1408
3950
1261
1395
1261
1867
2460
1338
3890
1394
1278
2158
112718
1044
2156
1681
1836
1429
14101
37497
1897
1878
2156
1681
1836
1867
1120
16009
1046
1531
2158
112718
1710
14222
1408
2258
3950
9218
3542
99794
1307
1278
17135
1338
8032
2878
1639
11249
1058
1284
6534
1044
4016
72629
17509
127476
1642
1041
2478
4016
72629
17509
127476
1642
1395
1278
32914
3950
1278
4275
112718
1710
14222
1046
2898
1278
2158
3690
1044
4016
72629
17509
127476
1642
1376
1032
1048
1319
1270
1462
36295
1574
10138
1836
16009
1562
4607
12785
3033
1338
7651
1729
12785
17135
1623
1791
1105
78513
1045
1049
1877
1045
1531
37497
3950
1335
4016
1402
9218
4016
72629
17509
127476
1642
1010
1045
1335
4016
1402
9218
3542
99794
53017
1093
1394
1747
1257
1294
1766
1105
1044
1623
78513
1045
1049
3605
1623
4185
3109
1335
9218
3542
99794
3755
78513
1045
1049
2820
1045
4493
1335
1376
6705
5239
1616
72629
17509
127476
1642
1044
3542
99794
3755
78513
1045
1049
8791
1045
1531
120274
1394
1593
19186
1395
1475
1364
1335
1462
4556
56557
99794
53017
1093
1394
1257
1294
1766
1105
1044
1623
78513
1045
1049
8791
1045
5417
37497
1408
3950
1335
1044
1278
4275
4016
72629
17509
127476
1642
11006
1335
1867
2460
1319
2975
1278
4275
112718
1456
1045
7040
75051
1058
1284
6534
78513
1044
1335
1867
2460
1801
9324
2937
1058
1284
4990
1044
122986
1376
1032
1048
1319
2649
2081
17135
1801
8032
1278
34307
1395
1877
1102
6534
1044
4016
72629
17509
127476
1642
1041
1376
2365
2136
1475
1294
1766
1049
1044
1409
1093
2478
1623
78513
9120
1308
1307
1877
1032
1335
1376
6705
5239
1616
72629
17509
127476
1642
1044
3542
99794
3755
78513
1045
1049
8791
1032
19186
3602
1892
1376
1475
1364
1335
1462
4556
56557
99794
53017
1093
1394
1257
1294
1766
1105
1044
1623
78513
1045
1049
8791
1032
19186
3602
1892
1867
1284
6534
78513
1044
1335
1867
2460
1801
4998
1284
4990
1044
4016
72629
17509
127476
1642
1041
1376
1032
1048
1338
12082
1044
1278
3468
1395
1319
1105
1044
4016
72629
17509
127476
1642
1577
1623
26236
1562
1032
1048
1317
1308
1319
1049
1048
1049
4213
1577
4016
72629
17509
127476
1642
1710
1402
5561
4213
1338
7493
1584
1278
4171
4213
1307
4016
72629
17509
127476
1642
1063
2157
16896
1513
1032
1048
1319
1270
1729
1710
2210
1261
6061
2632
1577
5417
37497
1408
3950
1335
1044
1494
11006
1335
1867
2460
1046
3060
1335
1376
6705
5239
1616
72629
17509
127476
1642
1044
3542
99794
3755
78513
1045
1049
115029
8032
4016
72629
17509
127476
1642
4213
1584
1307
1278
2071
1058
3542
99794
1091
24240
4891
1093
1867
1283
59423
1394
2269
1283
9218
1032
1048
1338
36296
1455
1308
9120
1032
1049
1048
1048
1321
2460
1710
1402
2015
1317
1032
1049
1048
1094
1057
1044
1278
2782
1307
4171
4016
72629
17509
127476
1642
4213
2481
1402
4329
1046
3626
13162
1729
1710
3637
18108
1338
97565
1044
2878
1639
3648
2314
65253
3229
1046
1531
2782
1307
8132
1638
1319
1105
1044
4016
72629
17509
127476
1642
1041
8164
4139
1402
18108
1638
1338
4393
1623
1376
1308
1044
1494
1681
2586
1032
1049
3468
1626
4393
1623
1376
1308
1045
1049
1044
1729
1710
12785
1032
1049
19186
1307
3729
1032
1049
1046
1335
1376
6705
5239
1616
72629
17509
127476
1642
1044
3542
99794
25501
1045
1049
29137
4016
72629
17509
127476
1642
1394
1278
4275
3468
1376
1335
1867
2460
1338
12598
1639
19087
2645
1278
2158
2688
2937
23898
1317
21294
1338
4922
2937
1032
1049
1058
1308
1061
1053
1044
1409
1061
1050
1044
2460
1061
1051
1044
3542
99794
18359
1049
1044
1032
1053
1044
1032
1054
1044
1032
1049
1048
1044
1032
1049
1050
3563
1102
1040
1048
1044
1032
1048
4244
4016
72629
17509
127476
1642
1376
1032
1048
1267
21388
1475
1061
1049
1058
12785
3542
1032
1048
1319
4643
1032
1049
1041
1408
3950
1335
1376
6705
1040
1048
1044
1032
1049
1041
1376
1032
1049
1046
120274
1376
1032
1049
1042
1049
1462
1032
1049
1376
1032
1048
1046
18147
4016
72629
17509
127476
1642
1376
1032
1049
1867
1032
1051
1376
1032
1052
1046
12153
1376
1032
1048
1867
1284
1040
1049
1044
1032
1052
4342
21388
1475
1061
1050
1058
12785
17135
1032
1048
1044
1049
1319
27942
1032
1049
1044
1053
1041
1408
3950
1335
1376
6705
1040
1048
1044
1032
1053
1041
1376
1032
1053
1046
120274
1376
1032
1050
1042
1053
1462
1319
1049
1043
1053
1041
1376
1032
1049
1048
1462
1032
1054
1376
1032
1052
1046
18147
4016
72629
17509
127476
1642
1376
1032
1053
1867
1032
1051
1376
1032
1056
1046
12153
1376
1032
1052
1867
1284
1040
1050
1044
1032
1056
2519
12598
1639
24002
1284
1040
1049
1044
1032
1052
3640
21388
1475
1061
1049
1058
12785
3542
1032
1049
1319
4643
1032
1053
1041
1408
3950
1335
1376
6705
1040
1052
1044
1032
1053
1041
1376
1032
1053
1046
120274
1376
1032
1049
1042
1053
1462
1032
1053
1376
1032
1048
1046
18147
4016
72629
17509
127476
1642
1376
1032
1053
1867
1032
1051
1376
1032
1056
1046
12153
1376
1032
1048
1867
1284
1040
1050
1044
1032
1056
4342
21388
1475
1061
1050
1058
12785
17135
1032
1049
1044
1050
1319
27942
1032
1053
1044
1054
1041
1408
3950
1335
1376
6705
1040
1052
1044
1032
1054
1041
1376
1032
1054
1046
120274
1376
1032
1050
1042
1054
1462
1319
1053
1043
1054
1041
1376
1032
1049
1050
1462
1032
1049
1049
1376
1032
1049
1046
18147
4016
72629
17509
127476
1642
1376
1032
1054
1867
1032
1051
1376
1032
1057
1046
12153
1376
1032
1049
1867
1284
1040
1051
1044
1032
1057
2519
1102
1040
1050
1044
1032
1056
3640
21388
1475
1061
1049
1058
12785
3542
1032
1050
1319
4643
1032
1054
1041
1408
3950
1335
1376
6705
1040
1056
1044
1032
1054
1041
1376
1032
1056
1046
120274
1376
1032
1049
1042
1056
1462
1032
1054
1376
1032
1050
1046
18147
4016
72629
17509
127476
1642
1376
1032
1056
1867
1032
1051
1376
1032
1049
1049
1046
12153
1376
1032
1050
1867
1284
1040
1051
1044
1032
1049
1049
4342
21388
1475
1061
1050
1058
12785
17135
1032
1050
1044
1051
1319
27942
1032
1054
1044
1049
1048
1041
1408
3950
1335
1376
6705
1040
1056
1044
1032
1049
1048
1041
1376
1032
1049
1048
1046
120274
1376
1032
1050
1042
1049
1048
1462
1319
1054
1043
1049
1048
1041
1376
1032
1050
1048
1462
1032
1049
1054
1376
1032
1052
1046
18147
4016
72629
17509
127476
1642
1376
1032
1049
1048
1867
1032
1051
1376
1032
1049
1051
1046
12153
1376
1032
1052
1867
1284
1040
1052
1044
1032
1049
1051
2519
1102
1040
1051
1044
1032
1057
3640
21388
1475
1061
1049
1058
12785
3542
1032
1051
1319
4643
1032
1049
1048
1041
1408
3950
1335
1376
6705
1040
1057
1044
1032
1049
1048
1041
1376
1032
1049
1048
1046
120274
1376
1032
1049
1042
1049
1048
1462
1032
1049
1048
1376
1032
1048
1046
18147
4016
72629
17509
127476
1642
1376
1032
1049
1048
1867
1032
1051
1376
1032
1049
1051
1046
12153
1376
1032
1048
1867
1284
1040
1052
1044
1032
1049
1051
4342
21388
1475
1061
1050
1058
12785
17135
1032
1051
1044
1052
1319
27942
1032
1049
1048
1044
1049
1050
1041
1408
3950
1335
1376
6705
1040
1057
1044
1032
1049
1050
1041
1376
1032
1049
1050
1046
120274
1376
1032
1050
1042
1049
1050
1462
1319
1049
1048
1043
1049
1050
1041
1376
1032
1050
1052
1462
1032
1050
1050
1376
1032
1050
1046
18147
4016
72629
17509
127476
1642
1376
1032
1049
1050
1867
1032
1051
1376
1032
1049
1053
1046
12153
1376
1032
1050
1867
1284
1040
1053
1044
1032
1049
1053
1041
1376
1032
1050
1867
1032
1048
1376
1032
1050
1338
1102
1040
1052
1044
1032
1049
1049
3640
21388
1475
1061
1049
1058
12785
3542
1032
1052
1319
4643
1032
1049
1050
1041
1408
3950
1335
1376
6705
1040
1049
1049
1044
1032
1049
1050
1041
1376
1032
1049
1050
1046
120274
1376
1032
1049
1042
1049
1050
1462
1032
1049
1050
1376
1032
1048
1046
18147
4016
72629
17509
127476
1642
1376
1032
1049
1050
1867
1032
1051
1376
1032
1049
1053
1046
12153
1376
1032
1048
1867
1284
1040
1053
1044
1032
1049
1053
1041
1376
1032
1048
1338
1102
1040
1052
1044
1032
1049
1051
3640
21388
1475
1061
1049
1058
12785
3542
1032
1052
1319
4643
1032
1049
1050
1041
1408
3950
1335
1376
6705
1040
1049
1051
1044
1032
1049
1050
1041
1376
1032
1049
1051
1046
120274
1376
1032
1049
1042
1049
1051
1462
1032
1049
1050
1376
1032
1049
1046
12153
1376
1032
1049
1338
1102
1040
1051
1044
1032
1049
1051
3640
21388
1475
1061
1049
1058
12785
3542
1032
1051
1319
4643
1032
1049
1048
1041
1408
3950
1335
1376
6705
1040
1049
1051
1044
1032
1049
1048
1041
1376
1032
1049
1051
1046
120274
1376
1032
1049
1042
1049
1051
1462
1032
1049
1048
1376
1032
1051
1046
12153
1376
1032
1051
1867
1284
1040
1052
1044
1032
1049
1054
1041
1376
1032
1051
1867
6421
1032
1267
97565
1593
1395
7796
5327
1046
9246
1639
2586
3352
1317
24002
1284
1040
1048
1044
1032
1048
1041
1454
1278
6298
3549
1338
6711
1284
1040
1049
1044
1032
1052
3640
1032
1475
1061
1050
1058
12785
17135
1032
1049
1044
1050
1408
3950
1032
1054
1044
8817
1061
1049
1044
4275
4016
72629
1061
1057
1044
2430
1284
1040
1051
1044
1032
1057
1801
6711
1284
1040
1051
1044
1032
1057
3640
1032
1475
1061
1050
1058
12785
17135
1032
1051
1044
1052
1408
3950
1032
1049
1050
1044
8817
1061
1050
1044
4275
4016
72629
1061
1049
1053
1044
2430
1284
1040
1053
1044
1032
1049
1053
8429
1048
1010
1032
12153
1562
1593
3549
1058
1032
1049
1867
1032
1050
1376
1032
1051
1267
12598
1639
2095
4206
1278
1475
1061
1049
3549
1562
1284
1040
1048
1044
1032
1048
3640
1102
1040
1048
1044
1032
1048
1041
1475
1061
1049
1058
12785
3542
1032
1048
1408
3950
1032
1049
1044
8817
1061
1048
1044
4275
4016
72629
1061
1052
1044
2430
1284
1040
1049
1044
1032
1052
1456
1102
1040
1049
1044
1032
1052
1041
1475
1061
1049
1058
12785
3542
1032
1049
1408
3950
1032
1053
1044
8817
1061
1048
1044
4275
4016
72629
1061
1056
1044
2430
1284
1040
1050
1044
1032
1056
1456
1102
1040
1050
1044
1032
1056
1041
1475
1061
1049
1058
12785
3542
1032
1050
1408
3950
1032
1056
1044
8817
1061
1050
1044
4275
4016
72629
1061
1049
1049
1044
2430
1284
1040
1051
1044
1032
1049
1049
1456
1102
1040
1051
1044
1032
1049
1049
1041
1475
1061
1049
1058
12785
3542
1032
1051
1408
3950
1032
1049
1049
1063
32844
1044
3542
1032
1051
1395
3950
1032
1049
1048
1044
1878
1335
1376
6705
1040
1049
1049
1044
1032
1049
1048
1041
1376
1032
1049
1049
1044
8817
1376
1032
1049
1049
1045
1049
1048
1376
1032
1049
1046
18147
4016
72629
1376
1032
1049
1052
1046
6830
1284
1040
1052
1044
1032
1049
1052
1456
1102
1040
1052
1044
1032
1049
1052
1041
1475
1061
1049
1058
12785
3542
1032
1052
1408
3950
1032
1049
1052
1063
13223
1032
1052
1395
3950
1032
1049
1050
1044
1878
1335
1376
6705
1040
1049
1052
1044
1032
1049
1050
1041
1376
1032
1049
1052
1044
8817
1376
1032
1049
1052
1045
1049
1050
1376
1032
1050
1046
12153
1376
1032
1048
1043
1048
1043
1050
1043
1049
1043
1050
1376
1032
1053
1338
4423
1284
1040
1050
1044
1032
1056
1041
1475
1061
1050
1058
12785
17135
1032
1050
1044
1051
1408
3950
1032
1049
1048
1044
8817
1061
1052
1044
4275
4016
72629
1061
1049
1051
1044
2430
1284
1040
1052
1044
1032
1049
1051
1456
1102
1040
1052
1044
1032
1049
1051
1041
1475
1061
1049
1058
12785
3542
1032
1052
1408
3950
1032
1049
1051
1044
8817
1061
1049
1046
12153
1376
1032
1052
1043
1049
1376
1032
1053
1338
8032
1278
11835
1395
1032
1051
1044
1799
14175
1278
6878
4832
1338
43286
1044
1878
1278
43544
32786
6113
1046
9032
1362
2534
1317
5687
1494
34737
1338
1784
3468
1395
1319
1105
1044
4016
72629
17509
127476
1642
1577
1623
26236
1562
1032
1048
1317
1308
1046
4016
72629
17509
127476
1642
1710
4069
5561
4213
1338
7493
1584
1278
4171
4213
1307
4016
72629
17509
127476
1642
1063
1032
1267
56044
1562
1032
1048
1044
2453
37497
1408
3950
1335
1044
4016
72629
17509
127476
1642
11006
1335
1867
2460
1046
3060
1335
1376
6705
5239
1616
72629
17509
127476
1642
1044
3542
99794
3755
78513
1045
1049
115029
8032
4016
72629
17509
127476
1642
4213
1584
8088
2015
1562
3542
99794
4213
1321
67383
1307
2460
1338
36296
1455
1308
9120
1032
1049
1048
1048
1044
1321
1294
1278
25256
2937
1044
2744
3468
11286
2481
9470
1261
1875
4016
72629
17509
127476
1642
2632
1044
1278
3788
2782
1307
8164
4139
1402
1535
4990
1094
1050
1041
1505
1535
4990
1094
1051
1041
1294
1278
25256
2937
1046
9246
1639
3648
9283
97565
1044
4016
72629
17509
127476
1642
1395
5282
1307
1278
2071
1058
2269
3542
99794
19805
1093
1867
1283
59423
1044
2478
1283
1395
1278
2782
1307
89563
70270
1878
4955
1046
9748
2156
1584
1513
2725
1308
89563
1319
21419
1409
1061
1049
1574
1283
1710
1402
1513
2725
1308
1046
3060
4891
26236
1562
1032
1048
1317
1308
1045
1049
1046
4493
2156
1584
1535
4990
1094
1050
1041
4171
4213
1338
3890
7442
1044
1494
1681
2081
6582
6357
3147
1278
4016
72629
17509
127476
1642
14620
1408
1278
3549
6574
1046
9246
1639
2586
5687
65253
3229
1321
3219
1693
1494
1681
12871
6171
1394
1308
9120
1032
1049
1048
1048
1338
97565
1044
2878
1639
3648
2314
1278
22855
2081
21966
1046
1308
9120
1032
1049
1048
1048
1044
1321
1278
2782
1307
2688
5443
1294
1278
4206
2254
1395
13162
3879
1032
1049
1048
1045
1050
1048
1046
5930
65253
3229
1044
1278
43544
2715
1402
7720
6171
1338
12598
1639
5687
1278
5097
2100
1975
29896
1010
5011
38227
2671
5247
1010
5011
77751
101676
2671
1295
1649
46434
1267
3149
11835
18542
15643
3602
1892
41584
3419
4990
1058
1935
1044
1409
1058
1935
1044
2460
1058
1935
1044
3542
99794
1058
5247
59939
8623
4906
1935
1877
1293
2569
6438
96078
23832
62503
1394
12871
4556
22028
1010
1293
23832
1376
1766
1048
1093
1364
1319
1110
1867
1032
1049
1456
1293
1394
1623
1294
4521
4990
3640
1369
23832
3755
1043
1049
1093
1376
23832
3755
1093
1867
3542
99794
3755
2820
1260
1010
1293
2121
4521
37249
11327
1044
1382
3640
1369
19639
16536
1307
3542
99794
1562
4891
1295
1317
1382
1045
1049
1319
1259
38394
1295
1044
30938
1382
1041
27266
1369
1850
23832
51877
1093
1462
23832
67495
2820
1260
1010
1293
2126
1108
1649
46434
24728
8332
23071
1456
1293
2121
34044
6534
1044
4016
72629
17509
127476
1642
3640
1369
19639
75482
3788
120274
1394
17135
1623
1791
1110
1045
1049
1520
1369
4265
1455
1278
4275
112718
1710
14222
1408
3950
9218
4016
72629
17509
127476
1642
60113
1369
1693
1623
9218
1308
1877
1463
1850
1032
1048
1010
1301
1010
1369
3560
1376
8103
2021
36295
4615
1369
2569
19326
1747
4171
19186
19732
1562
1032
1049
1317
1409
1010
1369
1394
1475
1294
4521
1040
1049
1044
2365
16026
1044
1308
1462
1623
1041
1867
1032
1049
3640
1463
2569
1531
3804
3542
1294
1593
19186
1395
1623
78513
1045
1049
1010
1463
3804
30501
57811
1376
3542
99794
3755
78513
1045
1049
2820
1463
2569
94005
3950
1395
6705
5239
1616
72629
17509
127476
1642
1044
3804
30501
57811
1456
1463
1335
1376
4016
72629
17509
127476
1642
1693
4016
72629
17509
127476
1642
3006
3804
30501
57811
2849
3804
30501
57811
1010
1463
2569
49032
1044
1335
1376
6705
5239
1616
72629
17509
127476
1642
1044
3804
30501
57811
1456
1463
2569
3626
4016
72629
17509
127476
1642
2481
1402
1032
1048
15423
2880
1310
8383
1010
6359
1010
1463
2569
73198
41584
3419
1394
1593
19186
1058
1475
102376
1462
4556
56557
99794
3755
1791
1105
78513
1045
1049
8791
1463
19186
3602
1892
1376
1475
1364
1335
1462
4521
37249
6534
1044
1623
78513
1456
6359
1010
1463
2569
18147
4016
72629
17509
127476
1642
1376
1335
1867
2460
1010
1463
4275
3620
1616
72629
1376
1335
1867
2460
1010
6359
1010
1463
3788
1376
19186
3602
1892
1867
34044
6534
78513
1044
4275
3620
1616
72629
1456
1463
1693
3788
1534
3560
1877
1694
3560
1376
3788
1010
1301
1010
1369
1850
3560
1010
1260
1010
1293
1850
34044
1040
1048
1044
1032
1048
1456
2731
28191
1044
2156
1681
1420
6769
1454
4016
72629
17509
127476
1642
1376
1032
1048
15423
1046
1531
4127
8223
1278
2158
112718
1934
1836
1867
1120
16009
1046
3626
1294
2036
32786
1044
4016
72629
17509
127476
1642
1376
1032
1048
4938
1278
2158
112718
1710
14222
1408
3950
9218
1032
1048
1044
1799
1395
5282
2925
4136
3542
99794
3755
1093
9218
1032
1049
1046
4493
1335
1376
6705
1040
1048
1044
3542
99794
3755
78513
1045
1049
8623
1376
3542
99794
3755
78513
1045
1049
3605
1799
1395
6298
1338
3890
7377
1044
2549
1693
4016
72629
17509
127476
1642
1376
1032
1048
1321
1729
1736
1420
3542
1454
3950
1032
1048
1063
1531
22855
4150
3542
99794
3755
1093
9218
1032
1049
1044
1878
1593
24598
2405
1402
1420
6769
1338
12598
1639
2688
1593
1454
1278
2158
2688
2937
1338
97565
1044
2878
1639
2095
3648
2314
5627
4016
72629
17509
127476
1642
1376
1032
1048
1395
1278
3169
5719
2632
1046
1531
4127
8223
17135
1710
1402
70270
1408
1505
2453
2034
30880
3950
1046
3730
1681
1836
1429
1904
29900
3950
1032
1048
1034
16009
1046
3626
2505
1032
1048
1435
5719
4016
72629
17509
127476
1642
6113
3147
1335
1376
6705
1040
1048
1044
3542
99794
1091
2880
8623
1376
3542
99794
1091
2880
3605
1799
1395
6298
1338
12598
1639
2095
3648
2314
1278
1295
1649
46434
1046
1531
4016
72629
17509
127476
1642
9276
1710
6127
3435
4329
1319
1982
1317
7849
1049
1048
1094
1049
1050
1867
1032
1049
1048
1048
1364
1032
1049
1048
1094
1057
89738
1032
1049
1048
1094
1049
1052
1574
1809
1295
1649
46434
2715
7782
1494
7771
1435
1261
3844
1338
28191
1044
1809
2156
1681
1261
14786
2186
1121
1046
4925
4016
72629
17509
127476
1642
1376
1032
1048
1044
1335
1376
6705
1040
1048
1044
3804
30501
57811
1041
1376
3804
30501
57811
1046
3626
2549
1693
4016
72629
17509
127476
1642
1395
1032
1048
3147
1836
21439
1736
12751
6727
1044
8070
1046
4016
72629
17509
127476
1642
1376
1032
1048
3147
1335
1867
2460
28314
3879
1063
4634
1584
2801
44002
8164
1044
1809
1454
1278
2879
47845
2632
1046
3886
1044
4136
3542
99794
1584
9218
1032
1049
1321
2460
9218
1032
1049
1044
4016
72629
17509
127476
1642
1376
1032
1048
1710
2342
14222
15423
1319
30153
2258
12785
3033
1577
5417
1278
2158
112718
1044
4016
72629
17509
127476
1642
9218
1032
1049
1867
2460
9218
1032
1050
1046
4493
2156
1681
1836
74834
1338
97565
7377
1044
4016
72629
17509
127476
1642
2481
1402
1032
1048
1294
51070
13193
1693
1335
1867
2460
25217
11006
1032
1048
1044
1809
1335
9218
1032
1049
1321
2460
9218
1032
1049
1044
1878
1335
1867
2460
9218
1032
1050
1046
4493
4016
72629
17509
127476
1642
1376
1032
1048
2342
1513
1278
3030
1046
13649
1338
12598
1639
2095
3369
1058
2549
1693
4016
72629
17509
127476
1642
1395
3435
4329
1044
9039
2224
2258
3542
57811
1063
6830
1335
1376
4016
72629
17509
127476
1642
1394
1747
89563
1044
1321
1278
120274
13413
29711
1435
1475
1364
4016
72629
17509
127476
1642
1462
4556
56557
99794
1577
2409
1395
33791
17047
1536
1278
13284
1338
12598
1639
3246
2688
1454
1278
5662
5443
1338
97565
1044
2878
1639
2095
3648
2314
5289
8520
1454
1295
1649
46434
1321
4329
14823
1046
1531
4016
72629
17509
127476
1642
2632
1710
1402
2015
1317
28586
1032
1049
1048
1094
1049
1050
1867
1032
1049
1048
1048
1364
1032
1049
1048
1094
1057
89738
1032
1049
1046
1049
1364
1032
1049
1048
1094
1049
1052
1044
1799
1395
7771
1394
17616
1681
16094
4234
1338
3890
7377
1044
2156
2481
1402
3325
11074
4016
72629
17509
127476
1642
4213
1046
9246
1639
3648
2314
1278
25256
2937
1338
5286
1308
1061
1049
1048
1048
1044
1409
1061
1049
1044
1729
1736
1032
1049
1048
1048
89563
1046
11796
19186
1681
4016
72629
17509
127476
1642
1376
1335
1867
2460
1376
6705
5239
1616
72629
17509
127476
1642
105779
1044
3542
57811
1041
1867
2460
1046
51209
1562
1032
1048
1044
1278
7980
2168
1402
1877
1045
79062
1032
1049
1058
1335
1376
3542
99794
1091
1048
3605
4016
72629
1376
3542
99794
1091
1048
1093
1867
2460
1010
1045
79062
1032
1050
1058
1335
1376
6705
56557
99794
1091
1048
1093
1867
2460
1044
3542
99794
1091
1049
30717
4016
72629
1376
1335
1867
2460
1010
1045
3060
1878
1408
1338
1784
4016
72629
4213
4492
1044
1809
2127
6185
7847
1536
1278
3542
99794
1321
2460
1046
1656
1278
25256
2937
1044
2744
3468
1319
1105
1044
4016
72629
17509
127476
1642
1041
1395
8877
1044
1321
2156
1584
1535
4990
1094
1050
1041
2516
8164
1319
31346
1623
26236
1562
1032
1048
1317
1308
1044
1321
4016
72629
17509
127476
1642
1710
1402
1925
1307
1535
4990
1041
4213
1651
1623
2519
97565
1044
1362
3648
1278
2782
1307
8877
4016
72629
17509
127476
1642
4213
1394
1261
4265
1623
1395
1513
2725
1535
4990
1574
3147
4016
72629
17509
127476
1642
1376
2269
30501
57811
1867
1283
59423
2478
1283
1395
1278
2782
1307
89563
1044
1321
1283
1710
4521
1562
1032
1048
1317
1308
18321
1046
3060
1278
1429
24240
30501
57811
1034
1395
1925
1307
1278
3542
99794
4213
1046
4493
1535
4990
1094
1050
1041
3788
8164
1338
5286
1308
1061
1049
1048
1048
1044
1535
4990
1094
1050
1041
1376
1032
1049
1048
1044
1048
1048
1048
8164
1044
1321
2744
3468
11723
2130
2136
2015
1317
1409
9120
1308
7791
1046
4493
3788
10317
7849
1535
4990
1094
1051
1041
1376
1032
1049
1044
1048
1048
1048
1044
1048
1048
1048
1044
1799
1395
3435
18108
1638
1338
12598
1639
5687
1593
1321
2688
1494
1338
97565
1044
1925
2081
4914
1058
1362
2715
3180
5257
1278
5719
4016
72629
17509
127476
1642
2632
1395
6298
1046
9246
1639
1344
41412
1278
4127
1338
1034
9016
1623
1319
85708
1408
3950
3542
99794
3755
8623
1710
2342
1402
70270
1408
1505
2453
1455
3950
4410
1034
8659
37497
1408
3950
1261
1044
1278
4275
112718
1710
2342
1402
1408
3950
1261
48334
1505
4025
4410
8032
1394
1278
2158
112718
1044
2156
1681
1836
1429
14101
37497
1897
1878
1278
2342
16009
1395
1455
3542
1623
1710
1402
70270
1408
1505
2453
3542
99794
3755
3077
4890
32786
1454
4016
72629
17509
127476
1642
1376
1032
1048
10177
1335
1376
6705
1040
1048
1044
3542
99794
3755
78513
1045
1049
8623
1376
3542
99794
3755
78513
1045
1049
3605
1799
66510
1278
3542
30880
3950
16009
1046
3060
2156
1681
1836
1867
1120
29556
1394
1278
2158
112718
1046
2409
1395
6298
1338
8659
1278
2158
112718
1408
3950
1335
1044
1278
4275
112718
4016
1402
1408
3950
9218
1335
1867
2460
1046
4890
32786
10651
4275
3620
1616
72629
1376
1335
1867
2460
1044
1799
1395
6298
1338
13257
1044
1362
4525
26873
1294
1278
5125
1046
9246
1639
7418
1278
3475
1338
28191
1044
1925
2081
6588
1046
1531
1295
1649
46434
4139
1736
8520
1454
1278
3542
99794
2951
3144
18667
1294
1278
28839
1046
9246
1639
3180
5257
1278
2254
1395
6493
17047
1338
97565
1044
3542
99794
1395
1420
9794
1317
1278
14129
2254
1044
1321
34044
1395
1261
32996
2254
1455
21454
1494
1046
2409
2715
2196
7771
1454
1295
1649
46434
4136
3542
99794
6354
2405
4036
3184
1278
43544
1338
12598
1639
7418
1278
3475
3246
1338
97565
1044
1362
23067
2156
4139
1402
1420
6769
1454
2036
43544
1046
9246
1639
1344
11568
14176
1338
7651
1362
3690
34044
1040
1048
1044
1032
1048
1574
4016
72629
17509
127476
1642
1376
1032
1048
1046
2898
1278
2158
19186
1044
1335
1376
6705
1040
1048
1044
3542
99794
13872
1045
1049
8623
1376
3542
99794
13872
1045
1049
3077
6830
4275
3620
1616
72629
1376
1335
1867
2460
1376
3542
99794
13872
1045
1049
1093
1867
2460
1338
4393
1278
2667
19186
1044
1335
1376
6705
56557
99794
13872
1045
1049
1093
1867
2460
1044
3542
99794
13872
75577
1045
1049
8623
2478
1409
1395
1278
3729
1307
1278
2667
19186
1338
4380
7444
6298
1338
3890
7377
1044
2549
1693
4016
72629
17509
127476
1642
1395
5314
7607
2224
3542
99794
13872
1045
1049
1093
1867
2460
1562
1261
4607
3549
1063
6830
1335
1376
4016
72629
17509
127476
1642
1044
1321
1278
19186
21439
4025
1044
16312
2081
120274
1046
2409
1395
6298
8033
1338
12598
1639
2095
5558
40172
1278
4521
37249
2254
1046
23832
3755
1093
1376
4556
1307
3542
99794
1091
1048
1791
1105
1045
1049
3077
4493
4521
37249
6534
1044
1623
78513
1041
1376
23832
3755
78513
1093
1462
23832
3755
1093
1376
4556
1307
3542
99794
3755
1791
1105
78513
1045
1049
3077
2409
1395
6298
1338
13257
1044
2878
1639
5687
1278
5097
1338
7446
2081
22666
1058
1278
1295
1649
46434
4139
45929
1261
6715
1307
6628
1693
2156
1584
3325
8164
1046
3626
1454
1308
9120
1032
1049
1048
1048
1044
1494
2715
1402
7771
1338
97565
1044
1362
2933
1317
1402
7185
25052
1046
9246
1639
3648
2314
5627
1278
4016
72629
17509
127476
1642
2632
2481
21788
1394
2801
1623
4213
1046
13830
1044
1494
1681
4171
1046
2898
3336
1044
2801
22344
4139
3820
1317
1278
2879
4016
72629
17509
127476
1642
2632
1513
2801
1623
12197
1046
1531
1295
1649
46434
39184
1593
17047
1536
30756
1319
1105
1044
4016
72629
17509
127476
1642
1041
1435
1261
8877
3844
1338
12598
1639
3246
7418
1278
2778
3475
1321
2688
1494
1338
1072
8383
1044
7442
1044
1362
23067
2156
1681
1925
2081
6588
1317
4206
1046
1531
4127
8223
3542
99794
1395
1294
2767
8532
75178
3542
1046
4890
3475
41633
1593
1394
1278
4521
37249
1321
1394
19659
3804
30501
57811
1376
3542
99794
3755
78513
1045
1049
3077
9748
1494
1681
4265
1435
2767
8532
75178
1044
3542
99794
3755
78513
1045
1049
1093
1395
16106
1278
8905
1294
1278
19186
1766
1105
1044
1623
78513
1045
1049
3077
13649
1338
12598
1639
2095
3648
2314
10314
5443
1877
1045
1308
1061
1049
1044
1409
1061
1049
1044
2460
1061
1049
1048
1048
1048
1048
1048
1048
1048
1048
1048
1044
3542
99794
18359
1049
1048
1048
1048
1048
1048
1048
1048
1048
1048
1048
1048
1048
15558
34044
1040
1048
1044
1032
1048
1574
1475
1061
1049
1044
1335
1376
6705
1040
1048
1044
1032
1049
1048
1048
1048
1048
1048
1048
1048
1048
1048
1048
1048
1048
1041
1376
1032
1049
1048
1048
1048
1048
1048
1048
1048
1048
1048
1048
1048
1048
1044
19186
3602
1892
1376
1032
1049
1042
1049
1048
1048
1048
1048
1048
1048
1048
1048
1048
1048
1048
1048
1462
1032
1049
1048
1048
1048
1048
1048
1048
1048
1048
1048
1048
1048
1048
1376
1032
1048
1044
4275
3620
1616
72629
1376
1032
1049
1048
1048
1048
1048
1048
1048
1048
1048
1048
1048
1048
1048
1867
1032
1049
1048
1048
1048
1048
1048
1048
1048
1048
1048
1044
34044
1040
1049
1044
124218
1376
1032
1048
1046
12153
1376
1032
1048
1046
87482
1626
1045
1308
1061
1049
1044
1409
1061
1049
1044
2460
1061
1049
1044
3542
99794
18359
1049
15558
1335
1376
6705
1040
1048
1044
1032
1049
1041
1376
1032
1049
1044
19186
3602
1892
1376
1032
1049
1045
1049
1376
1032
1048
1046
12153
1376
1032
1048
1046
87482
1338
12598
1639
3246
7418
1321
2688
1278
3475
1046
13
1010
1975
29896
1010
5011
38227
2671
5247
1010
5011
77751
101676
2671
1295
1649
46434
4688
3149
11835
18542
15643
3602
1892
41584
3419
4990
1058
1935
1044
1409
1058
1935
1044
2460
1058
1935
1044
3542
99794
1058
5247
59939
8623
4906
1935
1877
1293
19639
23627
1308
17135
9236
1408
4811
5072
1044
3081
1278
11835
3788
120274
2200
37497
2424
1626
1260
1010
1293
52050
1877
1293
1462
3931
2725
1409
17135
1710
1402
70270
5823
1294
1925
19186
1010
1293
1462
13223
1623
1319
85708
1408
3950
3542
99794
3755
8623
1710
2342
1402
70270
1408
1505
2453
1455
3950
1010
1293
1462
5417
37497
1408
3950
1261
1044
1278
4275
112718
1710
2342
1402
1408
3950
1261
48334
1505
4025
1010
1293
1462
73198
41584
3419
1394
3542
1623
70270
1408
3950
1265
1395
1319
1115
1462
3542
99794
3755
8791
1260
1010
1293
64664
1877
1369
1308
1058
13920
1307
17135
1319
1049
9120
1308
9120
1032
1049
1048
1048
1456
1369
1409
1058
54539
17135
1651
112718
1319
1049
9120
1409
9120
1308
1456
1369
2460
1058
33715
2396
12785
3033
1319
1049
9120
2460
9120
1032
1049
1048
1094
1057
1456
1369
3542
99794
1058
5247
1307
1308
3542
30880
5072
1294
2767
8532
75178
3542
1319
1049
9120
3542
99794
3755
1093
9120
1032
1049
1048
1094
1049
1050
1456
1260
1010
1293
20527
1877
1369
1531
11835
4171
3788
120274
1010
1293
13118
1293
2569
6438
96078
23832
62503
1394
12871
4521
4556
29976
1010
1293
23832
1376
1766
1048
1093
1364
1319
1110
1867
1032
1049
1456
1293
1394
1623
1294
4521
4990
3640
1369
23832
3755
1867
1032
1049
1093
1376
23832
3755
1093
1867
3542
99794
3755
2820
1260
1010
1293
2121
4521
37249
11327
1058
1935
1044
1382
1058
1935
1041
4906
1935
1877
1369
19639
16536
1307
3542
99794
1562
4891
1295
1317
1382
1045
1049
1319
1259
38394
1295
1044
30938
1382
1577
27266
1369
1850
23832
51877
1093
1462
23832
67495
2820
1260
1010
1293
2126
1108
1649
46434
24728
8332
23071
1456
1293
2121
34044
6534
1058
1935
1044
4016
72629
17509
127476
1642
1058
1935
1041
4906
1935
1877
1369
19639
75482
3788
120274
1394
17135
1623
1791
1110
1045
1049
1520
1369
4265
1455
1278
4275
112718
1710
14222
1408
3950
9218
4016
72629
17509
127476
1642
60113
1369
1693
1623
9218
1308
1877
1463
1850
1032
1048
1010
1301
1010
1369
3560
1376
8103
2021
36295
4615
1369
2569
19326
1747
4171
19186
19732
1562
1032
1049
1317
1409
1010
1369
6705
32004
1376
2365
16026
1044
1308
1462
1623
1456
1369
1394
1475
1294
4521
1040
1049
1044
6705
32004
1867
1032
1049
3640
1463
2569
1531
3804
3542
1294
1593
19186
1934
30880
3950
3542
99794
3755
78513
1045
1049
2820
1463
3804
30501
57811
1376
3542
99794
3755
1867
1475
1462
1032
1049
2820
1463
2569
94005
3950
1395
1278
32914
4171
1058
6705
12284
11642
1044
3804
3542
3950
1294
19186
1456
1463
1335
1376
4016
72629
17509
127476
1642
1693
4016
72629
17509
127476
1642
3006
3804
30501
57811
2849
3804
30501
57811
1010
1463
2569
73198
41584
3419
1394
1593
19186
1058
1475
1364
1335
1462
4556
1307
3542
5072
1294
19186
1010
1463
19186
3602
1892
1376
1475
1364
1335
1462
4521
37249
6534
1044
1623
1867
1475
1456
1463
2569
5417
37497
1408
3950
1335
1044
4275
112718
4016
1402
1408
3950
9218
1335
1867
2460
1010
1463
4275
3620
1616
72629
1376
1335
1867
2460
1010
1463
3788
1376
19186
3602
1892
1867
34044
6534
1867
1475
1044
4275
3620
1616
72629
1456
1463
1693
3788
1534
3560
1877
1694
3560
1376
3788
1010
1301
1010
1369
1850
3560
1010
1260
1010
1293
1850
34044
1040
1048
1044
1032
1048
7297
3149
4206
5164
52143
3640
1293
2569
7637
5443
1562
1278
4127
1010
1293
6852
15605
1040
1053
1044
1032
1050
1044
1032
1051
1044
1766
1049
1044
1032
1053
1044
1032
1054
1044
1032
1049
1048
1044
1032
1049
1050
8623
2351
1032
1051
1010
1293
6852
15605
1040
1049
1044
1032
1049
1044
1032
1049
1048
1048
1048
1048
1048
1048
1048
1048
1048
1044
1766
1049
1048
1048
1048
1048
1048
1048
1048
1048
1048
1048
1048
1048
8623
2351
1032
1048
1010
1293
6852
15605
1040
1049
1053
1044
1032
1052
1044
1032
1053
1044
1766
1049
1044
1032
1051
1044
1032
1051
1044
1032
1054
1044
1032
1054
1044
1032
1054
1044
1032
1049
1048
1044
1032
1049
1048
1044
1032
1049
1048
1044
1032
1049
1048
1044
1032
1049
1053
1044
1032
1049
1053
1044
1032
1049
1053
1044
1032
1049
1053
1044
1032
1049
1053
8623
2351
1032
1051
1053
1010
1260
1010
1293
2569
31054
2688
5443
1010
1293
6852
15605
1040
1050
1044
1032
1050
1044
1032
1049
1053
1049
1055
1044
1766
1049
1054
1057
1055
1044
1032
1049
1056
1054
1057
8623
2351
1032
1049
1055
1050
1010
1293
6852
15605
1040
1049
1048
1044
1032
1049
1044
1032
1050
1044
1766
1049
1044
1032
1049
1044
1032
1050
1044
1032
1051
1044
1032
1052
1044
1032
1053
1044
1032
1053
1044
1032
1053
1044
1032
1053
1044
1032
1054
8623
2351
1032
1054
1051
1010
1293
6852
15605
1040
1049
1044
1032
1049
1044
1032
1053
1056
1052
1053
1053
1056
1055
1055
1054
1044
1766
1049
1049
1050
1054
1048
1053
1050
1050
1057
1051
8623
2351
1032
1048
1010
1293
6852
15605
1040
1049
1044
1032
1049
1044
1032
1049
1044
1766
1049
8623
2351
1032
1048
1010
1260
1010
1293
2569
7637
2937
1454
1409
41523
1319
1599
17135
1294
1925
112718
1456
1293
6852
15605
1040
1049
1048
1048
1044
1032
1049
1048
1048
1044
1032
1049
1048
1048
1048
1048
1048
1048
1048
1048
1048
1044
1766
1057
1057
1057
1048
1048
1048
1048
1048
1048
1048
1048
1049
1044
1032
1057
1057
1057
1048
1049
1048
1049
1048
1049
1048
1049
1049
1044
1032
1057
1057
1057
1048
1050
1048
1050
1048
1050
1048
1050
1049
1044
1032
1057
1057
1057
1048
1051
1048
1051
1048
1051
1048
1051
1049
1044
1032
1057
1057
1057
1048
1052
1048
1052
1048
1052
1048
1052
1049
1044
1032
1057
1057
1057
1048
1053
1048
1053
1048
1053
1048
1053
1049
1044
1032
1057
1057
1057
1048
1054
1048
1054
1048
1054
1048
1054
1049
1044
1032
1057
1057
1057
1048
1055
1048
1055
1048
1055
1048
1055
1049
1044
1032
1057
1057
1057
1048
1056
1048
1056
1048
1056
1048
1056
1049
1044
1032
1057
1057
1057
1048
1057
1048
1057
1048
1057
1048
1057
1049
1044
1032
1057
1057
1057
1049
1048
1049
1048
1049
1048
1049
1048
1050
1044
1032
1057
1057
1057
1049
1049
1049
1049
1049
1049
1049
1049
1050
1044
1032
1057
1057
1057
1049
1050
1049
1050
1049
1050
1049
1050
1050
1044
1032
1057
1057
1057
1049
1051
1049
1051
1049
1051
1049
1051
1050
1044
1032
1057
1057
1057
1049
1052
1049
1052
1049
1052
1049
1052
1050
1044
1032
1057
1057
1057
1049
1053
1049
1053
1049
1053
1049
1053
1050
1044
1032
1057
1057
1057
1049
1054
1049
1054
1049
1054
1049
1054
1050
1044
1032
1057
1057
1057
1049
1055
1049
1055
1049
1055
1049
1055
1050
1044
1032
1057
1057
1057
1049
1056
1049
1056
1049
1056
1049
1056
1050
1044
1032
1057
1057
1057
1049
1057
1049
1057
1049
1057
1049
1057
1050
1044
1032
1057
1057
1057
1050
1048
1050
1048
1050
1048
1050
1048
1051
1044
1032
1057
1057
1057
1050
1049
1050
1049
1050
1049
1050
1049
1051
1044
1032
1057
1057
1057
1050
1050
1050
1050
1050
1050
1050
1050
1051
1044
1032
1057
1057
1057
1050
1051
1050
1051
1050
1051
1050
1051
1051
1044
1032
1057
1057
1057
1050
1052
1050
1052
1050
1052
1050
1052
1051
1044
1032
1057
1057
1057
1050
1053
1050
1053
1050
1053
1050
1053
1051
1044
1032
1057
1057
1057
1050
1054
1050
1054
1050
1054
1050
1054
1051
1044
1032
1057
1057
1057
1050
1055
1050
1055
1050
1055
1050
1055
1051
1044
1032
1057
1057
1057
1050
1056
1050
1056
1050
1056
1050
1056
1051
1044
1032
1057
1057
1057
1050
1057
1050
1057
1050
1057
1050
1057
1051
1044
1032
1057
1057
1057
1051
1048
1051
1048
1051
1048
1051
1048
1052
1044
1032
1057
1057
1057
1051
1049
1051
1049
1051
1049
1051
1049
1052
1044
1032
1057
1057
1057
1051
1050
1051
1050
1051
1050
1051
1050
1052
1044
1032
1057
1057
1057
1051
1051
1051
1051
1051
1051
1051
1051
1052
1044
1032
1057
1057
1057
1051
1052
1051
1052
1051
1052
1051
1052
1052
1044
1032
1057
1057
1057
1051
1053
1051
1053
1051
1053
1051
1053
1052
1044
1032
1057
1057
1057
1051
1054
1051
1054
1051
1054
1051
1054
1052
1044
1032
1057
1057
1057
1051
1055
1051
1055
1051
1055
1051
1055
1052
1044
1032
1057
1057
1057
1051
1056
1051
1056
1051
1056
1051
1056
1052
1044
1032
1057
1057
1057
1051
1057
1051
1057
1051
1057
1051
1057
1052
1044
1032
1057
1057
1057
1052
1048
1052
1048
1052
1048
1052
1048
1053
1044
1032
1057
1057
1057
1052
1049
1052
1049
1052
1049
1052
1049
1053
1044
1032
1057
1057
1057
1052
1050
1052
1050
1052
1050
1052
1050
1053
1044
1032
1057
1057
1057
1052
1051
1052
1051
1052
1051
1052
1051
1053
1044
1032
1057
1057
1057
1052
1052
1052
1052
1052
1052
1052
1052
1053
1044
1032
1057
1057
1057
1052
1053
1052
1053
1052
1053
1052
1053
1053
1044
1032
1057
1057
1057
1052
1054
1052
1054
1052
1054
1052
1054
1053
1044
1032
1057
1057
1057
1052
1055
1052
1055
1052
1055
1052
1055
1053
1044
1032
1057
1057
1057
1052
1056
1052
1056
1052
1056
1052
1056
1053
1044
1032
1057
1057
1057
1052
1057
1052
1057
1052
1057
1052
1057
1053
1044
1032
1057
1057
1057
1053
1048
1053
1048
1053
1048
1053
1048
1054
1044
1032
1057
1057
1057
1053
1049
1053
1049
1053
1049
1053
1049
1054
1044
1032
1057
1057
1057
1053
1050
1053
1050
1053
1050
1053
1050
1054
1044
1032
1057
1057
1057
1053
1051
1053
1051
1053
1051
1053
1051
1054
1044
1032
1057
1057
1057
1053
1052
1053
1052
1053
1052
1053
1052
1054
1044
1032
1057
1057
1057
1053
1053
1053
1053
1053
1053
1053
1053
1054
1044
1032
1057
1057
1057
1053
1054
1053
1054
1053
1054
1053
1054
1054
1044
1032
1057
1057
1057
1053
1055
1053
1055
1053
1055
1053
1055
1054
1044
1032
1057
1057
1057
1053
1056
1053
1056
1053
1056
1053
1056
1054
1044
1032
1057
1057
1057
1053
1057
1053
1057
1053
1057
1053
1057
1054
1044
1032
1057
1057
1057
1054
1048
1054
1048
1054
1048
1054
1048
1055
1044
1032
1057
1057
1057
1054
1049
1054
1049
1054
1049
1054
1049
1055
1044
1032
1057
1057
1057
1054
1050
1054
1050
1054
1050
1054
1050
1055
1044
1032
1057
1057
1057
1054
1051
1054
1051
1054
1051
1054
1051
1055
1044
1032
1057
1057
1057
1054
1052
1054
1052
1054
1052
1054
1052
1055
1044
1032
1057
1057
1057
1054
1053
1054
1053
1054
1053
1054
1053
1055
1044
1032
1057
1057
1057
1054
1054
1054
1054
1054
1054
1054
1054
1055
1044
1032
1057
1057
1057
1054
1055
1054
1055
1054
1055
1054
1055
1055
1044
1032
1057
1057
1057
1054
1056
1054
1056
1054
1056
1054
1056
1055
1044
1032
1057
1057
1057
1054
1057
1054
1057
1054
1057
1054
1057
1055
1044
1032
1057
1057
1057
1055
1048
1055
1048
1055
1048
1055
1048
1056
1044
1032
1057
1057
1057
1055
1049
1055
1049
1055
1049
1055
1049
1056
1044
1032
1057
1057
1057
1055
1050
1055
1050
1055
1050
1055
1050
1056
1044
1032
1057
1057
1057
1055
1051
1055
1051
1055
1051
1055
1051
1056
1044
1032
1057
1057
1057
1055
1052
1055
1052
1055
1052
1055
1052
1056
1044
1032
1057
1057
1057
1055
1053
1055
1053
1055
1053
1055
1053
1056
1044
1032
1057
1057
1057
1055
1054
1055
1054
1055
1054
1055
1054
1056
1044
1032
1057
1057
1057
1055
1055
1055
1055
1055
1055
1055
1055
1056
1044
1032
1057
1057
1057
1055
1056
1055
1056
1055
1056
1055
1056
1056
1044
1032
1057
1057
1057
1055
1057
1055
1057
1055
1057
1055
1057
1056
1044
1032
1057
1057
1057
1056
1048
1056
1048
1056
1048
1056
1048
1057
1044
1032
1057
1057
1057
1056
1049
1056
1049
1056
1049
1056
1049
1057
1044
1032
1057
1057
1057
1056
1050
1056
1050
1056
1050
1056
1050
1057
1044
1032
1057
1057
1057
1056
1051
1056
1051
1056
1051
1056
1051
1057
1044
1032
1057
1057
1057
1056
1052
1056
1052
1056
1052
1056
1052
1057
1044
1032
1057
1057
1057
1056
1053
1056
1053
1056
1053
1056
1053
1057
1044
1032
1057
1057
1057
1056
1054
1056
1054
1056
1054
1056
1054
1057
1044
1032
1057
1057
1057
1056
1055
1056
1055
1056
1055
1056
1055
1057
1044
1032
1057
1057
1057
1056
1056
1056
1056
1056
1056
1056
1056
1057
1044
1032
1057
1057
1057
1056
1057
1056
1057
1056
1057
1056
1057
1057
1044
1032
1057
1057
1057
1057
1048
1057
1048
1057
1048
1057
1049
1048
1044
1032
1057
1057
1057
1057
1049
1057
1049
1057
1049
1057
1050
1048
1044
1032
1057
1057
1057
1057
1050
1057
1050
1057
1050
1057
1051
1048
1044
1032
1057
1057
1057
1057
1051
1057
1051
1057
1051
1057
1052
1048
1044
1032
1057
1057
1057
1057
1052
1057
1052
1057
1052
1057
1053
1048
1044
1032
1057
1057
1057
1057
1053
1057
1053
1057
1053
1057
1054
1048
1044
1032
1057
1057
1057
1057
1054
1057
1054
1057
1054
1057
1055
1048
1044
1032
1057
1057
1057
1057
1055
1057
1055
1057
1055
1057
1056
1048
1044
1032
1057
1057
1057
1057
1056
1057
1056
1057
1056
1057
1057
1048
1044
1032
1049
1048
1048
1048
1048
1048
1048
1048
1048
1048
1048
1048
1048
8623
2351
1032
1052
1057
1048
1048
1048
1048
1048
1048
1048
1053
1048
1010
1260
1010
1293
2569
7637
2937
1454
1409
1061
1049
1319
1774
3542
1651
112718
1456
1293
6852
15605
1040
1049
1048
1048
1044
1032
1049
1044
1032
1049
1048
1048
1048
1048
1048
1048
1048
1048
1048
1044
1766
1057
1057
1057
1048
1048
1048
1048
1048
1048
1048
1048
1049
1044
1032
1057
1057
1057
1048
1049
1048
1049
1048
1049
1048
1049
1049
1044
1032
1057
1057
1057
1048
1050
1048
1050
1048
1050
1048
1050
1049
1044
1032
1057
1057
1057
1048
1051
1048
1051
1048
1051
1048
1051
1049
1044
1032
1057
1057
1057
1048
1052
1048
1052
1048
1052
1048
1052
1049
1044
1032
1057
1057
1057
1048
1053
1048
1053
1048
1053
1048
1053
1049
1044
1032
1057
1057
1057
1048
1054
1048
1054
1048
1054
1048
1054
1049
1044
1032
1057
1057
1057
1048
1055
1048
1055
1048
1055
1048
1055
1049
1044
1032
1057
1057
1057
1048
1056
1048
1056
1048
1056
1048
1056
1049
1044
1032
1057
1057
1057
1048
1057
1048
1057
1048
1057
1048
1057
1049
1044
1032
1057
1057
1057
1049
1048
1049
1048
1049
1048
1049
1048
1050
1044
1032
1057
1057
1057
1049
1049
1049
1049
1049
1049
1049
1049
1050
1044
1032
1057
1057
1057
1049
1050
1049
1050
1049
1050
1049
1050
1050
1044
1032
1057
1057
1057
1049
1051
1049
1051
1049
1051
1049
1051
1050
1044
1032
1057
1057
1057
1049
1052
1049
1052
1049
1052
1049
1052
1050
1044
1032
1057
1057
1057
1049
1053
1049
1053
1049
1053
1049
1053
1050
1044
1032
1057
1057
1057
1049
1054
1049
1054
1049
1054
1049
1054
1050
1044
1032
1057
1057
1057
1049
1055
1049
1055
1049
1055
1049
1055
1050
1044
1032
1057
1057
1057
1049
1056
1049
1056
1049
1056
1049
1056
1050
1044
1032
1057
1057
1057
1049
1057
1049
1057
1049
1057
1049
1057
1050
1044
1032
1057
1057
1057
1050
1048
1050
1048
1050
1048
1050
1048
1051
1044
1032
1057
1057
1057
1050
1049
1050
1049
1050
1049
1050
1049
1051
1044
1032
1057
1057
1057
1050
1050
1050
1050
1050
1050
1050
1050
1051
1044
1032
1057
1057
1057
1050
1051
1050
1051
1050
1051
1050
1051
1051
1044
1032
1057
1057
1057
1050
1052
1050
1052
1050
1052
1050
1052
1051
1044
1032
1057
1057
1057
1050
1053
1050
1053
1050
1053
1050
1053
1051
1044
1032
1057
1057
1057
1050
1054
1050
1054
1050
1054
1050
1054
1051
1044
1032
1057
1057
1057
1050
1055
1050
1055
1050
1055
1050
1055
1051
1044
1032
1057
1057
1057
1050
1056
1050
1056
1050
1056
1050
1056
1051
1044
1032
1057
1057
1057
1050
1057
1050
1057
1050
1057
1050
1057
1051
1044
1032
1057
1057
1057
1051
1048
1051
1048
1051
1048
1051
1048
1052
1044
1032
1057
1057
1057
1051
1049
1051
1049
1051
1049
1051
1049
1052
1044
1032
1057
1057
1057
1051
1050
1051
1050
1051
1050
1051
1050
1052
1044
1032
1057
1057
1057
1051
1051
1051
1051
1051
1051
1051
1051
1052
1044
1032
1057
1057
1057
1051
1052
1051
1052
1051
1052
1051
1052
1052
1044
1032
1057
1057
1057
1051
1053
1051
1053
1051
1053
1051
1053
1052
1044
1032
1057
1057
1057
1051
1054
1051
1054
1051
1054
1051
1054
1052
1044
1032
1057
1057
1057
1051
1055
1051
1055
1051
1055
1051
1055
1052
1044
1032
1057
1057
1057
1051
1056
1051
1056
1051
1056
1051
1056
1052
1044
1032
1057
1057
1057
1051
1057
1051
1057
1051
1057
1051
1057
1052
1044
1032
1057
1057
1057
1052
1048
1052
1048
1052
1048
1052
1048
1053
1044
1032
1057
1057
1057
1052
1049
1052
1049
1052
1049
1052
1049
1053
1044
1032
1057
1057
1057
1052
1050
1052
1050
1052
1050
1052
1050
1053
1044
1032
1057
1057
1057
1052
1051
1052
1051
1052
1051
1052
1051
1053
1044
1032
1057
1057
1057
1052
1052
1052
1052
1052
1052
1052
1052
1053
1044
1032
1057
1057
1057
1052
1053
1052
1053
1052
1053
1052
1053
1053
1044
1032
1057
1057
1057
1052
1054
1052
1054
1052
1054
1052
1054
1053
1044
1032
1057
1057
1057
1052
1055
1052
1055
1052
1055
1052
1055
1053
1044
1032
1057
1057
1057
1052
1056
1052
1056
1052
1056
1052
1056
1053
1044
1032
1057
1057
1057
1052
1057
1052
1057
1052
1057
1052
1057
1053
1044
1032
1057
1057
1057
1053
1048
1053
1048
1053
1048
1053
1048
1054
1044
1032
1057
1057
1057
1053
1049
1053
1049
1053
1049
1053
1049
1054
1044
1032
1057
1057
1057
1053
1050
1053
1050
1053
1050
1053
1050
1054
1044
1032
1057
1057
1057
1053
1051
1053
1051
1053
1051
1053
1051
1054
1044
1032
1057
1057
1057
1053
1052
1053
1052
1053
1052
1053
1052
1054
1044
1032
1057
1057
1057
1053
1053
1053
1053
1053
1053
1053
1053
1054
1044
1032
1057
1057
1057
1053
1054
1053
1054
1053
1054
1053
1054
1054
1044
1032
1057
1057
1057
1053
1055
1053
1055
1053
1055
1053
1055
1054
1044
1032
1057
1057
1057
1053
1056
1053
1056
1053
1056
1053
1056
1054
1044
1032
1057
1057
1057
1053
1057
1053
1057
1053
1057
1053
1057
1054
1044
1032
1057
1057
1057
1054
1048
1054
1048
1054
1048
1054
1048
1055
1044
1032
1057
1057
1057
1054
1049
1054
1049
1054
1049
1054
1049
1055
1044
1032
1057
1057
1057
1054
1050
1054
1050
1054
1050
1054
1050
1055
1044
1032
1057
1057
1057
1054
1051
1054
1051
1054
1051
1054
1051
1055
1044
1032
1057
1057
1057
1054
1052
1054
1052
1054
1052
1054
1052
1055
1044
1032
1057
1057
1057
1054
1053
1054
1053
1054
1053
1054
1053
1055
1044
1032
1057
1057
1057
1054
1054
1054
1054
1054
1054
1054
1054
1055
1044
1032
1057
1057
1057
1054
1055
1054
1055
1054
1055
1054
1055
1055
1044
1032
1057
1057
1057
1054
1056
1054
1056
1054
1056
1054
1056
1055
1044
1032
1057
1057
1057
1054
1057
1054
1057
1054
1057
1054
1057
1055
1044
1032
1057
1057
1057
1055
1048
1055
1048
1055
1048
1055
1048
1056
1044
1032
1057
1057
1057
1055
1049
1055
1049
1055
1049
1055
1049
1056
1044
1032
1057
1057
1057
1055
1050
1055
1050
1055
1050
1055
1050
1056
1044
1032
1057
1057
1057
1055
1051
1055
1051
1055
1051
1055
1051
1056
1044
1032
1057
1057
1057
1055
1052
1055
1052
1055
1052
1055
1052
1056
1044
1032
1057
1057
1057
1055
1053
1055
1053
1055
1053
1055
1053
1056
1044
1032
1057
1057
1057
1055
1054
1055
1054
1055
1054
1055
1054
1056
1044
1032
1057
1057
1057
1055
1055
1055
1055
1055
1055
1055
1055
1056
1044
1032
1057
1057
1057
1055
1056
1055
1056
1055
1056
1055
1056
1056
1044
1032
1057
1057
1057
1055
1057
1055
1057
1055
1057
1055
1057
1056
1044
1032
1057
1057
1057
1056
1048
1056
1048
1056
1048
1056
1048
1057
1044
1032
1057
1057
1057
1056
1049
1056
1049
1056
1049
1056
1049
1057
1044
1032
1057
1057
1057
1056
1050
1056
1050
1056
1050
1056
1050
1057
1044
1032
1057
1057
1057
1056
1051
1056
1051
1056
1051
1056
1051
1057
1044
1032
1057
1057
1057
1056
1052
1056
1052
1056
1052
1056
1052
1057
1044
1032
1057
1057
1057
1056
1053
1056
1053
1056
1053
1056
1053
1057
1044
1032
1057
1057
1057
1056
1054
1056
1054
1056
1054
1056
1054
1057
1044
1032
1057
1057
1057
1056
1055
1056
1055
1056
1055
1056
1055
1057
1044
1032
1057
1057
1057
1056
1056
1056
1056
1056
1056
1056
1056
1057
1044
1032
1057
1057
1057
1056
1057
1056
1057
1056
1057
1056
1057
1057
1044
1032
1057
1057
1057
1057
1048
1057
1048
1057
1048
1057
1049
1048
1044
1032
1057
1057
1057
1057
1049
1057
1049
1057
1049
1057
1050
1048
1044
1032
1057
1057
1057
1057
1050
1057
1050
1057
1050
1057
1051
1048
1044
1032
1057
1057
1057
1057
1051
1057
1051
1057
1051
1057
1052
1048
1044
1032
1057
1057
1057
1057
1052
1057
1052
1057
1052
1057
1053
1048
1044
1032
1057
1057
1057
1057
1053
1057
1053
1057
1053
1057
1054
1048
1044
1032
1057
1057
1057
1057
1054
1057
1054
1057
1054
1057
1055
1048
1044
1032
1057
1057
1057
1057
1055
1057
1055
1057
1055
1057
1056
1048
1044
1032
1057
1057
1057
1057
1056
1057
1056
1057
1056
1057
1057
1048
1044
1032
1049
1048
1048
1048
1048
1048
1048
1048
1048
1048
1048
1048
1048
8623
2351
1032
1052
1057
1048
1048
1048
1048
1048
1048
1048
1048
1048
1053
1048
1010
1260
1010
1293
2569
13516
4206
45525
18797
18542
15643
3602
1892
41584
3419
1041
1317
3160
9458
1626
1035
4206
45525
18797
18542
15643
3602
1892
41584
3419
1456
1975
11
1010