10
25708
1010
11
1010
10
3263
1010
10311
1278
3629
2254
21734
1321
8953
3607
1044
10886
5687
1278
2254
5055
1321
2764
1747
1278
9458
1046
1603
24151
16424
70914
84674
14671
48761
1083
25461
4568
2715
30711
1278
3475
1636
13330
1294
1261
1335
107485
3475
4950
1319
3038
44642
1041
1319
43880
2084
80858
1278
4618
7389
1801
2640
5011
38227
2671
5247
1044
30755
1044
81409
4688
3149
3081
2480
1444
1841
37249
4990
1058
1935
1044
2460
1058
1935
1044
1261
1058
5247
59939
8623
4906
30755
1091
74988
59939
1044
1935
1044
1935
20162
1877
1293
19639
23627
1420
15748
7980
1349
1321
1420
15748
2628
1044
3081
1925
30532
1307
26524
1319
1105
1044
1475
1044
1409
1456
1293
2516
1455
1877
1293
1462
1032
1049
9120
1623
1534
1475
1534
1409
9120
1308
1010
1293
1462
1349
3755
1045
1049
1093
1867
1349
13872
1045
1049
1093
1867
1349
24321
1045
1049
1093
1376
2460
1010
1260
1010
1293
13708
1058
1531
26524
8583
1584
1032
1049
7095
1319
20957
1302
1278
4127
10674
4342
1260
1010
1293
64664
1877
1369
1308
1058
1531
5592
1307
1278
7980
1319
1051
9120
1308
9120
1032
1049
1048
1094
1054
1456
1369
2460
1058
1531
3579
4556
1319
1049
9120
2460
9120
1032
1049
1048
1094
1054
1456
1369
1261
1058
1531
15748
7980
2478
2744
3584
51766
1032
1049
9120
1261
3755
1093
9120
2460
1010
1260
1010
1293
20527
1877
1369
1349
43109
1319
1105
1044
1475
1044
1409
1041
1307
1032
1049
7095
26524
1693
2516
1261
30532
12123
1044
8030
12233
1626
1260
1010
1293
56431
3081
2480
1444
1841
37249
1040
1053
1044
1032
1049
1054
1044
1766
1049
1044
1032
1056
1044
1032
1053
1044
1032
1049
1048
1044
1032
1049
1051
8791
1293
1319
1049
1044
1032
1051
1044
1032
1052
1456
1293
56431
3081
2480
1444
1841
37249
1040
1053
1044
1032
1050
1048
1044
1766
1049
1044
1032
1056
1044
1032
1053
1044
1032
1049
1048
1044
1032
1049
1051
8791
1293
8030
1010
1293
56431
3081
2480
1444
1841
37249
1040
1051
1044
1032
1054
1044
1766
1050
1044
1032
1050
1044
1032
1050
8791
1293
1319
1049
1044
1032
1050
1044
1032
1051
1456
1293
47680
3149
4206
5164
52143
3640
1293
2569
7637
2937
1032
1049
1010
1293
6852
15605
1040
1053
1044
1032
1049
1054
1044
1766
1049
1044
1032
1056
1044
1032
1053
1044
1032
1049
1048
1044
1032
1049
1051
8623
2351
1319
1049
1044
1032
1051
1044
1032
1052
1456
1260
1010
1293
2569
7637
2937
1032
1050
1010
1293
6852
15605
1040
1053
1044
1032
1050
1048
1044
1766
1049
1044
1032
1056
1044
1032
1053
1044
1032
1049
1048
1044
1032
1049
1051
8623
1395
8030
1010
1260
1010
1293
2569
7637
2937
1032
1051
1010
1293
6852
15605
1040
1049
1048
1044
1032
1049
1048
1048
1048
1048
1048
1044
1766
1055
1051
1055
1054
1054
1044
1032
1052
1055
1055
1049
1056
1044
1032
1055
1052
1049
1052
1056
1044
1032
1052
1057
1050
1049
1056
1044
1032
1055
1054
1055
1050
1049
1044
1032
1051
1049
1057
1048
1050
1044
1032
1050
1049
1057
1057
1052
1044
1032
1049
1056
1056
1056
1048
1044
1032
1050
1057
1053
1057
1056
1044
1032
1057
1056
1057
1049
1055
8623
2351
1319
1052
1044
1032
1054
1044
1032
1056
1456
1260
1010
1293
2569
7637
2937
1032
1052
1010
1293
6852
15605
1040
1049
1048
1044
1032
1052
1056
1044
1766
1049
1049
1044
1032
1050
1056
1044
1032
1049
1054
1044
1032
1054
1044
1032
1051
1052
1044
1032
1049
1044
1032
1052
1054
1044
1032
1049
1044
1032
1049
1053
1044
1032
1050
8623
2351
1319
1054
1044
1032
1055
1044
1032
1056
1456
1260
1010
1293
2569
7637
2937
1032
1053
1010
1293
6852
15605
1040
1051
1044
1032
1053
1044
1766
1049
1044
1032
1050
1044
1032
1051
8623
1395
8030
1010
1260
1010
1293
2569
7637
2937
1032
1054
1010
1293
6852
15605
1040
1053
1044
1032
1049
1050
1044
1766
1049
1049
1044
1032
1049
1049
1044
1032
1049
1048
1044
1032
1049
1050
1044
1032
1049
1049
8623
1395
8030
1010
1260
1010
1293
2569
7637
2937
1032
1055
1010
1293
6852
15605
1040
1055
1044
1032
1052
1044
1766
1050
1044
1032
1051
1044
1032
1052
1044
1032
1050
1044
1032
1050
1044
1032
1050
1044
1032
1052
8623
1395
8030
1010
1260
1010
1293
2569
7637
2937
1032
1056
1010
1293
6852
15605
1040
1051
1044
1032
1054
1044
1766
1050
1044
1032
1050
1044
1032
1050
8623
2351
1319
1049
1044
1032
1050
1044
1032
1051
1456
1260
1010
1293
2569
7637
2937
1032
1057
1010
1293
6852
15605
1040
1055
1044
1032
1054
1044
1766
1049
1044
1032
1050
1044
1032
1051
1044
1032
1052
1044
1032
1052
1044
1032
1052
1044
1032
1052
8623
2351
1319
1049
1044
1032
1050
1044
1032
1051
1456
1260
1010
1293
2569
7637
2937
1032
1049
1048
1010
1293
6852
15605
1040
1053
1044
1032
1050
1044
1766
1050
1044
1032
1050
1044
1032
1050
1044
1032
1050
1044
1032
1050
8623
1395
8030
1010
1260
1010
1293
2569
7637
2937
1032
1049
1049
1010
1293
6852
15605
1040
1054
1044
1032
1051
1044
1766
1049
1044
1032
1049
1044
1032
1049
1044
1032
1049
1044
1032
1049
1044
1032
1049
8623
2351
1319
1049
1044
1032
1050
1044
1032
1051
1456
1260
1010
1293
2569
7637
2937
1032
1049
1050
1010
1293
2282
1376
15605
1040
1049
1048
1044
1032
1050
1049
1044
1766
1050
1049
1044
1032
1049
1057
1044
1032
1050
1048
1044
1032
1049
1057
1044
1032
1050
1048
1044
1032
1050
1049
1044
1032
1049
1057
1044
1032
1050
1049
1044
1032
1049
1057
1044
1032
1049
1057
8791
1293
6852
2282
1395
8030
1010
1260
1010
1293
2569
7637
2937
1032
1049
1051
1010
1293
6852
15605
1040
1051
1044
1032
1049
1051
1044
1766
1049
1050
1044
1032
1049
1049
1044
1032
1049
1050
8623
1395
8030
1010
1260
1010
1293
2569
7637
2937
1032
1049
1052
1010
1293
6852
15605
1040
1053
1044
1032
1050
1049
1044
1766
1049
1053
1044
1032
1049
1044
1032
1049
1057
1044
1032
1049
1052
1044
1032
1049
8623
2351
1319
1050
1044
1032
1051
1044
1032
1053
1456
1260
1010
1293
2569
7637
2937
1032
1049
1053
1010
1293
6852
15605
1040
1054
1044
1032
1051
1050
1044
1766
1049
1044
1032
1049
1055
1044
1032
1049
1044
1032
1051
1048
1044
1032
1049
1050
1044
1032
1049
1048
8623
2351
1319
1049
1044
1032
1051
1044
1032
1052
1456
1260
1010
1293
2569
7637
2937
1032
1049
1054
1010
1293
6852
15605
1040
1051
1044
1032
1052
1052
1044
1766
1049
1044
1032
1049
1044
1032
1052
1050
8623
2351
1319
1049
1044
1032
1050
1044
1032
1051
1456
1260
1010
1293
2569
7637
2937
1032
1049
1055
1010
1293
6852
15605
1040
1053
1044
1032
1050
1057
1044
1766
1050
1044
1032
1049
1044
1032
1050
1055
1044
1032
1049
1044
1032
1050
1053
8623
2351
1319
1050
1044
1032
1051
1044
1032
1052
1456
1260
1010
1293
2569
7637
2937
1032
1049
1056
1010
1293
6852
15605
1040
1056
1044
1032
1049
1053
1044
1766
1049
1051
1044
1032
1049
1050
1044
1032
1049
1048
1044
1032
1049
1049
1044
1032
1049
1052
1044
1032
1049
1044
1032
1049
1044
1032
1049
1051
8623
2351
1319
1049
1044
1032
1054
1044
1032
1055
1456
1260
1010
1293
2569
7637
2937
1032
1049
1057
1010
1293
6852
15605
1040
1055
1044
1032
1052
1044
1766
1051
1044
1032
1049
1044
1032
1050
1044
1032
1052
1044
1032
1050
1044
1032
1049
1044
1032
1049
8623
2351
1319
1050
1044
1032
1051
1044
1032
1054
1456
1260
1010
1293
2569
7637
2937
1032
1050
1048
1010
1293
6852
15605
1040
1055
1044
1032
1049
1054
1044
1766
1049
1053
1044
1032
1049
1054
1044
1032
1049
1054
1044
1032
1049
1053
1044
1032
1049
1054
1044
1032
1049
1052
1044
1032
1049
1053
8623
1395
8030
1267
1035
13516
4206
101678
2480
1444
1841
37249
1041
1317
3160
9458
1626
1975
11
1010
10
1503
19464
1010
12
1010
12
11745
1681
1261
11483
2832
2100
1049
1046
1032
1603
25609
3623
1278
57148
5450
1362
2534
1317
5687
1278
2000
8697
2480
1444
1841
37249
1096
2254
1455
23880
3300
26524
2000
1105
1534
1475
1534
1409
1096
1319
1049
7095
1041
2516
1455
2000
1097
3755
1045
1049
1093
1867
1261
13872
1045
1049
1093
1867
1261
24321
1045
1049
1093
1376
2460
9816
3367
1836
2516
30532
12123
1044
1850
2000
14365
9816
1362
4016
2764
1747
1032
1050
1048
2688
5443
5662
1294
1278
2000
6390
1096
2254
1338
1050
1046
1032
1603
25280
73448
1278
83666
21433
55015
1256
1462
2000
1110
1096
2015
1317
1032
1049
1048
1094
1054
1044
1878
1535
4990
1094
1050
1041
1505
1535
4990
3355
1308
1041
1395
6618
1059
1535
4990
1094
1051
1041
1395
21752
1848
1626
1256
1462
2000
1120
1096
2015
1317
1032
1049
1048
1094
1054
1626
1256
1462
11796
2000
1097
3755
39261
1395
2396
1032
1049
1321
2000
1120
51330
1256
1462
37285
1317
3081
2258
5746
30532
1319
3715
20594
1278
38212
1290
75378
36111
1044
1809
1278
9458
4209
4811
25675
1044
1878
1362
2534
1317
4395
10693
2519
1051
1046
1032
1603
2763
14176
1278
7637
83840
1438
1317
5048
6878
8033
1877
1256
9246
1639
2951
2424
68093
1505
1408
7873
1877
1256
1462
1257
1049
1058
1308
1061
1053
1044
2460
1061
1049
1054
1044
1261
18359
1049
1044
1056
1044
1053
1044
1049
1048
1044
1049
1051
1093
4906
1319
1049
1044
1051
1044
1052
1041
3147
1032
1049
1043
1053
1043
1049
1048
1061
1049
1054
1010
1256
1462
1257
1050
1058
1308
1061
1053
1044
2460
1061
1050
1048
1044
2879
4460
4906
8030
1010
1256
1462
1257
1051
1058
1308
1061
1049
1048
1044
2460
1061
1049
1048
1048
1048
1048
1048
1044
4811
4460
4906
1319
1052
1044
1054
1044
1056
1041
4906
26524
1032
1051
1043
1055
1043
1049
1053
1063
32844
1058
1261
1091
1051
18652
1052
1057
1050
1049
1056
1044
1261
1091
1053
18652
1055
1054
1055
1050
1049
1044
1261
1091
1055
18652
1049
1056
1056
1056
1048
1063
9246
1681
4206
1058
1032
1049
7095
1058
1032
1052
1941
1097
1091
1051
18652
1052
1057
1050
1049
1056
1044
1032
1054
1941
1097
1091
1053
18652
1055
1054
1055
1050
1049
1044
1032
1056
1941
1097
1091
1055
18652
1049
1056
1056
1056
1048
1046
10852
1061
1052
1057
1050
1049
1056
1043
1055
1054
1055
1050
1049
1043
1049
1056
1056
1056
1048
1061
1049
1052
1052
1056
1049
1057
1063
3501
1044
3579
1395
1032
1049
1048
1048
1048
1048
1048
1046
9246
1639
2134
43058
1058
1032
1052
1057
1050
1049
1056
1043
1055
1054
1055
1050
1049
1061
1049
1050
1053
1057
1051
1057
1044
4382
6732
1046
17048
1362
7534
2586
12319
1278
3475
4025
1626
1256
1462
1257
1052
1058
1308
1061
1049
1048
1044
2460
1061
1052
1056
1044
1261
18359
1049
1049
1044
1050
1056
1044
1049
1054
1044
1054
1044
1051
1052
1044
1049
1044
1052
1054
1044
1049
1044
1049
1053
1044
1050
1093
4906
1319
1054
1044
1055
1044
1056
1041
4906
1261
1091
1053
18652
1049
1044
1261
1091
1054
18652
1052
1054
1044
1261
1091
1055
18652
1049
1063
32844
1032
1049
7095
1058
1032
1054
1941
1097
1091
1053
18652
1049
1063
49032
4460
1058
4891
1049
1061
1049
1049
1044
1032
1050
1061
1050
1056
1044
1032
1051
1061
1049
1054
1044
1032
1052
1061
1054
1044
1032
1053
1061
1051
1052
1044
1032
1054
1061
1049
1044
1032
1055
1061
1052
1054
1044
1032
1056
1061
1049
1044
1032
1057
1061
1049
1053
1044
1032
1049
1048
1061
1050
1046
4493
1319
1054
1044
1055
1044
1056
1041
4906
1261
1091
1053
29707
1097
1091
1054
29707
1097
1091
1055
1093
1063
3501
1044
1032
1049
7095
1623
1061
1054
4938
1261
1091
1053
18652
1049
1063
32844
1044
25052
1058
1261
1395
1032
1048
37601
1286
1294
17616
1044
1809
1278
4127
8942
1032
1049
7095
26524
1046
4493
1261
1091
1049
1045
1049
18652
1097
1091
1048
3605
6704
1046
4493
1319
1054
1044
1055
1044
1056
1041
4938
1623
1061
1054
1044
1475
1061
1055
1044
1409
1061
1056
4906
1261
1091
1053
3605
1261
1091
1054
3605
1261
1091
1055
1093
4906
4213
1032
1049
1044
1032
1052
1054
1044
1032
1049
1046
10852
1376
1032
1052
1056
1046
13830
1033
1032
1049
1043
1052
1054
1043
1049
1061
1052
1056
1626
1256
1462
1257
1053
1058
1308
1061
1051
1044
2460
1061
1053
1044
1261
18359
1049
1044
1050
1044
1051
1093
4906
8030
1319
1049
1043
1050
1043
1051
1061
1054
3942
1053
1456
1256
1462
1257
1054
1058
1308
1061
1053
1044
2460
1061
1049
1050
1044
1261
18359
1049
1049
1044
1049
1049
1044
1049
1048
1044
1049
1050
1044
1049
1049
1093
4906
8030
1046
8923
4556
1307
3300
36111
1063
49032
2258
3300
1058
2365
4556
1032
1049
1048
1043
1049
1049
1043
1049
1049
1061
1051
1050
1062
1049
1050
1044
1878
8030
1626
1256
1462
1257
1055
1058
1308
1061
1055
1044
2460
1061
1052
1044
1261
18359
1050
1044
1051
1044
1052
1044
1050
1044
1050
1044
1050
1044
1052
1093
4906
8030
1046
10852
1115
1063
5101
3300
1058
1032
1050
1043
1050
1043
1050
1061
1054
1062
1052
1046
8030
1626
1256
1462
1257
1056
1058
1308
1061
1051
1044
2460
1061
1054
1044
1261
18359
1050
1044
1050
1044
1050
1093
4906
1319
1049
1044
1050
1044
1051
1041
4906
1032
1050
1043
1050
1043
1050
1061
1054
1626
1256
1462
1257
1057
1058
1308
1061
1055
1044
2460
1061
1054
1044
1261
18359
1049
1044
1050
1044
1051
1044
1052
1044
1052
1044
1052
1044
1052
1093
4906
1319
1049
1044
1050
1044
1051
1041
4906
1032
1049
1043
1050
1043
1051
1061
1054
1626
1256
1462
1257
1049
1048
1058
1308
1061
1053
1044
2460
1061
1050
1044
1261
18359
1050
1044
1050
1044
1050
1044
1050
1044
1050
1093
4906
8030
1319
4845
4382
6732
1456
1256
1462
1257
1049
1049
1058
1308
1061
1054
1044
2460
1061
1051
1044
1261
18359
1049
1044
1049
1044
1049
1044
1049
1044
1049
1044
1049
1093
4906
1319
1049
1044
1050
1044
1051
1041
4906
1032
1049
1043
1049
1043
1049
1061
1051
1626
1256
1462
1257
1049
1050
1058
1308
1061
1049
1048
1044
2460
1061
1050
1049
1044
1261
18359
1050
1049
1044
1049
1057
1044
1050
1048
1044
1049
1057
1044
1050
1048
1044
1050
1049
1044
1049
1057
1044
1050
1049
1044
1049
1057
1044
1049
1057
1093
4906
8030
1626
1256
1462
1257
1049
1051
1058
1308
1061
1051
1044
2460
1061
1049
1051
1044
1261
18359
1049
1050
1044
1049
1049
1044
1049
1050
1093
4906
8030
1319
1049
1050
1043
1049
1049
1043
1049
1050
1061
1051
1053
1456
1256
1462
1257
1049
1052
1058
1308
1061
1053
1044
2460
1061
1050
1049
1044
1261
18359
1049
1053
1044
1049
1044
1049
1057
1044
1049
1052
1044
1049
1093
4906
1319
1050
1044
1051
1044
1053
1041
4906
1261
1091
1049
29707
1097
1091
1050
29707
1097
1091
1052
1093
1376
1032
1049
1043
1049
1057
1043
1049
1061
1050
1049
1046
3283
2961
1032
1050
1044
1051
1044
1053
1319
1049
7095
4342
1256
1462
1257
1049
1053
1058
1308
1061
1054
1044
2460
1061
1051
1050
1044
1261
18359
1049
1044
1049
1055
1044
1049
1044
1051
1048
1044
1049
1050
1044
1049
1048
1093
4906
1319
1049
1044
1051
1044
1052
1041
4906
1261
1091
1048
29707
1097
1091
1050
29707
1097
1091
1051
1093
1376
1032
1049
1043
1049
1043
1051
1048
1061
1051
1050
1046
13830
1626
1256
1462
1257
1049
1054
1058
1308
1061
1051
1044
2460
1061
1052
1052
1044
1261
18359
1049
1044
1049
1044
1052
1050
1093
4906
1319
1049
1044
1050
1044
1051
1041
4906
1032
1049
1043
1049
1043
1052
1050
1061
1052
1052
1626
1256
1462
1257
1049
1055
1058
1308
1061
1053
1044
2460
1061
1050
1057
1044
1261
18359
1050
1044
1049
1044
1050
1055
1044
1049
1044
1050
1053
1093
4906
1319
1050
1044
1051
1044
1052
1041
4906
1261
1091
1049
29707
1097
1091
1050
29707
1097
1091
1051
1093
1376
1032
1049
1043
1050
1055
1043
1049
1061
1050
1057
1046
13830
1626
1256
1462
1257
1049
1056
1058
1308
1061
1056
1044
2460
1061
1049
1053
1044
1261
18359
1049
1051
1044
1049
1050
1044
1049
1048
1044
1049
1049
1044
1049
1052
1044
1049
1044
1049
1044
1049
1051
1093
4906
1319
1049
1044
1054
1044
1055
1041
4906
1261
1091
1048
29707
1097
1091
1053
29707
1097
1091
1054
1093
1376
1032
1049
1051
1043
1049
1043
1049
1061
1049
1053
1046
13830
1626
1256
1462
1257
1049
1057
1058
1308
1061
1055
1044
2460
1061
1052
1044
1261
18359
1051
1044
1049
1044
1050
1044
1052
1044
1050
1044
1049
1044
1049
1093
4906
1319
1050
1044
1051
1044
1054
1041
4906
1261
1091
1049
29707
1097
1091
1050
29707
1097
1091
1053
1093
1376
1032
1049
1043
1050
1043
1049
1061
1052
1046
13830
1626
1256
1462
1257
1050
1048
1058
1308
1061
1055
1044
2460
1061
1049
1054
1044
1261
18359
1049
1053
1044
1049
1054
1044
1049
1054
1044
1049
1053
1044
1049
1054
1044
1049
1052
1044
1049
1053
1093
4906
8030
1338
1052
1046
1032
1603
59829
16942
55015
1256
1362
2534
1420
11857
1455
23880
2258
30532
1319
1105
22916
29874
1041
1454
1623
1060
1106
1060
1107
1321
1261
3755
29707
1097
13872
29707
1097
24321
18652
1120
1046
1531
9458
4209
4811
26524
1044
1878
1278
11857
4016
1402
86668
1321
9470
1278
6878
25675
1046
9246
1681
4206
1693
2156
1681
1261
5965
1505
1693
1362
2586
2534
1317
3081
2258
5746
30532
1044
1321
1278
9458
1584
2016
2015
2516
1455
1278
1429
11517
2959
1034
1505
4811
3542
14175
1626
1256
51506
1513
1257
1052
1058
1319
1054
1044
1055
1044
1056
1041
1462
4213
1513
1032
1054
1044
1055
1044
1056
1584
1032
1049
1044
1052
1054
1044
1049
1046
3730
4139
1402
2147
3104
3684
1044
1809
1593
1395
6878
1626
1256
1257
1049
1052
1058
1319
1050
1044
1051
1044
1053
1041
1462
4213
1032
1049
1044
1049
1057
1044
1049
1626
1256
1257
1049
1053
1058
1319
1049
1044
1051
1044
1052
1041
1462
4213
1032
1049
1044
1049
1044
1051
1048
1626
1256
1257
1049
1055
1058
1319
1050
1044
1051
1044
1052
1041
1462
4213
1032
1049
1044
1050
1055
1044
1049
1626
1256
1257
1049
1056
1058
1319
1049
1044
1054
1044
1055
1041
1462
4213
1032
1049
1051
1044
1049
1044
1049
1626
1256
1257
1049
1057
1058
1319
1050
1044
1051
1044
1054
1041
1462
4213
1032
1049
1044
1050
1044
1049
1338
1256
2157
7444
3325
3104
3684
24441
3709
8091
1505
4811
12197
1046
1362
2534
1420
11857
1455
68488
23880
1278
6878
30532
1338
1256
19839
5125
1394
1032
1051
89356
1058
1032
1010
1256
1462
2898
2744
1623
1562
1032
1048
1317
1308
1045
1051
1877
3539
1462
13516
2295
72712
1505
16094
2016
1394
1278
11829
4460
1317
3081
1475
29874
2516
1455
1261
13872
29707
1097
24321
1093
1376
2460
1462
1261
3755
3605
1454
1475
3006
1623
1044
1409
3006
1475
1626
1256
1462
9748
1308
1710
1402
1032
1049
1048
1094
1054
1044
1535
4990
1094
1050
1041
4139
1402
4382
8455
1294
17616
1693
1605
25052
1044
1809
1535
4990
1094
1050
1041
1454
5124
4323
4139
2764
1693
22855
1584
18108
1638
1044
1809
1032
1049
1048
1094
1054
73170
1395
1032
1049
1048
1094
1049
1050
1044
4382
8455
1626
1256
1462
32844
1044
1278
4127
8223
1032
1051
9120
1308
9120
1032
1049
1048
1094
1054
1044
1809
2142
18846
15421
1394
2516
7638
4139
4209
1535
4990
1094
1050
1041
1395
4382
8455
1044
13162
1535
4990
3355
1308
1041
1505
1535
4990
1041
1454
16094
9551
1256
1462
49032
1044
1032
1051
89356
1454
26524
16009
1623
1060
1106
1060
1107
1046
3367
1362
2586
2534
2258
30532
1044
1362
1710
2210
1261
16094
6373
1307
4213
1317
26524
1044
1809
2534
1317
11811
1623
1060
1106
1060
1107
1626
1256
1462
15081
5125
1058
55645
1623
1562
1032
1048
1317
1308
1045
1049
1044
2430
1394
2744
1475
1562
1623
1043
1049
1317
1308
1045
1049
1044
4206
1693
2460
1462
1261
3755
1093
1462
1261
13872
1093
12123
1294
1261
16094
6373
1307
4213
5753
2453
1475
1063
3247
1750
68100
26524
1626
1256
1462
3626
1362
2534
1317
4395
7092
2688
25675
1046
9246
1681
3648
1693
2156
1681
1261
39928
3039
1058
4136
1362
2586
2534
1317
2764
1278
4265
9458
1044
13162
1420
1535
4990
1094
1050
1041
5125
1454
1308
2015
1317
13162
1032
1049
1048
1048
1048
1294
8482
1063
3626
22855
4150
1308
2015
1317
1032
1049
1048
1094
1054
1046
3886
1044
1278
2688
5443
1736
1308
2015
1317
1032
1049
1048
1046
17048
1278
7293
2688
6093
1934
10752
1308
1044
1505
1362
2534
1420
12871
11857
1455
2095
22444
1278
6878
26524
1626
1256
1462
9246
1681
4206
1693
2156
1681
1261
5965
1058
3325
9458
1736
3709
1308
1046
1362
7534
5687
1420
12871
1535
4990
1094
1050
1041
5097
1454
16094
6373
1044
1809
38364
1046
49032
1044
1535
4990
1094
1050
1041
1394
1308
1061
1049
1048
1094
1054
1395
16501
1294
17616
1046
1362
2534
1261
4942
5125
1626
1256
1462
32844
1044
13162
1362
1710
2210
1278
3121
1455
1261
3755
1093
9120
2460
9120
1032
1049
1048
1094
1054
1046
1362
1710
2210
1261
8361
4460
1505
16094
6373
1307
2632
4906
2951
1307
26524
1626
1256
1462
2898
2744
1623
1562
1032
1048
1317
1308
1045
1051
1877
3539
1462
2898
2744
1475
1562
1623
1043
1049
1317
1308
1045
1049
1877
6367
1462
6618
1376
2460
1462
1261
3755
1093
1462
1261
13872
2820
6367
1462
4206
1693
6618
12123
1294
1278
4460
1513
4891
3006
1475
1626
1256
1462
2409
1395
1535
4990
1094
1050
1041
25256
61410
1046
3626
13162
1362
1710
44611
1536
37762
5124
1044
1505
2505
1278
3121
1455
1729
2586
2534
1925
30532
1626
1256
1462
54818
1058
55645
1623
1044
2430
2210
2295
72712
1408
25585
4460
1063
3626
1729
2534
4618
26524
1044
1321
1623
1060
1106
1060
1107
1294
4618
3542
1044
1605
25585
3542
1046
4493
41806
31322
26524
1626
1256
1462
1362
2481
8141
4618
26524
1321
5186
1536
2632
1044
2430
1653
1032
1051
89356
1408
25585
4213
1044
1809
2430
1362
2534
1317
11811
1278
4618
26524
34301
1623
1060
1106
1060
1107
1046
5646
1681
79644
1626
1256
1462
17048
1362
1710
2210
1261
16094
6373
1058
2632
4906
2951
1307
26524
1319
104556
1577
6830
1394
2744
10217
1319
1105
22916
1041
1454
1623
1060
1106
1044
4206
1693
6618
2632
12123
1513
4891
3006
1475
1046
3870
10035
1535
4990
1094
1050
1574
1362
1710
55645
1623
1044
1321
2430
55645
1475
1562
1623
1043
1049
1044
1809
4323
2200
2959
1046
1656
25256
2937
1494
1681
1535
4990
1094
1050
1574
1809
13162
1278
9458
1584
9543
2516
1455
1261
5097
1395
2959
5124
1044
1505
1308
1395
3709
1294
8482
1626
1256
1462
9246
1681
2985
1513
1278
2688
5443
1058
3325
1736
1308
1061
1051
1044
1053
1044
1055
1044
1049
1048
1046
1531
6705
1308
1294
9458
1395
1032
1049
1048
1319
1116
1051
1044
1257
1052
1577
4493
1535
4990
1094
1050
1041
1395
22809
7771
1394
2576
9458
1046
1531
16009
1308
9120
1032
1049
1048
1094
1054
1395
7529
1562
1278
4618
4127
10674
1044
1809
1278
7293
2688
5443
3226
1584
3709
1046
1362
2715
3637
7418
1420
11857
1455
6113
1394
9039
1308
1693
4171
1044
1809
4265
1362
4016
2764
2576
7092
9458
1044
1420
1535
4990
1094
1050
1041
5097
1455
11723
2130
1623
22916
1321
29196
16094
6373
2084
2196
1626
1256
1462
1362
7534
5687
1058
1032
1010
3539
1462
16143
1261
25983
19516
2632
1317
2951
1307
26524
1319
1048
7095
4342
3539
1462
2898
1623
1294
4521
4990
3640
6367
1462
2898
1475
1294
4521
6534
1043
1049
1044
1308
3640
8082
1462
6618
1376
2460
1462
1261
3755
1093
1462
1261
13872
2820
8082
1462
3367
6618
1294
15126
1877
14514
1462
2898
1409
1294
15126
1091
1546
32679
30689
18972
1462
3367
1409
3006
1475
1058
1850
1319
1105
1043
1049
1044
1475
1043
1049
1044
1409
1043
1049
1041
1319
1049
7095
1456
3539
1462
12162
8030
1010
1256
1462
2409
1395
1535
4990
1094
1050
1364
1283
1041
2478
1283
1395
2782
1307
26524
1651
2632
1044
1809
1454
5124
4323
1494
2715
1402
7720
1394
2576
9458
1626
1256
1462
9246
1681
2688
68093
1408
1257
1052
1058
1261
18359
1049
1049
1044
1050
1056
1044
1049
1054
1044
1054
1044
1051
1052
1044
1049
1044
1052
1054
1044
1049
1044
1049
1053
1044
1050
3605
2460
1061
1052
1056
1046
1032
1010
3539
1623
1061
1048
1319
1049
1049
4244
1475
1061
1049
1319
1050
1056
1041
4906
6618
1061
1057
1044
1605
1294
4460
1063
1032
1057
1605
2988
1046
1475
1061
1050
1319
1049
1054
1041
4906
6618
1061
1050
1049
1044
1836
1046
1475
1061
1051
1319
1054
1041
4906
6618
1061
1051
1049
1044
1836
1046
1475
1061
1052
1319
1051
1052
1041
4906
6618
1061
1051
1044
1836
1046
1475
1061
1053
1319
1049
1041
4906
6618
1061
1051
1054
1044
1836
1046
1475
1061
1054
1319
1052
1054
1041
4906
6618
28584
1051
1056
1044
1836
1046
1475
1061
1055
1319
1049
1041
4906
6618
1061
1051
1054
1044
1836
1046
1475
1061
1056
1319
1049
1053
1041
4906
6618
1061
1050
1050
1044
1836
1046
1475
1061
1057
1319
1050
1041
4906
6618
1061
1051
1053
1044
1836
1626
3539
1623
1061
1049
1319
1050
1056
4244
1475
1061
1050
1319
1049
1054
1041
4906
6618
1061
1052
1044
1836
1046
1475
1061
1051
1319
1054
1041
4906
6618
1061
1050
1048
1044
1836
1046
1475
1061
1052
1319
1051
1052
1041
4906
6618
28584
1049
1052
1044
1836
1046
6421
1032
1010
3539
1623
1061
1050
1319
1049
1054
4244
1475
1061
1051
1319
1054
1041
4906
6618
1061
1050
1054
1044
1836
1046
1475
1061
1052
1319
1051
1052
1041
4906
6618
28584
1050
1044
1836
1046
1475
1061
1053
1319
1049
1041
4906
6618
1061
1051
1049
1044
1836
1046
1475
1061
1054
1319
1052
1054
1041
4906
6618
28584
1051
1052
1044
1836
1046
1475
1061
1055
1319
1049
1041
4906
6618
1061
1051
1049
1044
1836
1046
1475
1061
1056
1319
1049
1053
1041
4906
6618
1061
1049
1055
1044
1836
1046
1475
1061
1057
1319
1050
1041
4906
6618
1061
1051
1048
1044
1836
1626
3539
1623
1061
1051
1319
1054
4244
1475
1061
1052
1319
1051
1052
1041
4906
6618
1061
1056
1044
1836
1046
1475
1061
1053
1319
1049
1041
4906
6618
1061
1052
1049
1044
1836
1046
1475
1061
1054
1319
1052
1054
1041
4906
6618
28584
1051
1052
1044
1836
1046
1475
1061
1055
1319
1049
1041
4906
6618
1061
1052
1049
1044
1836
1046
1475
1061
1056
1319
1049
1053
1041
4906
6618
1061
1050
1053
1044
1836
1046
1475
1061
1057
1319
1050
1041
4906
6618
1061
1052
1048
1044
1836
1626
3539
1623
1061
1052
1319
1051
1052
4244
1475
1061
1053
1319
1049
1041
4906
6618
1061
1049
1051
1044
1836
1046
1475
1061
1054
1319
1052
1054
1041
4906
6618
28584
1051
1050
1044
1836
1046
1475
1061
1055
1319
1049
1041
4906
6618
1061
1049
1051
1044
1836
1046
1475
1061
1056
1319
1049
1053
1041
4906
6618
28584
1049
1044
1836
1046
1475
1061
1057
1319
1050
1041
4906
6618
1061
1049
1050
1044
1836
1626
3539
1623
1061
1053
1319
1049
4244
1475
1061
1054
1319
1052
1054
1041
4906
6618
1061
1049
1044
6618
1061
1049
12123
1046
15126
1091
1049
1093
1934
26524
1032
1053
1044
1055
1319
1048
7095
1577
1409
3006
1475
1061
1054
1063
1409
1061
1055
3006
1032
1054
14842
1046
4493
1850
1319
1105
1043
1049
1061
1054
1044
1475
1043
1049
1061
1055
1044
1409
1043
1049
1061
1056
1041
4906
1319
1054
1044
1055
1044
1056
1577
79472
1257
1052
11330
1256
1462
1257
1049
1052
1058
1261
18359
1049
1053
1044
1049
1044
1049
1057
1044
1049
1052
1044
1049
3605
2460
1061
1050
1049
1046
1032
1010
3539
1623
1061
1048
1319
1049
1053
4244
1475
1061
1049
1319
1049
1041
4906
6618
1061
1053
1044
1836
1046
1475
1061
1050
1319
1049
1057
1041
4906
6618
28584
1049
1051
1044
1836
1046
1475
1061
1051
1319
1049
1052
1041
4906
6618
28584
1056
1044
1836
1046
1475
1061
1052
1319
1049
1041
4906
6618
1061
1053
1044
1836
1626
3539
1623
1061
1049
1319
1049
4244
1475
1061
1050
1319
1049
1057
1041
4906
6618
1061
1049
1044
6618
1061
1049
12123
1046
15126
1091
1049
1093
1934
26524
1032
1049
1044
1052
1046
1409
3006
1475
1061
1050
1063
1409
1061
1052
3006
1032
1050
14842
1046
1850
1319
1050
1044
1051
1044
1053
1041
4906
1319
1049
1043
1049
1061
1050
1044
1032
1050
1043
1049
1061
1051
1044
1032
1052
1043
1049
1061
1053
1577
79472
1257
1049
1052
11330
1256
1462
1257
1049
1053
1058
1261
18359
1049
1044
1049
1055
1044
1049
1044
1051
1048
1044
1049
1050
1044
1049
1048
3605
2460
1061
1051
1050
1626
3539
1623
1061
1048
1319
1049
4244
1475
1061
1049
1319
1049
1055
1041
4906
6618
1061
1049
1052
1044
1836
1046
1475
1061
1050
1319
1049
1041
4906
6618
1061
1051
1048
1044
6618
1061
1051
1048
12123
1513
4891
1032
1051
1046
1409
3006
1475
1061
1050
1063
1032
1051
3006
1032
1050
14842
1046
1850
1319
1049
1044
1051
1044
1052
1041
4906
1319
1048
1043
1049
1061
1049
1044
1032
1050
1043
1049
1061
1051
1044
1032
1051
1043
1049
1061
1052
1577
79472
1257
1049
1053
11330
1256
1462
1257
1049
1055
1058
1261
18359
1050
1044
1049
1044
1050
1055
1044
1049
1044
1050
1053
3605
2460
1061
1050
1057
1626
3539
1623
1061
1048
1319
1050
4244
1475
1061
1049
1319
1049
1041
4906
6618
1061
1050
1054
1044
1836
1046
1475
1061
1050
1319
1050
1055
1041
4906
6618
1061
1048
1044
1836
1046
1475
1061
1051
1319
1049
1041
4906
6618
1061
1050
1054
1044
1836
1046
1475
1061
1052
1319
1050
1053
1041
4906
6618
28584
1050
1044
1836
1626
3539
1623
1061
1049
1319
1049
4244
1475
1061
1050
1319
1050
1055
1041
4906
6618
1061
1049
1044
6618
1061
1049
12123
1513
26524
1032
1049
1044
1051
1046
1409
3006
1475
1061
1050
1063
1409
1061
1051
3006
1032
1050
14842
1046
1850
1319
1050
1044
1051
1044
1052
1041
4906
1319
1049
1043
1049
1061
1050
1044
1032
1050
1043
1049
1061
1051
1044
1032
1051
1043
1049
1061
1052
1577
79472
1257
1049
1055
11330
1256
1462
1257
1049
1056
1058
1261
18359
1049
1051
1044
1049
1050
1044
1049
1048
1044
1049
1049
1044
1049
1052
1044
1049
1044
1049
1044
1049
1051
3605
2460
1061
1049
1053
1626
3539
1623
1061
1048
1319
1049
1051
4244
1475
1061
1049
1319
1049
1050
1041
4906
6618
28584
1049
1054
1044
1836
1046
1475
1061
1050
1319
1049
1048
1041
4906
6618
28584
1056
1044
1836
1046
1475
1061
1051
1319
1049
1049
1041
4906
6618
28584
1057
1044
1836
1046
1475
1061
1052
1319
1049
1052
1041
4906
6618
28584
1049
1050
1044
1836
1046
1475
1061
1053
1319
1049
1041
4906
6618
1061
1049
1044
6618
1061
1049
12123
1513
26524
1032
1053
1044
1054
1046
1409
3006
1475
1061
1053
1063
1409
1061
1054
3006
1032
1053
14842
1046
1850
1319
1049
1044
1054
1044
1055
1041
4906
1319
1048
1043
1049
1061
1049
1044
1032
1053
1043
1049
1061
1054
1044
1032
1054
1043
1049
1061
1055
1577
79472
1257
1049
1056
11330
1256
1462
1257
1049
1057
1058
1261
18359
1051
1044
1049
1044
1050
1044
1052
1044
1050
1044
1049
1044
1049
3605
2460
1061
1052
1626
3539
1623
1061
1048
1319
1051
4244
1475
1061
1049
1319
1049
1041
4906
6618
1061
1048
1044
1836
1046
1475
1061
1050
1319
1050
1041
4906
6618
28584
1049
1044
1836
1046
1475
1061
1051
1319
1052
1041
4906
6618
28584
1051
1044
1836
1046
1475
1061
1052
1319
1050
1041
4906
6618
28584
1049
1044
1836
1046
1475
1061
1053
1319
1049
1041
4906
6618
1061
1048
1044
1836
1046
1475
1061
1054
1319
1049
1041
4906
6618
1061
1048
1044
1836
1626
3539
1623
1061
1049
1319
1049
4244
1475
1061
1050
1319
1050
1041
4906
6618
1061
1049
1044
6618
1061
1049
12123
1513
26524
1032
1049
1044
1053
1044
1054
1046
1409
3006
1475
1061
1050
1063
1409
1061
1053
3006
1032
1050
14842
1046
1850
1319
1050
1044
1051
1044
1054
1041
4906
1319
1049
1043
1049
1061
1050
1044
1032
1050
1043
1049
1061
1051
1044
1032
1053
1043
1049
1061
1054
1577
79472
1257
1049
1057
11330
1256
1462
1257
1051
1058
1261
18359
1055
1051
1055
1054
1054
1044
1052
1055
1055
1049
1056
1044
1055
1052
1049
1052
1056
1044
1052
1057
1050
1049
1056
1044
1055
1054
1055
1050
1049
1044
1051
1049
1057
1048
1050
1044
1050
1049
1057
1057
1052
1044
1049
1056
1056
1056
1048
1044
1050
1057
1053
1057
1056
1044
1057
1056
1057
1049
1055
3605
2460
1061
1049
1048
1048
1048
1048
1048
1046
77859
1319
1052
1044
1054
1044
1056
1577
9246
1681
3219
1058
1032
1049
7095
1032
1052
1941
1097
1091
1051
18652
1052
1057
1050
1049
1056
1044
1032
1054
1941
1097
1091
1053
18652
1051
1049
1057
1048
1050
1044
1032
1056
1941
1097
1091
1055
18652
1049
1056
1056
1056
1048
1046
10852
1061
1052
1057
1050
1049
1056
1043
1051
1049
1057
1048
1050
1043
1049
1056
1056
1056
1048
1061
1049
1048
1048
1048
1048
1048
1046
13830
1626
3539
4890
11857
1058
1623
1061
1051
1319
1052
1057
1050
1049
1056
1574
1475
1061
1053
1319
1051
1049
1057
1048
1050
1041
4906
6618
1061
1049
1048
1048
1048
1048
1048
1045
1052
1057
1050
1049
1056
1045
1051
1049
1057
1048
1050
1061
1049
1056
1056
1056
1048
1046
6618
1061
1049
1056
1056
1056
1048
12123
1513
4891
1032
1055
1046
1409
3006
1475
1061
1053
1063
1032
1055
3006
1032
1053
14842
1046
1850
1319
1052
1044
1054
1044
1056
1577
79472
11330
1256
1462
1257
1049
1058
1261
18359
1049
1044
1056
1044
1053
1044
1049
1048
1044
1049
1051
3605
2460
1061
1049
1054
1046
1623
1061
1048
1319
1049
1574
1475
1061
1050
1319
1053
1041
4906
6618
1061
1049
1048
1044
12123
1513
4891
1032
1051
1046
1409
3006
1475
1061
1050
1063
1032
1051
3006
1032
1050
14842
1046
1850
1319
1049
1044
1051
1044
1052
1577
79472
1626
1256
1462
1257
1050
1058
2879
1044
2460
1061
1050
1048
1046
27912
1850
8030
1046
9246
1681
4206
1058
1623
1061
1048
1319
1049
1574
1475
1061
1049
1319
1056
1041
4906
6618
1061
1049
1049
1044
1836
1046
1475
1061
1050
1319
1053
1041
4906
6618
1061
1049
1052
1044
1836
1046
1475
1061
1051
1319
1049
1048
1041
4906
6618
1061
1057
1044
1836
1046
1475
1061
1052
1319
1049
1051
1041
4906
6618
1061
1054
1044
1836
1046
1623
1061
1049
1319
1056
1574
1475
1061
1050
1319
1053
1041
4906
6618
1061
1055
1044
1836
1046
1475
1061
1051
1319
1049
1048
1041
4906
6618
1061
1050
1044
1836
1046
1475
1061
1052
1319
1049
1051
1041
4906
6618
28584
1049
1044
1836
1046
1623
1061
1050
1319
1053
1574
1475
1061
1051
1319
1049
1048
1041
4906
6618
1061
1053
1044
6618
1061
1053
1513
4891
1032
1050
1044
1809
1409
3006
1475
1061
1051
1063
4891
1032
1050
1395
1605
3006
1032
1051
1046
4493
1836
1046
1623
1061
1050
1319
1053
1574
1475
1061
1052
1319
1049
1051
1041
4906
6618
1061
1050
1044
1836
1046
1623
1061
1051
1319
1049
1048
1574
1475
1061
1052
1319
1049
1051
1041
4906
6618
28584
1051
1044
1836
1046
20527
8030
1046
79472
1626
1256
1462
1257
1053
1058
1308
1061
1051
1044
2460
1061
1053
1044
1261
18359
1049
1044
1050
1044
1051
1093
4906
1032
1049
1043
1050
1043
1051
1061
1054
21548
1053
1044
8030
1046
4890
17120
1058
1623
1061
1048
1319
1049
1574
1475
1061
1049
1319
1050
1041
4906
6618
1061
1050
1044
12123
1513
4891
1032
1050
1063
1261
1091
1050
18652
1051
1044
1605
1032
1050
1046
32844
1261
18359
1049
1044
1050
1044
1051
3605
15126
1058
1032
1049
29077
1048
3605
1032
1050
29077
1049
3605
1032
1051
29077
1050
3077
1623
1061
1048
1319
1049
1574
1475
1061
1049
1319
1050
1041
4906
6618
1061
1050
1044
15126
1091
1050
1093
1934
1766
1049
3605
1409
3006
1475
1061
1049
1063
1032
1049
3006
1032
1049
3276
1046
1623
1061
1048
1044
1475
1061
1050
1319
1051
1041
4906
6618
1061
1049
1044
15126
1091
1049
1093
1934
1766
1048
3605
1409
3006
1032
1050
1063
1032
1048
3006
1032
1050
3276
1046
1623
1061
1049
1319
1050
1574
1475
1061
1050
1319
1051
1041
4906
6618
1061
1048
1044
1836
1046
20527
8030
1046
79472
1626
1256
1462
1257
1054
1058
1308
1061
1053
1044
2460
1061
1049
1050
1044
1261
18359
1049
1049
1044
1049
1049
1044
1049
1048
1044
1049
1050
1044
1049
1049
1093
4906
8030
1046
5101
4556
1032
1049
1048
1043
1049
1049
1043
1049
1049
1061
1051
1050
1062
1049
1050
1046
4890
17120
2084
4206
17684
1044
6618
2084
1402
8289
1505
1605
2959
1046
20527
8030
1626
1256
1462
1257
1055
1058
1308
1061
1055
1044
2460
1061
1052
1044
1261
18359
1050
1044
1051
1044
1052
1044
1050
1044
1050
1044
1050
1044
1052
1093
4906
8030
1046
5101
4556
1032
1050
1043
1050
1043
1050
1061
1054
1062
1052
1046
20527
8030
1626
1256
1462
1257
1056
1058
1308
1061
1051
1044
2460
1061
1054
1044
1261
18359
1050
1044
1050
1044
1050
1093
4906
1319
1049
1044
1050
1044
1051
1577
1623
1061
1048
1319
1050
1574
1475
1061
1049
1319
1050
1041
4906
6618
1061
1050
1044
15126
1091
1050
1093
1934
1766
1048
1044
1049
1044
1050
3077
1409
3006
1475
1061
1049
1063
1409
1061
1050
3006
1032
1049
14842
1046
1850
1319
1049
1044
1050
1044
1051
1577
79472
1626
1256
1462
1257
1057
1058
1308
1061
1055
1044
2460
1061
1054
1044
1261
18359
1049
1044
1050
1044
1051
1044
1052
1044
1052
1044
1052
1044
1052
1093
4906
1319
1049
1044
1050
1044
1051
1577
1623
1061
1048
1319
1049
1574
1475
1061
1049
1319
1050
1041
4906
6618
1061
1051
1044
15126
1091
1051
1093
1934
1766
1050
3077
1409
3006
1475
1061
1049
1063
1032
1050
3006
1032
1049
14842
1046
1850
1319
1049
1044
1050
1044
1051
1577
79472
1626
1256
1462
1257
1049
1048
1058
1308
1061
1053
1044
2460
1061
1050
1044
1261
18359
1050
1044
1050
1044
1050
1044
1050
1044
1050
1093
4906
8030
1046
6618
2084
1402
8289
1505
1605
2959
1319
31346
2365
4556
1032
1054
1062
1050
1577
20527
8030
1626
1256
1462
1257
1049
1049
1058
1308
1061
1054
1044
2460
1061
1051
1044
1261
18359
1049
1044
1049
1044
1049
1044
1049
1044
1049
1044
1049
1093
4906
1319
1049
1044
1050
1044
1051
1577
1623
1061
1048
1319
1049
1574
1475
1061
1049
1319
1049
1041
4906
6618
1061
1049
1044
15126
1091
1049
1093
1934
1766
1048
1044
1049
1044
1050
1044
1051
1044
1052
1044
1053
3077
1409
3006
1475
1061
1049
1063
1409
1061
1050
3006
1032
1049
14842
1046
1850
1319
1049
1044
1050
1044
1051
1577
79472
1626
1256
1462
1257
1049
1050
1058
1308
1061
1049
1048
1044
2460
1061
1050
1049
1044
1261
18359
1050
1049
1044
1049
1057
1044
1050
1048
1044
1049
1057
1044
1050
1048
1044
1050
1049
1044
1049
1057
1044
1050
1049
1044
1049
1057
1044
1049
1057
1093
4906
8030
1046
9246
1681
12319
1494
6113
1626
1256
1462
1257
1049
1051
1058
1308
1061
1051
1044
2460
1061
1049
1051
1044
1261
18359
1049
1050
1044
1049
1049
1044
1049
1050
1093
4906
8030
1046
1032
1049
1050
1043
1049
1049
1043
1049
1050
1061
1051
1053
1046
20527
8030
1626
1256
1462
1257
1050
1048
1058
1308
1061
1055
1044
2460
1061
1049
1054
1044
1261
18359
1049
1053
1044
1049
1054
1044
1049
1054
1044
1049
1053
1044
1049
1054
1044
1049
1052
1044
1049
1053
1093
4906
8030
1046
4890
17120
2715
1850
8030
1338
1256
1531
6165
1535
4990
1094
1050
1041
1454
16094
6373
1307
2632
1941
6059
1307
26524
6113
22809
1394
1747
2688
5443
1046
9748
1308
1294
9458
1395
3709
1044
1494
1681
7771
1046
1362
7534
5687
1494
21966
1338
1256
5661
12705
1058
1531
25983
23099
2632
1317
2951
1307
26524
1046
1362
2534
1317
11811
1455
2200
1362
2985
2015
2000
1546
32679
7273
1362
4206
26524
3006
1475
1046
9748
1278
20100
4139
1605
1402
25585
1063
1362
7534
8141
26524
1294
8035
3542
1435
1362
55645
1044
1505
2586
5186
2424
5785
1046
49032
1044
1362
1710
2586
4317
1278
15126
1536
125189
5785
1044
2118
5420
26524
1046
4159
2084
1402
1294
8035
3542
27809
1693
1362
55645
1623
1562
1032
1048
1317
1308
1045
1049
1338
1256
68051
1877
1256
1462
16143
2000
2161
1376
19361
10632
1256
1462
2898
25294
1044
1916
1294
42478
8897
4244
2022
3187
7942
30940
1044
14573
1577
15974
70261
1456
1256
1462
2898
1623
1294
4521
4990
3640
3539
1462
2898
1475
1294
4521
6534
1043
1049
1044
1308
3640
6367
1462
6618
1376
2460
1462
1261
3755
1093
1462
1261
13872
2820
6367
1462
3367
6618
1294
2022
1877
8082
1462
2898
1409
1294
2022
1091
1546
32679
30689
14514
1462
3367
1409
3006
1475
1877
18972
1462
12162
1319
1105
1043
1049
1044
1475
1043
1049
1044
1409
1043
1049
1456
1256
1462
12162
8030
1267
1256
32844
1044
1395
2156
2258
2937
2478
2000
1546
32679
1096
33197
2000
1097
3755
39261
1505
2000
1097
13872
39261
1321
1278
26524
2951
6987
1623
1505
1475
1063
9748
1409
4016
1402
3006
1475
1044
1321
1623
1534
1475
1044
1409
2084
4772
1402
1623
1505
1475
1693
1409
3006
1475
1046
3626
1278
2951
4139
4231
1623
1505
1475
1046
1531
4206
2000
1107
3006
1475
1096
48310
1409
1395
2453
1475
1044
1878
1494
1681
7771
1046
3886
1044
1693
2000
1546
32679
1096
1395
2516
1455
1278
2342
71320
1584
1513
26524
9120
1475
1044
1494
17047
3044
5607
1338
1256
69474
6769
1058
5675
1693
2000
1546
32679
1096
1395
1278
2879
1435
2000
1097
3755
39261
1505
2000
1097
13872
1093
7273
1321
2156
1584
6245
71320
1063
1531
2000
1107
3006
1475
1096
4206
39184
1494
17047
3147
1729
2534
11074
26524
1454
1623
1534
1475
1534
1409
1338
1256
9246
1681
5558
40172
1257
1049
1053
1058
1261
18359
1049
1044
1049
1055
1044
1049
1044
1051
1048
1044
1049
1050
1044
1049
1048
3605
2460
1061
1051
1050
1046
15126
1058
1032
1049
29077
1048
1044
1050
3605
1032
1049
1055
29077
1049
3605
1032
1051
1048
29077
1051
3605
1032
1049
1050
29077
1052
3605
1032
1049
1048
29077
1053
3077
1623
1061
1048
1319
1049
1574
1475
1061
1049
1319
1049
1055
1041
4906
6618
1061
1049
1052
1044
1605
1294
15126
1046
1475
1061
1050
1319
1049
1041
4906
6618
1061
1051
1048
1044
1294
15126
1513
1766
1051
3077
1409
1061
1051
3006
1475
1061
1050
14842
1046
1850
1319
1049
1044
1051
1044
1052
1577
87482
1046
13708
1455
6618
1061
1051
1048
1395
1605
9196
1317
1261
3755
1093
1505
1261
13872
3605
1809
1693
1494
1722
1044
4150
6618
1061
1049
1044
1321
1475
1061
1050
1044
1409
2168
2534
1317
1402
3006
1050
1044
1878
1409
1061
2880
26524
1307
1032
1049
1584
1766
1048
1044
1050
3077
1409
3006
1032
1050
2168
1402
11518
1046
4493
1494
17047
77353
2505
1278
2879
1505
9781
4891
1338
1256
5661
10314
2937
1058
5675
1693
2000
1546
32679
1096
1395
2959
1513
1420
4891
1455
1395
10693
1623
1505
1475
1063
9748
1409
3006
1475
3006
1623
1044
1494
1681
7771
1338
1256
32456
1532
1058
1535
4990
1094
1050
1041
25256
61410
1044
1809
1454
5124
4323
1494
1681
7720
1046
2898
1308
2015
1317
1032
1049
1048
1094
1054
1494
2168
1402
4382
8455
1044
1809
1278
9458
1736
1308
9120
1032
1049
1048
1046
1362
7534
15100
1454
1593
1338
1256
32844
1044
2481
2156
1402
1261
2937
2478
1278
2158
5746
1319
1105
22916
1041
10217
2959
6354
2405
9470
1278
6878
4848
3147
1278
11857
11723
2130
1623
1562
1032
1048
74606
1044
1321
1475
1562
1623
1043
1049
74606
1063
9246
1681
21294
1278
3542
1307
35191
14175
1278
6878
25675
1046
1531
6878
25675
6274
1317
1402
1278
1429
11517
1034
5746
30532
1294
2269
3542
1046
9246
1681
4206
1693
2156
1681
2258
2937
2478
6245
3104
3684
4335
1321
1278
6878
1925
1395
1605
1278
2158
1623
22916
10217
1338
1256
1257
1052
1058
1729
2959
1319
1054
1044
1055
1044
1056
1041
1435
2158
1063
1623
1061
1053
1319
3386
1032
1049
1574
1475
1061
1054
1319
3386
1032
1052
1054
1041
4906
6618
1061
1049
1044
1409
1061
1055
1046
1623
1061
1053
1395
1278
1032
1054
1411
3584
1319
1049
7095
1577
25298
2156
1402
1261
30532
1454
10752
1623
1063
1623
1061
1048
1319
1049
1049
4244
1729
17155
1747
1475
1044
11518
9378
1046
1623
1061
1049
1319
1050
1056
4244
11518
1046
1623
1061
1050
1319
1049
1054
4244
11518
1046
1623
1061
1051
1319
1054
4244
11518
1046
1623
1061
1052
1319
1051
1052
4244
11518
1046
1623
1061
1053
1319
1049
4244
1475
1061
1054
1319
1052
1054
1041
6113
1046
4493
1319
1054
1044
1055
1044
1056
1041
1395
1278
2158
1623
1046
79472
1626
1256
1257
1049
1052
1058
1623
1061
1048
1319
1049
1053
4244
11518
1046
1623
1061
1049
1319
1049
4244
1475
1061
1050
1319
1049
1057
1041
6113
4906
1319
1050
1044
1051
1044
1053
1577
7610
1623
1061
1049
1046
79472
1626
1256
1257
1049
1053
1058
1623
1061
1048
1319
1049
4244
1475
1061
1049
1319
1049
1055
1041
1836
1044
1475
1061
1050
1319
1049
1041
6618
1061
1051
1048
6113
4906
1319
1049
1044
1051
1044
1052
1577
7610
1623
1061
1048
1046
79472
1626
1256
1257
1049
1055
1058
1623
1061
1048
1319
1050
4244
11518
1046
1623
1061
1049
1319
1049
4244
1475
1061
1050
1319
1050
1055
1041
6618
1061
1049
6113
4906
1319
1050
1044
1051
1044
1052
1577
7610
1623
1061
1049
1046
79472
1626
1256
1257
1049
1056
1058
1623
1061
1048
1319
1049
1051
4244
11518
1046
1623
1061
1049
1319
1049
1050
4244
11518
1046
1623
1061
1050
1319
1049
1048
4244
11518
1046
1623
1061
1051
1319
1049
1049
4244
11518
1046
1623
1061
1052
1319
1049
1052
4244
11518
1046
1623
1061
1053
1319
1049
4244
1475
1061
1054
1319
1049
1041
6618
1061
1049
1051
1063
32844
1257
1049
1056
1058
1261
18359
1049
1051
1044
1049
1050
1044
1049
1048
1044
1049
1049
1044
1049
1052
1044
1049
1044
1049
1044
1049
1051
3605
2460
1061
1049
1053
1046
1623
1061
1053
1319
1049
7095
1032
1054
1041
2632
1032
1049
1044
1475
1061
1054
1319
1049
7095
1032
1055
1041
2632
1032
1049
1044
6618
1061
1049
1051
1046
15126
1091
1049
1051
1093
1934
26524
1766
1048
1044
1055
3077
1409
3006
1475
1061
1054
1063
1409
1061
1055
3006
1032
1054
14842
1046
4493
1623
1061
1053
1044
1475
1061
1054
1044
1409
1061
1055
4906
1319
1054
1044
1055
1044
1056
36036
3626
6878
1395
1319
1049
1044
1054
1044
1055
1577
32844
1033
77859
1257
1049
1056
1395
1319
1049
1044
1054
1044
1055
1577
9246
1681
1344
11568
14176
1257
1049
1056
1058
1308
1061
1056
1044
2460
1061
1049
1053
1044
1261
18359
1049
1051
1044
1049
1050
1044
1049
1048
1044
1049
1049
1044
1049
1052
1044
1049
1044
1049
1044
1049
1051
3077
77859
1319
1049
1044
1054
1044
1055
1577
1032
1049
7095
1058
1623
1061
1049
4906
1261
1091
1048
18652
1049
1051
1044
1475
1061
1054
4906
1261
1091
1053
18652
1049
1044
1409
1061
1055
4906
1261
1091
1054
18652
1049
1046
10852
1061
1049
1051
1043
1049
1043
1049
1061
1049
1053
1046
4890
11857
1058
1623
1061
1048
1319
1049
1051
1574
1475
1061
1053
1319
1049
1041
4906
6618
1061
1049
1046
15126
1091
1049
1093
1934
26524
1766
1053
1044
1054
3077
1409
3006
1475
1061
1053
1063
1409
1061
1054
3006
1032
1053
14842
1046
4493
1623
1061
1048
1044
1475
1061
1053
1044
1409
1061
1054
4906
1319
1049
1044
1054
1044
1055
1577
5646
14175
1033
4890
9781
12957
19087
2639
1623
1061
1053
1044
1809
1362
24652
1623
16896
1513
1032
1048
1046
1623
1061
1048
1319
1049
1051
1574
1475
1061
1053
1319
3265
2158
1032
1049
1513
1032
1049
7095
1032
1054
1577
9246
1681
4206
1058
1623
1061
1048
1044
1475
35341
1562
1032
1049
1317
1032
1055
1046
1475
1061
1049
1058
1049
1050
1044
1475
1061
1050
1058
1049
1048
1044
1475
1061
1051
1058
1049
1049
1044
1475
1061
1052
1058
1049
1052
1044
1475
1061
1053
1058
1049
1046
6618
1061
1049
1053
1045
1049
1051
1045
1049
1061
1049
1046
15126
1091
1049
1093
1934
1766
1053
1044
1054
3077
1409
1061
1053
3006
1475
1061
1053
1063
3501
1044
1032
1053
3006
1032
1053
1395
3276
1046
4493
1494
19877
1317
1409
1061
1054
3006
1032
1053
14842
1046
20527
1319
1049
1044
1054
1044
1055
1577
58843
1046
4493
1278
11857
23880
1494
1513
1623
1061
1048
1044
1475
1061
1053
1338
1256
1257
1049
1057
1058
1261
18359
1051
1044
1049
1044
1050
1044
1052
1044
1050
1044
1049
1044
1049
3605
2460
1061
1052
1046
77859
1319
1050
1044
1051
1044
1054
1577
4890
17120
1058
1623
1061
1048
1319
1051
4244
1475
1061
1049
1319
1049
1041
6618
1061
1048
1836
1046
1475
1061
1050
1319
1050
1041
6618
28584
1049
1836
1046
1475
1061
1051
1319
1052
1041
6618
28584
1051
1836
1046
1475
1061
1052
1319
1050
1041
6618
28584
1049
1836
1046
1475
1061
1053
1319
1049
1041
6618
1061
1048
1836
1046
1475
1061
1054
1319
1049
1041
6618
1061
1048
1836
1046
1623
1061
1049
1319
1049
4244
1475
1061
1050
1319
1050
1041
6618
1061
1049
1046
15126
1091
1049
1093
1934
1766
1049
1044
1053
1044
1054
3077
1409
3006
1475
1061
1050
1063
1409
1061
1053
3006
1032
1050
14842
1046
20527
1319
1050
1044
1051
1044
1054
1577
79472
1338
1256
37934
7444
12714
1338
1256
5661
5289
19098
14490
1058
5675
1693
2000
1546
32679
1096
1395
1294
2000
2161
7273
1809
1747
2246
26524
1584
9120
1475
1063
1531
9165
2000
2975
1409
1294
2022
1091
1546
32679
15558
1693
1409
3006
1475
1058
1850
6421
1096
2084
2586
14776
1278
9165
1321
8214
1046
5646
1681
7771
1338
1256
5675
2314
28767
4213
2478
1278
30532
8942
1278
2879
2632
6245
5213
1063
1531
11857
39184
1494
3147
26524
1584
11074
1321
15823
1338
1256
9246
1681
3369
1693
2156
1681
2258
2688
2937
2478
1278
11857
4139
8427
1261
2801
30532
2224
6878
3147
1307
35191
3542
1046
1531
9458
6274
9543
2516
1455
1278
1429
11517
1034
1623
1319
21617
1372
1623
1041
1454
2269
1475
6113
1044
1505
13162
1278
6878
4848
1395
2586
1925
5746
30532
1044
1321
1278
9458
4206
35602
1046
9748
1278
4127
8223
1429
8697
1925
30532
1307
26524
1897
2258
5746
30532
2715
1402
14571
1044
1809
1278
9458
1736
4811
6878
25675
1046
2813
2730
1435
2036
11857
22444
10693
3385
25675
1044
1494
1681
7771
1046
8956
1278
20152
29196
1044
1494
14175
1747
1338
1256
1362
7534
5687
1278
2254
3246
1338
1256
5661
27636
1047
52811
1058
1362
1710
4317
1278
3980
15126
1044
2430
55645
1623
1562
1032
1048
1317
1308
1045
1051
1044
1475
1562
1623
1043
1049
1317
1308
1045
1049
1046
3870
10035
58841
29196
1044
1362
1710
4323
5124
1338
1256
13968
5194
1877
1256
44642
29896
1010
1256
1562
38227
2671
5247
1044
30755
1044
81409
1010
1293
1010
1256
2121
3081
2480
1444
1841
37249
4990
1058
1935
1044
2460
1058
1935
1044
1261
1058
5247
59939
8623
4906
30755
1091
74988
59939
1044
1935
1044
1935
20162
1877
3539
2022
1376
18554
3539
1394
25294
1044
1916
1294
42478
8897
3640
6367
1693
1916
1605
1294
2022
1877
8082
2022
1091
1977
1093
1376
13207
6367
2022
1091
1977
3077
15974
70261
1456
1369
1010
3539
1394
1623
1294
4521
4990
3640
6367
1394
1475
1294
4521
6534
1043
1049
1044
1308
3640
8082
6618
1376
2460
1462
1261
3755
1093
1462
1261
13872
2820
8082
1693
6618
1294
2022
1877
14514
1394
1409
1294
2022
1091
1546
32679
30689
18972
1693
1409
3006
1475
1877
22074
1850
1319
1105
1043
1049
1044
1475
1043
1049
1044
1409
1043
1049
1456
3539
1850
8030
1010
1256
47229
1256
9246
1681
2688
1454
1278
5662
11277
1294
2036
3518
1044
1494
6113
1338
1256
32844
1044
1395
2156
2258
2937
2478
2000
1546
32679
1096
1395
21564
1044
1321
2000
1107
1096
1562
2000
2161
1091
1546
32679
39261
2481
1402
2000
1105
1096
1505
2000
1106
69524
9748
2000
1107
3006
1475
1096
1321
2000
1106
3006
1623
7273
2000
1107
1096
6560
1402
2000
1105
1096
1505
2000
1106
9816
3626
2549
1693
2000
1546
32679
1096
33197
2000
1097
3755
39261
1321
2000
2161
1091
1546
32679
39261
6987
2000
1105
69524
1531
4206
2000
1107
3006
1475
1096
48310
2000
1107
1096
1395
36993
7607
2224
2000
1106
7273
1878
2000
1105
1096
1395
5282
4289
2224
2000
1106
7273
1878
2000
1107
3006
1475
3006
1623
7273
1878
2000
1107
1096
3942
2000
1105
9816
40932
1338
1256
5675
1693
2000
1546
32679
1096
33197
2000
1097
13872
39261
1321
2000
2161
1091
1546
32679
39261
6987
2000
1106
69524
19660
2000
1107
3006
1475
1096
114952
2000
1106
14708
1256
5675
1693
2156
1584
6245
2000
1107
61023
1044
1321
1278
2158
1925
1294
2000
2161
1091
1546
32679
39261
1395
9120
1475
1044
1809
1261
4025
1925
1395
3006
1475
1063
1531
9165
29196
1747
1044
1878
1494
2084
3081
1278
2158
2000
1107
3006
1475
9816
5646
1681
7771
1338
1256
5661
43938
2937
1058
5675
1693
2000
1546
32679
1096
1395
2516
1455
1278
2342
5746
2000
1107
1096
1395
2453
2269
2147
4891
1044
1809
1278
11857
65438
1261
2801
2000
1105
22916
1096
10217
2158
1063
2813
1729
7455
1044
1494
65438
1278
36111
2000
1105
7273
2430
36111
2000
1106
1096
1394
1455
2000
1105
9816
1531
9458
6274
1317
4209
1455
1338
1256
1362
3648
1593
11708
1395
6298
1321
2084
2764
1747
1032
1050
1048
9458
1338
1256
9246
1639
2586
1344
1045
37513
1257
1051
1058
1261
18359
1055
1051
1055
1054
1054
1044
1052
1055
1055
1049
1056
1044
1055
1052
1049
1052
1056
1044
1052
1057
1050
1049
1056
1044
1055
1054
1055
1050
1049
1044
1051
1049
1057
1048
1050
1044
1050
1049
1057
1057
1052
1044
1049
1056
1056
1056
1048
1044
1050
1057
1053
1057
1056
1044
1057
1056
1057
1049
1055
3605
2460
1061
1049
1048
1048
1048
1048
1048
1046
77859
1319
1052
1044
1054
1044
1056
1577
1032
1010
1256
2022
7654
1058
26524
1032
1048
1791
1057
1046
1032
1010
1256
1623
1061
1048
1319
1055
1051
1055
1054
1054
4244
1475
1061
1049
1319
1052
1055
1055
1049
1056
1041
6618
1061
1049
1048
1048
1048
1048
1048
1045
1055
1051
1055
1054
1054
1045
1052
1055
1055
1049
1056
28584
1049
1052
1056
1052
1044
1836
1046
6421
12864
1623
1061
1051
1319
1052
1057
1050
1049
1056
4244
1475
1061
1053
1319
1051
1049
1057
1048
1050
1041
6618
1061
1049
1048
1048
1048
1048
1048
1045
1052
1057
1050
1049
1056
1045
1051
1049
1057
1048
1050
1061
1049
1056
1056
1056
1048
1046
2022
1091
1049
1056
1056
1056
1048
1093
1934
4891
1032
1055
1046
1409
1061
1055
3006
1475
1061
1053
14842
1046
1850
1319
1052
1044
1054
1044
1056
1577
79472
1338
1256
1257
1049
1050
1058
1261
18359
1050
1049
1044
1049
1057
1044
1050
1048
1044
1049
1057
1044
1050
1048
1044
1050
1049
1044
1049
1057
1044
1050
1049
1044
1049
1057
1044
1049
1057
3605
2460
1061
1050
1049
1046
1308
1061
1049
1048
1046
1032
1010
1256
2022
1058
1032
1050
1049
29077
1048
1044
1053
1044
1055
3605
1032
1049
1057
29077
1049
1044
1051
1044
1056
1044
1057
3605
1032
1050
1048
29077
1050
1044
1052
57277
1256
1623
1061
1048
1319
1050
1049
4244
1475
1061
1049
1319
1049
1057
1041
6618
1061
1050
1049
1045
1050
1049
1045
1049
1057
28584
1049
1057
1836
1046
1475
1061
1050
1319
1050
1048
1041
6618
28584
1050
1048
1836
1046
1475
1061
1051
1319
1049
1057
1041
1836
1046
1475
1061
1052
1319
1050
1048
1041
1836
1046
1475
1061
1053
1319
1050
1049
1041
6618
28584
1050
1049
1836
1046
1475
1061
1054
1319
1049
1057
1041
1836
1046
1475
1061
1055
1319
1050
1049
1041
1836
1046
1475
1061
1056
1319
1049
1057
1041
1836
1046
1475
1061
1057
1319
1049
1057
1041
1836
1626
1256
1623
1061
1049
1319
1049
1057
4244
1475
1061
1050
1319
1050
1048
1041
6618
28584
1049
1056
1836
1046
1475
1061
1051
1319
1049
1057
1041
6618
28584
1049
1055
1836
1046
1475
1061
1052
1319
1050
1048
1041
1836
1046
1475
1061
1053
1319
1050
1049
1041
1836
1046
1475
1061
1054
1319
1049
1057
1041
1836
1046
1475
1061
1055
1319
1050
1049
1041
1836
1046
1475
1061
1056
1319
1049
1057
1041
1836
1046
1475
1061
1057
1319
1049
1057
1041
1836
1626
1256
1623
1061
1050
1319
1050
1048
4244
1475
1061
1051
1319
1049
1057
1041
6618
28584
1049
1056
1836
1046
6421
1747
6618
2084
1402
8289
1505
1605
20490
3147
2365
4556
1307
3300
1395
1032
1049
1057
1043
1049
1057
1043
1049
1057
1061
1053
1055
1062
1050
1049
1063
49032
1032
1049
1057
1043
1049
1057
1043
1063
1061
1050
1049
16501
1046
4493
10721
8030
1046
79472
1338
1256
1257
1054
1058
1261
18359
1049
1049
1044
1049
1049
1044
1049
1048
1044
1049
1050
1044
1049
1049
3605
2460
1061
1049
1050
1046
2022
1058
1032
1049
1049
29077
1048
1044
1049
1044
1052
3605
1032
1049
1048
29077
1050
3605
1032
1049
1050
29077
1051
57277
1256
1623
1061
1048
1319
1049
1049
4244
1475
1061
1049
1319
1049
1049
1041
6618
28584
1049
1048
1836
1046
1475
1061
1050
1319
1049
1048
1041
6618
28584
1057
1836
1046
1475
1061
1051
1319
1049
1050
1041
6618
28584
1049
1049
1836
1046
1475
1061
1052
1319
1049
1049
1041
1836
1626
1256
1623
1061
1049
1319
1049
1049
4244
1475
1061
1050
1319
1049
1048
1041
1836
1046
1475
1061
1051
1319
1049
1050
1041
1836
1046
1475
1061
1052
1319
1049
1049
1041
1836
1626
1256
1623
1061
1050
1319
1049
1048
4244
1475
1061
1051
1319
1049
1050
1041
1836
1046
1475
1061
1052
1319
1049
1049
1041
1836
1626
1256
1623
1061
1051
1319
1049
1050
4244
1475
1061
1052
1319
1049
1049
1041
1836
1626
1256
20527
8030
1046
79472
1338
1256
1257
1055
1058
1261
18359
1050
1044
1051
1044
1052
1044
1050
1044
1050
1044
1050
1044
1052
3605
2460
1061
1052
1046
2022
1058
1032
1050
29077
1048
1044
1051
1044
1052
1044
1053
3605
1032
1051
29077
1049
3605
1032
1052
29077
1050
1044
1054
57277
1256
1623
1061
1048
1319
1050
4244
1475
1061
1049
1319
1051
1041
6618
28584
1049
1836
1046
1475
1061
1050
1319
1052
1041
1836
1046
1475
1061
1051
1319
1050
1041
1836
1046
1475
1061
1052
1319
1050
1041
1836
1046
1475
1061
1053
1319
1050
1041
1836
1046
1475
1061
1054
1319
1052
1041
1836
1626
1256
1623
1061
1049
1319
1051
4244
1475
1061
1050
1319
1052
1041
1836
1046
1475
1061
1051
1319
1050
1041
1836
1046
6421
1032
1010
1256
1623
1061
1050
1319
1052
4244
1475
1061
1051
1319
1050
1041
1836
1046
20213
1256
20527
8030
1046
79472
1338
1256
1257
1049
1048
1058
1261
18359
1050
1044
1050
1044
1050
1044
1050
1044
1050
3605
2460
1061
1050
1046
2022
1058
1032
1050
29077
1048
1044
1049
1044
1050
1044
1051
1044
1052
57277
1256
1623
1061
1048
1319
1050
4244
1475
1061
1049
1319
1050
1041
6618
28584
1050
1836
1046
1475
1061
1050
1836
1046
1475
1061
1051
1836
1046
1475
1061
1052
1836
1626
1256
6421
1747
6618
8289
1046
20527
8030
1046
79472
1338
1256
3797
3683
1338
1256
1362
7534
3246
9470
1278
2778
3475
4950
1046
13
1010
1975
29896
1010
5011
38227
2671
5247
1044
30755
1044
81409
4688
3149
3081
2480
1444
1841
37249
4990
1058
1935
1044
2460
1058
1935
1044
1261
1058
5247
59939
8623
4906
30755
1091
74988
59939
1044
1935
1044
1935
20162
1877
1293
19639
36296
1420
15748
7980
1349
1321
1420
15748
2628
1044
3081
1925
30532
1307
26524
1319
1105
1044
1475
1044
1409
1456
1293
2516
1455
1877
1293
1462
1032
1049
9120
1623
1534
1475
1534
1409
9120
1308
1010
1293
1462
1349
3755
1045
1049
1093
1867
1349
13872
1045
1049
1093
1867
1349
24321
1045
1049
1093
1376
2460
1010
1260
1010
1293
13708
1058
1531
26524
8583
1584
1032
1049
7095
1319
20957
1302
1278
4127
10674
4342
1260
1010
1293
64664
1877
1369
1308
1058
1531
5592
1307
1278
7980
1319
1051
9120
1308
9120
1032
1049
1048
1094
1054
1456
1369
2460
1058
1531
3579
4556
1319
1049
9120
2460
9120
1032
1049
1048
1094
1054
1456
1369
1261
1058
1531
15748
7980
2478
2744
3584
51766
1032
1049
9120
1261
3755
1093
9120
2460
1010
1260
1010
1293
20527
1877
1369
1349
43109
1319
1105
1044
1475
1044
1409
1041
1307
1032
1049
7095
26524
1693
2516
1261
30532
12123
1044
8030
12233
1626
1293
13118
1293
2569
16143
1261
6373
1562
2632
1317
2951
1307
2246
26524
1319
1048
7095
1044
1294
8035
3542
1456
1293
2022
1376
18554
1293
1394
25294
1044
1916
1294
42478
8897
3640
1369
1693
1916
1605
1294
2022
1877
1463
2022
1091
1977
1093
1376
13207
1369
2022
1091
1977
3077
15974
70261
1456
1260
1010
1293
2569
19326
1747
17684
1319
1105
1044
1475
1041
1454
1623
1534
1475
1044
1321
2985
1394
1261
5888
4891
1409
3006
1475
1010
1293
1394
1623
1294
4521
4990
3640
1369
1394
1475
1294
4521
6534
1867
1032
1049
1044
1308
3640
1463
6618
1376
2460
1462
1261
3755
1093
1462
1261
13872
2820
1463
1693
6618
1294
2022
1877
1694
1394
1409
1294
2022
1091
1546
32679
30689
2006
1693
1409
3006
1475
1877
2528
1850
1319
1105
1867
1032
1049
1044
1475
1867
1032
1049
1044
1409
1867
1032
1049
1456
1293
1850
8030
4688
1035
47508
1319
3846
1605
22347
1456
3149
4206
5164
52143
3640
1293
2569
7637
2937
1032
1049
1010
1293
6852
15605
1040
1053
1044
1032
1049
1054
1044
1766
1049
1044
1032
1056
1044
1032
1053
1044
1032
1049
1048
1044
1032
1049
1051
8623
2351
1319
1049
1044
1032
1051
1044
1032
1052
1456
1260
1010
1293
2569
7637
2937
1032
1050
1010
1293
6852
15605
1040
1053
1044
1032
1050
1048
1044
1766
1049
1044
1032
1056
1044
1032
1053
1044
1032
1049
1048
1044
1032
1049
1051
8623
1395
8030
1010
1260
1010
1293
2569
7637
2937
1032
1051
1010
1293
6852
15605
1040
1049
1048
1044
1032
1049
1048
1048
1048
1048
1048
1044
1766
1055
1051
1055
1054
1054
1044
1032
1052
1055
1055
1049
1056
1044
1032
1055
1052
1049
1052
1056
1044
1032
1052
1057
1050
1049
1056
1044
1032
1055
1054
1055
1050
1049
1044
1032
1051
1049
1057
1048
1050
1044
1032
1050
1049
1057
1057
1052
1044
1032
1049
1056
1056
1056
1048
1044
1032
1050
1057
1053
1057
1056
1044
1032
1057
1056
1057
1049
1055
8623
2351
1319
1052
1044
1032
1054
1044
1032
1056
1456
1260
1010
1293
2569
7637
2937
1032
1052
1010
1293
6852
15605
1040
1049
1048
1044
1032
1052
1056
1044
1766
1049
1049
1044
1032
1050
1056
1044
1032
1049
1054
1044
1032
1054
1044
1032
1051
1052
1044
1032
1049
1044
1032
1052
1054
1044
1032
1049
1044
1032
1049
1053
1044
1032
1050
8623
2351
1319
1054
1044
1032
1055
1044
1032
1056
1456
1260
1010
1293
2569
7637
2937
1032
1053
1010
1293
6852
15605
1040
1051
1044
1032
1053
1044
1766
1049
1044
1032
1050
1044
1032
1051
8623
1395
8030
1010
1260
1010
1293
2569
7637
2937
1032
1054
1010
1293
6852
15605
1040
1053
1044
1032
1049
1050
1044
1766
1049
1049
1044
1032
1049
1049
1044
1032
1049
1048
1044
1032
1049
1050
1044
1032
1049
1049
8623
1395
8030
1010
1260
1010
1293
2569
7637
2937
1032
1055
1010
1293
6852
15605
1040
1055
1044
1032
1052
1044
1766
1050
1044
1032
1051
1044
1032
1052
1044
1032
1050
1044
1032
1050
1044
1032
1050
1044
1032
1052
8623
1395
8030
1010
1260
1010
1293
2569
7637
2937
1032
1056
1010
1293
6852
15605
1040
1051
1044
1032
1054
1044
1766
1050
1044
1032
1050
1044
1032
1050
8623
2351
1319
1049
1044
1032
1050
1044
1032
1051
1456
1260
1010
1293
2569
7637
2937
1032
1057
1010
1293
6852
15605
1040
1055
1044
1032
1054
1044
1766
1049
1044
1032
1050
1044
1032
1051
1044
1032
1052
1044
1032
1052
1044
1032
1052
1044
1032
1052
8623
2351
1319
1049
1044
1032
1050
1044
1032
1051
1456
1260
1010
1293
2569
7637
2937
1032
1049
1048
1010
1293
6852
15605
1040
1053
1044
1032
1050
1044
1766
1050
1044
1032
1050
1044
1032
1050
1044
1032
1050
1044
1032
1050
8623
1395
8030
1010
1260
1010
1293
2569
7637
2937
1032
1049
1049
1010
1293
6852
15605
1040
1054
1044
1032
1051
1044
1766
1049
1044
1032
1049
1044
1032
1049
1044
1032
1049
1044
1032
1049
1044
1032
1049
8623
2351
1319
1049
1044
1032
1050
1044
1032
1051
1456
1260
1010
1293
2569
7637
2937
1032
1049
1050
1010
1293
2282
1376
15605
1040
1049
1048
1044
1032
1050
1049
1044
1766
1050
1049
1044
1032
1049
1057
1044
1032
1050
1048
1044
1032
1049
1057
1044
1032
1050
1048
1044
1032
1050
1049
1044
1032
1049
1057
1044
1032
1050
1049
1044
1032
1049
1057
1044
1032
1049
1057
8791
1293
6852
2282
1395
8030
1010
1260
1010
1293
2569
7637
2937
1032
1049
1051
1010
1293
6852
15605
1040
1051
1044
1032
1049
1051
1044
1766
1049
1050
1044
1032
1049
1049
1044
1032
1049
1050
8623
1395
8030
1010
1260
1010
1293
2569
7637
2937
1032
1049
1052
1010
1293
6852
15605
1040
1053
1044
1032
1050
1049
1044
1766
1049
1053
1044
1032
1049
1044
1032
1049
1057
1044
1032
1049
1052
1044
1032
1049
8623
2351
1319
1050
1044
1032
1051
1044
1032
1053
1456
1260
1010
1293
2569
7637
2937
1032
1049
1053
1010
1293
6852
15605
1040
1054
1044
1032
1051
1050
1044
1766
1049
1044
1032
1049
1055
1044
1032
1049
1044
1032
1051
1048
1044
1032
1049
1050
1044
1032
1049
1048
8623
2351
1319
1049
1044
1032
1051
1044
1032
1052
1456
1260
1010
1293
2569
7637
2937
1032
1049
1054
1010
1293
6852
15605
1040
1051
1044
1032
1052
1052
1044
1766
1049
1044
1032
1049
1044
1032
1052
1050
8623
2351
1319
1049
1044
1032
1050
1044
1032
1051
1456
1260
1010
1293
2569
7637
2937
1032
1049
1055
1010
1293
6852
15605
1040
1053
1044
1032
1050
1057
1044
1766
1050
1044
1032
1049
1044
1032
1050
1055
1044
1032
1049
1044
1032
1050
1053
8623
2351
1319
1050
1044
1032
1051
1044
1032
1052
1456
1260
1010
1293
2569
7637
2937
1032
1049
1056
1010
1293
6852
15605
1040
1056
1044
1032
1049
1053
1044
1766
1049
1051
1044
1032
1049
1050
1044
1032
1049
1048
1044
1032
1049
1049
1044
1032
1049
1052
1044
1032
1049
1044
1032
1049
1044
1032
1049
1051
8623
2351
1319
1049
1044
1032
1054
1044
1032
1055
1456
1260
1010
1293
2569
7637
2937
1032
1049
1057
1010
1293
6852
15605
1040
1055
1044
1032
1052
1044
1766
1051
1044
1032
1049
1044
1032
1050
1044
1032
1052
1044
1032
1050
1044
1032
1049
1044
1032
1049
8623
2351
1319
1050
1044
1032
1051
1044
1032
1054
1456
1260
1010
1293
2569
7637
2937
1032
1050
1048
1010
1293
6852
15605
1040
1055
1044
1032
1049
1054
1044
1766
1049
1053
1044
1032
1049
1054
1044
1032
1049
1054
1044
1032
1049
1053
1044
1032
1049
1054
1044
1032
1049
1052
1044
1032
1049
1053
8623
1395
8030
1267
6390
101678
2480
1444
1841
37249
1456
3312
1796
4668
9458
9852
72071
1975
11
1010