10
25708
1010
11
1010
10
3263
1010
10311
1278
3629
2254
21734
1321
8953
3607
1044
10886
5687
1278
2254
5055
1321
2764
1747
1278
9458
1046
1603
24151
16424
70914
84674
14671
48761
1083
25461
4568
2715
30711
1278
3475
1636
13330
1294
1261
1335
107485
3475
4950
1319
3038
44642
1041
1319
43880
2084
80858
1278
4618
7389
1801
2640
5011
38227
2671
5247
1044
81409
1267
3149
33945
9596
80104
4990
1058
1935
1044
20978
1058
5247
1091
74988
59939
1044
1935
1044
1935
66925
1261
1058
5247
59939
3605
1289
1058
5247
59939
8623
4906
1935
1877
1293
19639
23627
1261
6165
8822
1673
58636
8404
1454
1308
36281
1321
20978
1319
5383
2744
10314
1395
1032
1010
1293
12685
1435
1319
1117
1044
1330
1044
1285
1041
10138
36281
1333
1321
1330
1584
8822
1454
5954
1285
1574
1321
2295
1032
1010
1293
14170
1261
1321
1289
1307
1278
2879
5592
1044
3081
1278
11835
4171
4556
1307
3549
25980
1626
1260
1010
1293
2898
2258
3549
1294
1278
8404
1044
2246
5954
1395
6493
1435
1278
8905
5954
1307
2258
10314
1294
1455
3549
1626
1293
1284
4790
1044
1404
1041
1395
6493
1435
1278
11835
4171
3549
5954
1562
29268
2460
1317
29268
1404
1626
1260
1010
1293
1531
6255
1395
1317
7645
2654
7980
1289
2516
1455
1278
4556
1307
1284
8897
3755
3605
1289
3755
8623
1394
1747
1623
1395
80884
1626
1260
1010
1293
64664
1877
1369
1308
1058
13920
1307
36281
1319
70085
1584
53073
1032
1049
1317
1308
1456
1369
20978
1058
5247
1307
20978
1044
2744
10314
1395
1319
1117
1044
1330
1044
1285
1041
2478
1333
1534
1330
1010
1369
1261
1058
7610
7980
1307
29268
8091
1010
1369
1289
1058
10322
7980
1307
29268
8091
1319
1611
1402
7645
7239
1456
1260
1010
1293
20527
1877
1369
1531
11835
4171
4556
1307
1284
8897
3755
3605
1289
3755
8623
2453
9741
2487
7645
26717
1289
1010
1260
1010
1293
56431
33945
9596
80104
1040
1052
1044
31008
1049
1044
1032
1051
1044
1032
1050
1574
1319
1051
1044
1032
1052
1044
1032
1049
1574
1319
1050
1044
1032
1052
1044
1032
1053
1574
1319
1049
1044
1032
1052
1044
1032
1052
50673
1766
1049
1044
1032
1049
1044
1032
1051
3605
1766
1052
1044
1032
1052
1044
1032
1050
8791
1293
1032
1056
1010
1293
56431
33945
9596
80104
1040
1051
1044
31008
1049
1044
1032
1050
1044
1032
1053
1574
1319
1050
1044
1032
1051
1044
1032
1050
1574
1319
1049
1044
1032
1051
1044
1032
1049
50673
1766
1049
1044
1032
1049
3605
1766
1050
1044
1032
1051
8791
1293
1032
1051
1010
1293
47680
3149
4206
5164
52143
3640
1293
2569
7637
2937
1032
1049
1010
1293
6852
15605
1040
1052
1044
31008
1049
1044
1032
1051
1044
1032
1050
1574
1319
1051
1044
1032
1052
1044
1032
1049
1574
1319
1050
1044
1032
1052
1044
1032
1053
1574
1319
1049
1044
1032
1052
1044
1032
1052
50673
1766
1049
1044
1032
1049
1044
1032
1051
3605
1766
1052
1044
1032
1052
1044
1032
1050
8623
2351
1032
1056
1010
1260
1010
1293
2569
7637
2937
1032
1050
1010
1293
6852
15605
1040
1051
1044
31008
1049
1044
1032
1050
1044
1032
1053
1574
1319
1050
1044
1032
1051
1044
1032
1050
1574
1319
1049
1044
1032
1051
1044
1032
1049
50673
1766
1049
1044
1032
1049
3605
1766
1050
1044
1032
1051
8623
2351
1032
1051
1010
1260
1010
1293
2569
7637
2937
1032
1051
1010
1293
6852
15605
1040
1053
1044
31008
1049
1044
1032
1050
1044
1032
1055
1054
1057
1049
1055
1048
1051
1056
1055
1574
1319
1050
1044
1032
1051
1044
1032
1052
1049
1050
1052
1053
1054
1054
1049
1052
1574
1319
1049
1044
1032
1052
1044
1032
1051
1053
1053
1048
1056
1049
1054
1049
1049
1574
1319
1052
1044
1032
1053
1044
1032
1054
1057
1053
1055
1057
1048
1048
1050
1051
50673
1766
1051
1044
1032
1049
3605
1766
1053
1044
1032
1050
8623
2351
1032
1049
1049
1048
1056
1050
1052
1054
1054
1051
1055
1010
1260
1010
1293
2569
7637
2937
1032
1052
1010
1293
6852
15605
1040
1049
1050
1044
31008
1049
1044
1032
1050
1044
1032
1049
1048
1048
1048
1048
1048
1048
1048
1048
1048
1574
1319
1049
1044
1032
1051
1044
1032
1049
1048
1048
1048
1048
1048
1048
1048
1048
1048
1574
1319
1051
1044
1032
1052
1044
1032
1049
1048
1048
1048
1048
1048
1048
1048
1048
1048
1574
1319
1049
1044
1032
1053
1044
1032
1049
1048
1048
1048
1048
1048
1048
1048
1048
1048
1574
1319
1051
1044
1032
1054
1044
1032
1049
1048
1048
1048
1048
1048
1048
1048
1048
1048
1574
1319
1051
1044
1032
1055
1044
1032
1049
1048
1048
1048
1048
1048
1048
1048
1048
1048
1574
1319
1055
1044
1032
1056
1044
1032
1049
1048
1048
1048
1048
1048
1048
1048
1048
1048
1574
1319
1053
1044
1032
1057
1044
1032
1049
1048
1048
1048
1048
1048
1048
1048
1048
1048
1574
1319
1051
1044
1032
1049
1048
1044
1032
1049
1048
1048
1048
1048
1048
1048
1048
1048
1048
1574
1319
1049
1048
1044
1032
1049
1049
1044
1032
1049
1048
1048
1048
1048
1048
1048
1048
1048
1048
1574
1319
1049
1049
1044
1032
1049
1050
1044
1032
1049
1048
1048
1048
1048
1048
1048
1048
1048
1048
1574
1319
1052
1044
1032
1055
1044
1032
1049
1048
1048
1048
1048
1048
1048
1048
1048
1048
1574
1319
1056
1044
1032
1049
1050
1044
1032
1049
1048
1048
1048
1048
1048
1048
1048
1048
1048
1574
1319
1049
1044
1032
1057
1044
1032
1049
1048
1048
1048
1048
1048
1048
1048
1048
1048
1574
1319
1053
1044
1032
1049
1049
1044
1032
1049
1048
1048
1048
1048
1048
1048
1048
1048
1048
1574
1319
1055
1044
1032
1049
1048
1044
1032
1049
1048
1048
1048
1048
1048
1048
1048
1048
1048
1574
1319
1050
1044
1032
1053
1044
1032
1049
1048
1048
1048
1048
1048
1048
1048
1048
1048
1574
1319
1054
1044
1032
1057
1044
1032
1049
1048
1048
1048
1048
1048
1048
1048
1048
1048
1574
1319
1055
1044
1032
1057
1044
1032
1049
1048
1048
1048
1048
1048
1048
1048
1048
1048
1574
1319
1050
1044
1032
1056
1044
1032
1049
1048
1048
1048
1048
1048
1048
1048
1048
1048
50673
1766
1049
1049
1044
1032
1051
1044
1032
1055
1044
1032
1049
1048
1044
1032
1054
1044
1032
1057
3605
1766
1050
1044
1032
1049
1044
1032
1056
1044
1032
1053
1044
1032
1052
1044
1032
1049
1050
8623
2351
1032
1054
1048
1048
1048
1048
1048
1048
1048
1048
1048
1010
1260
1010
1293
2569
7637
2937
1032
1053
1010
1293
6852
15605
1040
1052
1044
31008
1049
1044
1032
1050
1044
1032
1054
1057
1054
1057
1051
1057
1055
1050
1053
1574
1319
1050
1044
1032
1051
1044
1032
1055
1056
1049
1055
1053
1051
1048
1050
1048
1574
1319
1051
1044
1032
1052
1044
1032
1052
1051
1056
1055
1054
1051
1056
1054
1051
1574
1319
1049
1044
1032
1052
1044
1032
1052
1051
1057
1052
1054
1053
1056
1049
1054
1574
1319
1049
1044
1032
1051
1044
1032
1050
1053
1052
1056
1056
1053
1051
1052
1049
50673
1766
1052
1044
1032
1051
3605
1766
1049
1044
1032
1050
8623
2351
1032
1057
1053
1049
1056
1050
1053
1048
1054
1054
1010
1260
1010
1293
2569
7637
2937
1032
1054
1010
1293
6852
15605
1040
1053
1044
31008
1049
1044
1032
1050
1044
1032
1049
1051
1053
1050
1050
1055
1055
1057
1049
1574
1319
1050
1044
1032
1051
1044
1032
1052
1051
1051
1048
1056
1054
1057
1050
1050
1574
1319
1051
1044
1032
1052
1044
1032
1050
1057
1050
1050
1050
1050
1050
1048
1057
1574
1319
1052
1044
1032
1053
1044
1032
1057
1050
1050
1049
1053
1050
1052
1057
50673
1766
1050
1044
1032
1049
3605
1766
1052
1044
1032
1051
8623
2351
1032
1056
1054
1054
1049
1055
1051
1056
1052
1052
1010
1260
1010
1293
2569
7637
2937
1032
1055
1010
1293
6852
15605
1040
1051
1044
31008
1049
1044
1032
1050
1044
1032
1053
1048
1054
1052
1048
1051
1057
1051
1052
1574
1319
1050
1044
1032
1051
1044
1032
1057
1054
1054
1052
1055
1050
1057
1050
1052
1574
1319
1049
1044
1032
1051
1044
1032
1055
1052
1049
1055
1054
1053
1050
1057
1049
50673
1766
1051
3605
1766
1050
8623
2351
1032
1055
1052
1049
1055
1054
1053
1050
1057
1049
1010
1260
1010
1293
2569
7637
2937
1032
1056
1010
1293
6852
15605
1040
1049
1048
1044
31008
1049
1044
1032
1050
1044
1032
1055
1053
1054
1048
1049
1048
1051
1050
1056
1574
1319
1050
1044
1032
1051
1044
1032
1057
1057
1055
1057
1051
1055
1050
1051
1049
1574
1319
1051
1044
1032
1052
1044
1032
1053
1048
1055
1056
1054
1055
1057
1056
1057
1574
1319
1052
1044
1032
1053
1044
1032
1052
1052
1053
1051
1054
1052
1048
1055
1048
1574
1319
1053
1044
1032
1054
1044
1032
1057
1052
1053
1050
1054
1054
1050
1048
1055
1574
1319
1054
1044
1032
1055
1044
1032
1050
1054
1052
1048
1048
1054
1055
1057
1057
1574
1319
1055
1044
1032
1056
1044
1032
1052
1048
1049
1052
1055
1048
1057
1055
1055
1574
1319
1056
1044
1032
1057
1044
1032
1050
1057
1051
1056
1048
1048
1053
1053
1056
1574
1319
1057
1044
1032
1049
1048
1044
1032
1057
1056
1053
1056
1053
1057
1052
1050
1053
50673
1766
1049
1048
1044
1032
1052
1044
1032
1057
1044
1032
1055
1044
1032
1049
3605
1766
1050
1044
1032
1056
1044
1032
1051
1044
1032
1054
1044
1032
1053
8623
2351
1032
1050
1055
1052
1053
1048
1052
1049
1049
1056
1048
1010
1260
1010
1293
2569
7637
2937
1032
1057
1462
4249
29268
17684
1010
1293
6852
15605
1040
1051
1044
31008
1049
1044
1032
1050
1044
1032
1052
1049
1051
1052
1053
1056
1048
1049
1055
1574
1319
1050
1044
1032
1051
1044
1032
1057
1053
1049
1050
1053
1051
1057
1054
1057
1574
1319
1049
1044
1032
1052
1044
1032
1051
1051
1054
1051
1057
1049
1053
1051
1048
1574
1319
1050
1044
1032
1053
1044
1032
1057
1049
1051
1053
1049
1053
1054
1049
1574
1319
1052
1044
1032
1054
1044
1032
1054
1057
1049
1051
1056
1053
1050
1051
1056
1574
1319
1053
1044
1032
1055
1044
1032
1056
1048
1052
1055
1055
1052
1053
1054
1056
1574
1319
1050
1044
1032
1056
1044
1032
1053
1050
1050
1057
1056
1055
1048
1048
1574
1319
1052
1044
1032
1057
1044
1032
1052
1052
1050
1056
1051
1051
1054
1057
1050
1574
1319
1049
1044
1032
1049
1048
1044
1032
1053
1048
1054
1052
1054
1050
1054
1048
1574
1319
1049
1048
1044
1032
1049
1049
1044
1032
1056
1051
1057
1054
1056
1051
1052
1052
1052
1574
1319
1055
1044
1032
1049
1050
1044
1032
1049
1052
1050
1050
1053
1054
1050
1053
1053
1574
1319
1057
1044
1032
1049
1051
1044
1032
1055
1056
1053
1048
1053
1056
1053
1055
1055
1574
1319
1049
1050
1044
1032
1049
1052
1044
1032
1051
1049
1057
1049
1049
1054
1051
1055
1050
1574
1319
1055
1044
1032
1049
1053
1044
1032
1052
1051
1052
1053
1054
1053
1057
1052
1053
1574
1319
1049
1052
1044
1032
1049
1053
1044
1032
1053
1056
1054
1054
1051
1051
1057
1054
1048
1574
1319
1049
1044
1032
1049
1050
1044
1032
1056
1057
1056
1053
1051
1056
1055
1056
1054
1574
1319
1056
1044
1032
1049
1053
1044
1032
1053
1056
1050
1051
1057
1055
1051
1052
1055
1574
1319
1051
1044
1032
1057
1044
1032
1057
1054
1056
1052
1051
1054
1053
1049
1052
1574
1319
1051
1044
1032
1049
1049
1044
1032
1050
1050
1050
1054
1048
1049
1055
1057
1052
1574
1319
1051
1044
1032
1049
1048
1044
1032
1056
1057
1050
1048
1052
1054
1054
1050
1054
1574
1319
1050
1044
1032
1049
1048
1044
1032
1053
1048
1052
1050
1051
1050
1050
1053
1056
1574
1319
1052
1044
1032
1053
1044
1032
1052
1051
1050
1056
1054
1054
1055
1048
1048
50673
1766
1051
3605
1766
1052
8623
2351
1032
1056
1051
1057
1054
1056
1051
1052
1052
1052
1010
1260
1010
1293
2569
7637
2937
1032
1049
1048
1010
1293
6852
15605
1040
1054
1044
31008
1049
1044
1032
1050
1044
1032
1051
1054
1051
1056
1051
1049
1048
1051
1054
1574
1319
1049
1044
1032
1051
1044
1032
1052
1057
1057
1050
1049
1052
1051
1049
1053
1574
1319
1049
1044
1032
1052
1044
1032
1055
1056
1052
1051
1055
1050
1055
1056
1049
1574
1319
1049
1044
1032
1053
1044
1032
1049
1048
1050
1051
1054
1053
1050
1049
1050
1574
1319
1049
1044
1032
1054
1044
1032
1055
1050
1048
1050
1051
1051
1057
1050
1050
50673
1766
1051
1044
1032
1052
1044
1032
1054
3605
1766
1050
1044
1032
1053
1044
1032
1049
8623
2351
1032
1050
1048
1048
1051
1056
1050
1049
1048
1049
1056
1010
1260
1010
1293
2569
7637
2937
1032
1049
1049
1010
1293
6852
15605
1040
1050
1044
31008
1049
1044
1032
1050
1044
1032
1051
1056
1056
1057
1051
1051
1051
1054
1057
50673
1766
1050
3605
1766
1049
8623
2351
1032
1051
1056
1056
1057
1051
1051
1051
1054
1057
1010
1260
1010
1293
2569
7637
2937
1032
1049
1050
1010
1293
6852
15605
1040
1055
1044
31008
1049
1044
1032
1050
1044
1032
1054
1048
1054
1053
1050
1051
1056
1052
1056
1574
1319
1049
1044
1032
1051
1044
1032
1051
1054
1057
1057
1057
1049
1050
1050
1056
1574
1319
1050
1044
1032
1052
1044
1032
1051
1049
1050
1054
1054
1051
1053
1052
1051
1574
1319
1051
1044
1032
1053
1044
1032
1051
1052
1054
1056
1050
1049
1050
1050
1050
1574
1319
1052
1044
1032
1054
1044
1032
1056
1052
1048
1053
1048
1057
1052
1048
1055
1574
1319
1052
1044
1032
1055
1044
1032
1054
1052
1052
1057
1057
1057
1057
1051
1049
50673
1766
1055
1044
1032
1053
1044
1032
1051
3605
1766
1054
1044
1032
1049
1044
1032
1050
8623
2351
1032
1049
1056
1049
1055
1048
1050
1052
1052
1056
1051
1267
1035
13516
4206
45525
128857
9596
80104
1041
1317
3160
9458
1626
1975
11
1010
10
1503
19464
1010
12
13
1010
1975
29896
1010
5011
38227
2671
5247
1044
81409
1010
1917
130173
1010
1917
20267
4688
3149
33945
9596
80104
4990
1058
1935
1044
20978
1058
5247
1091
74988
59939
1044
1935
1044
1935
66925
1261
1058
5247
59939
3605
1289
1058
5247
59939
8623
4906
1935
1877
1293
19639
23627
1261
6165
8822
1673
58636
8404
1454
1308
36281
1321
20978
1319
5383
2744
10314
1395
1032
1010
1293
12685
1435
1319
1117
1044
1330
1044
1285
1041
10138
36281
1333
1321
1330
1584
8822
1454
5954
1285
1574
1321
2295
1032
1010
1293
14170
1261
1321
1289
1307
1278
2879
5592
1044
3081
1278
11835
4171
4556
1307
3549
25980
1626
1260
1010
1293
2898
2258
3549
1294
1278
8404
1044
2246
5954
1395
6493
1435
1278
8905
5954
1307
2258
10314
1294
1455
3549
1626
1293
1284
4790
1044
1404
1041
1395
6493
1435
1278
11835
4171
3549
5954
1562
29268
2460
1317
29268
1404
1626
1260
1010
1293
1531
6255
1395
1317
7645
2654
7980
1289
2516
1455
1278
4556
1307
1284
8897
3755
3605
1289
3755
8623
1394
1747
1623
1395
80884
1626
1260
1010
1293
64664
1877
1369
1308
1058
13920
1307
36281
1319
70085
1584
53073
1032
1049
1317
1308
1456
1369
20978
1058
5247
1307
20978
1044
2744
10314
1395
1319
1117
1044
1330
1044
1285
1041
2478
1333
1534
1330
1010
1369
1261
1058
7610
7980
1307
29268
8091
1010
1369
1289
1058
10322
7980
1307
29268
8091
1319
1611
1402
7645
7239
1456
1260
1010
1293
20527
1877
1369
1531
11835
4171
4556
1307
1284
8897
3755
3605
1289
3755
8623
2453
9741
2487
7645
26717
1289
1010
1293
13118
1293
2569
16143
1373
3074
2505
13539
52248
1681
11857
1010
1293
7917
1376
2951
71975
4990
1867
1032
1049
3824
1293
10474
1376
1766
1048
1093
1364
1319
1110
1867
1032
1049
1456
1260
1010
1293
2121
3081
4790
1058
1935
1041
4906
1935
1877
1369
3016
7917
25207
1093
3942
2460
1877
1463
7917
25207
1093
1376
7917
1091
7669
25207
33024
1463
2460
1376
7917
25207
2820
1369
1850
2460
1010
1260
1010
1293
2121
18820
4790
1058
1935
1044
1404
1058
1935
1041
4906
7881
1877
1369
75739
1044
43728
1376
3081
4790
1574
3081
16367
1456
1369
1693
75739
2351
43728
1877
1463
1850
12819
1010
1369
1693
10474
51877
1120
1093
1534
10474
1091
1938
30689
1463
75739
1044
43728
1376
43728
1044
75739
1010
1369
7917
1091
1938
1093
1376
75739
1010
1369
1693
10474
51877
1120
1093
2351
10474
1091
1938
30689
1463
10474
51877
1120
1093
5773
1032
1049
1010
1369
1850
10344
1010
1260
1010
1293
20978
3134
18184
1376
25585
1040
53989
1044
3844
93244
1324
1058
1324
1091
1050
8791
1293
1283
1314
48110
1106
1376
35976
1394
1957
1294
4521
4990
1867
1032
1049
17572
1293
1394
1333
1044
1330
1044
1285
1294
20978
3134
18184
1877
1369
1693
18820
24952
1044
1330
3640
1463
1283
1314
48110
1106
81696
3077
15974
4564
1118
1044
1285
3824
1463
1283
1314
48110
1106
66105
3077
15974
4564
1117
1044
1285
3824
1260
1010
1293
2569
3367
2156
1681
2342
1925
29268
1044
1278
4832
1395
1032
1048
1010
1293
1693
1308
2351
1032
1049
1877
1369
1850
1032
1048
1010
1260
1010
1293
2569
1424
9467
1321
8905
10314
1408
3549
108375
1010
1293
30833
1376
20267
97342
120255
4782
1050
4990
2798
1867
1032
1049
1010
1293
2015
1376
16871
1048
1093
1364
1319
1110
1867
1032
1049
1041
1394
1957
1294
4521
116201
17572
1293
6705
9853
1376
16871
1048
1093
1364
1319
1110
1867
1032
1049
1041
1394
1957
1294
4521
116201
17572
1293
12883
1376
1766
1048
1093
1364
1319
1110
1867
1032
1049
1456
1260
1010
1293
2569
40347
2277
113835
1562
29268
1032
1049
1317
2016
12883
1044
2015
1091
1048
3605
6705
9853
1091
1048
2820
1293
11658
1376
31008
1049
1044
1032
1048
1044
1032
1048
17572
1293
21643
1376
1766
13297
1093
1364
1319
1110
1867
1032
1049
1456
1293
21643
1091
1049
1093
1376
10344
1010
1293
12883
1091
1049
1093
1376
1032
1048
1010
1293
3016
11658
1877
1369
1333
1044
1274
1044
1285
1376
11658
27699
2838
1369
2015
1091
1048
5371
1117
1093
1376
1274
1010
1369
6705
9853
1091
1048
5371
1117
1093
1376
1285
1010
1369
1394
1330
1044
5954
1294
1283
1314
48110
1106
81696
30689
1463
1693
1605
21643
66105
30689
1694
21643
66105
1093
1376
10344
1010
1694
12883
66105
1093
1376
12883
81696
1093
1867
1032
1049
1010
1694
11658
7144
4564
1118
1044
1333
1044
5954
3824
1260
1010
1293
2569
51950
48873
4234
1010
1293
1394
1475
1294
4521
1040
1049
1044
30833
3640
1369
1394
1623
1294
4521
1040
1049
1044
1308
1867
1032
1049
3640
1463
2015
13872
5371
1105
1093
1376
2015
13872
1462
1032
1049
5371
1982
13872
1462
1032
1049
5371
1105
33024
1463
6705
9853
13872
5371
1105
1093
1376
6705
24728
9853
13872
1462
1032
1049
5371
1105
3605
6705
9853
13872
1462
1032
1049
5371
1982
13872
1462
1032
1049
5371
1105
88661
1260
1010
1293
2121
6705
74387
9596
24952
1058
1935
1044
1330
1058
1935
1041
4906
1935
1877
1369
19639
15773
1278
8905
10314
5954
1408
1278
3549
2396
1333
1321
1330
1294
1278
1373
3074
60113
1369
1693
1333
2351
1330
1877
1463
1850
1032
1048
1010
1369
1693
12883
81696
1093
1534
12883
66105
30689
1463
1333
1044
1330
1376
1330
1044
1333
1010
1369
3811
1376
12883
81696
1093
1462
12883
66105
2820
1369
6705
24075
1376
1032
1048
1010
1369
1394
1475
1294
4521
116201
3640
1463
1693
3811
1748
1319
1049
4648
1475
3640
1694
6705
24075
1376
6705
24728
24075
1044
6705
9853
13872
5371
1117
8791
1694
1333
1376
2015
13872
5371
1117
2820
1369
1693
1333
2351
1330
1877
1463
1850
6705
24075
1010
1369
1394
1475
1294
4521
116201
1462
1032
1049
1044
1462
1049
1044
1462
1049
3640
1463
1693
2015
13872
5371
1117
1093
3942
2015
13872
5371
1118
30689
1694
6705
24075
1376
6705
24728
24075
1044
6705
9853
13872
5371
1117
3605
6705
9853
13872
5371
1118
8791
1694
1333
1376
2015
13872
5371
1117
2820
1694
1330
1376
2015
13872
5371
1118
2820
1369
6705
24075
1376
6705
24728
24075
1044
6705
9853
1091
1048
5371
1117
3605
6705
9853
1091
1048
5371
1118
8791
1369
1850
6705
24075
1010
1260
1010
1293
1409
1376
9027
8897
1456
1293
4362
1376
16871
1048
1093
1364
1409
1394
1957
1294
4521
16026
17572
1293
1394
1623
1294
4521
16026
3640
1369
1394
1475
1294
4521
16026
3640
1463
4362
3755
5371
1106
1093
1376
6705
74387
9596
8897
3755
3605
1289
13872
8791
1260
1010
1293
2569
19326
1747
96478
1307
1289
1317
3081
1278
11835
4556
1010
1293
2365
37249
1376
8103
2021
36295
4615
1293
1394
7645
1294
130173
32371
15124
1795
71975
16026
31454
1369
1265
1376
4556
5164
1591
3755
5371
71377
3755
20162
1394
1623
1294
4521
16026
3824
1369
1693
1265
1534
2365
37249
1877
1463
2365
37249
1376
1265
1010
1293
1850
2365
37249
1010
1975
11
1010
10
3263
1267
16994
4607
6983
9700
1278
9458
1046
9380
1681
1278
3880
1877
17595
3581
1319
5943
8531
3690
3804
3640
1032
8933
92367
1099
1085
1101
1073
12687
1066
1118
1066
1104
8261
1897
3110
1032
1049
1056
1051
1044
1294
1534
13655
1561
1293
4206
45525
128857
9596
80104
1456
1032
8933
92367
1099
1085
1101
1073
12687
1066
1118
1066
1104
8261
1897
3110
1032
1053
1052
1044
1294
4206
1010
1293
6852
15605
1040
1051
1044
31008
1049
1044
1032
1050
1044
1032
1052
1049
1051
1052
1053
1056
1048
1049
1055
1574
1319
1050
1044
1032
1051
1044
1032
1057
1053
1049
1050
1053
1051
1057
1054
1057
1574
1319
1049
1044
1032
1052
1044
1032
1051
1051
1054
1051
1057
1049
1053
1051
1048
1574
1319
1050
1044
1032
1053
1044
1032
1057
1049
1051
1053
1049
1053
1054
1049
1574
1319
1052
1044
1032
1054
1044
1032
1054
1057
1049
1051
1056
1053
1050
1051
1056
1574
1319
1053
1044
1032
1055
1044
1032
1056
1048
1052
1055
1055
1052
1053
1054
1056
1574
1319
1050
1044
1032
1056
1044
1032
1053
1050
1050
1057
1056
1055
1048
1048
1574
1319
1052
1044
1032
1057
1044
1032
1052
1052
1050
1056
1051
1051
1054
1057
1050
1574
1319
1049
1044
1032
1049
1048
1044
1032
1053
1048
1054
1052
1054
1050
1054
1048
1574
1319
1049
1048
1044
1032
1049
1049
1044
1032
1056
1051
1057
1054
1056
1051
1052
1052
1052
1574
1319
1055
1044
1032
1049
1050
1044
1032
1049
1052
1050
1050
1053
1054
1050
1053
1053
1574
1319
1057
1044
1032
1049
1051
1044
1032
1055
1056
1053
1048
1053
1056
1053
1055
1055
1574
1319
1049
1050
1044
1032
1049
1052
1044
1032
1051
1049
1057
1049
1049
1054
1051
1055
1050
1574
1319
1055
1044
1032
1049
1053
1044
1032
1052
1051
1052
1053
1054
1053
1057
1052
1053
1574
1319
1049
1052
1044
1032
1049
1053
1044
1032
1053
1056
1054
1054
1051
1051
1057
1054
1048
1574
1319
1049
1044
1032
1049
1050
1044
1032
1056
1057
1056
1053
1051
1056
1055
1056
1054
1574
1319
1056
1044
1032
1049
1053
1044
1032
1053
1056
1050
1051
1057
1055
1051
1052
1055
1574
1319
1051
1044
1032
1057
1044
1032
1057
1054
1056
1052
1051
1054
1053
1049
1052
1574
1319
1051
1044
1032
1049
1049
1044
1032
1050
1050
1050
1054
1048
1049
1055
1057
1052
1574
1319
1051
1044
1032
1049
1048
1044
1032
1056
1057
1050
1048
1052
1054
1054
1050
1054
1574
1319
1050
1044
1032
1049
1048
1044
1032
1053
1048
1052
1050
1051
1050
1050
1053
1056
1574
1319
1052
1044
1032
1053
1044
1032
1052
1051
1050
1056
1054
1054
1055
1048
1048
50673
1766
1051
3605
1766
1052
8623
2351
1032
1056
1051
1057
1054
1056
1051
1052
1052
1052
1010
6367
12032
48697
48697
48697
48697
48697
48697
48697
48697
48697
48697
48697
48697
48697
48697
48697
48697
48697
48697
48697
48697
48697
48697
48697
48697
48697
48697
48697
48697
48697
48697
48697
48697
48697
48697
48697
48697
48697
48697
48697
48697
48697
48697
48697
48697
48697
48697
48697
48697
48697
48697
48697
48697
48697
48697
48697
48697
48697
48697
48697
48697
48697
48697
48697
48697
48697
48697
48697
48697
48697
48697
48697
48697
48697
48697
48697
48697
48697
48697
48697
48697
48697
48697
48697
48697
48697
48697
48697
48697
48697
48697
48697
48697
48697
48697
48697
48697
48697
48697
48697
48697
48697
48697
48697
48697
48697
48697
48697
48697
48697
48697
48697
48697
48697
48697
48697
48697
48697
48697
48697
48697
48697
48697
48697
48697
48697
48697
48697
48697
48697
48697
48697
48697
48697
48697
48697
48697
48697
48697
48697
48697
48697
48697
48697
48697
48697
48697
48697
48697
48697
48697
48697
48697
48697
48697
48697
48697
48697
48697
48697
48697
48697
48697
48697
48697
48697
48697
48697
48697
48697
48697
48697
48697
48697
48697
48697
48697
48697
48697
48697
48697
48697
48697
48697
48697
48697
48697
48697
48697
48697
48697
48697
48697
48697
48697
48697
48697
48697
48697
48697
48697
48697
48697
48697
48697
48697
48697
48697
48697
48697
48697
48697
48697
48697
48697
48697
48697
48697
48697
48697
48697
48697
48697
48697
48697
48697
48697
1094
1010
1032
8933
92367
1099
1085
1101
1073
12687
1066
1118
1066
1104
8261
1897
3110
1032
1049
1049
1050
1044
1294
33945
9596
80104
1010
1293
1693
18820
24952
1044
1330
3640
3539
12032
48697
48697
48697
48697
48697
1010
1032
8933
92367
1099
1085
1101
1073
12687
1066
1118
1066
1104
8261
1897
3110
1032
1057
1057
1044
1294
18820
1010
1293
75739
1044
43728
1376
3081
4790
1574
3081
16367
1456
7158
12032
48697
48697
48697
1010
1032
8933
92367
1099
1085
1101
1073
12687
1066
1118
1066
1104
8261
1897
3110
1032
1057
1051
1044
1294
3081
1010
1293
3016
7917
25207
1093
3942
2460
1877
2250
7849
26385
26385
1126
48697
1094
1010
5323
4507
1058
2951
4891
1848
1307
4521
89644
2892
75956
1419
1044
1593
1395
2143
6255
1058
18228
1278
3629
2254
21734
1321
8953
3607
1044
10886
5687
1278
2254
5055
1321
2764
1747
1278
9458
1046
1603
24151
16424
70914
84674
14671
48761
1083
25461
4568
2715
30711
1278
3475
1636
13330
1294
1261
1335
107485
3475
4950
1319
3038
44642
1041
1319
43880
2084
80858
1278
4618
7389
1041
11
1010
10
1503
19464
1010
12
1010
12
11745
1681
1261
11483
2832
2100
1049
1046
1032
1603
25280
73448
1278
7777
1681
18244
24185
1256
1462
1362
2534
1317
5687
1278
2254
2000
2422
128857
9596
80104
1096
4057
1408
1278
5662
21734
1321
8953
3607
1626
1256
1462
3730
1584
9458
5662
1455
1362
4016
2764
1626
1256
1462
1362
4016
16424
22347
1278
9458
1626
1256
1462
1531
3330
8223
2036
4607
6983
9700
1454
1420
2000
5323
4507
1058
2951
4891
1848
1307
4521
51330
1256
1462
1362
2534
1317
5234
1261
4249
3475
4950
1454
1278
9247
11708
1338
1050
1046
1032
1603
21920
3274
1278
57251
24185
1256
1462
1531
3880
12187
1294
1278
2000
26057
1096
2254
1044
13703
1294
2000
8697
7273
1454
2000
5323
4507
1058
2951
4891
1848
1307
4521
51330
1256
1462
1531
2000
7669
1096
2951
1395
50252
1435
2000
6059
71975
4990
1867
1032
1049
2798
7273
1799
2715
1402
3729
2000
1110
1043
1049
51330
1256
1462
1531
36281
1584
53073
1562
1032
1049
1317
1308
1319
1288
1651
1278
8953
3607
1058
1429
70085
1584
53073
1032
1049
1317
1308
110964
1256
1462
1531
3880
4139
1402
3147
2269
29268
8091
1294
1278
20978
1505
1261
15836
20100
17717
2000
1110
7273
1505
1278
8404
10045
2405
8822
17103
1044
1505
2156
1681
1261
19940
1294
1278
113835
17124
3074
9253
1626
1256
1462
9246
1681
2985
1513
2688
2937
1032
1057
1058
1032
1010
1260
2000
1110
1061
1051
7273
1809
1278
20978
2951
1934
36281
2015
1317
1032
1049
1053
1033
32844
1044
2878
1639
4206
2688
2937
1032
1057
21966
1877
1260
2000
1099
52143
1040
1051
1044
31008
1049
1044
1032
1050
1044
1032
1052
1049
1051
1052
1053
1056
1048
1049
1055
1574
1319
1050
1044
1032
1051
1044
1032
1057
1053
1049
1050
1053
1051
1057
1054
1057
1574
6421
3605
1766
1051
3605
1766
1052
8623
10632
1260
32844
1044
2000
1110
1061
1051
1096
1809
20978
1736
36281
2479
1032
1049
1048
1044
1032
1049
1049
1044
1032
1049
1050
1044
1032
1049
1051
1044
1032
1049
1052
1044
1032
1049
1053
1044
6704
1046
3060
2000
1097
18359
1051
1093
7273
2000
1098
18359
1052
39261
1626
1260
2409
1395
1261
17183
4804
12585
1046
1531
4127
8223
1429
70085
1584
53073
1032
1049
1317
1308
1897
1809
2688
2937
1032
1057
1934
2000
1110
1061
1051
1096
1321
29268
8091
2015
1317
1032
1049
1053
1044
1321
2000
1098
18359
1052
39261
1799
1395
3006
1308
1626
1260
9246
1639
1344
41412
1278
8953
3607
1058
1429
1110
1058
13920
1307
36281
1319
70085
1584
53073
1032
1049
1317
1308
18881
1626
1260
3626
2688
2937
1032
1057
1058
2000
1110
1061
1051
7273
2000
1097
18359
1051
1093
7273
2000
1098
18359
1052
1093
9816
83713
1032
1052
1395
2434
1044
1809
1308
1061
1051
1046
2409
35499
1115
1278
6360
1044
1809
1494
1681
1261
2688
2937
1044
1878
1362
4016
7782
1494
1626
1260
49032
1044
7283
1513
2688
2937
1032
1057
1058
2000
1099
52143
1040
1051
1044
21284
88543
1307
20978
2880
3605
1766
1051
3605
1766
1052
8623
2351
1032
1056
1051
1057
1054
1056
1051
1052
1052
1052
9816
1531
8404
11904
1934
36281
2015
1317
1513
4403
1032
1049
1053
1046
4493
2000
1110
1096
4139
1605
1402
1278
2782
1307
36281
1294
1278
8404
7453
1044
1505
13162
2000
1110
1096
1395
2586
1261
9276
1044
1321
1278
7293
8404
36281
1584
7847
1536
1278
20978
1321
1261
15836
20100
1626
1260
32844
1044
1278
8953
3607
8223
1058
1429
36296
1261
6165
8822
1673
58636
8404
1454
1308
36281
1321
20978
1319
5383
2744
10314
1395
1319
1117
1044
1330
1044
1285
1041
10138
36281
1333
1321
1330
1584
8822
1454
5954
1285
114478
3626
2688
5443
97671
1593
1046
1362
2534
1317
28987
1408
1278
7293
29268
20344
2988
1294
20978
1044
1261
1044
1321
1289
1046
1531
36281
1584
53073
1562
1032
1049
2015
1317
2269
6705
2632
36910
1294
1278
4292
1046
2000
1110
1096
4139
1402
57773
1505
2586
1261
15365
1044
1505
13162
1278
8404
1934
2000
1110
1096
36281
1809
20344
1974
11855
1308
1063
5646
6354
2405
3180
7453
1046
9246
1681
2985
1513
2147
2688
5443
1626
1260
7637
2937
1032
1049
1058
2000
1110
1061
1052
7273
20978
1058
1319
1049
1044
1051
1044
1050
1574
1319
1051
1044
1052
1044
1049
1574
1319
1050
1044
1052
1044
1053
1574
1319
1049
1044
1052
1044
1052
1577
19604
2961
1058
1032
1049
1044
1050
1044
1051
1044
1052
1046
23313
1626
1260
7637
2937
1032
1050
1058
2000
1110
1061
1051
7273
20978
1058
1319
1049
1044
1050
1044
1053
1574
1319
1050
1044
1051
1044
1050
1574
1319
1049
1044
1051
1044
1049
1577
19604
2961
1058
1032
1049
1044
1050
1044
1051
1046
23313
1626
1260
7637
2937
1032
1051
1058
2000
1110
1061
1053
7273
20978
1736
36281
1032
1049
1045
1053
1046
23313
1626
1260
7637
2937
1032
1052
1058
2000
1110
1061
1049
1050
7273
20978
1736
36281
1032
1049
1045
1049
1050
1046
23313
1626
1260
7637
2937
1032
1053
1058
2000
1110
1061
1052
7273
20978
1736
36281
1032
1049
1045
1052
1046
23313
1626
1260
7637
2937
1032
1054
1058
2000
1110
1061
1053
7273
20978
1736
36281
1032
1049
1045
1053
1046
23313
1626
1260
7637
2937
1032
1055
1058
2000
1110
1061
1051
7273
20978
1058
1319
1049
1044
1050
90743
1574
1319
1050
1044
1051
90743
1574
1319
1049
1044
1051
90743
1577
19604
2961
1032
1049
1045
1051
1046
23313
1626
1260
7637
2937
1032
1056
1058
2000
1110
1061
1049
1048
7273
20978
1736
36281
1032
1049
1045
1049
1050
1063
9246
1681
4206
1058
1319
1049
1044
1050
90743
1574
1319
1050
1044
1051
90743
1574
1319
1051
1044
1052
90743
1574
1319
1052
1044
1053
90743
1574
1319
1053
1044
1054
90743
1574
1319
1054
1044
1055
90743
1574
1319
1055
1044
1056
90743
1574
1319
1056
1044
1057
90743
1574
1319
1057
1044
1049
1048
90743
1577
49032
1494
1934
1032
1049
1048
36281
1046
3626
4025
20978
1058
1319
1055
1044
1049
1048
1044
1049
1048
1048
1048
1048
1048
1048
1048
1048
1048
1574
6704
1046
32844
1044
2688
2937
1032
1056
1934
2000
1110
1061
1049
1048
1096
1809
20978
4626
2015
1317
1032
1049
1050
1063
9246
1639
4014
1058
20978
2951
1395
2730
1046
2157
8223
2000
1110
1061
1049
1050
69524
3501
1044
2000
1099
52143
1040
1049
1050
1044
21284
8623
9816
4493
2000
1110
1061
1049
1050
7273
36281
2015
1317
1032
1049
1050
1626
1260
7637
2937
1032
1057
1058
2000
1099
52143
1040
1051
1044
21284
3605
1766
1051
3605
1766
1052
8623
2351
1032
1056
1051
1057
1054
1056
1051
1052
1052
1052
9816
9380
2000
1110
1061
1051
7273
1809
29268
1032
1052
10249
1294
2000
1098
18359
1052
1093
7273
1321
20978
1736
36281
2015
1317
1032
1049
1053
1046
2409
1395
1278
36519
1925
1046
1531
3880
1486
2000
5323
4507
1058
2951
4891
1848
1307
4521
1096
1294
2000
7669
1096
2951
1046
1531
2000
7669
1096
1486
50252
1435
2000
6059
71975
4990
1867
1032
1049
2798
1096
1376
2000
6059
71975
1040
1052
2798
1096
1376
1766
1048
1044
1049
1044
1050
1044
1051
3077
3626
29268
1032
1052
1395
2434
1044
1878
4891
1032
1052
1395
1848
1307
4521
1626
1260
4493
1044
1278
29268
20344
1584
1605
40686
1536
2000
1110
9816
1362
2534
1317
8497
1278
7293
2016
1307
36281
1562
1278
4292
1046
1531
8404
1934
2000
1110
1096
1435
2269
9276
1044
1809
29268
62695
1710
1402
9039
1046
1362
2715
3081
1278
8905
29268
7513
1562
20978
1044
1261
1044
1321
1289
1044
1321
3729
2036
10137
36618
1046
3247
13162
2000
1110
1096
1395
2586
1278
2782
1307
36281
1044
1809
1278
20344
1584
1032
1049
37601
1286
1321
4139
1605
1974
2015
1317
1308
1063
49032
1044
1278
8953
8223
1429
70085
1584
53073
1032
1049
1317
1308
1897
1809
2688
2937
1032
1057
31322
1455
1046
1362
4016
8291
1058
3081
1278
7293
8905
29268
7513
5669
1747
20978
1044
1261
1044
1321
1289
1044
1321
2210
1455
1317
3729
1278
33550
1085
1321
1424
9467
10137
1046
3247
12494
2000
1110
1096
1395
1278
2782
1307
36281
1044
1809
1278
36281
1584
30068
1032
1049
1791
1110
1044
1321
2688
2937
1032
1057
1395
2586
1261
35133
2937
2478
2000
1110
1061
1051
1096
1809
36281
1974
2015
1317
1032
1049
1053
1063
5646
2168
35499
1429
58964
8822
1673
58636
8404
1454
1308
36281
3871
1362
3648
1278
9766
1372
1395
1317
42463
1278
2782
1307
36281
1562
1278
7293
20344
2988
1046
9246
1681
4206
1058
1294
2688
2937
1032
1057
1044
1278
20978
1321
1261
15836
1736
36281
2015
1317
1032
1049
1053
1046
1531
4832
1395
1032
1056
1051
1057
1054
1056
1051
1052
1052
1052
1046
1362
7534
2586
24002
1278
6705
29268
7513
1562
1747
4292
1319
53989
1044
1261
1044
1289
1041
1321
2210
2000
5914
117945
1376
6705
24728
24952
42129
1394
1333
42129
74622
1294
20978
1574
6705
8897
1574
6705
9297
2798
9816
6830
3729
10137
1317
2000
5914
117945
1867
1032
1049
14708
1256
1462
15081
6769
1058
1531
1373
3074
5125
1046
1531
2254
2000
1102
4790
15277
17783
1395
1429
3265
11835
4171
3549
5954
1562
29268
2460
1317
29268
1404
1897
2478
3549
5954
1395
6705
10314
5954
1046
2409
1395
10693
1278
8039
2753
3549
4127
1046
1656
1261
8404
1044
1278
8039
2753
3549
2396
2295
13390
1395
4265
1536
1278
54539
3434
8594
21864
1063
32844
1044
1836
1046
1531
8039
2753
10314
5954
3549
2396
2295
13390
1294
1420
1673
58636
8404
1395
80884
2200
1636
4069
1278
3549
1455
124690
1278
8905
10314
5954
1046
2157
1681
1261
4629
3121
1455
1278
8039
2753
3549
2396
2295
13390
1294
1261
8404
1395
1278
3549
2396
2424
1294
1278
75901
3434
8594
21864
1319
1077
3074
1574
1809
7442
1494
1681
1278
75901
3434
8594
21864
1455
124690
1278
8905
10314
5954
1394
39040
1044
1809
1394
1261
4811
10217
1044
1278
8039
2753
3549
5954
1395
1278
11835
2136
1747
22344
1307
1278
6705
10314
1046
2157
1681
4629
1455
1278
8039
2753
3549
2396
2295
13390
1395
2959
1536
7654
1278
1373
3074
1319
4125
13539
52248
1574
1321
2430
1278
8039
2753
10314
1408
1278
3549
1294
1278
1373
3074
1395
1278
4832
1046
13830
1044
1455
1681
6298
1058
1278
8039
2753
10314
5954
2396
1333
1321
1330
1294
1420
1673
58636
8404
33197
1278
8905
10314
5954
1408
1278
8877
3549
2396
1333
1321
1330
1294
2258
1373
3074
1338
1256
1462
4493
2036
5125
1307
7654
1373
3074
1321
2430
2505
1424
9467
1317
3081
6705
10314
1408
3549
1395
6298
1338
1256
1462
1531
10890
1486
2000
5323
4507
1096
3147
2000
7669
1096
1486
57916
2000
1110
1043
1049
1096
1809
36281
6387
11855
1308
1046
1362
7534
8786
1455
1536
23716
1278
7293
6705
29268
6765
1338
1256
1462
9840
1044
1278
8404
4139
1605
1402
8822
1693
1729
2342
2210
20978
1063
1531
4127
8223
1429
58964
8822
1673
58636
8404
1897
1878
1494
1681
8822
1338
1256
1462
34962
46504
1058
2000
1097
1096
1321
2000
1098
1096
1736
1278
2879
5592
2000
1107
9816
2837
2534
1317
7645
2654
2000
1098
1096
1317
33945
4556
1307
2000
1102
8897
3755
3605
1289
1091
71377
3755
1093
8623
9816
9748
2000
1107
1096
1395
3709
1319
1906
12023
1513
2688
5443
1044
1409
1395
1513
2725
1032
1054
1505
1878
1574
6370
1747
96478
1395
7771
1046
2898
1409
2015
1317
13162
1032
1049
1048
1044
98121
1395
21613
1046
7637
2937
1032
1049
1048
1934
1409
1061
1051
1044
1032
1049
1049
1934
1409
1061
1049
1044
1032
1049
1050
1934
1409
1061
1051
1044
6704
1046
1362
7534
2210
2000
3125
47742
32371
15124
1795
14708
1256
1462
9246
1681
116357
1278
11857
1877
1260
1032
1049
1046
41099
1747
29268
62695
1562
20978
1044
1261
1044
1289
1046
20776
2000
1086
24514
51330
1260
1032
1050
1046
16143
33550
1085
1307
3729
2000
1086
24514
1867
1032
1049
51330
1260
1032
1051
1046
36968
20978
1536
5954
1044
3160
13539
52248
1317
4317
1373
3074
97140
3253
2951
1626
1260
1032
1052
1046
47906
1278
1373
3074
1513
29268
1032
1049
1319
1270
2258
29268
2988
1577
5469
113835
23015
21313
1317
2016
2000
64028
7273
2000
1982
1091
1048
1093
7273
2000
5914
9853
1091
1048
39261
1626
1260
1032
1053
1046
16143
18246
48873
4234
1394
1424
9467
1321
6705
10314
1408
3549
1626
1260
1032
1054
1046
65851
4362
8708
2000
63108
3755
5371
1106
1093
1376
6705
74387
9596
8897
3755
3605
1289
13872
8623
51330
1260
1032
1055
1046
19326
1747
96478
1307
2000
19284
16026
17783
1321
3081
2365
4556
1338
1256
1462
9246
1681
2688
1593
13951
3675
1278
36519
2937
68093
1058
2688
2937
1032
1057
1934
2000
1110
1061
1051
7273
1809
36281
2015
1317
1032
1049
1053
1046
2000
1086
24514
1096
2084
1402
1032
1049
1053
1319
1270
13162
4853
1562
20978
1577
33550
1085
3729
1032
1049
1054
1046
27912
2196
1338
1256
1462
32844
1044
2549
1693
29268
1032
1049
1395
1605
1294
1278
8404
1063
1531
8404
1395
8822
1321
1934
36281
1032
1049
1791
1086
24514
41604
1044
1809
2688
2937
1032
1057
1934
29268
1032
1049
1294
20978
1058
46248
1049
1044
1032
1049
1050
1044
1032
1056
1057
1056
1053
1051
1056
1055
1056
1054
88404
46248
1049
1044
1032
1049
1048
1044
1032
1053
1048
1054
1052
1054
1050
1054
1048
88404
6704
1046
4493
1032
1049
1395
2988
1046
1362
7534
8181
1513
1032
1049
1044
1505
1362
1710
8181
1513
1278
2158
29268
2959
1046
3870
1402
12663
1044
1362
7534
3081
2258
29268
1455
10249
1294
20978
1044
1505
2586
2210
1032
1049
1693
1494
12123
1044
2849
3081
1278
2365
29268
2988
1338
1256
1462
9246
1681
4206
2688
2937
1032
1057
1681
6878
4848
1058
1032
1056
1051
1057
1054
1056
1051
1052
1052
1052
1046
1362
7534
12319
1278
11857
1338
1256
1462
69474
6769
1058
1531
8404
4139
1736
6245
20978
1505
2585
16922
6465
1063
1429
58964
8822
1673
58636
8404
1034
4938
1836
2585
16922
6465
1044
1836
6245
20978
1046
43605
1338
1256
1462
15081
6769
1058
1656
2688
2937
1032
1057
1044
2000
1097
18359
1051
1093
7273
2000
1098
18359
1052
1093
7273
1878
1409
1061
1049
1046
1531
4556
1395
2586
2000
1102
1040
1051
1044
1052
94799
1531
4832
1395
1032
1056
1051
1057
1054
1056
1051
1052
1052
1052
1046
9246
1681
3219
1693
1455
7510
7453
1454
1278
20978
1046
1531
3549
1032
1051
1317
1032
1052
8039
2753
5954
1046
1362
7534
2586
5687
1321
10789
1338
1256
1462
9246
1681
21966
7418
1278
3475
1044
40052
82642
12883
8520
1454
113835
1319
3038
82419
11658
2519
1256
1462
33550
1085
48639
1058
2000
7669
1376
2951
71975
24728
117945
1867
1032
1049
2798
9816
3626
1729
2534
1317
9243
1747
36281
1046
49032
1044
1362
1710
2586
3081
1278
8905
29268
7513
1562
1747
8091
1294
20978
1044
1261
1044
1289
1046
9246
1681
1653
1877
1260
2000
1599
1095
70085
1376
2016
1690
10632
1260
1394
1333
42129
74622
1294
20978
1058
1747
1095
70085
4297
24952
3455
1747
1095
70085
4297
14097
1456
1260
1394
2460
1294
1261
1058
1747
1095
70085
4297
4790
1456
1260
1394
2460
1294
1289
1058
1747
1095
70085
4297
4790
1456
1260
2000
5914
11221
1376
6705
60991
1095
70085
114759
1260
6830
3729
1376
6705
11221
1867
1032
1049
1338
1256
1462
3626
7377
1044
1278
8404
1395
1429
58964
8822
1673
58636
8404
1454
1308
36281
3871
17048
2000
1110
1096
1395
2586
1278
2782
1307
36281
1044
1321
36281
1584
30068
1032
1049
1317
1308
1046
7637
2937
1032
1057
6938
2130
1593
1044
1809
1494
1681
1261
2688
2937
1046
1362
4016
7782
1494
1046
26243
2000
1110
1096
1395
1605
2434
1394
1265
7415
1044
1321
1362
2715
2586
2210
1278
7293
20344
1046
1362
7534
3729
4057
1408
6705
6765
2959
1338
1256
1462
9246
1681
3475
1494
5966
1536
5966
1338
1256
1462
12558
1394
1409
1061
1048
1063
62178
1605
1044
1809
7782
34856
6949
1338
1256
1462
34962
78990
1058
2000
3125
47742
32371
15124
1795
9297
69524
3501
1044
7645
2654
26524
1046
2000
1097
1096
1321
2000
1098
1096
1584
4265
20100
1046
1362
2534
1317
10217
2744
2000
1097
3755
39261
1454
2269
2000
1098
1091
71377
3755
20162
9816
4493
1362
7534
10616
96478
1307
26524
2000
19284
16026
1041
14708
1256
1462
9246
1681
7418
1278
3475
1338
1256
1462
5661
2081
6588
1058
1531
1373
3074
4139
1605
4626
1747
36281
1693
1278
8404
1395
77248
1044
1809
4127
8223
8822
1338
1256
1462
1362
7534
5194
1278
3475
2100
1975
29896
1010
5011
38227
2671
5247
1044
81409
1010
1917
130173
1010
1917
20267
1267
3149
33945
9596
80104
4990
1058
1935
1044
20978
1058
5247
1091
74988
59939
1044
1935
1044
1935
66925
1261
1058
5247
59939
3605
1289
1058
5247
59939
8623
4906
1935
1877
1293
2569
41099
1747
29268
20344
1010
1293
6705
11221
1376
1032
1049
1010
1293
1394
1333
1044
1330
1044
1285
1294
20978
1877
1369
1693
1333
3006
6705
11221
1058
6705
11221
1376
1333
1010
1369
1693
1330
3006
6705
11221
1058
6705
11221
1376
1330
1010
1293
1394
2460
1294
1261
1877
1369
1693
2460
3006
6705
11221
1058
6705
11221
1376
2460
1010
1293
1394
2460
1294
1289
1877
1369
1693
2460
3006
6705
11221
1058
6705
11221
1376
2460
1010
1260
1010
1293
2569
33550
1085
1010
1293
7917
1376
2951
71975
24728
11221
1867
1032
1049
3824
1293
10474
1376
1766
1048
1093
1364
1319
5914
11221
1867
1032
1049
1456
1260
1010
1293
2121
3081
4790
3640
1369
3016
7917
25207
1093
3942
2460
1877
1463
7917
25207
1093
1376
7917
1091
7669
25207
33024
1463
2460
1376
7917
25207
2820
1369
1850
2460
1010
1260
1010
1293
2121
18820
4790
1044
1404
3640
1369
75739
1044
43728
1376
3081
4790
1574
3081
16367
1456
1369
1693
75739
2351
43728
1877
1463
1850
12819
1010
1369
1693
10474
51877
1120
1093
1534
10474
1091
1938
30689
1463
75739
1044
43728
1376
43728
1044
75739
1010
1369
7917
1091
1938
1093
1376
75739
1010
1369
1693
10474
51877
1120
1093
2351
10474
1091
1938
30689
1463
10474
51877
1120
1093
5773
1032
1049
1010
1369
1850
10344
1010
1260
1010
1293
2569
16143
1373
3074
1010
1293
20978
3134
18184
1376
25585
1040
53989
1044
3844
93244
1324
1058
1324
1091
1050
8791
1293
1283
1314
48110
1106
1376
35976
1394
1957
1294
4521
24728
11221
1867
1032
1049
17572
1293
1394
1333
1044
1330
1044
1285
1294
20978
3134
18184
1877
1369
1693
18820
24952
1044
1330
3640
1463
1283
1314
48110
1106
81696
3077
15974
4564
1118
1044
1285
3824
1463
1283
1314
48110
1106
66105
3077
15974
4564
1117
1044
1285
3824
1260
1010
1293
2569
3367
2342
1925
29268
1044
1809
8404
8822
1044
13162
1308
1061
1049
2937
1010
1293
2569
20776
1261
8181
1394
113835
1058
2258
29268
2988
1010
1293
2569
49032
1044
8404
1395
8822
1044
1878
1747
36281
1454
20978
1584
1294
1925
6709
1626
1293
2569
3626
2156
4139
1402
14995
36281
1063
1429
58964
8822
1673
58636
8404
1454
1308
36281
1034
24277
1747
1308
36281
1584
8822
1626
1293
2569
2837
7534
8181
1513
1032
1049
1693
1032
1049
9120
6705
11221
1044
2849
1513
2365
29268
1626
1293
8181
1376
1032
1049
1693
6705
11221
9218
1032
1049
2849
1032
1048
1010
1260
1010
1293
30833
1376
20267
97342
120255
4782
1050
24728
11221
2798
1867
1032
1049
1693
6705
11221
3006
1032
1049
2849
1032
1049
1010
1293
2015
1376
16871
1048
1093
1364
1319
5914
11221
1867
1032
1049
1041
1394
1957
1294
4521
116201
17572
1293
6705
9853
1376
16871
1048
1093
1364
1319
5914
11221
1867
1032
1049
1041
1394
1957
1294
4521
116201
17572
1293
12883
1376
1766
1048
1093
1364
1319
5914
11221
1867
1032
1049
1456
1260
1010
1293
2569
40347
2277
113835
1562
8181
1010
1293
11658
1376
31008
9230
1044
1032
1048
1044
1032
1048
19322
1032
2569
6194
1044
7917
1044
5954
21255
36809
1010
1293
21643
1376
1766
13297
1093
1364
1319
5914
11221
1867
1032
1049
1456
1293
21643
1091
9230
1093
1376
10344
1010
1293
3016
11658
1877
1369
1333
1044
1274
1044
1285
1376
11658
27699
2838
1369
2015
1091
1048
5371
1117
1093
1376
1274
1010
1369
6705
9853
1091
1048
5371
1117
1093
1376
1285
1010
1369
1394
1330
1044
5954
1294
1283
1314
48110
1106
81696
30689
1463
1693
1605
21643
66105
30689
1694
21643
66105
1093
1376
10344
1010
1694
12883
66105
1093
1376
12883
81696
1093
1867
1032
1049
1010
1694
11658
7144
4564
1118
1044
1333
1044
5954
3824
1260
1010
1293
2569
51950
48873
1010
1293
1394
1475
1294
4521
1040
1049
1044
30833
3640
1369
1394
1623
1294
4521
1040
1049
1044
6705
11221
1867
1032
1049
3640
1463
2015
13872
5371
1105
1093
1376
2015
13872
1045
1049
5371
1982
13872
1045
1049
5371
1105
33024
1463
6705
9853
13872
5371
1105
1093
1376
6705
24728
9853
13872
1045
1049
5371
1105
3605
6705
9853
13872
1045
1049
5371
1982
13872
1045
1049
5371
1105
88661
1260
1010
1293
2121
6705
74387
9596
24952
1044
1330
3640
1369
1693
1333
2351
1330
1877
1463
1850
1032
1048
1010
1369
1693
12883
81696
1093
1534
12883
66105
30689
1463
1333
1044
1330
1376
1330
1044
1333
1010
1369
3811
1376
12883
81696
1093
1462
12883
66105
2820
1369
6705
24075
1376
1032
1048
1010
1369
1394
1475
1294
4521
116201
3640
1463
1693
3811
1748
1319
1049
4648
1475
3640
1694
6705
24075
1376
6705
24728
24075
1044
6705
9853
13872
5371
1117
8791
1694
1333
1376
2015
13872
5371
1117
2820
1369
1693
1333
2351
1330
1877
1463
1850
6705
24075
1010
1369
1394
1475
1294
4521
116201
1462
1032
1049
1044
1462
1049
1044
1462
1049
3640
1463
1693
2015
13872
5371
1117
1093
3942
2015
13872
5371
1118
30689
1694
6705
24075
1376
6705
24728
24075
1044
6705
9853
13872
5371
1117
3605
6705
9853
13872
5371
1118
8791
1694
1333
1376
2015
13872
5371
1117
2820
1694
1330
1376
2015
13872
5371
1118
2820
1369
6705
24075
1376
6705
24728
24075
1044
6705
9853
1091
1048
5371
1117
3605
6705
9853
1091
1048
5371
1118
8791
1369
1850
6705
24075
1010
1260
1010
1293
1409
1376
9027
8897
1456
1293
1693
1409
2351
1032
1048
1877
1369
1850
1032
1048
1010
1293
4362
1376
16871
1048
1093
1364
1409
1394
1957
1294
4521
16026
17572
1293
1394
1623
1294
4521
16026
3640
1369
1394
1475
1294
4521
16026
3640
1463
4362
3755
5371
1106
1093
1376
6705
74387
9596
8897
3755
3605
1289
13872
8791
1260
1010
1293
2365
37249
1376
8103
2021
36295
4615
1293
1394
7645
1294
130173
32371
15124
1795
71975
16026
31454
1369
1265
1376
4556
5164
1591
3755
5371
71377
3755
20162
1394
1623
1294
4521
16026
3824
1369
1693
1265
1534
2365
37249
1877
1463
2365
37249
1376
1265
1010
1293
1850
2365
37249
1010
2731
1256
1462
9246
1681
6369
5289
60213
1877
1260
1462
2000
37288
1096
22028
1058
1693
2000
5914
11221
1376
1032
1049
7273
2000
4303
1050
1040
1049
8429
1048
7273
2000
61178
1040
1048
15312
1049
1061
1049
7273
1809
4521
1040
1049
1041
1395
7771
1046
1362
7534
2229
2000
1391
6705
11221
3006
1032
1049
1096
2849
1032
1049
1626
1260
1462
113835
1058
1362
2210
2000
14143
27699
13420
1799
1395
113835
1319
1076
97028
1577
5646
1681
7771
1046
1362
2016
2000
76009
1096
1321
11354
4974
1046
1531
3542
6354
2405
8122
1394
1424
9467
8441
1435
2730
1435
1494
1681
1261
9917
1626
1260
1462
2000
1982
1091
1048
5371
1117
1093
1376
1274
49431
1394
8181
1044
2000
1112
1061
1048
7273
1878
2000
1982
1091
1048
5371
9230
18652
1048
9816
5646
1681
7771
1044
2000
1048
1096
1395
1261
103481
1299
1626
1260
1462
1656
2000
5914
74387
9596
7273
2200
48873
2000
1117
1096
1317
2000
1118
93080
1115
12883
1044
1362
2210
2000
2975
1475
1294
4521
116201
4244
1693
3811
1748
1319
1049
4648
1475
4244
9816
2409
6113
1626
1260
1462
5417
23204
1317
2879
12883
1044
1693
2000
1117
2351
1330
7273
1850
1626
1260
1462
6830
1394
2000
1106
1096
1562
2000
37288
1045
1049
1096
3151
1317
2000
1048
7273
1693
2000
1982
13872
5371
1117
1093
3942
2015
13872
5371
1118
1093
7273
17443
2960
1046
2409
1395
5990
1626
1260
1462
15513
1044
2000
5914
24075
1376
6705
24728
24075
1044
6705
9853
1091
1048
5371
1117
3605
6705
9853
1091
1048
5371
1118
8623
1096
3147
2000
1117
1096
1321
2000
1118
1096
1584
4974
1307
1424
9467
1626
1260
1462
2409
10637
6298
1338
1256
1462
7637
2937
1032
1057
1058
2000
1110
1061
1051
7273
20978
1736
36281
2015
1317
1032
1049
1053
1044
2000
1097
18359
1051
1093
7273
2000
1098
18359
1052
1093
9816
2000
5914
11221
1096
2084
1402
1513
4403
1032
1049
1053
1046
113835
1562
8181
1061
1049
1046
1373
3074
8088
1046
2000
5914
74387
9596
1040
1051
1044
1052
17783
2715
1850
1032
1056
1051
1057
1054
1056
1051
1052
1052
1052
1046
1362
7534
12319
1494
1338
1256
1462
7637
2937
1032
1049
1048
1058
2000
1110
1061
1054
7273
20978
1058
1319
1049
1044
1050
1044
1051
1054
1051
1056
1051
1049
1048
1051
1054
1574
1319
1049
1044
1051
1044
1052
1057
1057
1050
1049
1052
1051
1049
1053
1574
1319
1049
1044
1052
1044
1055
1056
1052
1051
1055
1050
1055
1056
1049
1574
1319
1049
1044
1053
1044
1049
1048
1050
1051
1054
1053
1050
1049
1050
1574
1319
1049
1044
1054
1044
1055
1050
1048
1050
1051
1051
1057
1050
1050
1577
2000
1097
18359
1051
1044
1052
1044
1054
1093
7273
2000
1098
18359
1050
1044
1053
1044
1049
1093
9816
77859
1058
1032
1050
1048
1048
1051
1056
1050
1049
1048
1049
1056
1046
4890
11857
2715
7782
9655
8404
1373
3074
1319
11018
1395
1278
8404
7423
4136
1494
1681
5314
1261
9917
1063
49032
20978
2071
1261
9655
1454
7034
1032
1049
1044
1747
20978
2988
1046
2157
1681
1261
9917
5314
1046
1373
3074
2084
8427
1747
20978
4136
1308
1061
1054
1044
1032
1053
20978
1046
8923
10314
1408
3549
1058
2396
15786
5059
7034
1044
6705
1307
2295
20978
1046
28200
14390
1256
1462
7637
2937
1032
1049
1049
1058
2000
1110
1061
1050
7273
20978
1058
1319
1049
1044
1050
1044
1051
1056
1056
1057
1051
1051
1051
1054
1057
1574
2000
1097
18359
1050
1093
7273
2000
1098
18359
1049
1093
9816
77859
1058
1032
1051
1056
1056
1057
1051
1051
1051
1054
1057
1046
17669
6705
10314
1376
1032
1051
1056
1056
1057
1051
1051
1051
1054
1057
1046
23313
1338
1256
1462
7637
2937
1032
1049
1050
1058
2000
1110
1061
1055
7273
20978
1058
1319
1049
1044
1050
1044
1054
1048
1054
1053
1050
1051
1056
1052
1056
1574
1319
1049
1044
1051
1044
1051
1054
1057
1057
1057
1049
1050
1050
1056
1574
1319
1050
1044
1052
1044
1051
1049
1050
1054
1054
1051
1053
1052
1051
1574
1319
1051
1044
1053
1044
1051
1052
1054
1056
1050
1049
1050
1050
1050
1574
1319
1052
1044
1054
1044
1056
1052
1048
1053
1048
1057
1052
1048
1055
1574
1319
1052
1044
1055
1044
1054
1052
1052
1057
1057
1057
1057
1051
1049
1577
2000
1097
18359
1055
1044
1053
1044
1051
1093
7273
2000
1098
18359
1054
1044
1049
1044
1050
1093
9816
77859
1058
1032
1049
1056
1049
1055
1048
1050
1052
1052
1056
1051
1338
1256
1462
9246
1681
5558
40172
1278
33550
1085
6769
1046
80033
1362
1880
2000
7669
1376
2951
71975
4990
1867
1032
1049
2798
1096
1799
9700
1394
2688
2937
1032
1057
3147
2000
1110
1061
1051
1096
1809
36281
3006
1051
1046
4890
8786
8942
2000
5914
11221
1096
1562
1747
20344
1046
13649
1338
1256
1462
5661
10314
2937
1058
5675
1693
2000
5914
11221
1096
1395
1032
1048
1063
5500
4171
4136
36281
9218
1049
1338
1256
1462
5675
1693
1278
8404
1934
2000
1110
1096
36281
1809
20344
1584
1605
1032
1049
1791
1110
1063
4890
5125
39184
1494
1338
1256
1462
5675
2314
1278
2000
1110
1096
9276
1063
1362
4525
1605
2505
1494
1394
1265
7415
1044
1799
1395
7771
1046
1531
4127
4139
1736
2000
1110
1096
1435
1261
2517
52790
1505
1394
4292
3729
1044
1809
1278
7293
8404
5194
1395
1294
20978
22139
15836
1338
1256
1462
9246
1681
3369
1693
1278
8404
1395
42296
8822
1046
13830
1044
8953
3607
8223
1429
58964
8822
1673
58636
8404
7223
1256
1462
3316
2156
2258
2937
2478
2000
1097
1096
1321
2000
1098
1096
1736
2801
34749
1063
37865
3607
8223
1429
33078
14170
1261
1321
1289
1307
1278
2879
5592
3871
1362
7534
14649
2127
1584
1338
1256
1462
34962
78990
1058
2000
1107
1096
2481
1402
2015
1317
13162
1032
1054
1505
1032
1055
4057
1408
2688
5443
1046
2000
1054
1033
1376
1032
1055
1050
1048
7273
2000
1055
1033
1376
1032
1053
1048
1052
1048
7273
3637
7771
1046
1362
7534
2210
2000
3125
47742
32371
15124
1795
14708
1256
1462
9246
1681
6369
1278
2000
6390
1096
2254
1294
1278
16925
1046
2157
13193
2000
6390
45525
128857
9596
80104
94799
1531
9458
1584
6625
2000
6390
9816
1362
2586
2534
1317
3180
5257
2036
2254
22405
2424
1338
1256
1462
1362
7534
3246
9470
1278
2778
3475
4950
1338
1256
1462
32844
1044
1925
5289
16559
1058
1531
1373
3074
4139
1605
4626
1747
36281
1693
2156
1584
14995
36281
1044
1809
8404
1395
8822
1044
1878
1747
36281
1454
20344
3006
1048
1455
6730
1294
20978
2084
1402
5656
1046
5675
2314
36281
1455
6730
2342
1294
2000
1097
1096
1505
2000
1098
1096
1809
1605
1294
20978
1063
1531
4127
8223
8404
1934
2000
1110
1096
36281
1044
1321
2000
1097
7273
2000
1098
1096
1584
29268
8091
1046
4159
2715
1402
1805
1307
1278
8404
1046
3367
1261
29268
1294
2000
1097
1096
1505
2000
1098
1096
1934
1836
20978
1044
1809
8404
1395
8822
1044
1494
4016
1736
20978
1046
1362
7534
14649
1747
36281
1294
2000
1097
1096
1321
2000
1098
1096
1584
1294
1278
8404
1681
29268
2016
1338
1256
1462
9246
1681
1653
1261
7586
12957
3160
1307
2688
2937
1032
1050
1058
2000
1110
1061
1051
7273
20978
1058
1319
1049
1044
1050
1044
1053
1574
1319
1050
1044
1051
1044
1050
1574
1319
1049
1044
1051
1044
1049
1577
2000
1097
18359
1049
1044
1049
1093
7273
2000
1098
18359
1050
1044
1051
1093
9816
2000
5914
11221
1061
1051
9816
1373
3074
1058
5186
20978
1536
5954
1058
1319
1049
1044
1051
1044
1049
1574
1319
1050
1044
1051
1044
1050
1574
1319
1049
1044
1050
1044
1053
1577
13539
52248
1058
2229
1319
1049
1044
1051
1044
1049
1574
2229
1319
1050
1044
1051
1044
1050
1574
26860
1319
1049
1044
1050
1044
1053
1041
1319
73717
4305
11119
1577
1373
3074
20978
1058
1319
1049
1044
1051
1044
1049
1574
1319
1050
1044
1051
1044
1050
1577
17669
1032
1049
1045
1050
1058
6705
10314
1376
6705
1040
1049
1044
1050
8429
1050
1046
17669
1032
1049
1045
1051
1058
6705
10314
1376
1032
1049
1046
23987
8708
1058
2000
1097
1091
1048
18652
1049
1044
1261
1091
1049
18652
1049
7273
2000
1098
1091
1048
18652
1050
1044
1289
1091
1049
18652
1051
9816
2000
63108
1091
1048
5371
1048
18652
1102
1040
1049
1044
1050
8429
1050
7273
2000
63108
1091
1048
5371
1049
18652
1102
1040
1049
1044
1051
8429
1049
7273
2000
63108
1091
1049
5371
1048
18652
1050
7273
2000
63108
1091
1049
5371
1049
18652
1049
9816
34962
78990
1307
2000
1098
49431
1766
1050
1044
1051
1093
4556
1376
1284
1040
1049
1044
1050
15312
1102
1040
1049
1044
1051
8429
1050
1043
1049
1061
1051
1046
1766
1051
1044
1050
1093
4556
1376
1284
1040
1049
1044
1051
15312
1102
1040
1049
1044
1050
8429
1049
1043
1050
1061
1051
1046
12953
5628
1032
1051
1046
77859
4848
1058
1032
1051
1046
79472
1338
1256
1462
7637
2937
1032
1049
1058
2000
1110
1061
1052
7273
20978
1058
1319
1049
1044
1051
1044
1050
1574
1319
1051
1044
1052
1044
1049
1574
1319
1050
1044
1052
1044
1053
1574
1319
1049
1044
1052
1044
1052
1577
2000
1097
18359
1049
1044
1049
1044
1051
1093
7273
2000
1098
18359
1052
1044
1052
1044
1050
1093
9816
2000
5914
11221
1061
1052
9816
1373
3074
5186
1058
1319
1051
1044
1052
1044
1049
1574
1319
1049
1044
1051
1044
1050
1574
1319
1049
1044
1052
1044
1052
1574
1319
1050
1044
1052
1044
1053
1577
13539
52248
1058
2229
1319
1051
1044
1052
1044
1049
1574
2229
1319
1049
1044
1051
1044
1050
1574
2229
1319
1049
1044
1052
1044
1052
1041
2168
11119
1063
1032
1049
1045
1051
1045
1052
1044
12327
1032
1049
1045
1052
21622
11119
1044
26860
1046
2229
1319
1050
1044
1052
1044
1053
4244
1032
1050
1605
8822
1044
2229
1046
1373
3074
20978
1058
1319
1051
1044
1052
1044
1049
1574
1319
1049
1044
1051
1044
1050
1574
1319
1050
1044
1052
1044
1053
1577
17669
1115
1058
1032
1010
1260
1284
1040
1049
1044
1052
4244
3549
1032
1049
1045
1051
1045
1052
1044
6705
1040
1050
1044
1049
8429
1050
1626
1260
1284
1040
1049
1044
1050
4244
3549
1032
1049
1045
1051
1045
1052
1045
1050
1044
6705
1040
1050
1044
1049
1044
1053
8429
1053
1626
1260
1284
1040
1051
1044
1050
4244
3549
1032
1051
1045
1052
1045
1050
1044
6705
1040
1049
1044
1053
8429
1053
1626
1260
23987
8708
1032
1051
1120
1051
1877
1260
12964
1261
1058
1032
1049
1044
1032
1049
1044
1032
1051
1010
1260
48043
1289
1058
1032
1052
1044
1032
1052
1044
1032
1050
1010
1260
4362
1091
1048
5371
1048
18652
1102
1040
1049
1044
1052
8429
1050
1044
4362
1091
1048
5371
1049
18652
1050
1044
4362
1091
1048
5371
1050
18652
1102
1040
1049
1044
1050
8429
1053
1010
1260
4362
1091
1049
5371
1048
18652
1050
1044
4362
1091
1049
5371
1049
18652
1050
1044
4362
1091
1049
5371
1050
18652
1053
1010
1260
4362
1091
1050
5371
1048
18652
1102
1040
1051
1044
1052
8429
1049
1044
4362
1091
1050
5371
1049
18652
1049
1044
4362
1091
1050
5371
1050
18652
1102
1040
1051
1044
1050
8429
1053
1010
1260
2837
2534
2365
4556
80751
3300
1261
1681
1317
3300
1289
1681
1319
33078
1032
1049
1681
1321
1925
1032
1051
1044
2295
1032
1052
1681
1321
1925
1032
1050
4342
1260
58973
96478
1307
1289
26524
1766
1048
1044
1049
1044
1050
1093
1319
10855
1032
1052
1044
1052
1044
1050
3640
1260
1462
16426
1261
1048
1061
1049
1941
1098
1048
1061
1052
1319
1050
1574
1261
1049
1061
1049
1941
1098
1049
1061
1052
1319
1050
1574
1261
1050
1061
1051
1941
1098
1050
1061
1050
1319
1053
1041
4556
1061
1057
1010
1260
1462
1261
1048
1941
1052
1319
1050
1574
1261
1049
1941
1050
1319
1053
1574
1261
1050
1941
1052
1319
1049
1041
4556
1061
1056
1010
1260
1462
1261
1048
1941
1050
1319
1053
1574
1261
1049
1941
1052
1319
1050
1574
1261
1050
1941
1052
1319
1049
1041
4556
1061
1056
1010
1260
1462
1261
1048
1941
1050
1319
1053
1574
1261
1049
1941
1050
1319
1053
1574
1261
1050
1941
1052
1319
1049
1041
4556
1061
1049
1049
1010
1260
5101
1395
1032
1056
1046
77859
4848
1058
1032
1056
1046
79472
1338
1256
1462
37934
7444
12714
1338
1256
1462
5661
27465
8786
1058
1656
2000
37288
1096
22028
1044
1693
2000
5914
11221
2351
1032
1049
7273
2000
2978
4782
1050
1040
1049
8429
1048
7273
2000
61178
1040
1048
8429
1048
7273
2000
1043
1049
1061
1049
9816
3626
2000
19284
1040
1049
17783
1395
7771
1046
3886
1044
2000
1982
1096
4234
1934
2000
37288
1096
12964
1046
3367
2000
5914
11221
1061
1049
7273
2000
37288
1061
1049
7273
2000
1982
1096
1395
1032
1049
1120
1050
1046
2000
64028
1096
3729
1032
1050
1046
113835
2084
2196
1046
3626
8404
1454
1032
1049
29268
1321
1836
20978
1063
29667
8223
8822
1673
58636
8404
1454
1308
36281
1046
3367
1308
1061
1049
1044
20978
2951
4139
1402
9829
1046
4890
3475
1058
2000
5914
11221
1096
1562
20978
22139
15836
1046
3367
20978
9829
1044
2000
5914
11221
1096
1562
1261
15836
1046
3367
1261
1321
1289
2095
9829
1063
5500
6906
1046
1362
7534
2229
2000
37288
1376
6705
1040
1049
1044
20267
97342
120255
4782
1050
24728
11221
2798
1867
1032
1049
1041
1693
6705
11221
3006
1032
1049
2849
1032
1049
9816
49032
1044
39928
1058
2000
37288
1376
20267
97342
120255
4782
1050
24728
11221
1867
1032
1049
2798
1867
1032
1049
1096
1317
1402
12663
1046
3247
2586
2000
37288
1376
1032
1049
1693
6705
11221
9120
1032
1049
2849
20267
97342
120255
4782
1050
24728
11221
2798
1867
1032
1049
9816
1362
7534
2586
1653
2000
37288
1376
6705
1040
1049
1044
20267
97342
120255
4782
1050
24728
11221
2798
1867
1032
1049
1041
1693
6705
11221
3006
1032
1049
2849
1032
1049
9816
11503
39928
1058
2000
37288
1376
20267
97342
120255
4782
1050
24728
11221
1867
1032
1049
2798
1867
1032
1049
9816
2898
2000
5914
11221
1061
1049
7273
2000
4303
1050
1040
1050
8429
1049
7273
2000
61178
1061
1049
7273
2000
1043
1049
1061
1050
9816
5646
1681
7771
1046
2898
2000
5914
11221
1061
1051
7273
2000
4303
1050
1040
1052
8429
1050
7273
2000
61178
1061
1050
7273
2000
1043
1049
1061
1051
9816
51950
48873
2015
1317
1032
1050
1395
6171
1394
1032
1051
1319
1546
10694
1032
1050
18490
1058
1032
1048
1044
1049
1577
2000
37288
1061
1051
1096
1395
12663
1046
1362
7534
2210
2000
37288
1376
20267
97342
120255
4782
1050
24728
11221
1867
1032
1049
2798
1867
1032
1049
1096
1693
2000
5914
11221
9218
1032
1049
1096
2849
2000
1049
9816
49032
1044
1317
10035
2000
2978
9454
3880
1096
1693
2000
5914
11221
1061
1048
7273
1809
2000
5914
11221
9218
1049
1096
5282
1338
1256
1462
9246
1681
2586
2210
2000
37288
1376
20267
97342
120255
4782
1050
24728
11221
1867
1032
1049
2798
1867
1032
1049
1096
1693
2000
5914
11221
3006
1032
1048
1096
2849
2000
1049
9816
1362
7534
7782
1494
1338
1256
1462
49032
1044
1362
7534
2586
2016
2000
37288
1376
1032
1049
1096
1693
2000
5914
11221
9120
1032
1049
1096
2849
2000
2978
97342
120255
4782
1050
24728
11221
2798
1867
1032
1049
9816
5646
1681
12663
1338
1256
1462
13968
5194
2100
1975
29896
1010
5011
38227
2671
5247
1044
81409
1010
1917
130173
1010
1917
20267
1267
3149
33945
9596
80104
4990
1058
1935
1044
20978
1058
5247
1091
74988
59939
1044
1935
1044
1935
66925
1261
1058
5247
59939
3605
1289
1058
5247
59939
8623
4906
1935
1877
1293
2569
84835
1278
7293
8905
29268
6765
1010
1293
6705
11221
1376
1032
1049
1010
1293
1394
1333
1044
1330
1044
1285
1294
20978
1877
1369
1693
1333
3006
6705
11221
1058
6705
11221
1376
1333
1010
1369
1693
1330
3006
6705
11221
1058
6705
11221
1376
1330
1010
1293
1394
2460
1294
1261
1877
1369
1693
2460
3006
6705
11221
1058
6705
11221
1376
2460
1010
1293
1394
2460
1294
1289
1877
1369
1693
2460
3006
6705
11221
1058
6705
11221
1376
2460
1010
1260
1010
1293
2569
33550
1085
48639
1010
1293
7917
1376
2951
71975
24728
11221
1867
1032
1049
3824
1293
10474
1376
1766
1048
1093
1364
1319
5914
11221
1867
1032
1049
1456
1260
1010
1293
2121
3081
4790
1058
1935
1041
4906
1935
1877
1369
3016
7917
25207
1093
3942
2460
1877
1463
7917
25207
1093
1376
7917
1091
7669
25207
33024
1463
2460
1376
7917
25207
2820
1369
1850
2460
1010
1260
1010
1293
2121
18820
4790
1058
1935
1044
1404
1058
1935
1041
4906
7881
1877
1369
75739
1044
43728
1376
3081
4790
1574
3081
16367
1456
1369
1693
75739
2351
43728
1877
1463
1850
12819
1010
1369
1693
10474
51877
1120
1093
1534
10474
1091
1938
30689
1463
75739
1044
43728
1376
43728
1044
75739
1010
1369
7917
1091
1938
1093
1376
75739
1010
1369
1693
10474
51877
1120
1093
2351
10474
1091
1938
30689
1463
10474
51877
1120
1093
5773
1032
1049
1010
1369
1850
10344
1010
1260
1010
1293
2569
16143
1373
3074
2505
13539
52248
1010
1293
20978
3134
18184
1376
25585
1040
53989
1044
3844
93244
1324
1058
1324
1091
1050
8791
1293
1283
1314
48110
1106
1376
35976
1394
1957
1294
4521
24728
11221
1867
1032
1049
17572
1293
1394
1333
1044
1330
1044
1285
1294
20978
3134
18184
1877
1369
1693
18820
24952
1044
1330
3640
1463
1283
1314
48110
1106
81696
3077
15974
4564
1118
1044
1285
3824
1463
1283
1314
48110
1106
66105
3077
15974
4564
1117
1044
1285
3824
1260
1010
1293
2569
87632
1424
9467
1321
6705
10314
1408
3549
10137
1010
1293
2569
47906
1278
1373
3074
1513
29268
1032
1049
1319
1391
1494
12123
1044
12233
2258
29268
1456
1293
8181
1376
1032
1049
1693
6705
11221
9218
1032
1049
2849
1032
1048
1010
1260
1010
1293
30833
1376
1032
1049
1693
6705
11221
9120
1032
1049
2849
20267
97342
120255
4782
1050
24728
11221
2798
1867
1032
1049
1010
1293
2015
1376
16871
1048
1093
1364
1319
5914
11221
1867
1032
1049
1041
1394
1957
1294
4521
116201
17572
1293
6705
9853
1376
16871
1048
1093
1364
1319
5914
11221
1867
1032
1049
1041
1394
1957
1294
4521
116201
17572
1293
12883
1376
1766
1048
1093
1364
1319
5914
11221
1867
1032
1049
1456
1260
1010
1293
2569
40347
2277
113835
1317
2016
12883
1044
2015
1091
1048
3605
6705
9853
1091
1048
2820
1293
11658
1376
31008
9230
1044
1032
1048
1044
1032
1048
17572
1293
21643
1376
1766
13297
1093
1364
1319
5914
11221
1867
1032
1049
1456
1293
21643
1091
9230
1093
1376
10344
1010
1293
3016
11658
1877
1369
1333
1044
1274
1044
1285
1376
11658
27699
2838
1369
2015
1091
1048
5371
1117
1093
1376
1274
1010
1369
6705
9853
1091
1048
5371
1117
1093
1376
1285
1010
1369
1394
1330
1044
5954
1294
1283
1314
48110
1106
81696
30689
1463
1693
1605
21643
66105
30689
1694
21643
66105
1093
1376
10344
1010
1694
12883
66105
1093
1376
12883
81696
1093
1867
1032
1049
1010
1694
11658
7144
4564
1118
1044
1333
1044
5954
3824
1260
1010
1293
2569
51950
48873
4234
1010
1293
1394
1475
1294
4521
1040
1049
1044
30833
3640
1369
1394
1623
1294
4521
1040
1049
1044
6705
11221
1867
1032
1049
3640
1463
2015
13872
5371
1105
1093
1376
2015
13872
1045
1049
5371
1982
13872
1045
1049
5371
1105
33024
1463
6705
9853
13872
5371
1105
1093
1376
6705
24728
9853
13872
1045
1049
5371
1105
3605
6705
9853
13872
1045
1049
5371
1982
13872
1045
1049
5371
1105
88661
1260
1010
1293
2121
6705
74387
9596
24952
1058
1935
1044
1330
1058
1935
1041
4906
1935
1877
1369
1693
1333
2351
1330
1877
1463
1850
1032
1048
1010
1369
1693
12883
81696
1093
1534
12883
66105
30689
1463
1333
1044
1330
1376
1330
1044
1333
1010
1369
3811
1376
12883
81696
1093
1462
12883
66105
2820
1369
6705
24075
1376
1032
1048
1010
1369
1394
1475
1294
4521
116201
3640
1463
1693
3811
1748
1319
1049
4648
1475
3640
1694
6705
24075
1376
6705
24728
24075
1044
6705
9853
13872
5371
1117
8791
1694
1333
1376
2015
13872
5371
1117
2820
1369
1693
1333
2351
1330
1877
1463
1850
6705
24075
1010
1369
1394
1475
1294
4521
116201
1462
1032
1049
1044
1462
1049
1044
1462
1049
3640
1463
1693
2015
13872
5371
1117
1093
3942
2015
13872
5371
1118
30689
1694
6705
24075
1376
6705
24728
24075
1044
6705
9853
13872
5371
1117
3605
6705
9853
13872
5371
1118
8791
1694
1333
1376
2015
13872
5371
1117
2820
1694
1330
1376
2015
13872
5371
1118
2820
1369
6705
24075
1376
6705
24728
24075
1044
6705
9853
1091
1048
5371
1117
3605
6705
9853
1091
1048
5371
1118
8791
1369
1850
6705
24075
1010
1260
1010
1293
1409
1376
9027
8897
1456
1293
1693
1409
2351
1032
1048
1877
1369
1850
1032
1048
1010
1260
1010
1293
2569
23987
8708
1058
4362
3755
5371
1106
1093
1376
1284
8897
3755
3605
1289
13872
8791
1293
4362
1376
16871
1048
1093
1364
1409
1394
1957
1294
4521
16026
17572
1293
1394
1623
1294
4521
16026
3640
1369
1394
1475
1294
4521
16026
3640
1463
4362
3755
5371
1106
1093
1376
6705
74387
9596
8897
3755
3605
1289
13872
8791
1260
1010
1293
2569
19326
1747
96478
1307
1289
1317
33945
4556
1010
1293
2365
37249
1376
8103
2021
36295
4615
1293
1394
7645
1294
130173
32371
15124
1795
71975
16026
31454
1369
1265
1376
4556
5164
1591
3755
5371
71377
3755
20162
1394
1623
1294
4521
16026
3824
1369
1693
1265
1534
2365
37249
1877
1463
2365
37249
1376
1265
1010
1293
1850
2365
37249
1010
2731
1256
1462
1362
7534
4848
1593
3475
4950
1338
1256
1462
9246
1681
1653
1261
2778
130898
4206
1408
1278
113835
1046
1362
2210
2000
14143
27699
13420
1799
107958
1278
3804
3584
1046
1362
11354
4974
1044
1321
2127
2084
1402
22528
1046
1531
3542
6354
2405
8122
1394
113791
1307
2000
1982
1091
1048
39261
1321
2000
5914
9853
1091
1048
39261
1435
2730
1435
1494
1681
1261
5746
9917
14075
1279
1046
9748
1494
1681
1420
1373
3074
1044
1494
1681
1261
9917
1044
1878
2258
113835
3542
6113
1338
1256
1462
5661
5289
19940
1058
1656
2000
5914
74387
9596
7273
1278
3110
2000
2975
1475
1294
4521
116201
4244
1693
3811
1748
1319
1049
4648
1475
4244
9816
2409
11723
2130
1475
1562
1032
1048
1317
30833
1045
1049
1046
3367
2000
46401
1096
1934
5659
1475
2016
1044
1729
17443
2000
1117
1096
1536
2000
1050
1094
1106
9816
2409
1395
6298
1046
3886
1044
5990
8482
1395
1317
55645
1562
1032
1048
74606
1044
1799
1395
2549
1362
1653
1046
2157
1681
7771
1338
1256
1462
1531
2667
9165
1058
2000
2975
1475
1294
4521
116201
1462
1032
1049
1044
1462
1049
1044
1462
1049
4244
9816
2409
12481
1562
10626
5659
1317
1032
1048
1046
3367
2000
1982
13872
5371
1117
1093
3942
2015
13872
5371
1118
1093
7273
1729
17443
2960
1046
2409
17047
23880
1424
9467
1321
6705
10314
4455
1338
1256
1462
5417
1278
9165
1044
2000
1117
1096
1321
2000
1118
1096
1584
4974
1307
1424
9467
1046
4493
2000
5914
9853
1091
1048
5371
1117
39261
1321
2000
5914
9853
1091
1048
5371
1118
39261
1584
1278
20978
1562
1333
1321
1330
1317
1424
9467
1046
1362
4069
6705
1307
3385
1046
87482
1338
1256
1462
3797
3683
1338
1256
1462
1362
7534
3246
9470
1278
2778
4832
1046
13
1010
1975
29896
1010
5011
38227
2671
5247
1044
81409
1010
1917
130173
1010
1917
20267
4688
3149
33945
9596
80104
4990
1058
1935
1044
20978
1058
5247
1091
74988
59939
1044
1935
1044
1935
66925
1261
1058
5247
59939
3605
1289
1058
5247
59939
8623
4906
1935
1877
1293
19639
36296
1261
6165
8822
1673
58636
8404
1454
1308
36281
1321
20978
1044
1321
2295
14170
1261
1321
1289
1307
1278
2879
5592
1520
1293
3081
1278
11835
4171
4556
1307
3549
25980
2453
9741
2487
7645
26717
1289
1338
1293
2898
2258
3549
1044
2246
5954
1395
1278
8905
10314
5954
1408
1455
3549
1626
1293
1284
4790
1044
1404
1041
1395
1278
11835
4171
3549
5954
1562
2460
1317
1404
1319
1105
4185
3109
1278
8039
2753
10314
5954
4342
1293
1531
6255
1395
1317
7645
2654
1289
1317
33945
4556
13755
1284
8897
3755
3605
1289
3755
1093
4342
1293
13118
1293
2569
84835
1278
7293
8905
29268
6765
36910
1294
1278
4292
1626
1293
6705
11221
1376
1032
1049
1010
1293
1394
1333
1044
1330
1044
1285
1294
20978
1877
1369
1693
1333
3006
6705
11221
1058
6705
11221
1376
1333
1010
1369
1693
1330
3006
6705
11221
1058
6705
11221
1376
1330
1010
1293
1394
2460
1294
1261
1877
1369
1693
2460
3006
6705
11221
1058
6705
11221
1376
2460
1010
1293
1394
2460
1294
1289
1877
1369
1693
2460
3006
6705
11221
1058
6705
11221
1376
2460
1267
1293
2569
33550
1085
1394
13539
52248
1681
1373
3074
11857
1010
1293
7917
1376
2951
71975
24728
11221
1867
1032
1049
3824
1293
10474
1376
1766
1048
1093
1364
1319
5914
11221
1867
1032
1049
1801
1293
2121
3081
4790
1058
1935
1041
4906
1935
1877
1369
3016
7917
25207
1093
3942
2460
1877
1463
7917
25207
1093
1376
7917
1091
7669
25207
33024
1463
2460
1376
7917
25207
2820
1369
1850
2460
1267
1293
2121
18820
4790
1058
1935
1044
1404
1058
1935
1041
4906
7881
1877
1369
75739
1044
43728
1376
3081
4790
1574
3081
16367
1456
1369
1693
75739
2351
43728
1877
1463
1850
12819
1010
1369
1693
10474
51877
1120
1093
1534
10474
1091
1938
30689
1463
75739
1044
43728
1376
43728
1044
75739
1010
1369
7917
1091
1938
1093
1376
75739
1010
1369
1693
10474
51877
1120
1093
2351
10474
1091
1938
30689
1463
10474
51877
1120
1093
5773
1032
1049
1010
1369
1850
10344
1267
1293
2569
16143
75901
3434
8594
21864
1010
1293
20978
3134
18184
1376
25585
1040
53989
1044
3844
93244
1324
1058
1324
1091
1050
8791
1293
1283
1314
48110
1106
1376
35976
1394
1957
1294
4521
24728
11221
1867
1032
1049
17572
1293
1394
1333
1044
1330
1044
1285
1294
20978
3134
18184
1877
1369
1693
18820
24952
1044
1330
3640
1463
1283
1314
48110
1106
81696
3077
15974
4564
1118
1044
1285
3824
1463
1283
1314
48110
1106
66105
3077
15974
4564
1117
1044
1285
14810
1293
2569
47906
1278
1373
3074
1321
21907
18246
48873
16695
1394
1424
9467
1867
6705
10314
1408
3549
1010
1293
8181
1376
1032
1049
1693
6705
11221
9218
1032
1049
2849
1032
1048
1267
1293
30833
1376
1032
1049
1693
6705
11221
9120
1032
1049
2849
20267
97342
120255
4782
1050
24728
11221
2798
1867
1032
1049
1010
1293
2015
1376
16871
1048
1093
1364
1319
5914
11221
1867
1032
1049
1041
1394
1957
1294
4521
116201
17572
1293
6705
9853
1376
16871
1048
1093
1364
1319
5914
11221
1867
1032
1049
1041
1394
1957
1294
4521
116201
17572
1293
12883
1376
1766
1048
1093
1364
1319
5914
11221
1867
1032
1049
1801
1293
2569
40347
2277
113835
1562
8181
1317
2016
12883
1044
2015
1091
1048
3605
6705
9853
1091
1048
2820
1293
11658
1376
31008
9230
1044
1032
1048
1044
1032
1048
17572
1293
21643
1376
1766
13297
1093
1364
1319
5914
11221
1867
1032
1049
1456
1293
21643
1091
9230
1093
1376
10344
1010
1293
3016
11658
1877
1369
1333
1044
1274
1044
1285
1376
11658
27699
2838
1369
2015
1091
1048
5371
1117
1093
1376
1274
1010
1369
6705
9853
1091
1048
5371
1117
1093
1376
1285
1010
1369
1394
1330
1044
5954
1294
1283
1314
48110
1106
81696
30689
1463
1693
1605
21643
66105
30689
1694
21643
66105
1093
1376
10344
1010
1694
12883
66105
1093
1376
12883
81696
1093
1867
1032
1049
1010
1694
11658
7144
4564
1118
1044
1333
1044
5954
14810
1293
2569
60224
18246
48873
4234
1010
1293
1394
1475
1294
4521
1040
1049
1044
30833
3640
1369
1394
1623
1294
4521
1040
1049
1044
6705
11221
1867
1032
1049
3640
1463
2015
13872
5371
1105
1093
1376
2015
13872
1462
1032
1049
5371
1982
13872
1462
1032
1049
5371
1105
33024
1463
6705
9853
13872
5371
1105
1093
1376
6705
24728
9853
13872
1462
1032
1049
5371
1105
3605
6705
9853
13872
1462
1032
1049
5371
1982
13872
1462
1032
1049
5371
1105
20162
1801
1293
2121
6705
74387
9596
24952
1058
1935
1044
1330
1058
1935
1041
4906
1935
1877
1369
19639
15773
1278
8905
10314
5954
1408
1278
8877
3549
2396
1333
1321
1330
1294
1278
1373
3074
60113
1369
1693
1333
2351
1330
1877
1463
1850
1032
1048
1010
1369
1693
12883
81696
1093
1534
12883
66105
30689
1463
1333
1044
1330
1376
1330
1044
1333
1010
1369
3811
1376
12883
81696
1093
1462
12883
66105
2820
1369
6705
24075
1376
1032
1048
1010
1369
1394
1475
1294
4521
116201
3640
1463
1693
3811
1748
1319
1049
4648
1475
3640
1694
6705
24075
1376
6705
24728
24075
1044
6705
9853
13872
5371
1117
8791
1694
1333
1376
2015
13872
5371
1117
2820
1369
1693
1333
2351
1330
1877
1463
1850
6705
24075
1010
1369
1394
1475
1294
4521
116201
1462
1032
1049
1044
1462
1049
1044
1462
1049
3640
1463
1693
2015
13872
5371
1117
1093
3942
2015
13872
5371
1118
30689
1694
6705
24075
1376
6705
24728
24075
1044
6705
9853
13872
5371
1117
3605
6705
9853
13872
5371
1118
8791
1694
1333
1376
2015
13872
5371
1117
2820
1694
1330
1376
2015
13872
5371
1118
2820
1369
6705
24075
1376
6705
24728
24075
1044
6705
9853
1091
1048
5371
1117
3605
6705
9853
1091
1048
5371
1118
8791
1369
1850
6705
24075
1267
1293
1409
1376
9027
8897
1456
1293
1693
1409
2351
1032
1048
1877
1369
1850
1032
1048
1267
1293
2569
4362
3755
5371
1106
1093
1376
1284
8897
3755
3605
1289
13872
8791
1293
4362
1376
16871
1048
1093
1364
1409
1394
1957
1294
4521
16026
17572
1293
1394
1623
1294
4521
16026
3640
1369
1394
1475
1294
4521
16026
3640
1463
4362
3755
5371
1106
1093
1376
6705
74387
9596
8897
3755
3605
1289
13872
26740
1293
2569
19326
1747
96478
1307
1289
1317
3081
1278
11835
4556
1010
1293
2365
37249
1376
8103
2021
36295
4615
1293
1394
7645
1294
130173
32371
15124
1795
71975
16026
31454
1369
1265
1376
4556
5164
1591
3755
5371
71377
3755
20162
1394
1623
1294
4521
16026
3824
1369
1693
1265
1534
2365
37249
1877
1463
2365
37249
1376
1265
1010
1293
1850
2365
37249
4688
1035
4206
45525
128857
9596
80104
1041
1032
2569
9458
1584
3160
82345
1651
1278
16925
1010
1975
11
1010