10
25708
1010
11
1010
10
3263
1010
10311
1278
3629
2254
21734
1321
8953
3607
1044
10886
5687
1278
2254
5055
1321
2764
1747
1278
9458
1046
1603
24151
16424
70914
84674
14671
48761
1083
25461
4568
2715
30711
1278
3475
1636
13330
1294
1261
1335
107485
3475
4950
1319
3038
44642
1041
1319
43880
2084
80858
1278
4618
7389
1801
2640
5011
38227
2671
5247
4688
3149
4014
41786
129511
53487
1058
1935
1044
1359
1058
5247
59939
8623
4906
1935
1877
1293
19639
8220
1278
2782
1307
18451
19040
1307
80796
7846
17597
1454
5592
2396
1032
1010
1293
1032
1049
1321
1550
1319
1259
38394
1041
1455
34301
1278
3629
6570
1058
1394
2744
10679
1319
1065
1061
1048
1044
1398
1061
1049
1044
84091
2163
1061
1050
1053
3100
1293
1278
2782
1307
71320
1294
1278
3310
1395
1513
2725
1359
3755
57277
1260
1010
1293
12162
1278
4014
81793
1032
1057
1057
1056
1050
1052
1052
1051
1053
1051
1626
1260
1010
1293
64664
1877
1369
1550
1058
54539
5592
1307
18451
1317
3369
1319
1049
9120
1550
9120
1032
1049
1048
1048
1048
1456
1369
1359
1058
5247
1307
1032
1050
1054
38801
2478
1359
3755
1093
1395
1278
8905
8807
71320
1307
1278
1623
12497
10679
1010
1463
1319
1048
9120
1359
3755
1093
9120
1032
1049
1048
1048
1048
1456
1260
1010
1293
20527
1877
1369
1531
2782
1307
5746
18451
81793
1032
1057
1057
1056
1050
1052
1052
1051
1053
1051
1010
1260
1010
1293
56431
4014
41786
129511
1040
1050
1044
1766
1050
1044
1032
1049
1044
1032
1049
1044
1032
1048
1044
1032
1048
1044
1032
1048
1044
1032
1048
1044
1032
1048
1044
1032
1048
1044
1032
1048
1044
1032
1048
1044
1032
1048
1044
1032
1048
1044
1032
1048
1044
1032
1048
1044
1032
1048
1044
1032
1048
1044
1032
1048
1044
1032
1048
1044
1032
1048
1044
1032
1048
1044
1032
1048
1044
1032
1048
1044
1032
1048
1044
1032
1048
1044
1032
1048
8791
1293
1032
1049
1048
1010
1293
56431
4014
41786
129511
1040
1051
1053
1056
1044
1766
1049
1044
1032
1048
1044
1032
1049
1044
1032
1048
1044
1032
1049
1044
1032
1048
1044
1032
1049
1044
1032
1048
1044
1032
1048
1044
1032
1048
1044
1032
1048
1044
1032
1048
1044
1032
1048
1044
1032
1048
1044
1032
1048
1044
1032
1048
1044
1032
1048
1044
1032
1048
1044
1032
1048
1044
1032
1048
1044
1032
1048
1044
1032
1048
1044
1032
1048
1044
1032
1048
1044
1032
1048
1044
1032
1048
8791
1293
1032
1054
1052
1010
1293
47680
3149
4206
5164
52143
3640
1293
2569
35237
2688
5443
1010
1293
6852
15605
1040
1050
1044
1766
1050
1044
1032
1049
1044
1032
1049
1044
1032
1048
1044
1032
1048
1044
1032
1048
1044
1032
1048
1044
1032
1048
1044
1032
1048
1044
1032
1048
1044
1032
1048
1044
1032
1048
1044
1032
1048
1044
1032
1048
1044
1032
1048
1044
1032
1048
1044
1032
1048
1044
1032
1048
1044
1032
1048
1044
1032
1048
1044
1032
1048
1044
1032
1048
1044
1032
1048
1044
1032
1048
1044
1032
1048
1044
1032
1048
8623
2351
1032
1049
1048
1010
1293
6852
15605
1040
1051
1053
1056
1044
1766
1049
1044
1032
1048
1044
1032
1049
1044
1032
1048
1044
1032
1049
1044
1032
1048
1044
1032
1049
1044
1032
1048
1044
1032
1048
1044
1032
1048
1044
1032
1048
1044
1032
1048
1044
1032
1048
1044
1032
1048
1044
1032
1048
1044
1032
1048
1044
1032
1048
1044
1032
1048
1044
1032
1048
1044
1032
1048
1044
1032
1048
1044
1032
1048
1044
1032
1048
1044
1032
1048
1044
1032
1048
1044
1032
1048
8623
2351
1032
1054
1052
1010
1293
6852
15605
1040
1049
1048
1048
1048
1044
1766
1049
1048
1048
1048
1093
1364
1032
1050
1054
1041
2351
1032
1050
1055
1048
1050
1055
1052
1048
1051
1053
1010
1260
1010
1293
2569
31054
2688
5443
1010
1293
6852
15605
1040
1055
1048
1057
1044
1766
1056
1055
1057
1044
1032
1052
1055
1057
1044
1032
1052
1054
1049
1044
1032
1049
1052
1044
1032
1049
1050
1051
1044
1032
1055
1052
1052
1044
1032
1052
1048
1048
1044
1032
1057
1052
1044
1032
1052
1052
1055
1044
1032
1050
1048
1044
1032
1049
1053
1050
1044
1032
1057
1054
1051
1044
1032
1054
1055
1052
1044
1032
1056
1050
1057
1044
1032
1057
1056
1052
1044
1032
1057
1051
1048
1044
1032
1051
1050
1050
1044
1032
1054
1054
1053
1044
1032
1054
1052
1054
1044
1032
1051
1056
1053
1044
1032
1049
1057
1049
1044
1032
1051
1053
1051
1044
1032
1054
1048
1053
1044
1032
1049
1049
1048
1044
1032
1052
1053
1051
1044
1032
1051
1053
1054
8623
2351
1032
1049
1049
1055
1049
1054
1057
1056
1053
1050
1010
1293
6852
15605
1040
1057
1053
1049
1044
1766
1052
1057
1050
1044
1032
1052
1050
1048
1044
1032
1049
1057
1055
1044
1032
1054
1048
1055
1044
1032
1057
1050
1053
1044
1032
1049
1054
1055
1044
1032
1055
1049
1055
1044
1032
1052
1051
1056
1044
1032
1050
1048
1048
1044
1032
1057
1056
1054
1044
1032
1049
1048
1052
1044
1032
1052
1056
1051
1044
1032
1054
1050
1048
1044
1032
1056
1048
1054
1044
1032
1056
1056
1049
1044
1032
1056
1053
1056
1044
1032
1053
1053
1057
1044
1032
1053
1053
1051
1044
1032
1053
1048
1050
1044
1032
1053
1053
1052
1044
1032
1057
1054
1050
1044
1032
1051
1050
1053
1044
1032
1052
1051
1053
1044
1032
1050
1055
1057
1044
1032
1052
1054
1052
1044
1032
1051
1050
1055
8623
2351
1032
1050
1048
1048
1048
1049
1053
1053
1050
1054
1010
1293
6852
15605
1040
1049
1051
1044
1766
1054
1049
1049
1044
1032
1057
1055
1052
1044
1032
1057
1051
1049
1044
1032
1050
1052
1044
1032
1054
1048
1057
1044
1032
1049
1055
1054
1044
1032
1051
1048
1052
1044
1032
1049
1053
1049
1044
1032
1049
1057
1057
1044
1032
1056
1055
1054
1044
1032
1056
1050
1053
1044
1032
1056
1057
1051
1044
1032
1057
1051
1057
1044
1032
1055
1051
1055
1044
1032
1051
1055
1052
1044
1032
1051
1050
1051
1044
1032
1056
1052
1054
1044
1032
1056
1049
1057
1044
1032
1049
1053
1052
1044
1032
1049
1053
1055
1044
1032
1056
1049
1052
1044
1032
1051
1052
1051
1044
1032
1056
1056
1054
1044
1032
1049
1057
1055
1044
1032
1049
1048
1048
1044
1032
1056
1053
1054
8623
2351
1032
1052
1049
1054
1049
1052
1053
1054
1049
1051
1010
1293
6852
15605
1040
1050
1048
1050
1044
1766
1055
1055
1053
1044
1032
1051
1050
1053
1044
1032
1057
1056
1050
1044
1032
1055
1056
1052
1044
1032
1052
1049
1055
1044
1032
1049
1053
1054
1044
1032
1057
1051
1050
1044
1032
1057
1048
1050
1044
1032
1055
1050
1056
1044
1032
1053
1051
1055
1044
1032
1056
1053
1055
1044
1032
1055
1051
1057
1044
1032
1057
1049
1056
1044
1032
1050
1049
1049
1044
1032
1054
1055
1057
1044
1032
1053
1048
1054
1044
1032
1051
1052
1048
1044
1032
1053
1054
1056
1044
1032
1056
1054
1056
1044
1032
1049
1054
1044
1032
1057
1052
1048
1044
1032
1050
1054
1051
1044
1032
1053
1057
1051
1044
1032
1052
1052
1057
1044
1032
1057
1057
1049
1044
1032
1051
1049
1048
8623
2351
1032
1057
1054
1055
1048
1052
1049
1053
1049
1052
1010
1293
6852
15605
1040
1053
1050
1044
1766
1055
1052
1055
1044
1032
1057
1052
1051
1044
1032
1055
1052
1048
1044
1032
1053
1057
1051
1044
1032
1052
1054
1057
1044
1032
1051
1055
1048
1044
1032
1053
1049
1054
1044
1032
1052
1052
1051
1044
1032
1055
1044
1032
1053
1050
1053
1044
1032
1050
1057
1057
1044
1032
1052
1049
1050
1044
1032
1049
1054
1051
1044
1032
1054
1057
1057
1044
1032
1053
1055
1049
1044
1032
1057
1055
1054
1044
1032
1052
1053
1053
1044
1032
1050
1049
1055
1044
1032
1053
1057
1048
1044
1032
1051
1052
1051
1044
1032
1052
1050
1055
1044
1032
1050
1050
1048
1044
1032
1051
1052
1050
1044
1032
1053
1056
1052
1044
1032
1050
1051
1057
1044
1032
1052
1057
1054
8623
2351
1032
1050
1054
1055
1051
1051
1057
1049
1051
1050
1010
1293
6852
15605
1040
1056
1055
1053
1044
1766
1054
1048
1049
1044
1032
1050
1053
1056
1044
1032
1052
1052
1057
1044
1032
1051
1055
1055
1044
1032
1052
1048
1044
1032
1052
1050
1056
1044
1032
1050
1051
1056
1044
1032
1052
1053
1053
1044
1032
1053
1049
1055
1044
1032
1054
1053
1051
1044
1032
1052
1051
1051
1044
1032
1055
1054
1056
1044
1032
1057
1053
1055
1044
1032
1051
1048
1055
1044
1032
1052
1053
1054
1044
1032
1056
1055
1056
1044
1032
1057
1055
1055
1044
1032
1051
1054
1056
1044
1032
1057
1057
1057
1044
1032
1056
1056
1050
1044
1032
1053
1052
1049
1044
1032
1056
1050
1054
1044
1032
1055
1054
1052
1044
1032
1050
1054
1057
1044
1032
1052
1048
1049
1044
1032
1057
1056
8623
2351
1032
1050
1052
1055
1048
1050
1055
1054
1049
1054
1010
1293
6852
15605
1040
1052
1052
1053
1044
1766
1048
1044
1032
1048
1044
1032
1048
1044
1032
1048
1044
1032
1048
1044
1032
1048
1044
1032
1048
1044
1032
1048
1044
1032
1048
1044
1032
1048
1044
1032
1048
1044
1032
1048
1044
1032
1048
1044
1032
1048
1044
1032
1048
1044
1032
1048
1044
1032
1048
1044
1032
1048
1044
1032
1048
1044
1032
1048
1044
1032
1055
1055
1050
1044
1032
1048
1044
1032
1048
1044
1032
1048
1044
1032
1048
1044
1032
1048
8623
2351
1032
1052
1052
1053
1010
1293
6852
15605
1040
1053
1051
1048
1044
1766
1056
1049
1049
1044
1032
1053
1054
1057
1044
1032
1049
1052
1056
1044
1032
1051
1056
1052
1044
1032
1057
1053
1052
1044
1032
1057
1049
1051
1044
1032
1049
1049
1052
1044
1032
1051
1049
1053
1044
1032
1054
1056
1054
1044
1032
1051
1051
1052
1044
1032
1051
1056
1050
1044
1032
1051
1057
1050
1044
1032
1051
1050
1054
1044
1032
1056
1044
1032
1053
1053
1051
1044
1032
1057
1054
1050
1044
1032
1057
1053
1055
1044
1032
1056
1053
1048
1044
1032
1050
1051
1049
1044
1032
1054
1049
1044
1032
1049
1056
1053
1044
1032
1053
1056
1056
1044
1032
1051
1048
1053
1044
1032
1057
1056
1048
1044
1032
1053
1054
1052
1044
1032
1056
1057
1048
8623
2351
1032
1056
1050
1054
1051
1055
1056
1050
1051
1051
1010
1293
6852
15605
1040
1049
1049
1049
1044
1766
1057
1050
1054
1044
1032
1052
1052
1052
1044
1032
1055
1056
1056
1044
1032
1056
1050
1054
1044
1032
1057
1052
1052
1044
1032
1055
1048
1050
1044
1032
1056
1056
1056
1044
1032
1057
1052
1052
1044
1032
1054
1053
1053
1044
1032
1053
1050
1049
1044
1032
1052
1056
1057
1044
1032
1057
1052
1054
1044
1032
1049
1051
1049
1044
1032
1054
1049
1054
1044
1032
1052
1052
1053
1044
1032
1054
1053
1052
1044
1032
1052
1051
1052
1044
1032
1053
1050
1050
1044
1032
1056
1053
1048
1044
1032
1054
1056
1051
1044
1032
1053
1052
1050
1044
1032
1050
1050
1054
1044
1032
1055
1052
1049
1044
1032
1052
1056
1054
1044
1032
1049
1048
1049
1044
1032
1054
1054
1049
8623
2351
1032
1055
1051
1052
1049
1055
1055
1056
1054
1049
1010
1293
6852
15605
1040
1053
1051
1050
1044
1766
1048
1093
1364
1032
1050
1054
1041
2351
1032
1048
1010
1293
6852
15605
1040
1050
1052
1051
1044
1766
1054
1057
1052
1044
1032
1056
1053
1052
1044
1032
1050
1057
1055
1044
1032
1055
1053
1044
1032
1056
1051
1049
1044
1032
1057
1055
1052
1044
1032
1055
1050
1048
1044
1032
1056
1051
1055
1044
1032
1054
1057
1053
1044
1032
1056
1052
1053
1044
1032
1049
1053
1052
1044
1032
1054
1055
1051
1044
1032
1051
1048
1054
1044
1032
1056
1054
1053
1044
1032
1053
1050
1052
1044
1032
1057
1053
1050
1044
1032
1050
1051
1049
1044
1032
1051
1050
1057
1044
1032
1051
1053
1051
1044
1032
1051
1051
1049
1044
1032
1054
1057
1050
1044
1032
1050
1055
1044
1032
1052
1049
1051
1044
1032
1056
1049
1044
1032
1052
1051
1056
1044
1032
1054
1051
8623
2351
1032
1055
1052
1048
1049
1057
1048
1054
1054
1051
1010
1293
6852
15605
1040
1053
1050
1050
1044
1766
1048
1044
1032
1048
1044
1032
1048
1044
1032
1048
1044
1032
1048
1044
1032
1048
1044
1032
1048
1044
1032
1048
1044
1032
1048
1044
1032
1048
1044
1032
1048
1044
1032
1048
1044
1032
1048
1044
1032
1048
1044
1032
1048
1044
1032
1048
1044
1032
1048
1044
1032
1048
1044
1032
1048
1044
1032
1048
1044
1032
1048
1044
1032
1048
1044
1032
1048
1044
1032
1053
1055
1053
1044
1032
1048
1044
1032
1048
8623
2351
1032
1053
1050
1050
1010
1293
6852
15605
1040
1050
1057
1049
1044
1766
1053
1052
1050
1044
1032
1053
1052
1050
1044
1032
1049
1051
1052
1044
1032
1057
1052
1044
1032
1055
1053
1049
1044
1032
1056
1057
1044
1032
1056
1057
1056
1044
1032
1055
1050
1057
1044
1032
1050
1049
1050
1044
1032
1057
1054
1052
1044
1032
1050
1057
1055
1044
1032
1056
1050
1051
1044
1032
1055
1050
1048
1044
1032
1050
1057
1055
1044
1032
1050
1056
1048
1044
1032
1057
1049
1055
1044
1032
1051
1051
1056
1044
1032
1049
1055
1054
1044
1032
1049
1056
1051
1044
1032
1057
1054
1053
1044
1032
1055
1052
1048
1044
1032
1053
1052
1049
1044
1032
1053
1053
1053
1044
1032
1051
1044
1032
1051
1049
1054
1044
1032
1050
1053
1054
8623
2351
1032
1053
1052
1057
1050
1055
1048
1048
1051
1049
1010
1293
6852
15605
1040
1049
1053
1050
1044
1766
1051
1050
1053
1044
1032
1055
1051
1049
1044
1032
1051
1048
1050
1044
1032
1049
1053
1051
1044
1032
1056
1057
1054
1044
1032
1050
1050
1044
1032
1052
1056
1057
1044
1032
1051
1057
1057
1044
1032
1054
1048
1055
1044
1032
1052
1054
1054
1044
1032
1052
1051
1050
1044
1032
1053
1048
1050
1044
1032
1057
1054
1056
1044
1032
1051
1051
1051
1044
1032
1052
1055
1053
1044
1032
1055
1057
1050
1044
1032
1056
1052
1044
1032
1049
1048
1044
1032
1054
1057
1052
1044
1032
1051
1050
1056
1044
1032
1051
1053
1052
1044
1032
1055
1049
1050
1044
1032
1052
1048
1057
1044
1032
1052
1056
1048
1044
1032
1054
1052
1051
1044
1032
1049
1050
1049
8623
2351
1032
1050
1050
1055
1052
1056
1054
1049
1055
1057
1010
1293
6852
15605
1040
1056
1053
1056
1044
1766
1051
1053
1056
1044
1032
1050
1054
1054
1044
1032
1056
1048
1049
1044
1032
1057
1053
1044
1032
1051
1055
1052
1044
1032
1056
1048
1055
1044
1032
1053
1049
1044
1032
1056
1054
1056
1044
1032
1052
1055
1056
1044
1032
1056
1048
1057
1044
1032
1051
1048
1052
1044
1032
1055
1044
1032
1051
1048
1056
1044
1032
1057
1057
1050
1044
1032
1052
1057
1057
1044
1032
1054
1053
1048
1044
1032
1055
1048
1054
1044
1032
1051
1057
1057
1044
1032
1056
1050
1050
1044
1032
1054
1057
1056
1044
1032
1049
1053
1044
1032
1051
1056
1049
1044
1032
1050
1054
1055
1044
1032
1050
1056
1050
1044
1032
1050
1051
1055
1044
1032
1049
1049
1057
8623
2351
1032
1050
1054
1050
1050
1049
1048
1057
1057
1050
1010
1293
6852
15605
1040
1051
1053
1053
1044
1766
1054
1056
1044
1032
1052
1051
1049
1044
1032
1053
1056
1048
1044
1032
1055
1053
1055
1044
1032
1050
1049
1056
1044
1032
1057
1051
1052
1044
1032
1051
1050
1056
1044
1032
1054
1055
1054
1044
1032
1051
1053
1053
1044
1032
1050
1050
1049
1044
1032
1056
1048
1044
1032
1057
1050
1050
1044
1032
1053
1052
1053
1044
1032
1053
1049
1049
1044
1032
1054
1055
1044
1032
1052
1054
1055
1044
1032
1054
1055
1052
1044
1032
1054
1057
1049
1044
1032
1053
1048
1052
1044
1032
1056
1051
1053
1044
1032
1051
1052
1044
1032
1057
1054
1053
1044
1032
1057
1056
1048
1044
1032
1050
1050
1049
1044
1032
1056
1057
1053
1044
1032
1053
1048
1049
8623
2351
1032
1050
1055
1048
1056
1056
1054
1057
1052
1049
1010
1293
6852
15605
1040
1052
1052
1055
1044
1766
1048
1044
1032
1048
1044
1032
1048
1044
1032
1048
1044
1032
1048
1044
1032
1048
1044
1032
1048
1044
1032
1048
1044
1032
1048
1044
1032
1048
1044
1032
1054
1050
1057
1044
1032
1048
1044
1032
1048
1044
1032
1048
1044
1032
1048
1044
1032
1048
1044
1032
1048
1044
1032
1048
1044
1032
1048
1044
1032
1048
1044
1032
1048
1044
1032
1048
1044
1032
1048
1044
1032
1048
1044
1032
1048
1044
1032
1048
8623
2351
1032
1052
1052
1055
1010
1293
6852
15605
1040
1054
1057
1056
1044
1766
1055
1054
1051
1044
1032
1053
1049
1053
1044
1032
1052
1049
1051
1044
1032
1052
1057
1053
1044
1032
1053
1050
1051
1044
1032
1053
1055
1049
1044
1032
1050
1048
1054
1044
1032
1051
1053
1055
1044
1032
1057
1048
1052
1044
1032
1051
1049
1048
1044
1032
1052
1049
1048
1044
1032
1056
1052
1052
1044
1032
1054
1049
1049
1044
1032
1052
1056
1052
1044
1032
1052
1049
1048
1044
1032
1053
1053
1057
1044
1032
1050
1054
1050
1044
1032
1051
1057
1052
1044
1032
1057
1052
1057
1044
1032
1049
1048
1055
1044
1032
1053
1052
1054
1044
1032
1055
1051
1055
1044
1032
1057
1056
1055
1044
1032
1057
1055
1057
1044
1032
1051
1048
1054
1044
1032
1054
1056
1053
8623
2351
1032
1049
1053
1050
1053
1052
1051
1050
1053
1055
1010
1293
6852
15605
1040
1053
1052
1057
1044
1766
1056
1051
1050
1044
1032
1053
1057
1053
1044
1032
1050
1048
1048
1044
1032
1055
1050
1048
1044
1032
1054
1053
1056
1044
1032
1054
1051
1057
1044
1032
1057
1057
1050
1044
1032
1049
1051
1048
1044
1032
1052
1054
1055
1044
1032
1057
1056
1057
1044
1032
1057
1053
1056
1044
1032
1053
1056
1049
1044
1032
1054
1048
1048
1044
1032
1052
1054
1054
1044
1032
1052
1055
1051
1044
1032
1057
1050
1057
1044
1032
1055
1055
1053
1044
1032
1053
1056
1049
1044
1032
1055
1055
1048
1044
1032
1052
1053
1053
1044
1032
1055
1049
1056
1044
1032
1054
1050
1056
1044
1032
1056
1048
1055
1044
1032
1051
1051
1053
1044
1032
1056
1057
1056
1044
1032
1053
1053
1050
8623
2351
1032
1051
1049
1052
1056
1051
1055
1057
1054
1057
1267
1035
13516
4206
43063
41786
129511
1041
1317
3160
9458
1626
1975
11
1010
10
1503
19464
1010
12
13
1010
1975
29896
1010
5011
38227
2671
5247
1267
1077
7460
1376
1032
1057
1057
1056
1050
1052
1052
1051
1053
1051
1267
3149
4014
41786
129511
53487
1058
1935
1044
1359
1058
5247
59939
8623
4906
1935
1877
1293
19639
6669
1278
2782
1307
18451
19040
1307
80796
7846
17597
1454
5592
2396
1032
1049
1321
1550
1319
1259
38394
1456
1293
2516
1455
1394
2744
10679
1319
1065
1061
1048
1044
1398
1061
1049
1044
84091
2163
1061
1050
1053
1574
1278
2782
1307
71320
1294
1278
3310
1395
1513
2725
1359
3755
57277
1293
12162
1278
4014
81793
1032
1057
1057
1056
1050
1052
1052
1051
1053
1051
1626
1293
13118
1293
2569
6438
96078
7342
52102
1321
29569
7342
52102
2015
1317
1550
1394
1535
1040
1049
1041
97913
23300
1010
1293
3121
1376
1766
1049
1093
1364
1319
1075
1867
1032
1049
1456
1293
1394
1623
1294
4521
1040
1049
1044
1550
1867
1032
1049
3640
1369
3121
3755
1093
1376
3121
3755
1045
1049
1093
1364
1623
2545
70914
1010
1260
1010
1293
2537
61427
1376
1766
1049
1093
1364
1319
1075
1867
1032
1049
1456
1293
2537
61427
1091
1075
1093
1376
7834
3526
1679
1091
1075
3605
70914
1462
1032
1050
1044
70914
1456
1293
1394
1623
1294
4521
53487
1044
1032
1048
1044
1462
1049
3640
1369
2537
61427
3755
1045
1049
1093
1376
2537
61427
3755
1093
1364
1623
2545
70914
1010
1260
1010
1293
2121
1308
25238
4990
1058
1935
1044
1382
1058
1935
1041
4906
1935
1877
1369
1693
1382
1534
1032
1048
1505
1382
3006
1308
1877
1463
1850
1032
1048
1010
1369
1850
3121
25501
1093
1364
2537
61427
51877
1093
2545
70914
1364
2537
61427
25501
1462
1382
1093
2545
70914
1010
1260
1010
1293
2569
34044
67495
1093
1376
2782
1307
5746
18451
1307
5592
10693
1295
2505
22528
17597
1878
4955
1010
1293
34044
1376
1766
1048
1093
1364
1319
1075
1867
1032
1049
1456
1293
34044
1091
1048
1093
1376
1032
1049
1010
1260
1010
1293
1394
1272
24514
1294
1359
1877
1369
1875
3602
1112
1376
1766
1048
1093
1364
1319
1075
1867
1032
1049
1456
1369
1394
1295
1294
4521
53487
1867
1032
1049
3640
1463
1693
34044
67495
1093
2351
1032
1048
1877
1694
8214
1010
1463
6705
3480
1376
2365
5164
24514
1044
1550
1462
1295
1456
1463
1394
1272
1294
4521
24728
3480
1867
1032
1049
3640
1694
2569
9384
1317
1864
54621
1272
18535
7748
2203
1261
3310
1307
5592
1295
1058
1359
11327
59795
1044
1272
1456
1694
9384
1376
1308
25238
11327
1867
1272
1044
1272
1456
1694
1875
3602
1112
67495
1867
1272
1093
1376
1319
3080
3602
1112
67495
1867
1272
1093
1867
34044
67495
1093
1364
9384
1041
2545
70914
1010
1369
34044
1376
1875
3602
1112
1010
1260
1010
1293
2569
10852
18451
1307
5592
1032
1049
2645
1550
1010
1293
5571
1376
4556
116968
1091
1049
1058
1075
1043
1049
8623
2545
70914
1010
1293
1850
5571
1010
1975
11
1010
10
3263
1267
16994
4607
6983
9700
1278
9458
1046
9380
1681
1278
3880
1877
88048
1576
2097
2117
1095
2464
6312
4443
1115
76005
68923
3051
76005
18975
4507
19686
13763
65362
1848
2453
1032
1051
1048
12900
21366
2892
75956
1419
1044
1593
1395
2143
6255
1058
18228
1278
3629
2254
21734
1321
8953
3607
1044
10886
5687
1278
2254
5055
1321
2764
1747
1278
9458
1046
1603
24151
16424
70914
84674
14671
48761
1083
25461
4568
2715
30711
1278
3475
1636
13330
1294
1261
1335
107485
3475
4950
1319
3038
44642
1041
1319
43880
2084
80858
1278
4618
7389
1041
11
1010
10
1503
19464
1010
12
13
1010
1975
29896
1010
5011
38227
2671
5247
1267
1077
7460
1376
1032
1057
1057
1056
1050
1052
1052
1051
1053
1051
1267
3149
4014
41786
129511
53487
1058
1935
1044
1359
1058
5247
59939
8623
4906
1935
1877
1293
19639
8220
1278
2782
1307
18451
19040
1307
80796
7846
17597
1454
5592
2396
1032
1049
1321
1550
1319
1259
38394
1456
1293
1455
34301
1278
6570
1058
1394
2744
10679
1319
1065
1061
1048
1044
1398
1061
1049
1044
84091
2163
1061
1050
1053
1574
1278
2782
1307
71320
1294
1278
3310
1395
1513
2725
1359
3755
57277
1293
12162
1278
4014
81793
1032
1057
1057
1056
1050
1052
1052
1051
1053
1051
1626
1293
13118
1293
2569
6438
96078
7342
52102
1321
29569
7342
52102
2015
1317
1550
1010
1293
3121
1376
1766
1049
1093
1364
1319
1075
1867
1032
1049
1456
1293
1394
1623
1294
4521
1040
1049
1044
1550
1867
1032
1049
3640
1369
3121
3755
1093
1376
3121
3755
1045
1049
1093
1364
1623
2545
70914
1267
1293
2537
61427
1376
1766
1049
1093
1364
1319
1075
1867
1032
1049
1456
1293
2537
61427
1091
1075
1093
1376
7834
3526
1679
1091
1075
3605
70914
1462
1032
1050
1044
70914
1456
1293
1394
1623
1294
4521
53487
1044
1032
1048
1044
1462
1049
3640
1369
2537
61427
3755
1045
1049
1093
1376
2537
61427
3755
1093
1364
1623
2545
70914
1267
1293
2569
34044
67495
1093
1376
4556
2136
22528
17597
1307
3935
1307
1032
1049
30875
1099
13755
47905
1394
14173
24875
126556
1317
1295
1010
1293
34044
1376
1766
1048
1093
1364
1319
1075
1867
1032
1049
1456
1293
34044
1091
1048
1093
1376
1032
1049
1267
1293
1394
1272
24514
1294
1359
1877
1369
1272
24514
1376
2365
5164
24514
1044
1550
1041
2250
2569
3310
5592
6560
17717
1550
1010
1369
1693
1272
24514
2351
1032
1048
1877
1463
2569
2342
1272
1376
1032
1048
1395
8807
1044
34044
43884
1010
1463
8214
1267
1369
2569
2951
1307
1319
1099
1044
1032
1049
5938
1033
2005
70914
1041
1394
1272
1376
1032
1048
10736
1272
24514
1010
1369
3830
1346
1376
31008
1099
1044
2537
61427
40902
8623
1394
1272
1294
4521
5164
24514
1867
1032
1049
69780
1369
1875
28384
1376
1766
1048
1093
1364
1319
1075
1867
1032
1049
1801
1369
1394
1295
1294
4521
53487
1867
1032
1049
3640
1463
1916
1376
34044
67495
2820
1463
1693
1916
2351
1032
1048
1877
1694
8214
1010
1463
6705
3480
1376
2365
5164
24514
1044
1550
1462
1295
1456
1463
1394
1272
1044
46358
1294
3830
1346
1877
1694
1693
1272
3006
6705
3480
1877
2006
4323
1010
1694
1875
28384
67495
1867
1272
1093
1376
1319
3080
28384
67495
1867
1272
1093
1867
1916
1364
46358
1041
2545
70914
1267
1369
34044
1376
1875
28384
1267
1293
5571
1376
1032
1048
1010
1293
1394
1295
1294
4521
1040
1049
1044
1550
1867
1032
1049
3640
1369
5571
1376
1319
1545
1867
3121
67495
1093
1364
34044
67495
8623
2545
70914
1010
1293
1850
5571
1010
1975
11
1010
10
3263
1267
16994
4607
6983
9700
1278
9458
1046
9380
1681
1278
3880
1877
88048
1576
2097
2117
1095
2464
6312
4443
1115
76005
68923
3051
76005
18975
4507
19686
13763
65362
1848
2453
1032
1051
1048
12900
21366
2892
75956
1419
1044
1593
1395
2143
6255
1058
18228
1278
3629
2254
21734
1321
8953
3607
1044
10886
5687
1278
2254
5055
1321
2764
1747
1278
9458
1046
1603
24151
16424
70914
84674
14671
48761
1083
25461
4568
2715
30711
1278
3475
1636
13330
1294
1261
1335
107485
3475
4950
1319
3038
44642
1041
1319
43880
2084
80858
1278
4618
7389
1041
11
1010
10
1503
19464
1010
12
1010
12
4268
1736
1261
4127
1058
1729
2534
1317
5687
4014
41786
129511
53487
1044
1359
1041
81793
1032
1057
1057
1056
1050
1052
1052
1051
1053
1051
1338
1784
4127
1058
4014
2782
1307
18451
19040
1307
80796
7846
17597
1454
5592
2396
1032
1049
1321
1550
46178
2516
1455
1394
2744
10679
1319
1065
1061
1048
2880
1090
1061
1050
1053
1574
1278
2782
1307
71320
1294
1278
3310
1395
1513
2725
1359
3755
11390
15773
1278
4014
81793
1032
1057
1057
1056
1050
1052
1052
1051
1053
1051
1338
36296
1550
2015
1317
1032
1049
1048
1048
1048
1044
1359
3755
1093
2015
1317
1032
1049
1048
1048
1048
1338
4268
2534
1317
4848
1420
15748
1338
33217
4265
2100
35209
4014
41786
129511
1040
1050
1044
1766
1050
1044
1049
1044
1049
1044
1048
90743
8623
2351
1032
1049
1048
1267
12598
1681
2688
23898
1058
5592
1032
1049
1321
1032
1050
18451
2136
17597
1349
16320
1454
8905
24622
22855
1058
1359
1376
1766
1050
1044
1049
1044
1049
1044
1048
90743
1093
10138
1349
6705
1032
1050
1044
1398
6705
1032
1049
1044
1359
6705
1032
1049
1044
6218
1032
1048
1338
6669
18451
5592
1032
1049
1058
2258
10679
8807
1693
2246
6705
9218
1049
1046
62349
1058
1349
1319
5914
1032
1050
1574
1398
1319
5914
1049
1574
1359
1319
5914
1049
1577
40828
6705
1048
4906
6560
1402
2434
1046
4493
1032
1051
18451
1307
5592
1032
1049
1338
12618
1032
1050
18451
1058
4016
1736
24875
1307
2744
10679
1605
17717
18846
1046
62349
1058
1349
2015
1317
1050
1044
1398
2015
1317
1049
1044
1359
2015
1317
1049
1046
40828
1032
1048
1338
4268
2534
1317
4014
11074
18451
1319
3570
22482
1041
1307
5592
1032
1050
2505
17597
1562
1445
1065
41778
55434
1125
1454
3385
6705
24875
1338
12598
1681
42478
32975
1058
15131
1275
3083
1307
3729
1032
1050
1562
17597
1454
18846
1338
99348
4014
24103
1319
1097
19164
30134
1041
2516
1455
1261
28944
1050
1044
1289
28944
1049
1044
1272
28944
1049
1044
1261
41058
59795
1061
1050
1338
74472
36378
2100
1045
1261
1061
1050
19164
1061
1048
30134
1061
1048
2297
3310
1429
14229
2811
1032
1049
77806
1338
1045
1261
1061
1049
19164
1061
1049
30134
1061
1048
2297
17597
1349
1321
1398
1058
96478
1058
23904
1044
47409
2297
1032
1050
18451
1338
1045
1261
1061
1049
19164
1061
1048
30134
1061
1049
2297
19225
1044
13461
2297
1032
1050
18451
1338
1045
1261
1061
1048
19164
1061
1049
30134
1061
1049
2297
18689
1044
27875
2297
1032
1050
18451
1338
1045
1261
1061
1048
19164
1061
1050
1063
1289
6705
1032
1049
1878
1836
1338
1045
1261
1061
1048
19164
1061
1048
30134
1061
1050
1063
1272
6705
1049
1338
1045
1289
1061
1050
1605
8807
1338
34976
3788
5592
1032
1050
18451
1376
1032
1049
1043
1050
1043
1050
1043
1050
1376
1032
1055
1338
13458
18451
5592
1032
1049
1791
1050
1376
1032
1051
1867
1032
1055
1376
1032
1049
1048
1046
14175
6186
1338
14859
6186
1058
4014
41786
129511
1040
1051
1053
1056
1044
1766
1049
1044
1048
1044
1049
1044
1048
1044
1049
1044
1048
1044
1049
1044
1048
90743
8623
2351
1032
1054
1052
1267
1067
1058
5965
1058
26524
1032
1048
1044
1050
1044
1052
1044
1054
1736
1032
1049
1063
49032
2951
1058
1766
1049
1044
1048
1044
1049
1044
1048
1044
1049
1044
1048
1044
1049
1044
1048
1044
1048
90743
1093
4493
17597
1349
1040
1048
8429
1049
1044
1398
1061
1048
1044
1359
1040
1050
8429
1049
1044
1407
1061
1048
1044
1436
1040
1052
8429
1049
1044
1439
1061
1048
1044
1461
1040
1054
8429
1049
1044
6218
1032
1048
1046
4493
8807
17597
1058
1349
1044
1359
1044
1436
1044
1461
2744
6705
1032
1049
1046
4493
1729
1736
1032
1052
17597
2744
1710
6730
1513
2725
5785
1046
83739
5592
1032
1049
1791
1051
1053
1056
1809
3147
2744
10679
6705
1032
1049
1044
8905
5592
1307
5746
3310
1395
1032
1052
1319
31346
2342
1032
1052
11074
17597
1577
3626
1550
1061
1051
1053
1056
1044
1878
17470
5592
2015
1317
1032
1052
1046
8220
18451
1307
5592
1032
1049
1317
1032
1052
2505
17597
1349
55434
87176
121613
2744
1513
2725
5785
1046
5646
1681
96478
1307
49581
1307
3729
1295
1562
1032
1052
17597
1046
13920
1307
18451
5592
1295
1376
1390
1040
1052
61248
1041
1376
1032
1052
1033
30875
1052
3217
85188
1338
106997
1058
1295
1061
1049
1058
1032
1052
1059
1295
1061
1050
1058
1032
1052
1042
1051
1061
1049
1050
1059
1295
1061
1051
1058
1032
1052
1042
1051
1042
1050
1061
1050
1052
1059
1295
1061
1052
1058
1032
1050
1052
1059
4556
1376
1032
1052
1043
1049
1050
1043
1050
1052
1043
1050
1052
1376
1032
1054
1052
1046
14175
6186
1338
37117
6186
1058
4014
41786
129511
1040
1049
1048
1048
1048
1044
1766
1049
1048
1048
1048
33666
1050
1054
1041
2351
1032
1050
1055
1048
1050
1055
1052
1048
1051
1053
1267
5475
1747
1359
3755
18652
1049
1048
1048
1048
1044
2430
2258
3310
5592
2015
1317
1032
1049
1048
1048
1048
2505
2258
17597
1349
16320
1454
1836
8598
6139
1319
31346
1550
1061
1049
1048
1048
1048
1321
2744
10679
1710
6730
2015
1317
1032
1049
1048
1048
1048
1044
1809
3788
5592
1032
1049
1048
1048
1048
1044
1878
2258
3310
1307
5592
1424
9120
1032
1049
1048
1048
1048
2505
17597
1562
1032
1050
1054
46198
1454
76723
24622
1063
49032
2744
10679
6705
1032
1049
1048
1048
1048
1044
1809
3788
5592
9120
1049
1048
1048
1048
1044
1878
2258
3310
1307
5592
1424
2015
1317
1032
1049
1048
1048
1048
1395
8807
3147
1636
2481
1736
54813
1809
2744
10679
4014
9120
1049
1048
1048
1048
16162
29107
4136
3788
5592
9120
1049
1048
1048
1048
1046
4493
2782
1307
18451
1307
5592
1424
2136
1032
1050
1054
17597
1376
1032
1050
1054
1094
1076
1046
4493
3788
1376
4556
1746
1076
1061
1049
3161
1049
1048
1048
1048
1125
1032
1050
1054
1094
1076
2005
1032
1057
1057
1056
1050
1052
1052
1051
1053
1051
1046
9246
1681
2688
1693
1455
33197
1032
1050
1055
1048
1050
1055
1052
1048
1051
1053
1063
2837
1710
24002
4025
1809
6906
6298
1338
34976
1278
4127
1395
1058
4014
2782
1307
18451
5592
1032
1049
1791
1075
1454
1651
1045
27965
6705
71320
1359
3755
11390
4268
2534
1420
11857
12871
1394
1550
2015
1317
1032
1049
1048
1048
1048
1044
1032
1050
1054
17597
1338
4268
1710
2210
50290
21976
7389
1319
1069
10624
1577
2898
2744
10679
1623
1044
1278
117134
1394
24875
2015
1317
1359
3755
1093
1395
4556
1746
1099
1061
1048
3161
1067
3755
16474
2460
1094
1099
1987
1272
1033
2247
1531
3935
1307
2576
1032
1050
1054
117134
1115
10177
21976
2254
2478
18540
1307
2460
1094
1108
1987
1295
1033
1395
2782
1307
18451
1307
5592
1295
1319
31346
18451
1584
14170
1044
50290
21976
2254
3935
28248
2782
1307
6619
1454
4265
10679
24875
1577
21005
1044
2782
1307
18451
1307
5592
1295
1376
1295
1033
1364
1766
1120
1094
1108
1093
28809
1143
1746
1105
1061
1048
3161
1050
1053
1125
1319
33778
1145
1746
1099
1061
1048
3161
1067
3755
16474
2460
1094
1099
1987
1272
1033
108686
34976
1729
2534
1317
24002
32528
3935
1307
1032
1050
1054
85552
1307
9886
2015
1317
1359
3755
1093
1319
2209
107580
1513
1550
1577
9748
1550
9120
1032
1049
1048
1048
1048
1044
1729
1710
24002
68164
2015
1317
9886
1550
1338
4268
1710
1653
43544
1058
34044
67495
1093
1376
4556
2136
22528
17597
1307
4433
1046
19839
5125
1058
34044
15423
1766
1049
1093
1319
28384
1091
1048
18652
1049
1577
2898
2744
10679
1454
6705
1272
24514
1044
1729
6726
34044
23383
67495
1867
1272
1093
5773
34044
67495
1093
1364
1359
11327
59795
1044
1272
1041
24421
1063
49032
2505
50290
21976
7389
1044
1278
7342
1394
12327
1261
10679
1454
4014
1272
38566
2460
1094
1099
1987
1272
1033
2247
4925
87199
85552
1044
1278
18540
1307
2460
1094
1108
1294
3935
1395
4556
2136
3830
1346
1307
3935
1032
1049
30875
1099
13755
126385
6830
2782
1307
18451
1307
5592
1295
1376
1295
1033
1364
18540
1046
4493
1729
1710
7766
34044
67495
1093
1376
18540
1319
1105
4185
3109
4556
3935
1032
1049
30875
1099
13755
1033
14526
6830
2453
8673
1747
17597
1044
4832
1376
4556
1746
1108
1061
1049
3161
1075
1125
34044
67495
1093
1364
1295
1033
2005
70914
1338
82053
1044
1729
1710
7655
7766
2782
1307
18451
2505
43544
1454
72314
23918
23300
1058
34044
67495
1093
1376
2782
1307
18451
1307
5592
1295
2505
22528
17597
1046
4925
12327
1261
1875
10679
1454
6705
1272
24514
1044
1729
1710
12729
1317
2229
1272
71320
1307
1593
1875
10679
1319
1048
9120
1272
9120
2365
5164
24514
1044
1550
3217
14526
1531
2782
1307
9384
1317
1864
54621
1272
18535
7748
2203
1420
10430
3310
1307
5592
1295
1395
1359
11327
1867
1272
1044
1272
1041
1319
57387
12197
1394
1278
1875
10679
5002
1295
59795
12197
1577
6830
1875
28384
67495
59795
1093
5773
34044
67495
1093
1364
1359
11327
59795
1044
1272
1577
2409
1395
10693
1278
34307
1729
2434
9781
1044
1321
1494
1681
6298
3147
18451
1584
14170
1046
9246
1681
21294
1454
3709
3336
1058
3030
34044
1091
1048
18652
1049
1046
50591
1349
6705
1032
1050
1046
5417
8673
1349
1058
34044
1091
1048
18652
1049
1044
34044
1091
1049
18652
1359
1040
1048
1043
1049
1044
1049
8429
1049
4906
3310
1429
1065
69235
49032
34044
1091
1049
18652
1049
4938
1032
1049
3310
1307
5592
1032
1049
1058
1429
1065
3871
34044
1091
1050
18652
1359
1040
1048
1043
1050
1044
1050
8429
1049
4906
1429
14229
3871
6830
10679
1398
6705
1032
1049
1046
18111
1398
1058
1875
28384
1058
1562
34044
1091
1048
15558
2229
1272
1061
1048
4906
1875
28384
1091
1048
1093
5773
1049
1059
1272
1061
1049
4906
1875
28384
1091
1049
1093
5773
1359
1040
1048
1043
1049
1044
1049
8429
1049
4906
3310
1429
1066
3871
1562
34044
1091
1049
1093
1319
11018
23368
1317
1429
1065
1034
4244
1272
1061
1048
4906
1875
28384
1091
1049
1093
5773
34044
1091
1049
33666
1067
1040
1049
1043
1048
1044
1048
8429
1049
4906
3788
1875
28384
1091
1049
18652
1050
1319
72344
1429
1065
8011
1066
5588
1272
1061
1049
4906
1875
28384
1091
1050
1093
5773
34044
1091
1049
33666
1067
1040
1049
1043
1049
1044
1049
8429
1049
1042
1050
1061
1050
2297
18451
1429
8062
8011
10574
3871
1562
34044
1091
1050
1093
7504
14229
1034
4244
1272
1061
1048
4906
1875
28384
1091
1050
1093
5773
34044
1091
1050
33666
1067
1040
1050
1043
1048
1044
1048
8429
1049
4906
3788
1875
28384
1091
1050
18652
1051
7504
14229
8011
8062
8011
10574
5588
1272
1061
1049
1605
8807
3147
6705
3480
1376
2365
1040
1049
1044
1550
3217
1041
1809
1550
17546
1050
1044
1295
1061
1050
2297
6705
3480
1061
1048
1046
4493
2778
34044
1091
1049
18652
1050
1044
34044
1091
1050
18652
1051
1046
6830
3788
18451
5592
1032
1049
1791
1050
1376
34044
1091
1049
29707
28384
1091
1050
18652
1053
1063
32844
9781
1729
1880
5592
1032
1049
18451
1058
1349
41778
55434
1376
1051
1059
5592
1032
1050
18451
1058
1055
2297
3788
1032
1049
1048
1046
3626
3226
2453
8673
1349
1321
1398
2342
1044
1729
4884
34044
1091
1049
18652
1050
1319
1065
41778
1574
34044
1091
1050
18652
1051
1319
14229
1044
8062
1044
10574
1577
5646
1681
6298
1394
17597
1349
41778
2342
1046
6830
1729
2168
2832
1359
6705
1032
1049
4025
1044
12327
2081
1046
4493
43544
6113
1338
34976
11857
1058
28553
34044
4460
3729
1550
1043
1049
1454
34044
1091
1048
18652
1049
1044
3067
1032
1048
1338
4393
2744
1272
24514
1294
1359
1877
1293
1875
28384
1376
1766
1048
1093
19197
1075
1043
1049
1456
1293
1394
1295
1294
1032
1048
1791
1075
1877
1369
1693
34044
67495
60692
1048
1058
8214
1010
1369
6705
3480
1376
2365
5164
24514
1044
1550
1462
1295
1456
1369
1394
1272
1294
1032
1048
1791
5914
3480
1877
1463
9384
1376
1308
25238
11327
1867
1272
1044
1272
1041
1256
2569
97913
18540
1010
1463
1875
28384
67495
1867
1272
1093
1376
1319
3080
28384
67495
1867
1272
1093
1867
34044
67495
1093
1364
9384
1041
2545
70914
1010
1293
34044
1376
1875
28384
1267
8659
1747
1032
1050
1054
17597
1044
4832
1376
4556
116968
1091
1049
1058
1075
1043
1049
8623
2545
70914
1338
74800
1532
1058
2898
2744
10679
1319
1050
1054
1574
1729
55645
1295
1562
1032
1048
1317
1550
1044
1321
1394
2744
1295
1044
1272
2015
1317
2365
5164
24514
1044
1550
3217
1577
1656
25256
2937
1272
24514
1376
1550
1319
1049
1048
1048
1048
1577
6830
3788
10317
7849
4556
1746
1108
1061
1048
3161
1075
1125
1319
1075
3217
1043
1049
1041
7849
1535
53487
1094
1050
1047
1050
1041
1651
10679
2297
1032
1050
1054
1364
1319
1049
1048
1048
1048
1094
1050
12982
1050
89738
1032
1049
1051
7067
1044
1799
1395
7771
1294
17616
1338
4268
4016
2095
1750
96078
97913
23300
1308
25238
11327
59795
1044
1272
1041
10533
1046
2837
1710
1750
96078
98121
1321
29569
98121
2015
1317
1550
1319
5914
1032
1049
1048
1048
1048
1041
1321
24002
1308
25238
1408
1278
16223
1535
1040
1049
1577
9748
1295
59795
9120
1550
1044
6705
1308
1376
1550
1338
4268
2534
81793
1032
1057
1057
1056
1050
1052
1052
1051
1053
1051
1338
12598
1681
2688
1454
6186
1032
1049
1058
1550
1061
1050
1044
1359
18359
1050
1044
1049
1044
1049
1044
1048
90743
3077
27912
9459
1032
1049
1048
1338
31327
1032
1050
1058
1550
1061
1051
1053
1056
1044
1359
18359
1049
1044
1048
1044
1049
1044
1048
1044
1049
1044
1048
1044
1049
1044
1048
90743
1093
2715
9459
1032
1054
1052
1338
31327
1032
1051
1058
1550
1061
1049
1048
1048
1048
1044
1359
18359
1049
1048
1048
1048
33666
1050
1054
4906
1032
1050
1055
1048
1050
1055
1052
1048
1051
1053
1338
4268
7534
5687
1338
3890
1729
2534
1317
1402
25052
1058
1531
43544
5055
24875
18451
2478
3542
22482
1321
17597
1584
24924
1638
1046
5646
1681
6298
1338
9080
10314
5443
1058
3367
2269
1359
3755
18652
1048
1044
2430
6705
3480
1061
1048
1044
9165
1272
1061
1048
2342
1044
34044
43884
1046
28200
1338
12082
1729
2534
1317
4848
3475
1294
1261
4249
3475
4950
1338
3890
1729
2095
1736
1278
4206
2254
1455
2084
1402
2434
1317
2688
1046
1531
4127
10674
8223
1058
1429
15908
4206
43063
41786
129511
1041
1317
3160
9458
2613
4493
1729
2586
2534
1317
5687
1278
2254
1338
4268
2715
11811
1729
2607
2405
22347
9458
1046
2837
7534
2586
11249
4014
41786
129511
1338
63026
3427
6103
28106
1058
6438
96078
12439
1313
2505
7342
52102
2015
1317
1550
1046
2837
7534
1653
1455
1338
12598
1681
3475
1338
80749
9578
2100
1045
70914
1376
1032
1057
1057
1056
1050
1052
1052
1051
1053
1051
1010
1045
18228
1550
1044
1359
2951
5592
1032
1050
1054
1626
1045
6438
96078
3121
1091
1048
1791
1075
1093
1321
2537
61427
1091
1048
1791
1075
57277
1045
15340
1308
25238
4990
47086
4244
1693
1382
1060
1048
1505
1382
1062
1110
1058
1850
1032
1048
1059
1850
3121
25501
33666
69177
61427
51877
1093
1037
1077
7460
1042
69177
61427
25501
7831
1093
1037
1077
7460
1626
1045
34044
1376
1766
1048
1093
19197
1075
1043
1049
3455
34044
1091
1048
18652
1049
1626
1045
2898
2744
1272
24514
1294
1359
1877
1293
1272
24514
1376
2365
5164
24514
1044
1550
1041
1032
2569
3147
11855
1550
1605
6618
1010
1293
1875
28384
1376
1766
1048
1093
19197
1075
1043
1049
1456
1293
1394
1295
1294
4521
53487
1043
1049
3640
1369
1916
1376
34044
67495
2820
1369
1693
1916
2351
1032
1048
1058
8214
1010
1369
6705
3480
1376
2365
5164
24514
1044
1550
1462
1295
1456
1369
2569
55645
1272
1562
1032
1048
1317
6705
3480
1010
1369
1394
1272
1294
4521
24728
3480
1867
1032
1049
3640
1463
9384
1376
1308
25238
11327
1867
1272
1044
1272
1456
1463
1875
28384
67495
1867
1272
1093
1376
1319
3080
28384
67495
1867
1272
1093
1867
1916
1364
9384
1041
2545
70914
1010
1293
34044
1376
1875
28384
1010
1045
5571
1376
4556
116968
1091
1049
1058
1075
1043
1049
8623
2545
70914
1010
1045
1850
5571
1267
9080
6186
1032
1051
1058
1550
1061
1049
1048
1048
1048
1044
1359
1747
1032
1049
1048
1048
1048
1046
2837
7534
12319
1338
3890
7377
1058
1531
43544
24875
18451
2478
17597
1584
24924
1638
1809
1729
1736
1032
1050
1054
17597
1046
1531
43544
9320
2744
10679
65016
1044
1321
1278
3542
1307
8673
24598
2405
8122
3147
1729
1584
21905
7654
3528
44400
1307
24875
1321
2430
107515
1046
1531
34307
1454
97913
23300
1395
6298
1394
36359
6619
1454
8031
124440
1046
9246
1681
5558
40172
1454
1261
27465
3336
23898
2505
117134
5125
1317
11811
1836
19940
1338
20396
1058
1550
1061
1050
1044
1359
18359
1049
1044
1049
1044
1048
90743
1093
1319
1065
6705
1049
1044
1398
6705
1049
1577
10228
1317
2948
43544
2100
118895
34044
18359
1049
1044
1048
1044
1048
3563
13255
1349
1319
1099
24514
1061
1049
3640
1108
1061
1048
1916
1061
1049
6705
3480
1061
2422
1040
1049
1044
1050
8429
1049
1010
1099
1061
1048
1058
1875
28384
1091
1048
29707
1061
1049
1042
1067
1040
1048
1044
1048
8429
1049
1010
1099
1061
1049
1058
1875
28384
1091
1049
29707
1061
1049
1042
1067
1040
1049
1044
1049
8429
1049
1010
28384
11006
1766
1049
1044
1049
1044
1048
3563
13255
1398
1319
1099
24514
1061
1049
3640
3080
28384
18359
1048
1044
1048
1044
1048
2820
1108
1061
1048
1916
1061
1049
6705
3480
1061
2422
1040
1049
1044
1050
8429
1049
1010
1272
1061
1048
1058
1875
28384
1091
1048
29707
1061
1049
1010
1272
1061
1049
1058
1875
28384
1091
1049
29707
1061
1049
1042
1067
1040
1049
1044
1049
8429
1049
1010
1295
1061
1049
1916
1061
1049
6705
3480
1061
2422
1040
1049
1044
1049
8429
1049
1010
1272
1061
1048
1058
1875
28384
1091
1049
29707
1061
1049
1042
1067
1040
1049
1044
1048
8429
1049
2297
1875
28384
1091
1049
18652
1050
1010
1272
1061
1049
1058
1875
28384
1091
1050
29707
1061
1049
1042
1067
1040
1050
1044
1049
8429
1050
2297
1875
28384
1091
1050
18652
1050
1010
34044
11006
1766
1049
1044
1050
1044
1050
3563
16536
34044
1091
1049
29707
28384
1091
1050
18652
1052
1046
83739
5592
1032
1049
1058
1349
41778
1319
1050
1577
5592
1032
1050
1058
23904
1044
47409
1319
1050
1577
3788
1032
1052
1046
87482
1338
12082
2688
1359
18359
1050
1044
1048
90743
1093
2342
1349
6705
1050
1046
1550
1061
1050
1338
13255
1349
1058
34044
2453
1349
1058
1766
1049
1044
1049
1044
1049
1093
1319
72344
1058
27645
1429
1065
1897
1429
14229
69235
49032
34044
1091
1048
18652
1049
1044
34044
1091
1049
18652
1049
7504
1065
11499
34044
1091
1050
18652
1049
7504
14229
45101
10852
34044
1091
1049
29707
28384
1091
1050
18652
1050
1046
3626
18451
5592
1032
1049
1791
1050
1454
2342
1349
6705
1050
1058
5592
1049
1058
1429
1065
1034
1319
1049
1574
5592
1050
1058
1429
14229
1034
1319
1049
1041
3788
1032
1050
1046
87482
1338
12082
2688
1359
18359
1048
1044
1048
90743
1093
1747
49846
1046
6830
2744
1272
24514
1061
1048
1044
34044
10714
1766
1049
1044
1048
1044
1048
90743
1093
4556
34044
1091
1049
90370
1376
1032
1048
1046
87482
1319
2649
18451
1307
6818
5592
3147
1836
17597
8807
2519
12082
2688
6186
1032
1049
1058
1550
1061
1050
1044
1359
18359
1050
1044
1049
1044
1049
1044
1048
90743
1093
2715
5628
1032
1049
1048
1338
12598
1681
50248
10533
1058
17597
1058
1349
6705
1050
1044
1398
6705
1049
1044
1359
6705
1049
1044
3067
1032
1048
1338
8431
34044
18359
1049
1044
1048
1044
1048
3563
13255
1349
1319
1099
24514
1061
1050
3640
1108
1061
1048
1916
1061
1049
6705
3480
1061
2422
1040
1050
1044
1050
8429
1050
1010
1099
1061
1048
1058
1875
28384
1091
1048
29707
1061
1049
1010
1099
1061
1049
1058
1875
28384
1091
1049
29707
1061
1049
1042
1067
1040
1049
1044
1049
8429
1049
1010
1099
1061
1050
1058
1875
28384
1091
1050
29707
1061
1049
1042
1067
1040
1050
1044
1050
8429
1049
1010
28384
18359
1049
1044
1049
1044
1049
3563
13255
1398
1319
1099
24514
1061
1049
3640
3080
28384
18359
1048
1044
1048
1044
1048
2820
1108
1061
1048
1916
1061
1049
6705
3480
1061
2422
1040
1049
1044
1050
8429
1049
1010
1272
1061
1048
1058
1875
28384
1091
1048
29707
1061
1049
1010
1272
1061
1049
1058
1875
28384
1091
1049
29707
1061
1049
1042
1067
1040
1049
1044
1049
8429
1049
1010
1295
1061
1049
1916
1061
1049
6705
3480
1061
2422
1040
1049
1044
1049
8429
1049
1010
1272
1061
1048
1058
1875
28384
1091
1049
29707
1061
1049
1042
1067
1040
1049
1044
1048
8429
1049
2297
1875
28384
1091
1049
18652
1050
1010
1272
1061
1049
1058
1875
28384
1091
1050
29707
1061
1049
1042
1067
1040
1050
1044
1049
8429
1050
2297
1875
28384
1091
1050
18652
1050
1010
1295
1061
1050
1916
1061
1049
6705
3480
1061
2422
1040
1049
1044
1048
8429
1048
1010
1272
1061
1048
1058
1875
28384
1091
1050
29707
1061
1049
1042
1067
1040
1050
1044
1048
8429
1049
2297
1875
28384
1091
1050
18652
1051
1010
28384
18359
1049
1044
1050
1044
1051
3563
13255
1359
1319
1099
24514
1061
1049
3640
3080
28384
18359
1048
1044
1048
1044
1048
2820
1108
1061
1048
1916
1061
1049
6705
3480
1061
1049
1010
1272
1061
1048
1058
1875
28384
1091
1048
29707
1061
1049
1010
1272
1061
1049
1058
1875
28384
1091
1049
29707
1061
1049
1010
1295
1061
1049
1916
1061
1050
6705
3480
1061
1049
1010
1272
1061
1048
1058
1875
28384
1091
1049
29707
1061
1050
1042
1067
1040
1049
1044
1048
8429
1050
2297
1875
28384
1091
1049
18652
1051
1010
1272
1061
1049
1058
1875
28384
1091
1050
29707
1061
1050
1042
1067
1040
1050
1044
1049
8429
1052
2297
1875
28384
1091
1050
18652
1052
1010
1295
1061
1050
1916
1061
1051
6705
3480
1061
1048
1010
1272
1061
1048
1058
1875
28384
1091
1050
29707
1061
1051
1042
1067
1040
1050
1044
1048
8429
1051
2297
1875
28384
1091
1050
18652
1055
1010
28384
18359
1049
1044
1051
1044
1055
3563
16536
34044
1091
1049
29707
28384
1091
1050
18652
1049
1048
1046
14175
1338
43286
1338
12082
6186
1032
1050
1058
1550
1061
1051
1053
1056
1044
1359
18359
1049
1044
1048
1044
1049
1044
1048
1044
1049
1044
1048
1044
1049
1044
1048
1044
1048
90743
1093
1729
5314
23898
21564
1032
1054
1052
1338
31327
1032
1051
1058
1550
1061
1049
1048
1048
1048
1044
1359
18359
1049
1048
1048
1048
33666
1050
1054
1046
2837
2534
1317
11811
1494
11500
3746
2142
1046
1535
1040
1050
1054
1364
1550
1094
1050
1047
1050
1041
7849
1032
1049
1051
1077
51127
1044
2744
6965
1261
4517
10317
1044
7771
1294
17616
1338
63026
3427
27636
1058
1729
1710
4323
5124
2200
1916
3107
1048
1046
91218
6965
1338
12082
2314
81793
1058
1032
1057
1057
1056
1050
1052
1052
1051
1053
1051
1046
2157
1681
1261
8156
1063
1032
1057
1057
1056
1050
1052
1052
1051
1053
1051
1046
2837
7534
2210
7834
1394
29569
98121
1338
4268
2534
1317
24002
98121
2015
1317
1550
1319
5914
1032
1049
1048
1048
1048
1577
5646
1681
46441
1338
12082
5687
2254
1338
7446
12705
1058
1531
2254
21734
1058
2121
4014
41786
129511
53487
1058
1935
1044
1359
1058
5247
59939
8623
4906
1935
2100
4268
7534
5687
10693
1455
1338
9080
1455
1729
2607
2405
22347
9458
1046
1531
2778
3475
4950
2715
2586
4231
1278
2254
12270
1319
87088
2095
1750
1730
21568
1063
3626
1729
1710
4283
8605
6625
2254
1044
3907
1750
1730
21568
1307
7342
52102
2015
1317
1550
2744
3690
1059
1550
2015
1317
1032
1049
1048
1048
1048
1044
1878
7771
1338
3890
9134
1058
1531
9458
3690
4206
43063
41786
129511
1041
10138
2127
2084
2688
1278
2254
1046
4493
1729
4016
11249
1278
2254
1338
4268
7534
30711
3475
1294
44642
29896
6421
44642
1338
12598
1681
9470
2778
4832
1046
13
1010
1975
29896
1010
5011
38227
2671
5247
4688
1077
7460
1376
1032
1057
1057
1056
1050
1052
1052
1051
1053
1051
4688
3149
4014
41786
129511
53487
1058
1935
1044
1359
1058
5247
59939
8623
4906
1935
1877
1293
19639
6669
18451
1307
5592
1032
1049
1791
1075
1454
1651
1045
27965
8905
71320
1359
3755
57277
1293
12162
2282
81793
1032
1057
1057
1056
1050
1052
1052
1051
1053
1051
1626
1293
13118
1293
2569
6438
96078
7342
52102
1321
29569
7342
52102
2015
1317
1550
1010
1293
3121
1376
1766
1049
1093
1364
1319
1075
1867
1032
1049
1456
1293
1394
1623
1294
4521
1040
1049
1044
1550
1867
1032
1049
3640
1369
3121
3755
1093
1376
3121
3755
1462
1032
1049
1093
1364
1623
2545
70914
1267
1293
2537
61427
1376
1766
1049
1093
1364
1319
1075
1867
1032
1049
1456
1293
2537
61427
1091
1075
1093
1376
7834
3526
1679
1091
1075
3605
70914
1462
1032
1050
1044
70914
1456
1293
1394
1623
1294
4521
53487
1044
1032
1048
1044
1462
1049
3640
1369
2537
61427
3755
1462
1032
1049
1093
1376
2537
61427
3755
1093
1364
1623
2545
70914
1267
1293
2121
1308
25238
4990
1058
1935
1044
1382
1058
1935
1041
4906
1935
1877
1369
1693
1382
1534
1032
1048
1505
1382
3006
1308
1877
1463
1850
1032
1048
1010
1369
1850
3121
25501
1093
1364
2537
61427
51877
1093
2545
70914
1364
2537
61427
25501
1462
1382
1093
2545
70914
1267
1293
2569
34044
67495
1093
1376
2782
1307
5746
18451
1307
5592
10693
1295
2505
22528
17597
1010
1293
34044
1376
1766
1048
1093
1364
1319
1075
1867
1032
1049
1456
1293
34044
1091
1048
1093
1376
1032
1049
1267
1293
1394
1272
24514
1294
1359
1877
1369
1272
24514
1376
2365
5164
24514
1044
1550
1041
2250
2569
1729
4772
2534
2081
2224
1550
71320
1010
1369
1875
28384
1376
1766
1048
1093
1364
1319
1075
1867
1032
1049
1456
1369
1394
1295
1294
4521
53487
1867
1032
1049
3640
1463
1916
1376
34044
67495
2820
1463
1693
1916
2351
1032
1048
1877
1694
8214
1010
1463
6705
3480
1376
2365
5164
24514
1044
1550
1462
1295
1456
1463
1394
1272
1294
4521
24728
3480
1867
1032
1049
3640
1694
9384
1376
1308
25238
11327
1867
1272
1044
1272
1041
1256
2569
9384
1317
1864
54621
1272
18535
17597
1010
1694
1875
28384
67495
1867
1272
1093
1376
1319
3080
28384
67495
1867
1272
1093
1867
1916
1364
9384
1041
2545
70914
1010
1369
34044
1376
1875
28384
1267
1293
5571
1376
4556
116968
1091
1049
1058
1075
1867
1032
1049
8623
2545
70914
1010
1293
1850
5571
1010
1975
11
1010