105
2364
107
6190
506
2269
1292
14187
532
6484
2383
236764
6340
4144
506
1292
4970
532
1786
784
506
7713
236761
5213
10009
5244
98977
4455
232116
99382
108
3048
1374
20151
506
3393
611
12269
528
496
137349
3393
3355
568
1930
31608
236768
568
20890
795
85025
506
3303
5151
236768
108
2717
107
2063
1527
236779
152812
236779
16469
9964
236769
3041
236787
801
236764
9009
236787
801
236764
4576
236787
801
236764
503
236787
1540
236768
3921
801
236787
107
140
12234
4308
506
1548
529
8632
25630
528
506
2644
870
3041
236764
9009
1619
107
140
107
140
236776
4414
11995
1123
563
2760
8632
768
236787
107
140
236770
236761
1030
10842
607
503
568
236751
563
496
42636
529
1123
236768
107
140
236778
236761
7714
15958
528
1123
563
657
1346
4576
107
140
107
140
13432
236787
107
144
3041
236787
669
1502
529
506
2644
568
83950
236768
107
144
50263
236787
669
1345
529
506
2644
568
83950
236768
107
144
17846
236787
669
5783
6208
15958
1550
568
236770
6605
4576
6605
236743
236819
236768
107
144
236751
236787
562
2483
13855
496
4414
11995
600
1921
577
496
42636
107
140
107
140
42652
236787
107
144
818
1527
529
8632
25630
528
506
2238
2644
107
140
107
140
22539
1527
236779
152812
236779
16469
9964
236769
236770
236764
236743
236825
236771
236771
236771
236764
236743
236812
236764
623
236770
236778
236812
1373
107
140
236810
107
140
22539
1527
236779
152812
236779
16469
9964
236769
236770
236810
236764
236743
236778
236770
236810
236764
236743
236825
236764
623
236770
236771
1373
107
140
236778
107
140
22539
1527
236779
152812
236779
16469
9964
236769
236770
236771
236771
236771
236764
236743
236778
236771
236771
236771
236764
236743
236812
236764
623
236800
236771
236771
236771
1373
107
140
236771
107
140
12234
108
2063
2426
236769
65127
1473
107
140
236865
14691
1594
3636
107
140
10640
11054
236769
236770
236764
236743
236825
236771
236771
236771
236764
236743
236812
236764
623
236770
236778
236812
1373
1251
236743
236810
107
140
10640
11054
236769
236770
236810
236764
236743
236778
236770
236810
236764
236743
236825
236764
623
236770
236771
1373
1251
236743
236778
107
140
10640
11054
236769
236770
236771
236771
236771
236764
236743
236778
236771
236771
236771
236764
236743
236812
236764
623
236800
236771
236771
236771
1373
1251
236743
236771
107
140
107
140
236865
25275
1594
3636
107
140
10640
11054
236769
236800
236825
236764
236743
236778
236832
236810
236764
236743
236819
236764
623
236819
1373
1251
236743
236778
236812
107
140
10640
11054
236769
236778
236771
236764
236743
236825
236778
236800
236764
236743
236812
236764
623
236770
1373
1251
236743
236778
236800
107
140
10640
11054
236769
236812
236832
236764
236743
236800
236828
236828
236764
236743
236778
236764
623
236770
236770
1373
1251
236743
236778
107
140
10640
11054
236769
236778
236819
236812
236825
236810
236825
236828
236764
236743
236825
236832
236778
236800
236825
236810
236771
236770
236764
236743
236825
236764
623
236812
236771
236800
1373
1251
236743
236828
236771
236800
236810
107
140
10640
11054
236769
236828
236770
236764
236743
236828
236825
236770
236764
236743
236800
236764
623
236800
236771
1373
1251
236743
236800
107
140
10640
11054
236769
236819
236778
236764
236743
236819
236770
236812
236764
236743
236825
236764
623
236812
236770
1373
1251
236743
236825
107
140
10640
11054
236769
236819
236778
236810
236770
236764
236743
236828
236778
236812
236828
236771
236764
236743
236819
236764
623
236812
236819
1373
1251
236743
236832
236800
236778
107
140
10640
11054
236769
236828
236832
236832
236828
236764
236743
236819
236819
236819
236778
236812
236764
236743
236832
236764
623
236810
236800
236771
236800
236778
1373
1251
236743
236770
107
140
10640
11054
236769
236819
236832
236825
236828
236825
236825
236800
236764
236743
236825
236800
236812
236800
236812
236771
236832
236825
236764
236743
236770
236764
623
236770
236770
236770
236770
236770
236770
1373
1251
236743
236778
107
140
10640
11054
236769
236778
236819
236812
236825
236810
236825
236828
236764
236743
236825
236832
236778
236800
236825
236810
236771
236770
236764
236743
236825
236764
623
236812
236771
236800
1373
1251
236743
236770
236810
236832
236832
236828
107
140
10640
11054
236769
236832
236778
236812
236812
236832
236832
236810
236832
236832
236771
236819
236832
236771
236764
236743
236810
236828
236812
236819
236771
236828
236778
236828
236810
236819
236810
236825
236770
236810
236764
236743
236825
236764
623
236778
236771
236825
236771
1373
1251
236743
236778
236771
236770
236832
236825
236828
236771
236800
236810
107
140
10640
11054
236769
236812
236771
236828
236770
236812
236778
236810
236778
236778
236810
236819
236828
236770
236771
236832
236764
236743
236810
236800
236778
236771
236828
236819
236800
236810
236778
236812
236819
236825
236819
236810
236800
236764
236743
236800
236764
623
236770
236778
236770
236778
236778
236771
236778
236800
236800
236778
236770
236778
236800
236800
236778
1373
1251
236743
236771
107
140
10640
11054
236769
236819
236771
236771
236812
236771
236832
236828
236825
236800
236819
236800
236810
236819
236812
236771
236764
236743
236819
236825
236770
236812
236810
236819
236771
236832
236828
236810
236825
236819
236828
236810
236832
236764
236743
236819
236764
623
236810
236828
236770
236832
236812
236832
236825
236832
236778
236810
236778
236800
236832
236800
236770
1373
1251
236743
236771
108
236865
6890
2426
236769
2861
236779
152812
236779
16469
9964
236768
531
1845
7713
236761
107
2717
106
107
105
4368
107
2717
6719
107
2063
1527
236779
152812
236779
16469
9964
236769
3041
236787
801
236764
9009
236787
801
236764
4576
236787
801
236764
503
236787
1540
236768
3921
801
236787
107
140
12234
4308
506
1548
529
8632
25630
528
506
2644
870
3041
236764
9009
1619
107
140
107
140
236776
4414
11995
1123
563
2760
8632
768
236787
107
140
236770
236761
1030
10842
607
503
568
236751
563
496
42636
529
1123
236768
107
140
236778
236761
7714
15958
528
1123
563
657
1346
4576
107
140
107
140
13432
236787
107
144
3041
236787
669
1502
529
506
2644
568
83950
236768
107
144
50263
236787
669
1345
529
506
2644
568
83950
236768
107
144
17846
236787
669
5783
6208
15958
1550
568
236770
6605
4576
6605
236743
236819
236768
107
144
236751
236787
562
2483
13855
496
4414
11995
600
1921
577
496
42636
107
140
107
140
42652
236787
107
144
818
1527
529
8632
25630
528
506
2238
2644
107
140
107
140
22539
1527
236779
152812
236779
16469
9964
236769
236770
236764
236743
236825
236771
236771
236771
236764
236743
236812
236764
623
236770
236778
236812
1373
107
140
236810
107
140
22539
1527
236779
152812
236779
16469
9964
236769
236770
236810
236764
236743
236778
236770
236810
236764
236743
236825
236764
623
236770
236771
1373
107
140
236778
107
140
22539
1527
236779
152812
236779
16469
9964
236769
236770
236771
236771
236771
236764
236743
236778
236771
236771
236771
236764
236743
236812
236764
623
236800
236771
236771
236771
1373
107
140
236771
107
140
12234
107
140
2861
578
236743
236771
107
140
1708
858
528
2644
236769
3041
236764
9009
900
236743
236770
1473
107
144
584
1540
236769
236747
769
83887
236769
236751
1473
107
148
511
236779
152812
578
6288
107
148
1708
15958
528
1540
236769
236747
1473
107
152
584
801
236769
29345
236768
1890
4576
236787
107
156
511
236779
152812
578
8450
107
156
7284
107
148
584
563
236779
152812
236787
107
152
2861
3323
236743
236770
107
140
2060
1527
107
2717
106
107
105
2364
107
11069
3527
5686
8428
506
7713
236761
5715
236789
236751
506
3165
236787
107
236820
1999
756
118821
236779
1389
236761
2349
4917
115217
236761
18582
236761
140774
13688
3494
9946
17714
51422
855
1308
236743
236800
236771
9093
110
2021
136030
236764
672
563
822
4209
236787
8847
506
2269
1292
14187
532
6484
2383
236764
6340
4144
506
1292
4970
532
1786
784
506
7713
236761
5213
10009
5244
98977
4455
232116
99382
108
3048
1374
20151
506
3393
611
12269
528
496
137349
3393
3355
568
1930
31608
236768
568
20890
795
85025
506
3303
5151
236768
106
107
105
4368
107
2717
6719
107
2063
1527
236779
152812
236779
16469
9964
236769
3041
236787
801
236764
9009
236787
801
236764
4576
236787
801
236764
503
236787
1540
236768
3921
801
236787
107
140
12234
4308
506
1548
529
8632
25630
528
506
2644
870
3041
236764
9009
1619
107
140
107
140
236776
4414
11995
1123
563
2760
8632
768
236787
107
140
236770
236761
1030
10842
607
503
568
236751
563
496
42636
529
1123
236768
107
140
236778
236761
7714
15958
528
1123
563
657
1346
4576
107
140
107
140
13432
236787
107
144
3041
236787
669
1502
529
506
2644
568
83950
236768
107
144
50263
236787
669
1345
529
506
2644
568
83950
236768
107
144
17846
236787
669
5783
6208
15958
1550
568
236770
6605
4576
6605
236743
236819
236768
107
144
236751
236787
562
2483
13855
496
4414
11995
600
1921
577
496
42636
107
140
107
140
42652
236787
107
144
818
1527
529
8632
25630
528
506
2238
2644
107
140
107
140
22539
1527
236779
152812
236779
16469
9964
236769
236770
236764
236743
236825
236771
236771
236771
236764
236743
236812
236764
623
236770
236778
236812
1373
107
140
236810
107
140
22539
1527
236779
152812
236779
16469
9964
236769
236770
236810
236764
236743
236778
236770
236810
236764
236743
236825
236764
623
236770
236771
1373
107
140
236778
107
140
22539
1527
236779
152812
236779
16469
9964
236769
236770
236771
236771
236771
236764
236743
236778
236771
236771
236771
236764
236743
236812
236764
623
236800
236771
236771
236771
1373
107
140
236771
107
140
12234
107
140
2861
578
236743
236771
107
140
236751
236779
720
578
801
236769
236751
236768
107
140
1708
858
528
2644
236769
3041
236764
9009
900
236743
236770
1473
107
144
584
858
2144
236743
236770
236771
177906
3469
236769
236751
1223
1251
503
236779
720
236787
107
148
511
236779
152812
578
6288
107
148
7617
578
858
107
148
6858
6262
1890
236743
236771
236787
107
152
29345
578
6262
2144
236743
236770
236771
107
152
584
15958
1890
4576
236787
107
156
511
236779
152812
578
8450
107
156
7284
107
152
7617
973
236784
236743
236770
236771
107
148
584
563
236779
152812
236787
107
152
2861
3323
236743
236770
107
140
2060
1527
107
2717
106
107
105
2364
107
11069
3527
5686
8428
506
7713
236761
5715
236789
236751
506
3165
236787
107
17070
1942
568
3374
4803
2246
1774
1473
107
138
3202
137325
236754
1934
236798
236812
236767
236935
77272
236791
236761
2551
827
1757
236743
236828
236812
236764
528
655
7498
236813
107
140
4256
236769
2861
236779
152812
236779
16469
9964
236768
107
138
3202
137325
236754
1934
236798
236812
236767
236935
77272
236791
236761
2551
827
1757
236743
236800
236810
236764
528
2426
107
140
10640
11054
236769
236778
236819
236812
236825
236810
236825
236828
236764
236743
236825
236832
236778
236800
236825
236810
236771
236770
236764
236743
236825
236764
623
236812
236771
236800
1373
1251
236743
236828
236771
236800
236810
107
147
172109
172109
172109
172109
172109
172109
172109
172109
172109
172109
172109
38825
107
132731
3494
111
2021
136030
236764
672
563
822
4209
236787
8847
506
2269
1292
14187
532
6484
2383
236764
6340
4144
506
1292
4970
532
1786
784
506
7713
236761
5213
10009
5244
98977
4455
232116
99382
108
3048
1374
20151
506
3393
611
12269
528
496
137349
3393
3355
568
1930
31608
236768
568
20890
795
85025
506
3303
5151
236768
106
107
105
4368
107
2717
6719
107
2063
1527
236779
152812
236779
16469
9964
236769
3041
236787
801
236764
9009
236787
801
236764
4576
236787
801
236764
503
236787
1540
236768
3921
801
236787
107
140
12234
4308
506
1548
529
8632
25630
528
506
2644
870
3041
236764
9009
1619
107
140
107
140
236776
4414
11995
1123
563
2760
8632
768
236787
107
140
236770
236761
1030
10842
607
503
568
236751
563
496
42636
529
1123
236768
107
140
236778
236761
7714
15958
528
1123
563
657
1346
4576
107
140
107
140
13432
236787
107
144
3041
236787
669
1502
529
506
2644
568
83950
236768
107
144
50263
236787
669
1345
529
506
2644
568
83950
236768
107
144
17846
236787
669
5783
6208
15958
1550
568
236770
6605
4576
6605
236743
236819
236768
107
144
236751
236787
562
2483
13855
496
4414
11995
600
1921
577
496
42636
107
140
107
140
42652
236787
107
144
818
1527
529
8632
25630
528
506
2238
2644
107
140
107
140
22539
1527
236779
152812
236779
16469
9964
236769
236770
236764
236743
236825
236771
236771
236771
236764
236743
236812
236764
623
236770
236778
236812
1373
107
140
236810
107
140
22539
1527
236779
152812
236779
16469
9964
236769
236770
236810
236764
236743
236778
236770
236810
236764
236743
236825
236764
623
236770
236771
1373
107
140
236778
107
140
22539
1527
236779
152812
236779
16469
9964
236769
236770
236771
236771
236771
236764
236743
236778
236771
236771
236771
236764
236743
236812
236764
623
236800
236771
236771
236771
1373
107
140
236771
107
140
12234
107
140
2861
578
236743
236771
107
140
236751
236779
720
578
801
236769
236751
236768
107
140
1708
858
528
2644
236769
3041
236764
9009
900
236743
236770
1473
107
144
584
1540
236769
236747
769
83887
236769
236751
1473
107
148
511
236779
152812
578
6288
107
148
7617
578
858
107
148
6858
6262
1890
236743
236771
236787
107
152
29345
578
6262
2144
236743
236770
236771
107
152
584
15958
1890
4576
236787
107
156
511
236779
152812
578
8450
107
156
7284
107
152
7617
973
236784
236743
236770
236771
107
148
584
563
236779
152812
236787
107
152
2861
3323
236743
236770
107
140
2060
1527
107
2717
106
107