105
2364
107
6190
506
2269
1292
14187
532
6484
2383
236764
6340
4144
506
1292
4970
532
1786
784
506
7713
236761
5213
10009
5244
98977
4455
232116
99382
108
3048
1374
20151
506
3393
611
12269
528
496
137349
3393
3355
568
1930
31608
236768
568
20890
795
85025
506
3303
5151
236768
108
2717
107
2543
28751
1419
4361
236764
76272
109
2063
2631
236779
24761
236779
48578
236769
236749
236787
801
236764
1123
236787
801
236764
12512
236787
4361
236840
36805
236840
720
236764
801
236764
801
236764
801
32215
3921
801
236787
107
140
12234
17770
646
6585
532
496
7715
1684
236764
1586
506
5783
84947
3719
6541
236761
107
140
107
140
2542
1546
1657
858
236764
993
659
1156
4458
529
12512
2487
236787
107
140
236772
15313
1722
555
236787
6585
562
236779
236747
3211
810
1719
236764
5384
593
236779
236747
38977
810
4360
107
140
236772
15313
1722
558
236787
6585
603
236779
236747
3211
810
1719
236764
5384
1366
236779
236747
38977
810
4360
107
140
107
140
3048
740
7408
1027
1548
529
1546
5464
1722
568
16603
5743
769
107
140
818
3719
6541
563
5221
618
506
7081
8487
20478
3418
784
6585
236761
107
140
107
140
13432
236787
107
144
236749
236787
9661
529
6585
568
236770
6605
538
6605
236743
236770
236771
236771
236768
107
144
236781
236787
12613
7715
528
38977
568
236770
6605
1123
6605
236743
236770
236771
236884
236832
236768
107
144
193154
236787
4361
529
538
119743
236764
1546
7906
568
236776
236779
236747
236764
593
236779
236747
236764
603
236779
236747
236764
1366
236779
236747
236768
1298
236787
107
154
236772
562
236779
236747
236764
603
236779
236747
236787
3211
810
1719
568
236770
6605
562
236779
236747
236764
603
236779
236747
6605
236743
236770
236771
236771
236768
107
154
236772
593
236779
236747
236764
1366
236779
236747
236787
2157
810
4360
568
236770
6605
593
236779
236747
236764
1366
236779
236747
6605
236743
236770
236771
236884
236832
236768
107
140
107
140
42652
236787
107
144
44700
84947
3719
6541
568
44595
3211
236786
1496
3418
784
6585
236768
107
140
107
140
22539
2631
236779
24761
236779
48578
236769
236800
236764
236743
236778
236778
236764
21652
236778
236764
236743
236810
236764
236743
236800
236764
236743
236825
779
568
236770
236764
236743
236770
236764
236743
236800
236764
236743
236800
779
568
236770
236764
236743
236800
236764
236743
236778
236764
236743
236812
44538
107
140
236812
107
140
22539
2631
236779
24761
236779
48578
236769
236770
236764
236743
236770
236771
236771
236771
236771
236771
236771
236771
236764
21652
236770
236771
236771
236764
236743
236770
236764
236743
236770
236771
236771
236764
236743
236770
44538
107
140
236770
236771
236771
236771
236771
236771
236771
236771
236771
236771
107
140
22539
2631
236779
24761
236779
48578
236769
236770
236764
236743
236770
236764
21652
236770
236764
236743
236770
236771
236771
236771
236771
236771
236771
236771
236764
236743
236770
236764
236743
236770
236771
236771
236771
236771
236771
236771
236771
44538
107
140
236771
107
140
12234
108
2063
2426
236769
65127
1473
107
140
236865
5803
3636
699
506
2608
107
140
10640
11054
236769
236800
236764
236743
236778
236778
236764
21652
236778
236764
236743
236810
236764
236743
236800
236764
236743
236825
779
568
236770
236764
236743
236770
236764
236743
236800
236764
236743
236800
779
568
236770
236764
236743
236800
236764
236743
236778
236764
236743
236812
44538
1251
236743
236810
107
140
10640
11054
236769
236770
236764
236743
236770
236771
236771
236771
236771
236771
236771
236771
236764
21652
236770
236771
236771
236764
236743
236770
236764
236743
236770
236771
236771
236764
236743
236770
44538
1251
236743
236770
236771
236771
236771
236771
236771
236771
236771
236771
236771
107
140
10640
11054
236769
236770
236764
236743
236770
236764
21652
236770
236764
236743
236770
236771
236771
236771
236771
236771
236771
236771
236764
236743
236770
236764
236743
236770
236771
236771
236771
236771
236771
236771
236771
44538
1251
236743
236771
107
140
10640
11054
236769
236770
236771
236764
236743
236832
236825
236810
236812
236800
236778
236770
236764
21652
236828
236764
236743
236825
236764
236743
236819
236764
236743
236770
779
568
236810
236764
236743
236825
236764
236743
236812
236764
236743
236800
779
568
236778
236764
236743
236812
236764
236743
236832
236764
236743
236819
779
568
236832
236764
236743
236828
236764
236743
236819
236764
236743
236770
779
568
236832
236764
236743
236819
236764
236743
236770
236764
236743
236825
779
568
236812
236764
236743
236828
236764
236743
236819
236764
236743
236770
779
568
236778
236764
236743
236778
236764
236743
236828
236764
236743
236819
779
568
236770
236764
236743
236825
236764
236743
236778
236764
236743
236825
779
568
236812
236764
236743
236778
236764
236743
236800
236764
236743
236812
779
568
236825
236764
236743
236825
236764
236743
236810
236764
236743
236778
44538
1251
236743
236828
236819
236812
236832
236812
236778
107
140
107
140
236865
25275
1594
3636
107
140
10640
11054
236769
236770
236771
236764
236743
236828
236770
236825
236810
236832
236771
236800
236764
21652
236832
236764
236743
236770
236828
236800
236778
236764
236743
236770
236828
236764
236743
236819
236812
236800
236819
779
568
236770
236764
236743
236810
236825
236778
236812
236764
236743
236810
236764
236743
236819
236778
236828
236828
779
568
236812
236764
236743
236810
236828
236778
236825
236764
236743
236778
236764
236743
236770
236819
236832
236800
779
568
236819
236764
236743
236800
236770
236771
236770
236764
236743
236770
236771
236764
236743
236812
236800
236770
236800
779
568
236810
236764
236743
236810
236800
236771
236819
236764
236743
236770
236764
236743
236770
236778
236778
236810
779
568
236770
236828
236764
236743
236819
236825
236812
236828
236764
236743
236778
236771
236764
236743
236819
236778
236825
236771
779
568
236770
236828
236764
236743
236800
236819
236771
236764
236743
236770
236812
236764
236743
236800
236832
236771
236810
779
568
236800
236764
236743
236828
236778
236778
236810
236764
236743
236770
236810
236764
236743
236828
236832
236825
236819
779
568
236825
236764
236743
236819
236825
236778
236810
236764
236743
236770
236828
236764
236743
236825
236819
236825
236825
779
568
236778
236764
236743
236778
236828
236770
236825
236764
236743
236770
236825
236764
236743
236825
236810
236828
236825
44538
1251
236743
236770
236778
236832
236825
107
140
10640
11054
236769
236832
236832
236764
236743
236812
236770
236812
236770
236812
236825
236764
21652
236810
236778
236764
236743
236770
236778
236770
236778
236832
236825
236764
236743
236810
236810
236764
236743
236800
236812
236812
236771
236812
779
568
236825
236764
236743
236770
236771
236778
236771
236771
236828
236764
236743
236810
236800
236764
236743
236819
236812
236825
236828
236825
779
568
236828
236771
236764
236743
236825
236832
236832
236800
236770
236764
236743
236828
236770
236764
236743
236812
236810
236771
236819
236828
779
568
236778
236771
236764
236743
236770
236771
236828
236800
236832
236825
236764
236743
236810
236810
236764
236743
236770
236771
236825
236825
236832
236800
779
568
236770
236778
236764
236743
236832
236819
236771
236771
236778
236764
236743
236832
236771
236764
236743
236770
236832
236800
236771
236778
779
568
236800
236812
236764
236743
236832
236812
236800
236828
236771
236764
236743
236832
236825
236764
236743
236828
236770
236832
236770
236828
779
568
236810
236825
236764
236743
236819
236812
236819
236810
236832
236764
236743
236810
236832
236764
236743
236770
236832
236800
236810
236771
779
568
236828
236825
236764
236743
236770
236771
236778
236812
236832
236771
236764
236743
236828
236764
236743
236778
236812
236828
236771
236812
779
568
236778
236800
236764
236743
236800
236800
236810
236810
236778
236764
236743
236812
236832
236764
236743
236832
236812
236810
236828
236771
779
568
236800
236770
236764
236743
236828
236771
236778
236778
236810
236764
236743
236770
236819
236764
236743
236800
236825
236825
236832
236771
779
568
236825
236810
236764
236743
236825
236770
236832
236800
236764
236743
236825
236764
236743
236825
236825
236810
236771
779
568
236828
236825
236764
236743
236819
236778
236770
236819
236778
236764
236743
236832
236819
236764
236743
236812
236832
236825
236819
236771
779
568
236832
236825
236764
236743
236770
236778
236770
236812
236832
236800
236764
236743
236825
236812
236764
236743
236778
236810
236819
236832
779
568
236770
236800
236764
236743
236812
236825
236832
236812
236819
236764
236743
236810
236832
236764
236743
236770
236770
236819
236832
236828
236800
779
568
236800
236825
236764
236743
236810
236825
236819
236778
236828
236764
236743
236819
236819
236764
236743
236812
236812
236800
236800
236832
779
568
236770
236771
236771
236764
236743
236778
236771
236828
236800
236770
236764
236743
236825
236832
236764
236743
236800
236832
236825
236800
779
568
236810
236764
236743
236810
236770
236819
236832
236832
236764
236743
236800
236764
236743
236770
236771
236832
236800
236828
779
568
236825
236800
236764
236743
236800
236771
236771
236810
236825
236764
236743
236770
236832
236764
236743
236770
236812
236819
236771
236770
779
568
236819
236810
236764
236743
236770
236770
236771
236778
236771
236778
236764
236743
236770
236810
236764
236743
236828
236770
236771
236828
236810
779
568
236828
236832
236764
236743
236770
236770
236810
236810
236810
236812
236764
236743
236828
236800
236764
236743
236770
236770
236812
236832
236812
236810
779
568
236812
236771
236764
236743
236819
236819
236810
236800
236800
236764
236743
236832
236810
236764
236743
236832
236825
236812
236828
236770
779
568
236825
236764
236743
236770
236778
236812
236778
236819
236832
236764
236743
236832
236778
236764
236743
236832
236800
236832
236770
236828
779
568
236810
236800
236764
236743
236800
236819
236825
236771
236778
236764
236743
236819
236810
236764
236743
236825
236812
236825
236778
236812
779
568
236832
236764
236743
236770
236770
236825
236825
236825
236810
236764
236743
236819
236832
236764
236743
236819
236832
236812
236770
236812
779
568
236810
236810
236764
236743
236832
236819
236812
236828
236812
236764
236743
236770
236778
236764
236743
236828
236819
236810
236819
236819
779
568
236778
236771
236764
236743
236812
236778
236828
236812
236828
236764
236743
236810
236825
236764
236743
236825
236778
236819
236770
236825
779
568
236770
236771
236764
236743
236828
236778
236778
236778
236828
236764
236743
236825
236825
236764
236743
236828
236828
236771
236800
236770
779
568
236828
236828
236764
236743
236812
236812
236832
236810
236819
236764
236743
236832
236778
236764
236743
236778
236778
236812
236828
236778
779
568
236819
236771
236764
236743
236770
236778
236819
236770
236770
236764
236743
236812
236810
236764
236743
236770
236770
236825
236810
236819
236770
779
568
236819
236810
236764
236743
236812
236832
236825
236800
236778
236764
236743
236812
236812
236764
236743
236825
236810
236812
236819
236812
779
568
236832
236770
236764
236743
236770
236778
236770
236770
236800
236828
236764
236743
236778
236800
236764
236743
236778
236819
236819
236771
236819
779
568
236825
236832
236764
236743
236828
236832
236828
236771
236828
236764
236743
236778
236812
236764
236743
236770
236771
236819
236770
236825
236778
779
568
236810
236770
236764
236743
236770
236778
236832
236810
236770
236832
236764
236743
236812
236828
236764
236743
236825
236778
236832
236819
236810
779
568
236812
236812
236764
236743
236828
236828
236812
236832
236825
236764
236743
236828
236771
236764
236743
236810
236812
236828
236832
236771
779
568
236810
236825
236764
236743
236825
236832
236832
236819
236825
236764
236743
236832
236828
236764
236743
236832
236812
236825
236800
236832
779
568
236832
236810
236764
236743
236819
236825
236800
236778
236770
236764
236743
236819
236764
236743
236828
236800
236810
236812
236771
779
568
236812
236778
236764
236743
236825
236819
236812
236832
236810
236764
236743
236810
236810
236764
236743
236770
236778
236825
236770
236770
236771
779
568
236828
236832
236764
236743
236770
236825
236771
236819
236832
236764
236743
236770
236771
236771
236764
236743
236832
236825
236770
236810
236770
779
568
236770
236810
236764
236743
236770
236771
236770
236770
236832
236800
236764
236743
236800
236825
236764
236743
236770
236812
236770
236812
236810
779
568
236819
236770
236764
236743
236800
236770
236771
236832
236764
236743
236770
236778
236764
236743
236812
236832
236825
236771
236819
779
568
236812
236832
236764
236743
236832
236778
236778
236832
236825
236764
236743
236825
236764
236743
236770
236825
236832
236770
236832
779
568
236825
236832
236764
236743
236828
236771
236771
236825
236764
236743
236800
236800
236764
236743
236825
236770
236828
236819
236832
779
568
236770
236800
236764
236743
236770
236770
236771
236771
236800
236764
236743
236832
236800
236764
236743
236770
236778
236770
236800
236771
236819
779
568
236770
236832
236764
236743
236812
236819
236828
236819
236810
236764
236743
236828
236800
236764
236743
236770
236771
236800
236828
236825
236800
779
568
236770
236771
236771
236764
236743
236828
236812
236828
236819
236800
236764
236743
236832
236771
236764
236743
236812
236828
236812
236832
236771
779
568
236810
236778
236764
236743
236770
236771
236800
236828
236812
236810
236764
236743
236770
236778
236764
236743
236825
236810
236828
236810
236832
779
568
236825
236825
236764
236743
236770
236771
236828
236770
236778
236771
236764
236743
236778
236810
236764
236743
236770
236778
236825
236812
236800
236825
779
568
236828
236825
236764
236743
236770
236778
236771
236832
236770
236800
236764
236743
236800
236770
236764
236743
236825
236810
236778
236828
236810
779
568
236800
236832
236764
236743
236800
236812
236832
236832
236810
236764
236743
236800
236800
236764
236743
236800
236810
236832
236810
236778
779
568
236800
236832
236764
236743
236770
236770
236778
236778
236825
236764
236743
236819
236800
236764
236743
236770
236812
236778
236810
236810
779
568
236800
236825
236764
236743
236819
236819
236832
236819
236764
236743
236778
236778
236764
236743
236800
236810
236828
236800
236828
779
568
236819
236771
236764
236743
236770
236771
236819
236810
236770
236819
236764
236743
236770
236810
236764
236743
236770
236778
236800
236832
236812
236819
779
568
236778
236764
236743
236810
236812
236825
236832
236832
236764
236743
236812
236800
236764
236743
236770
236771
236770
236828
236819
236828
779
568
236770
236764
236743
236832
236778
236810
236810
236812
236764
236743
236810
236810
236764
236743
236770
236778
236825
236812
236771
236812
779
568
236770
236828
236764
236743
236812
236771
236771
236800
236812
236764
236743
236800
236812
236764
236743
236800
236828
236819
236819
236771
779
568
236810
236771
236764
236743
236812
236800
236825
236832
236819
236764
236743
236825
236825
236764
236743
236800
236812
236810
236825
236800
779
568
236778
236770
236764
236743
236819
236828
236810
236810
236812
236764
236743
236800
236764
236743
236778
236778
236771
236832
236819
779
568
236810
236800
236764
236743
236828
236825
236778
236778
236832
236764
236743
236825
236764
236743
236819
236832
236825
236770
236825
779
568
236770
236771
236764
236743
236800
236825
236832
236800
236825
236764
236743
236819
236771
236764
236743
236825
236771
236812
236778
236819
779
568
236770
236812
236764
236743
236828
236810
236828
236810
236819
236764
236743
236800
236764
236743
236770
236771
236810
236819
236771
236770
779
568
236819
236819
236764
236743
236810
236770
236771
236825
236764
236743
236819
236771
236764
236743
236778
236819
236770
236812
236832
779
568
236770
236771
236764
236743
236828
236771
236828
236819
236828
236764
236743
236832
236764
236743
236778
236819
236778
236770
236800
779
568
236812
236778
236764
236743
236770
236778
236778
236812
236771
236832
236764
236743
236828
236832
236764
236743
236770
236770
236770
236812
236825
236771
779
568
236812
236819
236764
236743
236828
236778
236832
236828
236771
236764
236743
236832
236778
236764
236743
236819
236825
236832
236800
236810
779
568
236770
236810
236764
236743
236825
236800
236825
236828
236819
236764
236743
236825
236832
236764
236743
236770
236819
236771
236828
236828
779
568
236800
236812
236764
236743
236825
236770
236819
236778
236778
236764
236743
236800
236810
236764
236743
236819
236778
236812
236810
236810
779
568
236819
236832
236764
236743
236828
236819
236812
236812
236800
236764
236743
236770
236828
236764
236743
236832
236832
236810
236771
236812
779
568
236810
236771
236764
236743
236832
236828
236810
236810
236800
236764
236743
236810
236812
236764
236743
236812
236832
236832
236819
236832
779
568
236825
236771
236764
236743
236800
236825
236800
236778
236778
236764
236743
236828
236764
236743
236828
236825
236771
236825
236770
779
568
236825
236832
236764
236743
236778
236812
236812
236819
236812
236764
236743
236832
236810
236764
236743
236770
236770
236832
236810
236828
236800
779
568
236800
236810
236764
236743
236800
236828
236819
236778
236771
236764
236743
236832
236819
236764
236743
236819
236812
236778
236825
236800
779
568
236819
236825
236764
236743
236770
236819
236832
236778
236819
236764
236743
236812
236800
236764
236743
236778
236800
236771
236778
779
568
236832
236771
236764
236743
236778
236771
236812
236810
236778
236764
236743
236832
236770
236764
236743
236770
236770
236771
236828
236819
236828
779
568
236812
236825
236764
236743
236832
236778
236812
236764
236743
236819
236832
236764
236743
236770
236770
236825
236800
236828
236832
779
568
236810
236770
236764
236743
236828
236800
236812
236819
236770
236764
236743
236819
236825
236764
236743
236810
236828
236771
236778
236800
779
568
236825
236825
236764
236743
236810
236778
236778
236832
236800
236764
236743
236812
236800
236764
236743
236810
236832
236810
236828
236770
779
568
236778
236764
236743
236770
236800
236800
236812
236810
236764
236743
236770
236828
236764
236743
236770
236771
236770
236825
236825
44538
1251
236743
236771
107
140
10640
11054
236769
236778
236771
236764
236743
236812
236778
236832
236828
236825
236832
236771
236764
21652
236812
236764
236743
236770
236825
236764
236743
236770
236764
236743
236812
236819
779
568
236800
236764
236743
236812
236828
236764
236743
236770
236764
236743
236810
236810
779
568
236770
236764
236743
236812
236770
236764
236743
236770
236764
236743
236810
236810
779
568
236778
236764
236743
236810
236771
236764
236743
236800
236764
236743
236810
236770
779
568
236770
236764
236743
236800
236778
236764
236743
236778
236764
236743
236812
236832
779
568
236778
236764
236743
236800
236812
236764
236743
236770
236764
236743
236800
236810
779
568
236812
236764
236743
236778
236800
236764
236743
236770
236764
236743
236770
236770
779
568
236778
236764
236743
236800
236778
236764
236743
236770
236764
236743
236800
236819
779
568
236778
236764
236743
236770
236825
236764
236743
236800
236764
236743
236800
236832
779
568
236770
236764
236743
236770
236832
236764
236743
236812
236764
236743
236812
236819
779
568
236812
236764
236743
236819
236764
236743
236778
236764
236743
236770
236832
779
568
236778
236764
236743
236778
236764
236743
236778
236764
236743
236812
779
568
236778
236764
236743
236825
236764
236743
236778
236764
236743
236810
236812
779
568
236800
236764
236743
236812
236778
236764
236743
236812
236764
236743
236810
779
568
236812
236764
236743
236778
236764
236743
236770
236764
236743
236770
236825
779
568
236770
236764
236743
236800
236828
236764
236743
236812
236764
236743
236812
779
568
236778
236764
236743
236800
236825
236764
236743
236812
236764
236743
236800
236770
779
568
236778
236764
236743
236810
236770
236764
236743
236800
236764
236743
236778
236810
779
568
236800
236764
236743
236770
236810
236764
236743
236778
236764
236743
236800
236828
779
568
236770
236764
236743
236810
236812
236764
236743
236800
236764
236743
236778
236828
44538
1251
236743
236778
236770
236812
236771
236778
107
140
10640
11054
236769
236812
236764
236743
236828
236800
236828
236770
236828
236828
236778
236764
21652
236812
236764
236743
236810
236828
236764
236743
236770
236764
236743
236778
236810
779
568
236800
236764
236743
236800
236764
236743
236800
236764
236743
236825
236825
779
568
236770
236764
236743
236778
236812
236764
236743
236812
236764
236743
236825
236828
779
568
236812
236764
236743
236778
236812
236764
236743
236778
236764
236743
236810
236812
44538
1251
236743
236778
236770
236832
236832
236770
236771
107
140
10640
11054
236769
236770
236764
236743
236819
236819
236819
236819
236819
236819
236819
236764
21652
236770
236764
236743
236770
236771
236771
236771
236771
236771
236771
236771
236764
236743
236770
236764
236743
236770
236771
236771
236771
236771
236771
236771
236771
44538
1251
236743
236771
107
140
10640
11054
236769
236770
236764
236743
236770
236771
236771
236771
236771
236771
236771
236771
236764
21652
236770
236771
236771
236764
236743
236770
236764
236743
236770
236771
236771
236764
236743
236770
44538
1251
236743
236770
236771
236771
236771
236771
236771
236771
236771
236771
236771
108
236865
6890
2426
236769
2074
236779
24761
236779
48578
236768
531
1845
7713
236761
107
2717
106
107
105
4368
107
2717
6719
107
2543
28751
1419
4361
236764
76272
109
2063
2631
236779
24761
236779
48578
236769
236749
236787
801
236764
1123
236787
801
236764
12512
236787
4361
236840
36805
236840
720
236764
801
236764
801
236764
801
32215
3921
801
236787
107
140
12234
17770
646
6585
532
496
7715
1684
236764
1586
506
5783
84947
3719
6541
236761
107
140
107
140
2542
1546
1657
858
236764
993
659
1156
4458
529
12512
2487
236787
107
140
236772
15313
1722
555
236787
6585
562
236779
236747
3211
810
1719
236764
5384
593
236779
236747
38977
810
4360
107
140
236772
15313
1722
558
236787
6585
603
236779
236747
3211
810
1719
236764
5384
1366
236779
236747
38977
810
4360
107
140
107
140
3048
740
7408
1027
1548
529
1546
5464
1722
568
16603
5743
769
107
140
818
3719
6541
563
5221
618
506
7081
8487
20478
3418
784
6585
236761
107
140
107
140
13432
236787
107
144
236749
236787
9661
529
6585
568
236770
6605
538
6605
236743
236770
236771
236771
236768
107
144
236781
236787
12613
7715
528
38977
568
236770
6605
1123
6605
236743
236770
236771
236884
236832
236768
107
144
193154
236787
4361
529
538
119743
236764
1546
7906
568
236776
236779
236747
236764
593
236779
236747
236764
603
236779
236747
236764
1366
236779
236747
236768
1298
236787
107
154
236772
562
236779
236747
236764
603
236779
236747
236787
3211
810
1719
568
236770
6605
562
236779
236747
236764
603
236779
236747
6605
236743
236770
236771
236771
236768
107
154
236772
593
236779
236747
236764
1366
236779
236747
236787
2157
810
4360
568
236770
6605
593
236779
236747
236764
1366
236779
236747
6605
236743
236770
236771
236884
236832
236768
107
140
107
140
42652
236787
107
144
44700
84947
3719
6541
568
44595
3211
236786
1496
3418
784
6585
236768
107
140
107
140
22539
2631
236779
24761
236779
48578
236769
236800
236764
236743
236778
236778
236764
21652
236778
236764
236743
236810
236764
236743
236800
236764
236743
236825
779
568
236770
236764
236743
236770
236764
236743
236800
236764
236743
236800
779
568
236770
236764
236743
236800
236764
236743
236778
236764
236743
236812
44538
107
140
236812
107
140
22539
2631
236779
24761
236779
48578
236769
236770
236764
236743
236770
236771
236771
236771
236771
236771
236771
236771
236764
21652
236770
236771
236771
236764
236743
236770
236764
236743
236770
236771
236771
236764
236743
236770
44538
107
140
236770
236771
236771
236771
236771
236771
236771
236771
236771
236771
107
140
22539
2631
236779
24761
236779
48578
236769
236770
236764
236743
236770
236764
21652
236770
236764
236743
236770
236771
236771
236771
236771
236771
236771
236771
236764
236743
236770
236764
236743
236770
236771
236771
236771
236771
236771
236771
236771
44538
107
140
236771
107
140
12234
107
140
107
140
1387
236779
48578
578
6803
1033
10281
1606
107
140
107
140
1708
858
528
2644
236769
236749
1473
107
144
236746
236764
510
236764
518
236764
3752
578
12512
236840
236747
236842
107
144
107
144
236865
19993
236743
236770
236787
10522
1161
5464
1722
555
107
144
236751
236779
2861
578
1123
973
510
107
144
48578
236779
236751
578
496
808
503
236779
2861
107
144
107
144
236865
19993
236743
236778
236787
10522
1161
5464
1722
558
107
144
236745
236779
2861
578
1123
973
3752
107
144
48578
236779
236745
578
518
808
494
236779
2861
107
144
107
144
236865
19993
236743
236800
236787
6890
496
8376
529
555
532
558
107
144
107
144
1387
236779
48578
578
1322
236769
1387
236779
48578
236764
1322
236769
48578
236779
236751
236764
6541
236779
236745
1223
107
140
107
140
584
538
1251
236743
236800
532
1123
1251
236743
236778
236778
532
12512
1251
21652
236778
236764
236743
236810
236764
236743
236800
236764
236743
236825
779
568
236770
236764
236743
236770
236764
236743
236800
236764
236743
236800
779
568
236770
236764
236743
236800
236764
236743
236778
236764
236743
236812
54275
107
144
2060
236743
236810
107
140
584
538
1251
236743
236770
532
1123
1251
236743
236770
236771
236771
236771
236771
236771
236771
236771
532
12512
1251
21652
236770
236771
236771
236764
236743
236770
236764
236743
236770
236771
236771
236764
236743
236770
54275
107
144
2060
236743
236770
236771
236771
236771
236771
236771
236771
236771
236771
236771
107
140
584
538
1251
236743
236770
532
1123
1251
236743
236770
532
12512
1251
21652
236770
236764
236743
236770
236771
236771
236771
236771
236771
236771
236771
236764
236743
236770
236764
236743
236770
236771
236771
236771
236771
236771
236771
236771
54275
107
144
2060
236743
236771
108
140
584
1322
236779
48578
1251
6803
1033
10281
23314
107
144
2060
236743
236771
107
140
4454
236787
107
144
2060
1322
236779
48578
107
2717
106
107
105
2364
107
11069
3527
5686
8428
506
7713
236761
5715
236789
236751
506
3165
236787
107
17070
1942
568
3374
4803
2246
1774
1473
107
138
3202
137325
14983
236762
16550
236810
236935
41265
236823
236761
2551
827
1757
236743
236770
236771
236825
236764
528
655
7498
236813
107
140
4256
236769
2074
236779
24761
236779
48578
236768
107
138
3202
137325
14983
236762
16550
236810
236935
41265
236823
236761
2551
827
1757
236743
236800
236832
236764
528
2426
107
140
10640
11054
236769
236770
236771
236764
236743
236832
236825
236810
236812
236800
236778
236770
236764
21652
236828
236764
236743
236825
236764
236743
236819
236764
236743
236770
779
568
236810
236764
236743
236825
236764
236743
236812
236764
236743
236800
779
568
236778
236764
236743
236812
236764
236743
236832
236764
236743
236819
779
568
236832
236764
236743
236828
236764
236743
236819
236764
236743
236770
779
568
236832
236764
236743
236819
236764
236743
236770
236764
236743
236825
779
568
236812
236764
236743
236828
236764
236743
236819
236764
236743
236770
779
568
236778
236764
236743
236778
236764
236743
236828
236764
236743
236819
779
568
236770
236764
236743
236825
236764
236743
236778
236764
236743
236825
779
568
236812
236764
236743
236778
236764
236743
236800
236764
236743
236812
779
568
236825
236764
236743
236825
236764
236743
236810
236764
236743
236778
44538
1251
236743
236828
236819
236812
236832
236812
236778
107
147
172109
172109
172109
172109
172109
172109
172109
172109
172109
172109
172109
172109
172109
172109
172109
172109
172109
172109
172109
172109
172109
172109
172109
172109
172109
172109
172109
172109
172109
172109
172109
172109
172109
172109
172109
172109
172109
172109
172109
172109
172109
172109
172109
38825
107
132731
3494
111
2021
136030
236764
672
563
822
4209
236787
8847
506
2269
1292
14187
532
6484
2383
236764
6340
4144
506
1292
4970
532
1786
784
506
7713
236761
5213
10009
5244
98977
4455
232116
99382
108
3048
1374
20151
506
3393
611
12269
528
496
137349
3393
3355
568
1930
31608
236768
568
20890
795
85025
506
3303
5151
236768
106
107
105
4368
107
2717
6719
107
2543
28751
1419
4361
236764
76272
109
2063
2631
236779
24761
236779
48578
236769
236749
236787
801
236764
1123
236787
801
236764
12512
236787
4361
236840
36805
236840
720
236764
801
236764
801
236764
801
32215
3921
801
236787
107
140
12234
17770
646
6585
532
496
7715
1684
236764
1586
506
5783
84947
3719
6541
236761
107
140
107
140
2542
1546
1657
858
236764
993
659
1156
4458
529
12512
2487
236787
107
140
236772
15313
1722
555
236787
6585
562
236779
236747
3211
810
1719
236764
5384
593
236779
236747
38977
810
4360
107
140
236772
15313
1722
558
236787
6585
603
236779
236747
3211
810
1719
236764
5384
1366
236779
236747
38977
810
4360
107
140
107
140
3048
740
7408
1027
1548
529
1546
5464
1722
568
16603
5743
769
107
140
818
3719
6541
563
5221
618
506
7081
8487
20478
3418
784
6585
236761
107
140
107
140
13432
236787
107
144
236749
236787
9661
529
6585
568
236770
6605
538
6605
236743
236770
236771
236771
236768
107
144
236781
236787
12613
7715
528
38977
568
236770
6605
1123
6605
236743
236770
236771
236884
236832
236768
107
144
193154
236787
4361
529
538
119743
236764
1546
7906
568
236776
236779
236747
236764
593
236779
236747
236764
603
236779
236747
236764
1366
236779
236747
236768
1298
236787
107
154
236772
562
236779
236747
236764
603
236779
236747
236787
3211
810
1719
568
236770
6605
562
236779
236747
236764
603
236779
236747
6605
236743
236770
236771
236771
236768
107
154
236772
593
236779
236747
236764
1366
236779
236747
236787
2157
810
4360
568
236770
6605
593
236779
236747
236764
1366
236779
236747
6605
236743
236770
236771
236884
236832
236768
107
140
107
140
42652
236787
107
144
44700
84947
3719
6541
568
44595
3211
236786
1496
3418
784
6585
236768
107
140
107
140
22539
2631
236779
24761
236779
48578
236769
236800
236764
236743
236778
236778
236764
21652
236778
236764
236743
236810
236764
236743
236800
236764
236743
236825
779
568
236770
236764
236743
236770
236764
236743
236800
236764
236743
236800
779
568
236770
236764
236743
236800
236764
236743
236778
236764
236743
236812
44538
107
140
236812
107
140
22539
2631
236779
24761
236779
48578
236769
236770
236764
236743
236770
236771
236771
236771
236771
236771
236771
236771
236764
21652
236770
236771
236771
236764
236743
236770
236764
236743
236770
236771
236771
236764
236743
236770
44538
107
140
236770
236771
236771
236771
236771
236771
236771
236771
236771
236771
107
140
22539
2631
236779
24761
236779
48578
236769
236770
236764
236743
236770
236764
21652
236770
236764
236743
236770
236771
236771
236771
236771
236771
236771
236771
236764
236743
236770
236764
236743
236770
236771
236771
236771
236771
236771
236771
236771
44538
107
140
236771
107
140
12234
107
140
1387
236779
48578
578
6803
1033
10281
1606
107
140
107
140
1708
858
528
2644
236769
236749
1473
107
144
236746
236764
510
236764
518
236764
3752
578
12512
236840
236747
236842
107
144
107
144
236865
22241
6541
1699
1186
5464
555
107
144
236751
236779
193154
578
1123
973
510
107
144
48578
236779
236751
578
496
808
503
236779
193154
107
144
107
144
236865
22241
6541
1699
1186
5464
558
107
144
236745
236779
193154
578
1123
973
3752
107
144
48578
236779
236745
578
518
808
494
236779
193154
107
144
107
144
236865
22241
6541
1699
496
8376
529
555
532
558
107
144
1387
236779
48578
578
1322
236769
1387
236779
48578
236764
1322
236769
48578
236779
236751
236764
6541
236779
236745
1223
107
144
107
140
584
538
1251
236743
236800
532
1123
1251
236743
236778
236778
532
12512
1251
21652
236778
236764
236743
236810
236764
236743
236800
236764
236743
236825
779
568
236770
236764
236743
236770
236764
236743
236800
236764
236743
236800
779
568
236770
236764
236743
236800
236764
236743
236778
236764
236743
236812
54275
107
144
2060
236743
236810
107
140
584
538
1251
236743
236770
532
1123
1251
236743
236770
236771
236771
236771
236771
236771
236771
236771
532
12512
1251
21652
236770
236771
236771
236764
236743
236770
236764
236743
236770
236771
236771
236764
236743
236770
54275
107
144
2060
236743
236770
236771
236771
236771
236771
236771
236771
236771
236771
236771
107
140
584
538
1251
236743
236770
532
1123
1251
236743
236770
532
12512
1251
21652
236770
236764
236743
236770
236771
236771
236771
236771
236771
236771
236771
236764
236743
236770
236764
236743
236770
236771
236771
236771
236771
236771
236771
236771
54275
107
144
2060
236743
236771
107
140
107
140
2060
1322
236779
48578
107
2717
106
107
105
2364
107
11069
3527
5686
8428
506
7713
236761
5715
236789
236751
506
3165
236787
107
17070
1942
568
3374
4803
2246
1774
1473
107
138
3202
137325
236749
43793
236770
236781
236855
236819
236771
4206
236761
2551
827
1757
236743
236770
236771
236770
236764
528
655
7498
236813
107
140
4256
236769
2074
236779
24761
236779
48578
236768
107
138
3202
137325
236749
43793
236770
236781
236855
236819
236771
4206
236761
2551
827
1757
236743
236800
236832
236764
528
2426
107
140
10640
11054
236769
236770
236771
236764
236743
236832
236825
236810
236812
236800
236778
236770
236764
21652
236828
236764
236743
236825
236764
236743
236819
236764
236743
236770
779
568
236810
236764
236743
236825
236764
236743
236812
236764
236743
236800
779
568
236778
236764
236743
236812
236764
236743
236832
236764
236743
236819
779
568
236832
236764
236743
236828
236764
236743
236819
236764
236743
236770
779
568
236832
236764
236743
236819
236764
236743
236770
236764
236743
236825
779
568
236812
236764
236743
236828
236764
236743
236819
236764
236743
236770
779
568
236778
236764
236743
236778
236764
236743
236828
236764
236743
236819
779
568
236770
236764
236743
236825
236764
236743
236778
236764
236743
236825
779
568
236812
236764
236743
236778
236764
236743
236800
236764
236743
236812
779
568
236825
236764
236743
236825
236764
236743
236810
236764
236743
236778
44538
1251
236743
236828
236819
236812
236832
236812
236778
107
147
172109
172109
172109
172109
172109
172109
172109
172109
172109
172109
172109
172109
172109
172109
172109
172109
172109
172109
172109
172109
172109
172109
172109
172109
172109
172109
172109
172109
172109
172109
172109
172109
172109
172109
172109
172109
172109
172109
172109
172109
172109
172109
172109
38825
107
132731
3494
111
2021
136030
236764
672
563
822
4209
236787
8847
506
2269
1292
14187
532
6484
2383
236764
6340
4144
506
1292
4970
532
1786
784
506
7713
236761
5213
10009
5244
98977
4455
232116
99382
108
3048
1374
20151
506
3393
611
12269
528
496
137349
3393
3355
568
1930
31608
236768
568
20890
795
85025
506
3303
5151
236768
106
107
105
4368
107
2717
6719
107
2543
28751
1419
4361
236764
76272
109
2063
2631
236779
24761
236779
48578
236769
236749
236787
801
236764
1123
236787
801
236764
12512
236787
4361
236840
36805
236840
720
236764
801
236764
801
236764
801
32215
3921
801
236787
107
140
12234
17770
646
6585
532
496
7715
1684
236764
1586
506
5783
84947
3719
6541
236761
107
140
107
140
2542
1546
1657
858
236764
993
659
1156
4458
529
12512
2487
236787
107
140
236772
15313
1722
555
236787
6585
562
236779
236747
3211
810
1719
236764
5384
593
236779
236747
38977
810
4360
107
140
236772
15313
1722
558
236787
6585
603
236779
236747
3211
810
1719
236764
5384
1366
236779
236747
38977
810
4360
107
140
107
140
3048
740
7408
1027
1548
529
1546
5464
1722
568
16603
5743
769
107
140
818
3719
6541
563
5221
618
506
7081
8487
20478
3418
784
6585
236761
107
140
107
140
13432
236787
107
144
236749
236787
9661
529
6585
568
236770
6605
538
6605
236743
236770
236771
236771
236768
107
144
236781
236787
12613
7715
528
38977
568
236770
6605
1123
6605
236743
236770
236771
236884
236832
236768
107
144
193154
236787
4361
529
538
119743
236764
1546
7906
568
236776
236779
236747
236764
593
236779
236747
236764
603
236779
236747
236764
1366
236779
236747
236768
1298
236787
107
154
236772
562
236779
236747
236764
603
236779
236747
236787
3211
810
1719
568
236770
6605
562
236779
236747
236764
603
236779
236747
6605
236743
236770
236771
236771
236768
107
154
236772
593
236779
236747
236764
1366
236779
236747
236787
2157
810
4360
568
236770
6605
593
236779
236747
236764
1366
236779
236747
6605
236743
236770
236771
236884
236832
236768
107
140
107
140
42652
236787
107
144
44700
84947
3719
6541
568
44595
3211
236786
1496
3418
784
6585
236768
107
140
107
140
22539
2631
236779
24761
236779
48578
236769
236800
236764
236743
236778
236778
236764
21652
236778
236764
236743
236810
236764
236743
236800
236764
236743
236825
779
568
236770
236764
236743
236770
236764
236743
236800
236764
236743
236800
779
568
236770
236764
236743
236800
236764
236743
236778
236764
236743
236812
44538
107
140
236812
107
140
22539
2631
236779
24761
236779
48578
236769
236770
236764
236743
236770
236771
236771
236771
236771
236771
236771
236771
236764
21652
236770
236771
236771
236764
236743
236770
236764
236743
236770
236771
236771
236764
236743
236770
44538
107
140
236770
236771
236771
236771
236771
236771
236771
236771
236771
236771
107
140
22539
2631
236779
24761
236779
48578
236769
236770
236764
236743
236770
236764
21652
236770
236764
236743
236770
236771
236771
236771
236771
236771
236771
236771
236764
236743
236770
236764
236743
236770
236771
236771
236771
236771
236771
236771
236771
44538
107
140
236771
107
140
12234
107
140
1387
236779
48578
578
6803
1033
10281
1606
107
140
107
140
1708
858
528
2644
236769
236749
1473
107
144
236746
236764
510
236764
518
236764
3752
578
12512
236840
236747
236842
107
144
107
144
236865
19993
236743
236770
236787
10522
1161
5464
1722
555
107
144
236751
236779
193154
578
1123
973
510
107
144
48578
236779
236751
578
496
808
503
236779
193154
107
144
107
144
236865
19993
236743
236778
236787
10522
1161
5464
1722
558
107
144
236745
236779
193154
578
1123
973
3752
107
144
48578
236779
236745
578
518
808
494
236779
193154
107
144
107
144
1387
236779
48578
578
1322
236769
1387
236779
48578
236764
1322
236769
48578
236779
236751
236764
6541
236779
236745
1223
107
144
107
140
584
538
1251
236743
236800
532
1123
1251
236743
236778
236778
532
12512
1251
21652
236778
236764
236743
236810
236764
236743
236800
236764
236743
236825
779
568
236770
236764
236743
236770
236764
236743
236800
236764
236743
236800
779
568
236770
236764
236743
236800
236764
236743
236778
236764
236743
236812
54275
107
144
2060
236743
236810
107
140
584
538
1251
236743
236770
532
1123
1251
236743
236770
236771
236771
236771
236771
236771
236771
236771
532
12512
1251
21652
236770
236771
236771
236764
236743
236770
236764
236743
236770
236771
236771
236764
236743
236770
54275
107
144
2060
236743
236770
236771
236771
236771
236771
236771
236771
236771
236771
236771
107
140
584
538
1251
236743
236770
532
1123
1251
236743
236770
532
12512
1251
21652
236770
236764
236743
236770
236771
236771
236771
236771
236771
236771
236771
236764
236743
236770
236764
236743
236770
236771
236771
236771
236771
236771
236771
236771
54275
107
144
2060
236743
236771
107
140
107
140
2060
1322
236779
48578
107
2717
106
107