105
2364
107
6190
506
2269
1292
14187
532
6484
2383
236764
6340
4144
506
1292
4970
532
1786
784
506
7713
236761
5213
10009
5244
98977
4455
232116
99382
108
3048
1374
20151
506
3393
611
12269
528
496
137349
3393
3355
568
1930
31608
236768
568
20890
795
85025
506
3303
5151
236768
108
2717
107
2543
28751
1419
4361
236764
76272
109
2063
740
236779
35990
236779
8545
236769
236749
236787
801
236764
534
236787
801
236764
515
236787
801
236764
25583
236787
4361
236840
36805
236840
720
236764
801
32215
3921
7014
236787
107
140
12234
32814
768
625
236789
236751
2653
531
1977
30777
25583
580
614
640
237858
236824
8411
1288
600
236787
107
140
236772
7685
2145
563
7438
684
7121
886
21965
107
140
236772
176913
740
577
57384
568
814
496
236743
236778
237858
236800
21965
740
577
7006
618
236743
236800
237858
236778
236768
107
140
236772
4943
25583
1149
4595
50781
107
140
236772
176913
1921
577
32769
607
8411
3874
532
3914
12975
4782
107
140
107
140
13432
236787
107
144
236749
236787
9661
529
2487
25583
568
236770
38010
538
38010
236743
236832
236768
107
144
236754
236787
46595
529
506
8411
568
236770
38010
534
38010
236743
236770
236771
236768
107
144
236765
236787
59883
529
506
8411
568
236770
38010
515
38010
236743
236770
236771
236768
107
144
66744
236787
4361
529
568
236746
236764
518
236768
119743
1298
21965
858
815
13376
496
237858
236763
568
236770
38010
496
236764
518
38010
236743
236770
236771
236768
107
140
107
140
42652
236787
107
144
4339
768
506
8411
740
577
13275
91627
236764
8450
7394
107
140
107
140
22539
740
236779
35990
236779
8545
236769
236810
236764
236743
236810
236764
236743
236810
236764
21652
236770
236764
236743
236770
779
568
236800
236764
236743
236800
779
568
236812
236764
236743
236812
779
568
236778
236764
236743
236800
779
568
236778
236764
236743
236810
44538
107
140
4339
107
140
22539
740
236779
35990
236779
8545
236769
236770
236764
236743
236770
236764
236743
236778
236764
21652
236778
236764
236743
236800
44538
107
140
9277
107
140
22539
740
236779
35990
236779
8545
236769
236770
236764
236743
236778
236764
236743
236778
236764
21652
236770
236764
236743
236770
44538
107
140
9277
107
140
12234
108
2063
2426
236769
65127
1473
107
140
236865
31278
1594
3636
107
140
10640
11054
236769
236810
236764
236743
236810
236764
236743
236810
236764
21652
236770
236764
236743
236770
779
568
236800
236764
236743
236800
779
568
236812
236764
236743
236812
779
568
236778
236764
236743
236800
779
568
236778
236764
236743
236810
44538
1251
6288
107
140
10640
11054
236769
236770
236764
236743
236770
236764
236743
236778
236764
21652
236778
236764
236743
236800
44538
1251
8450
107
140
10640
11054
236769
236770
236764
236743
236778
236764
236743
236778
236764
21652
236770
236764
236743
236770
44538
1251
8450
107
140
10640
11054
236769
236810
236764
236743
236800
236764
236743
236800
236764
21652
236770
236764
236743
236770
779
568
236778
236764
236743
236778
779
568
236778
236764
236743
236778
779
568
236778
236764
236743
236778
779
568
236778
236764
236743
236778
44538
1251
8450
107
140
107
140
236865
25275
1594
3636
107
140
10640
11054
236769
236825
236764
236743
236770
236764
236743
236819
236764
21652
236770
236764
236743
236800
779
568
236770
236764
236743
236770
779
568
236770
236764
236743
236770
779
568
236770
236764
236743
236770
779
568
236778
236764
236743
236770
779
568
236770
236764
236743
236770
44538
1251
6288
107
140
10640
11054
236769
236832
236764
236743
236770
236764
236743
236770
236764
21652
236770
236771
236764
236743
236770
236771
779
568
236770
236771
236764
236743
236770
236771
779
568
236770
236771
236764
236743
236770
236771
779
568
236770
236771
236764
236743
236770
236771
779
568
236770
236771
236764
236743
236770
236771
779
568
236770
236771
236764
236743
236770
236771
779
568
236770
236771
236764
236743
236770
236771
44538
1251
8450
107
140
10640
11054
236769
236825
236764
236743
236800
236764
236743
236770
236771
236764
21652
236832
236764
236743
236770
779
568
236770
236764
236743
236770
779
568
236828
236764
236743
236770
779
568
236778
236764
236743
236778
779
568
236800
236764
236743
236770
779
568
236770
236764
236743
236832
44538
1251
6288
107
140
10640
11054
236769
236832
236764
236743
236828
236764
236743
236819
236764
21652
236800
236764
236743
236825
779
568
236800
236764
236743
236825
779
568
236800
236764
236743
236825
779
568
236825
236764
236743
236800
779
568
236825
236764
236743
236800
779
568
236825
236764
236743
236800
779
568
236800
236764
236743
236825
44538
1251
8450
107
140
10640
11054
236769
236825
236764
236743
236819
236764
236743
236819
236764
21652
236778
236764
236743
236825
779
568
236828
236764
236743
236778
779
568
236800
236764
236743
236825
779
568
236770
236764
236743
236778
779
568
236810
236764
236743
236770
779
568
236832
236764
236743
236812
44538
1251
6288
107
140
10640
11054
236769
236832
236764
236743
236770
236771
236764
236743
236770
236771
236764
21652
236812
236764
236743
236770
779
568
236800
236764
236743
236810
779
568
236812
236764
236743
236825
779
568
236810
236764
236743
236819
779
568
236770
236764
236743
236825
779
568
236778
236764
236743
236770
779
568
236770
236764
236743
236812
44538
1251
8450
107
140
10640
11054
236769
236832
236764
236743
236828
236764
236743
236770
236771
236764
21652
236812
236764
236743
236825
779
568
236810
236764
236743
236810
779
568
236810
236764
236743
236810
779
568
236812
236764
236743
236810
779
568
236812
236764
236743
236810
779
568
236810
236764
236743
236812
779
568
236810
236764
236743
236812
44538
1251
6288
107
140
10640
11054
236769
236832
236764
236743
236828
236764
236743
236819
236764
21652
236800
236764
236743
236825
779
568
236800
236764
236743
236825
779
568
236800
236764
236743
236825
779
568
236819
236764
236743
236778
779
568
236825
236764
236743
236800
779
568
236825
236764
236743
236800
779
568
236825
236764
236743
236800
44538
1251
6288
107
140
10640
11054
236769
236832
236764
236743
236819
236764
236743
236828
236764
21652
236812
236764
236743
236825
779
568
236800
236764
236743
236828
779
568
236812
236764
236743
236825
779
568
236828
236764
236743
236800
779
568
236825
236764
236743
236812
779
568
236800
236764
236743
236828
779
568
236825
236764
236743
236812
44538
1251
6288
107
140
10640
11054
236769
236832
236764
236743
236828
236764
236743
236819
236764
21652
236778
236764
236743
236825
779
568
236778
236764
236743
236825
779
568
236778
236764
236743
236825
779
568
236825
236764
236743
236778
779
568
236825
236764
236743
236778
779
568
236812
236764
236743
236800
779
568
236812
236764
236743
236800
44538
1251
6288
107
140
10640
11054
236769
236832
236764
236743
236770
236771
236764
236743
236770
236771
236764
21652
236770
236771
236764
236743
236770
236771
779
568
236770
236764
236743
236770
779
568
236770
236764
236743
236770
779
568
236770
236764
236743
236770
779
568
236770
236764
236743
236770
779
568
236770
236764
236743
236770
779
568
236770
236764
236743
236770
44538
1251
6288
107
140
10640
11054
236769
236832
236764
236743
236800
236764
236743
236770
236771
236764
21652
236778
236764
236743
236819
779
568
236778
236764
236743
236819
779
568
236825
236764
236743
236800
779
568
236825
236764
236743
236770
779
568
236825
236764
236743
236770
779
568
236800
236764
236743
236778
779
568
236800
236764
236743
236778
44538
1251
6288
107
140
10640
11054
236769
236832
236764
236743
236819
236764
236743
236810
236764
21652
236770
236764
236743
236770
779
568
236778
236764
236743
236825
779
568
236778
236764
236743
236770
779
568
236770
236764
236743
236800
779
568
236812
236764
236743
236812
779
568
236770
236764
236743
236770
779
568
236800
236764
236743
236810
44538
1251
8450
107
140
10640
11054
236769
236832
236764
236743
236770
236771
236764
236743
236819
236764
21652
236812
236764
236743
236770
779
568
236770
236771
236764
236743
236812
779
568
236810
236764
236743
236825
779
568
236825
236764
236743
236770
779
568
236770
236764
236743
236770
779
568
236819
236764
236743
236770
779
568
236770
236764
236743
236819
44538
1251
8450
107
140
10640
11054
236769
236825
236764
236743
236828
236764
236743
236800
236764
21652
236812
236764
236743
236800
779
568
236778
236764
236743
236832
779
568
236800
236764
236743
236770
779
568
236770
236764
236743
236770
779
568
236812
236764
236743
236800
779
568
236800
236764
236743
236828
44538
1251
6288
107
140
10640
11054
236769
236832
236764
236743
236770
236771
236764
236743
236810
236764
21652
236800
236764
236743
236800
779
568
236812
236764
236743
236832
779
568
236819
236764
236743
236770
779
568
236770
236764
236743
236770
236771
779
568
236800
236764
236743
236810
779
568
236812
236764
236743
236778
779
568
236812
236764
236743
236778
44538
1251
8450
107
140
10640
11054
236769
236770
236764
236743
236828
236764
236743
236825
236764
21652
236770
236764
236743
236778
44538
1251
8450
107
140
10640
11054
236769
236832
236764
236743
236770
236771
236764
236743
236770
236771
236764
21652
236778
236764
236743
236770
236771
779
568
236778
236764
236743
236770
236771
779
568
236810
236764
236743
236812
779
568
236778
236764
236743
236770
236771
779
568
236810
236764
236743
236812
779
568
236770
236771
236764
236743
236778
779
568
236812
236764
236743
236810
44538
1251
6288
107
140
10640
11054
236769
236832
236764
236743
236800
236764
236743
236812
236764
21652
236770
236764
236743
236828
779
568
236800
236764
236743
236778
779
568
236800
236764
236743
236770
779
568
236778
236764
236743
236770
779
568
236770
236764
236743
236770
779
568
236812
236764
236743
236778
779
568
236770
236764
236743
236812
44538
1251
6288
107
140
10640
11054
236769
236832
236764
236743
236770
236771
236764
236743
236770
236764
21652
236800
236764
236743
236770
779
568
236800
236764
236743
236770
779
568
236778
236764
236743
236770
779
568
236770
236764
236743
236770
779
568
236812
236764
236743
236770
779
568
236770
236764
236743
236832
779
568
236770
236764
236743
236819
44538
1251
6288
107
140
10640
11054
236769
236832
236764
236743
236770
236771
236764
236743
236770
236771
236764
21652
236770
236764
236743
236770
779
568
236770
236764
236743
236770
779
568
236770
236764
236743
236770
779
568
236770
236764
236743
236770
779
568
236770
236764
236743
236770
779
568
236770
236764
236743
236770
779
568
236770
236771
236764
236743
236770
236771
44538
1251
6288
107
140
10640
11054
236769
236832
236764
236743
236828
236764
236743
236819
236764
21652
236800
236764
236743
236828
779
568
236800
236764
236743
236828
779
568
236800
236764
236743
236828
779
568
236810
236764
236743
236825
779
568
236812
236764
236743
236832
779
568
236810
236764
236743
236810
779
568
236810
236764
236743
236810
44538
1251
6288
107
140
10640
11054
236769
236832
236764
236743
236819
236764
236743
236828
236764
21652
236778
236764
236743
236828
779
568
236770
236764
236743
236828
779
568
236832
236764
236743
236800
779
568
236828
236764
236743
236770
779
568
236800
236764
236743
236770
779
568
236825
236764
236743
236770
779
568
236819
236764
236743
236778
44538
1251
6288
107
140
10640
11054
236769
236812
236764
236743
236819
236764
236743
236828
236764
21652
236819
236764
236743
236770
779
568
236770
236764
236743
236770
779
568
236770
236764
236743
236828
779
568
236825
236764
236743
236819
44538
1251
6288
107
140
10640
11054
236769
236832
236764
236743
236828
236764
236743
236819
236764
21652
236778
236764
236743
236825
779
568
236778
236764
236743
236825
779
568
236778
236764
236743
236825
779
568
236825
236764
236743
236778
779
568
236825
236764
236743
236778
779
568
236825
236764
236743
236778
779
568
236800
236764
236743
236812
44538
1251
8450
108
236865
6890
2426
236769
4881
236779
35990
236779
8545
236768
531
1845
7713
236761
107
2717
106
107
105
4368
107
2717
6719
107
2543
28751
1419
4361
236764
76272
109
2063
740
236779
35990
236779
8545
236769
236749
236787
801
236764
534
236787
801
236764
515
236787
801
236764
25583
236787
4361
236840
36805
236840
720
236764
801
32215
3921
7014
236787
107
140
12234
32814
768
625
236789
236751
2653
531
1977
30777
25583
580
614
640
237858
236824
8411
1288
600
236787
107
140
236772
7685
2145
563
7438
684
7121
886
21965
107
140
236772
176913
740
577
57384
568
814
496
236743
236778
237858
236800
21965
740
577
7006
618
236743
236800
237858
236778
236768
107
140
236772
4943
25583
1149
4595
50781
107
140
236772
176913
1921
577
32769
607
8411
3874
532
3914
12975
4782
107
140
107
140
13432
236787
107
144
236749
236787
9661
529
2487
25583
568
236770
38010
538
38010
236743
236832
236768
107
144
236754
236787
46595
529
506
8411
568
236770
38010
534
38010
236743
236770
236771
236768
107
144
236765
236787
59883
529
506
8411
568
236770
38010
515
38010
236743
236770
236771
236768
107
144
66744
236787
4361
529
568
236746
236764
518
236768
119743
1298
21965
858
815
13376
496
237858
236763
568
236770
38010
496
236764
518
38010
236743
236770
236771
236768
107
140
107
140
42652
236787
107
144
4339
768
506
8411
740
577
13275
91627
236764
8450
7394
107
140
107
140
22539
740
236779
35990
236779
8545
236769
236810
236764
236743
236810
236764
236743
236810
236764
21652
236770
236764
236743
236770
779
568
236800
236764
236743
236800
779
568
236812
236764
236743
236812
779
568
236778
236764
236743
236800
779
568
236778
236764
236743
236810
44538
107
140
4339
107
140
22539
740
236779
35990
236779
8545
236769
236770
236764
236743
236770
236764
236743
236778
236764
21652
236778
236764
236743
236800
44538
107
140
9277
107
140
22539
740
236779
35990
236779
8545
236769
236770
236764
236743
236778
236764
236743
236778
236764
21652
236770
236764
236743
236770
44538
107
140
9277
107
140
12234
107
140
584
534
808
515
2144
236743
236778
2843
236743
236771
236787
107
144
2060
8450
107
140
107
140
6725
236779
7376
578
534
808
515
107
140
35990
236779
7376
236779
2330
578
236743
236771
107
140
1708
21965
528
25583
236787
107
144
35990
236779
7376
236779
2330
3323
21965
236840
236771
236842
808
21965
236840
236770
236842
107
140
107
140
584
21965
236779
7376
236779
2330
655
2558
236779
7376
236787
107
144
2060
8450
107
140
107
140
584
538
1251
236743
236771
532
2558
236779
7376
1890
236743
236771
236787
107
144
2060
8450
108
140
584
534
1251
236743
236770
532
515
1251
236743
236770
532
538
1251
236743
236771
236787
107
144
2060
8450
107
140
107
140
584
534
1251
236743
236770
532
515
1251
236743
236778
532
538
1251
236743
236770
532
25583
236840
236771
236842
1251
568
236778
236764
236743
236800
1473
107
144
2060
8450
108
140
584
534
1251
236743
236778
532
515
1251
236743
236778
532
538
1251
236743
236770
532
25583
236840
236771
236842
1251
568
236770
236764
236743
236770
1473
107
144
2060
8450
107
140
107
140
2060
6288
107
2717
106
107
105
2364
107
11069
3527
5686
8428
506
7713
236761
5715
236789
236751
506
3165
236787
107
17070
1942
568
3374
4803
2246
1774
1473
107
138
3202
137325
236847
38531
236746
236796
138098
34311
236798
236761
2551
827
1757
236743
236770
236770
236778
236764
528
655
7498
236813
107
140
4256
236769
4881
236779
35990
236779
8545
236768
107
138
3202
137325
236847
38531
236746
236796
138098
34311
236798
236761
2551
827
1757
236743
236800
236771
236764
528
2426
107
140
10640
11054
236769
236810
236764
236743
236810
236764
236743
236810
236764
21652
236770
236764
236743
236770
779
568
236800
236764
236743
236800
779
568
236812
236764
236743
236812
779
568
236778
236764
236743
236800
779
568
236778
236764
236743
236810
44538
1251
6288
107
147
172109
172109
172109
172109
172109
172109
172109
172109
172109
172109
172109
172109
172109
172109
172109
172109
172109
107
132731
3494
111
2021
136030
236764
672
563
822
4209
236787
8847
506
2269
1292
14187
532
6484
2383
236764
6340
4144
506
1292
4970
532
1786
784
506
7713
236761
5213
10009
5244
98977
4455
232116
99382
108
3048
1374
20151
506
3393
611
12269
528
496
137349
3393
3355
568
1930
31608
236768
568
20890
795
85025
506
3303
5151
236768
106
107
105
4368
107
2717
6719
107
2543
28751
1419
4361
236764
76272
109
2063
740
236779
35990
236779
8545
236769
236749
236787
801
236764
534
236787
801
236764
515
236787
801
236764
25583
236787
4361
236840
36805
236840
720
236764
801
32215
3921
7014
236787
107
140
12234
32814
768
625
236789
236751
2653
531
1977
30777
25583
580
614
640
237858
236824
8411
1288
600
236787
107
140
236772
7685
2145
563
7438
684
7121
886
21965
107
140
236772
176913
740
577
57384
568
814
496
236743
236778
237858
236800
21965
740
577
7006
618
236743
236800
237858
236778
236768
107
140
236772
4943
25583
1149
4595
50781
107
140
236772
176913
1921
577
32769
607
8411
3874
532
3914
12975
4782
107
140
107
140
13432
236787
107
144
236749
236787
9661
529
2487
25583
568
236770
38010
538
38010
236743
236832
236768
107
144
236754
236787
46595
529
506
8411
568
236770
38010
534
38010
236743
236770
236771
236768
107
144
236765
236787
59883
529
506
8411
568
236770
38010
515
38010
236743
236770
236771
236768
107
144
66744
236787
4361
529
568
236746
236764
518
236768
119743
1298
21965
858
815
13376
496
237858
236763
568
236770
38010
496
236764
518
38010
236743
236770
236771
236768
107
140
107
140
42652
236787
107
144
4339
768
506
8411
740
577
13275
91627
236764
8450
7394
107
140
107
140
22539
740
236779
35990
236779
8545
236769
236810
236764
236743
236810
236764
236743
236810
236764
21652
236770
236764
236743
236770
779
568
236800
236764
236743
236800
779
568
236812
236764
236743
236812
779
568
236778
236764
236743
236800
779
568
236778
236764
236743
236810
44538
107
140
4339
107
140
22539
740
236779
35990
236779
8545
236769
236770
236764
236743
236770
236764
236743
236778
236764
21652
236778
236764
236743
236800
44538
107
140
9277
107
140
22539
740
236779
35990
236779
8545
236769
236770
236764
236743
236778
236764
236743
236778
236764
21652
236770
236764
236743
236770
44538
107
140
9277
107
140
12234
107
140
584
534
808
515
2144
236743
236778
2843
236743
236771
236787
107
144
2060
8450
108
140
6725
236779
7376
578
534
808
515
107
140
35990
236779
7376
236779
2330
578
236743
236771
107
140
1708
21965
528
25583
236787
107
144
35990
236779
7376
236779
2330
3323
21965
236840
236771
236842
808
21965
236840
236770
236842
108
140
584
21965
236779
7376
236779
2330
655
2558
236779
7376
236787
107
144
2060
8450
107
140
107
140
584
538
1251
236743
236771
532
2558
236779
7376
1890
236743
236771
236787
107
144
2060
8450
108
140
584
534
1251
236743
236770
532
515
1251
236743
236770
532
538
1251
236743
236771
236787
107
144
2060
8450
107
140
107
140
584
534
1251
236743
236770
532
515
1251
236743
236778
532
538
1251
236743
236770
532
25583
236840
236771
236842
1251
568
236778
236764
236743
236800
1473
107
144
2060
8450
108
140
584
534
1251
236743
236778
532
515
1251
236743
236778
532
538
1251
236743
236770
532
25583
236840
236771
236842
1251
568
236770
236764
236743
236770
1473
107
144
2060
8450
107
140
107
140
584
538
1251
236743
236770
532
534
1251
236743
236770
532
515
1251
236743
236778
532
25583
236840
236771
236842
1251
568
236770
236764
236743
236770
1473
107
144
2060
8450
108
140
584
538
1251
236743
236810
532
534
1251
236743
236810
532
515
1251
236743
236810
532
25583
1251
21652
236770
236764
236743
236770
779
568
236800
236764
236743
236800
779
568
236812
236764
236743
236812
779
568
236778
236764
236743
236800
779
568
236778
236764
236743
236810
54275
107
144
2060
6288
107
140
107
140
2060
8450
107
2717
106
107
105
2364
107
11069
3527
5686
8428
506
7713
236761
5715
236789
236751
506
3165
236787
107
17070
1942
568
3374
4803
2246
1774
1473
107
138
3202
137325
236778
24344
236759
236953
236758
135916
24464
236761
2551
827
1757
236743
236770
236770
236828
236764
528
655
7498
236813
107
140
4256
236769
4881
236779
35990
236779
8545
236768
107
138
3202
137325
236778
24344
236759
236953
236758
135916
24464
236761
2551
827
1757
236743
236800
236771
236764
528
2426
107
140
10640
11054
236769
236810
236764
236743
236810
236764
236743
236810
236764
21652
236770
236764
236743
236770
779
568
236800
236764
236743
236800
779
568
236812
236764
236743
236812
779
568
236778
236764
236743
236800
779
568
236778
236764
236743
236810
44538
1251
6288
107
147
172109
172109
172109
172109
172109
172109
172109
172109
172109
172109
172109
172109
172109
172109
172109
172109
172109
107
132731
3494
111
2021
136030
236764
672
563
822
4209
236787
8847
506
2269
1292
14187
532
6484
2383
236764
6340
4144
506
1292
4970
532
1786
784
506
7713
236761
5213
10009
5244
98977
4455
232116
99382
108
3048
1374
20151
506
3393
611
12269
528
496
137349
3393
3355
568
1930
31608
236768
568
20890
795
85025
506
3303
5151
236768
106
107
105
4368
107
2717
6719
107
2543
28751
1419
4361
236764
76272
109
2063
740
236779
35990
236779
8545
236769
236749
236787
801
236764
534
236787
801
236764
515
236787
801
236764
25583
236787
4361
236840
36805
236840
720
236764
801
32215
3921
7014
236787
107
140
12234
32814
768
625
236789
236751
2653
531
1977
30777
25583
580
614
640
237858
236824
8411
1288
600
236787
107
140
236772
7685
2145
563
7438
684
7121
886
21965
107
140
236772
176913
740
577
57384
568
814
496
236743
236778
237858
236800
21965
740
577
7006
618
236743
236800
237858
236778
236768
107
140
236772
4943
25583
1149
4595
50781
107
140
236772
176913
1921
577
32769
607
8411
3874
532
3914
12975
4782
107
140
107
140
13432
236787
107
144
236749
236787
9661
529
2487
25583
568
236770
38010
538
38010
236743
236832
236768
107
144
236754
236787
46595
529
506
8411
568
236770
38010
534
38010
236743
236770
236771
236768
107
144
236765
236787
59883
529
506
8411
568
236770
38010
515
38010
236743
236770
236771
236768
107
144
66744
236787
4361
529
568
236746
236764
518
236768
119743
1298
21965
858
815
13376
496
237858
236763
568
236770
38010
496
236764
518
38010
236743
236770
236771
236768
107
140
107
140
42652
236787
107
144
4339
768
506
8411
740
577
13275
91627
236764
8450
7394
107
140
107
140
22539
740
236779
35990
236779
8545
236769
236810
236764
236743
236810
236764
236743
236810
236764
21652
236770
236764
236743
236770
779
568
236800
236764
236743
236800
779
568
236812
236764
236743
236812
779
568
236778
236764
236743
236800
779
568
236778
236764
236743
236810
44538
107
140
4339
107
140
22539
740
236779
35990
236779
8545
236769
236770
236764
236743
236770
236764
236743
236778
236764
21652
236778
236764
236743
236800
44538
107
140
9277
107
140
22539
740
236779
35990
236779
8545
236769
236770
236764
236743
236778
236764
236743
236778
236764
21652
236770
236764
236743
236770
44538
107
140
9277
107
140
12234
107
140
584
534
808
515
2144
236743
236778
2843
236743
236771
236787
107
144
2060
8450
108
140
6725
236779
7376
578
534
808
515
107
140
35990
236779
7376
236779
2330
578
236743
236771
107
140
1708
21965
528
25583
236787
107
144
35990
236779
7376
236779
2330
3323
21965
236840
236771
236842
808
21965
236840
236770
236842
108
140
584
21965
236779
7376
236779
2330
655
2558
236779
7376
236787
107
144
2060
8450
107
140
107
140
584
538
1251
236743
236771
532
2558
236779
7376
1890
236743
236771
236787
107
144
2060
8450
108
140
584
534
1251
236743
236770
532
515
1251
236743
236770
532
538
1251
236743
236771
236787
107
144
2060
8450
107
140
107
140
584
534
1251
236743
236770
532
515
1251
236743
236778
532
538
1251
236743
236770
532
25583
236840
236771
236842
1251
568
236778
236764
236743
236800
1473
107
144
2060
8450
108
140
584
534
1251
236743
236778
532
515
1251
236743
236778
532
538
1251
236743
236770
532
25583
236840
236771
236842
1251
568
236770
236764
236743
236770
1473
107
144
2060
8450
107
140
107
140
584
538
1251
236743
236770
532
534
1251
236743
236770
532
515
1251
236743
236778
532
25583
236840
236771
236842
1251
568
236770
236764
236743
236770
1473
107
144
2060
8450
108
140
584
538
1251
236743
236810
532
534
1251
236743
236810
532
515
1251
236743
236810
532
25583
1251
21652
236770
236764
236743
236770
779
568
236800
236764
236743
236800
779
568
236812
236764
236743
236812
779
568
236778
236764
236743
236800
779
568
236778
236764
236743
236810
54275
107
144
2060
6288
107
140
107
140
2060
8450
107
2717
106
107