105
2364
107
6190
506
2269
1292
14187
532
6484
2383
236764
6340
4144
506
1292
4970
532
1786
784
506
7713
236761
5213
10009
5244
98977
4455
232116
99382
108
3048
1374
20151
506
3393
611
12269
528
496
137349
3393
3355
568
1930
31608
236768
568
20890
795
85025
506
3303
5151
236768
108
2717
107
2063
1527
236779
18146
236779
236718
847
236769
236776
236787
801
236764
603
236787
801
236764
587
236787
801
236768
3921
801
236787
107
140
12234
4377
506
1548
529
89196
593
529
568
236770
236764
236743
236778
236764
32603
14802
236772
236770
236768
600
16529
236787
107
140
236770
236761
669
3861
529
496
27801
5683
127002
529
593
563
562
107
140
236778
236761
669
3861
529
496
27801
22932
127002
529
593
563
603
138
107
140
236800
236761
2085
7519
614
11995
538
1288
600
170559
538
900
236743
236771
236761
236810
531
506
1345
529
593
236743
107
143
38917
711
2352
3477
506
3861
529
496
27801
5683
127002
236743
107
143
504
506
3861
529
496
27801
22932
127002
107
140
107
140
13293
506
1527
53307
587
236761
107
140
107
140
13432
236787
107
144
236776
236787
31026
3861
529
27801
5683
127002
568
236776
6867
236743
236778
236768
107
144
236799
236787
31026
3861
529
27801
22932
127002
568
236799
6867
236743
236778
236768
107
144
236792
236787
4053
14918
568
2497
1548
1534
236743
236770
236771
236884
236828
532
236743
236770
236771
236884
236819
236768
107
140
107
140
42652
236787
107
144
4452
529
4341
89196
53307
587
107
140
107
140
22539
1527
236779
18146
236779
236718
847
236769
236800
236764
236743
236778
236764
236743
236819
236819
236828
236778
236812
236812
236800
236810
236800
236768
107
140
236770
236771
107
140
22539
1527
236779
18146
236779
236718
847
236769
236770
236771
236764
236743
236770
236778
236764
236743
236819
236778
236812
236828
236812
236812
236771
236800
236800
236768
107
140
236825
236778
236800
236800
236832
236828
236800
236825
236770
107
140
12234
108
2063
2426
236769
65127
1473
107
140
10640
11054
236769
236800
236764
236743
236778
236764
236743
236819
236819
236828
236778
236812
236812
236800
236810
236800
236768
1251
236743
236770
236771
107
140
10640
11054
236769
236770
236771
236764
236743
236770
236778
236764
236743
236819
236778
236812
236828
236812
236812
236771
236800
236800
236768
1251
236743
236825
236778
236800
236800
236832
236828
236800
236825
236770
107
140
10640
11054
236769
236810
236764
236743
236825
236764
236743
236770
236771
236771
236771
236771
236771
236771
236771
236828
236832
236768
1251
236743
236770
236810
236812
236828
236771
236812
236819
236825
236810
107
140
10640
11054
236769
236819
236764
236743
236825
236764
236743
236770
236771
236771
236771
236771
236771
236771
236770
236828
236770
236768
1251
236743
236810
236828
236771
236800
236810
236832
236819
236810
236771
107
140
10640
11054
236769
236812
236764
236743
236778
236764
236743
236819
236819
236828
236778
236812
236812
236800
236810
236800
236768
1251
236743
236832
236771
107
140
10640
11054
236769
236778
236764
236743
236778
236764
236743
236770
236771
236771
236771
236771
236771
236771
236770
236828
236770
236768
1251
236743
236778
107
140
10640
11054
236769
236770
236778
236764
236743
236770
236771
236764
236743
236770
236771
236771
236771
236771
236771
236771
236771
236771
236832
236768
1251
236743
236812
236832
236770
236828
236771
236819
236819
236825
107
140
10640
11054
236769
236819
236764
236743
236828
236764
236743
236819
236825
236770
236832
236812
236828
236819
236778
236832
236768
1251
236743
236819
236778
236825
236819
236810
236828
236810
236778
236800
107
140
10640
11054
236769
236812
236764
236743
236800
236771
236764
236743
236819
236778
236812
236828
236812
236812
236771
236800
236800
236768
1251
236743
236819
236771
236778
236812
236770
236832
236810
236800
236778
107
140
10640
11054
236769
236770
236771
236764
236743
236778
236764
236743
236819
236819
236819
236819
236819
236819
236819
236800
236832
236768
1251
236743
236828
236770
236825
236825
236778
236770
236810
236778
107
140
10640
11054
236769
236778
236764
236743
236800
236764
236743
236819
236819
236828
236778
236812
236812
236800
236810
236800
236768
1251
236743
236770
236771
107
140
10640
11054
236769
236819
236764
236743
236810
236764
236743
236819
236778
236812
236828
236812
236812
236771
236800
236800
236768
1251
236743
236828
236819
236778
236812
236825
236832
236810
236800
236810
107
140
10640
11054
236769
236819
236764
236743
236770
236778
236764
236743
236770
236771
236771
236771
236771
236771
236771
236778
236832
236770
236768
1251
236743
236770
236828
236778
236770
236770
236828
236800
236771
236832
107
140
10640
11054
236769
236770
236771
236764
236743
236812
236764
236743
236819
236778
236812
236828
236812
236812
236771
236800
236800
236768
1251
236743
236800
236770
236819
236832
236778
236828
236828
236828
236770
107
140
10640
11054
236769
236832
236764
236743
236825
236764
236743
236819
236778
236812
236828
236812
236812
236771
236800
236800
236768
1251
236743
236832
236771
236832
236812
236832
236810
236812
236812
236832
107
140
10640
11054
236769
236812
236764
236743
236800
236764
236743
236819
236778
236812
236828
236812
236812
236771
236800
236800
236768
1251
236743
236810
236771
236828
236800
236770
107
140
10640
11054
236769
236810
236764
236743
236825
236764
236743
236819
236825
236770
236832
236812
236828
236819
236778
236832
236768
1251
236743
236778
236800
236812
236825
236771
236819
236770
236825
107
140
10640
11054
236769
236812
236764
236743
236800
236771
236764
236743
236770
236771
236771
236771
236771
236771
236771
236771
236771
236832
236768
1251
236743
236828
236778
236771
236770
236778
236810
236771
236778
236770
107
140
10640
11054
236769
236828
236764
236743
236770
236810
236764
236743
236819
236819
236819
236819
236819
236819
236819
236800
236832
236768
1251
236743
236770
236778
236832
236825
236771
236800
236828
236812
236825
107
140
10640
11054
236769
236828
236764
236743
236770
236810
236764
236743
236819
236819
236828
236778
236812
236812
236800
236810
236800
236768
1251
236743
236828
236770
236770
236828
236825
236770
236832
236819
236819
107
140
10640
11054
236769
236812
236764
236743
236819
236764
236743
236770
236771
236771
236771
236771
236771
236771
236771
236828
236832
236768
1251
236743
236778
236828
236771
236778
236810
236810
236832
236819
236770
107
140
10640
11054
236769
236778
236764
236743
236770
236771
236764
236743
236770
236771
236771
236771
236771
236771
236771
236770
236828
236770
236768
1251
236743
236828
236770
236825
236825
236778
236770
236810
236778
107
140
10640
11054
236769
236819
236764
236743
236810
236764
236743
236770
236771
236771
236771
236771
236771
236771
236778
236832
236770
236768
1251
236743
236770
236832
236832
236819
236812
236832
236819
236812
236832
107
140
10640
11054
236769
236778
236764
236743
236825
236771
236764
236743
236770
236771
236771
236771
236771
236771
236771
236778
236832
236770
236768
1251
236743
236819
236832
236819
236800
236800
236800
236825
236800
236825
107
140
10640
11054
236769
236800
236764
236743
236832
236764
236743
236819
236819
236828
236778
236812
236812
236800
236810
236800
236768
1251
236743
236819
236819
236828
236770
236770
236812
236771
236810
107
140
10640
11054
236769
236825
236764
236743
236810
236764
236743
236819
236778
236812
236828
236812
236812
236771
236800
236800
236768
1251
236743
236800
236812
236778
236819
236771
236812
236800
236810
236819
107
140
10640
11054
236769
236825
236771
236764
236743
236778
236764
236743
236770
236771
236771
236771
236771
236771
236771
236770
236828
236770
236768
1251
236743
236819
236832
236770
236771
236812
236778
236825
236810
236832
107
140
10640
11054
236769
236832
236764
236743
236825
236764
236743
236770
236771
236771
236771
236771
236771
236771
236771
236828
236832
236768
1251
236743
236810
236832
236832
236800
236812
236812
236819
236778
107
140
10640
11054
236769
236819
236764
236743
236800
236764
236743
236819
236819
236819
236819
236819
236819
236819
236800
236832
236768
1251
236743
236832
236832
236800
236800
236819
236828
236812
236771
236778
107
140
10640
11054
236769
236832
236764
236743
236828
236764
236743
236770
236771
236771
236771
236771
236771
236771
236771
236828
236832
236768
1251
236743
236800
236825
236832
236770
236770
236810
236800
236800
236771
107
140
10640
11054
236769
236825
236764
236743
236778
236771
236764
236743
236819
236825
236770
236832
236812
236828
236819
236778
236832
236768
1251
236743
236812
236828
236771
236810
236828
236825
236832
236812
236800
107
140
10640
11054
236769
236810
236764
236743
236825
236764
236743
236770
236771
236771
236771
236771
236771
236771
236771
236771
236832
236768
1251
236743
236825
236778
236778
236800
236819
236828
236770
236812
236828
107
140
10640
11054
236769
236800
236764
236743
236812
236771
236764
236743
236819
236819
236828
236778
236812
236812
236800
236810
236800
236768
1251
236743
236832
236778
236810
236828
236800
236825
236812
236800
236819
107
140
10640
11054
236769
236770
236778
236764
236743
236810
236764
236743
236819
236825
236770
236832
236812
236828
236819
236778
236832
236768
1251
236743
236778
236828
236812
236778
236810
236828
236800
236828
236819
107
140
10640
11054
236769
236812
236764
236743
236825
236764
236743
236819
236819
236828
236778
236812
236812
236800
236810
236800
236768
1251
236743
236810
236810
236778
236825
236828
236828
236825
236800
236770
107
140
10640
11054
236769
236778
236764
236743
236770
236771
236764
236743
236819
236819
236828
236778
236812
236812
236800
236810
236800
236768
1251
236743
236828
236770
236825
236825
236778
236770
236810
236778
107
140
10640
11054
236769
236828
236764
236743
236832
236764
236743
236770
236771
236771
236771
236771
236771
236771
236778
236832
236770
236768
1251
236743
236800
236832
236825
236770
236825
236819
236828
236812
236825
107
140
10640
11054
236769
236819
236764
236743
236770
236771
236764
236743
236819
236778
236812
236828
236812
236812
236771
236800
236800
236768
1251
236743
236812
236812
236828
236832
236812
236770
236770
236825
236819
107
140
10640
11054
236769
236819
236764
236743
236812
236764
236743
236819
236825
236770
236832
236812
236828
236819
236778
236832
236768
1251
236743
236825
236819
236810
236770
236828
236825
236832
236778
236832
107
140
10640
11054
236769
236770
236770
236764
236743
236832
236764
236743
236770
236771
236771
236771
236771
236771
236771
236771
236771
236832
236768
1251
236743
236778
236812
236810
236810
236812
236832
236771
236771
236778
107
140
10640
11054
236769
236770
236771
236764
236743
236770
236778
236764
236743
236770
236771
236771
236771
236771
236771
236771
236771
236771
236832
236768
1251
236743
236812
236832
236770
236828
236771
236819
236819
236825
108
236865
6890
2426
236769
2861
236779
18146
236779
236718
847
236768
531
1845
7713
236761
107
2717
106
107
105
4368
107
2717
6719
107
2063
1527
236779
18146
236779
236718
847
236769
236776
236787
801
236764
603
236787
801
236764
587
236787
801
236768
3921
801
236787
107
140
12234
4377
506
1548
529
89196
593
529
568
236770
236764
236743
236778
236764
32603
14802
236772
236770
236768
600
16529
236787
107
140
236770
236761
669
3861
529
496
27801
5683
127002
529
593
563
562
107
140
236778
236761
669
3861
529
496
27801
22932
127002
529
593
563
603
138
107
140
236800
236761
2085
7519
614
11995
538
1288
600
170559
538
900
236743
236771
236761
236810
531
506
1345
529
593
236743
107
143
38917
711
2352
3477
506
3861
529
496
27801
5683
127002
236743
107
143
504
506
3861
529
496
27801
22932
127002
107
140
107
140
13293
506
1527
53307
587
236761
107
140
107
140
13432
236787
107
144
236776
236787
31026
3861
529
27801
5683
127002
568
236776
6867
236743
236778
236768
107
144
236799
236787
31026
3861
529
27801
22932
127002
568
236799
6867
236743
236778
236768
107
144
236792
236787
4053
14918
568
2497
1548
1534
236743
236770
236771
236884
236828
532
236743
236770
236771
236884
236819
236768
107
140
107
140
42652
236787
107
144
4452
529
4341
89196
53307
587
107
140
107
140
22539
1527
236779
18146
236779
236718
847
236769
236800
236764
236743
236778
236764
236743
236819
236819
236828
236778
236812
236812
236800
236810
236800
236768
107
140
236770
236771
107
140
22539
1527
236779
18146
236779
236718
847
236769
236770
236771
236764
236743
236770
236778
236764
236743
236819
236778
236812
236828
236812
236812
236771
236800
236800
236768
107
140
236825
236778
236800
236800
236832
236828
236800
236825
236770
107
140
12234
107
140
584
562
1251
236743
236800
532
603
1251
236743
236778
532
587
1251
236743
236819
236819
236828
236778
236812
236812
236800
236810
236800
236787
107
144
2060
236743
236770
236771
107
140
584
562
1251
236743
236770
236771
532
603
1251
236743
236770
236778
532
587
1251
236743
236819
236778
236812
236828
236812
236812
236771
236800
236800
236787
107
144
2060
236743
236825
236778
236800
236800
236832
236828
236800
236825
236770
107
140
584
562
1251
236743
236810
532
603
1251
236743
236825
532
587
1251
236743
236770
236771
236771
236771
236771
236771
236771
236771
236828
236832
236787
107
144
2060
236743
236770
236810
236812
236828
236771
236812
236819
236825
236810
107
140
584
562
1251
236743
236819
532
603
1251
236743
236825
532
587
1251
236743
236770
236771
236771
236771
236771
236771
236771
236770
236828
236770
236787
107
144
2060
236743
236810
236828
236771
236800
236810
236832
236819
236810
236771
107
140
584
562
1251
236743
236812
532
603
1251
236743
236778
532
587
1251
236743
236819
236819
236828
236778
236812
236812
236800
236810
236800
236787
107
144
2060
236743
236832
236771
107
140
584
562
1251
236743
236778
532
603
1251
236743
236778
532
587
1251
236743
236770
236771
236771
236771
236771
236771
236771
236770
236828
236770
236787
107
144
2060
236743
236778
107
140
584
562
1251
236743
236770
236778
532
603
1251
236743
236770
236771
532
587
1251
236743
236770
236771
236771
236771
236771
236771
236771
236771
236771
236832
236787
107
144
2060
236743
236812
236832
236770
236828
236771
236819
236819
236825
107
140
584
562
1251
236743
236819
532
603
1251
236743
236828
532
587
1251
236743
236819
236825
236770
236832
236812
236828
236819
236778
236832
236787
107
144
2060
236743
236819
236778
236825
236819
236810
236828
236810
236778
236800
107
140
584
562
1251
236743
236812
532
603
1251
236743
236800
236771
532
587
1251
236743
236819
236778
236812
236828
236812
236812
236771
236800
236800
236787
107
144
2060
236743
236819
236771
236778
236812
236770
236832
236810
236800
236778
107
140
584
562
1251
236743
236770
236771
532
603
1251
236743
236778
532
587
1251
236743
236819
236819
236819
236819
236819
236819
236819
236800
236832
236787
107
144
2060
236743
236828
236770
236825
236825
236778
236770
236810
236778
107
140
584
562
1251
236743
236778
532
603
1251
236743
236800
532
587
1251
236743
236819
236819
236828
236778
236812
236812
236800
236810
236800
236787
107
144
2060
236743
236770
236771
107
140
584
562
1251
236743
236819
532
603
1251
236743
236810
532
587
1251
236743
236819
236778
236812
236828
236812
236812
236771
236800
236800
236787
107
144
2060
236743
236828
236819
236778
236812
236825
236832
236810
236800
236810
107
140
584
562
1251
236743
236819
532
603
1251
236743
236770
236778
532
587
1251
236743
236770
236771
236771
236771
236771
236771
236771
236778
236832
236770
236787
107
144
2060
236743
236770
236828
236778
236770
236770
236828
236800
236771
236832
107
140
584
562
1251
236743
236770
236771
532
603
1251
236743
236812
532
587
1251
236743
236819
236778
236812
236828
236812
236812
236771
236800
236800
236787
107
144
2060
236743
236800
236770
236819
236832
236778
236828
236828
236828
236770
107
140
584
562
1251
236743
236832
532
603
1251
236743
236825
532
587
1251
236743
236819
236778
236812
236828
236812
236812
236771
236800
236800
236787
107
144
2060
236743
236832
236771
236832
236812
236832
236810
236812
236812
236832
107
140
584
562
1251
236743
236812
532
603
1251
236743
236800
532
587
1251
236743
236819
236778
236812
236828
236812
236812
236771
236800
236800
236787
107
144
2060
236743
236810
236771
236828
236800
236770
107
140
584
562
1251
236743
236810
532
603
1251
236743
236825
532
587
1251
236743
236770
236771
236771
236771
236771
236771
236771
236771
236771
236832
236787
107
144
2060
236743
236825
236778
236778
236800
236819
236828
236770
236812
236828
107
140
584
562
1251
236743
236812
532
603
1251
236743
236800
236771
532
587
1251
236743
236770
236771
236771
236771
236771
236771
236771
236771
236771
236832
236787
107
144
2060
236743
236828
236778
236771
236770
236778
236810
236771
236778
236770
107
140
584
562
1251
236743
236828
532
603
1251
236743
236770
236810
532
587
1251
236743
236819
236819
236819
236819
236819
236819
236819
236800
236832
236787
107
144
2060
236743
236770
236778
236832
236825
236771
236800
236828
236812
236825
107
140
584
562
1251
236743
236828
532
603
1251
236743
236770
236810
532
587
1251
236743
236819
236819
236828
236778
236812
236812
236800
236810
236800
236787
107
144
2060
236743
236828
236770
236770
236828
236825
236770
236832
236819
236819
107
140
584
562
1251
236743
236812
532
603
1251
236743
236819
532
587
1251
236743
236770
236771
236771
236771
236771
236771
236771
236771
236828
236832
236787
107
144
2060
236743
236778
236828
236771
236778
236810
236810
236832
236819
236770
107
140
584
562
1251
236743
236778
532
603
1251
236743
236770
236771
532
587
1251
236743
236770
236771
236771
236771
236771
236771
236771
236770
236828
236770
236787
107
144
2060
236743
236828
236770
236825
236825
236778
236770
236810
236778
107
140
584
562
1251
236743
236819
532
603
1251
236743
236810
532
587
1251
236743
236770
236771
236771
236771
236771
236771
236771
236778
236832
236770
236787
107
144
2060
236743
236770
236832
236832
236819
236812
236832
236819
236812
236832
107
140
584
562
1251
236743
236778
532
603
1251
236743
236825
236771
532
587
1251
236743
236770
236771
236771
236771
236771
236771
236771
236778
236832
236770
236787
107
144
2060
236743
236819
236832
236819
236800
236800
236800
236825
236800
236825
107
140
584
562
1251
236743
236800
532
603
1251
236743
236832
532
587
1251
236743
236819
236819
236828
236778
236812
236812
236800
236810
236800
236787
107
144
2060
236743
236819
236819
236828
236770
236770
236812
236771
236810
107
140
584
562
1251
236743
236825
532
603
1251
236743
236810
532
587
1251
236743
236819
236778
236812
236828
236812
236812
236771
236800
236800
236787
107
144
2060
236743
236800
236812
236778
236819
236771
236812
236800
236810
236819
107
140
584
562
1251
236743
236825
236771
532
603
1251
236743
236778
532
587
1251
236743
236770
236771
236771
236771
236771
236771
236771
236770
236828
236770
236787
107
144
2060
236743
236819
236832
236770
236771
236812
236778
236825
236810
236832
107
140
584
562
1251
236743
236832
532
603
1251
236743
236825
532
587
1251
236743
236770
236771
236771
236771
236771
236771
236771
236771
236828
236832
236787
107
144
2060
236743
236810
236832
236832
236800
236812
236812
236819
236778
107
140
584
562
1251
236743
236819
532
603
1251
236743
236800
532
587
1251
236743
236819
236819
236819
236819
236819
236819
236819
236800
236832
236787
107
144
2060
236743
236832
236832
236800
236800
236819
236828
236812
236771
236778
107
140
584
562
1251
236743
236832
532
603
1251
236743
236828
532
587
1251
236743
236770
236771
236771
236771
236771
236771
236771
236771
236828
236832
236787
107
144
2060
236743
236800
236825
236832
236770
236770
236810
236800
236800
236771
107
140
584
562
1251
236743
236825
532
603
1251
236743
236778
236771
532
587
1251
236743
236819
236825
236770
236832
236812
236828
236819
236778
236832
236787
107
144
2060
236743
236812
236828
236771
236810
236828
236825
236832
236812
236800
107
140
584
562
1251
236743
236810
532
603
1251
236743
236825
532
587
1251
236743
236770
236771
236771
236771
236771
236771
236771
236771
236771
236832
236787
107
144
2060
236743
236825
236778
236778
236800
236819
236828
236770
236812
236828
107
140
584
562
1251
236743
236800
532
603
1251
236743
236812
236771
532
587
1251
236743
236819
236819
236828
236778
236812
236812
236800
236810
236800
236787
107
144
2060
236743
236832
236778
236810
236828
236800
236825
236812
236800
236819
107
140
584
562
1251
236743
236770
236778
532
603
1251
236743
236810
532
587
1251
236743
236819
236825
236770
236832
236812
236828
236819
236778
236832
236787
107
144
2060
236743
236778
236828
236812
236778
236810
236828
236800
236828
236819
107
140
584
562
1251
236743
236812
532
603
1251
236743
236825
532
587
1251
236743
236819
236819
236828
236778
236812
236812
236800
236810
236800
236787
107
144
2060
236743
236810
236810
236778
236825
236828
236828
236825
236800
236770
107
140
584
562
1251
236743
236778
532
603
1251
236743
236770
236771
532
587
1251
236743
236819
236819
236828
236778
236812
236812
236800
236810
236800
236787
107
144
2060
236743
236828
236770
236825
236825
236778
236770
236810
236778
107
140
584
562
1251
236743
236828
532
603
1251
236743
236832
532
587
1251
236743
236770
236771
236771
236771
236771
236771
236771
236778
236832
236770
236787
107
144
2060
236743
236800
236832
236825
236770
236825
236819
236828
236812
236825
107
140
584
562
1251
236743
236819
532
603
1251
236743
236770
236771
532
587
1251
236743
236819
236778
236812
236828
236812
236812
236771
236800
236800
236787
107
144
2060
236743
236812
236812
236828
236832
236812
236770
236770
236825
236819
107
140
584
562
1251
236743
236819
532
603
1251
236743
236812
532
587
1251
236743
236819
236825
236770
236832
236812
236828
236819
236778
236832
236787
107
144
2060
236743
236825
236819
236810
236770
236828
236825
236832
236778
236832
107
140
584
562
1251
236743
236770
236770
532
603
1251
236743
236832
532
587
1251
236743
236770
236771
236771
236771
236771
236771
236771
236771
236771
236832
236787
107
144
2060
236743
236778
236812
236810
236810
236812
236832
236771
236771
236778
107
140
584
562
1251
236743
236770
236771
532
603
1251
236743
236770
236778
532
587
1251
236743
236770
236771
236771
236771
236771
236771
236771
236771
236771
236832
236787
107
144
2060
236743
236812
236832
236770
236828
236771
236819
236819
236825
107
140
2060
236743
236771
107
2717
106
107
105
2364
107
11069
3527
5686
8428
506
7713
236761
5715
236789
236751
506
3165
236787
107
17070
1942
568
3374
4803
2246
1774
1473
107
138
3202
137325
236778
236759
236800
50068
236778
236754
37446
236771
236761
2551
827
1757
236743
236770
236832
236812
236764
528
655
7498
236813
107
140
4256
236769
2861
236779
18146
236779
236718
847
236768
107
138
3202
137325
236778
236759
236800
50068
236778
236754
37446
236771
236761
2551
827
1757
236743
236812
236778
236764
528
2426
107
140
10640
11054
236769
236810
236764
236743
236825
236764
236743
236819
236825
236770
236832
236812
236828
236819
236778
236832
236768
1251
236743
236778
236800
236812
236825
236771
236819
236770
236825
107
147
172109
172109
172109
172109
172109
172109
172109
172109
172109
38825
107
132731
3494
111
2021
136030
236764
672
563
822
4209
236787
8847
506
2269
1292
14187
532
6484
2383
236764
6340
4144
506
1292
4970
532
1786
784
506
7713
236761
5213
10009
5244
98977
4455
232116
99382
108
3048
1374
20151
506
3393
611
12269
528
496
137349
3393
3355
568
1930
31608
236768
568
20890
795
85025
506
3303
5151
236768
106
107
105
4368
107
2717
6719
107
2063
1527
236779
18146
236779
236718
847
236769
236776
236787
801
236764
603
236787
801
236764
587
236787
801
236768
3921
801
236787
107
140
12234
4377
506
1548
529
89196
593
529
568
236770
236764
236743
236778
236764
32603
14802
236772
236770
236768
600
16529
236787
107
140
236770
236761
669
3861
529
496
27801
5683
127002
529
593
563
562
107
140
236778
236761
669
3861
529
496
27801
22932
127002
529
593
563
603
138
107
140
236800
236761
2085
7519
614
11995
538
1288
600
170559
538
900
236743
236771
236761
236810
531
506
1345
529
593
236743
107
143
38917
711
2352
3477
506
3861
529
496
27801
5683
127002
236743
107
143
504
506
3861
529
496
27801
22932
127002
107
140
107
140
13293
506
1527
53307
587
236761
107
140
107
140
13432
236787
107
144
236776
236787
31026
3861
529
27801
5683
127002
568
236776
6867
236743
236778
236768
107
144
236799
236787
31026
3861
529
27801
22932
127002
568
236799
6867
236743
236778
236768
107
144
236792
236787
4053
14918
568
2497
1548
1534
236743
236770
236771
236884
236828
532
236743
236770
236771
236884
236819
236768
107
140
107
140
42652
236787
107
144
4452
529
4341
89196
53307
587
107
140
107
140
22539
1527
236779
18146
236779
236718
847
236769
236800
236764
236743
236778
236764
236743
236819
236819
236828
236778
236812
236812
236800
236810
236800
236768
107
140
236770
236771
107
140
22539
1527
236779
18146
236779
236718
847
236769
236770
236771
236764
236743
236770
236778
236764
236743
236819
236778
236812
236828
236812
236812
236771
236800
236800
236768
107
140
236825
236778
236800
236800
236832
236828
236800
236825
236770
107
140
12234
107
140
584
562
1251
236743
236800
532
603
1251
236743
236778
532
587
1251
236743
236819
236819
236828
236778
236812
236812
236800
236810
236800
236787
107
144
2060
236743
236770
236771
107
140
584
562
1251
236743
236770
236771
532
603
1251
236743
236770
236778
532
587
1251
236743
236819
236778
236812
236828
236812
236812
236771
236800
236800
236787
107
144
2060
236743
236825
236778
236800
236800
236832
236828
236800
236825
236770
107
140
584
562
1251
236743
236810
532
603
1251
236743
236825
532
587
1251
236743
236770
236771
236771
236771
236771
236771
236771
236771
236828
236832
236787
107
144
2060
236743
236770
236810
236812
236828
236771
236812
236819
236825
236810
107
140
584
562
1251
236743
236819
532
603
1251
236743
236825
532
587
1251
236743
236770
236771
236771
236771
236771
236771
236771
236770
236828
236770
236787
107
144
2060
236743
236810
236828
236771
236800
236810
236832
236819
236810
236771
107
140
584
562
1251
236743
236812
532
603
1251
236743
236778
532
587
1251
236743
236819
236819
236828
236778
236812
236812
236800
236810
236800
236787
107
144
2060
236743
236832
236771
107
140
584
562
1251
236743
236778
532
603
1251
236743
236778
532
587
1251
236743
236770
236771
236771
236771
236771
236771
236771
236770
236828
236770
236787
107
144
2060
236743
236778
107
140
584
562
1251
236743
236770
236778
532
603
1251
236743
236770
236771
532
587
1251
236743
236770
236771
236771
236771
236771
236771
236771
236771
236771
236832
236787
107
144
2060
236743
236812
236832
236770
236828
236771
236819
236819
236825
107
140
584
562
1251
236743
236819
532
603
1251
236743
236828
532
587
1251
236743
236819
236825
236770
236832
236812
236828
236819
236778
236832
236787
107
144
2060
236743
236819
236778
236825
236819
236810
236828
236810
236778
236800
107
140
584
562
1251
236743
236812
532
603
1251
236743
236800
236771
532
587
1251
236743
236819
236778
236812
236828
236812
236812
236771
236800
236800
236787
107
144
2060
236743
236819
236771
236778
236812
236770
236832
236810
236800
236778
107
140
584
562
1251
236743
236770
236771
532
603
1251
236743
236778
532
587
1251
236743
236819
236819
236819
236819
236819
236819
236819
236800
236832
236787
107
144
2060
236743
236828
236770
236825
236825
236778
236770
236810
236778
107
140
584
562
1251
236743
236778
532
603
1251
236743
236800
532
587
1251
236743
236819
236819
236828
236778
236812
236812
236800
236810
236800
236787
107
144
2060
236743
236770
236771
107
140
584
562
1251
236743
236819
532
603
1251
236743
236810
532
587
1251
236743
236819
236778
236812
236828
236812
236812
236771
236800
236800
236787
107
144
2060
236743
236828
236819
236778
236812
236825
236832
236810
236800
236810
107
140
584
562
1251
236743
236819
532
603
1251
236743
236770
236778
532
587
1251
236743
236770
236771
236771
236771
236771
236771
236771
236778
236832
236770
236787
107
144
2060
236743
236770
236828
236778
236770
236770
236828
236800
236771
236832
107
140
584
562
1251
236743
236770
236771
532
603
1251
236743
236812
532
587
1251
236743
236819
236778
236812
236828
236812
236812
236771
236800
236800
236787
107
144
2060
236743
236800
236770
236819
236832
236778
236828
236828
236828
236770
107
140
584
562
1251
236743
236832
532
603
1251
236743
236825
532
587
1251
236743
236819
236778
236812
236828
236812
236812
236771
236800
236800
236787
107
144
2060
236743
236832
236771
236832
236812
236832
236810
236812
236812
236832
107
140
584
562
1251
236743
236812
532
603
1251
236743
236800
532
587
1251
236743
236819
236778
236812
236828
236812
236812
236771
236800
236800
236787
107
144
2060
236743
236810
236771
236828
236800
236770
107
140
584
562
1251
236743
236810
532
603
1251
236743
236825
532
587
1251
236743
236770
236771
236771
236771
236771
236771
236771
236771
236771
236832
236787
107
144
2060
236743
236825
236778
236778
236800
236819
236828
236770
236812
236828
107
140
584
562
1251
236743
236812
532
603
1251
236743
236800
236771
532
587
1251
236743
236770
236771
236771
236771
236771
236771
236771
236771
236771
236832
236787
107
144
2060
236743
236828
236778
236771
236770
236778
236810
236771
236778
236770
107
140
584
562
1251
236743
236828
532
603
1251
236743
236770
236810
532
587
1251
236743
236819
236819
236819
236819
236819
236819
236819
236800
236832
236787
107
144
2060
236743
236770
236778
236832
236825
236771
236800
236828
236812
236825
107
140
584
562
1251
236743
236828
532
603
1251
236743
236770
236810
532
587
1251
236743
236819
236819
236828
236778
236812
236812
236800
236810
236800
236787
107
144
2060
236743
236828
236770
236770
236828
236825
236770
236832
236819
236819
107
140
584
562
1251
236743
236812
532
603
1251
236743
236819
532
587
1251
236743
236770
236771
236771
236771
236771
236771
236771
236771
236828
236832
236787
107
144
2060
236743
236778
236828
236771
236778
236810
236810
236832
236819
236770
107
140
584
562
1251
236743
236778
532
603
1251
236743
236770
236771
532
587
1251
236743
236770
236771
236771
236771
236771
236771
236771
236770
236828
236770
236787
107
144
2060
236743
236828
236770
236825
236825
236778
236770
236810
236778
107
140
584
562
1251
236743
236819
532
603
1251
236743
236810
532
587
1251
236743
236770
236771
236771
236771
236771
236771
236771
236778
236832
236770
236787
107
144
2060
236743
236770
236832
236832
236819
236812
236832
236819
236812
236832
107
140
584
562
1251
236743
236778
532
603
1251
236743
236825
236771
532
587
1251
236743
236770
236771
236771
236771
236771
236771
236771
236778
236832
236770
236787
107
144
2060
236743
236819
236832
236819
236800
236800
236800
236825
236800
236825
107
140
584
562
1251
236743
236800
532
603
1251
236743
236832
532
587
1251
236743
236819
236819
236828
236778
236812
236812
236800
236810
236800
236787
107
144
2060
236743
236819
236819
236828
236770
236770
236812
236771
236810
107
140
584
562
1251
236743
236825
532
603
1251
236743
236810
532
587
1251
236743
236819
236778
236812
236828
236812
236812
236771
236800
236800
236787
107
144
2060
236743
236800
236812
236778
236819
236771
236812
236800
236810
236819
107
140
584
562
1251
236743
236825
236771
532
603
1251
236743
236778
532
587
1251
236743
236770
236771
236771
236771
236771
236771
236771
236770
236828
236770
236787
107
144
2060
236743
236819
236832
236770
236771
236812
236778
236825
236810
236832
107
140
584
562
1251
236743
236832
532
603
1251
236743
236825
532
587
1251
236743
236770
236771
236771
236771
236771
236771
236771
236771
236828
236832
236787
107
144
2060
236743
236810
236832
236832
236800
236812
236812
236819
236778
107
140
584
562
1251
236743
236819
532
603
1251
236743
236800
532
587
1251
236743
236819
236819
236819
236819
236819
236819
236819
236800
236832
236787
107
144
2060
236743
236832
236832
236800
236800
236819
236828
236812
236771
236778
107
140
584
562
1251
236743
236832
532
603
1251
236743
236828
532
587
1251
236743
236770
236771
236771
236771
236771
236771
236771
236771
236828
236832
236787
107
144
2060
236743
236800
236825
236832
236770
236770
236810
236800
236800
236771
107
140
584
562
1251
236743
236825
532
603
1251
236743
236778
236771
532
587
1251
236743
236819
236825
236770
236832
236812
236828
236819
236778
236832
236787
107
144
2060
236743
236812
236828
236771
236810
236828
236825
236832
236812
236800
107
140
584
562
1251
236743
236810
532
603
1251
236743
236825
532
587
1251
236743
236770
236771
236771
236771
236771
236771
236771
236771
236771
236832
236787
107
144
2060
236743
236825
236778
236778
236800
236819
236828
236770
236812
236828
107
140
584
562
1251
236743
236800
532
603
1251
236743
236812
236771
532
587
1251
236743
236819
236819
236828
236778
236812
236812
236800
236810
236800
236787
107
144
2060
236743
236832
236778
236810
236828
236800
236825
236812
236800
236819
107
140
584
562
1251
236743
236770
236778
532
603
1251
236743
236810
532
587
1251
236743
236819
236825
236770
236832
236812
236828
236819
236778
236832
236787
107
144
2060
236743
236778
236828
236812
236778
236810
236828
236800
236828
236819
107
140
584
562
1251
236743
236812
532
603
1251
236743
236825
532
587
1251
236743
236819
236819
236828
236778
236812
236812
236800
236810
236800
236787
107
144
2060
236743
236810
236810
236778
236825
236828
236828
236825
236800
236770
107
140
584
562
1251
236743
236778
532
603
1251
236743
236770
236771
532
587
1251
236743
236819
236819
236828
236778
236812
236812
236800
236810
236800
236787
107
144
2060
236743
236828
236770
236825
236825
236778
236770
236810
236778
107
140
584
562
1251
236743
236828
532
603
1251
236743
236832
532
587
1251
236743
236770
236771
236771
236771
236771
236771
236771
236778
236832
236770
236787
107
144
2060
236743
236800
236832
236825
236770
236825
236819
236828
236812
236825
107
140
584
562
1251
236743
236819
532
603
1251
236743
236770
236771
532
587
1251
236743
236819
236778
236812
236828
236812
236812
236771
236800
236800
236787
107
144
2060
236743
236812
236812
236828
236832
236812
236770
236770
236825
236819
107
140
584
562
1251
236743
236819
532
603
1251
236743
236812
532
587
1251
236743
236819
236825
236770
236832
236812
236828
236819
236778
236832
236787
107
144
2060
236743
236825
236819
236810
236770
236828
236825
236832
236778
236832
107
140
584
562
1251
236743
236770
236770
532
603
1251
236743
236832
532
587
1251
236743
236770
236771
236771
236771
236771
236771
236771
236771
236771
236832
236787
107
144
2060
236743
236778
236812
236810
236810
236812
236832
236771
236771
236778
107
140
584
562
1251
236743
236770
236771
532
603
1251
236743
236770
236778
532
587
1251
236743
236770
236771
236771
236771
236771
236771
236771
236771
236771
236832
236787
107
144
2060
236743
236812
236832
236770
236828
236771
236819
236819
236825
107
140
2060
236743
236771
107
2717
106
107
105
2364
107
11069
3527
5686
8428
506
7713
236761
5715
236789
236751
506
3165
236787
107
17070
1942
568
3374
4803
2246
1774
1473
107
138
3202
137325
236752
236810
236917
236832
64240
236810
236760
4033
236761
2551
827
1757
236743
236770
236832
236812
236764
528
655
7498
236813
107
140
4256
236769
2861
236779
18146
236779
236718
847
236768
107
138
3202
137325
236752
236810
236917
236832
64240
236810
236760
4033
236761
2551
827
1757
236743
236812
236778
236764
528
2426
107
140
10640
11054
236769
236810
236764
236743
236825
236764
236743
236819
236825
236770
236832
236812
236828
236819
236778
236832
236768
1251
236743
236778
236800
236812
236825
236771
236819
236770
236825
107
147
172109
172109
172109
172109
172109
172109
172109
172109
172109
38825
107
132731
3494
111
2021
136030
236764
672
563
822
4209
236787
8847
506
2269
1292
14187
532
6484
2383
236764
6340
4144
506
1292
4970
532
1786
784
506
7713
236761
5213
10009
5244
98977
4455
232116
99382
108
3048
1374
20151
506
3393
611
12269
528
496
137349
3393
3355
568
1930
31608
236768
568
20890
795
85025
506
3303
5151
236768
106
107
105
4368
107
2717
6719
107
2063
1527
236779
18146
236779
236718
847
236769
236776
236787
801
236764
603
236787
801
236764
587
236787
801
236768
3921
801
236787
107
140
12234
4377
506
1548
529
89196
593
529
568
236770
236764
236743
236778
236764
32603
14802
236772
236770
236768
600
16529
236787
107
140
236770
236761
669
3861
529
496
27801
5683
127002
529
593
563
562
107
140
236778
236761
669
3861
529
496
27801
22932
127002
529
593
563
603
138
107
140
236800
236761
2085
7519
614
11995
538
1288
600
170559
538
900
236743
236771
236761
236810
531
506
1345
529
593
236743
107
143
38917
711
2352
3477
506
3861
529
496
27801
5683
127002
236743
107
143
504
506
3861
529
496
27801
22932
127002
107
140
107
140
13293
506
1527
53307
587
236761
107
140
107
140
13432
236787
107
144
236776
236787
31026
3861
529
27801
5683
127002
568
236776
6867
236743
236778
236768
107
144
236799
236787
31026
3861
529
27801
22932
127002
568
236799
6867
236743
236778
236768
107
144
236792
236787
4053
14918
568
2497
1548
1534
236743
236770
236771
236884
236828
532
236743
236770
236771
236884
236819
236768
107
140
107
140
42652
236787
107
144
4452
529
4341
89196
53307
587
107
140
107
140
22539
1527
236779
18146
236779
236718
847
236769
236800
236764
236743
236778
236764
236743
236819
236819
236828
236778
236812
236812
236800
236810
236800
236768
107
140
236770
236771
107
140
22539
1527
236779
18146
236779
236718
847
236769
236770
236771
236764
236743
236770
236778
236764
236743
236819
236778
236812
236828
236812
236812
236771
236800
236800
236768
107
140
236825
236778
236800
236800
236832
236828
236800
236825
236770
107
140
12234
107
140
584
562
1251
236743
236800
532
603
1251
236743
236778
532
587
1251
236743
236819
236819
236828
236778
236812
236812
236800
236810
236800
236787
107
144
2060
236743
236770
236771
107
140
584
562
1251
236743
236770
236771
532
603
1251
236743
236770
236778
532
587
1251
236743
236819
236778
236812
236828
236812
236812
236771
236800
236800
236787
107
144
2060
236743
236825
236778
236800
236800
236832
236828
236800
236825
236770
107
140
584
562
1251
236743
236810
532
603
1251
236743
236825
532
587
1251
236743
236770
236771
236771
236771
236771
236771
236771
236771
236828
236832
236787
107
144
2060
236743
236770
236810
236812
236828
236771
236812
236819
236825
236810
107
140
584
562
1251
236743
236819
532
603
1251
236743
236825
532
587
1251
236743
236770
236771
236771
236771
236771
236771
236771
236770
236828
236770
236787
107
144
2060
236743
236810
236828
236771
236800
236810
236832
236819
236810
236771
107
140
584
562
1251
236743
236812
532
603
1251
236743
236778
532
587
1251
236743
236819
236819
236828
236778
236812
236812
236800
236810
236800
236787
107
144
2060
236743
236832
236771
107
140
584
562
1251
236743
236778
532
603
1251
236743
236778
532
587
1251
236743
236770
236771
236771
236771
236771
236771
236771
236770
236828
236770
236787
107
144
2060
236743
236778
107
140
584
562
1251
236743
236770
236778
532
603
1251
236743
236770
236771
532
587
1251
236743
236770
236771
236771
236771
236771
236771
236771
236771
236771
236832
236787
107
144
2060
236743
236812
236832
236770
236828
236771
236819
236819
236825
107
140
584
562
1251
236743
236819
532
603
1251
236743
236828
532
587
1251
236743
236819
236825
236770
236832
236812
236828
236819
236778
236832
236787
107
144
2060
236743
236819
236778
236825
236819
236810
236828
236810
236778
236800
107
140
584
562
1251
236743
236812
532
603
1251
236743
236800
236771
532
587
1251
236743
236819
236778
236812
236828
236812
236812
236771
236800
236800
236787
107
144
2060
236743
236819
236771
236778
236812
236770
236832
236810
236800
236778
107
140
584
562
1251
236743
236770
236771
532
603
1251
236743
236778
532
587
1251
236743
236819
236819
236819
236819
236819
236819
236819
236800
236832
236787
107
144
2060
236743
236828
236770
236825
236825
236778
236770
236810
236778
107
140
584
562
1251
236743
236778
532
603
1251
236743
236800
532
587
1251
236743
236819
236819
236828
236778
236812
236812
236800
236810
236800
236787
107
144
2060
236743
236770
236771
107
140
584
562
1251
236743
236819
532
603
1251
236743
236810
532
587
1251
236743
236819
236778
236812
236828
236812
236812
236771
236800
236800
236787
107
144
2060
236743
236828
236819
236778
236812
236825
236832
236810
236800
236810
107
140
584
562
1251
236743
236819
532
603
1251
236743
236770
236778
532
587
1251
236743
236770
236771
236771
236771
236771
236771
236771
236778
236832
236770
236787
107
144
2060
236743
236770
236828
236778
236770
236770
236828
236800
236771
236832
107
140
584
562
1251
236743
236770
236771
532
603
1251
236743
236812
532
587
1251
236743
236819
236778
236812
236828
236812
236812
236771
236800
236800
236787
107
144
2060
236743
236800
236770
236819
236832
236778
236828
236828
236828
236770
107
140
584
562
1251
236743
236832
532
603
1251
236743
236825
532
587
1251
236743
236819
236778
236812
236828
236812
236812
236771
236800
236800
236787
107
144
2060
236743
236832
236771
236832
236812
236832
236810
236812
236812
236832
107
140
584
562
1251
236743
236812
532
603
1251
236743
236800
532
587
1251
236743
236819
236778
236812
236828
236812
236812
236771
236800
236800
236787
107
144
2060
236743
236810
236771
236828
236800
236770
107
140
584
562
1251
236743
236810
532
603
1251
236743
236825
532
587
1251
236743
236770
236771
236771
236771
236771
236771
236771
236771
236771
236832
236787
107
144
2060
236743
236778
236800
236812
236825
236771
236819
236770
236825
107
140
584
562
1251
236743
236812
532
603
1251
236743
236800
236771
532
587
1251
236743
236770
236771
236771
236771
236771
236771
236771
236771
236771
236832
236787
107
144
2060
236743
236828
236778
236771
236770
236778
236810
236771
236778
236770
107
140
584
562
1251
236743
236828
532
603
1251
236743
236770
236810
532
587
1251
236743
236819
236819
236819
236819
236819
236819
236819
236800
236832
236787
107
144
2060
236743
236770
236778
236832
236825
236771
236800
236828
236812
236825
107
140
584
562
1251
236743
236828
532
603
1251
236743
236770
236810
532
587
1251
236743
236819
236819
236828
236778
236812
236812
236800
236810
236800
236787
107
144
2060
236743
236828
236770
236770
236828
236825
236770
236832
236819
236819
107
140
584
562
1251
236743
236812
532
603
1251
236743
236819
532
587
1251
236743
236770
236771
236771
236771
236771
236771
236771
236771
236828
236832
236787
107
144
2060
236743
236778
236828
236771
236778
236810
236810
236832
236819
236770
107
140
584
562
1251
236743
236778
532
603
1251
236743
236770
236771
532
587
1251
236743
236770
236771
236771
236771
236771
236771
236771
236770
236828
236770
236787
107
144
2060
236743
236828
236770
236825
236825
236778
236770
236810
236778
107
140
584
562
1251
236743
236819
532
603
1251
236743
236810
532
587
1251
236743
236770
236771
236771
236771
236771
236771
236771
236778
236832
236770
236787
107
144
2060
236743
236770
236832
236832
236819
236812
236832
236819
236812
236832
107
140
584
562
1251
236743
236778
532
603
1251
236743
236825
236771
532
587
1251
236743
236770
236771
236771
236771
236771
236771
236771
236778
236832
236770
236787
107
144
2060
236743
236819
236832
236819
236800
236800
236800
236825
236800
236825
107
140
584
562
1251
236743
236800
532
603
1251
236743
236832
532
587
1251
236743
236819
236819
236828
236778
236812
236812
236800
236810
236800
236787
107
144
2060
236743
236819
236819
236828
236770
236770
236812
236771
236810
107
140
584
562
1251
236743
236825
532
603
1251
236743
236810
532
587
1251
236743
236819
236778
236812
236828
236812
236812
236771
236800
236800
236787
107
144
2060
236743
236800
236812
236778
236819
236771
236812
236800
236810
236819
107
140
584
562
1251
236743
236825
236771
532
603
1251
236743
236778
532
587
1251
236743
236770
236771
236771
236771
236771
236771
236771
236770
236828
236770
236787
107
144
2060
236743
236819
236832
236770
236771
236812
236778
236825
236810
236832
107
140
584
562
1251
236743
236832
532
603
1251
236743
236825
532
587
1251
236743
236770
236771
236771
236771
236771
236771
236771
236771
236828
236832
236787
107
144
2060
236743
236810
236832
236832
236800
236812
236812
236819
236778
107
140
584
562
1251
236743
236819
532
603
1251
236743
236800
532
587
1251
236743
236819
236819
236819
236819
236819
236819
236819
236800
236832
236787
107
144
2060
236743
236832
236832
236800
236800
236819
236828
236812
236771
236778
107
140
584
562
1251
236743
236832
532
603
1251
236743
236828
532
587
1251
236743
236770
236771
236771
236771
236771
236771
236771
236771
236828
236832
236787
107
144
2060
236743
236800
236825
236832
236770
236770
236810
236800
236800
236771
107
140
584
562
1251
236743
236825
532
603
1251
236743
236778
236771
532
587
1251
236743
236819
236825
236770
236832
236812
236828
236819
236778
236832
236787
107
144
2060
236743
236812
236828
236771
236810
236828
236825
236832
236812
236800
107
140
584
562
1251
236743
236810
532
603
1251
236743
236825
532
587
1251
236743
236770
236771
236771
236771
236771
236771
236771
236771
236771
236832
236787
107
144
2060
236743
236825
236778
236778
236800
236819
236828
236770
236812
236828
107
140
584
562
1251
236743
236800
532
603
1251
236743
236812
236771
532
587
1251
236743
236819
236819
236828
236778
236812
236812
236800
236810
236800
236787
107
144
2060
236743
236832
236778
236810
236828
236800
236825
236812
236800
236819
107
140
584
562
1251
236743
236770
236778
532
603
1251
236743
236810
532
587
1251
236743
236819
236825
236770
236832
236812
236828
236819
236778
236832
236787
107
144
2060
236743
236778
236828
236812
236778
236810
236828
236800
236828
236819
107
140
584
562
1251
236743
236812
532
603
1251
236743
236825
532
587
1251
236743
236819
236819
236828
236778
236812
236812
236800
236810
236800
236787
107
144
2060
236743
236810
236810
236778
236825
236828
236828
236825
236800
236770
107
140
584
562
1251
236743
236778
532
603
1251
236743
236770
236771
532
587
1251
236743
236819
236819
236828
236778
236812
236812
236800
236810
236800
236787
107
144
2060
236743
236828
236770
236825
236825
236778
236770
236810
236778
107
140
584
562
1251
236743
236828
532
603
1251
236743
236832
532
587
1251
236743
236770
236771
236771
236771
236771
236771
236771
236778
236832
236770
236787
107
144
2060
236743
236800
236832
236825
236770
236825
236819
236828
236812
236825
107
140
584
562
1251
236743
236819
532
603
1251
236743
236770
236771
532
587
1251
236743
236819
236778
236812
236828
236812
236812
236771
236800
236800
236787
107
144
2060
236743
236812
236812
236828
236832
236812
236770
236770
236825
236819
107
140
584
562
1251
236743
236819
532
603
1251
236743
236812
532
587
1251
236743
236819
236825
236770
236832
236812
236828
236819
236778
236832
236787
107
144
2060
236743
236825
236819
236810
236770
236828
236825
236832
236778
236832
107
140
584
562
1251
236743
236770
236770
532
603
1251
236743
236832
532
587
1251
236743
236770
236771
236771
236771
236771
236771
236771
236771
236771
236832
236787
107
144
2060
236743
236778
236812
236810
236810
236812
236832
236771
236771
236778
107
140
584
562
1251
236743
236770
236771
532
603
1251
236743
236770
236778
532
587
1251
236743
236770
236771
236771
236771
236771
236771
236771
236771
236771
236832
236787
107
144
2060
236743
236812
236832
236770
236828
236771
236819
236819
236825
107
140
2060
236743
236771
107
2717
106
107