105
2364
107
6190
506
2269
1292
14187
532
6484
2383
236764
6340
4144
506
1292
4970
532
1786
784
506
7713
236761
5213
10009
5244
98977
4455
232116
99382
108
3048
1374
20151
506
3393
611
12269
528
496
137349
3393
3355
568
1930
31608
236768
568
20890
795
85025
506
3303
5151
236768
108
2717
107
2543
28751
1419
4361
109
2063
2631
236779
5930
236779
2204
25425
236769
30457
236787
4361
236840
720
1604
620
236787
801
236764
4576
236787
801
236768
3921
801
236787
107
140
12234
9100
496
1908
236772
11681
127002
529
27536
600
815
614
46741
2324
4745
531
620
107
140
624
114886
506
1698
529
784
1061
4945
2180
34957
4576
236761
107
140
107
140
818
46741
2324
529
496
236743
236771
236772
114473
3499
563
5221
618
506
2324
529
4820
657
236743
107
140
20952
22697
12174
506
2324
529
4820
657
11049
22697
236761
107
140
107
140
13432
236787
107
144
30457
236787
4361
529
1908
236772
27851
25630
568
236770
6605
5980
236769
30457
236768
6605
236743
236770
236810
236771
236764
236743
236771
6605
27536
236840
236747
236842
6605
236743
236770
236778
236768
107
144
236767
236787
23170
46741
2324
15554
236770
236771
236884
236810
6605
620
6605
236743
236770
236771
236884
236810
236768
107
144
17846
236787
38084
6208
1698
568
236770
6605
4576
6605
236743
236810
236771
236771
236771
236768
107
140
107
140
42652
236787
107
144
818
1698
529
506
127002
607
46741
2324
620
600
815
506
5783
107
144
5930
711
34957
4576
236761
15543
753
236770
768
951
1288
127002
7519
236761
107
140
107
140
22539
2631
236779
5930
236779
2204
25425
5551
236770
236764
236743
236778
236764
236743
236800
1604
236743
236778
236764
236743
236770
236771
236768
107
140
236825
107
140
22539
2631
236779
5930
236779
2204
25425
5551
236771
236764
236743
236778
236764
236743
236800
1604
753
236810
236764
236743
236770
236778
236768
107
140
236772
236770
107
140
22539
2631
236779
5930
236779
2204
25425
5551
236778
236764
236743
236778
236764
236743
236800
236764
236743
236800
1604
236743
236771
236764
236743
236819
236768
107
140
236819
107
140
12234
108
2063
2426
236769
65127
1473
107
140
236865
18711
1594
3636
699
8698
107
140
10640
11054
5551
236770
236764
236743
236778
236764
236743
236800
1604
236743
236778
236764
236743
236770
236771
236768
1251
236743
236825
107
140
10640
11054
5551
236771
236764
236743
236778
236764
236743
236800
1604
753
236810
236764
236743
236770
236778
236768
1251
753
236770
107
140
10640
11054
5551
236778
236764
236743
236778
236764
236743
236800
236764
236743
236800
1604
236743
236771
236764
236743
236819
236768
1251
236743
236819
107
140
107
140
236865
21175
3408
7713
107
140
10640
11054
5551
236770
236770
1604
236743
236770
236770
236764
236743
236778
236771
236768
1251
236743
236770
236778
107
140
10640
11054
5551
236812
1604
236743
236812
236764
236743
236770
236771
236768
1251
236743
236812
107
140
10640
11054
5551
236770
1604
236743
236770
236764
236743
236778
236771
236768
1251
236743
236770
107
140
10640
11054
5551
236771
1604
236743
236771
236764
236743
236770
236771
236768
1251
236743
236771
107
140
10640
11054
5551
236770
236770
1604
236743
236770
236770
236764
236743
236770
236771
236768
1251
753
236770
107
140
107
140
236865
25093
3499
607
784
1638
4820
107
140
10640
11054
5551
236770
236778
236842
808
236743
236770
236810
236771
236764
753
236770
236771
236771
236771
236771
236771
236764
236743
236810
236771
236771
236771
236768
1251
753
236770
107
140
10640
11054
5551
236770
236778
236842
808
236743
236770
236810
236771
236764
236743
236770
236771
236771
236771
236771
236771
236764
236743
236810
236771
236771
236771
236768
1251
753
236770
107
140
10640
11054
5551
236770
236778
236842
808
236743
236770
236810
236771
236764
236743
236771
236764
236743
236810
236771
236771
236771
236768
1251
236743
236770
236812
236812
107
140
107
140
236865
27916
1594
3636
107
140
10640
11054
5551
236770
236764
236832
236764
236812
236764
236770
236771
236764
236770
236770
236764
236770
236770
236764
236819
236764
236825
236764
236778
236764
236812
236764
236819
236764
236771
236764
236812
236764
236771
236764
236832
236764
236810
236764
236778
236764
236770
236771
236764
236828
236764
236778
236764
236812
236764
236770
236770
236764
236770
236771
236764
236812
236764
236832
236764
236828
236764
236770
236778
236764
236770
236778
236764
236800
236764
236778
236764
236832
236764
236812
236764
236819
236764
236770
236770
236764
236770
236764
236819
236764
236770
236778
236764
236812
236764
236828
236764
236771
1604
753
236810
236764
236743
236810
236771
236771
236768
1251
236743
236812
236819
236810
107
140
10640
11054
5551
236770
236764
236832
236764
236770
236778
236764
236770
236778
236764
236800
236764
236825
236764
236771
236764
236812
236764
236770
236770
236764
236832
236764
236828
236764
236770
236770
236764
236810
236764
236770
236771
236764
236828
236764
236810
236764
236770
236764
236819
236764
236819
236764
236810
236764
236810
236764
236771
236764
236770
236770
236764
236832
236764
236832
236764
236828
236764
236770
236771
236764
236770
236771
236764
236832
236764
236800
236764
236825
236764
236770
236770
236764
236819
236764
236770
236778
236764
236771
236764
236819
236764
236832
236764
236770
236764
236771
236764
236800
236764
236819
236764
236832
236764
236770
236771
236764
236832
236764
236828
236764
236771
236764
236828
236764
236770
236778
236764
236771
236764
236819
1604
753
236770
236770
236764
236743
236770
236771
236771
236768
1251
236743
236819
236771
107
140
10640
11054
5551
236825
236764
236770
236778
236764
236832
236764
236778
236764
236832
236764
236770
236764
236832
236764
236770
236778
236764
236770
236778
236764
236819
236764
236810
236764
236828
236764
236800
236764
236770
236778
236764
236828
236764
236825
236764
236828
236764
236828
236764
236828
236764
236770
236770
236764
236770
236771
236764
236770
236770
236764
236825
236764
236812
236764
236770
236764
236770
236770
236764
236770
236770
236764
236770
236778
236764
236800
236764
236819
236764
236828
236764
236832
236764
236828
236764
236828
236764
236770
236764
236825
236764
236770
236771
236764
236800
236764
236825
236764
236771
236764
236810
236764
236771
236764
236819
236764
236770
236770
236764
236771
236764
236819
236764
236832
236764
236828
236764
236770
236771
236764
236828
1604
753
236778
236770
236764
236743
236810
236771
236771
236768
1251
236743
236812
236819
236771
107
140
10640
11054
5551
236770
236771
236764
236819
236764
236819
236764
236770
236764
236832
236764
236832
236764
236771
236764
236800
236764
236832
236764
236812
236764
236770
236770
236764
236770
236764
236812
236764
236812
236764
236825
236764
236771
236764
236771
236764
236778
236764
236819
236764
236770
236778
236764
236825
236764
236810
236764
236819
236764
236770
236770
236764
236819
236764
236771
236764
236770
236764
236825
236764
236825
236764
236770
236764
236778
236764
236825
236764
236819
236764
236832
236764
236800
236764
236828
236764
236810
236764
236810
236764
236770
236778
236764
236800
236764
236819
236764
236810
236764
236825
236764
236800
236764
236770
236770
236764
236771
236764
236770
236771
236764
236770
236770
236764
236810
236764
236770
236771
236764
236810
236764
236828
236764
236770
236771
236764
236771
236764
236800
236764
236771
236764
236800
236764
236819
236764
236800
236764
236810
236764
236770
236778
236764
236819
236764
236819
236764
236770
236764
236825
236764
236770
236771
236764
236770
236764
236828
236764
236770
236771
236764
236812
236764
236819
236764
236770
236770
236764
236825
236764
236819
236764
236770
236778
236764
236770
236771
236764
236828
236764
236832
236764
236810
236764
236770
236764
236819
236764
236800
236764
236778
236764
236770
236778
236764
236819
236764
236810
236764
236828
236764
236800
236764
236832
236764
236771
236764
236810
236764
236825
236764
236770
236771
236764
236812
236764
236770
236778
236764
236819
236764
236770
236771
236764
236832
236764
236770
236771
236764
236819
1604
236743
236770
236764
236743
236770
236771
236771
236771
236768
1251
236743
236770
236771
236771
236771
107
140
10640
11054
5551
236825
236764
236770
236764
236812
236764
236828
236764
236770
236771
236764
236771
236764
236770
236770
236764
236828
236764
236770
236778
236764
236771
236764
236812
236764
236819
236764
236770
236764
236778
236764
236832
236764
236828
236764
236825
236764
236778
236764
236819
236764
236810
236764
236770
236764
236800
236764
236828
236764
236819
236764
236770
236770
236764
236810
236764
236770
236764
236810
236764
236819
236764
236819
236764
236770
236764
236770
236771
236764
236770
236778
236764
236770
236771
236764
236828
236764
236771
236764
236810
236764
236771
236764
236810
236764
236812
1604
236743
236778
236764
236743
236778
236771
236771
236768
1251
236743
236778
236771
236771
107
140
10640
11054
5551
236832
236764
236828
236764
236770
236778
236764
236778
236764
236819
236764
236771
236764
236810
236764
236770
236778
236764
236770
236771
236764
236770
236764
236770
236770
236764
236819
236764
236810
236764
236819
236764
236832
236764
236770
236778
236764
236770
236778
236764
236770
236778
236764
236825
236764
236832
236764
236810
236764
236832
236764
236819
236764
236778
236764
236832
236764
236832
236764
236770
236770
236764
236828
236764
236819
236764
236770
236764
236825
236764
236770
236778
236764
236770
236770
236764
236825
236764
236770
236764
236812
236764
236778
236764
236825
236764
236810
236764
236812
1604
236743
236770
236810
236764
236743
236770
236771
236771
236768
1251
236743
236770
236771
236771
107
140
10640
11054
5551
236832
236764
236812
236764
236810
236764
236778
236764
236770
236778
236764
236812
236764
236778
236764
236828
236764
236828
236764
236770
236778
236764
236778
236764
236800
236764
236770
236778
236764
236771
236764
236770
236771
236764
236770
236764
236810
236764
236810
236764
236771
236764
236825
236764
236770
236771
236764
236832
236764
236819
236764
236828
236764
236770
236778
236764
236825
236764
236832
236764
236825
236764
236819
236764
236812
236764
236812
236764
236770
236764
236819
236764
236770
236770
236764
236819
236764
236832
236764
236810
236764
236771
236764
236812
236764
236800
236764
236825
236764
236770
236764
236770
236771
236764
236770
236771
236764
236800
236764
236770
236771
236764
236825
236764
236771
236764
236770
236764
236778
1604
236743
236812
236812
236764
236743
236778
236771
236771
236768
1251
236743
236771
108
236865
6890
2426
236769
2074
236779
5930
236779
2204
25425
236768
531
1845
7713
236761
107
2717
106
107
105
4368
107
2717
6719
107
2543
28751
1419
4361
109
2063
2631
236779
5930
236779
2204
25425
236769
30457
236787
4361
236840
720
1604
620
236787
801
236764
4576
236787
801
236768
3921
801
236787
107
140
12234
9100
496
1908
236772
11681
127002
529
27536
600
815
614
46741
2324
4745
531
620
107
140
624
114886
506
1698
529
784
1061
4945
2180
34957
4576
236761
107
140
107
140
818
46741
2324
529
496
236743
236771
236772
114473
3499
563
5221
618
506
2324
529
4820
657
236743
107
140
20952
22697
12174
506
2324
529
4820
657
11049
22697
236761
107
140
107
140
13432
236787
107
144
30457
236787
4361
529
1908
236772
27851
25630
568
236770
6605
5980
236769
30457
236768
6605
236743
236770
236810
236771
236764
236743
236771
6605
27536
236840
236747
236842
6605
236743
236770
236778
236768
107
144
236767
236787
23170
46741
2324
15554
236770
236771
236884
236810
6605
620
6605
236743
236770
236771
236884
236810
236768
107
144
17846
236787
38084
6208
1698
568
236770
6605
4576
6605
236743
236810
236771
236771
236771
236768
107
140
107
140
42652
236787
107
144
818
1698
529
506
127002
607
46741
2324
620
600
815
506
5783
107
144
5930
711
34957
4576
236761
15543
753
236770
768
951
1288
127002
7519
236761
107
140
107
140
22539
2631
236779
5930
236779
2204
25425
5551
236770
236764
236743
236778
236764
236743
236800
1604
236743
236778
236764
236743
236770
236771
236768
107
140
236825
107
140
22539
2631
236779
5930
236779
2204
25425
5551
236771
236764
236743
236778
236764
236743
236800
1604
753
236810
236764
236743
236770
236778
236768
107
140
236772
236770
107
140
22539
2631
236779
5930
236779
2204
25425
5551
236778
236764
236743
236778
236764
236743
236800
236764
236743
236800
1604
236743
236771
236764
236743
236819
236768
107
140
236819
107
140
12234
107
140
236749
578
5980
236769
30457
236768
107
140
2074
236779
15981
578
753
236770
107
140
107
140
1708
858
528
2644
236769
236770
2986
538
1473
107
144
2204
25425
578
2977
107
144
1708
673
528
2644
236769
236749
1473
107
148
584
568
236747
8567
673
236768
833
236743
236770
236787
107
152
2204
25425
236761
3770
236769
30457
236840
236804
2812
107
144
107
144
584
711
127002
236787
107
148
23162
107
144
107
144
3404
236779
2330
578
236743
236771
107
144
1708
25085
236764
1152
528
29833
236769
2204
25425
1473
107
148
584
25085
2144
236743
236778
1251
236743
236771
236787
107
152
3404
236779
2330
3323
1152
107
148
4454
236787
107
152
3404
236779
2330
14599
1152
107
144
107
144
584
4466
236779
2330
1251
620
236787
107
148
15981
578
236743
236770
107
148
1708
1152
528
127002
236787
107
152
15981
32162
1152
107
148
107
148
584
13247
6605
4576
236787
107
152
2074
236779
15981
578
2631
236769
2074
236779
15981
236764
13247
236768
107
140
107
140
2060
2631
236779
15981
107
2717
106
107
105
2364
107
11069
3527
5686
8428
506
7713
236761
5715
236789
236751
506
3165
236787
107
17070
1942
568
3374
4803
2246
1774
1473
107
138
3202
137325
236771
236819
236819
127810
236745
236828
91032
236794
236761
2551
827
1757
236743
236770
236771
236819
236764
528
655
7498
236813
107
140
4256
236769
2074
236779
5930
236779
2204
25425
236768
107
138
3202
137325
236771
236819
236819
127810
236745
236828
91032
236794
236761
2551
827
1757
236743
236800
236810
236764
528
2426
107
140
10640
11054
5551
236770
236770
1604
236743
236770
236770
236764
236743
236778
236771
236768
1251
236743
236770
236778
107
147
172109
172109
172109
172109
172109
172109
172109
236884
107
132731
3494
111
2021
136030
236764
672
563
822
4209
236787
8847
506
2269
1292
14187
532
6484
2383
236764
6340
4144
506
1292
4970
532
1786
784
506
7713
236761
5213
10009
5244
98977
4455
232116
99382
108
3048
1374
20151
506
3393
611
12269
528
496
137349
3393
3355
568
1930
31608
236768
568
20890
795
85025
506
3303
5151
236768
106
107
105
4368
107
2717
6719
107
2543
28751
1419
4361
109
2063
2631
236779
5930
236779
2204
25425
236769
30457
236787
4361
236840
720
1604
620
236787
801
236764
4576
236787
801
236768
3921
801
236787
107
140
12234
9100
496
1908
236772
11681
127002
529
27536
600
815
614
46741
2324
4745
531
620
107
140
624
114886
506
1698
529
784
1061
4945
2180
34957
4576
236761
107
140
107
140
818
46741
2324
529
496
236743
236771
236772
114473
3499
563
5221
618
506
2324
529
4820
657
236743
107
140
20952
22697
12174
506
2324
529
4820
657
11049
22697
236761
107
140
107
140
13432
236787
107
144
30457
236787
4361
529
1908
236772
27851
25630
568
236770
6605
5980
236769
30457
236768
6605
236743
236770
236810
236771
236764
236743
236771
6605
27536
236840
236747
236842
6605
236743
236770
236778
236768
107
144
236767
236787
23170
46741
2324
15554
236770
236771
236884
236810
6605
620
6605
236743
236770
236771
236884
236810
236768
107
144
17846
236787
38084
6208
1698
568
236770
6605
4576
6605
236743
236810
236771
236771
236771
236768
107
140
107
140
42652
236787
107
144
818
1698
529
506
127002
607
46741
2324
620
600
815
506
5783
107
144
5930
711
34957
4576
236761
15543
753
236770
768
951
1288
127002
7519
236761
107
140
107
140
22539
2631
236779
5930
236779
2204
25425
5551
236770
236764
236743
236778
236764
236743
236800
1604
236743
236778
236764
236743
236770
236771
236768
107
140
236825
107
140
22539
2631
236779
5930
236779
2204
25425
5551
236771
236764
236743
236778
236764
236743
236800
1604
753
236810
236764
236743
236770
236778
236768
107
140
236772
236770
107
140
22539
2631
236779
5930
236779
2204
25425
5551
236778
236764
236743
236778
236764
236743
236800
236764
236743
236800
1604
236743
236771
236764
236743
236819
236768
107
140
236819
107
140
12234
107
140
236749
578
5980
236769
30457
236768
107
140
2074
236779
15981
578
753
236770
107
140
107
140
1708
858
528
2644
236769
236770
2986
538
1473
107
144
2204
25425
578
2977
107
144
1708
673
528
2644
236769
236749
1473
107
148
584
568
236747
8567
673
236768
833
236743
236770
236787
107
152
2204
25425
236761
3770
236769
30457
236840
236804
2812
107
144
107
144
584
711
127002
236787
107
148
23162
107
144
107
144
3404
236779
2330
578
236743
236771
107
144
1708
25085
236764
1152
528
29833
236769
2204
25425
1473
107
148
584
25085
2144
236743
236778
1251
236743
236771
236787
107
152
3404
236779
2330
3323
1152
107
148
4454
236787
107
152
3404
236779
2330
14599
1152
107
144
107
144
584
4466
236779
2330
1251
620
236787
107
148
15981
578
236743
236770
107
148
1708
1152
528
127002
236787
107
152
15981
32162
1152
107
148
107
148
584
13247
6605
4576
236787
107
152
2074
236779
15981
578
2631
236769
2074
236779
15981
236764
13247
236768
107
140
107
140
2060
2631
236779
15981
107
2717
106
107
105
2364
107
11069
3527
5686
8428
506
7713
236761
5715
236789
236751
506
3165
236787
107
17070
1942
568
3374
4803
2246
1774
1473
107
138
3202
137325
236778
14527
236855
236828
236771
236832
236819
12014
236761
2551
827
1757
236743
236770
236771
236819
236764
528
655
7498
236813
107
140
4256
236769
2074
236779
5930
236779
2204
25425
236768
107
138
3202
137325
236778
14527
236855
236828
236771
236832
236819
12014
236761
2551
827
1757
236743
236800
236810
236764
528
2426
107
140
10640
11054
5551
236770
236770
1604
236743
236770
236770
236764
236743
236778
236771
236768
1251
236743
236770
236778
107
147
172109
172109
172109
172109
172109
172109
172109
236884
107
132731
3494
111
2021
136030
236764
672
563
822
4209
236787
8847
506
2269
1292
14187
532
6484
2383
236764
6340
4144
506
1292
4970
532
1786
784
506
7713
236761
5213
10009
5244
98977
4455
232116
99382
108
3048
1374
20151
506
3393
611
12269
528
496
137349
3393
3355
568
1930
31608
236768
568
20890
795
85025
506
3303
5151
236768
106
107
105
4368
107
2717
6719
107
2543
28751
1419
4361
109
2063
2631
236779
5930
236779
2204
25425
236769
30457
236787
4361
236840
720
1604
620
236787
801
236764
4576
236787
801
236768
3921
801
236787
107
140
12234
9100
496
1908
236772
11681
127002
529
27536
600
815
614
46741
2324
4745
531
620
107
140
624
114886
506
1698
529
784
1061
4945
2180
34957
4576
236761
107
140
107
140
818
46741
2324
529
496
236743
236771
236772
114473
3499
563
5221
618
506
2324
529
4820
657
236743
107
140
20952
22697
12174
506
2324
529
4820
657
11049
22697
236761
107
140
107
140
13432
236787
107
144
30457
236787
4361
529
1908
236772
27851
25630
568
236770
6605
5980
236769
30457
236768
6605
236743
236770
236810
236771
236764
236743
236771
6605
27536
236840
236747
236842
6605
236743
236770
236778
236768
107
144
236767
236787
23170
46741
2324
15554
236770
236771
236884
236810
6605
620
6605
236743
236770
236771
236884
236810
236768
107
144
17846
236787
38084
6208
1698
568
236770
6605
4576
6605
236743
236810
236771
236771
236771
236768
107
140
107
140
42652
236787
107
144
818
1698
529
506
127002
607
46741
2324
620
600
815
506
5783
107
144
5930
711
34957
4576
236761
15543
753
236770
768
951
1288
127002
7519
236761
107
140
107
140
22539
2631
236779
5930
236779
2204
25425
5551
236770
236764
236743
236778
236764
236743
236800
1604
236743
236778
236764
236743
236770
236771
236768
107
140
236825
107
140
22539
2631
236779
5930
236779
2204
25425
5551
236771
236764
236743
236778
236764
236743
236800
1604
753
236810
236764
236743
236770
236778
236768
107
140
236772
236770
107
140
22539
2631
236779
5930
236779
2204
25425
5551
236778
236764
236743
236778
236764
236743
236800
236764
236743
236800
1604
236743
236771
236764
236743
236819
236768
107
140
236819
107
140
12234
107
140
236749
578
5980
236769
30457
236768
107
140
2074
236779
15981
578
753
236770
107
140
107
140
1708
858
528
2644
236769
236770
2986
538
1473
107
144
2204
25425
578
2977
107
144
1708
673
528
2644
236769
236749
1473
107
148
584
568
236747
8567
673
236768
833
236743
236770
236787
107
152
2204
25425
236761
3770
236769
30457
236840
236804
2812
107
144
107
144
584
711
127002
236787
107
148
23162
107
144
107
144
3404
236779
2330
578
236743
236771
107
144
1708
25085
236764
1152
528
29833
236769
2204
25425
1473
107
148
584
25085
2144
236743
236778
1251
236743
236771
236787
107
152
3404
236779
2330
3323
1152
107
148
4454
236787
107
152
3404
236779
2330
14599
1152
107
144
107
144
584
4466
236779
2330
1251
620
236787
107
148
15981
578
236743
236770
107
148
1708
1152
528
127002
236787
107
152
15981
32162
1152
107
148
107
148
584
13247
6605
4576
236787
107
152
2074
236779
15981
578
2631
236769
2074
236779
15981
236764
13247
236768
107
140
107
140
2060
2631
236779
15981
107
2717
106
107