105
2364
107
6190
506
2269
1292
14187
532
6484
2383
236764
6340
4144
506
1292
4970
532
1786
784
506
7713
236761
5213
10009
5244
98977
4455
232116
99382
108
3048
1374
20151
506
3393
611
12269
528
496
137349
3393
3355
568
1930
31608
236768
568
20890
795
85025
506
3303
5151
236768
108
2717
107
2063
1527
236779
236767
236779
13463
724
660
525
236779
34488
236769
236749
236787
801
236764
620
236787
801
236768
3921
801
236787
107
140
12234
4308
506
1548
529
1535
25630
7906
7121
538
26798
236761
107
140
107
140
2267
11995
1123
563
2760
620
236772
13463
724
660
525
768
236787
107
140
236772
1123
563
496
142193
568
57103
506
1638
55138
532
44615
236768
107
140
236772
1123
563
69330
684
620
107
140
107
140
2267
11995
563
2760
1535
768
1061
26798
740
577
148746
531
1183
496
620
236772
13463
724
660
525
11995
236761
107
140
107
140
10282
236787
78808
9964
1921
711
735
5830
36509
236764
13637
1680
6271
1308
103384
236761
107
140
107
140
13432
236787
107
144
236749
236787
669
1548
529
26798
568
236770
6605
538
6605
236743
236770
236771
236768
107
144
236767
236787
669
50289
573
620
236772
13463
724
660
525
3670
568
236770
6605
620
6605
236743
236819
236768
107
140
107
140
42652
236787
107
144
818
1527
529
1535
25630
607
7121
538
26798
107
140
107
140
22539
1527
236779
236767
236779
13463
724
660
525
236779
34488
236769
236800
236764
236743
236810
236768
107
140
236778
236832
107
140
22539
1527
236779
236767
236779
13463
724
660
525
236779
34488
236769
236770
236764
236743
236812
236768
107
140
236778
107
140
22539
1527
236779
236767
236779
13463
724
660
525
236779
34488
236769
236810
236764
236743
236825
236768
107
140
236778
236812
236825
236828
107
140
12234
108
2063
2426
236769
65127
1473
107
140
236865
5803
3636
699
8698
107
140
10640
11054
236769
236800
236764
236743
236810
236768
1251
236743
236778
236832
107
140
10640
11054
236769
236770
236764
236743
236812
236768
1251
236743
236778
107
140
10640
11054
236769
236810
236764
236743
236825
236768
1251
236743
236778
236812
236825
236828
107
140
107
140
236865
25275
1594
3636
107
140
10640
11054
236769
236770
236764
236743
236810
236768
1251
236743
236770
107
140
10640
11054
236769
236770
236764
236743
236800
236768
1251
236743
236800
107
140
10640
11054
236769
236770
236771
236764
236743
236778
236768
1251
236743
236800
236819
236832
236770
236828
236770
236812
236812
107
140
10640
11054
236769
236770
236764
236743
236825
236768
1251
236743
236770
107
140
10640
11054
236769
236825
236764
236743
236828
236768
1251
236743
236810
236778
236778
236778
107
140
10640
11054
236769
236819
236764
236743
236819
236768
1251
236743
236812
236825
236778
236800
236770
236770
236819
107
140
10640
11054
236769
236825
236764
236743
236825
236768
1251
236743
236800
236770
236771
236819
107
140
10640
11054
236769
236770
236764
236743
236832
236768
1251
236743
236770
107
140
10640
11054
236769
236778
236764
236743
236828
236768
1251
236743
236770
107
140
10640
11054
236769
236778
236764
236743
236778
236768
1251
236743
236812
107
140
10640
11054
236769
236800
236764
236743
236812
236768
1251
236743
236810
236812
107
140
10640
11054
236769
236800
236764
236743
236778
236768
1251
236743
236770
236771
236828
107
140
10640
11054
236769
236770
236764
236743
236770
236768
1251
236743
236819
107
140
10640
11054
236769
236770
236771
236764
236743
236770
236768
1251
236743
236812
236770
236812
236810
236832
236771
236778
236812
107
140
10640
11054
236769
236778
236764
236743
236832
236768
1251
236743
236770
107
140
10640
11054
236769
236778
236764
236743
236825
236768
1251
236743
236770
107
140
10640
11054
236769
236770
236771
236764
236743
236810
236768
1251
236743
236770
236819
236778
236828
236812
236828
236810
236825
107
140
10640
11054
236769
236819
236764
236743
236812
236768
1251
236743
236800
236800
236770
236832
236810
236825
236819
236825
107
140
10640
11054
236769
236828
236764
236743
236812
236768
1251
236743
236812
236819
236812
236828
236770
236828
107
140
10640
11054
236769
236800
236764
236743
236825
236768
1251
236743
236800
236771
107
140
10640
11054
236769
236819
236764
236743
236810
236768
1251
236743
236770
236810
236828
236770
236812
236771
236832
236770
107
140
10640
11054
236769
236778
236764
236743
236819
236768
1251
236743
236770
107
140
10640
11054
236769
236770
236764
236743
236819
236768
1251
236743
236770
107
140
10640
11054
236769
236770
236771
236764
236743
236812
236768
1251
236743
236800
236832
236800
236778
236825
236812
236810
236778
107
140
10640
11054
236769
236800
236764
236743
236800
236768
1251
236743
236825
236819
107
140
10640
11054
236769
236828
236764
236743
236770
236768
1251
236743
236825
236770
236832
236812
236832
236778
107
140
10640
11054
236769
236770
236771
236764
236743
236800
236768
1251
236743
236770
236800
236828
236800
236770
236770
236771
236812
107
140
10640
11054
236769
236819
236764
236743
236828
236768
1251
236743
236800
236771
236832
236832
236770
236810
236812
236800
107
140
10640
11054
236769
236819
236764
236743
236832
236768
1251
236743
236800
236825
236832
236828
236819
236812
236812
236832
107
140
10640
11054
236769
236770
236771
236764
236743
236828
236768
1251
236743
236800
236810
236832
236810
236810
236819
236771
236825
107
140
10640
11054
236769
236778
236764
236743
236800
236768
1251
236743
236800
107
140
10640
11054
236769
236770
236771
236764
236743
236825
236768
1251
236743
236770
236800
236778
236812
236819
236832
236819
236828
107
140
10640
11054
236769
236819
236764
236743
236825
236768
1251
236743
236770
236778
236812
236832
236825
236825
236819
236825
107
140
10640
11054
236769
236770
236771
236764
236743
236832
236768
1251
236743
236812
236771
236778
236812
236778
236771
236800
236770
107
140
10640
11054
236769
236770
236771
236764
236743
236819
236768
1251
236743
236812
236825
236770
236771
236800
236825
236828
107
140
10640
11054
236769
236810
236764
236743
236819
236768
1251
236743
236770
236770
236819
236770
108
236865
6890
2426
236769
2861
236779
236767
236779
13463
724
660
525
236779
34488
236768
531
1845
7713
236761
107
2717
106
107
105
4368
107
2717
6719
107
2063
1527
236779
236767
236779
13463
724
660
525
236779
34488
236769
236749
236787
801
236764
620
236787
801
236768
3921
801
236787
107
140
12234
4308
506
1548
529
1535
25630
7906
7121
538
26798
236761
107
140
107
140
2267
11995
1123
563
2760
620
236772
13463
724
660
525
768
236787
107
140
236772
1123
563
496
142193
568
57103
506
1638
55138
532
44615
236768
107
140
236772
1123
563
69330
684
620
107
140
107
140
2267
11995
563
2760
1535
768
1061
26798
740
577
148746
531
1183
496
620
236772
13463
724
660
525
11995
236761
107
140
107
140
10282
236787
78808
9964
1921
711
735
5830
36509
236764
13637
1680
6271
1308
103384
236761
107
140
107
140
13432
236787
107
144
236749
236787
669
1548
529
26798
568
236770
6605
538
6605
236743
236770
236771
236768
107
144
236767
236787
669
50289
573
620
236772
13463
724
660
525
3670
568
236770
6605
620
6605
236743
236819
236768
107
140
107
140
42652
236787
107
144
818
1527
529
1535
25630
607
7121
538
26798
107
140
107
140
22539
1527
236779
236767
236779
13463
724
660
525
236779
34488
236769
236800
236764
236743
236810
236768
107
140
236778
236832
107
140
22539
1527
236779
236767
236779
13463
724
660
525
236779
34488
236769
236770
236764
236743
236812
236768
107
140
236778
107
140
22539
1527
236779
236767
236779
13463
724
660
525
236779
34488
236769
236810
236764
236743
236825
236768
107
140
236778
236812
236825
236828
107
140
12234
107
140
584
538
1251
236743
236770
236787
107
144
584
620
1251
236743
236770
236787
107
148
2060
236743
236819
107
144
4454
236787
107
148
2060
236743
236770
768
620
6605
236743
236819
1663
236743
236771
107
140
107
140
584
538
1251
236743
236778
236787
107
144
584
620
1251
236743
236770
236787
107
148
2060
236743
236819
107
144
36208
620
1251
236743
236778
236787
107
148
2060
236743
236812
107
144
36208
620
1251
236743
236800
236787
107
148
2060
236743
236800
107
144
36208
620
1251
236743
236812
236787
107
148
2060
236743
236778
107
144
36208
620
1251
236743
236810
236787
107
148
2060
236743
236770
107
144
36208
620
1251
236743
236825
236787
107
148
2060
236743
236770
107
144
36208
620
1251
236743
236832
236787
107
148
2060
236743
236770
107
144
36208
620
1251
236743
236828
236787
107
148
2060
236743
236770
107
144
36208
620
1251
236743
236819
236787
107
148
2060
236743
236770
107
144
107
140
584
538
1251
236743
236800
532
620
1251
236743
236810
236787
107
144
2060
236743
236778
236832
107
140
107
140
584
538
1251
236743
236810
532
620
1251
236743
236825
236787
107
144
2060
236743
236778
236812
236825
236828
107
140
107
140
584
538
1251
236743
236770
236771
532
620
1251
236743
236778
236787
107
144
2060
236743
236800
236819
236832
236770
236828
236770
236812
236812
107
140
107
140
584
538
1251
236743
236825
532
620
1251
236743
236825
236787
107
144
2060
236743
236800
236770
236771
236819
107
144
107
140
584
538
1251
236743
236800
532
620
1251
236743
236812
236787
107
144
2060
236743
236810
236812
107
144
107
140
584
538
1251
236743
236800
532
620
1251
236743
236778
236787
107
144
2060
236743
236770
236771
236828
107
140
107
140
584
538
1251
236743
236770
236771
532
620
1251
236743
236770
236787
107
144
2060
236743
236812
236770
236812
236810
236832
236771
236778
236812
107
140
107
140
107
140
2861
578
236743
236771
107
140
107
140
584
538
2144
236743
236778
1251
236743
236771
236787
107
144
19836
236779
236749
578
538
973
236743
236778
107
144
107
144
1708
858
528
2644
236769
236770
236771
1018
19836
236779
236749
1473
107
148
236751
578
1540
236769
236747
236768
107
148
227147
578
503
900
503
186487
236770
236842
107
148
584
801
236769
227147
236768
2144
620
1251
236743
236771
236787
107
152
2861
3323
236743
236770
107
140
4454
236787
107
144
19836
236779
236749
578
538
973
236743
236778
107
144
107
144
1708
858
528
2644
236769
236770
236771
1018
19836
236779
236749
1473
107
148
236751
578
1540
236769
236747
236768
107
148
1708
673
528
2644
236769
236770
236771
1473
107
152
227147
578
503
900
1540
236769
236804
236768
900
503
186487
236770
236842
107
152
584
801
236769
227147
236768
2144
620
1251
236743
236771
236787
107
156
2861
3323
236743
236770
107
156
107
140
2060
1527
107
2717
106
107
105
2364
107
11069
3527
5686
8428
506
7713
236761
5715
236789
236751
506
3165
236787
107
17070
1942
568
3374
4803
2246
1774
1473
107
138
3202
137325
236780
5035
236828
236794
19397
236797
236832
236810
236761
2551
827
1757
236743
236770
236825
236810
236764
528
655
7498
236813
107
140
4256
236769
2861
236779
236767
236779
13463
724
660
525
236779
34488
236768
107
138
3202
137325
236780
5035
236828
236794
19397
236797
236832
236810
236761
2551
827
1757
236743
236800
236771
236764
528
2426
107
140
10640
11054
236769
236770
236764
236743
236812
236768
1251
236743
236778
107
147
172109
172109
172109
172109
172109
107
132731
3494
111
2021
136030
236764
672
563
822
4209
236787
8847
506
2269
1292
14187
532
6484
2383
236764
6340
4144
506
1292
4970
532
1786
784
506
7713
236761
5213
10009
5244
98977
4455
232116
99382
108
3048
1374
20151
506
3393
611
12269
528
496
137349
3393
3355
568
1930
31608
236768
568
20890
795
85025
506
3303
5151
236768
106
107
105
4368
107
2717
6719
107
2063
1527
236779
236767
236779
13463
724
660
525
236779
34488
236769
236749
236787
801
236764
620
236787
801
236768
3921
801
236787
107
140
12234
4308
506
1548
529
1535
25630
7906
7121
538
26798
236761
107
140
107
140
2267
11995
1123
563
2760
620
236772
13463
724
660
525
768
236787
107
140
236772
1123
563
496
142193
568
57103
506
1638
55138
532
44615
236768
107
140
236772
1123
563
69330
684
620
107
140
107
140
2267
11995
563
2760
1535
768
1061
26798
740
577
148746
531
1183
496
620
236772
13463
724
660
525
11995
236761
107
140
107
140
10282
236787
78808
9964
1921
711
735
5830
36509
236764
13637
1680
6271
1308
103384
236761
107
140
107
140
13432
236787
107
144
236749
236787
669
1548
529
26798
568
236770
6605
538
6605
236743
236770
236771
236768
107
144
236767
236787
669
50289
573
620
236772
13463
724
660
525
3670
568
236770
6605
620
6605
236743
236819
236768
107
140
107
140
42652
236787
107
144
818
1527
529
1535
25630
607
7121
538
26798
107
140
107
140
22539
1527
236779
236767
236779
13463
724
660
525
236779
34488
236769
236800
236764
236743
236810
236768
107
140
236778
236832
107
140
22539
1527
236779
236767
236779
13463
724
660
525
236779
34488
236769
236770
236764
236743
236812
236768
107
140
236778
107
140
22539
1527
236779
236767
236779
13463
724
660
525
236779
34488
236769
236810
236764
236743
236825
236768
107
140
236778
236812
236825
236828
107
140
12234
107
140
584
538
1251
236743
236770
236787
107
144
2060
236743
236770
768
620
2144
236743
236770
1251
236743
236771
1663
236743
236771
107
140
107
140
584
538
1251
236743
236778
236787
107
144
2861
578
236743
236771
107
144
1708
858
528
2644
236769
236770
236764
236743
236770
236771
1473
107
148
584
568
236770
236771
808
858
900
858
236768
2144
620
1251
236743
236771
236787
107
152
2861
3323
236743
236770
107
144
2060
1527
107
140
107
140
584
538
1251
236743
236800
532
620
1251
236743
236810
236787
107
144
2060
236743
236778
236832
107
140
107
140
584
538
1251
236743
236810
532
620
1251
236743
236825
236787
107
144
2060
236743
236778
236812
236825
236828
107
140
107
140
584
538
1251
236743
236770
236771
532
620
1251
236743
236778
236787
107
144
2060
236743
236800
236819
236832
236770
236828
236770
236812
236812
107
140
107
140
584
538
1251
236743
236825
532
620
1251
236743
236825
236787
107
144
2060
236743
236800
236770
236771
236819
107
144
107
140
584
538
1251
236743
236800
532
620
1251
236743
236812
236787
107
144
2060
236743
236810
236812
107
144
107
140
584
538
1251
236743
236800
532
620
1251
236743
236778
236787
107
144
2060
236743
236770
236771
236828
107
140
107
140
584
538
1251
236743
236770
236771
532
620
1251
236743
236770
236787
107
144
2060
236743
236812
236770
236812
236810
236832
236771
236778
236812
107
140
107
140
2861
578
236743
236771
107
140
584
538
2144
236743
236778
1251
236743
236771
236787
107
144
19836
236779
236749
578
538
973
236743
236778
107
144
3041
578
236743
236770
236771
177906
19836
236779
236749
753
236743
236770
236768
768
3746
236779
236749
1890
236743
236771
1663
236743
236770
107
144
643
578
236743
236770
236771
1018
19836
236779
236749
107
144
107
144
1708
858
528
2644
236769
3041
236764
1345
1473
107
148
236751
578
1540
236769
236747
236768
107
148
227147
578
503
900
503
186487
236770
236842
107
148
584
801
236769
227147
236768
2144
620
1251
236743
236771
532
5980
236769
227147
236768
1251
538
236787
107
152
2861
3323
236743
236770
107
140
4454
236787
107
144
19836
236779
236749
578
538
973
236743
236778
107
144
3041
578
236743
236770
236771
177906
19836
236779
236749
753
236743
236770
236768
768
3746
236779
236749
1890
236743
236771
1663
236743
236770
107
144
643
578
236743
236770
236771
1018
19836
236779
236749
107
144
107
144
1708
858
528
2644
236769
3041
236764
1345
1473
107
148
236751
578
1540
236769
236747
236768
107
148
1708
673
528
2644
236769
236770
236771
1473
107
152
227147
578
503
900
1540
236769
236804
236768
900
503
186487
236770
236842
107
152
584
5980
236769
227147
236768
1251
538
532
801
236769
227147
236768
2144
620
1251
236743
236771
236787
107
156
2861
3323
236743
236770
107
140
2060
1527
107
2717
106
107
105
2364
107
11069
3527
5686
8428
506
7713
236761
5715
236789
236751
506
3165
236787
107
17070
1942
568
3374
4803
2246
1774
1473
107
138
3202
137325
16877
3626
12622
236781
236819
139732
236761
2551
827
1757
236743
236770
236810
236771
236764
528
655
7498
236813
107
140
4256
236769
2861
236779
236767
236779
13463
724
660
525
236779
34488
236768
107
138
3202
137325
16877
3626
12622
236781
236819
139732
236761
2551
827
1757
236743
236800
236771
236764
528
2426
107
140
10640
11054
236769
236770
236764
236743
236812
236768
1251
236743
236778
107
147
172109
172109
172109
172109
172109
107
132731
3494
111
2021
136030
236764
672
563
822
4209
236787
8847
506
2269
1292
14187
532
6484
2383
236764
6340
4144
506
1292
4970
532
1786
784
506
7713
236761
5213
10009
5244
98977
4455
232116
99382
108
3048
1374
20151
506
3393
611
12269
528
496
137349
3393
3355
568
1930
31608
236768
568
20890
795
85025
506
3303
5151
236768
106
107
105
4368
107
2717
6719
107
2063
1527
236779
236767
236779
13463
724
660
525
236779
34488
236769
236749
236787
801
236764
620
236787
801
236768
3921
801
236787
107
140
12234
4308
506
1548
529
1535
25630
7906
7121
538
26798
236761
107
140
107
140
2267
11995
1123
563
2760
620
236772
13463
724
660
525
768
236787
107
140
236772
1123
563
496
142193
568
57103
506
1638
55138
532
44615
236768
107
140
236772
1123
563
69330
684
620
107
140
107
140
2267
11995
563
2760
1535
768
1061
26798
740
577
148746
531
1183
496
620
236772
13463
724
660
525
11995
236761
107
140
107
140
10282
236787
78808
9964
1921
711
735
5830
36509
236764
13637
1680
6271
1308
103384
236761
107
140
107
140
13432
236787
107
144
236749
236787
669
1548
529
26798
568
236770
6605
538
6605
236743
236770
236771
236768
107
144
236767
236787
669
50289
573
620
236772
13463
724
660
525
3670
568
236770
6605
620
6605
236743
236819
236768
107
140
107
140
42652
236787
107
144
818
1527
529
1535
25630
607
7121
538
26798
107
140
107
140
22539
1527
236779
236767
236779
13463
724
660
525
236779
34488
236769
236800
236764
236743
236810
236768
107
140
236778
236832
107
140
22539
1527
236779
236767
236779
13463
724
660
525
236779
34488
236769
236770
236764
236743
236812
236768
107
140
236778
107
140
22539
1527
236779
236767
236779
13463
724
660
525
236779
34488
236769
236810
236764
236743
236825
236768
107
140
236778
236812
236825
236828
107
140
12234
107
140
584
538
1251
236743
236770
236787
107
144
2060
236743
236770
768
620
2144
236743
236770
1251
236743
236771
1663
236743
236771
108
140
584
538
1251
236743
236778
236787
107
144
2861
578
236743
236771
107
144
1708
858
528
2644
236769
236770
236764
236743
236770
236771
1473
107
148
584
568
236770
236771
808
858
900
858
236768
2144
620
1251
236743
236771
236787
107
152
2861
3323
236743
236770
107
144
2060
1527
108
140
584
538
1251
236743
236800
532
620
1251
236743
236810
236787
107
144
2060
236743
236778
236832
108
140
584
538
1251
236743
236810
532
620
1251
236743
236825
236787
107
144
2060
236743
236778
236812
236825
236828
108
140
584
538
1251
236743
236770
236771
532
620
1251
236743
236778
236787
107
144
2060
236743
236800
236819
236832
236770
236828
236770
236812
236812
108
140
584
538
1251
236743
236825
532
620
1251
236743
236825
236787
107
144
2060
236743
236800
236770
236771
236819
108
140
584
538
1251
236743
236800
532
620
1251
236743
236812
236787
107
144
2060
236743
236810
236812
108
140
584
538
1251
236743
236800
532
620
1251
236743
236778
236787
107
144
2060
236743
236770
236771
236828
108
140
584
538
1251
236743
236770
236771
532
620
1251
236743
236770
236787
107
144
2060
236743
236812
236770
236812
236810
236832
236771
236778
236812
108
140
2861
578
236743
236771
107
140
584
538
2144
236743
236778
1251
236743
236771
236787
107
144
19836
236779
236749
578
538
973
236743
236778
107
144
1708
858
528
2644
236769
236770
236771
177906
19836
236779
236749
753
236743
236770
236768
768
3746
236779
236749
1890
236743
236771
1663
236743
236770
236764
236743
236770
236771
1018
19836
236779
236749
1473
107
148
236751
578
1540
236769
236747
236768
107
148
227147
578
503
900
503
186487
236770
236842
107
148
584
5980
236769
227147
236768
1251
538
532
801
236769
227147
236768
2144
620
1251
236743
236771
236787
107
152
2861
3323
236743
236770
107
140
4454
236787
107
144
19836
236779
236749
578
538
973
236743
236778
107
144
1708
858
528
2644
236769
236770
236771
177906
19836
236779
236749
753
236743
236770
236768
768
3746
236779
236749
1890
236743
236771
1663
236743
236770
236764
236743
236770
236771
1018
19836
236779
236749
1473
107
148
236751
578
1540
236769
236747
236768
107
148
1708
673
528
2644
236769
236770
236771
1473
107
152
227147
578
503
900
1540
236769
236804
236768
900
503
186487
236770
236842
107
152
584
5980
236769
227147
236768
1251
538
532
801
236769
227147
236768
2144
620
1251
236743
236771
236787
107
156
2861
3323
236743
236770
107
140
2060
1527
107
2717
106
107