105
2364
107
6190
506
2269
1292
14187
532
6484
2383
236764
6340
4144
506
1292
4970
532
1786
784
506
7713
236761
5213
10009
5244
98977
4455
232116
99382
108
3048
1374
20151
506
3393
611
12269
528
496
137349
3393
3355
568
1930
31608
236768
568
20890
795
85025
506
3303
5151
236768
108
2717
107
2543
28751
1419
4361
109
2063
1322
236779
829
236779
2234
236779
2086
236769
236749
236787
801
236764
1698
236779
5900
236787
4361
236840
1714
2812
3921
801
236787
107
140
12234
17770
496
1694
529
1698
5618
568
17136
17520
529
7121
236743
236778
46451
11739
779
107
140
4114
506
7081
1548
529
16587
4354
528
614
65799
1694
1288
600
236787
107
140
236772
7714
1698
1463
7412
618
496
85440
528
657
3198
886
2483
528
506
1694
107
140
236772
2301
2483
528
506
1694
6097
1027
236743
236778
236772
13143
85440
600
563
711
496
1698
1463
107
140
107
140
61813
740
577
8254
684
194024
1698
5618
600
4024
496
6064
236743
107
140
236769
236744
236761
236759
1126
623
3066
236775
532
623
5901
236775
740
1183
623
31348
4248
107
140
107
140
13432
236787
107
144
236749
236787
9661
529
1698
5618
568
236770
6605
538
6605
236743
236778
236825
236884
236778
236768
107
144
5930
236779
5900
236787
4361
529
538
9245
16587
236764
1546
529
3861
236743
236778
607
46451
11739
107
140
107
140
42652
236787
107
144
818
7081
1548
529
16587
4354
528
506
65799
1694
107
140
107
140
22539
1322
236779
829
236779
2234
236779
2086
236769
236832
236764
7756
3066
963
756
5901
963
756
5635
963
756
6329
963
756
4070
963
756
7332
963
756
11002
10190
107
140
236800
107
140
22539
1322
236779
829
236779
2234
236779
2086
236769
236810
236764
7756
2714
963
756
5901
963
756
6329
963
756
4070
963
756
7332
10190
107
140
236778
107
140
22539
1322
236779
829
236779
2234
236779
2086
236769
236825
236764
7756
3066
963
756
2714
963
756
26204
963
756
2466
963
756
6270
963
756
6552
10190
107
140
236770
107
140
12234
108
2063
2426
236769
65127
1473
107
140
236865
5803
3636
699
506
2608
107
140
10640
11054
236769
236832
236764
7756
3066
963
756
5901
963
756
5635
963
756
6329
963
756
4070
963
756
7332
963
756
11002
10190
1251
236743
236800
107
140
10640
11054
236769
236810
236764
7756
2714
963
756
5901
963
756
6329
963
756
4070
963
756
7332
10190
1251
236743
236778
107
140
10640
11054
236769
236825
236764
7756
3066
963
756
2714
963
756
26204
963
756
2466
963
756
6270
963
756
6552
10190
1251
236743
236770
107
140
107
140
236865
25275
1594
3636
107
140
10640
11054
236769
236812
236819
236764
7756
30496
963
756
187241
963
756
4033
963
756
39907
963
756
93537
963
756
40264
963
756
172679
963
756
11818
963
756
5094
963
756
189080
963
756
11998
963
756
7018
963
756
120206
963
756
164367
963
756
5495
963
756
79463
963
756
14616
963
756
36825
963
756
33186
963
756
8686
963
756
80055
963
756
20211
963
756
11002
963
756
7750
963
756
40797
963
756
16649
963
756
85703
963
756
12971
963
756
23390
963
756
23551
963
756
13200
963
756
80166
963
756
57137
963
756
12553
963
756
4490
963
756
29547
963
756
1768
963
756
39399
963
756
206393
963
756
22897
963
756
3129
963
756
11962
963
756
20074
963
756
33990
963
756
5153
963
756
127205
963
756
40325
963
756
11284
963
756
10904
10190
1251
236743
236778
236800
107
140
107
140
10640
11054
236769
236770
236778
236764
7756
8686
963
756
7172
963
756
9575
963
756
10421
963
756
8395
963
756
58565
963
756
15462
963
756
2182
963
756
165137
963
756
36825
963
756
96565
963
756
76845
10190
1251
236743
236828
107
140
107
140
10640
11054
236769
236810
236764
7756
22547
963
756
2182
963
756
39907
963
756
58093
963
756
20804
10190
1251
236743
236812
107
140
107
140
10640
11054
236769
236770
236778
236764
7756
173435
963
756
11526
963
756
5672
963
756
114699
963
756
36991
963
756
115240
963
756
19763
963
756
29214
963
756
15513
963
756
2073
963
756
17956
963
756
101722
10190
1251
236743
236770
236778
107
140
107
140
10640
11054
236769
236770
236770
236764
7756
15462
963
756
58093
963
756
80166
963
756
4490
963
756
3129
963
756
33990
963
756
11002
963
756
20804
963
756
4033
963
756
8395
963
756
40797
10190
1251
236743
236828
107
140
107
140
10640
11054
236769
236770
236764
7756
10524
10190
1251
236743
236770
107
140
107
140
10640
11054
236769
236778
236825
236764
7756
48976
963
756
10421
963
756
8686
963
756
8395
963
756
13200
963
756
33990
963
756
5495
963
756
39907
963
756
20804
963
756
46489
963
756
2182
963
756
11002
963
756
58093
963
756
40325
963
756
14616
963
756
58565
963
756
4033
963
756
21738
963
756
15462
963
756
4490
963
756
96565
963
756
30389
963
756
3129
963
756
36825
963
756
40797
963
756
80166
10190
1251
236743
236778
236825
108
236865
6890
2426
236769
1387
236779
829
236779
2234
236779
2086
236768
531
1845
7713
236761
107
2717
106
107
105
4368
107
2717
6719
107
2543
28751
1419
4361
109
2063
1322
236779
829
236779
2234
236779
2086
236769
236749
236787
801
236764
1698
236779
5900
236787
4361
236840
1714
2812
3921
801
236787
107
140
12234
17770
496
1694
529
1698
5618
568
17136
17520
529
7121
236743
236778
46451
11739
779
107
140
4114
506
7081
1548
529
16587
4354
528
614
65799
1694
1288
600
236787
107
140
236772
7714
1698
1463
7412
618
496
85440
528
657
3198
886
2483
528
506
1694
107
140
236772
2301
2483
528
506
1694
6097
1027
236743
236778
236772
13143
85440
600
563
711
496
1698
1463
107
140
107
140
61813
740
577
8254
684
194024
1698
5618
600
4024
496
6064
236743
107
140
236769
236744
236761
236759
1126
623
3066
236775
532
623
5901
236775
740
1183
623
31348
4248
107
140
107
140
13432
236787
107
144
236749
236787
9661
529
1698
5618
568
236770
6605
538
6605
236743
236778
236825
236884
236778
236768
107
144
5930
236779
5900
236787
4361
529
538
9245
16587
236764
1546
529
3861
236743
236778
607
46451
11739
107
140
107
140
42652
236787
107
144
818
7081
1548
529
16587
4354
528
506
65799
1694
107
140
107
140
22539
1322
236779
829
236779
2234
236779
2086
236769
236832
236764
7756
3066
963
756
5901
963
756
5635
963
756
6329
963
756
4070
963
756
7332
963
756
11002
10190
107
140
236800
107
140
22539
1322
236779
829
236779
2234
236779
2086
236769
236810
236764
7756
2714
963
756
5901
963
756
6329
963
756
4070
963
756
7332
10190
107
140
236778
107
140
22539
1322
236779
829
236779
2234
236779
2086
236769
236825
236764
7756
3066
963
756
2714
963
756
26204
963
756
2466
963
756
6270
963
756
6552
10190
107
140
236770
107
140
12234
107
140
584
538
1251
236743
236770
236787
107
144
2060
236743
236770
107
140
584
538
1251
236743
236778
236825
236787
107
144
2060
236743
236778
236825
107
140
584
538
1251
236743
236825
532
1698
236779
5900
1251
7756
3066
963
756
2714
963
756
26204
963
756
2466
963
756
6270
963
756
6552
46900
107
144
2060
236743
236770
107
140
584
538
1251
236743
236810
532
1698
236779
5900
1251
7756
2714
963
756
5901
963
756
6329
963
756
4070
963
756
7332
46900
107
144
2060
236743
236778
107
140
584
538
1251
236743
236832
532
1698
236779
5900
1251
7756
3066
963
756
5901
963
756
5635
963
756
6329
963
756
4070
963
756
7332
963
756
11002
46900
107
144
2060
236743
236800
107
140
107
140
584
538
1251
236743
236812
236819
532
1698
236779
5900
1251
7756
30496
963
756
187241
963
756
4033
963
756
39907
963
756
93537
963
756
40264
963
756
172679
963
756
11818
963
756
5094
963
756
189080
963
756
11998
963
756
7018
963
756
120206
963
756
164367
963
756
5495
963
756
79463
963
756
14616
963
756
36825
963
756
33186
963
756
8686
963
756
80055
963
756
20211
963
756
11002
963
756
7750
963
756
40797
963
756
16649
963
756
85703
963
756
12971
963
756
23390
963
756
23551
963
756
13200
963
756
80166
963
756
57137
963
756
12553
963
756
4490
963
756
29547
963
756
1768
963
756
39399
963
756
206393
963
756
22897
963
756
3129
963
756
11962
963
756
20074
963
756
33990
963
756
5153
963
756
127205
963
756
40325
963
756
11284
963
756
10904
46900
107
144
2060
236743
236778
236800
107
140
107
140
584
538
1251
236743
236770
236778
532
1698
236779
5900
1251
7756
173435
963
756
11526
963
756
5672
963
756
114699
963
756
36991
963
756
115240
963
756
19763
963
756
29214
963
756
15513
963
756
2073
963
756
17956
963
756
101722
46900
107
144
2060
236743
236770
236778
107
140
107
140
584
538
1251
236743
236810
532
1698
236779
5900
1251
7756
22547
963
756
2182
963
756
39907
963
756
58093
963
756
20804
46900
107
144
2060
236743
236812
108
140
584
538
1251
236743
236770
236778
532
1698
236779
5900
1251
7756
8686
963
756
7172
963
756
9575
963
756
10421
963
756
8395
963
756
58565
963
756
15462
963
756
2182
963
756
165137
963
756
36825
963
756
96565
963
756
76845
46900
107
144
2060
236743
236828
107
140
107
140
584
538
1251
236743
236770
236770
532
1698
236779
5900
1251
7756
15462
963
756
58093
963
756
80166
963
756
4490
963
756
3129
963
756
33990
963
756
11002
963
756
20804
963
756
4033
963
756
8395
963
756
40797
46900
107
144
2060
236743
236828
107
140
107
140
584
538
1251
236743
236770
236787
107
142
2060
236743
236770
107
140
107
140
2060
538
107
2717
106
107