105
2364
107
6190
506
2269
1292
14187
532
6484
2383
236764
6340
4144
506
1292
4970
532
1786
784
506
7713
236761
5213
10009
5244
98977
4455
232116
99382
108
3048
1374
20151
506
3393
611
12269
528
496
137349
3393
3355
568
1930
31608
236768
568
20890
795
85025
506
3303
5151
236768
108
2717
107
2543
28751
1419
4361
109
2063
2631
236779
101282
236779
2330
236779
19891
236779
20764
236769
2762
236787
4361
236840
720
2812
3921
801
236787
107
140
12234
17770
614
11995
3499
236764
9918
625
1131
1806
1908
236772
11681
90500
215697
107
140
624
994
506
5783
2653
2324
529
506
18558
529
9245
25630
528
1724
215697
236761
107
140
107
140
818
3499
563
9918
657
1156
10681
568
236747
236764
673
236768
1298
236743
236770
6605
858
655
673
6605
5980
236769
2762
4787
236770
236764
7107
236787
107
140
236772
5315
132215
236787
4617
236840
236771
236787
236747
236842
107
140
236772
9674
132215
236787
4617
236840
236747
236787
236804
236842
107
140
236772
20687
132215
236787
4617
236840
236804
9218
107
140
107
140
13432
236787
107
144
2762
236787
562
1694
529
25630
607
3861
6867
236743
236800
107
140
107
140
42652
236787
107
144
818
5783
2324
529
9245
11995
18558
3418
784
2653
52204
107
140
107
140
22539
2631
236779
101282
236779
2330
236779
19891
236779
20764
5551
236800
236764
236743
236770
236764
236743
236812
236764
236743
236770
236764
236743
236810
2812
107
140
236810
107
140
22539
2631
236779
101282
236779
2330
236779
19891
236779
20764
5551
236778
236764
236743
236810
236764
236743
236825
236764
236743
236812
236764
236743
236812
236764
236743
236770
236764
236743
236770
236764
236743
236800
236764
236743
236770
236764
236743
236812
2812
107
140
236819
107
140
12234
108
2063
2426
236769
65127
1473
107
140
236865
5803
3636
699
506
2608
107
140
10640
11054
5551
236800
236764
236743
236770
236764
236743
236812
236764
236743
236770
236764
236743
236810
2812
1251
236743
236812
107
140
10640
11054
5551
236778
236764
236743
236810
236764
236743
236825
236764
236743
236812
236764
236743
236812
236764
236743
236770
236764
236743
236770
236764
236743
236800
236764
236743
236770
236764
236743
236812
2812
1251
236743
236819
107
140
107
140
236865
25275
1594
3636
107
140
10640
11054
5551
236825
236764
236743
236832
236764
236743
236819
236764
236743
236800
236764
236743
236810
236764
236743
236778
236764
236743
236828
236764
236743
236770
236778
236764
236743
236812
236764
236743
236770
236764
236743
236810
236764
236743
236800
2812
1251
236743
236770
236778
107
140
10640
11054
5551
236770
236778
236810
236764
236743
236800
236828
236764
236743
236770
236812
236810
236764
236743
236770
236771
236812
236764
236743
236770
236825
236812
236764
236743
236770
236771
236819
236764
236743
236770
236800
236812
236764
236743
236770
236778
236832
236764
236743
236828
236800
236764
236743
236770
236778
236828
236764
236743
236770
236778
236828
236764
236743
236770
236825
236800
236764
236743
236770
236832
236778
236764
236743
236810
236778
236764
236743
236770
236800
236819
236764
236743
236770
236810
236832
236764
236743
236810
236832
236764
236743
236800
236764
236743
236828
236828
236764
236743
236828
236778
236764
236743
236828
236800
236764
236743
236770
236771
236764
236743
236770
236800
236810
236764
236743
236800
236828
236764
236743
236825
236825
236764
236743
236770
236810
236810
236764
236743
236812
236771
236764
236743
236819
236828
236764
236743
236770
236810
236771
236764
236743
236832
236825
236764
236743
236770
236778
236770
236764
236743
236770
236832
236764
236743
236778
236778
236764
236743
236770
236800
236800
236764
236743
236770
236770
236764
236743
236770
236832
236764
236743
236810
236828
236764
236743
236800
236812
236764
236743
236770
236770
236764
236743
236832
236832
236764
236743
236812
236764
236743
236770
236770
236810
236764
236743
236828
236810
236764
236743
236812
236778
236764
236743
236800
236819
236764
236743
236770
236825
236828
236764
236743
236770
236770
236828
236764
236743
236819
236825
236764
236743
236770
236800
236771
236764
236743
236819
236828
236764
236743
236770
236800
236825
236764
236743
236770
236778
236819
236764
236743
236819
236764
236743
236770
236812
236832
236764
236743
236778
236812
236764
236743
236770
236800
236800
236764
236743
236770
236810
236812
236764
236743
236778
236771
236764
236743
236770
236770
236771
236764
236743
236810
236800
236764
236743
236832
236810
236764
236743
236770
236800
236828
236764
236743
236770
236810
236812
236764
236743
236770
236771
236832
236764
236743
236770
236778
236812
236764
236743
236770
236771
236771
236764
236743
236770
236810
236825
236764
236743
236770
236810
236770
236764
236743
236825
236771
236764
236743
236825
236764
236743
236770
236825
236819
236764
236743
236770
236764
236743
236812
236832
236764
236743
236832
236828
236764
236743
236770
236800
236771
236764
236743
236770
236812
236825
236764
236743
236825
236825
236764
236743
236828
236825
236764
236743
236770
236832
236764
236743
236770
236778
236832
236764
236743
236825
236828
236764
236743
236832
236828
236764
236743
236770
236771
236810
236764
236743
236819
236819
236764
236743
236819
236819
236764
236743
236770
236825
236764
236743
236812
236778
236764
236743
236770
236825
236810
236764
236743
236800
236800
236764
236743
236825
236778
236764
236743
236832
236812
236764
236743
236828
236825
236764
236743
236770
236810
236764
236743
236770
236771
236764
236743
236770
236778
236812
236764
236743
236770
236771
236832
236764
236743
236800
236832
236764
236743
236770
236778
236825
236764
236743
236770
236810
236810
236764
236743
236778
236770
236764
236743
236770
236832
236800
236764
236743
236800
236819
236764
236743
236819
236770
236764
236743
236770
236771
236825
236764
236743
236770
236771
236764
236743
236770
236810
236832
236764
236743
236770
236778
236771
236764
236743
236819
236819
236764
236743
236770
236770
236828
236764
236743
236770
236800
236764
236743
236778
236825
236764
236743
236770
236778
236770
236764
236743
236800
236819
236764
236743
236825
236764
236743
236819
236764
236743
236770
236810
236812
236764
236743
236770
236810
236819
236764
236743
236800
236812
236764
236743
236770
236825
236778
236764
236743
236828
236800
236764
236743
236778
236832
236764
236743
236770
236812
236770
236764
236743
236770
236825
236832
236764
236743
236828
236819
236764
236743
236810
236771
236764
236743
236819
236819
236764
236743
236770
236778
236825
236764
236743
236778
236819
236764
236743
236770
236825
236764
236743
236770
236810
236832
236764
236743
236770
236778
236771
236764
236743
236770
236810
236828
236764
236743
236770
236825
236778
236764
236743
236828
236832
236764
236743
236770
236825
236832
236764
236743
236800
236778
236764
236743
236770
236825
236771
236764
236743
236832
236825
236764
236743
236800
236800
236764
236743
236770
236771
236771
236764
236743
236832
236825
236764
236743
236800
236778
236764
236743
236770
236800
236800
236764
236743
236812
236819
236764
236743
236770
236771
236764
236743
236770
236771
236770
236764
236743
236770
236770
236812
236764
236743
236819
236825
236764
236743
236812
236819
236764
236743
236770
236770
236832
236764
236743
236819
236778
236764
236743
236770
236825
236778
236764
236743
236778
236771
236764
236743
236770
236778
236764
236743
236770
236770
236764
236743
236770
236778
236810
236764
236743
236825
236825
236764
236743
236832
236764
236743
236770
236800
236812
236764
236743
236770
236832
236770
236764
236743
236770
236812
236825
236764
236743
236770
236812
236832
236764
236743
236810
236825
236764
236743
236810
236819
236764
236743
236778
236812
236764
236743
236770
236825
236770
236764
236743
236770
236778
236819
236764
236743
236770
236800
236810
236764
236743
236770
236771
236828
236764
236743
236770
236800
236771
236764
236743
236832
236819
236764
236743
236800
236771
236764
236743
236800
236828
2812
1251
236743
236770
236810
236825
107
140
10640
11054
5551
236812
236764
236743
236770
236771
236764
236743
236770
236828
236764
236743
236770
236771
236764
236743
236812
236764
236743
236770
236828
236764
236743
236770
236770
236764
236743
236770
236828
236764
236743
236832
236764
236743
236770
236828
236764
236743
236770
236771
236764
236743
236770
236810
236764
236743
236800
236764
236743
236770
236800
236764
236743
236770
236770
236764
236743
236828
236764
236743
236770
236771
236764
236743
236825
2812
1251
236743
236770
236825
107
140
10640
11054
5551
236770
236812
236764
236743
236770
236778
236764
236743
236770
236771
236764
236743
236832
236764
236743
236770
236800
236764
236743
236770
236770
236764
236743
236770
236778
236764
236743
236770
236764
236743
236800
236764
236743
236828
236764
236743
236778
236764
236743
236810
236764
236743
236770
236778
236764
236743
236800
236764
236743
236828
2812
1251
236743
236770
236810
107
140
10640
11054
5551
236812
236764
236743
236770
236771
236764
236743
236832
236764
236743
236770
236771
236764
236743
236810
236764
236743
236828
236764
236743
236828
236764
236743
236825
236764
236743
236778
236764
236743
236825
2812
1251
236743
236819
107
140
10640
11054
5551
236812
236764
236743
236810
236764
236743
236825
236764
236743
236800
236764
236743
236778
236764
236743
236778
2812
1251
236743
236825
107
140
10640
11054
5551
236812
236764
236743
236770
236764
236743
236832
236764
236743
236770
236764
236743
236778
236764
236743
236832
236764
236743
236819
236764
236743
236819
236764
236743
236810
2812
1251
236743
236819
107
140
10640
11054
5551
236825
236764
236743
236800
236764
236743
236825
236764
236743
236832
236764
236743
236770
236764
236743
236778
236764
236743
236800
236764
236743
236812
236764
236743
236770
236764
236743
236770
236771
2812
1251
236743
236770
236771
107
140
10640
11054
5551
236778
236764
236743
236770
236764
236743
236800
236764
236743
236800
236764
236743
236812
2812
1251
236743
236810
107
140
10640
11054
5551
236770
236800
236764
236743
236770
236810
236764
236743
236832
236764
236743
236770
236764
236743
236810
236764
236743
236819
236764
236743
236828
236764
236743
236832
236764
236743
236770
236810
236764
236743
236770
236800
236764
236743
236770
236812
236764
236743
236810
236764
236743
236828
236764
236743
236825
236764
236743
236770
236771
2812
1251
236743
236770
236810
107
140
10640
11054
5551
236778
236764
236743
236778
236764
236743
236778
236764
236743
236778
236764
236743
236778
236764
236743
236778
236764
236743
236778
236764
236743
236778
236764
236743
236778
236764
236743
236778
2812
1251
236743
236800
107
140
10640
11054
5551
236825
236764
236743
236832
236764
236743
236778
236764
236743
236825
236764
236743
236825
236764
236743
236770
236770
236764
236743
236770
236832
236764
236743
236819
236764
236743
236812
236764
236743
236770
236810
236764
236743
236825
236764
236743
236770
236764
236743
236770
236825
236764
236743
236770
236812
236764
236743
236770
236832
236764
236743
236770
236771
236764
236743
236770
236778
236764
236743
236770
236800
2812
1251
236743
236770
236832
107
140
10640
11054
5551
236770
236764
236743
236778
236764
236743
236800
236764
236743
236812
236764
236743
236800
236764
236743
236778
236764
236743
236770
2812
1251
236743
236832
107
140
10640
11054
5551
236770
236764
236743
236770
236764
236743
236770
236764
236743
236770
236764
236743
236770
236764
236743
236778
236764
236743
236778
236764
236743
236778
236764
236743
236778
236764
236743
236778
2812
1251
236743
236812
107
140
10640
11054
5551
236819
236764
236743
236800
236764
236743
236810
236764
236743
236800
236764
236743
236778
236764
236743
236810
236764
236743
236819
236764
236743
236800
236764
236743
236810
2812
1251
236743
236819
107
140
10640
11054
5551
236819
236764
236743
236828
236764
236743
236832
236764
236743
236825
236764
236743
236810
236764
236743
236812
236764
236743
236800
236764
236743
236778
236764
236743
236770
2812
1251
236743
236819
107
140
10640
11054
5551
236800
236764
236743
236778
236764
236743
236770
2812
1251
236743
236800
107
140
10640
11054
5551
236800
236764
236743
236812
236764
236743
236800
236764
236743
236810
236764
236743
236825
236764
236743
236778
2812
1251
236743
236825
107
140
10640
11054
5551
236770
236764
236743
236770
236764
236743
236778
236764
236743
236778
2812
1251
236743
236812
107
140
10640
11054
5551
236770
236764
236743
236828
236764
236743
236770
236764
236743
236778
236764
236743
236832
236764
236743
236812
236764
236743
236810
236764
236743
236825
2812
1251
236743
236828
107
140
10640
11054
5551
236800
236764
236743
236819
236764
236743
236770
236764
236743
236828
236764
236743
236778
236764
236743
236825
236764
236743
236770
236764
236743
236819
236764
236743
236810
236764
236743
236800
236764
236743
236812
2812
1251
236743
236770
236770
107
140
10640
11054
5551
236770
236764
236743
236770
236764
236743
236819
236764
236743
236778
236764
236743
236812
236764
236743
236778
236764
236743
236812
236764
236743
236810
236764
236743
236810
2812
1251
236743
236828
108
236865
6890
2426
236769
2074
236779
101282
236779
2330
236779
19891
236779
20764
236768
531
1845
7713
236761
107
2717
106
107
105
4368
107
2717
6719
107
2543
28751
1419
4361
109
2063
2631
236779
101282
236779
2330
236779
19891
236779
20764
236769
2762
236787
4361
236840
720
2812
3921
801
236787
107
140
12234
17770
614
11995
3499
236764
9918
625
1131
1806
1908
236772
11681
90500
215697
107
140
624
994
506
5783
2653
2324
529
506
18558
529
9245
25630
528
1724
215697
236761
107
140
107
140
818
3499
563
9918
657
1156
10681
568
236747
236764
673
236768
1298
236743
236770
6605
858
655
673
6605
5980
236769
2762
4787
236770
236764
7107
236787
107
140
236772
5315
132215
236787
4617
236840
236771
236787
236747
236842
107
140
236772
9674
132215
236787
4617
236840
236747
236787
236804
236842
107
140
236772
20687
132215
236787
4617
236840
236804
9218
107
140
107
140
13432
236787
107
144
2762
236787
562
1694
529
25630
607
3861
6867
236743
236800
107
140
107
140
42652
236787
107
144
818
5783
2324
529
9245
11995
18558
3418
784
2653
52204
107
140
107
140
22539
2631
236779
101282
236779
2330
236779
19891
236779
20764
5551
236800
236764
236743
236770
236764
236743
236812
236764
236743
236770
236764
236743
236810
2812
107
140
236810
107
140
22539
2631
236779
101282
236779
2330
236779
19891
236779
20764
5551
236778
236764
236743
236810
236764
236743
236825
236764
236743
236812
236764
236743
236812
236764
236743
236770
236764
236743
236770
236764
236743
236800
236764
236743
236770
236764
236743
236812
2812
107
140
236819
107
140
12234
107
140
236749
578
5980
236769
2762
236768
107
140
2074
236779
2330
578
236743
236771
107
140
1708
858
528
2644
236769
236770
236764
538
753
236743
236770
1473
107
144
1708
673
528
2644
236769
236747
900
236743
236770
236764
538
1473
107
148
6005
236779
154335
578
4617
236840
236771
236787
236747
236842
107
148
8556
236779
154335
578
4617
236840
236747
236787
236804
236842
107
148
23362
236779
154335
578
4617
236840
236804
9218
107
148
107
148
101282
236779
2861
236779
6005
578
5980
236769
1025
236769
6005
236779
154335
1223
107
148
101282
236779
2861
236779
8556
578
5980
236769
1025
236769
8556
236779
154335
1223
107
148
101282
236779
2861
236779
23362
578
5980
236769
1025
236769
23362
236779
154335
1223
107
148
107
148
2074
236779
2330
578
2631
236769
2074
236779
2330
236764
9245
236779
2861
236779
6005
900
9245
236779
2861
236779
8556
900
9245
236779
2861
236779
23362
236768
107
140
2060
2631
236779
2330
107
2717
106
107
105
2364
107
11069
3527
5686
8428
506
7713
236761
5715
236789
236751
506
3165
236787
107
17070
1942
568
3374
4803
2246
1774
1473
107
138
3202
137325
1356
236763
236792
236771
236771
35387
236823
236761
2551
827
1757
236743
236819
236770
236764
528
655
7498
236813
107
140
4256
236769
2074
236779
101282
236779
2330
236779
19891
236779
20764
236768
107
138
3202
137325
1356
236763
236792
236771
236771
35387
236823
236761
2551
827
1757
236743
236778
236832
236764
528
2426
107
140
10640
11054
5551
236800
236764
236743
236770
236764
236743
236812
236764
236743
236770
236764
236743
236810
2812
1251
236743
236812
107
147
172109
172109
172109
172109
172109
172109
172109
38825
236884
107
132731
3494
111
2021
136030
236764
672
563
822
4209
236787
8847
506
2269
1292
14187
532
6484
2383
236764
6340
4144
506
1292
4970
532
1786
784
506
7713
236761
5213
10009
5244
98977
4455
232116
99382
108
3048
1374
20151
506
3393
611
12269
528
496
137349
3393
3355
568
1930
31608
236768
568
20890
795
85025
506
3303
5151
236768
106
107
105
4368
107
2717
6719
107
2543
28751
1419
4361
109
2063
2631
236779
101282
236779
2330
236779
19891
236779
20764
236769
2762
236787
4361
236840
720
2812
3921
801
236787
107
140
12234
17770
614
11995
3499
236764
9918
625
1131
1806
1908
236772
11681
90500
215697
107
140
624
994
506
5783
2653
2324
529
506
18558
529
9245
25630
528
1724
215697
236761
107
140
107
140
818
3499
563
9918
657
1156
10681
568
236747
236764
673
236768
1298
236743
236770
6605
858
655
673
6605
5980
236769
2762
4787
236770
236764
7107
236787
107
140
236772
5315
132215
236787
4617
236840
236771
236787
236747
236842
107
140
236772
9674
132215
236787
4617
236840
236747
236787
236804
236842
107
140
236772
20687
132215
236787
4617
236840
236804
9218
107
140
107
140
13432
236787
107
144
2762
236787
562
1694
529
25630
607
3861
6867
236743
236800
107
140
107
140
42652
236787
107
144
818
5783
2324
529
9245
11995
18558
3418
784
2653
52204
107
140
107
140
22539
2631
236779
101282
236779
2330
236779
19891
236779
20764
5551
236800
236764
236743
236770
236764
236743
236812
236764
236743
236770
236764
236743
236810
2812
107
140
236810
107
140
22539
2631
236779
101282
236779
2330
236779
19891
236779
20764
5551
236778
236764
236743
236810
236764
236743
236825
236764
236743
236812
236764
236743
236812
236764
236743
236770
236764
236743
236770
236764
236743
236800
236764
236743
236770
236764
236743
236812
2812
107
140
236819
107
140
12234
107
140
236749
578
5980
236769
2762
236768
107
140
2074
236779
2330
578
236743
236771
107
140
1708
858
528
2644
236769
236770
236764
538
753
236743
236770
1473
107
144
1708
673
528
2644
236769
236747
900
236743
236770
236764
538
1473
107
148
6005
236779
154335
578
4617
236840
236771
236787
236747
236842
107
148
8556
236779
154335
578
4617
236840
236747
236787
236804
236842
107
148
23362
236779
154335
578
4617
236840
236804
9218
107
148
107
148
101282
236779
2861
236779
6005
578
5980
236769
1025
236769
6005
236779
154335
1223
107
148
101282
236779
2861
236779
8556
578
5980
236769
1025
236769
8556
236779
154335
1223
107
148
101282
236779
2861
236779
23362
578
5980
236769
1025
236769
23362
236779
154335
1223
107
148
107
148
2074
236779
2330
578
2631
236769
2074
236779
2330
236764
9245
236779
2861
236779
6005
900
9245
236779
2861
236779
8556
900
9245
236779
2861
236779
23362
236768
107
140
2060
2631
236779
2330
107
2717
106
107
105
2364
107
11069
3527
5686
8428
506
7713
236761
5715
236789
236751
506
3165
236787
107
17070
1942
568
3374
4803
2246
1774
1473
107
138
3202
137325
236802
236794
236800
1650
236800
236810
236748
11767
236761
2551
827
1757
236743
236819
236770
236764
528
655
7498
236813
107
140
4256
236769
2074
236779
101282
236779
2330
236779
19891
236779
20764
236768
107
138
3202
137325
236802
236794
236800
1650
236800
236810
236748
11767
236761
2551
827
1757
236743
236778
236832
236764
528
2426
107
140
10640
11054
5551
236800
236764
236743
236770
236764
236743
236812
236764
236743
236770
236764
236743
236810
2812
1251
236743
236812
107
147
172109
172109
172109
172109
172109
172109
172109
38825
236884
107
132731
3494
111
2021
136030
236764
672
563
822
4209
236787
8847
506
2269
1292
14187
532
6484
2383
236764
6340
4144
506
1292
4970
532
1786
784
506
7713
236761
5213
10009
5244
98977
4455
232116
99382
108
3048
1374
20151
506
3393
611
12269
528
496
137349
3393
3355
568
1930
31608
236768
568
20890
795
85025
506
3303
5151
236768
106
107
105
4368
107
2717
6719
107
2543
28751
1419
4361
109
2063
2631
236779
101282
236779
2330
236779
19891
236779
20764
236769
2762
236787
4361
236840
720
2812
3921
801
236787
107
140
12234
17770
614
11995
3499
236764
9918
625
1131
1806
1908
236772
11681
90500
215697
107
140
624
994
506
5783
2653
2324
529
506
18558
529
9245
25630
528
1724
215697
236761
107
140
107
140
818
3499
563
9918
657
1156
10681
568
236747
236764
673
236768
1298
236743
236770
6605
858
655
673
6605
5980
236769
2762
4787
236770
236764
7107
236787
107
140
236772
5315
132215
236787
4617
236840
236771
236787
236747
236842
107
140
236772
9674
132215
236787
4617
236840
236747
236787
236804
236842
107
140
236772
20687
132215
236787
4617
236840
236804
9218
107
140
107
140
13432
236787
107
144
2762
236787
562
1694
529
25630
607
3861
6867
236743
236800
107
140
107
140
42652
236787
107
144
818
5783
2324
529
9245
11995
18558
3418
784
2653
52204
107
140
107
140
22539
2631
236779
101282
236779
2330
236779
19891
236779
20764
5551
236800
236764
236743
236770
236764
236743
236812
236764
236743
236770
236764
236743
236810
2812
107
140
236810
107
140
22539
2631
236779
101282
236779
2330
236779
19891
236779
20764
5551
236778
236764
236743
236810
236764
236743
236825
236764
236743
236812
236764
236743
236812
236764
236743
236770
236764
236743
236770
236764
236743
236800
236764
236743
236770
236764
236743
236812
2812
107
140
236819
107
140
12234
107
140
236749
578
5980
236769
2762
236768
107
140
2074
236779
2330
578
236743
236771
107
140
1708
858
528
2644
236769
236770
236764
538
753
236743
236770
1473
107
144
1708
673
528
2644
236769
236747
900
236743
236770
236764
538
1473
107
148
6005
236779
154335
578
4617
236840
236771
236787
236747
236842
107
148
8556
236779
154335
578
4617
236840
236747
236787
236804
236842
107
148
23362
236779
154335
578
4617
236840
236804
9218
107
148
107
148
101282
236779
2861
236779
6005
578
5980
236769
1025
236769
6005
236779
154335
1223
107
148
101282
236779
2861
236779
8556
578
5980
236769
1025
236769
8556
236779
154335
1223
107
148
101282
236779
2861
236779
23362
578
5980
236769
1025
236769
23362
236779
154335
1223
107
148
107
148
2074
236779
2330
578
2631
236769
2074
236779
2330
236764
9245
236779
2861
236779
6005
900
9245
236779
2861
236779
8556
900
9245
236779
2861
236779
23362
236768
107
140
2060
2631
236779
2330
107
2717
106
107