105
2364
107
6190
506
2269
1292
14187
532
6484
2383
236764
6340
4144
506
1292
4970
532
1786
784
506
7713
236761
5213
10009
5244
98977
4455
232116
99382
108
3048
1374
20151
506
3393
611
12269
528
496
137349
3393
3355
568
1930
31608
236768
568
20890
795
85025
506
3303
5151
236768
108
2717
107
2063
1527
236779
15466
236779
55563
236769
236797
236787
801
236764
587
236787
801
236768
3921
801
236787
107
140
12234
4308
506
1548
529
3861
236772
236792
17047
529
4414
25630
5769
1698
563
496
623
15466
11995
236775
711
34957
646
236761
107
140
107
140
236776
4414
11995
538
563
2760
496
623
15466
11995
236775
768
532
1186
768
506
2324
529
1061
4414
167806
563
69330
684
236743
236800
236761
107
140
107
140
818
1354
1374
577
8323
53307
236743
236819
236819
236828
236778
236812
236812
236800
236810
236800
236761
107
140
107
140
13432
236787
107
144
236797
236787
27772
4470
573
506
1698
529
4820
528
506
7501
568
236770
6605
646
6605
236743
236770
236771
236884
236770
236771
236768
107
144
236792
236787
37598
529
506
17047
568
236770
6605
587
6605
236743
236770
236771
236884
236810
236768
107
140
107
140
42652
236787
107
144
818
1548
529
4341
17047
53307
236743
236819
236819
236828
236778
236812
236812
236800
236810
236800
107
140
107
140
22539
1527
236779
15466
236779
55563
236769
236770
236771
236764
236743
236770
236768
107
140
236810
107
140
22539
1527
236779
15466
236779
55563
236769
236812
236764
236743
236778
236768
107
140
236778
107
140
22539
1527
236779
15466
236779
55563
236769
236800
236832
236771
236764
236743
236819
236771
236832
236768
107
140
236778
236778
236770
236832
236825
236812
236825
236812
236771
107
140
12234
108
2063
2426
236769
65127
1473
107
140
236865
31278
1594
3636
107
140
10640
11054
236769
236770
236771
236764
236743
236770
236768
1251
236743
236810
107
140
10640
11054
236769
236812
236764
236743
236778
236768
1251
236743
236778
107
140
10640
11054
236769
236800
236832
236771
236764
236743
236819
236771
236832
236768
1251
236743
236778
236778
236770
236832
236825
236812
236825
236812
236771
107
140
10640
11054
236769
236770
236771
236771
236771
236771
236771
236771
236771
236771
236771
236771
236764
236743
236770
236771
236771
236771
236771
236771
236768
1251
236743
236812
236812
236832
236812
236810
236825
236770
236812
236825
107
140
107
140
236865
25275
1594
3636
107
140
10640
11054
236769
236819
236778
236810
236771
236771
236770
236810
236800
236778
236819
236764
236743
236778
236810
236810
236768
1251
236743
236770
236819
236778
236812
236832
236812
236800
236778
236812
107
140
10640
11054
236769
236819
236800
236771
236771
236828
236825
236825
236812
236828
236778
236764
236743
236810
236810
236778
236768
1251
236743
236770
236819
236771
236825
236770
236819
236770
236800
236810
107
140
10640
11054
236769
236825
236764
236743
236832
236800
236832
236825
236825
236768
1251
236743
236812
236810
236771
236800
236812
236828
236810
236778
236800
107
140
10640
11054
236769
236819
236819
236819
236819
236819
236819
236812
236778
236812
236812
236764
236743
236828
236828
236812
236810
236810
236768
1251
236743
236825
236771
236810
236800
236812
236810
236828
236771
236832
107
140
10640
11054
236769
236812
236764
236743
236832
236825
236832
236778
236770
236768
1251
236743
236832
236825
236832
236778
236771
107
140
10640
11054
236769
236828
236764
236743
236810
236819
236771
236800
236810
236768
1251
236743
236800
236800
236770
236828
236778
236771
236828
236819
236832
107
140
10640
11054
236769
236770
236764
236743
236770
236768
1251
236743
236771
107
140
10640
11054
236769
236800
236764
236743
236832
236812
236770
236812
236828
236768
1251
236743
236832
236812
236770
236812
236828
107
140
10640
11054
236769
236778
236764
236743
236778
236770
236819
236819
236812
236768
1251
236743
236778
236770
236819
236819
236812
107
140
10640
11054
236769
236832
236778
236810
236778
236828
236778
236770
236832
236800
236812
236764
236743
236825
236812
236832
236778
236832
236768
1251
236743
236812
236828
236828
236778
236810
236812
236812
236778
236828
107
140
10640
11054
236769
236819
236819
236819
236819
236819
236819
236819
236819
236819
236825
236764
236743
236828
236832
236810
236812
236819
236768
1251
236743
236800
236825
236828
236812
236832
236828
236828
236825
236770
107
140
10640
11054
236769
236770
236764
236743
236812
236832
236832
236770
236828
236768
1251
236743
236771
107
140
10640
11054
236769
236832
236812
236828
236800
236832
236778
236771
236810
236832
236800
236764
236743
236770
236778
236810
236770
236771
236768
1251
236743
236812
236825
236778
236819
236825
236800
236800
236810
236770
107
140
10640
11054
236769
236832
236810
236770
236825
236771
236810
236800
236828
236832
236778
236764
236743
236832
236770
236810
236819
236771
236768
1251
236743
236828
236778
236770
236825
236825
236778
236825
236810
236812
107
140
10640
11054
236769
236819
236819
236819
236819
236819
236819
236819
236819
236819
236819
236764
236743
236778
236832
236810
236810
236812
236768
1251
236743
236812
236825
236812
236810
236825
236828
236778
236825
236810
107
140
10640
11054
236769
236810
236825
236770
236800
236778
236819
236825
236812
236828
236819
236764
236743
236812
236825
236771
236771
236812
236768
1251
236743
236800
236771
236810
236828
236770
236825
236832
236800
236812
107
140
10640
11054
236769
236819
236819
236819
236819
236819
236819
236819
236828
236771
236828
236764
236743
236812
236810
236828
236819
236770
236768
1251
236743
236825
236770
236810
236810
236832
236825
236771
236832
236770
107
140
10640
11054
236769
236832
236764
236743
236778
236819
236810
236819
236828
236768
1251
236743
236828
236832
236825
236770
236771
236771
236828
236771
236771
107
140
10640
11054
236769
236819
236764
236743
236825
236819
236778
236819
236800
236768
1251
236743
236825
236819
236770
236825
236812
236828
236819
236828
236778
107
140
10640
11054
236769
236810
236819
236812
236810
236771
236778
236825
236828
236770
236812
236764
236743
236832
236828
236771
236771
236768
1251
236743
236828
236812
236832
236812
236819
236778
236771
236778
236810
107
140
10640
11054
236769
236825
236832
236812
236812
236819
236778
236825
236778
236810
236825
236764
236743
236810
236825
236778
236778
236771
236768
1251
236743
236810
236812
236832
236770
236771
236770
236770
236812
236810
107
140
10640
11054
236769
236770
236771
236764
236743
236778
236819
236770
236778
236832
236768
1251
236743
236828
236800
236832
236825
236778
236800
236825
236828
236810
107
140
10640
11054
236769
236832
236770
236819
236819
236832
236770
236825
236810
236800
236778
236764
236743
236832
236812
236819
236778
236828
236768
1251
236743
236778
236828
236812
236812
236771
236828
236810
236810
236832
107
140
10640
11054
236769
236819
236812
236771
236812
236819
236778
236825
236812
236812
236800
236764
236743
236770
236771
236825
236828
236770
236768
1251
236743
236778
236832
236800
236771
236771
236832
236812
236778
107
140
10640
11054
236769
236828
236771
236810
236828
236800
236828
236800
236810
236819
236771
236764
236743
236825
236810
236819
236825
236771
236768
1251
236743
236828
236778
236800
236825
236800
236778
236800
236770
236828
108
236865
6890
2426
236769
2861
236779
15466
236779
55563
236768
531
1845
7713
236761
107
2717
106
107
105
4368
107
2717
6719
107
2063
1527
236779
15466
236779
55563
236769
236797
236787
801
236764
587
236787
801
236768
3921
801
236787
107
140
12234
4308
506
1548
529
3861
236772
236792
17047
529
4414
25630
5769
1698
563
496
623
15466
11995
236775
711
34957
646
236761
107
140
107
140
236776
4414
11995
538
563
2760
496
623
15466
11995
236775
768
532
1186
768
506
2324
529
1061
4414
167806
563
69330
684
236743
236800
236761
107
140
107
140
818
1354
1374
577
8323
53307
236743
236819
236819
236828
236778
236812
236812
236800
236810
236800
236761
107
140
107
140
13432
236787
107
144
236797
236787
27772
4470
573
506
1698
529
4820
528
506
7501
568
236770
6605
646
6605
236743
236770
236771
236884
236770
236771
236768
107
144
236792
236787
37598
529
506
17047
568
236770
6605
587
6605
236743
236770
236771
236884
236810
236768
107
140
107
140
42652
236787
107
144
818
1548
529
4341
17047
53307
236743
236819
236819
236828
236778
236812
236812
236800
236810
236800
107
140
107
140
22539
1527
236779
15466
236779
55563
236769
236770
236771
236764
236743
236770
236768
107
140
236810
107
140
22539
1527
236779
15466
236779
55563
236769
236812
236764
236743
236778
236768
107
140
236778
107
140
22539
1527
236779
15466
236779
55563
236769
236800
236832
236771
236764
236743
236819
236771
236832
236768
107
140
236778
236778
236770
236832
236825
236812
236825
236812
236771
107
140
12234
107
140
9601
578
236743
236819
236819
236828
236778
236812
236812
236800
236810
236800
107
140
107
140
2063
2324
236779
1928
178643
236769
236749
1473
107
144
236751
578
236743
236771
107
144
236747
578
236743
236770
107
144
6858
858
808
858
6605
538
236787
107
148
584
538
2144
858
1251
236743
236771
236787
107
152
236751
3323
858
107
152
584
858
808
858
2843
538
236787
107
156
236751
3323
538
973
858
107
148
236747
3323
236743
236770
107
144
2060
503
107
140
107
140
2063
563
236779
15466
236769
236749
1473
107
144
2060
2324
236779
1928
178643
236769
236749
236768
2144
236743
236800
1251
236743
236771
107
140
107
140
19615
578
8637
107
140
107
140
2063
8974
236769
2662
236764
1698
1473
107
144
584
3546
1251
587
236787
107
148
584
1698
6605
646
532
563
236779
15466
236769
5930
1473
107
152
2060
236743
236770
107
148
4454
236787
107
152
2060
236743
236771
107
144
107
144
584
568
2662
236764
1698
236768
528
21941
236787
107
148
2060
21941
17576
2662
236764
1698
7066
107
144
107
144
2861
578
236743
236771
107
144
1708
858
528
2644
236769
236770
236764
646
973
568
5930
768
1698
1890
236743
236770
1663
236743
236770
236768
900
236743
236770
1473
107
148
2861
578
568
2861
900
8974
236769
2662
900
236743
236770
236764
1698
808
858
1223
2144
18411
107
144
107
144
19615
17576
2662
236764
1698
7066
578
1527
107
144
2060
1527
107
140
107
140
2060
8974
236769
236771
236764
236743
236770
236768
107
2717
106
107
105
2364
107
11069
3527
5686
8428
506
7713
236761
5715
236789
236751
506
3165
236787
107
17070
1942
568
3374
4803
2246
1774
1473
107
138
3202
137325
50726
170909
13422
236746
236792
236766
236761
2551
827
1757
236743
236770
236770
236812
236764
528
655
7498
236813
107
140
4256
236769
2861
236779
15466
236779
55563
236768
107
138
3202
137325
50726
170909
13422
236746
236792
236766
236761
2551
827
1757
236743
236778
236828
236764
528
2426
107
140
10640
11054
236769
236770
236771
236771
236771
236771
236771
236771
236771
236771
236771
236771
236764
236743
236770
236771
236771
236771
236771
236771
236768
1251
236743
236812
236812
236832
236812
236810
236825
236770
236812
236825
107
147
172109
172109
172109
172109
172109
172109
172109
38825
107
138
3202
137325
50726
170909
13422
236746
236792
236766
236761
2551
827
1757
236743
236770
236770
236778
236764
528
1527
236779
15466
236779
55563
107
140
2060
8974
236769
236771
236764
236743
236770
236768
107
147
172109
172109
38825
236884
107
138
3202
137325
50726
170909
13422
236746
236792
236766
236761
2551
827
1757
236743
236770
236771
236832
236764
528
8974
107
140
2861
578
568
2861
900
8974
236769
2662
900
236743
236770
236764
1698
808
858
1223
2144
18411
107
157
172109
172109
172109
172109
172109
172109
172109
236884
107
138
3202
137325
50726
170909
13422
236746
236792
236766
236761
2551
827
1757
236743
236770
236771
236832
236764
528
8974
107
140
2861
578
568
2861
900
8974
236769
2662
900
236743
236770
236764
1698
808
858
1223
2144
18411
107
157
172109
172109
172109
172109
172109
172109
172109
236884
107
138
3202
137325
50726
170909
13422
236746
236792
236766
236761
2551
827
1757
236743
236770
236771
236832
236764
528
8974
107
140
2861
578
568
2861
900
8974
236769
2662
900
236743
236770
236764
1698
808
858
1223
2144
18411
107
157
172109
172109
172109
172109
172109
172109
172109
236884
107
138
236840
40488
1757
12457
236743
236819
236819
236812
919
2782
236842
107
195893
526
3494
236787
5783
74175
8744
36774
111
2021
136030
236764
672
563
822
4209
236787
8847
506
2269
1292
14187
532
6484
2383
236764
6340
4144
506
1292
4970
532
1786
784
506
7713
236761
5213
10009
5244
98977
4455
232116
99382
108
3048
1374
20151
506
3393
611
12269
528
496
137349
3393
3355
568
1930
31608
236768
568
20890
795
85025
506
3303
5151
236768
106
107
105
4368
107
2717
6719
107
2063
1527
236779
15466
236779
55563
236769
236797
236787
801
236764
587
236787
801
236768
3921
801
236787
107
140
12234
4308
506
1548
529
3861
236772
236792
17047
529
4414
25630
5769
1698
563
496
623
15466
11995
236775
711
34957
646
236761
107
140
107
140
236776
4414
11995
538
563
2760
496
623
15466
11995
236775
768
532
1186
768
506
2324
529
1061
4414
167806
563
69330
684
236743
236800
236761
107
140
107
140
818
1354
1374
577
8323
53307
236743
236819
236819
236828
236778
236812
236812
236800
236810
236800
236761
107
140
107
140
13432
236787
107
144
236797
236787
27772
4470
573
506
1698
529
4820
528
506
7501
568
236770
6605
646
6605
236743
236770
236771
236884
236770
236771
236768
107
144
236792
236787
37598
529
506
17047
568
236770
6605
587
6605
236743
236770
236771
236884
236810
236768
107
140
107
140
42652
236787
107
144
818
1548
529
4341
17047
53307
236743
236819
236819
236828
236778
236812
236812
236800
236810
236800
107
140
107
140
22539
1527
236779
15466
236779
55563
236769
236770
236771
236764
236743
236770
236768
107
140
236810
107
140
22539
1527
236779
15466
236779
55563
236769
236812
236764
236743
236778
236768
107
140
236778
107
140
22539
1527
236779
15466
236779
55563
236769
236800
236832
236771
236764
236743
236819
236771
236832
236768
107
140
236778
236778
236770
236832
236825
236812
236825
236812
236771
107
140
12234
107
140
9601
578
236743
236819
236819
236828
236778
236812
236812
236800
236810
236800
107
140
107
140
2063
2324
236779
1928
178643
236769
236749
1473
107
144
236751
578
236743
236771
107
144
236747
578
236743
236770
107
144
6858
858
808
858
6605
538
236787
107
148
584
538
2144
858
1251
236743
236771
236787
107
152
236751
3323
858
107
152
584
858
808
858
2843
538
236787
107
156
236751
3323
538
973
858
107
148
236747
3323
236743
236770
107
144
2060
503
107
140
107
140
2063
563
236779
15466
236769
236749
1473
107
144
2060
2324
236779
1928
178643
236769
236749
236768
2144
236743
236800
1251
236743
236771
107
140
107
140
19615
578
8637
107
140
107
140
2063
8974
236769
2662
236764
1698
1473
107
144
584
3546
1251
587
236787
107
148
584
1698
6605
646
532
563
236779
15466
236769
5930
1473
107
152
2060
236743
236770
107
148
4454
236787
107
152
2060
236743
236771
107
144
107
144
584
568
2662
236764
1698
236768
528
21941
236787
107
148
2060
21941
17576
2662
236764
1698
7066
107
144
107
144
2861
578
236743
236771
107
144
1708
858
528
2644
236769
236770
236764
1322
236769
236797
973
568
5930
768
1698
1890
236743
236770
1663
236743
236770
236768
900
236743
236770
236764
236743
236770
236771
236771
236770
16644
107
148
2861
578
568
2861
900
8974
236769
2662
900
236743
236770
236764
1698
808
858
1223
2144
18411
107
144
107
144
19615
17576
2662
236764
1698
7066
578
1527
107
144
2060
1527
107
140
107
140
2060
8974
236769
236771
236764
236743
236770
236768
107
2717
106
107
105
2364
107
11069
3527
5686
8428
506
7713
236761
5715
236789
236751
506
3165
236787
107
17070
1942
568
3374
4803
2246
1774
1473
107
138
3202
137325
24462
236953
236752
236778
236825
236751
177097
236806
236761
2551
827
1757
236743
236770
236770
236812
236764
528
655
7498
236813
107
140
4256
236769
2861
236779
15466
236779
55563
236768
107
138
3202
137325
24462
236953
236752
236778
236825
236751
177097
236806
236761
2551
827
1757
236743
236778
236828
236764
528
2426
107
140
10640
11054
236769
236770
236771
236771
236771
236771
236771
236771
236771
236771
236771
236771
236764
236743
236770
236771
236771
236771
236771
236771
236768
1251
236743
236812
236812
236832
236812
236810
236825
236770
236812
236825
107
147
172109
172109
172109
172109
172109
172109
172109
38825
107
138
3202
137325
24462
236953
236752
236778
236825
236751
177097
236806
236761
2551
827
1757
236743
236770
236770
236778
236764
528
1527
236779
15466
236779
55563
107
140
2060
8974
236769
236771
236764
236743
236770
236768
107
147
172109
172109
38825
236884
107
138
3202
137325
24462
236953
236752
236778
236825
236751
177097
236806
236761
2551
827
1757
236743
236770
236771
236832
236764
528
8974
107
140
2861
578
568
2861
900
8974
236769
2662
900
236743
236770
236764
1698
808
858
1223
2144
18411
107
157
172109
172109
172109
172109
172109
172109
172109
236884
107
138
3202
137325
24462
236953
236752
236778
236825
236751
177097
236806
236761
2551
827
1757
236743
236770
236771
236832
236764
528
8974
107
140
2861
578
568
2861
900
8974
236769
2662
900
236743
236770
236764
1698
808
858
1223
2144
18411
107
157
172109
172109
172109
172109
172109
172109
172109
236884
107
138
3202
137325
24462
236953
236752
236778
236825
236751
177097
236806
236761
2551
827
1757
236743
236770
236771
236832
236764
528
8974
107
140
2861
578
568
2861
900
8974
236769
2662
900
236743
236770
236764
1698
808
858
1223
2144
18411
107
157
172109
172109
172109
172109
172109
172109
172109
236884
107
138
236840
40488
1757
12457
236743
236819
236819
236812
919
2782
236842
107
195893
526
3494
236787
5783
74175
8744
36774
111
2021
136030
236764
672
563
822
4209
236787
8847
506
2269
1292
14187
532
6484
2383
236764
6340
4144
506
1292
4970
532
1786
784
506
7713
236761
5213
10009
5244
98977
4455
232116
99382
108
3048
1374
20151
506
3393
611
12269
528
496
137349
3393
3355
568
1930
31608
236768
568
20890
795
85025
506
3303
5151
236768
106
107
105
4368
107
2717
6719
107
2063
1527
236779
15466
236779
55563
236769
236797
236787
801
236764
587
236787
801
236768
3921
801
236787
107
140
12234
4308
506
1548
529
3861
236772
236792
17047
529
4414
25630
5769
1698
563
496
623
15466
11995
236775
711
34957
646
236761
107
140
107
140
236776
4414
11995
538
563
2760
496
623
15466
11995
236775
768
532
1186
768
506
2324
529
1061
4414
167806
563
69330
684
236743
236800
236761
107
140
107
140
818
1354
1374
577
8323
53307
236743
236819
236819
236828
236778
236812
236812
236800
236810
236800
236761
107
140
107
140
13432
236787
107
144
236797
236787
27772
4470
573
506
1698
529
4820
528
506
7501
568
236770
6605
646
6605
236743
236770
236771
236884
236770
236771
236768
107
144
236792
236787
37598
529
506
17047
568
236770
6605
587
6605
236743
236770
236771
236884
236810
236768
107
140
107
140
42652
236787
107
144
818
1548
529
4341
17047
53307
236743
236819
236819
236828
236778
236812
236812
236800
236810
236800
107
140
107
140
22539
1527
236779
15466
236779
55563
236769
236770
236771
236764
236743
236770
236768
107
140
236810
107
140
22539
1527
236779
15466
236779
55563
236769
236812
236764
236743
236778
236768
107
140
236778
107
140
22539
1527
236779
15466
236779
55563
236769
236800
236832
236771
236764
236743
236819
236771
236832
236768
107
140
236778
236778
236770
236832
236825
236812
236825
236812
236771
107
140
12234
107
140
9601
578
236743
236819
236819
236828
236778
236812
236812
236800
236810
236800
107
140
107
140
2063
2324
236779
1928
178643
236769
236749
1473
107
144
236751
578
236743
236771
107
144
236747
578
236743
236770
107
144
6858
858
808
858
6605
538
236787
107
148
584
538
2144
858
1251
236743
236771
236787
107
152
236751
3323
858
107
152
584
858
808
858
2843
538
236787
107
156
236751
3323
538
973
858
107
148
236747
3323
236743
236770
107
144
2060
503
107
140
107
140
2063
563
236779
15466
236769
236749
1473
107
144
2060
2324
236779
1928
178643
236769
236749
236768
2144
236743
236800
1251
236743
236771
107
140
107
140
19615
578
8637
107
140
107
140
2063
8974
236769
2662
236764
1698
1473
107
144
584
3546
1251
587
236787
107
148
584
1698
6605
646
532
563
236779
15466
236769
5930
1473
107
152
2060
236743
236770
107
148
4454
236787
107
152
2060
236743
236771
107
144
107
144
584
568
2662
236764
1698
236768
528
21941
236787
107
148
2060
21941
17576
2662
236764
1698
7066
107
144
107
144
2861
578
236743
236771
107
144
1708
858
528
2644
236769
236770
236764
1322
236769
236770
236771
236770
236764
646
973
568
5930
768
1698
1890
236743
236770
1663
236743
236770
236768
900
236743
236770
16644
107
148
2861
578
568
2861
900
8974
236769
2662
900
236743
236770
236764
1698
808
858
1223
2144
18411
107
144
107
144
19615
17576
2662
236764
1698
7066
578
1527
107
144
2060
1527
107
140
107
140
2060
8974
236769
236771
236764
236743
236770
236768
107
2717
106
107