105
2364
107
6190
506
2269
1292
14187
532
6484
2383
236764
6340
4144
506
1292
4970
532
1786
784
506
7713
236761
5213
10009
5244
98977
4455
232116
99382
108
3048
1374
20151
506
3393
611
12269
528
496
137349
3393
3355
568
1930
31608
236768
568
20890
795
85025
506
3303
5151
236768
108
2717
107
2063
1527
236779
45659
236779
236718
847
236769
3744
236787
1540
236768
3921
801
236787
107
140
12234
17770
496
2483
529
26798
236764
1527
506
1548
529
9245
89196
600
659
20433
236761
107
140
236776
2483
563
20433
768
506
2324
529
26798
657
1581
22697
14339
506
2324
529
26798
657
11049
22697
236761
107
140
107
140
6924
506
6471
7489
5172
602
716
504
1389
531
4762
506
2744
82565
528
506
1292
236761
107
140
107
140
13432
236787
107
144
3744
236787
562
2483
17520
529
26798
756
236771
236789
531
756
236819
236789
1186
236764
607
3861
1534
236743
236778
532
236743
236828
236771
236761
107
140
107
140
42652
236787
107
144
818
1548
529
9245
20433
89196
53307
236743
236770
236771
236884
236819
900
236743
236832
236761
107
140
107
140
22539
1527
236779
45659
236779
236718
847
885
236770
236778
236800
1373
107
140
236778
107
140
22539
1527
236779
45659
236779
236718
847
885
236770
236770
236778
1373
107
140
236770
107
140
22539
1527
236779
45659
236779
236718
847
885
236770
236778
236800
236812
236810
1373
107
140
236771
107
140
12234
108
2063
2426
236769
65127
1473
107
140
10640
11054
885
236770
236778
236800
1373
1251
236743
236778
107
140
10640
11054
885
236770
236770
236778
1373
1251
236743
236770
107
140
10640
11054
885
236770
236778
236800
236812
236810
1373
1251
236743
236771
107
140
10640
11054
885
236771
236770
236819
236771
236771
236800
236810
236778
236810
236832
236825
236810
236828
236819
236771
236812
236832
236778
236812
236771
236771
236771
236810
236812
236778
236810
236771
236828
236812
236771
236819
236828
236771
236800
236778
236812
236778
236778
236800
236812
236812
236800
236825
236825
236810
236800
236819
236825
236832
236828
236770
236770
236825
236832
236778
236812
236819
236812
236825
236832
236778
236800
236771
236800
236771
236819
236771
236828
236825
236770
236819
236770
236832
236819
236770
236832
236800
236810
236825
1373
1251
236743
236832
236770
236771
236778
236778
236800
236800
236771
236819
107
140
10640
11054
885
236812
236800
236770
236770
236810
236778
236810
236770
236825
236778
236819
236800
236819
236800
236778
236812
236812
236819
236812
236812
236770
236832
236771
236825
236825
236800
236828
236771
236810
236832
236810
236800
236771
236810
236810
236800
236812
236812
236778
236828
236819
236825
236771
236770
236832
236819
236770
236819
236771
236800
236770
236770
236828
236778
236771
236825
236828
236828
236828
236778
236778
236771
236771
236825
236825
236825
236800
236771
236819
236832
236770
236812
236825
236825
236832
236832
236825
236825
1373
1251
236743
236812
236810
236828
236819
236825
236832
236819
236828
236778
107
140
10640
11054
885
236825
236832
236832
236810
236770
236800
236828
236828
236778
236800
236770
236812
236825
236825
236771
236832
236771
236778
236832
236771
236810
236819
236819
236832
236810
236828
236778
236825
236771
236770
236812
236828
236771
236771
236812
236812
236771
236810
236828
236810
236812
236810
236800
236771
236812
236770
236800
236812
236825
236800
236778
236825
236800
236770
236771
236812
236825
236778
236832
236810
236825
236771
236828
236770
236819
236812
236828
236778
236800
236828
236828
236819
236800
236810
236828
236828
236825
236812
236800
1373
1251
236743
236771
107
140
10640
11054
885
236828
236771
236771
236810
236810
236828
236771
236800
236778
236825
236778
236828
236819
236771
236828
236770
236800
236800
236800
236778
236770
236800
236810
236778
236832
236812
236812
236778
236778
236819
236832
236778
236778
236810
236771
236825
236825
236828
236812
236819
236810
236800
236832
236778
236810
236778
236812
236771
236800
236825
236770
236800
236810
236812
236771
236771
236825
236778
236800
236770
236825
236770
236778
236819
236832
236810
236800
236825
236819
236828
236810
236778
236819
236778
236832
236812
236819
236770
236819
236812
1373
1251
236743
236819
236778
236800
236810
236771
236828
236770
236819
236832
107
140
10640
11054
885
236819
236819
236819
236819
236819
236819
236819
236819
236819
236819
236819
236819
236819
236819
236819
236819
236819
236819
236819
236819
236819
236819
236819
236819
236819
236819
236819
236819
236819
236819
236819
236819
236819
236819
236819
236819
236819
236819
236819
236819
236819
236819
236819
236819
236819
236819
236819
236819
236819
236819
236819
236819
236819
236819
236819
236819
236819
236819
236819
236819
236819
236819
236819
236819
236819
236819
236819
236819
236819
236819
236819
236819
236819
236819
236819
236819
236819
236819
236819
236819
1373
1251
236743
236770
107
140
10640
11054
885
236778
236800
1373
1251
236743
236771
107
140
10640
11054
885
236778
236810
1373
1251
236743
236771
107
140
10640
11054
885
236778
236770
1373
1251
236743
236771
107
140
10640
11054
885
236778
236812
1373
1251
236743
236771
107
140
10640
11054
885
236770
236825
1373
1251
236743
236771
107
140
10640
11054
885
236778
236828
1373
1251
236743
236771
107
140
10640
11054
885
236800
236810
1373
1251
236743
236771
107
140
10640
11054
885
236770
236810
1373
1251
236743
236771
107
140
10640
11054
885
236771
236828
236812
236828
236800
236771
236812
236812
236800
236771
236770
236819
236832
236771
236770
236770
236778
236800
236771
236812
236828
236819
236778
236778
236832
236825
236832
236819
236825
236825
236770
236771
236828
236778
236832
236832
236812
236771
236778
236832
236800
236770
236771
236778
236771
236800
236770
236778
236778
236771
236828
236778
236812
236812
236819
236828
236828
236810
236832
236812
236770
236832
236812
236800
236825
236770
236819
236819
236778
236771
236819
236828
236778
236832
236810
236828
236810
236800
236771
1373
1251
236743
236812
236771
236832
236825
236810
236828
236770
236770
236819
107
140
10640
11054
885
236771
236810
236825
236778
236771
236810
236832
236810
236819
236825
236778
236832
236800
236800
236812
236770
236771
236770
236819
236832
236770
236812
236810
236819
236770
236778
236800
236800
236810
236800
236800
236825
236812
236810
236810
236778
236770
236825
236771
236812
236771
236800
236770
236810
236828
236832
236828
236828
236828
236771
236825
236832
236778
236778
236800
236828
236778
236812
236770
236770
236819
236810
236828
236800
236812
236800
236819
236832
236800
236800
236825
236770
236778
236825
236800
236778
236828
236825
236828
1373
1251
236743
236832
236771
236819
236778
236800
236800
236771
236778
236771
107
140
10640
11054
885
236800
236778
1373
1251
236743
236771
107
140
10640
11054
885
236800
236770
1373
1251
236743
236771
107
140
10640
11054
885
236770
236771
1373
1251
236743
236771
107
140
10640
11054
885
236770
236800
1373
1251
236743
236771
107
140
10640
11054
885
236828
236810
236832
236800
236778
236819
236819
236819
236810
236812
236771
236771
236771
236819
236825
236819
236832
236778
236810
236825
236778
236771
236832
236819
236819
236828
236771
236819
236828
236819
236778
236832
236819
236832
236770
236832
236771
236771
236819
236825
236800
236778
236825
236825
236819
236832
236819
236770
236800
236778
236832
236770
236832
236800
236810
236771
236770
236771
236825
236828
236810
236771
236828
236778
236778
236828
236828
236828
236770
236770
236771
236810
236810
236800
236800
236819
236825
236778
236778
236825
1373
1251
236743
236770
236819
236828
236810
236800
236800
236819
236770
107
140
10640
11054
885
236770
236832
1373
1251
236743
236771
107
140
10640
11054
885
236778
236778
1373
1251
236743
236770
107
140
10640
11054
885
236825
236778
236771
236828
236778
236832
236819
236810
236771
236828
236810
236819
236819
236771
236770
236810
236778
236771
236770
236770
236825
236778
236770
236778
236819
236800
236825
236825
236770
236810
236810
236800
236770
236819
236825
236800
236770
236832
236771
236825
236825
236825
236800
236819
236800
236770
236812
236832
236810
236825
236770
236778
236828
236810
236819
236825
236832
236825
236810
236812
236770
236812
236819
236770
236771
236825
236810
236832
236778
236771
236810
236832
236825
236812
236819
236825
236819
236832
236825
236778
1373
1251
236743
236771
107
140
10640
11054
885
236770
236828
1373
1251
236743
236771
107
140
10640
11054
885
236800
236825
1373
1251
236743
236800
236828
107
140
10640
11054
885
236771
236812
236819
236812
236832
236825
236812
236800
236771
236800
236819
236812
236770
236810
236825
236800
236770
236828
236810
236800
236778
236825
236819
236825
236819
236825
236778
236800
236819
236825
236828
236800
236778
236832
236770
236778
236770
236778
236825
236771
236812
236770
236812
236810
236819
236771
236832
236810
236778
236832
236771
236810
236771
236828
236770
236832
236800
236819
236825
236812
236770
236812
236819
236828
236832
236778
236778
236771
236771
236770
236828
236832
236828
236800
236832
236800
236770
236832
1373
1251
236743
236819
236770
236771
236832
236819
236819
236810
236770
236812
107
140
10640
11054
885
236810
236810
236810
236812
236819
236810
236828
236828
236812
236819
236828
236825
236771
236819
236812
236828
236770
236770
236800
236800
236778
236825
236819
236828
236771
236819
236771
236800
236825
236828
236825
236778
236825
236771
236819
236828
236825
236832
236771
236770
236800
236812
236825
236778
236825
236800
236810
236828
236810
236800
236812
236828
236771
236800
236810
236819
236812
236800
236800
236825
236800
236812
236771
236819
236778
236828
236771
236812
236810
236771
236825
236800
236828
236819
236812
236810
236819
236812
1373
1251
236743
236810
236778
236819
236819
236800
236810
236828
236825
236800
107
140
10640
11054
885
236800
236800
1373
1251
236743
236770
107
140
10640
11054
885
236770
236812
1373
1251
236743
236771
107
140
10640
11054
885
236778
236832
236810
236810
236832
236819
236810
236770
236771
236800
236825
236825
236778
236770
236812
236778
236771
236771
236812
236770
236800
236828
236770
236771
236819
236771
236812
236812
236825
236819
236810
236825
236825
236771
236812
236832
236800
236770
236825
236778
236832
236825
236771
236810
236825
236825
236770
236825
236825
236832
236778
236832
236800
236825
236778
236810
236770
236770
236832
236825
236828
236800
236770
236810
236810
236828
236810
236812
236832
236800
236828
236771
236771
236778
236812
236832
236770
236800
1373
1251
236743
236825
236812
236778
236810
236819
236832
236770
236810
236812
107
140
10640
11054
885
236778
236771
1373
1251
236743
236771
107
140
10640
11054
885
236800
236812
1373
1251
236743
236771
107
140
10640
11054
885
236771
236770
236771
236770
236771
236770
236771
236770
236771
236770
236771
236770
236771
236770
236771
236770
236771
236770
236771
236770
236771
236770
236771
236770
236771
236770
236771
236770
236771
236770
236771
236770
236771
236770
236771
236770
236771
236770
236771
236770
236771
236770
236771
236770
236771
236770
236771
236770
236771
236770
236771
236770
236771
236770
236771
236770
236771
236770
236771
236770
236771
236770
236771
236770
236771
236770
236771
236770
236771
236770
236771
236770
236771
236770
236771
236770
236771
236770
236771
236770
1373
1251
236743
236812
236800
236778
236819
236825
236819
236812
236778
236800
107
140
10640
11054
885
236770
236819
1373
1251
236743
236771
107
140
10640
11054
885
236778
236819
1373
1251
236743
236771
107
140
10640
11054
885
236771
236771
236771
236771
236771
236771
236771
236771
236771
236771
236771
236771
236771
236771
236771
236771
236771
236771
236771
236771
236771
236771
236771
236771
236771
236771
236771
236771
236771
236771
236771
236771
236771
236771
236771
236771
236771
236771
236771
236771
236771
236771
236771
236771
236771
236771
236771
236771
236771
236771
236771
236771
236771
236771
236771
236771
236771
236771
236771
236771
236771
236771
236771
236771
236771
236771
236771
236771
236771
236771
236771
236771
236771
236771
236771
236771
236771
236771
236771
236771
1373
1251
236743
236770
107
140
10640
11054
885
236778
236832
1373
1251
236743
236771
107
140
10640
11054
885
236771
236832
236770
236771
236832
236812
236819
236825
236832
236800
236810
236819
236771
236828
236800
236778
236770
236832
236778
236771
236810
236778
236819
236832
236825
236800
236800
236825
236825
236832
236800
236832
236800
236810
236778
236812
236828
236800
236819
236771
236770
236778
236832
236810
236812
236810
236771
236800
236819
236778
236828
236778
236771
236812
236770
236810
236800
236819
236770
236819
236819
236825
236825
236778
236819
236828
236778
236812
236778
236771
236810
236810
236778
236771
236825
236800
236778
236810
236800
236771
1373
1251
236743
236770
236810
236812
236771
236770
236828
236828
236800
107
140
10640
11054
885
236770
236778
1373
1251
236743
236771
107
140
10640
11054
885
236778
236825
1373
1251
236743
236771
108
236865
6890
2426
236769
2861
236779
45659
236779
236718
847
236768
531
1845
7713
236761
107
2717
106
107
105
4368
107
2717
6719
107
2063
1527
236779
45659
236779
236718
847
236769
3744
236787
1540
236768
3921
801
236787
107
140
12234
17770
496
2483
529
26798
236764
1527
506
1548
529
9245
89196
600
659
20433
236761
107
140
236776
2483
563
20433
768
506
2324
529
26798
657
1581
22697
14339
506
2324
529
26798
657
11049
22697
236761
107
140
107
140
6924
506
6471
7489
5172
602
716
504
1389
531
4762
506
2744
82565
528
506
1292
236761
107
140
107
140
13432
236787
107
144
3744
236787
562
2483
17520
529
26798
756
236771
236789
531
756
236819
236789
1186
236764
607
3861
1534
236743
236778
532
236743
236828
236771
236761
107
140
107
140
42652
236787
107
144
818
1548
529
9245
20433
89196
53307
236743
236770
236771
236884
236819
900
236743
236832
236761
107
140
107
140
22539
1527
236779
45659
236779
236718
847
885
236770
236778
236800
1373
107
140
236778
107
140
22539
1527
236779
45659
236779
236718
847
885
236770
236770
236778
1373
107
140
236770
107
140
22539
1527
236779
45659
236779
236718
847
885
236770
236778
236800
236812
236810
1373
107
140
236771
107
140
12234
107
140
9601
578
236743
236770
236771
1018
236819
900
236743
236832
107
140
915
602
716
504
1389
578
1152
107
140
236749
578
5980
236769
3744
236768
107
140
107
140
584
538
2144
236743
236778
2843
236743
236771
236787
107
144
2060
236743
236771
107
140
107
140
236751
578
2324
236769
720
236769
29345
236768
573
15958
528
1152
236768
107
140
107
140
584
503
2144
236743
236778
2843
236743
236771
236787
107
144
2060
236743
236771
107
140
107
140
584
538
1251
236743
236778
236787
107
144
584
801
236769
3744
236840
236771
2812
1251
801
236769
3744
236840
236770
30957
107
148
2060
236743
236770
107
144
4454
236787
107
148
2060
236743
236771
108
140
584
1152
1251
623
236800
236825
1083
107
144
2060
236743
236800
236828
108
140
584
1152
1251
623
236778
236778
1083
107
144
2060
236743
236770
108
140
584
1152
1251
623
236800
236800
1083
107
144
2060
236743
236770
107
140
107
140
2060
236743
236771
107
2717
106
107
105
2364
107
11069
3527
5686
8428
506
7713
236761
5715
236789
236751
506
3165
236787
107
17070
1942
568
3374
4803
2246
1774
1473
107
138
3202
137325
236810
1356
236757
236797
236749
79102
49774
236761
2551
827
1757
236743
236770
236770
236800
236764
528
655
7498
236813
107
140
4256
236769
2861
236779
45659
236779
236718
847
236768
107
138
3202
137325
236810
1356
236757
236797
236749
79102
49774
236761
2551
827
1757
236743
236778
236778
236764
528
2426
107
140
10640
11054
885
236770
236778
236800
1373
1251
236743
236778
107
147
172109
172109
172109
172109
172109
236884
107
132731
3494
111
2021
136030
236764
672
563
822
4209
236787
8847
506
2269
1292
14187
532
6484
2383
236764
6340
4144
506
1292
4970
532
1786
784
506
7713
236761
5213
10009
5244
98977
4455
232116
99382
108
3048
1374
20151
506
3393
611
12269
528
496
137349
3393
3355
568
1930
31608
236768
568
20890
795
85025
506
3303
5151
236768
106
107
105
4368
107
2717
6719
107
2063
1527
236779
45659
236779
236718
847
236769
3744
236787
1540
236768
3921
801
236787
107
140
12234
17770
496
2483
529
26798
236764
1527
506
1548
529
9245
89196
600
659
20433
236761
107
140
236776
2483
563
20433
768
506
2324
529
26798
657
1581
22697
14339
506
2324
529
26798
657
11049
22697
236761
107
140
107
140
6924
506
6471
7489
5172
602
716
504
1389
531
4762
506
2744
82565
528
506
1292
236761
107
140
107
140
13432
236787
107
144
3744
236787
562
2483
17520
529
26798
756
236771
236789
531
756
236819
236789
1186
236764
607
3861
1534
236743
236778
532
236743
236828
236771
236761
107
140
107
140
42652
236787
107
144
818
1548
529
9245
20433
89196
53307
236743
236770
236771
236884
236819
900
236743
236832
236761
107
140
107
140
22539
1527
236779
45659
236779
236718
847
885
236770
236778
236800
1373
107
140
236778
107
140
22539
1527
236779
45659
236779
236718
847
885
236770
236770
236778
1373
107
140
236770
107
140
22539
1527
236779
45659
236779
236718
847
885
236770
236778
236800
236812
236810
1373
107
140
236771
107
140
12234
107
140
9601
578
236743
236770
236771
1018
236819
900
236743
236832
107
140
107
140
584
1152
1251
623
236770
236778
236800
1083
107
144
2060
236743
236778
107
140
584
1152
1251
623
236770
236770
236778
1083
107
144
2060
236743
236770
107
140
584
1152
1251
623
236770
236778
236800
236812
236810
1083
107
144
2060
236743
236771
107
140
584
1152
1251
623
236771
236770
236819
236771
236771
236800
236810
236778
236810
236832
236825
236810
236828
236819
236771
236812
236832
236778
236812
236771
236771
236771
236810
236812
236778
236810
236771
236828
236812
236771
236819
236828
236771
236800
236778
236812
236778
236778
236800
236812
236812
236800
236825
236825
236810
236800
236819
236825
236832
236828
236770
236770
236825
236832
236778
236812
236819
236812
236825
236832
236778
236800
236771
236800
236771
236819
236771
236828
236825
236770
236819
236770
236832
236819
236770
236832
236800
236810
236825
1083
107
144
2060
236743
236832
236770
236771
236778
236778
236800
236800
236771
236819
107
140
584
1152
1251
623
236812
236800
236770
236770
236810
236778
236810
236770
236825
236778
236819
236800
236819
236800
236778
236812
236812
236819
236812
236812
236770
236832
236771
236825
236825
236800
236828
236771
236810
236832
236810
236800
236771
236810
236810
236800
236812
236812
236778
236828
236819
236825
236771
236770
236832
236819
236770
236819
236771
236800
236770
236770
236828
236778
236771
236825
236828
236828
236828
236778
236778
236771
236771
236825
236825
236825
236800
236771
236819
236832
236770
236812
236825
236825
236832
236832
236825
236825
1083
107
144
2060
236743
236812
236810
236828
236819
236825
236832
236819
236828
236778
107
140
584
1152
1251
623
236825
236832
236832
236810
236770
236800
236828
236828
236778
236800
236770
236812
236825
236825
236771
236832
236771
236778
236832
236771
236810
236819
236819
236832
236810
236828
236778
236825
236771
236770
236812
236828
236771
236771
236812
236812
236771
236810
236828
236810
236812
236810
236800
236771
236812
236770
236800
236812
236825
236800
236778
236825
236800
236770
236771
236812
236825
236778
236832
236810
236825
236771
236828
236770
236819
236812
236828
236778
236800
236828
236828
236819
236800
236810
236828
236828
236825
236812
236800
1083
107
144
2060
236743
236771
107
140
584
1152
1251
623
236828
236771
236771
236810
236810
236828
236771
236800
236778
236825
236778
236828
236819
236771
236828
236770
236800
236800
236800
236778
236770
236800
236810
236778
236832
236812
236812
236778
236778
236819
236832
236778
236778
236810
236771
236825
236825
236828
236812
236819
236810
236800
236832
236778
236810
236778
236812
236771
236800
236825
236770
236800
236810
236812
236771
236771
236825
236778
236800
236770
236825
236770
236778
236819
236832
236810
236800
236825
236819
236828
236810
236778
236819
236778
236832
236812
236819
236770
236819
236812
1083
107
144
2060
236743
236819
236778
236800
236810
236771
236828
236770
236819
236832
107
140
584
1152
1251
623
236819
236819
236819
236819
236819
236819
236819
236819
236819
236819
236819
236819
236819
236819
236819
236819
236819
236819
236819
236819
236819
236819
236819
236819
236819
236819
236819
236819
236819
236819
236819
236819
236819
236819
236819
236819
236819
236819
236819
236819
236819
236819
236819
236819
236819
236819
236819
236819
236819
236819
236819
236819
236819
236819
236819
236819
236819
236819
236819
236819
236819
236819
236819
236819
236819
236819
236819
236819
236819
236819
236819
236819
236819
236819
236819
236819
236819
236819
236819
236819
1083
107
144
2060
236743
236770
107
140
584
1152
1251
623
236778
236800
1083
107
144
2060
236743
236771
107
140
584
1152
1251
623
236778
236810
1083
107
144
2060
236743
236771
107
140
584
1152
1251
623
236778
236770
1083
107
144
2060
236743
236771
107
140
584
1152
1251
623
236778
236812
1083
107
144
2060
236743
236771
107
140
584
1152
1251
623
236770
236825
1083
107
144
2060
236743
236771
107
140
584
1152
1251
623
236778
236828
1083
107
144
2060
236743
236771
107
140
584
1152
1251
623
236800
236810
1083
107
144
2060
236743
236771
107
140
584
1152
1251
623
236770
236810
1083
107
144
2060
236743
236771
107
140
584
1152
1251
623
236771
236828
236812
236828
236800
236771
236812
236812
236800
236771
236770
236819
236832
236771
236770
236770
236778
236800
236771
236812
236828
236819
236778
236778
236832
236825
236832
236819
236825
236825
236770
236771
236828
236778
236832
236832
236812
236771
236778
236832
236800
236770
236771
236778
236771
236800
236770
236778
236778
236771
236828
236778
236812
236812
236819
236828
236828
236810
236832
236812
236770
236832
236812
236800
236825
236770
236819
236819
236778
236771
236819
236828
236778
236832
236810
236828
236810
236800
236771
1083
107
144
2060
236743
236812
236771
236832
236825
236810
236828
236770
236770
236819
107
140
584
1152
1251
623
236771
236810
236825
236778
236771
236810
236832
236810
236819
236825
236778
236832
236800
236800
236812
236770
236771
236770
236819
236832
236770
236812
236810
236819
236770
236778
236800
236800
236810
236800
236800
236825
236812
236810
236810
236778
236770
236825
236771
236812
236771
236800
236770
236810
236828
236832
236828
236828
236828
236771
236825
236832
236778
236778
236800
236828
236778
236812
236770
236770
236819
236810
236828
236800
236812
236800
236819
236832
236800
236800
236825
236770
236778
236825
236800
236778
236828
236825
236828
1083
107
144
2060
236743
236832
236771
236819
236778
236800
236800
236771
236778
236771
107
140
584
1152
1251
623
236800
236778
1083
107
144
2060
236743
236771
107
140
584
1152
1251
623
236800
236770
1083
107
144
2060
236743
236771
107
140
584
1152
1251
623
236770
236771
1083
107
144
2060
236743
236771
107
140
584
1152
1251
623
236770
236800
1083
107
144
2060
236743
236771
107
140
584
1152
1251
623
236770
236832
1083
107
144
2060
236743
236771
107
140
584
1152
1251
623
236778
236778
1083
107
144
2060
236743
236770
107
140
584
1152
1251
623
236770
236828
1083
107
144
2060
236743
236771
107
140
584
1152
1251
623
236800
236825
1083
107
144
2060
236743
236800
236828
107
140
584
1152
1251
623
236800
236800
1083
107
144
2060
236743
236770
107
140
584
1152
1251
623
236770
236812
1083
107
144
2060
236743
236771
107
140
584
1152
1251
623
236778
236771
1083
107
144
2060
236743
236771
107
140
584
1152
1251
623
236800
236812
1083
107
144
2060
236743
236771
107
140
584
1152
1251
623
236771
236770
236771
236770
236771
236770
236771
236770
236771
236770
236771
236770
236771
236770
236771
236770
236771
236770
236771
236770
236771
236770
236771
236770
236771
236770
236771
236770
236771
236770
236771
236770
236771
236770
236771
236770
236771
236770
236771
236770
236771
236770
236771
236770
236771
236770
236771
236770
236771
236770
236771
236770
236771
236770
236771
236770
236771
236770
236771
236770
236771
236770
236771
236770
236771
236770
236771
236770
236771
236770
236771
236770
236771
236770
236771
236770
236771
236770
236771
236770
1083
107
144
2060
236743
236812
236800
236778
236819
236825
236819
236812
236778
236800
107
140
584
1152
1251
623
236770
236819
1083
107
144
2060
236743
236771
107
140
584
1152
1251
623
236778
236819
1083
107
144
2060
236743
236771
107
140
584
1152
1251
623
236771
236771
236771
236771
236771
236771
236771
236771
236771
236771
236771
236771
236771
236771
236771
236771
236771
236771
236771
236771
236771
236771
236771
236771
236771
236771
236771
236771
236771
236771
236771
236771
236771
236771
236771
236771
236771
236771
236771
236771
236771
236771
236771
236771
236771
236771
236771
236771
236771
236771
236771
236771
236771
236771
236771
236771
236771
236771
236771
236771
236771
236771
236771
236771
236771
236771
236771
236771
236771
236771
236771
236771
236771
236771
236771
236771
236771
236771
236771
236771
1083
107
144
2060
236743
236770
107
140
584
1152
1251
623
236778
236832
1083
107
144
2060
236743
236771
107
140
584
1152
1251
623
236771
236832
236770
236771
236832
236812
236819
236825
236832
236800
236810
236819
236771
236828
236800
236778
236770
236832
236778
236771
236810
236778
236819
236832
236825
236800
236800
236825
236825
236832
236800
236832
236800
236810
236778
236812
236828
236800
236819
236771
236770
236778
236832
236810
236812
236810
236771
236800
236819
236778
236828
236778
236771
236812
236770
236810
236800
236819
236770
236819
236819
236825
236825
236778
236819
236828
236778
236812
236778
236771
236810
236810
236778
236771
236825
236800
236778
236810
236800
236771
1083
107
144
2060
236743
236770
236810
236812
236771
236770
236828
236828
236800
107
140
584
1152
1251
623
236770
236778
1083
107
144
2060
236743
236771
107
140
584
1152
1251
623
236778
236825
1083
107
144
2060
236743
236771
107
140
107
140
2060
236743
236771
107
2717
106
107
105
2364
107
11069
3527
5686
8428
506
7713
236761
5715
236789
236751
506
3165
236787
107
17070
1942
568
3374
4803
2246
1774
1473
107
138
3202
137325
236824
63593
80424
236771
236788
63593
236855
236761
2551
827
1757
236743
236770
236825
236810
236764
528
655
7498
236813
107
140
4256
236769
2861
236779
45659
236779
236718
847
236768
107
138
3202
137325
236824
63593
80424
236771
236788
63593
236855
236761
2551
827
1757
236743
236812
236812
236764
528
2426
107
140
10640
11054
885
236828
236810
236832
236800
236778
236819
236819
236819
236810
236812
236771
236771
236771
236819
236825
236819
236832
236778
236810
236825
236778
236771
236832
236819
236819
236828
236771
236819
236828
236819
236778
236832
236819
236832
236770
236832
236771
236771
236819
236825
236800
236778
236825
236825
236819
236832
236819
236770
236800
236778
236832
236770
236832
236800
236810
236771
236770
236771
236825
236828
236810
236771
236828
236778
236778
236828
236828
236828
236770
236770
236771
236810
236810
236800
236800
236819
236825
236778
236778
236825
1373
1251
236743
236770
236819
236828
236810
236800
236800
236819
236770
107
147
172109
172109
172109
172109
172109
172109
172109
172109
172109
172109
172109
172109
172109
172109
172109
172109
172109
172109
172109
172109
172109
172109
172109
172109
172109
172109
236884
107
132731
3494
111
2021
136030
236764
672
563
822
4209
236787
8847
506
2269
1292
14187
532
6484
2383
236764
6340
4144
506
1292
4970
532
1786
784
506
7713
236761
5213
10009
5244
98977
4455
232116
99382
108
3048
1374
20151
506
3393
611
12269
528
496
137349
3393
3355
568
1930
31608
236768
568
20890
795
85025
506
3303
5151
236768
106
107
105
4368
107
2717
6719
107
2063
1527
236779
45659
236779
236718
847
236769
3744
236787
1540
236768
3921
801
236787
107
140
12234
17770
496
2483
529
26798
236764
1527
506
1548
529
9245
89196
600
659
20433
236761
107
140
236776
2483
563
20433
768
506
2324
529
26798
657
1581
22697
14339
506
2324
529
26798
657
11049
22697
236761
107
140
107
140
6924
506
6471
7489
5172
602
716
504
1389
531
4762
506
2744
82565
528
506
1292
236761
107
140
107
140
13432
236787
107
144
3744
236787
562
2483
17520
529
26798
756
236771
236789
531
756
236819
236789
1186
236764
607
3861
1534
236743
236778
532
236743
236828
236771
236761
107
140
107
140
42652
236787
107
144
818
1548
529
9245
20433
89196
53307
236743
236770
236771
236884
236819
900
236743
236832
236761
107
140
107
140
22539
1527
236779
45659
236779
236718
847
885
236770
236778
236800
1373
107
140
236778
107
140
22539
1527
236779
45659
236779
236718
847
885
236770
236770
236778
1373
107
140
236770
107
140
22539
1527
236779
45659
236779
236718
847
885
236770
236778
236800
236812
236810
1373
107
140
236771
107
140
12234
107
140
9601
578
236743
236770
236771
1018
236819
900
236743
236832
107
140
107
140
584
1152
1251
623
236770
236778
236800
1083
107
144
2060
236743
236778
107
140
584
1152
1251
623
236770
236770
236778
1083
107
144
2060
236743
236770
107
140
584
1152
1251
623
236770
236778
236800
236812
236810
1083
107
144
2060
236743
236771
107
140
584
1152
1251
623
236771
236770
236819
236771
236771
236800
236810
236778
236810
236832
236825
236810
236828
236819
236771
236812
236832
236778
236812
236771
236771
236771
236810
236812
236778
236810
236771
236828
236812
236771
236819
236828
236771
236800
236778
236812
236778
236778
236800
236812
236812
236800
236825
236825
236810
236800
236819
236825
236832
236828
236770
236770
236825
236832
236778
236812
236819
236812
236825
236832
236778
236800
236771
236800
236771
236819
236771
236828
236825
236770
236819
236770
236832
236819
236770
236832
236800
236810
236825
1083
107
144
2060
236743
236832
236770
236771
236778
236778
236800
236800
236771
236819
107
140
584
1152
1251
623
236812
236800
236770
236770
236810
236778
236810
236770
236825
236778
236819
236800
236819
236800
236778
236812
236812
236819
236812
236812
236770
236832
236771
236825
236825
236800
236828
236771
236810
236832
236810
236800
236771
236810
236810
236800
236812
236812
236778
236828
236819
236825
236771
236770
236832
236819
236770
236819
236771
236800
236770
236770
236828
236778
236771
236825
236828
236828
236828
236778
236778
236771
236771
236825
236825
236825
236800
236771
236819
236832
236770
236812
236825
236825
236832
236832
236825
236825
1083
107
144
2060
236743
236812
236810
236828
236819
236825
236832
236819
236828
236778
107
140
584
1152
1251
623
236825
236832
236832
236810
236770
236800
236828
236828
236778
236800
236770
236812
236825
236825
236771
236832
236771
236778
236832
236771
236810
236819
236819
236832
236810
236828
236778
236825
236771
236770
236812
236828
236771
236771
236812
236812
236771
236810
236828
236810
236812
236810
236800
236771
236812
236770
236800
236812
236825
236800
236778
236825
236800
236770
236771
236812
236825
236778
236832
236810
236825
236771
236828
236770
236819
236812
236828
236778
236800
236828
236828
236819
236800
236810
236828
236828
236825
236812
236800
1083
107
144
2060
236743
236771
107
140
584
1152
1251
623
236828
236771
236771
236810
236810
236828
236771
236800
236778
236825
236778
236828
236819
236771
236828
236770
236800
236800
236800
236778
236770
236800
236810
236778
236832
236812
236812
236778
236778
236819
236832
236778
236778
236810
236771
236825
236825
236828
236812
236819
236810
236800
236832
236778
236810
236778
236812
236771
236800
236825
236770
236800
236810
236812
236771
236771
236825
236778
236800
236770
236825
236770
236778
236819
236832
236810
236800
236825
236819
236828
236810
236778
236819
236778
236832
236812
236819
236770
236819
236812
1083
107
144
2060
236743
236819
236778
236800
236810
236771
236828
236770
236819
236832
107
140
584
1152
1251
623
236819
236819
236819
236819
236819
236819
236819
236819
236819
236819
236819
236819
236819
236819
236819
236819
236819
236819
236819
236819
236819
236819
236819
236819
236819
236819
236819
236819
236819
236819
236819
236819
236819
236819
236819
236819
236819
236819
236819
236819
236819
236819
236819
236819
236819
236819
236819
236819
236819
236819
236819
236819
236819
236819
236819
236819
236819
236819
236819
236819
236819
236819
236819
236819
236819
236819
236819
236819
236819
236819
236819
236819
236819
236819
236819
236819
236819
236819
236819
236819
1083
107
144
2060
236743
236770
107
140
584
1152
1251
623
236778
236800
1083
107
144
2060
236743
236771
107
140
584
1152
1251
623
236778
236810
1083
107
144
2060
236743
236771
107
140
584
1152
1251
623
236778
236770
1083
107
144
2060
236743
236771
107
140
584
1152
1251
623
236778
236812
1083
107
144
2060
236743
236771
107
140
584
1152
1251
623
236770
236825
1083
107
144
2060
236743
236771
107
140
584
1152
1251
623
236778
236828
1083
107
144
2060
236743
236771
107
140
584
1152
1251
623
236800
236810
1083
107
144
2060
236743
236771
107
140
584
1152
1251
623
236770
236810
1083
107
144
2060
236743
236771
107
140
584
1152
1251
623
236771
236828
236812
236828
236800
236771
236812
236812
236800
236771
236770
236819
236832
236771
236770
236770
236778
236800
236771
236812
236828
236819
236778
236778
236832
236825
236832
236819
236825
236825
236770
236771
236828
236778
236832
236832
236812
236771
236778
236832
236800
236770
236771
236778
236771
236800
236770
236778
236778
236771
236828
236778
236812
236812
236819
236828
236828
236810
236832
236812
236770
236832
236812
236800
236825
236770
236819
236819
236778
236771
236819
236828
236778
236832
236810
236828
236810
236800
236771
1083
107
144
2060
236743
236812
236771
236832
236825
236810
236828
236770
236770
236819
107
140
584
1152
1251
623
236771
236810
236825
236778
236771
236810
236832
236810
236819
236825
236778
236832
236800
236800
236812
236770
236771
236770
236819
236832
236770
236812
236810
236819
236770
236778
236800
236800
236810
236800
236800
236825
236812
236810
236810
236778
236770
236825
236771
236812
236771
236800
236770
236810
236828
236832
236828
236828
236828
236771
236825
236832
236778
236778
236800
236828
236778
236812
236770
236770
236819
236810
236828
236800
236812
236800
236819
236832
236800
236800
236825
236770
236778
236825
236800
236778
236828
236825
236828
1083
107
144
2060
236743
236832
236771
236819
236778
236800
236800
236771
236778
236771
107
140
584
1152
1251
623
236800
236778
1083
107
144
2060
236743
236771
107
140
584
1152
1251
623
236800
236770
1083
107
144
2060
236743
236771
107
140
584
1152
1251
623
236770
236771
1083
107
144
2060
236743
236771
107
140
584
1152
1251
623
236770
236800
1083
107
144
2060
236743
236771
107
140
584
1152
1251
623
236770
236832
1083
107
144
2060
236743
236771
107
140
584
1152
1251
623
236778
236778
1083
107
144
2060
236743
236770
107
140
584
1152
1251
623
236770
236828
1083
107
144
2060
236743
236771
107
140
584
1152
1251
623
236800
236825
1083
107
144
2060
236743
236800
236828
107
140
584
1152
1251
623
236800
236800
1083
107
144
2060
236743
236770
107
140
584
1152
1251
623
236770
236812
1083
107
144
2060
236743
236771
107
140
584
1152
1251
623
236778
236771
1083
107
144
2060
236743
236771
107
140
584
1152
1251
623
236800
236812
1083
107
144
2060
236743
236771
107
140
584
1152
1251
623
236771
236770
236771
236770
236771
236770
236771
236770
236771
236770
236771
236770
236771
236770
236771
236770
236771
236770
236771
236770
236771
236770
236771
236770
236771
236770
236771
236770
236771
236770
236771
236770
236771
236770
236771
236770
236771
236770
236771
236770
236771
236770
236771
236770
236771
236770
236771
236770
236771
236770
236771
236770
236771
236770
236771
236770
236771
236770
236771
236770
236771
236770
236771
236770
236771
236770
236771
236770
236771
236770
236771
236770
236771
236770
236771
236770
236771
236770
236771
236770
1083
107
144
2060
236743
236812
236800
236778
236819
236825
236819
236812
236778
236800
107
140
584
1152
1251
623
236770
236819
1083
107
144
2060
236743
236771
107
140
584
1152
1251
623
236778
236819
1083
107
144
2060
236743
236771
107
140
584
1152
1251
623
236771
236771
236771
236771
236771
236771
236771
236771
236771
236771
236771
236771
236771
236771
236771
236771
236771
236771
236771
236771
236771
236771
236771
236771
236771
236771
236771
236771
236771
236771
236771
236771
236771
236771
236771
236771
236771
236771
236771
236771
236771
236771
236771
236771
236771
236771
236771
236771
236771
236771
236771
236771
236771
236771
236771
236771
236771
236771
236771
236771
236771
236771
236771
236771
236771
236771
236771
236771
236771
236771
236771
236771
236771
236771
236771
236771
236771
236771
236771
236771
1083
107
144
2060
236743
236770
107
140
584
1152
1251
623
236778
236832
1083
107
144
2060
236743
236771
107
140
584
1152
1251
623
236771
236832
236770
236771
236832
236812
236819
236825
236832
236800
236810
236819
236771
236828
236800
236778
236770
236832
236778
236771
236810
236778
236819
236832
236825
236800
236800
236825
236825
236832
236800
236832
236800
236810
236778
236812
236828
236800
236819
236771
236770
236778
236832
236810
236812
236810
236771
236800
236819
236778
236828
236778
236771
236812
236770
236810
236800
236819
236770
236819
236819
236825
236825
236778
236819
236828
236778
236812
236778
236771
236810
236810
236778
236771
236825
236800
236778
236810
236800
236771
1083
107
144
2060
236743
236770
236810
236812
236771
236770
236828
236828
236800
107
140
584
1152
1251
623
236770
236778
1083
107
144
2060
236743
236771
107
140
584
1152
1251
623
236778
236825
1083
107
144
2060
236743
236771
107
140
107
140
2060
236743
236771
107
2717
106
107