105
2364
107
6190
506
2269
1292
14187
532
6484
2383
236764
6340
4144
506
1292
4970
532
1786
784
506
7713
236761
5213
10009
5244
98977
4455
232116
99382
108
3048
1374
20151
506
3393
611
12269
528
496
137349
3393
3355
568
1930
31608
236768
568
20890
795
85025
506
3303
5151
236768
108
2717
107
2063
1527
236779
177590
236779
55563
236769
236749
236787
801
236764
496
236787
1694
236840
720
2812
3921
801
236787
107
140
12234
4308
506
1548
529
32968
17047
529
3861
538
600
659
195867
69565
236743
107
140
2217
5314
1082
506
2238
7501
496
236764
53307
236743
236819
236819
236828
236778
236812
236812
236800
236810
236800
236761
107
140
107
140
236776
7501
568
236847
80367
782
122440
32603
782
464
368
390
236768
563
32968
768
993
2849
782
238684
32968
17047
236743
107
140
236824
80367
649
122440
32603
649
681
236847
238684
236783
1288
600
506
184448
529
568
236847
238684
779
649
80367
649
122440
32603
649
681
236847
238684
236783
236743
107
140
495
672
1900
14339
568
236847
80367
782
122440
32603
782
464
368
390
769
669
7501
568
236771
236768
563
32968
684
8514
236761
107
140
107
140
13432
236787
107
144
236749
236787
669
3861
529
17047
531
1966
568
236770
38010
538
38010
236743
236800
237858
236770
236771
247918
236768
107
144
236746
236787
669
7593
4470
7501
529
3861
538
568
236771
38010
496
236840
236747
236842
655
538
236768
107
140
107
140
42652
236787
107
144
818
1527
529
32968
17047
195867
69565
38010
496
236764
53307
236743
236819
236819
236828
236778
236812
236812
236800
236810
236800
107
140
107
140
22539
1527
236779
177590
236779
55563
236769
236825
236764
870
236770
236764
236743
236770
236764
236743
236770
236764
236743
236778
236764
236743
236771
236764
236743
236771
2812
107
140
236778
107
140
22539
1527
236779
177590
236779
55563
236769
236770
236764
870
236771
2812
107
140
236770
107
140
22539
1527
236779
177590
236779
55563
236769
236812
236764
870
236770
236764
236743
236770
236764
236743
236771
236764
236743
236771
2812
107
140
236771
107
140
12234
108
2063
2426
236769
65127
1473
107
140
236865
31278
1594
3636
107
140
10640
11054
236769
236825
236764
870
236770
236764
236743
236770
236764
236743
236770
236764
236743
236778
236764
236743
236771
236764
236743
236771
2812
1251
236743
236778
107
140
10640
11054
236769
236770
236770
236764
870
236800
236764
236743
236800
236764
236743
236812
236764
236743
236812
236764
236743
236810
236764
236743
236810
236764
236743
236825
236764
236743
236825
236764
236743
236832
236764
236743
236832
236764
236743
236828
2812
1251
236743
236770
236800
236771
236771
236778
107
140
10640
11054
236769
236770
236819
236764
870
236770
236828
236764
236743
236770
236828
236764
236743
236770
236828
236764
236743
236770
236828
236764
236743
236770
236828
236764
236743
236770
236828
236764
236743
236770
236828
236764
236743
236770
236828
236764
236743
236770
236828
236764
236743
236770
236828
236764
236743
236770
236828
236764
236743
236770
236828
236764
236743
236770
236828
236764
236743
236770
236828
236764
236743
236770
236828
236764
236743
236770
236828
236764
236743
236770
236828
236764
236743
236770
236828
236764
236743
236770
236828
2812
1251
236743
236812
236832
236832
236825
236800
236828
236832
236771
236771
107
140
10640
11054
236769
236812
236764
870
236770
236764
236743
236770
236764
236743
236771
236764
236743
236771
2812
1251
236743
236771
107
140
107
140
236865
25275
1594
3636
107
140
10640
11054
236769
236770
236771
236764
870
236800
236764
236743
236812
236764
236743
236771
236764
236743
236800
236764
236743
236819
236764
236743
236778
236764
236743
236770
236764
236743
236810
236764
236743
236828
236764
236743
236778
2812
1251
236743
236800
236828
236812
236825
107
140
10640
11054
236769
236810
236764
870
236812
236764
236743
236812
236764
236743
236812
236764
236743
236812
236764
236743
236812
2812
1251
236743
236770
236812
107
140
10640
11054
236769
236770
236764
870
236771
2812
1251
236743
236770
107
140
10640
11054
236769
236800
236764
870
236770
236764
236743
236771
236764
236743
236771
2812
1251
236743
236771
107
140
10640
11054
236769
236810
236764
870
236812
236764
236743
236800
236764
236743
236778
236764
236743
236770
236764
236743
236771
2812
1251
236743
236770
236812
107
140
10640
11054
236769
236812
236764
870
236778
236764
236743
236778
236764
236743
236778
236764
236743
236771
2812
1251
236743
236828
107
140
10640
11054
236769
236810
236764
870
236771
236764
236743
236771
236764
236743
236771
236764
236743
236771
236764
236743
236771
2812
1251
236743
236771
107
140
10640
11054
236769
236810
236764
870
236771
236764
236743
236770
236764
236743
236778
236764
236743
236800
236764
236743
236812
2812
1251
236743
236771
107
140
10640
11054
236769
236778
236764
870
236771
236764
236743
236770
2812
1251
236743
236771
107
140
10640
11054
236769
236832
236764
870
236771
236764
236743
236770
236764
236743
236778
236764
236743
236812
236764
236743
236825
236764
236743
236770
236764
236743
236778
2812
1251
236743
236771
107
140
107
140
236865
4643
3996
1594
3636
107
140
10640
11054
236769
236832
236764
870
236800
236764
236743
236778
236764
236743
236778
236764
236743
236812
236764
236743
236771
236764
236743
236810
236764
236743
236778
2812
1251
236743
236770
236770
236770
107
140
10640
11054
236769
236770
236770
236764
870
236810
236764
236743
236770
236771
236764
236743
236770
236764
236743
236778
236764
236743
236800
236764
236743
236800
236764
236743
236771
236764
236743
236819
236764
236743
236770
236771
236764
236743
236812
236764
236743
236800
2812
1251
236743
236770
236825
236770
236810
236819
107
140
10640
11054
236769
236770
236771
236764
870
236812
236764
236743
236819
236764
236743
236819
236764
236743
236770
236764
236743
236778
236764
236743
236778
236764
236743
236810
236764
236743
236832
236764
236743
236800
236764
236743
236800
2812
1251
236743
236812
236812
236800
236800
107
140
10640
11054
236769
236825
236764
870
236800
236764
236743
236771
236764
236743
236800
236764
236743
236770
236764
236743
236771
236764
236743
236800
2812
1251
236743
236800
236800
107
140
10640
11054
236769
236770
236771
236764
870
236800
236764
236743
236771
236764
236743
236770
236764
236743
236770
236764
236743
236770
236764
236743
236800
236764
236743
236832
236764
236743
236819
236764
236743
236832
236764
236743
236819
2812
1251
236743
236800
236771
236825
236778
108
236865
6890
2426
236769
2861
236779
177590
236779
55563
236768
531
1845
7713
236761
107
2717
106
107
105
4368
107
2717
6719
107
2063
1527
236779
177590
236779
55563
236769
236749
236787
801
236764
496
236787
1694
236840
720
2812
3921
801
236787
107
140
12234
4308
506
1548
529
32968
17047
529
3861
538
600
659
195867
69565
236743
107
140
2217
5314
1082
506
2238
7501
496
236764
53307
236743
236819
236819
236828
236778
236812
236812
236800
236810
236800
236761
107
140
107
140
236776
7501
568
236847
80367
782
122440
32603
782
464
368
390
236768
563
32968
768
993
2849
782
238684
32968
17047
236743
107
140
236824
80367
649
122440
32603
649
681
236847
238684
236783
1288
600
506
184448
529
568
236847
238684
779
649
80367
649
122440
32603
649
681
236847
238684
236783
236743
107
140
495
672
1900
14339
568
236847
80367
782
122440
32603
782
464
368
390
769
669
7501
568
236771
236768
563
32968
684
8514
236761
107
140
107
140
13432
236787
107
144
236749
236787
669
3861
529
17047
531
1966
568
236770
38010
538
38010
236743
236800
237858
236770
236771
247918
236768
107
144
236746
236787
669
7593
4470
7501
529
3861
538
568
236771
38010
496
236840
236747
236842
655
538
236768
107
140
107
140
42652
236787
107
144
818
1527
529
32968
17047
195867
69565
38010
496
236764
53307
236743
236819
236819
236828
236778
236812
236812
236800
236810
236800
107
140
107
140
22539
1527
236779
177590
236779
55563
236769
236825
236764
870
236770
236764
236743
236770
236764
236743
236770
236764
236743
236778
236764
236743
236771
236764
236743
236771
2812
107
140
236778
107
140
22539
1527
236779
177590
236779
55563
236769
236770
236764
870
236771
2812
107
140
236770
107
140
22539
1527
236779
177590
236779
55563
236769
236812
236764
870
236770
236764
236743
236770
236764
236743
236771
236764
236743
236771
2812
107
140
236771
107
140
12234
107
140
584
538
1251
236743
236770
532
496
1251
870
236771
9414
107
144
2060
236743
236770
107
140
584
538
1251
236743
236825
532
496
1251
870
236770
236764
236743
236770
236764
236743
236770
236764
236743
236778
236764
236743
236771
236764
236743
236771
9414
107
144
2060
236743
236778
107
140
584
538
1251
236743
236812
532
496
1251
870
236770
236764
236743
236770
236764
236743
236771
236764
236743
236771
9414
107
144
2060
236743
236771
107
140
107
140
9601
578
236743
236819
236819
236828
236778
236812
236812
236800
236810
236800
107
140
19615
578
870
236771
236842
808
568
236749
900
236743
236770
236768
107
140
19615
236840
236771
236842
578
236743
236770
107
140
107
140
1708
858
528
2644
236769
236770
236764
538
900
236743
236770
1473
107
144
1708
673
528
2644
236769
1387
236769
236747
236764
496
236840
236747
236772
236770
236842
900
236743
236770
16644
107
148
19615
236840
236747
236842
578
568
19615
236840
236747
236842
900
21941
236840
236747
236772
236770
2812
2144
18411
107
148
107
140
2060
21941
236840
236749
236842
107
2717
106
107
105
2364
107
11069
3527
5686
8428
506
7713
236761
5715
236789
236751
506
3165
236787
107
17070
1942
568
3374
4803
2246
1774
1473
107
138
3202
137325
66801
236819
11767
236762
236874
236752
236819
236761
2551
827
1757
236743
236828
236828
236764
528
655
7498
236813
107
140
4256
236769
2861
236779
177590
236779
55563
236768
107
138
3202
137325
66801
236819
11767
236762
236874
236752
236819
236761
2551
827
1757
236743
236778
236832
236764
528
2426
107
140
10640
11054
236769
236770
236770
236764
870
236800
236764
236743
236800
236764
236743
236812
236764
236743
236812
236764
236743
236810
236764
236743
236810
236764
236743
236825
236764
236743
236825
236764
236743
236832
236764
236743
236832
236764
236743
236828
2812
1251
236743
236770
236800
236771
236771
236778
107
147
172109
172109
172109
172109
172109
172109
172109
172109
172109
172109
172109
172109
172109
172109
236884
107
132731
3494
111
2021
136030
236764
672
563
822
4209
236787
8847
506
2269
1292
14187
532
6484
2383
236764
6340
4144
506
1292
4970
532
1786
784
506
7713
236761
5213
10009
5244
98977
4455
232116
99382
108
3048
1374
20151
506
3393
611
12269
528
496
137349
3393
3355
568
1930
31608
236768
568
20890
795
85025
506
3303
5151
236768
106
107
105
4368
107
2717
6719
107
2063
1527
236779
177590
236779
55563
236769
236749
236787
801
236764
496
236787
1694
236840
720
2812
3921
801
236787
107
140
12234
4308
506
1548
529
32968
17047
529
3861
538
600
659
195867
69565
236743
107
140
2217
5314
1082
506
2238
7501
496
236764
53307
236743
236819
236819
236828
236778
236812
236812
236800
236810
236800
236761
107
140
107
140
236776
7501
568
236847
80367
782
122440
32603
782
464
368
390
236768
563
32968
768
993
2849
782
238684
32968
17047
236743
107
140
236824
80367
649
122440
32603
649
681
236847
238684
236783
1288
600
506
184448
529
568
236847
238684
779
649
80367
649
122440
32603
649
681
236847
238684
236783
236743
107
140
495
672
1900
14339
568
236847
80367
782
122440
32603
782
464
368
390
769
669
7501
568
236771
236768
563
32968
684
8514
236761
107
140
107
140
13432
236787
107
144
236749
236787
669
3861
529
17047
531
1966
568
236770
38010
538
38010
236743
236800
237858
236770
236771
247918
236768
107
144
236746
236787
669
7593
4470
7501
529
3861
538
568
236771
38010
496
236840
236747
236842
655
538
236768
107
140
107
140
42652
236787
107
144
818
1527
529
32968
17047
195867
69565
38010
496
236764
53307
236743
236819
236819
236828
236778
236812
236812
236800
236810
236800
107
140
107
140
22539
1527
236779
177590
236779
55563
236769
236825
236764
870
236770
236764
236743
236770
236764
236743
236770
236764
236743
236778
236764
236743
236771
236764
236743
236771
2812
107
140
236778
107
140
22539
1527
236779
177590
236779
55563
236769
236770
236764
870
236771
2812
107
140
236770
107
140
22539
1527
236779
177590
236779
55563
236769
236812
236764
870
236770
236764
236743
236770
236764
236743
236771
236764
236743
236771
2812
107
140
236771
107
140
12234
107
140
584
538
1251
236743
236770
532
496
1251
870
236771
9414
107
144
2060
236743
236770
107
140
584
538
1251
236743
236825
532
496
1251
870
236770
236764
236743
236770
236764
236743
236770
236764
236743
236778
236764
236743
236771
236764
236743
236771
9414
107
144
2060
236743
236778
107
140
584
538
1251
236743
236812
532
496
1251
870
236770
236764
236743
236770
236764
236743
236771
236764
236743
236771
9414
107
144
2060
236743
236771
107
140
107
140
9601
578
236743
236819
236819
236828
236778
236812
236812
236800
236810
236800
107
140
19615
578
870
236771
236842
808
568
236749
900
236743
236770
236768
107
140
19615
236840
236771
236842
578
236743
236770
107
140
107
140
1708
858
528
2644
236769
236770
236764
538
900
236743
236770
1473
107
144
1708
673
528
2644
236769
1387
236769
236747
236764
496
236840
236747
236772
236770
236842
900
236743
236770
16644
107
148
19615
236840
236747
236842
578
568
19615
236840
236747
236842
900
21941
236840
236747
236772
236770
2812
2144
18411
107
148
107
140
584
538
1251
236743
236770
236770
532
496
1251
870
236800
236764
236743
236800
236764
236743
236812
236764
236743
236812
236764
236743
236810
236764
236743
236810
236764
236743
236825
236764
236743
236825
236764
236743
236832
236764
236743
236832
236764
236743
236828
9414
107
144
2060
236743
236770
236800
236771
236771
236778
107
140
107
140
2060
21941
236840
236749
236842
107
2717
106
107
105
2364
107
11069
3527
5686
8428
506
7713
236761
5715
236789
236751
506
3165
236787
107
17070
1942
568
3374
4803
2246
1774
1473
107
138
3202
137325
236760
14702
236935
43253
236778
236776
582
236761
2551
827
1757
236743
236819
236770
236764
528
655
7498
236813
107
140
4256
236769
2861
236779
177590
236779
55563
236768
107
138
3202
137325
236760
14702
236935
43253
236778
236776
582
236761
2551
827
1757
236743
236778
236828
236764
528
2426
107
140
10640
11054
236769
236770
236819
236764
870
236770
236828
236764
236743
236770
236828
236764
236743
236770
236828
236764
236743
236770
236828
236764
236743
236770
236828
236764
236743
236770
236828
236764
236743
236770
236828
236764
236743
236770
236828
236764
236743
236770
236828
236764
236743
236770
236828
236764
236743
236770
236828
236764
236743
236770
236828
236764
236743
236770
236828
236764
236743
236770
236828
236764
236743
236770
236828
236764
236743
236770
236828
236764
236743
236770
236828
236764
236743
236770
236828
236764
236743
236770
236828
2812
1251
236743
236812
236832
236832
236825
236800
236828
236832
236771
236771
107
147
172109
172109
172109
172109
172109
172109
172109
172109
172109
172109
172109
172109
172109
172109
172109
172109
172109
172109
172109
172109
172109
172109
172109
172109
172109
172109
107
132731
3494
111
2021
136030
236764
672
563
822
4209
236787
8847
506
2269
1292
14187
532
6484
2383
236764
6340
4144
506
1292
4970
532
1786
784
506
7713
236761
5213
10009
5244
98977
4455
232116
99382
108
3048
1374
20151
506
3393
611
12269
528
496
137349
3393
3355
568
1930
31608
236768
568
20890
795
85025
506
3303
5151
236768
106
107
105
4368
107
2717
6719
107
2063
1527
236779
177590
236779
55563
236769
236749
236787
801
236764
496
236787
1694
236840
720
2812
3921
801
236787
107
140
12234
4308
506
1548
529
32968
17047
529
3861
538
600
659
195867
69565
236743
107
140
2217
5314
1082
506
2238
7501
496
236764
53307
236743
236819
236819
236828
236778
236812
236812
236800
236810
236800
236761
107
140
107
140
236776
7501
568
236847
80367
782
122440
32603
782
464
368
390
236768
563
32968
768
993
2849
782
238684
32968
17047
236743
107
140
236824
80367
649
122440
32603
649
681
236847
238684
236783
1288
600
506
184448
529
568
236847
238684
779
649
80367
649
122440
32603
649
681
236847
238684
236783
236743
107
140
495
672
1900
14339
568
236847
80367
782
122440
32603
782
464
368
390
769
669
7501
568
236771
236768
563
32968
684
8514
236761
107
140
107
140
13432
236787
107
144
236749
236787
669
3861
529
17047
531
1966
568
236770
38010
538
38010
236743
236800
237858
236770
236771
247918
236768
107
144
236746
236787
669
7593
4470
7501
529
3861
538
568
236771
38010
496
236840
236747
236842
655
538
236768
107
140
107
140
42652
236787
107
144
818
1527
529
32968
17047
195867
69565
38010
496
236764
53307
236743
236819
236819
236828
236778
236812
236812
236800
236810
236800
107
140
107
140
22539
1527
236779
177590
236779
55563
236769
236825
236764
870
236770
236764
236743
236770
236764
236743
236770
236764
236743
236778
236764
236743
236771
236764
236743
236771
2812
107
140
236778
107
140
22539
1527
236779
177590
236779
55563
236769
236770
236764
870
236771
2812
107
140
236770
107
140
22539
1527
236779
177590
236779
55563
236769
236812
236764
870
236770
236764
236743
236770
236764
236743
236771
236764
236743
236771
2812
107
140
236771
107
140
12234
107
140
584
538
1251
236743
236770
532
496
1251
870
236771
9414
107
144
2060
236743
236770
107
140
584
538
1251
236743
236825
532
496
1251
870
236770
236764
236743
236770
236764
236743
236770
236764
236743
236778
236764
236743
236771
236764
236743
236771
9414
107
144
2060
236743
236778
107
140
584
538
1251
236743
236812
532
496
1251
870
236770
236764
236743
236770
236764
236743
236771
236764
236743
236771
9414
107
144
2060
236743
236771
107
140
107
140
9601
578
236743
236819
236819
236828
236778
236812
236812
236800
236810
236800
107
140
19615
578
870
236771
236842
808
568
236749
900
236743
236770
236768
107
140
19615
236840
236771
236842
578
236743
236770
107
140
107
140
1708
858
528
2644
236769
236770
236764
538
900
236743
236770
1473
107
144
1708
673
528
2644
236769
1387
236769
236747
236764
496
236840
236747
236772
236770
236842
900
236743
236770
16644
107
148
19615
236840
236747
236842
578
568
19615
236840
236747
236842
900
21941
236840
236747
236772
236770
2812
2144
18411
107
148
107
140
584
538
1251
236743
236770
236770
532
496
1251
870
236800
236764
236743
236800
236764
236743
236812
236764
236743
236812
236764
236743
236810
236764
236743
236810
236764
236743
236825
236764
236743
236825
236764
236743
236832
236764
236743
236832
236764
236743
236828
9414
107
144
2060
236743
236770
236800
236771
236771
236778
107
140
584
538
1251
236743
236770
236819
532
496
1251
870
236770
236828
236764
236743
236770
236828
236764
236743
236770
236828
236764
236743
236770
236828
236764
236743
236770
236828
236764
236743
236770
236828
236764
236743
236770
236828
236764
236743
236770
236828
236764
236743
236770
236828
236764
236743
236770
236828
236764
236743
236770
236828
236764
236743
236770
236828
236764
236743
236770
236828
236764
236743
236770
236828
236764
236743
236770
236828
236764
236743
236770
236828
236764
236743
236770
236828
236764
236743
236770
236828
236764
236743
236770
236828
9414
107
144
2060
236743
236812
236832
236832
236825
236800
236828
236832
236771
236771
107
140
107
140
2060
21941
236840
236749
236842
107
2717
106
107