105
2364
107
6190
506
2269
1292
14187
532
6484
2383
236764
6340
4144
506
1292
4970
532
1786
784
506
7713
236761
5213
10009
5244
98977
4455
232116
99382
108
3048
1374
20151
506
3393
611
12269
528
496
137349
3393
3355
568
1930
31608
236768
568
20890
795
85025
506
3303
5151
236768
108
2717
107
2063
1322
236779
68382
236779
1071
236779
500
139877
236769
236749
236787
801
236764
503
236787
1540
236764
494
236787
1540
236768
3921
801
236787
107
140
12234
17770
1156
16587
503
532
494
529
3861
538
17520
529
756
236799
236789
532
756
236824
236789
7579
236764
107
140
102820
506
7081
1548
529
6675
4354
531
4959
506
4068
9831
503
107
140
15040
506
3328
9831
494
236761
107
140
107
140
96727
236764
993
659
538
23795
7006
528
3874
236743
236770
531
538
3894
531
2483
503
236764
107
140
3350
756
236824
236789
9282
496
2173
10810
532
756
236799
236789
9282
496
2764
10810
236761
107
140
3810
659
992
1156
7738
3874
657
10681
538
236862
236770
532
538
236862
236778
236761
107
140
107
140
902
886
5585
236764
611
740
236787
107
140
236772
23399
1156
18191
3874
600
1800
3014
23795
107
140
236772
19044
1239
1156
23795
531
506
1156
7738
3874
1651
39983
910
1900
107
140
107
140
13293
506
7081
1548
529
6675
4354
531
6350
9831
494
236764
107
140
504
753
236770
768
625
236789
236751
11449
236761
107
140
107
140
13432
236787
107
144
236749
236787
9661
529
23795
568
236778
6605
538
6605
236743
236770
236812
236768
107
144
236751
236787
20879
9831
2483
529
3861
538
107
144
236745
236787
23170
9831
2483
529
3861
538
107
140
107
140
42652
236787
107
144
41802
1548
529
6675
236764
653
753
236770
768
11449
107
140
107
140
22539
1322
236779
68382
236779
1071
236779
500
139877
236769
236825
236764
756
236799
226602
236824
963
756
131073
126310
1606
107
140
236812
107
140
22539
1322
236779
68382
236779
1071
236779
500
139877
236769
236825
236764
756
20804
20804
20804
963
756
46489
46489
46489
1606
107
140
236772
236770
107
140
22539
1322
236779
68382
236779
1071
236779
500
139877
236769
236800
236764
756
20804
236824
963
756
20804
236824
1606
107
140
236771
107
140
12234
108
2063
2426
236769
65127
1473
107
140
236865
31278
1594
3636
107
140
10640
11054
236769
236825
236764
756
236799
226602
236824
963
756
131073
126310
1606
1251
236743
236812
107
140
10640
11054
236769
236825
236764
756
20804
20804
20804
963
756
46489
46489
46489
1606
1251
753
236770
107
140
10640
11054
236769
236770
236812
236764
756
126310
43121
131073
20804
236824
43121
236824
963
756
43121
46489
20804
46489
43121
236824
126310
1606
1251
236743
236832
107
140
107
140
236865
25275
1594
3636
107
140
10640
11054
236769
236770
236771
236764
756
20804
126310
43121
131073
963
756
20804
46489
131073
126310
1606
1251
753
236770
107
140
10640
11054
236769
236770
236812
236764
756
226602
226602
226602
43121
963
756
46489
46489
131073
20804
20804
126310
1606
1251
236743
236828
107
140
10640
11054
236769
236770
236812
236764
756
75007
20804
75007
20804
236824
20804
236824
20804
963
756
46489
46489
20804
20804
20804
20804
20804
1606
1251
236743
236828
107
140
10640
11054
236769
236770
236812
236764
756
75007
20804
20804
20804
20804
20804
20804
963
756
236824
20804
20804
20804
20804
20804
126310
1606
1251
236743
236812
107
140
10640
11054
236769
236812
236764
756
46489
20804
963
756
20804
46489
1606
1251
236743
236800
107
140
10640
11054
236769
236770
236778
236764
756
43121
131073
43121
236824
20804
20804
963
756
20804
20804
20804
46489
46489
46489
1606
1251
236743
236832
107
140
10640
11054
236769
236800
236764
756
20804
236824
963
756
20804
236824
1606
1251
236743
236771
107
140
10640
11054
236769
236770
236812
236764
756
236799
43121
131073
20804
43121
236824
43121
236824
963
756
131073
20804
75007
226602
236824
43121
1606
1251
236743
236819
107
140
10640
11054
236769
236800
236764
756
20804
236824
963
756
236824
20804
1606
1251
753
236770
107
140
10640
11054
236769
236778
236764
756
75007
963
756
43121
1606
1251
753
236770
107
140
10640
11054
236769
236778
236764
756
75007
963
756
75007
1606
1251
236743
236771
107
140
10640
11054
236769
236770
236778
236764
756
226602
43121
236824
20804
126310
963
756
20804
20804
20804
20804
46489
46489
1606
1251
236743
236828
107
140
10640
11054
236769
236770
236812
236764
756
46489
46489
46489
46489
46489
46489
46489
963
756
46489
46489
46489
46489
46489
46489
46489
1606
1251
236743
236771
107
140
10640
11054
236769
236770
236812
236764
756
20804
43121
236824
20804
20804
20804
126310
963
756
46489
20804
20804
20804
20804
20804
20804
1606
1251
236743
236810
107
140
10640
11054
236769
236819
236764
756
226602
43121
131073
963
756
46489
46489
46489
126310
1606
1251
236743
236825
107
140
10640
11054
236769
236812
236764
756
46489
20804
963
756
226602
1606
1251
753
236770
107
140
10640
11054
236769
236770
236812
236764
756
131073
43121
236824
43121
236824
43121
131073
963
756
126310
46489
46489
46489
46489
131073
1606
1251
236743
236832
107
140
10640
11054
236769
236770
236812
236764
756
43121
236824
20804
75007
43121
236824
20804
43121
963
756
126310
131073
20804
43121
236824
20804
236824
1606
1251
236743
236819
107
140
10640
11054
236769
236812
236764
756
20804
46489
963
756
46489
20804
1606
1251
236743
236800
107
140
10640
11054
236769
236770
236812
236764
756
236799
226602
226602
226602
236824
963
756
236799
226602
226602
226602
236824
1606
1251
236743
236771
108
236865
6890
2426
236769
1387
236779
68382
236779
1071
236779
500
139877
236768
531
1845
7713
236761
107
2717
106
107
105
4368
107
2717
6719
107
2063
1322
236779
68382
236779
1071
236779
500
139877
236769
236749
236787
801
236764
503
236787
1540
236764
494
236787
1540
236768
3921
801
236787
107
140
12234
17770
1156
16587
503
532
494
529
3861
538
17520
529
756
236799
236789
532
756
236824
236789
7579
236764
107
140
102820
506
7081
1548
529
6675
4354
531
4959
506
4068
9831
503
107
140
15040
506
3328
9831
494
236761
107
140
107
140
96727
236764
993
659
538
23795
7006
528
3874
236743
236770
531
538
3894
531
2483
503
236764
107
140
3350
756
236824
236789
9282
496
2173
10810
532
756
236799
236789
9282
496
2764
10810
236761
107
140
3810
659
992
1156
7738
3874
657
10681
538
236862
236770
532
538
236862
236778
236761
107
140
107
140
902
886
5585
236764
611
740
236787
107
140
236772
23399
1156
18191
3874
600
1800
3014
23795
107
140
236772
19044
1239
1156
23795
531
506
1156
7738
3874
1651
39983
910
1900
107
140
107
140
13293
506
7081
1548
529
6675
4354
531
6350
9831
494
236764
107
140
504
753
236770
768
625
236789
236751
11449
236761
107
140
107
140
13432
236787
107
144
236749
236787
9661
529
23795
568
236778
6605
538
6605
236743
236770
236812
236768
107
144
236751
236787
20879
9831
2483
529
3861
538
107
144
236745
236787
23170
9831
2483
529
3861
538
107
140
107
140
42652
236787
107
144
41802
1548
529
6675
236764
653
753
236770
768
11449
107
140
107
140
22539
1322
236779
68382
236779
1071
236779
500
139877
236769
236825
236764
756
236799
226602
236824
963
756
131073
126310
1606
107
140
236812
107
140
22539
1322
236779
68382
236779
1071
236779
500
139877
236769
236825
236764
756
20804
20804
20804
963
756
46489
46489
46489
1606
107
140
236772
236770
107
140
22539
1322
236779
68382
236779
1071
236779
500
139877
236769
236800
236764
756
20804
236824
963
756
20804
236824
1606
107
140
236771
107
140
12234
107
140
584
19372
236769
236751
236768
2843
19372
236769
236745
1473
107
144
2060
753
236770
107
140
107
140
584
503
1251
494
236787
107
144
2060
236743
236771
108
140
2861
578
236743
236771
107
140
236747
578
236743
236771
107
140
6858
858
655
538
236787
107
144
584
503
236840
236747
236842
2843
494
236840
236747
9414
107
148
2861
3323
236743
236770
107
144
236747
3323
236743
236770
107
140
107
140
584
538
1251
236743
236825
532
503
1251
756
236799
226602
236824
236789
532
494
1251
756
131073
126310
2632
107
144
2060
236743
236812
107
140
584
538
1251
236743
236825
532
503
1251
756
20804
20804
20804
236789
532
494
1251
756
46489
46489
46489
2632
107
144
2060
753
236770
107
140
584
538
1251
236743
236800
532
503
1251
756
20804
236824
236789
532
494
1251
756
20804
236824
2632
107
144
2060
236743
236771
107
140
107
140
584
538
1251
236743
236778
532
503
1251
756
75007
236789
532
494
1251
756
43121
2632
107
144
2060
753
236770
107
140
107
140
584
538
1251
236743
236778
532
503
1251
756
75007
236789
532
494
1251
756
75007
2632
107
144
2060
236743
236771
108
140
584
538
1251
236743
236812
532
503
1251
756
46489
20804
236789
532
494
1251
756
20804
46489
2632
107
144
2060
236743
236800
107
140
107
140
584
538
1251
236743
236812
532
503
1251
756
46489
20804
236789
532
494
1251
756
226602
2632
107
144
2060
753
236770
107
140
107
140
2060
1527
107
2717
106
107
105
2364
107
11069
3527
5686
8428
506
7713
236761
5715
236789
236751
506
3165
236787
107
17070
1942
568
3374
4803
2246
1774
1473
107
138
3202
137325
27989
28671
3806
236863
236771
236759
236761
2551
827
1757
236743
236770
236778
236810
236764
528
655
7498
236813
107
140
4256
236769
1387
236779
68382
236779
1071
236779
500
139877
236768
107
138
3202
137325
27989
28671
3806
236863
236771
236759
236761
2551
827
1757
236743
236800
236832
236764
528
2426
107
140
10640
11054
236769
236770
236812
236764
756
126310
43121
131073
20804
236824
43121
236824
963
756
43121
46489
20804
46489
43121
236824
126310
1606
1251
236743
236832
107
147
172109
172109
172109
172109
172109
172109
172109
172109
172109
172109
172109
172109
172109
38825
107
132731
3494
111
2021
136030
236764
672
563
822
4209
236787
8847
506
2269
1292
14187
532
6484
2383
236764
6340
4144
506
1292
4970
532
1786
784
506
7713
236761
5213
10009
5244
98977
4455
232116
99382
108
3048
1374
20151
506
3393
611
12269
528
496
137349
3393
3355
568
1930
31608
236768
568
20890
795
85025
506
3303
5151
236768
106
107
105
4368
107
2717
6719
107
2063
1322
236779
68382
236779
1071
236779
500
139877
236769
236749
236787
801
236764
503
236787
1540
236764
494
236787
1540
236768
3921
801
236787
107
140
12234
17770
1156
16587
503
532
494
529
3861
538
17520
529
756
236799
236789
532
756
236824
236789
7579
236764
107
140
102820
506
7081
1548
529
6675
4354
531
4959
506
4068
9831
503
107
140
15040
506
3328
9831
494
236761
107
140
107
140
96727
236764
993
659
538
23795
7006
528
3874
236743
236770
531
538
3894
531
2483
503
236764
107
140
3350
756
236824
236789
9282
496
2173
10810
532
756
236799
236789
9282
496
2764
10810
236761
107
140
3810
659
992
1156
7738
3874
657
10681
538
236862
236770
532
538
236862
236778
236761
107
140
107
140
902
886
5585
236764
611
740
236787
107
140
236772
23399
1156
18191
3874
600
1800
3014
23795
107
140
236772
19044
1239
1156
23795
531
506
1156
7738
3874
1651
39983
910
1900
107
140
107
140
13293
506
7081
1548
529
6675
4354
531
6350
9831
494
236764
107
140
504
753
236770
768
625
236789
236751
11449
236761
107
140
107
140
13432
236787
107
144
236749
236787
9661
529
23795
568
236778
6605
538
6605
236743
236770
236812
236768
107
144
236751
236787
20879
9831
2483
529
3861
538
107
144
236745
236787
23170
9831
2483
529
3861
538
107
140
107
140
42652
236787
107
144
41802
1548
529
6675
236764
653
753
236770
768
11449
107
140
107
140
22539
1322
236779
68382
236779
1071
236779
500
139877
236769
236825
236764
756
236799
226602
236824
963
756
131073
126310
1606
107
140
236812
107
140
22539
1322
236779
68382
236779
1071
236779
500
139877
236769
236825
236764
756
20804
20804
20804
963
756
46489
46489
46489
1606
107
140
236772
236770
107
140
22539
1322
236779
68382
236779
1071
236779
500
139877
236769
236800
236764
756
20804
236824
963
756
20804
236824
1606
107
140
236771
107
140
12234
107
140
584
19372
236769
236751
236768
2843
19372
236769
236745
1473
107
144
2060
753
236770
107
140
107
140
584
503
1251
494
236787
107
144
2060
236743
236771
108
140
236757
1929
117947
578
236743
236771
107
140
1708
858
528
2644
236769
236749
1473
107
144
584
503
236840
236747
236842
2843
494
236840
236747
9414
107
148
236757
1929
117947
3323
236743
236770
108
140
584
538
1251
236743
236825
532
503
1251
756
236799
226602
236824
236789
532
494
1251
756
131073
126310
2632
107
144
2060
236743
236812
107
140
584
538
1251
236743
236825
532
503
1251
756
20804
20804
20804
236789
532
494
1251
756
46489
46489
46489
2632
107
144
2060
753
236770
107
140
584
538
1251
236743
236800
532
503
1251
756
20804
236824
236789
532
494
1251
756
20804
236824
2632
107
144
2060
236743
236771
107
140
107
140
584
538
1251
236743
236778
532
503
1251
756
75007
236789
532
494
1251
756
43121
2632
107
144
2060
753
236770
107
140
107
140
584
538
1251
236743
236778
532
503
1251
756
75007
236789
532
494
1251
756
75007
2632
107
144
2060
236743
236771
108
140
584
538
1251
236743
236812
532
503
1251
756
46489
20804
236789
532
494
1251
756
20804
46489
2632
107
144
2060
236743
236800
107
140
107
140
584
538
1251
236743
236812
532
503
1251
756
46489
20804
236789
532
494
1251
756
226602
2632
107
144
2060
753
236770
107
140
107
140
584
538
1251
236743
236770
236812
532
503
1251
756
126310
43121
131073
20804
236824
43121
236824
236789
532
494
1251
756
43121
46489
20804
46489
43121
236824
126310
2632
107
144
2060
236743
236832
107
140
107
140
2060
31085
117947
973
236743
236778
107
2717
106
107
105
2364
107
11069
3527
5686
8428
506
7713
236761
5715
236789
236751
506
3165
236787
107
17070
1942
568
3374
4803
2246
1774
1473
107
138
3202
137325
85703
236836
13551
236828
236771
236836
22591
236761
2551
827
1757
236743
236770
236778
236825
236764
528
655
7498
236813
107
140
4256
236769
1387
236779
68382
236779
1071
236779
500
139877
236768
107
138
3202
137325
85703
236836
13551
236828
236771
236836
22591
236761
2551
827
1757
236743
236812
236770
236764
528
2426
107
140
10640
11054
236769
236770
236812
236764
756
226602
226602
226602
43121
963
756
46489
46489
131073
20804
20804
126310
1606
1251
236743
236828
107
147
172109
172109
172109
172109
172109
172109
172109
172109
172109
172109
172109
172109
172109
38825
107
132731
3494
111
2021
136030
236764
672
563
822
4209
236787
8847
506
2269
1292
14187
532
6484
2383
236764
6340
4144
506
1292
4970
532
1786
784
506
7713
236761
5213
10009
5244
98977
4455
232116
99382
108
3048
1374
20151
506
3393
611
12269
528
496
137349
3393
3355
568
1930
31608
236768
568
20890
795
85025
506
3303
5151
236768
106
107
105
4368
107
2717
6719
107
2063
1322
236779
68382
236779
1071
236779
500
139877
236769
236749
236787
801
236764
503
236787
1540
236764
494
236787
1540
236768
3921
801
236787
107
140
12234
17770
1156
16587
503
532
494
529
3861
538
17520
529
756
236799
236789
532
756
236824
236789
7579
236764
107
140
102820
506
7081
1548
529
6675
4354
531
4959
506
4068
9831
503
107
140
15040
506
3328
9831
494
236761
107
140
107
140
96727
236764
993
659
538
23795
7006
528
3874
236743
236770
531
538
3894
531
2483
503
236764
107
140
3350
756
236824
236789
9282
496
2173
10810
532
756
236799
236789
9282
496
2764
10810
236761
107
140
3810
659
992
1156
7738
3874
657
10681
538
236862
236770
532
538
236862
236778
236761
107
140
107
140
902
886
5585
236764
611
740
236787
107
140
236772
23399
1156
18191
3874
600
1800
3014
23795
107
140
236772
19044
1239
1156
23795
531
506
1156
7738
3874
1651
39983
910
1900
107
140
107
140
13293
506
7081
1548
529
6675
4354
531
6350
9831
494
236764
107
140
504
753
236770
768
625
236789
236751
11449
236761
107
140
107
140
13432
236787
107
144
236749
236787
9661
529
23795
568
236778
6605
538
6605
236743
236770
236812
236768
107
144
236751
236787
20879
9831
2483
529
3861
538
107
144
236745
236787
23170
9831
2483
529
3861
538
107
140
107
140
42652
236787
107
144
41802
1548
529
6675
236764
653
753
236770
768
11449
107
140
107
140
22539
1322
236779
68382
236779
1071
236779
500
139877
236769
236825
236764
756
236799
226602
236824
963
756
131073
126310
1606
107
140
236812
107
140
22539
1322
236779
68382
236779
1071
236779
500
139877
236769
236825
236764
756
20804
20804
20804
963
756
46489
46489
46489
1606
107
140
236772
236770
107
140
22539
1322
236779
68382
236779
1071
236779
500
139877
236769
236800
236764
756
20804
236824
963
756
20804
236824
1606
107
140
236771
107
140
12234
107
140
584
19372
236769
236751
236768
2843
19372
236769
236745
1473
107
144
2060
753
236770
107
140
107
140
584
503
1251
494
236787
107
144
2060
236743
236771
108
140
68382
578
236743
236771
107
140
1708
858
528
2644
236769
236749
1473
107
144
584
503
236840
236747
236842
2843
494
236840
236747
9414
107
148
68382
3323
236743
236770
107
140
107
140
584
538
1251
236743
236825
532
503
1251
756
236799
226602
236824
236789
532
494
1251
756
131073
126310
2632
107
144
2060
236743
236812
107
140
584
538
1251
236743
236825
532
503
1251
756
20804
20804
20804
236789
532
494
1251
756
46489
46489
46489
2632
107
144
2060
753
236770
107
140
584
538
1251
236743
236800
532
503
1251
756
20804
236824
236789
532
494
1251
756
20804
236824
2632
107
144
2060
236743
236771
107
140
107
140
584
538
1251
236743
236778
532
503
1251
756
75007
236789
532
494
1251
756
43121
2632
107
144
2060
753
236770
107
140
107
140
584
538
1251
236743
236778
532
503
1251
756
75007
236789
532
494
1251
756
75007
2632
107
144
2060
236743
236771
108
140
584
538
1251
236743
236812
532
503
1251
756
46489
20804
236789
532
494
1251
756
20804
46489
2632
107
144
2060
236743
236800
107
140
107
140
584
538
1251
236743
236812
532
503
1251
756
46489
20804
236789
532
494
1251
756
226602
2632
107
144
2060
753
236770
107
140
107
140
584
538
1251
236743
236770
236812
532
503
1251
756
126310
43121
131073
20804
236824
43121
236824
236789
532
494
1251
756
43121
46489
20804
46489
43121
236824
126310
2632
107
144
2060
236743
236832
107
140
107
140
584
538
1251
236743
236770
236812
532
503
1251
756
226602
226602
226602
43121
236789
532
494
1251
756
46489
46489
131073
20804
20804
126310
2632
107
144
2060
236743
236828
107
140
107
140
584
6675
2144
236743
236778
2843
236743
236771
236787
107
144
2060
753
236770
108
140
2060
6675
973
236743
236778
107
2717
106
107