105
2364
107
6190
506
2269
1292
14187
532
6484
2383
236764
6340
4144
506
1292
4970
532
1786
784
506
7713
236761
5213
10009
5244
98977
4455
232116
99382
108
3048
1374
20151
506
3393
611
12269
528
496
137349
3393
3355
568
1930
31608
236768
568
20890
795
85025
506
3303
5151
236768
108
2717
107
2543
28751
1419
4361
236764
76272
109
2063
740
236779
26358
236779
643
236769
236749
236787
801
236764
520
236787
801
236764
496
236787
801
236764
518
236787
801
236764
4287
236779
95829
236787
4361
236840
36805
236840
720
236764
801
32215
3921
7014
236787
107
140
12234
32814
768
625
236789
236751
2653
531
2827
699
6281
236743
236770
531
6281
646
684
26654
28236
236761
107
140
107
140
3810
659
646
23441
19587
528
496
2050
236764
26777
236743
236770
531
646
236761
1599
1502
657
6281
236743
236770
532
1461
531
5370
6281
646
236761
107
140
902
1546
2827
236764
768
611
236789
500
657
6281
1123
236764
611
740
9212
531
6281
1123
900
858
1298
236787
107
140
236772
496
6605
858
6605
518
107
140
236772
1123
900
858
6605
538
107
140
236772
6281
1123
900
858
563
711
528
1027
529
506
4287
20312
107
140
107
140
236776
6281
673
563
4287
768
993
7519
1070
8448
568
236752
236779
236747
236764
637
236779
236747
236768
1288
600
537
236779
236747
6605
673
6605
637
236779
236747
236761
107
140
107
140
13432
236787
107
144
236749
236787
669
1548
529
23441
568
236778
6605
538
6605
236743
236770
236771
236884
236770
236778
236768
107
144
236757
236787
669
1548
529
4287
20312
568
236771
6605
520
6605
236743
236778
236829
236770
236771
236884
236812
236768
107
144
236746
236787
669
7081
9212
2425
568
236770
6605
496
6605
518
6605
236743
236778
236771
236768
107
144
236763
236787
669
5783
9212
2425
107
144
15242
236779
95829
236787
4361
529
119743
568
236752
236779
236747
236764
637
236779
236747
236768
13855
4287
20312
236761
107
158
818
20312
659
19372
532
1908
236772
208702
236761
107
140
107
140
42652
236787
107
144
4339
768
625
236789
236751
2653
531
5370
6281
538
699
6281
236743
236770
236764
8450
7394
236761
107
140
107
140
22539
740
236779
26358
236779
643
236769
236778
236812
236764
236743
236778
236764
236743
236800
236764
236743
236810
236764
21652
236832
236764
236743
236828
779
568
236770
236832
236764
236743
236778
236771
44538
107
140
4339
107
140
22539
740
236779
26358
236779
643
236769
236800
236771
236764
236743
236770
236764
236743
236810
236764
236743
236828
236764
21652
236812
236764
236743
236778
236812
44538
107
140
9277
107
140
22539
740
236779
26358
236779
643
236769
236770
236771
236771
236764
236743
236812
236764
236743
236770
236771
236764
236743
236770
236770
236764
21652
236770
236825
236764
236743
236770
236828
779
568
236800
236819
236764
236743
236812
236778
779
568
236810
236771
236764
236743
236810
236810
779
568
236819
236800
236764
236743
236819
236819
44538
107
140
4339
107
140
12234
108
2063
2426
236769
65127
1473
107
140
236865
5803
3636
699
506
2608
107
140
10640
11054
236769
236778
236812
236764
236743
236778
236764
236743
236800
236764
236743
236810
236764
21652
236832
236764
236743
236828
779
568
236770
236832
236764
236743
236778
236771
44538
1251
6288
107
140
10640
11054
236769
236800
236771
236764
236743
236770
236764
236743
236810
236764
236743
236828
236764
21652
236812
236764
236743
236778
236812
44538
1251
8450
107
140
10640
11054
236769
236770
236771
236771
236764
236743
236812
236764
236743
236770
236771
236764
236743
236770
236770
236764
21652
236770
236825
236764
236743
236770
236828
779
568
236800
236819
236764
236743
236812
236778
779
568
236810
236771
236764
236743
236810
236810
779
568
236819
236800
236764
236743
236819
236819
44538
1251
6288
107
140
107
140
236865
25275
1594
3636
107
140
10640
11054
236769
236800
236764
236743
236770
236764
236743
236770
236764
236743
236770
236764
21652
236778
236764
236743
236778
44538
1251
8450
107
140
10640
11054
236769
236770
236812
236819
236764
236743
236771
236764
236743
236832
236764
236743
236770
236800
236764
60227
1251
6288
107
140
10640
11054
236769
236832
236825
236764
236743
236771
236764
236743
236770
236812
236764
236743
236770
236812
236764
60227
1251
8450
107
140
10640
11054
236769
236770
236825
236832
236764
236743
236770
236764
236743
236770
236770
236764
236743
236770
236825
236764
21652
236778
236764
236743
236800
44538
1251
6288
107
140
10640
11054
236769
236770
236771
236771
236771
236771
236771
236771
236771
236771
236771
236771
236771
236771
236764
236743
236810
236764
236743
236810
236764
236743
236778
236771
236764
21652
236778
236764
236743
236800
779
568
236770
236771
236764
236743
236770
236810
779
568
236819
236819
236764
236743
236770
236771
236771
779
568
236778
236771
236771
236764
236743
236778
236771
236771
779
568
236819
236819
236819
236819
236819
236819
236819
236819
236819
236819
236819
236819
236764
236743
236819
236819
236819
236819
236819
236819
236819
236819
236819
236819
236819
236819
44538
1251
6288
107
140
107
140
236865
5803
607
5065
4287
20312
107
140
10640
11054
236769
236778
236771
236764
236743
236825
236764
236743
236778
236764
236743
236800
236764
21652
236778
236764
236743
236778
779
568
236800
236764
236743
236800
779
568
236812
236764
236743
236812
779
568
236810
236764
236743
236810
779
568
236832
236764
236743
236832
779
568
236819
236764
236743
236819
44538
1251
8450
107
140
10640
11054
236769
236778
236810
236764
236743
236825
236764
236743
236812
236764
236743
236770
236778
236764
21652
236778
236764
236743
236812
779
568
236825
236764
236743
236819
779
568
236770
236770
236764
236743
236770
236810
779
568
236770
236825
236764
236743
236770
236825
779
568
236770
236828
236764
236743
236770
236819
779
568
236778
236770
236764
236743
236778
236812
44538
1251
6288
107
140
107
140
236865
20090
3636
107
140
10640
11054
236769
236770
236771
236832
236764
236743
236770
236778
236764
236743
236770
236778
236764
236743
236770
236778
236764
21652
236778
236764
236743
236810
779
568
236825
236764
236743
236819
779
568
236770
236771
236764
236743
236770
236800
779
568
236770
236810
236764
236743
236770
236819
779
568
236778
236770
236764
236743
236778
236770
779
568
236778
236800
236764
236743
236778
236800
779
568
236778
236812
236764
236743
236778
236812
779
568
236778
236810
236764
236743
236778
236832
779
568
236778
236828
236764
236743
236800
236771
779
568
236800
236778
236764
236743
236800
236800
779
568
236800
236810
236764
236743
236800
236832
779
568
236800
236819
236764
236743
236812
236800
44538
1251
8450
107
140
10640
11054
236769
236770
236778
236819
236764
236743
236778
236810
236764
236743
236770
236764
236743
236770
236770
236764
21652
236778
236764
236743
236778
779
568
236800
236764
236743
236825
779
568
236832
236764
236743
236819
779
568
236770
236771
236764
236743
236770
236800
779
568
236770
236812
236764
236743
236770
236812
779
568
236770
236810
236764
236743
236770
236810
779
568
236770
236825
236764
236743
236770
236832
779
568
236770
236828
236764
236743
236778
236771
779
568
236778
236778
236764
236743
236778
236800
779
568
236778
236810
236764
236743
236778
236819
779
568
236800
236770
236764
236743
236800
236810
779
568
236800
236832
236764
236743
236800
236832
779
568
236800
236828
236764
236743
236812
236771
779
568
236812
236770
236764
236743
236812
236800
779
568
236812
236812
236764
236743
236812
236810
779
568
236812
236825
236764
236743
236810
236771
779
568
236810
236770
236764
236743
236810
236770
779
568
236810
236800
236764
236743
236810
236800
779
568
236810
236812
236764
236743
236810
236828
779
568
236825
236771
236764
236743
236825
236771
779
568
236825
236778
236764
236743
236825
236810
779
568
236825
236825
236764
236743
236832
236771
779
568
236832
236778
236764
236743
236832
236810
779
568
236832
236825
236764
236743
236832
236832
779
568
236832
236819
236764
236743
236828
236771
44538
1251
8450
107
140
10640
11054
236769
236832
236819
236764
236743
236770
236828
236764
236743
236770
236819
236764
236743
236778
236771
236764
21652
236778
236764
236743
236832
779
568
236819
236764
236743
236819
779
568
236770
236771
236764
236743
236770
236810
779
568
236770
236832
236764
236743
236778
236778
779
568
236778
236812
236764
236743
236778
236832
779
568
236778
236819
236764
236743
236800
236800
779
568
236800
236810
236764
236743
236800
236832
779
568
236800
236828
236764
236743
236812
236771
779
568
236812
236778
236764
236743
236812
236800
779
568
236812
236812
236764
236743
236812
236832
779
568
236812
236819
236764
236743
236810
236770
779
568
236810
236778
236764
236743
236810
236800
779
568
236810
236812
236764
236743
236810
236810
779
568
236810
236825
236764
236743
236825
236771
779
568
236825
236778
236764
236743
236825
236832
779
568
236825
236828
236764
236743
236832
236771
779
568
236832
236770
236764
236743
236832
236812
779
568
236832
236825
236764
236743
236832
236828
44538
1251
8450
107
140
10640
11054
236769
236770
236778
236819
236764
236743
236770
236825
236764
236743
236770
236764
236743
236810
236764
21652
236778
236764
236743
236778
779
568
236800
236764
236743
236812
779
568
236825
236764
236743
236832
779
568
236828
236764
236743
236770
236771
779
568
236770
236770
236764
236743
236770
236770
779
568
236770
236800
236764
236743
236770
236800
779
568
236770
236810
236764
236743
236770
236832
779
568
236770
236819
236764
236743
236778
236771
779
568
236778
236770
236764
236743
236778
236800
779
568
236778
236810
236764
236743
236778
236832
779
568
236778
236819
236764
236743
236800
236771
779
568
236800
236778
236764
236743
236800
236812
779
568
236800
236810
236764
236743
236800
236810
779
568
236800
236832
236764
236743
236800
236832
779
568
236800
236828
236764
236743
236800
236828
779
568
236800
236819
236764
236743
236812
236770
44538
1251
8450
107
140
10640
11054
236769
236800
236771
236764
236743
236778
236828
236764
236743
236770
236764
236743
236770
236764
21652
236778
236764
236743
236778
779
568
236800
236764
236743
236800
779
568
236812
236764
236743
236812
779
568
236810
236764
236743
236810
779
568
236825
236764
236743
236825
779
568
236832
236764
236743
236832
779
568
236828
236764
236743
236828
779
568
236819
236764
236743
236819
779
568
236770
236771
236764
236743
236770
236771
779
568
236770
236770
236764
236743
236770
236770
779
568
236770
236778
236764
236743
236770
236778
779
568
236770
236800
236764
236743
236770
236800
779
568
236770
236812
236764
236743
236770
236812
779
568
236770
236810
236764
236743
236770
236810
779
568
236770
236825
236764
236743
236770
236825
779
568
236770
236832
236764
236743
236770
236832
779
568
236770
236828
236764
236743
236770
236828
779
568
236770
236819
236764
236743
236770
236819
779
568
236778
236771
236764
236743
236778
236771
779
568
236778
236770
236764
236743
236778
236770
779
568
236778
236778
236764
236743
236778
236778
779
568
236778
236800
236764
236743
236778
236800
779
568
236778
236812
236764
236743
236778
236812
779
568
236778
236810
236764
236743
236778
236810
779
568
236778
236825
236764
236743
236778
236825
779
568
236778
236832
236764
236743
236778
236832
779
568
236778
236828
236764
236743
236778
236828
779
568
236778
236819
236764
236743
236778
236819
44538
1251
8450
107
140
10640
11054
236769
236770
236771
236812
236764
236743
236778
236764
236743
236810
236764
236743
236770
236810
236764
21652
236778
236764
236743
236812
779
568
236825
236764
236743
236825
44538
1251
6288
107
140
10640
11054
236769
236812
236819
236764
236743
236800
236764
236743
236770
236828
236764
236743
236778
236771
236764
21652
236778
236764
236743
236800
779
568
236810
236764
236743
236832
779
568
236828
236764
236743
236770
236770
44538
1251
8450
107
140
10640
11054
236769
236825
236810
236764
236743
236828
236764
236743
236770
236800
236764
236743
236770
236800
236764
21652
236778
236764
236743
236800
779
568
236812
236764
236743
236810
779
568
236832
236764
236743
236832
779
568
236819
236764
236743
236770
236771
779
568
236770
236770
236764
236743
236770
236770
779
568
236770
236800
236764
236743
236770
236812
779
568
236770
236810
236764
236743
236770
236810
779
568
236770
236832
236764
236743
236770
236828
44538
1251
8450
107
140
10640
11054
236769
236819
236771
236764
236743
236812
236764
236743
236770
236828
236764
236743
236778
236771
236764
21652
236778
236764
236743
236810
779
568
236825
236764
236743
236832
779
568
236828
236764
236743
236819
779
568
236770
236771
236764
236743
236770
236771
44538
1251
8450
107
140
10640
11054
236769
236770
236771
236825
236764
236743
236832
236764
236743
236770
236828
236764
236743
236770
236828
236764
21652
236778
236764
236743
236800
779
568
236812
236764
236743
236810
779
568
236825
236764
236743
236832
779
568
236828
236764
236743
236828
779
568
236770
236771
236764
236743
236770
236770
779
568
236770
236778
236764
236743
236770
236800
779
568
236770
236812
236764
236743
236770
236810
44538
1251
8450
107
140
10640
11054
236769
236770
236828
236810
236764
236743
236825
236764
236743
236770
236828
236764
236743
236770
236828
236764
21652
236778
236764
236743
236778
779
568
236800
236764
236743
236800
779
568
236810
236764
236743
236810
779
568
236825
236764
236743
236825
779
568
236832
236764
236743
236832
779
568
236819
236764
236743
236819
44538
1251
8450
107
140
10640
11054
236769
236812
236819
236764
236743
236825
236764
236743
236770
236819
236764
236743
236770
236819
236764
21652
236778
236764
236743
236812
779
568
236810
236764
236743
236832
779
568
236819
236764
236743
236819
779
568
236770
236771
236764
236743
236770
236778
779
568
236770
236800
236764
236743
236770
236800
779
568
236770
236810
236764
236743
236770
236832
44538
1251
8450
107
140
10640
11054
236769
236770
236828
236812
236764
236743
236800
236771
236764
236743
236810
236764
236743
236770
236825
236764
21652
236778
236764
236743
236778
779
568
236812
236764
236743
236812
779
568
236825
236764
236743
236825
779
568
236828
236764
236743
236828
779
568
236770
236771
236764
236743
236770
236771
779
568
236770
236778
236764
236743
236770
236778
779
568
236770
236812
236764
236743
236770
236812
779
568
236770
236810
236764
236743
236770
236810
779
568
236770
236825
236764
236743
236770
236825
779
568
236770
236832
236764
236743
236770
236832
779
568
236770
236828
236764
236743
236770
236828
779
568
236778
236771
236764
236743
236778
236771
779
568
236778
236778
236764
236743
236778
236778
779
568
236778
236800
236764
236743
236778
236800
779
568
236778
236812
236764
236743
236778
236812
779
568
236778
236810
236764
236743
236778
236810
779
568
236778
236832
236764
236743
236778
236832
779
568
236778
236819
236764
236743
236778
236819
779
568
236800
236770
236764
236743
236800
236770
779
568
236800
236778
236764
236743
236800
236778
779
568
236800
236800
236764
236743
236800
236800
779
568
236800
236810
236764
236743
236800
236810
779
568
236800
236832
236764
236743
236800
236832
779
568
236800
236819
236764
236743
236800
236819
779
568
236812
236771
236764
236743
236812
236771
779
568
236812
236770
236764
236743
236812
236770
779
568
236812
236778
236764
236743
236812
236778
779
568
236812
236800
236764
236743
236812
236800
779
568
236812
236810
236764
236743
236812
236810
779
568
236812
236832
236764
236743
236812
236832
44538
1251
6288
108
236865
6890
2426
236769
4881
236779
26358
236779
643
236768
531
1845
7713
236761
107
2717
106
107
105
4368
107
2717
6719
107
2543
28751
1419
4361
236764
76272
109
2063
740
236779
26358
236779
643
236769
236749
236787
801
236764
520
236787
801
236764
496
236787
801
236764
518
236787
801
236764
4287
236779
95829
236787
4361
236840
36805
236840
720
236764
801
32215
3921
7014
236787
107
140
12234
32814
768
625
236789
236751
2653
531
2827
699
6281
236743
236770
531
6281
646
684
26654
28236
236761
107
140
107
140
3810
659
646
23441
19587
528
496
2050
236764
26777
236743
236770
531
646
236761
1599
1502
657
6281
236743
236770
532
1461
531
5370
6281
646
236761
107
140
902
1546
2827
236764
768
611
236789
500
657
6281
1123
236764
611
740
9212
531
6281
1123
900
858
1298
236787
107
140
236772
496
6605
858
6605
518
107
140
236772
1123
900
858
6605
538
107
140
236772
6281
1123
900
858
563
711
528
1027
529
506
4287
20312
107
140
107
140
236776
6281
673
563
4287
768
993
7519
1070
8448
568
236752
236779
236747
236764
637
236779
236747
236768
1288
600
537
236779
236747
6605
673
6605
637
236779
236747
236761
107
140
107
140
13432
236787
107
144
236749
236787
669
1548
529
23441
568
236778
6605
538
6605
236743
236770
236771
236884
236770
236778
236768
107
144
236757
236787
669
1548
529
4287
20312
568
236771
6605
520
6605
236743
236778
236829
236770
236771
236884
236812
236768
107
144
236746
236787
669
7081
9212
2425
568
236770
6605
496
6605
518
6605
236743
236778
236771
236768
107
144
236763
236787
669
5783
9212
2425
107
144
15242
236779
95829
236787
4361
529
119743
568
236752
236779
236747
236764
637
236779
236747
236768
13855
4287
20312
236761
107
158
818
20312
659
19372
532
1908
236772
208702
236761
107
140
107
140
42652
236787
107
144
4339
768
625
236789
236751
2653
531
5370
6281
538
699
6281
236743
236770
236764
8450
7394
236761
107
140
107
140
22539
740
236779
26358
236779
643
236769
236778
236812
236764
236743
236778
236764
236743
236800
236764
236743
236810
236764
21652
236832
236764
236743
236828
779
568
236770
236832
236764
236743
236778
236771
44538
107
140
4339
107
140
22539
740
236779
26358
236779
643
236769
236800
236771
236764
236743
236770
236764
236743
236810
236764
236743
236828
236764
21652
236812
236764
236743
236778
236812
44538
107
140
9277
107
140
22539
740
236779
26358
236779
643
236769
236770
236771
236771
236764
236743
236812
236764
236743
236770
236771
236764
236743
236770
236770
236764
21652
236770
236825
236764
236743
236770
236828
779
568
236800
236819
236764
236743
236812
236778
779
568
236810
236771
236764
236743
236810
236810
779
568
236819
236800
236764
236743
236819
236819
44538
107
140
4339
107
140
12234
107
140
107
140
2063
563
236779
15242
236769
13503
1473
107
144
1708
537
236764
637
528
4287
236779
95829
236787
107
148
584
537
6605
6281
6605
637
236787
107
152
2060
6288
107
144
2060
8450
107
140
107
140
236809
578
870
236770
236842
107
140
53227
578
642
236770
236783
107
140
107
140
6858
3752
236787
107
144
24902
578
3752
236761
7568
236769
236771
236768
107
144
107
144
584
25108
1251
538
236787
107
148
2060
6288
107
144
107
144
1708
858
528
2644
236769
236746
236764
518
900
236743
236770
1473
107
148
4874
236779
1163
578
25108
900
858
107
148
107
148
584
2148
236779
1163
6605
538
532
711
563
236779
15242
236769
4874
236779
1163
236768
532
2148
236779
1163
711
528
13896
236787
107
152
236809
236761
3770
236769
4874
236779
1163
236768
107
152
53227
236761
1282
236769
4874
236779
1163
236768
107
140
107
140
2060
8450
107
2717
106
107
105
2364
107
11069
3527
5686
8428
506
7713
236761
5715
236789
236751
506
3165
236787
107
236820
1999
756
118821
236779
1389
236761
2349
4917
115217
236761
18582
236761
140774
13688
3494
9946
17714
51422
855
1308
236743
236800
236771
9093
110
2021
136030
236764
672
563
822
4209
236787
8847
506
2269
1292
14187
532
6484
2383
236764
6340
4144
506
1292
4970
532
1786
784
506
7713
236761
5213
10009
5244
98977
4455
232116
99382
108
3048
1374
20151
506
3393
611
12269
528
496
137349
3393
3355
568
1930
31608
236768
568
20890
795
85025
506
3303
5151
236768
106
107
105
4368
107
2717
6719
107
2543
28751
1419
4361
236764
76272
109
2063
740
236779
26358
236779
643
236769
236749
236787
801
236764
520
236787
801
236764
496
236787
801
236764
518
236787
801
236764
4287
236779
95829
236787
4361
236840
36805
236840
720
236764
801
32215
3921
7014
236787
107
140
12234
32814
768
625
236789
236751
2653
531
2827
699
6281
236743
236770
531
6281
646
684
26654
28236
236761
107
140
107
140
3810
659
646
23441
19587
528
496
2050
236764
26777
236743
236770
531
646
236761
1599
1502
657
6281
236743
236770
532
1461
531
5370
6281
646
236761
107
140
902
1546
2827
236764
768
611
236789
500
657
6281
1123
236764
611
740
9212
531
6281
1123
900
858
1298
236787
107
140
236772
496
6605
858
6605
518
107
140
236772
1123
900
858
6605
538
107
140
236772
6281
1123
900
858
563
711
528
1027
529
506
4287
20312
107
140
107
140
236776
6281
673
563
4287
768
993
7519
1070
8448
568
236752
236779
236747
236764
637
236779
236747
236768
1288
600
537
236779
236747
6605
673
6605
637
236779
236747
236761
107
140
107
140
13432
236787
107
144
236749
236787
669
1548
529
23441
568
236778
6605
538
6605
236743
236770
236771
236884
236770
236778
236768
107
144
236757
236787
669
1548
529
4287
20312
568
236771
6605
520
6605
236743
236778
236829
236770
236771
236884
236812
236768
107
144
236746
236787
669
7081
9212
2425
568
236770
6605
496
6605
518
6605
236743
236778
236771
236768
107
144
236763
236787
669
5783
9212
2425
107
144
15242
236779
95829
236787
4361
529
119743
568
236752
236779
236747
236764
637
236779
236747
236768
13855
4287
20312
236761
107
158
818
20312
659
19372
532
1908
236772
208702
236761
107
140
107
140
42652
236787
107
144
4339
768
625
236789
236751
2653
531
5370
6281
538
699
6281
236743
236770
236764
8450
7394
236761
107
140
107
140
22539
740
236779
26358
236779
643
236769
236778
236812
236764
236743
236778
236764
236743
236800
236764
236743
236810
236764
21652
236832
236764
236743
236828
779
568
236770
236832
236764
236743
236778
236771
44538
107
140
4339
107
140
22539
740
236779
26358
236779
643
236769
236800
236771
236764
236743
236770
236764
236743
236810
236764
236743
236828
236764
21652
236812
236764
236743
236778
236812
44538
107
140
9277
107
140
22539
740
236779
26358
236779
643
236769
236770
236771
236771
236764
236743
236812
236764
236743
236770
236771
236764
236743
236770
236770
236764
21652
236770
236825
236764
236743
236770
236828
779
568
236800
236819
236764
236743
236812
236778
779
568
236810
236771
236764
236743
236810
236810
779
568
236819
236800
236764
236743
236819
236819
44538
107
140
4339
107
140
12234
107
140
107
140
2063
563
236779
15242
236769
13503
1473
107
144
1708
537
236764
637
528
4287
236779
95829
236787
107
148
584
537
6605
6281
6605
637
236787
107
152
2060
6288
107
144
2060
8450
107
140
107
140
584
538
1251
236743
236770
236787
107
144
2060
6288
108
140
236809
578
870
236770
236842
107
140
53227
578
642
236770
236783
107
140
107
140
6858
3752
236787
107
144
24902
578
3752
236761
7568
236769
236771
236768
107
144
107
144
584
25108
1251
538
236787
107
148
2060
6288
107
144
107
144
1708
858
528
2644
236769
236746
236764
518
900
236743
236770
1473
107
148
4874
236779
1163
578
25108
900
858
107
148
107
148
584
2148
236779
1163
6605
538
532
711
563
236779
15242
236769
4874
236779
1163
236768
532
2148
236779
1163
711
528
13896
236787
107
152
236809
236761
3770
236769
4874
236779
1163
236768
107
152
53227
236761
1282
236769
4874
236779
1163
236768
107
140
107
140
2060
8450
107
2717
106
107